2 0.325563 0.311179 0.083457 0.0587382 0.831719
2 0.325912 0.311509 0.0825958 0.059795 0.823376
2 0.325469 0.311357 0.0829571 0.0593753 0.771423
2 0.324954 0.311058 0.0835277 0.0586774 0.749149
2 0.325922 0.311318 0.0837101 0.0601365 0.738683
2 0.324769 0.311331 0.0838911 0.0593592 0.703984
2 0.324984 0.310919 0.0840121 0.0601614 0.681616
2 0.325083 0.310839 0.0835857 0.0593817 0.667966
2 0.0228766 0.326191 0.0456705 0.0486336 0.649638
2 0.0227613 0.325497 0.0454995 0.0518024 0.645687
2 0.0873259 0.327907 0.0816464 0.0518164 0.633009
2 0.0222572 0.326913 0.0445144 0.0489428 0.623769
2 0.0853115 0.327901 0.0792819 0.051561 0.605215
2 0.0885685 0.327027 0.085499 0.0521886 0.581206
2 0.0231449 0.324641 0.0460865 0.0525349 0.57972
2 0.325053 0.310915 0.0841761 0.060773 0.573542
2 0.0867716 0.327528 0.0810768 0.0514528 0.561262
12 0.0768131 0.613205 0.0245181 0.0741386 0.558123
2 0.0879408 0.327607 0.0852921 0.0529226 0.549259
12 0.0768206 0.612837 0.0247809 0.0746332 0.547738
2 0.0225043 0.326343 0.0450085 0.0497759 0.540597
2 0.02275 0.325944 0.0454999 0.0498884 0.526304
2 0.087932 0.327672 0.0832084 0.0513863 0.522927
12 0.0767582 0.612367 0.0244236 0.074355 0.515719
2 0.0822183 0.326941 0.0721527 0.0519075 0.508836
2 0.0228299 0.326989 0.0454502 0.0473012 0.50365
2 0.0228303 0.325707 0.0455846 0.0511735 0.492775
12 0.07667 0.612619 0.024923 0.0745287 0.470341
2 0.0859901 0.327538 0.0805656 0.0514959 0.467822
2 0.398207 0.341054 0.114136 0.0599421 0.46371
2 0.397809 0.340249 0.113323 0.0605573 0.426815
2 0.0223374 0.326931 0.0446747 0.0485471 0.426376
2 0.399451 0.34074 0.112978 0.0584372 0.411774
2 0.0889994 0.327771 0.0884132 0.0535738 0.410154
2 0.0225392 0.328299 0.0449948 0.0462431 0.405078
2 0.398868 0.347073 0.113974 0.0482316 0.385081
2 0.399142 0.349885 0.113557 0.0425783 0.381556
2 0.398132 0.343623 0.113309 0.0549369 0.356496
2 0.399271 0.340468 0.113445 0.0591708 0.355023
2 0.398912 0.340991 0.111982 0.0589346 0.315422
2 0.0850753 0.326934 0.0777013 0.0520547 0.301751
0 0.831938 0.300173 0.032723 0.0505389 0.285838
2 0.39949 0.345855 0.114205 0.051831 0.284935
2 0.0877284 0.328852 0.083251 0.0482398 0.281988
2 0.398177 0.353198 0.108633 0.0366343 0.268241
2 0.0221634 0.328719 0.0442299 0.0448632 0.265807
2 0.399497 0.35418 0.11047 0.03753 0.247002
13 0.267158 0.778579 0.53354 0.187556 0.246339
12 0.0771002 0.613425 0.024702 0.0737732 0.242298
2 0.401563 0.340539 0.105956 0.058592 0.240786
2 0.396365 0.354216 0.101946 0.0380646 0.235499
12 0.0770943 0.615056 0.0251255 0.0707073 0.229564
2 0.398164 0.339394 0.112206 0.057954 0.22941
13 0.266864 0.769327 0.532573 0.167969 0.206075
0 0.75447 0.302883 0.0162516 0.0468766 0.204722
0 0.654611 0.297008 0.0196409 0.0546292 0.2001
2 0.397289 0.334962 0.110609 0.0471787 0.198553
0 0.754584 0.303402 0.0160325 0.0460607 0.196943
4 0.26899 0.783122 0.534486 0.199012 0.195044
2 0.401036 0.337688 0.107753 0.0547939 0.193854
13 0.267867 0.773404 0.533572 0.177612 0.192091
2 0.410516 0.328777 0.0837922 0.0349528 0.175336
2 0.410624 0.331831 0.0830627 0.0407121 0.166032
0 0.831926 0.299703 0.0329035 0.0501181 0.164992
2 0.395806 0.35354 0.102398 0.0372112 0.164988
13 0.267809 0.779842 0.535225 0.190747 0.162056
2 0.324744 0.311103 0.0834766 0.0618155 0.160151
0 0.192151 0.267363 0.0131546 0.0405736 0.159883
13 0.267108 0.776008 0.532849 0.181649 0.159841
2 0.400618 0.353948 0.114579 0.0386359 0.15938
0 0.192878 0.267885 0.0120253 0.0399144 0.159265
0 0.831594 0.299907 0.0323223 0.0498872 0.15852
0 0.740652 0.3001 0.0195087 0.0465323 0.155021
0 0.754303 0.303629 0.0152439 0.0462667 0.15262
0 0.770328 0.304323 0.0200196 0.0381766 0.151977
0 0.741753 0.301134 0.0198786 0.0482428 0.144905
2 0.4117 0.326596 0.0782272 0.030414 0.142063
2 0.325247 0.311131 0.0843746 0.0594838 0.137614
0 0.746325 0.302709 0.0197926 0.0484697 0.132132
2 0.404219 0.339324 0.102745 0.0591838 0.131455
0 0.257373 0.287686 0.0122275 0.0276276 0.131388
0 0.0643756 0.212572 0.0131846 0.0316967 0.131226
0 0.83207 0.299828 0.0331087 0.0495963 0.13027
2 0.0221828 0.328951 0.0443656 0.0444578 0.129019
2 0.400406 0.352724 0.105057 0.0367447 0.128588
0 0.70417 0.294397 0.0162252 0.0572678 0.126647
2 0.0234473 0.322187 0.0468947 0.0581035 0.1258
2 0.3946 0.336073 0.10683 0.0504758 0.125253
0 0.0648683 0.213502 0.0129884 0.034858 0.123096
0 0.770643 0.304228 0.0204275 0.0372686 0.12286
13 0.266738 0.76473 0.532412 0.158435 0.122595
2 0.0898567 0.327033 0.0878288 0.0531163 0.120859
0 0.704553 0.292057 0.0144665 0.0545824 0.120596
0 0.832004 0.299675 0.0332415 0.0496959 0.120062
2 0.395266 0.340642 0.106971 0.060331 0.119791
0 0.064942 0.212717 0.0127498 0.0350142 0.11926
2 0.41205 0.327294 0.0764217 0.0310764 0.11813
2 0.265644 0.76478 0.5303 0.157149 0.116068
0 0.258355 0.288274 0.0121076 0.0286041 0.115388
2 0.40551 0.334234 0.0921994 0.0457074 0.115192
2 0.838536 0.24824 0.0541903 0.0352217 0.110802
0 0.787581 0.299112 0.0175229 0.0429688 0.107409
0 0.650382 0.281726 0.0195087 0.080191 0.107191
0 0.831851 0.299896 0.0330055 0.0492567 0.106289
0 0.698539 0.295517 0.0197003 0.0584139 0.102066
0 0.652094 0.288557 0.0229965 0.070199 0.101883
0 0.654397 0.297906 0.0195217 0.0554017 0.0999438
2 0.404332 0.339767 0.101856 0.0563574 0.099401
0 0.879318 0.226987 0.0201611 0.0357944 0.0986216
3 0.832314 0.300282 0.0324427 0.0499956 0.0983944
0 0.883909 0.269072 0.0230335 0.0528195 0.0979588
0 0.655225 0.294792 0.0190311 0.0531861 0.097781
0 0.19204 0.266008 0.013683 0.0415965 0.0973019
0 0.651642 0.283717 0.0232502 0.0780661 0.0949321
2 0.915948 0.240268 0.0242544 0.0185372 0.0935791
0 0.78793 0.29999 0.018558 0.0421164 0.0916525
0 0.769462 0.304163 0.0227535 0.0394618 0.0906048
0 0.741707 0.297473 0.0181531 0.0428883 0.0905527
2 0.832282 0.30016 0.0330368 0.0506355 0.0902909
0 0.788057 0.300039 0.0169983 0.0416129 0.0865304
12 0.0784037 0.613303 0.0279992 0.0758652 0.0861196
0 0.883146 0.266619 0.0241699 0.0566594 0.085531
3 0.832691 0.301115 0.0330042 0.0493735 0.0849871
2 0.839141 0.253074 0.0514036 0.0269229 0.0839142
0 0.700182 0.296097 0.0215479 0.061362 0.0831934
0 0.0357944 0.282088 0.0222676 0.0360434 0.0818702
0 0.702826 0.295364 0.0180931 0.0583525 0.0817324
0 0.0361073 0.281558 0.0219468 0.0357882 0.0807937
0 0.880659 0.227235 0.0223381 0.0337111 0.0803708
0 0.0100205 0.261507 0.0175201 0.0571411 0.0791659
13 0.267736 0.780857 0.535472 0.193897 0.0782953
4 0.268105 0.78222 0.534835 0.199395 0.0767625
4 0.267708 0.78293 0.535415 0.196946 0.0764586
0 0.754432 0.301817 0.0167173 0.0490612 0.0756438
0 0.0376748 0.28149 0.0205035 0.0364342 0.0737279
0 0.0383655 0.281933 0.0211289 0.0371157 0.073611
0 0.653568 0.279461 0.0215803 0.0668649 0.072953
0 0.831382 0.300241 0.0308697 0.0491933 0.0727676
9 0.344113 0.159773 0.0296067 0.0445021 0.0725161
3 0.832053 0.30045 0.0330631 0.0497545 0.0714528
9 0.0760358 0.612383 0.0215453 0.0744289 0.0682925
3 0.832296 0.301023 0.0321457 0.049394 0.0682603
2 0.40985 0.32593 0.0754874 0.0286523 0.06795
0 0.0369751 0.282282 0.0174723 0.0390086 0.0667925
9 0.0761889 0.612869 0.0226374 0.0753769 0.0667608
0 0.654591 0.289108 0.0218443 0.0692936 0.066267
0 0.65494 0.289713 0.0228021 0.0714027 0.0648336
5 0.117001 0.137186 0.234001 0.161672 0.0647061
0 0.759999 0.304666 0.0216818 0.0430223 0.0642108
0 0.0361991 0.28215 0.0234472 0.0379467 0.0621441
9 0.342343 0.158819 0.0260427 0.0422132 0.062041
0 0.260784 0.288515 0.0118112 0.026484 0.0611615
0 0.884415 0.266511 0.0258072 0.0594113 0.058494
2 0.0888125 0.327237 0.085788 0.0512505 0.0571698
0 0.789579 0.296572 0.0141195 0.0342369 0.0565283
0 0.695797 0.286 0.0148727 0.038129 0.0555866
0 0.457055 0.29299 0.0191896 0.0473742 0.0554883
0 0.0623947 0.211725 0.0148547 0.0374891 0.0552378
2 0.400124 0.351619 0.0900193 0.0355846 0.0550698
9 0.342582 0.15024 0.0255616 0.0249021 0.0539973
2 0.838799 0.244209 0.0525692 0.043276 0.0537269
0 0.788099 0.301796 0.0182864 0.0405418 0.0534759
0 0.457118 0.287057 0.0188808 0.0384233 0.0533531
5 0.116874 0.138092 0.233747 0.165596 0.0531882
12 0.0795466 0.613292 0.030403 0.0772575 0.05287
0 0.832227 0.299966 0.0329382 0.0499536 0.0526462
2 0.412277 0.326685 0.0750245 0.029707 0.0524694
5 0.117164 0.138024 0.234329 0.16188 0.0515252
0 0.788317 0.301909 0.0199541 0.0402781 0.0512182
0 0.0647113 0.214775 0.0152335 0.0370047 0.0511207
0 0.648976 0.272772 0.0156755 0.0663025 0.051055
0 0.062471 0.212805 0.0149316 0.0372205 0.0501323
2 0.910297 0.241146 0.0343304 0.0187853 0.0497707
0 0.648754 0.269536 0.0150503 0.0619496 0.0490227
0 0.883209 0.271824 0.0233685 0.0556353 0.0483571
0 0.701696 0.297418 0.0187441 0.0603907 0.047659
0 0.881633 0.26389 0.0262663 0.0555016 0.0468333
2 0.837889 0.244173 0.0523434 0.0442026 0.0461804
2 0.832908 0.241705 0.0678051 0.0477065 0.0454924
12 0.0784067 0.613695 0.0278686 0.0778265 0.0450469
0 0.880865 0.249675 0.0269272 0.0778446 0.0448323
5 0.117029 0.137655 0.233798 0.162051 0.0443352
0 0.706592 0.284567 0.0126995 0.0460185 0.0443343
0 0.0373121 0.281781 0.0221569 0.0377636 0.0439892
2 0.731024 0.237788 0.0171188 0.0248118 0.0427745
0 0.883359 0.265757 0.0261806 0.0575336 0.0426098
2 0.404856 0.338427 0.0993473 0.052139 0.042346
0 0.789669 0.300822 0.0218237 0.040358 0.0417137
9 0.352202 0.161134 0.0159581 0.0414305 0.0415938
2 0.832391 0.247239 0.0672833 0.036129 0.041542
0 0.124657 0.313923 0.0203274 0.0615135 0.0411096
0 0.00889484 0.266962 0.0172172 0.0595493 0.0408391
0 0.457389 0.288933 0.0179521 0.0401332 0.0402353
0 0.759709 0.303373 0.021067 0.0440456 0.0389601
0 0.350765 0.339398 0.0215694 0.0420887 0.0388123
2 0.402687 0.354568 0.110861 0.0405118 0.038271
2 0.916708 0.238368 0.0227562 0.0197608 0.0377946
2 0.851115 0.255741 0.0263214 0.0209854 0.0370113
0 0.00835818 0.264096 0.0158162 0.0565471 0.0369719
2 0.325298 0.31062 0.0841133 0.0580427 0.0369375
5 0.117159 0.138083 0.234117 0.162055 0.0367915
2 0.731233 0.235613 0.0175207 0.0302921 0.0363305
0 0.125358 0.314078 0.0196628 0.0585922 0.0357428
2 0.905076 0.240485 0.0496178 0.0195704 0.0350656
9 0.0771205 0.623814 0.024948 0.0535364 0.0349664
0 0.742338 0.29834 0.0202278 0.046766 0.0349302
0 0.267091 0.290377 0.011762 0.0256441 0.0346504
0 0.876716 0.225604 0.0190084 0.0369612 0.0344535
0 0.882292 0.264786 0.0268509 0.0522349 0.034252
0 0.0082901 0.273697 0.0165146 0.0486695 0.0337786
0 0.876211 0.227482 0.0184113 0.0363695 0.0327269
0 0.700104 0.299033 0.0193245 0.063678 0.032616
0 0.0582176 0.282854 0.0107437 0.0320936 0.03205
9 0.077503 0.622306 0.0246528 0.0562717 0.0319855
5 0.116938 0.144833 0.233876 0.176079 0.0317246
0 0.061821 0.282525 0.0113488 0.0368476 0.0316253
9 0.910636 0.0364701 0.0211403 0.0704841 0.0312794
0 0.190949 0.266648 0.0134365 0.04045 0.0306875
0 0.744081 0.301267 0.0240459 0.0487131 0.0303882
0 0.983166 0.261583 0.0166918 0.0539439 0.0301934
0 0.124366 0.314593 0.0207702 0.057313 0.030067
0 0.651743 0.295815 0.0210415 0.058594 0.0297243
3 0.230328 0.305904 0.0182232 0.0297079 0.0289492
0 0.443141 0.793754 0.0339231 0.164357 0.0286976
2 0.907069 0.238956 0.0405993 0.0219456 0.0286959
0 0.738427 0.29801 0.0219997 0.0419161 0.0284013
5 0.117489 0.138491 0.234979 0.165015 0.028176
9 0.34385 0.159775 0.029347 0.0439252 0.0281667
0 0.123328 0.315528 0.0224464 0.0589609 0.0277534
0 0.654615 0.281633 0.024402 0.0792319 0.0276702
0 0.359361 0.333651 0.0348344 0.0307315 0.027363
0 0.982833 0.250777 0.0139524 0.0319272 0.0271137
0 0.266258 0.288446 0.0111002 0.0287645 0.0268676
2 0.410501 0.32992 0.083366 0.0325991 0.0268525
0 0.983109 0.267792 0.0191973 0.0686656 0.0262875
0 0.649718 0.271714 0.0180618 0.065624 0.0260687
0 0.230854 0.306212 0.0203474 0.0340524 0.0255865
0 0.64752 0.262732 0.0149781 0.052273 0.0254639
9 0.344257 0.160152 0.0294915 0.0453887 0.0252304
9 0.386238 0.167017 0.0179661 0.0226589 0.0249486
5 0.1169 0.136591 0.233556 0.166139 0.0249342
0 0.787903 0.297224 0.0155732 0.0440427 0.0247469
0 0.36568 0.33145 0.0270072 0.0194034 0.0243282
2 0.396641 0.325837 0.0975152 0.0303766 0.0243086
0 0.0574842 0.284486 0.0116302 0.0300116 0.0242736
0 0.125473 0.3107 0.0194015 0.0522891 0.0242199
0 0.00726399 0.262467 0.0144153 0.0562433 0.0242138
0 0.707381 0.291781 0.0173122 0.0569935 0.0239172
0 0.883099 0.264272 0.0262051 0.0543188 0.0237386
3 0.230312 0.306033 0.0191211 0.0297793 0.0233874
9 0.387824 0.168339 0.017308 0.0191008 0.0233536
4 0.464608 0.783835 0.143314 0.19961 0.02326
0 0.786932 0.296602 0.016113 0.0437271 0.0232572
3 0.832272 0.301197 0.032683 0.0497639 0.0232121
2 0.838183 0.242428 0.0475319 0.044903 0.0230079
0 0.137319 0.265728 0.0125924 0.03302 0.0227297
0 0.0652904 0.209298 0.0147999 0.0369591 0.0226288
0 0.651209 0.273427 0.0198128 0.0651299 0.0225576
2 0.230072 0.304986 0.0204149 0.03198 0.0220851
0 0.292743 0.28825 0.0172511 0.025429 0.0219855
0 0.738813 0.299645 0.0242647 0.0433386 0.0216663
2 0.363057 0.34286 0.0438614 0.0450981 0.0216179
4 0.269625 0.782264 0.532104 0.197791 0.0214331
2 0.105374 0.322408 0.0597288 0.0538081 0.0212869
0 0.885206 0.271269 0.0258076 0.0552203 0.0204922
0 0.233798 0.269778 0.0130906 0.0371789 0.0198821
0 0.358627 0.341822 0.0348217 0.0417457 0.019241
0 0.879646 0.263816 0.028676 0.052848 0.0190109
0 0.87995 0.243932 0.0276688 0.0665217 0.0189913
0 0.785957 0.303051 0.0223557 0.0405263 0.018733
2 0.256956 0.758083 0.51324 0.143489 0.0185417
0 0.989455 0.287512 0.0204571 0.0320878 0.0185108
0 0.879277 0.267255 0.0283918 0.0534922 0.0183898
2 0.121998 0.316137 0.0250271 0.0568333 0.0181741
0 0.959262 0.243135 0.0116833 0.0199772 0.0174334
0 0.231223 0.299849 0.0212063 0.0347185 0.0173763
5 0.124838 0.177262 0.0290007 0.0362823 0.0173169
9 0.91124 0.0378289 0.0233139 0.0746212 0.0171566
5 0.117055 0.175239 0.23411 0.236894 0.0171345
0 0.8801 0.256577 0.0280926 0.0601201 0.0169712
2 0.84016 0.249472 0.0509792 0.0348653 0.0169121
5 0.118122 0.137752 0.234186 0.163154 0.0167733
9 0.224764 0.153697 0.0146886 0.0222824 0.0166675
2 0.0147505 0.318141 0.0294284 0.0505085 0.016438
0 0.705261 0.295862 0.0217516 0.0612529 0.0162955
0 0.982429 0.288212 0.0140585 0.031432 0.0162596
4 0.269708 0.784076 0.533418 0.202636 0.016047
0 0.0100695 0.262722 0.0195798 0.0644593 0.0159372
9 0.228019 0.156165 0.0117436 0.024499 0.0159092
0 0.0623613 0.214579 0.0160191 0.0384155 0.0157162
2 0.257454 0.763689 0.513117 0.152126 0.0153672
0 0.649208 0.266176 0.0178904 0.0570159 0.015323
0 0.290955 0.286051 0.0172859 0.0300045 0.0152973
0 0.980762 0.284201 0.0158165 0.0384537 0.015242
2 0.120382 0.323052 0.0249169 0.0445889 0.015221
0 0.0588984 0.208788 0.0132858 0.0372367 0.0149302
0 0.883906 0.27011 0.0219791 0.0527649 0.0147206
0 0.962877 0.239797 0.0129795 0.0284729 0.0145295
0 0.441034 0.789358 0.0418334 0.172964 0.0140484
9 0.210313 0.0406696 0.0190081 0.034578 0.0140431
