5 0.896026 0.450264 0.207385 0.573953 0.854726
5 0.896285 0.452205 0.206635 0.577666 0.851857
2 0.881611 0.753133 0.234232 0.361638 0.851771
5 0.896392 0.409366 0.206067 0.493385 0.848962
5 0.896361 0.448515 0.206104 0.571939 0.833275
2 0.881546 0.753332 0.234727 0.361306 0.815256
2 0.881908 0.752516 0.234951 0.360754 0.7951
5 0.896286 0.454394 0.206684 0.585874 0.790833
5 0.895733 0.454595 0.207895 0.587999 0.780968
5 0.896121 0.408556 0.207312 0.493156 0.775664
5 0.896438 0.454688 0.206151 0.583895 0.773009
2 0.881927 0.753098 0.23492 0.361673 0.740548
5 0.896272 0.459685 0.206898 0.5964 0.728794
5 0.896575 0.459347 0.205674 0.594645 0.723636
2 0.881645 0.752498 0.234756 0.362916 0.712301
2 0.88184 0.753296 0.235907 0.362149 0.686084
2 0.881158 0.753309 0.23559 0.361561 0.683804
0 0.0405538 0.3562 0.0330788 0.114638 0.575937
5 0.486742 0.37356 0.0797041 0.156465 0.548705
2 0.881871 0.752364 0.233981 0.362498 0.534831
2 0.669764 0.556944 0.112496 0.201878 0.530568
2 0.669951 0.556833 0.112022 0.202255 0.525984
0 0.0403738 0.356188 0.0326051 0.115094 0.514174
0 0.0407518 0.35647 0.0327964 0.115215 0.508522
2 0.881819 0.752706 0.233082 0.362278 0.506831
0 0.0401488 0.356163 0.0337628 0.114979 0.506264
2 0.669771 0.55608 0.1111 0.198748 0.473807
2 0.669616 0.556966 0.113379 0.203906 0.462312
2 0.669447 0.556898 0.113379 0.204344 0.461144
5 0.48683 0.373647 0.0791677 0.156309 0.444404
2 0.880996 0.752221 0.235445 0.363552 0.444203
2 0.669914 0.556333 0.111481 0.198811 0.427712
5 0.621518 0.368837 0.0929727 0.150475 0.427616
5 0.487206 0.374696 0.0792004 0.157087 0.425878
2 0.974887 0.0486692 0.0496147 0.0510339 0.422229
2 0.974997 0.0488264 0.0492228 0.0501995 0.413615
5 0.7434 0.400738 0.120828 0.181772 0.405079
5 0.743396 0.40074 0.120967 0.182861 0.394788
2 0.974988 0.0490656 0.049254 0.0500662 0.385625
2 0.974563 0.0489568 0.0506763 0.0496162 0.383886
2 0.974399 0.0487804 0.0500759 0.0500007 0.37844
2 0.621917 0.367556 0.0927425 0.149069 0.37415
5 0.743528 0.400605 0.120478 0.182961 0.369115
2 0.974773 0.0490995 0.0498442 0.0507525 0.367018
0 0.0410241 0.357823 0.0296574 0.109705 0.357725
0 0.0405739 0.356512 0.0316989 0.1116 0.356406
2 0.66923 0.555626 0.111062 0.199781 0.350335
5 0.486751 0.373623 0.0792315 0.157505 0.347895
7 0.622104 0.367376 0.0920313 0.148443 0.344218
2 0.621598 0.367889 0.0922499 0.149177 0.336133
2 0.975082 0.0493468 0.0498367 0.0494998 0.334746
2 0.621673 0.368243 0.0924038 0.149837 0.330064
0 0.0409144 0.358059 0.0309002 0.108273 0.32527
2 0.974278 0.0491921 0.0502769 0.0498271 0.322193
5 0.622049 0.367941 0.0925777 0.149186 0.317303
5 0.487192 0.374063 0.0793085 0.156973 0.317067
5 0.486916 0.373957 0.0789835 0.157949 0.315609
5 0.896151 0.405639 0.206682 0.484552 0.311172
0 0.690366 0.126994 0.0245779 0.0655468 0.308013
5 0.742949 0.400793 0.120844 0.181683 0.303383
2 0.622071 0.367175 0.0926314 0.148108 0.301927
2 0.975327 0.0487667 0.0486198 0.0503339 0.293461
0 0.692402 0.126076 0.0216896 0.0630652 0.292367
5 0.74368 0.401056 0.119744 0.183256 0.290383
2 0.976001 0.0494781 0.0472572 0.0495031 0.275623
0 0.692782 0.125399 0.0206314 0.0631579 0.275201
2 0.621959 0.368161 0.0928223 0.149155 0.273157
5 0.743887 0.400631 0.120065 0.183482 0.258249
5 0.743522 0.400898 0.120828 0.184091 0.244632
2 0.668519 0.550075 0.108759 0.18642 0.24326
0 0.685052 0.131285 0.0252034 0.0722761 0.224709
5 0.486681 0.373681 0.0797543 0.157133 0.224645
0 0.789132 0.167179 0.0352501 0.0791944 0.214964
7 0.744112 0.400336 0.118985 0.182752 0.213631
0 0.04277 0.363972 0.0255114 0.0970711 0.206112
0 0.681808 0.12828 0.0174597 0.0648675 0.204211
39 0.522637 0.736919 0.134782 0.320358 0.202739
5 0.74318 0.400896 0.120412 0.18314 0.200174
0 0.683138 0.136631 0.0249294 0.0842871 0.19429
2 0.621606 0.368115 0.0928776 0.149699 0.193309
2 0.976233 0.0512289 0.0467316 0.0473358 0.184154
9 0.127234 0.0261235 0.0135762 0.0224534 0.182385
5 0.486749 0.373129 0.0795506 0.156758 0.175293
0 0.789034 0.166899 0.0354647 0.08014 0.174311
7 0.743665 0.400183 0.120185 0.183202 0.167174
5 0.486811 0.373609 0.0792717 0.157276 0.163886
67 0.376639 0.422725 0.0341459 0.0587639 0.160214
2 0.486636 0.372628 0.0797798 0.155336 0.159426
0 0.786337 0.166785 0.0337779 0.0788157 0.153423
2 0.522699 0.73565 0.133924 0.3193 0.150403
2 0.521991 0.735069 0.132325 0.31769 0.149662
0 0.0396639 0.354093 0.0303638 0.106434 0.148213
0 0.789551 0.167357 0.0348099 0.0797489 0.147655
0 0.785519 0.167419 0.0296835 0.0778199 0.13844
39 0.523187 0.7448 0.130842 0.30963 0.135516
5 0.622003 0.368203 0.0924264 0.150268 0.134503
2 0.66894 0.554011 0.110558 0.194183 0.133774
9 0.127641 0.0273389 0.0129045 0.0227406 0.133363
67 0.37628 0.422414 0.033882 0.0582232 0.133353
2 0.974809 0.048292 0.0496145 0.0501997 0.132292
2 0.521614 0.736008 0.133984 0.318175 0.130763
2 0.669031 0.557094 0.11237 0.203915 0.130762
39 0.520453 0.734963 0.135524 0.318319 0.130292
0 0.68044 0.116439 0.0132059 0.0420811 0.130222
2 0.97688 0.0545591 0.0462399 0.0403688 0.128857
0 0.48503 0.129975 0.0230576 0.0524131 0.124952
2 0.669169 0.562388 0.115269 0.214328 0.120852
39 0.754998 0.89614 0.216663 0.206609 0.108605
39 0.750735 0.89668 0.214837 0.205009 0.108459
0 0.0403341 0.357904 0.033935 0.117721 0.10759
0 0.688907 0.132282 0.0295082 0.0766809 0.107107
67 0.376961 0.423079 0.034309 0.0569193 0.105436
0 0.0774475 0.101679 0.025044 0.0691301 0.100156
0 0.0771737 0.101732 0.0257195 0.0689163 0.0981125
67 0.521905 0.736785 0.13175 0.32219 0.0958023
0 0.485837 0.123337 0.0178533 0.0396865 0.0953918
0 0.491872 0.131584 0.0346228 0.0571191 0.0950332
39 0.523419 0.743697 0.131438 0.311031 0.0941993
39 0.750091 0.89629 0.217316 0.206964 0.0930355
0 0.0440205 0.0867303 0.0158731 0.0436453 0.092263
0 0.687895 0.13563 0.0301736 0.0827179 0.0893669
2 0.59628 0.154031 0.035917 0.0157658 0.0893394
39 0.522809 0.740017 0.131153 0.328089 0.0880738
39 0.75018 0.895753 0.217579 0.207862 0.0873179
0 0.691692 0.128884 0.0201222 0.0636372 0.0854488
67 0.376797 0.42257 0.0338531 0.0584725 0.0849469
0 0.0423721 0.0959232 0.0176799 0.0630517 0.0844554
0 0.0439073 0.37559 0.0252263 0.0737216 0.0828643
0 0.74325 0.0156129 0.0121937 0.0308884 0.0814246
0 0.788044 0.165562 0.0381223 0.0839202 0.0807791
0 0.781675 0.164691 0.0303174 0.0781767 0.0801281
0 0.48948 0.136871 0.0348568 0.0695857 0.0777438
26 0.752731 0.896091 0.217892 0.206977 0.0775097
0 0.094371 0.0853125 0.015526 0.0415359 0.0751513
2 0.969128 0.0492216 0.0400694 0.0440706 0.0746836
0 0.729418 0.0220691 0.0154059 0.0439506 0.0742322
67 0.376295 0.423173 0.0350308 0.0586982 0.0729338
0 0.0393401 0.356971 0.0299519 0.10518 0.0725163
67 0.376992 0.42298 0.0339993 0.0584419 0.0722165
2 0.522677 0.734985 0.133357 0.318371 0.0711845
0 0.487585 0.123681 0.0205553 0.0407666 0.0689135
0 0.742366 0.0153586 0.0110701 0.0304647 0.0686329
39 0.501169 0.785237 0.173729 0.416618 0.0670667
39 0.752711 0.896576 0.214669 0.205918 0.0657518
2 0.595991 0.154123 0.03644 0.0164012 0.0649813
0 0.0774665 0.103949 0.0261395 0.0647985 0.0646695
39 0.754483 0.895635 0.220116 0.208104 0.0646557
2 0.974226 0.0484006 0.0502129 0.0497439 0.0646097
0 0.0739744 0.101387 0.02282 0.0667469 0.0631265
0 0.776342 0.143015 0.022045 0.0661579 0.0628802
0 0.657334 0.0395614 0.0166573 0.0555405 0.0613414
39 0.755771 0.89589 0.220956 0.207779 0.0609003
0 0.491539 0.137947 0.0418018 0.07075 0.0605136
0 0.0395758 0.098472 0.0161462 0.0602728 0.0604621
0 0.729015 0.024478 0.0132908 0.0468426 0.0604032
0 0.657981 0.040963 0.0167546 0.0574892 0.0601708
2 0.59643 0.15632 0.0370029 0.0167388 0.0591833
0 0.777698 0.138304 0.023196 0.0715859 0.0591644
0 0.790884 0.164864 0.0286105 0.0770354 0.0587026
0 0.216678 0.0612838 0.0154674 0.0358583 0.0581594
0 0.0737461 0.101986 0.0233048 0.0664759 0.0576392
0 0.777176 0.139638 0.0238985 0.0721821 0.0569715
39 0.498976 0.785461 0.178392 0.416884 0.0561506
26 0.754691 0.8961 0.220227 0.20735 0.0560177
67 0.522621 0.738974 0.13238 0.326394 0.0556214
0 0.038169 0.338903 0.0278115 0.0741834 0.0554987
28 0.752054 0.896512 0.195582 0.206033 0.0551486
0 0.677871 0.138238 0.0218328 0.0829233 0.0544877
0 0.219277 0.0668735 0.0145119 0.0286752 0.0537148
2 0.285171 0.0598153 0.0375229 0.0257344 0.0535282
0 0.788429 0.166613 0.0388256 0.0841114 0.0533606
0 0.502518 0.149331 0.0196808 0.0367721 0.0532084
0 0.693893 0.144636 0.0147366 0.0341796 0.0530982
39 0.752729 0.895931 0.219136 0.207474 0.0525188
0 0.444611 0.079881 0.0166843 0.0466795 0.0525099
2 0.284753 0.0588619 0.0314879 0.0246094 0.0517791
0 0.444846 0.0791545 0.0167933 0.0473088 0.0507919
0 0.0945426 0.0854028 0.0140349 0.0402426 0.0499815
0 0.490603 0.136856 0.0421352 0.0667239 0.0496977
0 0.677696 0.149339 0.0175686 0.062091 0.0492038
67 0.376849 0.422392 0.0335363 0.0590824 0.0484605
0 0.779365 0.126327 0.0186714 0.0469505 0.0483904
5 0.377065 0.422467 0.033913 0.0582208 0.0482776
2 0.28398 0.0611811 0.0346959 0.0228616 0.0480317
2 0.292222 0.0593911 0.0218345 0.0234993 0.0476495
0 0.0779443 0.0998065 0.0236687 0.0687778 0.0473676
0 0.074273 0.100083 0.0235822 0.0690331 0.0471791
9 0.126088 0.0251679 0.0175598 0.0246191 0.0470955
2 0.281549 0.0598186 0.0268826 0.022223 0.0466004
0 0.786593 0.160491 0.0384535 0.0920989 0.0463335
0 0.491465 0.137441 0.0408957 0.0660378 0.0462414
0 0.0387118 0.3403 0.0279888 0.0764636 0.0446726
0 0.797319 0.16988 0.0237816 0.0736845 0.0442858
0 0.65941 0.0425867 0.018503 0.0566989 0.0438579
0 0.705368 0.0440456 0.0150264 0.0305702 0.0436964
0 0.794959 0.167037 0.027914 0.0774605 0.0413968
0 0.791339 0.169957 0.0346526 0.0740963 0.0412218
0 0.824074 0.0318017 0.0130039 0.039974 0.0411246
0 0.729502 0.0112653 0.0130905 0.0225307 0.0407655
3 0.491151 0.13831 0.0420414 0.0681982 0.0399352
0 0.486829 0.122613 0.0185434 0.0408345 0.0395947
0 0.777839 0.143428 0.0243244 0.0794963 0.0394871
0 0.694264 0.0343326 0.0140957 0.0485316 0.0384615
0 0.694728 0.0397839 0.0137288 0.0377003 0.0381691
0 0.784645 0.170047 0.021955 0.0714345 0.0381653
2 0.978321 0.0540164 0.042577 0.0408721 0.0376712
0 0.737959 0.0160947 0.0120598 0.0321893 0.0368368
39 0.517986 0.773947 0.141187 0.395455 0.0359278
0 0.743892 0.0175928 0.0149595 0.0332367 0.035765
39 0.521612 0.736397 0.134429 0.319777 0.0356608
0 0.0405769 0.0972669 0.0168226 0.0575432 0.0352696
0 0.824296 0.0304164 0.0151272 0.0425913 0.0352261
0 0.656869 0.0392891 0.016321 0.0559868 0.0351438
5 0.896156 0.454918 0.207404 0.592959 0.0349708
0 0.0399147 0.104616 0.0166418 0.0472615 0.0345374
0 0.0386708 0.0988127 0.0185182 0.0591224 0.0344143
0 0.21013 0.0723731 0.0187815 0.0318255 0.034286
0 0.679825 0.136653 0.0255899 0.081772 0.0334508
9 0.125819 0.0283359 0.0169072 0.0266072 0.0330638
0 0.0445844 0.377837 0.0266779 0.06866 0.0318989
0 0.213639 0.0693113 0.0226897 0.0417493 0.0311267
0 0.0951059 0.0840181 0.0154056 0.0410475 0.0310433
0 0.452711 0.101839 0.0153889 0.022274 0.0309997
0 0.488402 0.122871 0.0212187 0.0407444 0.0308423
0 0.67714 0.155175 0.0195837 0.050398 0.0299537
0 0.783857 0.0230243 0.0112252 0.0270718 0.0299409
0 0.660893 0.0418199 0.0167722 0.0574942 0.0298828
0 0.721354 0.00937011 0.0118671 0.0187402 0.0286814
2 0.680832 0.613946 0.0892843 0.0820456 0.0284126
2 0.492543 0.138527 0.0447279 0.0689301 0.0282529
0 0.039195 0.106275 0.016367 0.0479237 0.0280166
0 0.0451748 0.380312 0.0261295 0.0660183 0.0278086
0 0.0395415 0.0969064 0.0202919 0.0625575 0.0276531
0 0.824044 0.0333087 0.0127911 0.0373154 0.0268008
2 0.596017 0.15442 0.0363956 0.0165676 0.0266278
2 0.680824 0.613916 0.0898869 0.0812729 0.0265494
39 0.500737 0.781462 0.177819 0.425336 0.0264211
0 0.723383 0.0122979 0.0164036 0.0242688 0.0263735
0 0.774685 0.153327 0.0185452 0.0444353 0.0261681
0 0.502785 0.15192 0.0191233 0.037542 0.0261347
0 0.0445766 0.0842151 0.0158114 0.0433999 0.0260489
7 0.485658 0.551242 0.950162 0.894498 0.0258144
0 0.043734 0.380416 0.0253068 0.0655394 0.0254069
0 0.312477 0.0605193 0.013248 0.0271323 0.0252892
0 0.452221 0.100268 0.0167419 0.0241834 0.0249894
0 0.783643 0.0227006 0.0125488 0.0283751 0.0249238
7 0.464904 0.600603 0.910201 0.789906 0.0248532
0 0.493936 0.138026 0.0367786 0.056373 0.0248405
2 0.487343 0.15704 0.034726 0.0295318 0.0248374
0 0.705736 0.0445275 0.0176928 0.0306726 0.0247977
0 0.729156 0.0300988 0.0113247 0.0362836 0.0245727
39 0.51176 0.784431 0.154314 0.417146 0.0245408
0 0.826436 0.0348015 0.0128042 0.0362038 0.024505
0 0.212735 0.0647046 0.0187714 0.0325958 0.0244464
0 0.661324 0.0442823 0.0200169 0.0572953 0.024382
0 0.0420493 0.368921 0.0283619 0.0888633 0.0238598
2 0.490669 0.153978 0.0426167 0.0382461 0.0238472
0 0.0655965 0.0819796 0.0124438 0.0371291 0.0238173
0 0.685992 0.137214 0.0308207 0.0861482 0.023442
0 0.781784 0.133008 0.0294424 0.0614793 0.0233916
0 0.702016 0.042028 0.0212307 0.0338544 0.0232618
5 0.895278 0.450441 0.208939 0.581476 0.0229664
0 0.826169 0.0335718 0.0131254 0.0374366 0.0229162
0 0.797201 0.175635 0.0252945 0.0834306 0.0227796
2 0.680724 0.614273 0.0901236 0.0822443 0.0227047
0 0.691788 0.124099 0.0213104 0.0639116 0.022689
2 0.68064 0.614358 0.0892773 0.0811313 0.0225114
2 0.203478 0.0811253 0.0423746 0.0393477 0.0219883
0 0.775345 0.158576 0.0198458 0.0481832 0.0219779
0 0.78 0.120187 0.0146251 0.0353169 0.0219752
0 0.046186 0.382067 0.0256148 0.0636004 0.0215029
2 0.204819 0.0767038 0.045205 0.0437311 0.0213428
0 0.0782923 0.184194 0.0209612 0.0649887 0.0210906
0 0.215805 0.0523114 0.0143122 0.0278092 0.0209727
2 0.982032 0.046181 0.0352318 0.0468629 0.0206943
0 0.242593 0.0601209 0.0198911 0.0395315 0.0205542
0 0.794424 0.166598 0.0297129 0.0782211 0.0205507
2 0.493314 0.137868 0.0447853 0.0716873 0.0203849
67 0.376911 0.422492 0.033752 0.0578412 0.0201097
2 0.679079 0.607029 0.0935891 0.111333 0.019895
7 0.487323 0.600508 0.955702 0.798984 0.0197024
0 0.0441901 0.375713 0.0278428 0.0712657 0.019505
2 0.244332 0.0774259 0.0196197 0.0178958 0.0194508
0 0.72371 0.0252801 0.0201847 0.0505603 0.019122
0 0.518122 0.32065 0.0122642 0.0206764 0.0188643
5 0.499438 0.552281 0.976556 0.895439 0.0188367
2 0.96603 0.0521022 0.0342438 0.040571 0.0183956
0 0.35622 0.0424605 0.0217853 0.0400117 0.0182306
0 0.697909 0.0412517 0.0204439 0.0357331 0.018214
2 0.49229 0.153919 0.0403297 0.0379815 0.0181945
0 0.825515 0.0310408 0.0162922 0.0424522 0.0181294
0 0.0372979 0.335413 0.0275084 0.0723978 0.0181223
0 0.779779 0.167744 0.0289206 0.0686048 0.0180928
0 0.234452 0.0623662 0.0157181 0.0322519 0.0178725
0 0.21768 0.0745291 0.0199773 0.0362108 0.017767
0 0.038902 0.0956505 0.0204676 0.0609286 0.0177111
2 0.206071 0.0733061 0.0492923 0.0515163 0.017697
0 0.199602 0.0781245 0.0282803 0.0373555 0.0175302
0 0.521917 0.0303747 0.0121091 0.0336821 0.0172312
0 0.678544 0.132966 0.0236274 0.0743441 0.0169643
