2 0.330505 0.320437 0.0861855 0.082787 0.824903
2 0.330391 0.320591 0.086015 0.0827955 0.795943
2 0.330418 0.320536 0.0855502 0.0834925 0.787764
2 0.330524 0.320544 0.0861863 0.0834898 0.769355
2 0.330555 0.320489 0.0855801 0.0834641 0.760095
2 0.330441 0.32054 0.0858759 0.0829899 0.755444
2 0.330441 0.320415 0.0865311 0.0828561 0.748202
2 0.330751 0.321226 0.0859462 0.0830261 0.675431
2 0.40045 0.247445 0.0657046 0.0630272 0.668811
2 0.330455 0.321296 0.0861288 0.081893 0.658505
2 0.949821 0.0900146 0.0223156 0.0302818 0.637302
2 0.40037 0.247261 0.0659799 0.0624309 0.62611
2 0.946024 0.247441 0.0427414 0.0665815 0.624953
2 0.331185 0.32055 0.0848553 0.0843224 0.624607
2 0.946019 0.247238 0.0427261 0.0659965 0.621765
2 0.949644 0.0898625 0.0223875 0.0297203 0.607204
2 0.400484 0.247147 0.0663539 0.0627672 0.570205
2 0.946287 0.247682 0.0420372 0.0657842 0.561824
2 0.40047 0.246733 0.066026 0.0626264 0.556456
2 0.611761 0.400481 0.0877851 0.0999043 0.553692
2 0.803689 0.136751 0.0293888 0.0359757 0.550669
2 0.794943 0.256178 0.0523201 0.0698508 0.539815
2 0.803592 0.139806 0.0277729 0.0308417 0.539282
2 0.946404 0.247291 0.0418633 0.0656484 0.536122
2 0.611656 0.400437 0.0868641 0.0995551 0.533926
2 0.803684 0.139343 0.0282507 0.0312849 0.532442
2 0.400615 0.246761 0.0663922 0.0624359 0.530648
2 0.794945 0.256028 0.0532894 0.0697477 0.527969
2 0.794612 0.256516 0.0522886 0.0702168 0.527117
2 0.611648 0.400158 0.087278 0.100314 0.526072
2 0.946759 0.247474 0.0429968 0.0660799 0.518952
2 0.794894 0.255981 0.0517159 0.0697186 0.512552
2 0.794664 0.255872 0.0528389 0.0701694 0.51002
2 0.946749 0.247638 0.042696 0.0666336 0.509702
2 0.40066 0.247129 0.0662417 0.0624833 0.507241
2 0.94659 0.248033 0.0418993 0.0666535 0.503359
2 0.803693 0.136692 0.0302139 0.0356148 0.503111
2 0.146553 0.45297 0.172778 0.182158 0.492137
2 0.611544 0.40048 0.0865941 0.0989392 0.492045
2 0.54674 0.222275 0.058242 0.0577837 0.486923
2 0.611741 0.40031 0.087455 0.099309 0.485934
2 0.146938 0.453464 0.174123 0.182138 0.480731
2 0.946316 0.247755 0.0420097 0.0666757 0.480013
2 0.146734 0.453254 0.172832 0.182379 0.479098
2 0.794488 0.255865 0.0532757 0.0702091 0.478471
2 0.949764 0.090343 0.0218723 0.0293755 0.472044
2 0.400531 0.246987 0.0661321 0.0614852 0.468831
2 0.400613 0.247102 0.066716 0.0629339 0.463532
2 0.611555 0.400378 0.0875613 0.0995619 0.453636
2 0.546472 0.222589 0.0583775 0.0585423 0.452912
2 0.681916 0.102755 0.0245927 0.0317636 0.446548
2 0.946843 0.246898 0.0415659 0.0644767 0.446472
2 0.794974 0.256148 0.053625 0.0701195 0.439765
2 0.946485 0.247015 0.0414396 0.0654765 0.436017
2 0.913063 0.0702147 0.0199142 0.0303626 0.432132
2 0.146871 0.453483 0.173489 0.182578 0.430034
2 0.85243 0.132847 0.0337217 0.0396592 0.417981
2 0.794899 0.255685 0.0517952 0.0693351 0.416418
2 0.803218 0.138069 0.0313219 0.0330046 0.411984
2 0.611516 0.400419 0.0873026 0.0993385 0.411172
7 0.14653 0.451814 0.175242 0.181052 0.410501
2 0.679343 0.159258 0.0416074 0.0532162 0.398785
2 0.14681 0.452468 0.173764 0.182266 0.398617
2 0.853434 0.131451 0.0322563 0.0417665 0.392761
2 0.746385 0.0566192 0.0185802 0.0217574 0.391899
2 0.679437 0.15836 0.041457 0.0525203 0.385931
2 0.680327 0.158006 0.0432503 0.0513984 0.376982
2 0.853217 0.133507 0.031411 0.0364151 0.373823
2 0.681904 0.103059 0.0245644 0.0316912 0.370758
2 0.680304 0.158132 0.043322 0.0519589 0.36843
2 0.949551 0.0904764 0.0220802 0.0290918 0.367738
2 0.330259 0.320276 0.0869216 0.0845404 0.367658
2 0.853337 0.131851 0.0320789 0.0407695 0.363047
2 0.680163 0.157891 0.0426759 0.0522745 0.35573
2 0.400617 0.247143 0.0671081 0.0631423 0.348947
2 0.6116 0.400989 0.0869752 0.0989111 0.339148
2 0.5469 0.222565 0.0585588 0.0573692 0.336804
2 0.85386 0.128954 0.0327473 0.0457205 0.336448
2 0.611732 0.401018 0.0871883 0.0991529 0.33442
2 0.546398 0.222191 0.0578594 0.0573349 0.327268
2 0.682331 0.10365 0.0268145 0.0329963 0.318023
2 0.945773 0.248972 0.0413195 0.0644074 0.314433
2 0.875259 0.0877728 0.0207878 0.0272072 0.313048
2 0.705436 0.11515 0.0263573 0.0234053 0.307289
2 0.611724 0.401131 0.0873811 0.0990383 0.300548
2 0.912508 0.0707687 0.0195389 0.0286567 0.292534
2 0.875205 0.0890893 0.0195354 0.0254366 0.289627
2 0.794802 0.255307 0.0522559 0.0695802 0.283363
2 0.679916 0.157867 0.0444334 0.0519156 0.282043
2 0.852975 0.132471 0.0308592 0.0388116 0.275242
2 0.680051 0.158248 0.0426143 0.0516099 0.272616
2 0.681623 0.102685 0.0278571 0.0313837 0.271877
2 0.912854 0.0706331 0.0183804 0.0298333 0.267891
2 0.14627 0.453952 0.172351 0.179059 0.267287
2 0.705342 0.109351 0.0286541 0.0312987 0.256237
2 0.705041 0.108509 0.0293104 0.0350984 0.253144
2 0.146779 0.453391 0.175419 0.18378 0.247829
2 0.679987 0.157476 0.0440268 0.0515841 0.245872
2 0.546217 0.221903 0.0580172 0.0563506 0.243558
2 0.803701 0.134036 0.0306757 0.0400079 0.241035
2 0.147166 0.450512 0.17508 0.176637 0.233092
7 0.546684 0.222833 0.0566763 0.058175 0.230463
2 0.912455 0.0703787 0.0190243 0.0297457 0.224588
2 0.768359 0.0455526 0.022366 0.0234628 0.212141
2 0.8544 0.129903 0.0343164 0.0446968 0.204177
2 0.853505 0.13003 0.033246 0.0439548 0.202808
2 0.679756 0.157778 0.0433226 0.0530384 0.201787
2 0.680922 0.102699 0.0277091 0.032996 0.196649
2 0.853046 0.129903 0.033213 0.0454632 0.195573
2 0.546572 0.2227 0.0565728 0.0582097 0.193902
2 0.840905 0.0874035 0.021973 0.0267508 0.189022
2 0.803658 0.141403 0.0289039 0.0315379 0.184771
2 0.14704 0.453369 0.17553 0.183763 0.175351
2 0.841254 0.0869943 0.0226898 0.0263468 0.169254
2 0.794568 0.255875 0.0528505 0.0711306 0.164963
2 0.612356 0.401627 0.0864454 0.0991463 0.15519
2 0.76707 0.0486998 0.0220381 0.0207719 0.150406
2 0.40024 0.247033 0.0654751 0.062088 0.146867
2 0.794724 0.256362 0.0522465 0.0692709 0.145678
2 0.32942 0.321995 0.0837265 0.0796337 0.145247
2 0.40013 0.247283 0.066004 0.062942 0.134972
2 0.803328 0.141118 0.0282316 0.031924 0.124085
2 0.840865 0.0867693 0.0225986 0.0272334 0.120666
2 0.804842 0.136938 0.0325193 0.0364928 0.120431
2 0.706108 0.114241 0.0286255 0.0275107 0.120331
2 0.851002 0.133138 0.0327482 0.0393368 0.118465
2 0.840837 0.0876351 0.022373 0.0273778 0.112956
2 0.695349 0.106967 0.0494905 0.0362053 0.112853
2 0.147435 0.453234 0.175274 0.183316 0.112289
2 0.855057 0.128586 0.0341976 0.046245 0.110024
2 0.706226 0.110736 0.0292187 0.0327757 0.106809
2 0.546828 0.222662 0.058744 0.0577289 0.104148
2 0.854124 0.132669 0.0343878 0.0392042 0.0939055
2 0.68031 0.15233 0.0431202 0.0405284 0.0892764
2 0.801206 0.137153 0.0341146 0.0360144 0.0829919
2 0.949107 0.0916298 0.0221809 0.0302952 0.081356
2 0.747642 0.0556093 0.0217224 0.0237086 0.0811883
2 0.875596 0.0890394 0.0194885 0.0256601 0.0810678
2 0.913528 0.0689416 0.0219551 0.0321586 0.0807961
2 0.86463 0.061734 0.0180422 0.0230139 0.0804998
2 0.698705 0.106718 0.0421818 0.0384908 0.0792821
2 0.129462 0.640027 0.200533 0.196678 0.0787416
2 0.681531 0.104294 0.0246428 0.0339025 0.078557
2 0.681755 0.101254 0.0276361 0.0358305 0.0776413
2 0.945698 0.24913 0.041563 0.0650093 0.0760042
2 0.745013 0.0576249 0.0203039 0.0192739 0.0756022
2 0.400005 0.247751 0.0652206 0.0620631 0.0713874
2 0.681036 0.103581 0.0266581 0.0325492 0.0691274
2 0.947382 0.0907383 0.0292316 0.0294456 0.0630742
2 0.804969 0.138001 0.0317574 0.0337053 0.0606611
2 0.945568 0.247792 0.0419888 0.0654807 0.057136
2 0.874972 0.0880233 0.0208084 0.0272044 0.0549591
2 0.746061 0.0576936 0.0187737 0.0236546 0.054214
2 0.788215 0.0637365 0.0204695 0.0229795 0.0511829
2 0.94588 0.24669 0.0418222 0.0652205 0.0486573
2 0.950667 0.0328521 0.0152119 0.0244401 0.0485198
2 0.794696 0.256072 0.0503534 0.0696769 0.047833
2 0.84173 0.0864555 0.0236143 0.024877 0.047141
2 0.95056 0.0902822 0.027594 0.0284941 0.0465632
2 0.816408 0.0338036 0.021809 0.0271375 0.0459044
2 0.680362 0.15798 0.0439651 0.0518436 0.0456294
2 0.683681 0.10399 0.02775 0.0335597 0.0455765
2 0.666736 0.162924 0.0161129 0.0443449 0.0418122
2 0.949854 0.0917473 0.0221066 0.0301406 0.0416435
4 0.968528 0.840541 0.0623823 0.308234 0.0410419
2 0.130082 0.644681 0.198457 0.206811 0.0405901
2 0.913296 0.069173 0.0212578 0.0313104 0.0403391
2 0.945631 0.0907706 0.0324112 0.030928 0.0399221
8 0.970722 0.838928 0.0573679 0.306373 0.0389967
2 0.545797 0.222217 0.0572364 0.057816 0.0368545
2 0.680097 0.158402 0.0436885 0.052824 0.0361707
2 0.707219 0.107146 0.0282837 0.0332378 0.0357455
2 0.130211 0.640715 0.19596 0.19865 0.0353751
2 0.9703 0.845046 0.0583057 0.300281 0.0343649
2 0.788198 0.0661503 0.0193949 0.0264831 0.0326311
8 0.973117 0.83335 0.0533482 0.297359 0.0320032
2 0.761245 0.0550332 0.0292953 0.0224101 0.0313384
4 0.968651 0.841676 0.062084 0.30918 0.03062
2 0.25342 0.0298873 0.0205912 0.0114774 0.0301373
2 0.79472 0.254575 0.0516636 0.0671155 0.0299411
2 0.680879 0.104279 0.027689 0.0342807 0.0297408
2 0.914561 0.069006 0.0225529 0.0319603 0.029296
2 0.746289 0.0550824 0.019453 0.024352 0.0281972
9 0.863097 0.0618236 0.0173725 0.0230664 0.0271338
5 0.968661 0.84215 0.0620941 0.309743 0.0258265
2 0.766161 0.0517579 0.0254169 0.0235529 0.024875
7 0.545862 0.223087 0.0567692 0.0579498 0.0247926
8 0.973579 0.834974 0.0524132 0.297978 0.0247502
2 0.130172 0.644696 0.196323 0.206563 0.0244043
2 0.129713 0.644579 0.19719 0.206393 0.02419
2 0.76791 0.0457475 0.0250484 0.0277088 0.0240993
2 0.771348 0.0418338 0.0260123 0.0244084 0.023741
2 0.61247 0.400004 0.0859921 0.0963029 0.0235843
5 0.968099 0.842257 0.0632523 0.309988 0.0230406
7 0.146581 0.450324 0.174786 0.179174 0.0227525
2 0.869394 0.0470875 0.0235992 0.0256999 0.0224983
8 0.971168 0.833521 0.0565813 0.296025 0.0222764
2 0.803492 0.134032 0.0305374 0.0395566 0.0219489
2 0.0737732 0.0579827 0.067737 0.028984 0.0215176
2 0.854663 0.0868753 0.0495831 0.0330307 0.0204486
2 0.0727274 0.0658387 0.074474 0.0296378 0.0198233
8 0.972735 0.838372 0.0540707 0.309202 0.0195569
2 0.33079 0.319667 0.0847962 0.0798192 0.0190431
2 0.950717 0.0332675 0.0152218 0.024819 0.0186253
2 0.854209 0.114961 0.031444 0.0234549 0.0183591
2 0.878482 0.0417851 0.0153896 0.0170348 0.0183278
2 0.128106 0.639717 0.200766 0.19504 0.0169554
2 0.251518 0.0286287 0.0231943 0.0135308 0.0169494
2 0.805877 0.13339 0.0344624 0.0417128 0.0165963
2 0.329781 0.321426 0.0853499 0.0824209 0.0165789
2 0.0773383 0.063049 0.0677068 0.0236634 0.0164521
67 0.966935 0.842638 0.0654703 0.309377 0.0164089
8 0.971655 0.833268 0.0554928 0.294578 0.0160742
2 0.147185 0.453269 0.176405 0.184632 0.0154814
2 0.79681 0.0381387 0.0185738 0.0221448 0.0154476
5 0.950826 0.0310247 0.0160225 0.0287186 0.015397
2 0.747575 0.0576884 0.0221661 0.0254374 0.014888
5 0.951063 0.0277399 0.0172634 0.035178 0.0142697
2 0.971249 0.844651 0.0570305 0.299817 0.0141282
0 0.869006 0.17404 0.00980148 0.0222458 0.0137729
2 0.77053 0.0425575 0.0242218 0.0256274 0.0133951
2 0.0636584 0.0546222 0.0472397 0.0226387 0.0130291
0 0.796065 0.0357247 0.0188852 0.0281035 0.0129704
2 0.0663809 0.066008 0.0735125 0.0290827 0.0129645
2 0.863818 0.0616107 0.0212971 0.0272282 0.0129486
2 0.848198 0.00807458 0.0339973 0.0161492 0.0124811
8 0.973643 0.822754 0.0522316 0.273798 0.0122218
2 0.0544244 0.0732868 0.106948 0.0406084 0.0121553
6 0.130483 0.646869 0.197121 0.209195 0.011763
2 0.815743 0.0338555 0.0202671 0.0283188 0.0116119
2 0.0832186 0.065687 0.0534759 0.0245724 0.0115258
2 0.774044 0.040012 0.0242517 0.0243327 0.0114623
2 0.0789952 0.065168 0.0633411 0.0264611 0.011174
6 0.119812 0.649776 0.213877 0.218992 0.0108748
2 0.855227 0.00900564 0.0257984 0.0174089 0.0107666
2 0.823681 0.0332859 0.0388603 0.0305251 0.0105653
6 0.115109 0.701913 0.227057 0.324238 0.0104653
2 0.79823 0.0373276 0.0207869 0.025048 0.0104506
6 0.251186 0.0540245 0.498979 0.103868 0.0103852
2 0.784412 0.0560552 0.0197266 0.0220335 0.0103127
2 0.73965 0.058013 0.0305656 0.0234807 0.0101153
7 0.546448 0.22255 0.0584821 0.058301 0.0100831
2 0.545414 0.221998 0.0571152 0.0566203 0.0100168
2 0.047623 0.0766249 0.0952461 0.0445409 0.00950745
2 0.332013 0.311063 0.0834316 0.0635463 0.00937789
2 0.792221 0.0625459 0.0238985 0.0230882 0.00931989
2 0.794719 0.25459 0.0522427 0.0677189 0.00928172
2 0.945489 0.0897263 0.0319325 0.0301615 0.00912227
2 0.191558 0.0411308 0.0199415 0.01085 0.00899231
6 0.113851 0.703731 0.227019 0.329855 0.00868252
0 0.869694 0.170589 0.0122997 0.0305653 0.00849528
2 0.0867476 0.0663281 0.0502357 0.0260355 0.00838785
2 0.0868923 0.0635169 0.0570352 0.0291598 0.0081939
2 0.11931 0.0475208 0.0168377 0.0171775 0.00802249
9 0.950835 0.0320326 0.0164997 0.0283048 0.00799347
2 0.728718 0.0612321 0.0254904 0.0197556 0.00794663
2 0.867337 0.0597809 0.0200893 0.0206147 0.00792209
2 0.730351 0.204863 0.0188108 0.0170193 0.00767619
6 0.255332 0.0526721 0.508037 0.104022 0.00748885
2 0.805659 0.0664828 0.0334136 0.0357646 0.00740205
2 0.846537 0.0787271 0.035239 0.0433662 0.00725953
2 0.416257 0.226075 0.0305115 0.019465 0.00723076
5 0.86202 0.0883832 0.0427317 0.0343758 0.00722477
2 0.60156 0.428901 0.0601926 0.0437593 0.00720572
5 0.546599 0.223053 0.0564182 0.0592363 0.00712636
6 0.130383 0.645902 0.194588 0.205765 0.00693638
2 0.790148 0.0383167 0.0163246 0.0232166 0.00672378
2 0.129882 0.650266 0.194697 0.217821 0.00659219
2 0.851096 0.237632 0.0197121 0.0404645 0.00647451
2 0.789861 0.0623499 0.024165 0.0234252 0.00645407
6 0.115665 0.698362 0.227032 0.314247 0.0063589
2 0.946432 0.262448 0.0413654 0.0419813 0.00635762
6 0.249901 0.0549753 0.497243 0.101355 0.00633675
2 0.97063 0.845572 0.0582764 0.297152 0.00623682
2 0.969535 0.845946 0.0598938 0.297919 0.00618892
6 0.114215 0.699328 0.227488 0.322728 0.00613058
5 0.950832 0.0275508 0.0178396 0.0352513 0.00596665
2 0.33668 0.304831 0.0725765 0.0518219 0.00578012
2 0.837123 0.00667506 0.0217346 0.0132552 0.00572004
6 0.248752 0.0534765 0.496677 0.102115 0.00570372
2 0.947255 0.242441 0.0392166 0.056168 0.00556242
2 0.0648494 0.0496019 0.0347989 0.0226278 0.00554647
2 0.850218 0.0894833 0.0394352 0.0329999 0.00553885
2 0.399947 0.247564 0.0639922 0.0606403 0.00540836
2 0.89777 0.0419441 0.017725 0.0164098 0.00538733
25 0.957786 0.840974 0.0303288 0.266183 0.00535054
7 0.794707 0.256262 0.0540325 0.0719088 0.00533111
2 0.599836 0.426389 0.0621807 0.0468582 0.00530941
2 0.0603002 0.0592818 0.0465087 0.0289055 0.00530167
2 0.864011 0.00571763 0.0185965 0.0110203 0.00529618
2 0.145663 0.452833 0.17155 0.18358 0.00529091
8 0.971635 0.822431 0.0555153 0.272866 0.00528695
2 0.809337 0.0335546 0.0215107 0.0310826 0.00507282
2 0.831965 0.0500482 0.0186241 0.023486 0.00498043
6 0.250217 0.0557654 0.497869 0.0970063 0.00496436
2 0.0651285 0.0502772 0.0368714 0.0218228 0.00495262
2 0.931434 0.214757 0.0149776 0.0352441 0.00491875
6 0.116058 0.69998 0.224479 0.320821 0.00482877
2 0.143972 0.600574 0.166602 0.118269 0.00481719
8 0.952169 0.831376 0.0406929 0.284841 0.00474935
