7 0.311423 0.334718 0.131926 0.111839 0.709904
7 0.311885 0.33469 0.131538 0.112697 0.703563
2 0.4043 0.384971 0.111248 0.0652892 0.694755
2 0.404629 0.384981 0.1108 0.0649113 0.679895
2 0.404969 0.385287 0.111371 0.0659531 0.660241
7 0.310676 0.335008 0.13125 0.110863 0.640878
2 0.404619 0.38505 0.110644 0.0653466 0.637885
2 0.404759 0.385048 0.110988 0.0650908 0.615878
2 0.404533 0.385401 0.1114 0.0661974 0.592725
7 0.311437 0.334713 0.132487 0.111098 0.587821
2 0.219293 0.354406 0.0576247 0.0380967 0.586001
2 0.218836 0.356967 0.058319 0.0351314 0.575775
7 0.311126 0.334223 0.13307 0.110312 0.575374
2 0.123788 0.37667 0.110877 0.0457151 0.562027
7 0.311627 0.334506 0.132372 0.112005 0.537572
2 0.164902 0.335845 0.0671621 0.0515576 0.529202
2 0.219814 0.356221 0.056783 0.0344532 0.528942
7 0.311518 0.333919 0.133566 0.110998 0.516663
5 0.919086 0.345286 0.161076 0.113465 0.505733
2 0.218976 0.3566 0.057306 0.0345938 0.500037
2 0.123455 0.376588 0.111167 0.0442791 0.496597
2 0.219805 0.354559 0.0564724 0.0366271 0.489391
2 0.122534 0.376898 0.112359 0.0453129 0.486874
2 0.165211 0.335248 0.0681041 0.0521122 0.485582
2 0.219145 0.352209 0.0590245 0.0433413 0.48423
7 0.3102 0.334994 0.131308 0.110287 0.482918
2 0.218667 0.356835 0.0572468 0.0356952 0.477374
2 0.122262 0.376764 0.110648 0.0457141 0.468276
2 0.165435 0.335793 0.0680427 0.052061 0.466559
2 0.405098 0.386085 0.111777 0.0683058 0.464656
5 0.919621 0.345164 0.159818 0.113411 0.463947
2 0.218819 0.355853 0.0589968 0.037846 0.463396
2 0.124932 0.375851 0.11375 0.044402 0.460933
2 0.118936 0.377995 0.10661 0.0444716 0.456899
7 0.311604 0.334761 0.132274 0.112774 0.45206
5 0.92158 0.34491 0.156026 0.113187 0.421441
5 0.921356 0.345433 0.157287 0.112702 0.417776
7 0.310147 0.334865 0.130154 0.11048 0.403543
2 0.165076 0.33655 0.0679509 0.0530023 0.385466
0 0.799792 0.326188 0.0184345 0.0456351 0.37107
2 0.218657 0.356589 0.0588978 0.0355752 0.369199
2 0.404848 0.386547 0.111486 0.0687951 0.361633
2 0.404457 0.386415 0.111143 0.0684541 0.355231
5 0.910946 0.345183 0.176844 0.113112 0.354695
5 0.921892 0.344975 0.155322 0.11345 0.351641
2 0.818407 0.274282 0.0512646 0.0256838 0.346697
2 0.818206 0.273264 0.0511417 0.0276459 0.346524
2 0.818586 0.274865 0.049651 0.0258746 0.343508
2 0.164384 0.335489 0.0651443 0.0510655 0.336507
2 0.818311 0.275209 0.0497753 0.0233994 0.332534
5 0.909027 0.345178 0.18064 0.113023 0.331474
7 0.312063 0.333644 0.132276 0.111567 0.327936
2 0.12089 0.377681 0.108811 0.0459913 0.324555
2 0.818847 0.274032 0.0504142 0.0264379 0.319917
0 0.0589813 0.348018 0.0207457 0.0557792 0.313225
5 0.910355 0.344738 0.178535 0.113867 0.309335
0 0.0595245 0.348968 0.0205216 0.0570925 0.30912
2 0.218509 0.354856 0.0587235 0.038483 0.308723
5 0.915626 0.345309 0.167916 0.11325 0.308366
2 0.165114 0.33548 0.0676427 0.0506887 0.297719
2 0.818203 0.2742 0.0514637 0.0262918 0.294287
0 0.0599092 0.348721 0.0197354 0.0559225 0.293539
0 0.799647 0.326323 0.0176409 0.0449821 0.286728
2 0.165086 0.333751 0.0673418 0.0488109 0.28593
2 0.129392 0.376692 0.0961028 0.0428425 0.285218
2 0.166 0.334445 0.0665023 0.0511073 0.273296
0 0.800182 0.324646 0.0194159 0.0488155 0.266112
0 0.76614 0.323834 0.0139433 0.0339114 0.26609
5 0.918546 0.344993 0.162016 0.114106 0.262801
2 0.403312 0.386193 0.113176 0.0673218 0.259882
2 0.115591 0.377803 0.0973224 0.0434149 0.253261
2 0.14012 0.375853 0.0848161 0.042802 0.248007
2 0.122608 0.377427 0.111344 0.0444797 0.240499
2 0.164366 0.336405 0.0664362 0.0516176 0.239154
0 0.799615 0.326317 0.0173591 0.0462747 0.237973
2 0.141287 0.375938 0.0807831 0.042888 0.237624
2 0.117901 0.377968 0.104451 0.0450734 0.236954
2 0.165242 0.333338 0.0666679 0.0446935 0.220728
2 0.126821 0.37688 0.0877084 0.0432181 0.220255
0 0.731614 0.325556 0.0161436 0.0477971 0.219607
2 0.115163 0.378471 0.0975542 0.0433937 0.21007
0 0.733486 0.325771 0.0180666 0.0476962 0.19276
2 0.138857 0.376545 0.0825846 0.0435135 0.192708
0 0.800107 0.324537 0.0199635 0.0448897 0.189463
2 0.00964665 0.347894 0.0191602 0.0447285 0.184977
2 0.164601 0.334319 0.0668306 0.048883 0.182523
0 0.733632 0.326182 0.0181072 0.0469054 0.174894
2 0.0799263 0.345669 0.0345819 0.0486995 0.172654
0 0.767211 0.324142 0.0180038 0.0348185 0.172458
2 0.404994 0.384478 0.110273 0.0629113 0.172106
2 0.165917 0.334431 0.0675893 0.0517108 0.171235
0 0.800421 0.325464 0.0195889 0.0470913 0.167019
0 0.0576241 0.348474 0.0223635 0.0560553 0.166874
2 0.0813964 0.346906 0.0316545 0.0480768 0.149283
5 0.921563 0.345259 0.156873 0.112608 0.144999
7 0.374303 0.333685 0.25863 0.114773 0.144167
2 0.0820442 0.345856 0.0323655 0.0480994 0.138958
0 0.800141 0.327378 0.0188565 0.046173 0.13382
5 0.922246 0.345408 0.155509 0.112381 0.133339
2 0.00901324 0.349984 0.0180265 0.0411286 0.13251
0 0.730319 0.323914 0.0152258 0.0473538 0.130881
2 0.218867 0.355911 0.0577543 0.0343085 0.129434
0 0.0579217 0.347455 0.0228164 0.0552164 0.128811
0 0.0617227 0.348708 0.0221419 0.0570299 0.124654
2 0.219838 0.349789 0.0584599 0.0492812 0.123502
5 0.91372 0.345892 0.172052 0.112805 0.121824
0 0.0605258 0.34868 0.0220773 0.0565634 0.118137
2 0.00924624 0.349102 0.0183789 0.0430957 0.116976
2 0.0813475 0.34552 0.036002 0.0476356 0.11649
0 0.746804 0.324229 0.0157543 0.0425693 0.114294
2 0.0112793 0.348058 0.0225587 0.0436307 0.113912
2 0.162128 0.335782 0.0616753 0.0497849 0.111667
7 0.256412 0.792537 0.512649 0.171559 0.109267
2 0.218994 0.356965 0.0557048 0.0347266 0.108779
0 0.0359065 0.354526 0.0209025 0.0405191 0.102011
7 0.256972 0.79506 0.513074 0.174757 0.0995152
7 0.25537 0.791893 0.510641 0.166116 0.0994631
2 0.404777 0.386911 0.111138 0.0698247 0.0977773
0 0.801634 0.324594 0.0181847 0.0481932 0.0960713
7 0.255024 0.79588 0.509304 0.172172 0.0956325
2 0.160798 0.337312 0.0586219 0.0504496 0.0924892
2 0.0707052 0.343887 0.0577293 0.051304 0.0922103
0 0.751737 0.323645 0.0143478 0.032847 0.0860431
2 0.844679 0.386357 0.0592907 0.0273508 0.0843855
0 0.0577301 0.347703 0.0250216 0.0566377 0.0843784
0 0.735964 0.325449 0.021044 0.0474731 0.0829771
7 0.256621 0.786885 0.513243 0.162135 0.0824998
2 0.816916 0.273419 0.0529921 0.02542 0.0820326
2 0.817813 0.272699 0.0513788 0.0310368 0.0806225
2 0.408594 0.381755 0.103287 0.0568856 0.0802702
2 0.0351498 0.354952 0.0230627 0.035145 0.0795118
2 0.843826 0.387364 0.0569679 0.0262617 0.0788022
7 0.25664 0.783594 0.513279 0.182534 0.0775131
9 0.71162 0.259469 0.0169266 0.0279038 0.0767739
0 0.814516 0.329446 0.012682 0.029577 0.0765241
0 0.736551 0.324472 0.0204353 0.0476939 0.0742871
2 0.00884069 0.350575 0.0176814 0.039746 0.0726122
0 0.0349714 0.35656 0.0203599 0.0343061 0.072495
2 0.843538 0.387276 0.0556755 0.026001 0.0719576
2 0.119666 0.37727 0.10751 0.043927 0.0713042
0 0.741165 0.321889 0.0185044 0.0428377 0.071251
2 0.871024 0.380038 0.111166 0.0459177 0.0710033
2 0.257442 0.795674 0.514246 0.179346 0.0698356
0 0.745888 0.325715 0.0199514 0.0435822 0.0675297
2 0.0841079 0.349329 0.0279714 0.0387592 0.0668159
0 0.814229 0.329396 0.0130608 0.027641 0.0637295
0 0.765649 0.322176 0.0127177 0.0317247 0.0634601
2 0.869151 0.381096 0.108615 0.043839 0.0620779
0 0.76606 0.322591 0.0136221 0.0359909 0.0619396
0 0.91904 0.384906 0.020293 0.0319818 0.0612374
2 0.115376 0.37762 0.0971155 0.0441568 0.0610683
2 0.00914079 0.340302 0.0182102 0.059022 0.0604731
2 0.234109 0.333036 0.0282624 0.0181855 0.0592939
2 0.257675 0.796985 0.514755 0.180177 0.0577347
2 0.120984 0.377525 0.106418 0.0451788 0.0576314
9 0.447131 0.0303029 0.0984204 0.0606058 0.0574303
0 0.804839 0.326321 0.023189 0.0464823 0.0572798
7 0.370351 0.334247 0.253395 0.116583 0.0566943
9 0.0788672 0.212216 0.0143301 0.0237012 0.0563226
9 0.44884 0.0303091 0.102867 0.0605577 0.0559404
2 0.845292 0.379975 0.059626 0.0390907 0.0555918
7 0.377922 0.330864 0.265941 0.116562 0.0554181
9 0.444624 0.0302382 0.100508 0.0604764 0.0545894
2 0.846864 0.37663 0.0640491 0.0456036 0.0544379
2 0.180889 0.333858 0.0377467 0.0436594 0.0541191
7 0.375959 0.332599 0.259955 0.11471 0.0538653
2 0.139413 0.37637 0.0866203 0.0433081 0.0531508
0 0.804809 0.324299 0.0247664 0.0483255 0.053068
0 0.742928 0.32608 0.0266239 0.0443969 0.0527525
2 0.862592 0.382342 0.100188 0.0388675 0.0507559
9 0.449178 0.0305619 0.100449 0.0611238 0.0505965
2 0.0722493 0.347382 0.0454474 0.053623 0.0502676
0 0.0812513 0.288738 0.0138364 0.0483869 0.0498842
2 0.877127 0.377871 0.121987 0.0492809 0.0491474
5 0.910945 0.345397 0.177499 0.112775 0.048807
9 0.711586 0.260281 0.0169342 0.0267433 0.0487101
2 0.875289 0.37999 0.117793 0.0456656 0.0485933
0 0.752244 0.324706 0.0174851 0.035846 0.0485479
2 0.845632 0.387509 0.0584293 0.0259275 0.0477543
0 0.081478 0.289311 0.0132907 0.0488866 0.0468935
2 0.84724 0.376707 0.0635666 0.0452167 0.0465805
2 0.871195 0.379583 0.107281 0.0449091 0.0447477
0 0.766772 0.324542 0.0178068 0.0359325 0.0442951
9 0.431837 0.0292593 0.0655452 0.057782 0.0440523
2 0.0130823 0.343762 0.0260106 0.0530848 0.04345
2 0.258232 0.785128 0.515575 0.213918 0.0427251
9 0.431714 0.0291 0.0671641 0.0578699 0.0426573
9 0.44785 0.0304555 0.109529 0.0600139 0.0416653
7 0.376794 0.333219 0.262737 0.115648 0.0415942
2 0.234681 0.332696 0.0278924 0.020137 0.0413024
0 0.0602243 0.348291 0.0217664 0.0545727 0.0411305
0 0.994036 0.272993 0.0108109 0.0328999 0.0409564
0 0.00782194 0.351631 0.0156095 0.0402759 0.0402219
2 0.148412 0.374637 0.0680797 0.0421976 0.0400631
9 0.141404 0.296562 0.0122571 0.0364371 0.0387375
0 0.0407299 0.355974 0.0247726 0.0376864 0.0387247
2 0.896937 0.258687 0.0203194 0.0174923 0.0381585
0 0.0352093 0.357422 0.0181008 0.033178 0.0379222
0 0.982355 0.272263 0.0167789 0.0364751 0.0379007
0 0.812903 0.331575 0.0174152 0.0377792 0.0378242
2 0.866408 0.37722 0.101606 0.0467637 0.036946
2 0.0114307 0.349229 0.0228614 0.0432046 0.0364962
7 0.367542 0.332892 0.248091 0.114206 0.0364442
2 0.84847 0.377199 0.0668507 0.0449058 0.0364268
9 0.449453 0.0305769 0.100872 0.0609392 0.0352232
5 0.922158 0.345358 0.155242 0.112694 0.0348653
2 0.0822396 0.348376 0.0293921 0.0443522 0.0340648
2 0.817112 0.273857 0.0533026 0.0248092 0.0336715
7 0.258302 0.765996 0.516003 0.243812 0.0327651
0 0.919614 0.385458 0.0208565 0.0320816 0.032328
0 0.0818373 0.291992 0.012447 0.0456437 0.031031
9 0.477922 0.0309266 0.0435042 0.06014 0.0309903
2 0.166189 0.333392 0.0671294 0.0484962 0.0309836
7 0.372965 0.333717 0.254015 0.115368 0.0300727
0 0.668059 0.294249 0.0101166 0.0343341 0.0300712
9 0.120792 0.249876 0.0110553 0.0305898 0.0296149
0 0.0433534 0.353381 0.0233534 0.0402968 0.029249
0 0.0389622 0.355423 0.0232536 0.0374155 0.0290563
2 0.258486 0.797255 0.514939 0.189807 0.0288817
12 0.424257 0.624545 0.0172659 0.04798 0.027619
7 0.246077 0.792093 0.491381 0.165231 0.0268593
0 0.993044 0.271754 0.0127686 0.0367917 0.0267502
9 0.47747 0.0313967 0.0431259 0.0603082 0.0261778
0 0.00632773 0.311404 0.0123738 0.0359479 0.0260729
0 0.140704 0.300339 0.0134611 0.0329875 0.0260212
9 0.722405 0.241277 0.0133056 0.0362789 0.0256564
9 0.432388 0.0291492 0.0674671 0.0582577 0.0254747
2 0.16399 0.33747 0.0647973 0.0526358 0.025433
0 0.984077 0.273194 0.0155808 0.0328433 0.0248779
9 0.45326 0.0312084 0.0941288 0.0624169 0.024356
2 0.0465513 0.349763 0.0505304 0.0489587 0.0242438
2 0.834431 0.387519 0.0887818 0.0301721 0.0230617
0 0.855854 0.247904 0.0163597 0.03124 0.0229698
2 0.115192 0.378087 0.0982611 0.0419959 0.0229258
2 0.162443 0.340181 0.0661292 0.0585369 0.022677
9 0.431502 0.0288073 0.0656044 0.0571668 0.0226683
2 0.154644 0.364341 0.0484347 0.0242027 0.0220833
2 0.844385 0.386516 0.0603739 0.0273335 0.0218054
9 0.450984 0.0310815 0.0984523 0.0617254 0.0217697
5 0.905006 0.345205 0.18913 0.114431 0.0217142
9 0.12071 0.247942 0.0101398 0.0270702 0.0216397
2 0.817594 0.268957 0.0496344 0.036887 0.0216166
9 0.711389 0.255375 0.0170372 0.0359052 0.0214479
9 0.142253 0.293871 0.0116944 0.0373834 0.0210684
2 0.260581 0.755835 0.512789 0.287078 0.0202171
9 0.71264 0.256262 0.0157637 0.0331398 0.0201809
0 0.669374 0.296234 0.0110456 0.0338681 0.0199269
2 0.818337 0.269187 0.0520451 0.0361107 0.0197896
7 0.310678 0.33427 0.131972 0.109887 0.0194227
0 0.66591 0.289403 0.0111525 0.039829 0.0192001
9 0.720384 0.247595 0.0164778 0.0481919 0.0191515
0 0.663023 0.289437 0.0114966 0.0336556 0.0191029
0 0.207783 0.330199 0.0138908 0.0220443 0.0189594
0 0.659189 0.287415 0.0127886 0.0392843 0.0189452
9 0.040309 0.227051 0.0098411 0.0244278 0.0188382
9 0.431478 0.0291335 0.0631674 0.0572992 0.018725
2 0.869496 0.377177 0.10957 0.0486617 0.0187026
0 0.00736103 0.316599 0.0144069 0.0469835 0.0186549
2 0.258431 0.802803 0.516861 0.190633 0.0186343
2 0.135401 0.369313 0.0701553 0.0316174 0.0182041
9 0.712973 0.258323 0.0177977 0.0276254 0.0180694
13 0.248283 0.796256 0.49526 0.172913 0.017964
0 0.692576 0.29116 0.00926304 0.0266265 0.0178157
0 0.991436 0.272554 0.0165447 0.0365953 0.0176515
0 0.854071 0.247261 0.0171436 0.0318942 0.0171004
2 0.818329 0.274357 0.0546185 0.0308459 0.0169718
9 0.207397 0.176658 0.0116271 0.027452 0.0168589
9 0.431721 0.0286071 0.064798 0.0567448 0.0167466
2 0.00930168 0.33122 0.0184664 0.0753342 0.0166816
2 0.881115 0.383902 0.0962128 0.0353246 0.0165401
2 0.899987 0.257876 0.0201353 0.0200316 0.0165369
2 0.869293 0.386301 0.0965778 0.0313599 0.0161097
9 0.207698 0.178009 0.0130685 0.0298325 0.0160307
0 0.0810575 0.354957 0.0244646 0.036262 0.0159892
2 0.0269978 0.344515 0.0466135 0.0575864 0.0159124
9 0.477017 0.0314129 0.0435371 0.05896 0.0158085
2 0.124732 0.366499 0.087114 0.0313498 0.0154709
2 0.876352 0.377712 0.0966515 0.0483809 0.0154133
2 0.262168 0.798522 0.50941 0.200364 0.0153995
2 0.895434 0.273939 0.100905 0.0458218 0.0153563
0 0.753909 0.322425 0.0178465 0.036761 0.015199
2 0.257667 0.800964 0.514331 0.188379 0.0151549
9 0.0394825 0.225095 0.0117777 0.0270025 0.0150254
2 0.908782 0.380548 0.180972 0.044951 0.0144954
2 0.0332803 0.340009 0.0665606 0.0604537 0.0141592
9 0.477504 0.0312978 0.0444665 0.0598727 0.0140821
2 0.260083 0.804604 0.51511 0.198967 0.0140585
2 0.214268 0.356818 0.0460452 0.031782 0.0140284
2 0.849909 0.371994 0.0533821 0.0375255 0.0140092
2 0.805228 0.409732 0.040484 0.0390218 0.013901
0 0.0575131 0.343781 0.0237231 0.0606483 0.0134634
9 0.0787367 0.215262 0.0149692 0.0264297 0.0133954
0 0.691352 0.287025 0.0111539 0.0310187 0.0132643
0 0.657072 0.288074 0.0110674 0.0384446 0.0130843
9 0.476925 0.0312243 0.0438896 0.0590603 0.0130399
5 0.907988 0.345399 0.183521 0.11408 0.0128934
2 0.0926848 0.349565 0.0388397 0.0372763 0.0126741
2 0.858752 0.369011 0.0379927 0.0321645 0.0126058
2 0.258367 0.338278 0.025298 0.0586335 0.012261
9 0.47666 0.0311175 0.0432265 0.058804 0.011989
