2 0.724364 0.491211 0.0994644 0.136679 0.705611
2 0.604093 0.232519 0.0443026 0.0550122 0.683601
2 0.72433 0.491363 0.100096 0.136241 0.666867
2 0.679859 0.178647 0.0336538 0.038965 0.657449
2 0.724197 0.491822 0.100419 0.136072 0.644062
2 0.679792 0.178695 0.0336281 0.0384598 0.637538
2 0.724482 0.491061 0.0998342 0.135376 0.635825
2 0.72463 0.490971 0.0992085 0.136043 0.629701
2 0.883021 0.148031 0.023547 0.035728 0.629639
2 0.883206 0.14751 0.0235161 0.0359322 0.620687
2 0.604717 0.231933 0.0466291 0.0527969 0.619656
2 0.72424 0.491516 0.0997137 0.136245 0.616968
2 0.606422 0.23172 0.042413 0.0542803 0.594797
2 0.680084 0.178233 0.0345362 0.038354 0.594026
2 0.724566 0.49133 0.0988588 0.136185 0.574857
2 0.679824 0.17828 0.0345695 0.0385332 0.565378
2 0.724871 0.491246 0.0988667 0.137326 0.554511
7 0.274007 0.36716 0.0909445 0.0857882 0.553765
7 0.27381 0.367247 0.0912617 0.0855832 0.54922
2 0.640003 0.244993 0.0474974 0.0501014 0.547522
2 0.679558 0.177618 0.0357194 0.0383425 0.536186
2 0.63948 0.245953 0.0491082 0.0507685 0.533507
2 0.679704 0.178669 0.03403 0.0366982 0.527328
2 0.63951 0.24511 0.0492937 0.049554 0.525747
2 0.603793 0.233782 0.0457582 0.0539709 0.516409
2 0.604537 0.231989 0.0444796 0.0522434 0.508993
2 0.88338 0.147859 0.024621 0.0361296 0.504883
2 0.938665 0.126061 0.0211121 0.0305175 0.502417
7 0.274443 0.367125 0.0915565 0.086409 0.498073
2 0.883345 0.146606 0.025189 0.0344084 0.496475
2 0.615478 0.174734 0.0349707 0.0341615 0.496322
2 0.724616 0.490711 0.0995335 0.137124 0.488576
2 0.724691 0.490864 0.0984894 0.13706 0.486416
2 0.640041 0.243733 0.0462593 0.0507076 0.482276
7 0.273671 0.367286 0.0907558 0.0857839 0.474749
2 0.615732 0.173357 0.0349179 0.0346346 0.470478
7 0.273724 0.367009 0.0906041 0.0847405 0.457077
2 0.883508 0.147141 0.0248871 0.0366358 0.454576
7 0.273904 0.367005 0.0910297 0.0847672 0.450708
2 0.604669 0.23183 0.0460258 0.0536233 0.443671
7 0.27408 0.36707 0.090975 0.0848038 0.434024
7 0.273568 0.367314 0.0912731 0.0853977 0.427488
2 0.67985 0.177949 0.0347435 0.0379872 0.419396
2 0.882865 0.1474 0.025565 0.0344668 0.41601
2 0.615319 0.174323 0.0342172 0.0346555 0.41308
2 0.61608 0.173563 0.035104 0.0350179 0.412685
7 0.274143 0.366989 0.091145 0.0852936 0.411884
2 0.882799 0.14619 0.023951 0.0369223 0.394165
2 0.639393 0.245105 0.049291 0.0503993 0.384114
2 0.0864185 0.0952172 0.0706067 0.0342579 0.376736
2 0.615866 0.173743 0.0352472 0.0346395 0.372714
2 0.68812 0.375009 0.0737635 0.0951446 0.371401
2 0.938606 0.126436 0.0205738 0.030158 0.366214
2 0.616665 0.17344 0.0355841 0.0349261 0.361946
2 0.604708 0.231425 0.0451591 0.0528037 0.358654
2 0.938636 0.126422 0.0201597 0.0300173 0.344872
2 0.0866476 0.0939452 0.0703975 0.032157 0.343437
2 0.688159 0.374798 0.0738021 0.0956268 0.342127
7 0.688157 0.374762 0.0745191 0.0949178 0.34071
2 0.654556 0.175697 0.0270536 0.034737 0.336478
2 0.60424 0.23166 0.0448776 0.0519415 0.335944
2 0.639497 0.24455 0.048891 0.0499491 0.334518
5 0.970668 0.197148 0.0370485 0.0664867 0.333523
2 0.688089 0.374903 0.0740971 0.0950967 0.331335
2 0.604858 0.232038 0.0456038 0.0522813 0.323412
7 0.688155 0.374954 0.0738787 0.0946352 0.315382
2 0.639646 0.24613 0.0491135 0.0513746 0.310402
2 0.679819 0.178065 0.0357297 0.0394906 0.309369
2 0.0804915 0.095575 0.0811932 0.0344053 0.302986
7 0.68819 0.374776 0.0738056 0.0944078 0.299001
2 0.726028 0.171848 0.0301912 0.0345822 0.296317
2 0.679967 0.177074 0.0353231 0.0371562 0.294252
2 0.639167 0.246268 0.0475817 0.0509996 0.292135
2 0.639895 0.243554 0.0482119 0.0489128 0.290545
2 0.654499 0.173158 0.0295485 0.0394288 0.289019
2 0.80257 0.102703 0.0235828 0.0231328 0.284505
2 0.654101 0.173851 0.0273269 0.0376501 0.282083
2 0.938454 0.125929 0.0214224 0.0308588 0.28195
2 0.688123 0.374216 0.0732502 0.0964728 0.281173
2 0.687208 0.375873 0.0760471 0.0928568 0.28032
7 0.545863 0.230211 0.0502186 0.0671004 0.269769
2 0.680072 0.178144 0.0337788 0.0387679 0.267354
2 0.725149 0.176098 0.0284855 0.0291079 0.264066
5 0.970046 0.196505 0.0369797 0.0683182 0.263625
2 0.688223 0.374056 0.0731718 0.0965447 0.260688
7 0.546086 0.231072 0.0501074 0.0660883 0.255367
2 0.604747 0.232073 0.0456791 0.0525234 0.251567
2 0.720237 0.158446 0.0250755 0.0203855 0.24306
7 0.546398 0.230492 0.0511469 0.0661065 0.240862
2 0.614077 0.173754 0.0346432 0.0331122 0.233072
7 0.545971 0.230525 0.050377 0.0674632 0.230522
5 0.970973 0.197268 0.0380627 0.0668086 0.222049
2 0.616889 0.172807 0.0352262 0.0360689 0.22127
2 0.654106 0.174019 0.0297451 0.0376018 0.220292
5 0.969867 0.19662 0.0400986 0.0672817 0.218311
2 0.801872 0.102941 0.0241293 0.0243418 0.211978
2 0.61648 0.17373 0.0359508 0.0349959 0.210597
2 0.82779 0.103336 0.0238626 0.0235297 0.20921
2 0.0790306 0.0965998 0.0846564 0.0393032 0.204757
2 0.970644 0.197339 0.0370575 0.0667217 0.202803
2 0.803116 0.102065 0.0243132 0.0239882 0.201391
2 0.545727 0.23048 0.0508948 0.0668333 0.199605
7 0.545807 0.23174 0.0503227 0.0656947 0.198449
2 0.0844457 0.0939179 0.0746811 0.0334589 0.198305
2 0.721919 0.148554 0.0311604 0.0359203 0.196931
7 0.546162 0.230205 0.0509656 0.0686201 0.193879
2 0.745318 0.118971 0.0223564 0.0255976 0.193525
5 0.970485 0.197275 0.0369789 0.0675976 0.192657
7 0.274548 0.367738 0.0896267 0.0845547 0.186565
2 0.0830845 0.0966632 0.0771771 0.0377851 0.185652
2 0.726706 0.169923 0.0313939 0.0332952 0.184963
2 0.654016 0.172742 0.0337043 0.0396516 0.183206
2 0.0716833 0.0972793 0.100172 0.0393088 0.177372
7 0.68829 0.375726 0.0740561 0.0950434 0.172901
2 0.916644 0.0740739 0.0215179 0.029512 0.169533
2 0.0861471 0.091274 0.0697549 0.0285704 0.169278
7 0.5459 0.230406 0.0501425 0.0655412 0.164049
5 0.971583 0.196823 0.0376095 0.0676868 0.158569
2 0.546029 0.230603 0.0503241 0.0681418 0.155675
2 0.721528 0.150888 0.0296038 0.0330379 0.154811
2 0.726205 0.170785 0.0316132 0.0322812 0.149764
2 0.0780733 0.0954375 0.0825859 0.0341896 0.148437
2 0.545947 0.23202 0.0498234 0.0635513 0.147551
2 0.883764 0.146877 0.0257792 0.0379181 0.142732
2 0.757014 0.101051 0.0215241 0.0202782 0.141564
2 0.726112 0.164488 0.0351382 0.0383804 0.141413
5 0.970096 0.197695 0.0370132 0.0668107 0.138552
2 0.0750677 0.0973481 0.0915764 0.0410325 0.136415
2 0.826213 0.102444 0.0261009 0.0256625 0.131514
2 0.768813 0.141487 0.0238958 0.0237285 0.124141
2 0.758373 0.0998032 0.0198861 0.0209196 0.121982
2 0.651447 0.169289 0.0383338 0.0460998 0.118757
2 0.939046 0.126327 0.0197838 0.0292433 0.115362
2 0.80253 0.102269 0.0239868 0.0246367 0.113843
2 0.0875636 0.0968413 0.0688893 0.0377626 0.112756
2 0.656568 0.176065 0.0295836 0.0372628 0.11267
2 0.676589 0.145714 0.0235533 0.0251182 0.112411
79 0.891812 0.969295 0.0177265 0.0595444 0.107958
2 0.604834 0.231272 0.0456411 0.0513585 0.10717
2 0.816523 0.0822374 0.0316999 0.0222791 0.102164
2 0.818777 0.101512 0.0381188 0.0256214 0.101725
2 0.654593 0.169185 0.0351603 0.046899 0.0978973
5 0.96968 0.19678 0.0388477 0.067639 0.0967512
2 0.0675659 0.0978918 0.105611 0.0412108 0.0952945
79 0.891641 0.969609 0.0185131 0.0596796 0.0942332
2 0.730447 0.168919 0.0398437 0.0389139 0.0929663
2 0.723141 0.147075 0.0323544 0.0358676 0.0922823
2 0.67496 0.146601 0.0252966 0.0245086 0.0917803
2 0.917449 0.0769364 0.0183037 0.0239739 0.0915897
2 0.0782918 0.0943146 0.085929 0.0336751 0.0911957
2 0.82509 0.103109 0.0282669 0.0246389 0.0907022
2 0.333232 0.0528831 0.0398479 0.0222246 0.0859155
0 0.0573053 0.0688727 0.0460066 0.0862445 0.0828925
2 0.333006 0.0535034 0.0421794 0.0231099 0.0827739
2 0.616172 0.172748 0.0346287 0.0361554 0.0827195
5 0.971621 0.197362 0.0384861 0.066468 0.0819794
2 0.0107001 0.10188 0.0213109 0.0307055 0.0812573
5 0.989186 0.115815 0.0210148 0.231631 0.0810832
2 0.33357 0.0524961 0.0409962 0.0224307 0.0787444
2 0.639319 0.246927 0.0493711 0.0523906 0.0732184
2 0.450711 0.0359236 0.0346058 0.0212568 0.0711812
2 0.450274 0.0356427 0.0342478 0.020669 0.0706847
2 0.603946 0.232807 0.0432915 0.0518926 0.0698807
2 0.0892247 0.095366 0.06456 0.0345544 0.0683724
5 0.361535 0.0310328 0.101229 0.0620656 0.0680417
2 0.0102122 0.101372 0.0203616 0.0303028 0.067841
5 0.399953 0.0321816 0.177034 0.0643631 0.0677731
2 0.768701 0.134705 0.0306936 0.0395673 0.0677054
5 0.366544 0.0315024 0.112064 0.0630048 0.0664383
5 0.938534 0.124823 0.0206085 0.0323595 0.0660535
2 0.679942 0.178441 0.0337713 0.0375734 0.0650613
2 0.0613115 0.102686 0.120914 0.0510371 0.0645651
2 0.719008 0.14844 0.0278223 0.0364395 0.0641939
0 0.065892 0.0561054 0.0286326 0.0615523 0.0640505
5 0.989072 0.114519 0.0211685 0.229039 0.0638501
2 0.831739 0.104643 0.0235386 0.0249688 0.0631899
2 0.450947 0.0358217 0.0352504 0.0219815 0.0626649
2 0.758654 0.100128 0.0238871 0.0230948 0.0618398
2 0.769336 0.127809 0.0320659 0.0389042 0.0618044
2 0.604282 0.23294 0.0446758 0.0512101 0.0603773
5 0.440594 0.0248444 0.0946671 0.0496888 0.0602512
2 0.770456 0.131457 0.0287745 0.041523 0.05999
0 0.0657119 0.0552743 0.0280353 0.058149 0.0573497
2 0.725381 0.157043 0.033769 0.0406621 0.0561595
5 0.397742 0.0315131 0.173741 0.0627929 0.0546378
2 0.654278 0.178077 0.0274739 0.0338168 0.0545704
2 0.611464 0.173446 0.0429686 0.0365321 0.0545016
2 0.687338 0.377472 0.0753469 0.0908784 0.054465
0 0.0643594 0.056221 0.0276363 0.0591439 0.0543039
5 0.366075 0.0317748 0.111509 0.062486 0.0542484
2 0.729921 0.170843 0.0397085 0.0401613 0.0538159
2 0.628945 0.261858 0.0263039 0.0256124 0.0530196
2 0.914956 0.0727213 0.0260166 0.0323236 0.0522595
2 0.640218 0.243507 0.0463579 0.0477696 0.0502988
2 0.450079 0.0356454 0.0345415 0.0205156 0.0502187
5 0.39882 0.0287589 0.180714 0.0575179 0.0489574
5 0.401101 0.0335941 0.180753 0.0671882 0.0481359
7 0.5438 0.232167 0.0463607 0.0627367 0.048128
2 0.770766 0.126136 0.0290684 0.0362369 0.047667
7 0.273976 0.367248 0.0916876 0.0852792 0.0476103
5 0.361542 0.0320259 0.100613 0.062483 0.0475448
7 0.0604328 0.0758967 0.120627 0.0920237 0.0473294
2 0.757899 0.120567 0.0474233 0.0321057 0.0461632
2 0.807529 0.103188 0.0305534 0.0268781 0.0460749
0 0.534276 0.0237964 0.0181273 0.0208003 0.0455237
5 0.441586 0.0236499 0.0923121 0.0472999 0.0449605
7 0.0590993 0.0756 0.11776 0.0901285 0.0443665
79 0.891667 0.969327 0.0173859 0.0602871 0.0415733
7 0.0405211 0.0756523 0.0808526 0.0896208 0.0415387
2 0.639767 0.245758 0.0480442 0.0496424 0.0412275
2 0.54589 0.233142 0.0487263 0.0610241 0.0411198
2 0.722228 0.146988 0.0315049 0.0368711 0.0410703
2 0.827569 0.0832018 0.0366564 0.0286247 0.0408761
2 0.969519 0.205792 0.0363712 0.050482 0.040098
0 0.0663373 0.0557089 0.029243 0.0604202 0.0398765
0 0.534452 0.0242538 0.0182865 0.01956 0.0398106
2 0.061102 0.104001 0.121464 0.051693 0.0391262
5 0.440723 0.0250055 0.0927487 0.0500109 0.0386247
2 0.677134 0.142368 0.0236713 0.0281663 0.0379028
2 0.748014 0.115358 0.0267684 0.0300685 0.037796
7 0.0602201 0.0807609 0.12044 0.104875 0.0375876
5 0.971535 0.196182 0.0393528 0.0676829 0.0368013
2 0.68832 0.37477 0.0739113 0.0938767 0.0359594
7 0.274564 0.366888 0.0884798 0.0835788 0.0355586
0 0.0646298 0.0544334 0.0255352 0.053934 0.0350807
7 0.545026 0.23038 0.0490154 0.0649456 0.0346951
79 0.889377 0.96915 0.0228996 0.0596973 0.0346539
2 0.617818 0.172255 0.0359392 0.0376841 0.0344289
7 0.0609358 0.0763743 0.121472 0.0938219 0.0340633
2 0.716723 0.151483 0.0229885 0.0324387 0.0340375
2 0.442019 0.0236056 0.0913135 0.0472111 0.033996
2 0.272322 0.0639663 0.0260463 0.0138452 0.0334103
2 0.156581 0.0863376 0.0660833 0.0193407 0.0332309
6 0.400942 0.0336426 0.1808 0.0672852 0.0331554
5 0.446616 0.0240786 0.0802034 0.0471434 0.0328565
5 0.399191 0.0296556 0.180072 0.0592437 0.0326162
2 0.159034 0.0851088 0.0596229 0.0156539 0.0325725
2 0.719141 0.184967 0.0178705 0.0229475 0.0313743
2 0.969685 0.20838 0.0336308 0.0453208 0.030404
2 0.76232 0.102008 0.0318741 0.0244633 0.0301677
2 0.0695171 0.0974168 0.0988556 0.0411577 0.0299877
2 0.0607357 0.104928 0.121131 0.0506962 0.0297506
2 0.611813 0.174325 0.0417836 0.0346513 0.0293395
2 0.770451 0.130623 0.0294656 0.0397125 0.029287
2 0.812569 0.0822138 0.0229601 0.0215804 0.0292716
2 0.0703118 0.095697 0.0899998 0.0365823 0.0292622
2 0.733175 0.154095 0.0475649 0.0482998 0.0288685
2 0.626635 0.264093 0.0211029 0.0247527 0.0286958
2 0.840469 0.0816367 0.0170166 0.0235278 0.0286071
0 0.053525 0.0696019 0.0602222 0.0857921 0.0283077
2 0.441425 0.023592 0.0907592 0.0469196 0.0277976
2 0.915043 0.0755784 0.0239307 0.0280394 0.0275752
2 0.723286 0.140162 0.0293535 0.0259926 0.0270409
2 0.272426 0.06378 0.0270016 0.0141133 0.0263415
2 0.745374 0.119882 0.0230261 0.0269441 0.0262032
2 0.754713 0.102222 0.0291766 0.0254572 0.0260847
5 0.989417 0.12111 0.0206108 0.240645 0.0259206
7 0.274557 0.368108 0.0881449 0.0815448 0.025789
2 0.881497 0.147815 0.027672 0.0371808 0.02526
2 0.767649 0.127732 0.035543 0.0495235 0.0251553
2 0.538669 0.234349 0.035327 0.05952 0.024694
2 0.663195 0.168037 0.0520613 0.0539455 0.0245831
2 0.687553 0.37583 0.0746041 0.0930828 0.0244029
2 0.838863 0.0936152 0.0173626 0.0183868 0.0240988
2 0.721743 0.149417 0.0274969 0.0374153 0.0239444
79 0.890716 0.969731 0.0189091 0.0598328 0.0238162
2 0.796898 0.283668 0.0274782 0.0383437 0.0231196
7 0.0602649 0.0797903 0.119918 0.107525 0.0228146
2 0.145346 0.0849529 0.0362475 0.0166788 0.0228028
2 0.0636904 0.101499 0.115281 0.0504554 0.0225238
2 0.831456 0.103179 0.0314758 0.0265022 0.0225083
2 0.0618169 0.100672 0.119822 0.0483135 0.0222144
2 0.759957 0.12872 0.0515913 0.0445209 0.0214995
2 0.272885 0.062511 0.026494 0.0159502 0.0213741
2 0.770454 0.132761 0.0280906 0.0396638 0.0213449
79 0.891668 0.969632 0.0183115 0.0605724 0.0213093
7 0.0392702 0.0730207 0.0782195 0.0858758 0.0212656
7 0.058944 0.0739857 0.117222 0.092106 0.0209565
2 0.061301 0.0870079 0.119145 0.0694725 0.0206154
7 0.0388427 0.0712378 0.0774037 0.0786767 0.020401
2 0.726407 0.16284 0.0351944 0.0617689 0.0198876
2 0.881377 0.147076 0.0273708 0.0368153 0.0197827
2 0.0983572 0.0887292 0.0481021 0.0250263 0.019651
2 0.0113766 0.101983 0.022544 0.0339652 0.0194886
2 0.642296 0.171686 0.038233 0.0374945 0.0192967
2 0.173474 0.0835842 0.0468349 0.0136073 0.0192789
0 0.0717127 0.0672714 0.0967299 0.0885681 0.0192066
79 0.889344 0.969442 0.0234167 0.059848 0.0188295
0 0.0660497 0.0558386 0.0276945 0.0601935 0.0186932
2 0.152213 0.0920245 0.0647182 0.0293086 0.0183538
2 0.441783 0.0231905 0.0929971 0.045972 0.017771
2 0.74531 0.119407 0.0240671 0.0279982 0.0176137
2 0.442288 0.0236126 0.0919129 0.0472252 0.0176124
2 0.0113853 0.101193 0.0222971 0.0310558 0.0175941
0 0.0375382 0.0958557 0.0254627 0.0345434 0.0175571
7 0.0451273 0.070948 0.0902545 0.0797822 0.0175127
2 0.436859 0.0242835 0.0779137 0.0465672 0.0174814
7 0.0607287 0.0808323 0.121457 0.109438 0.0173688
2 0.665174 0.166085 0.0485115 0.052038 0.0169882
2 0.743567 0.11983 0.0288595 0.0306829 0.0166237
