5 0.487802 0.617697 0.403954 0.421763 0.906088
5 0.488245 0.617204 0.402717 0.421571 0.897279
2 0.503594 0.8597 0.237626 0.269539 0.875395
2 0.503992 0.859438 0.237733 0.269813 0.875158
5 0.488942 0.617175 0.401702 0.421956 0.870906
5 0.488736 0.617922 0.403183 0.422969 0.86836
2 0.504082 0.859383 0.238017 0.270658 0.857774
2 0.503956 0.860606 0.2371 0.27104 0.854969
5 0.488405 0.616458 0.402286 0.425849 0.84628
2 0.503445 0.859621 0.237773 0.270012 0.84585
2 0.504056 0.860603 0.237346 0.270342 0.843305
5 0.489721 0.618402 0.400718 0.425698 0.840447
2 0.634828 0.242843 0.0715536 0.0460406 0.838597
5 0.488815 0.617277 0.400747 0.426602 0.82486
2 0.635048 0.242797 0.0728361 0.0455341 0.820065
5 0.488417 0.615811 0.402772 0.422966 0.819902
5 0.488218 0.615792 0.404148 0.423245 0.816501
2 0.635017 0.242763 0.0716612 0.0461256 0.811731
5 0.490001 0.618537 0.402872 0.425596 0.80638
2 0.635501 0.242872 0.0706278 0.0459204 0.801931
2 0.635345 0.243026 0.0716358 0.0461396 0.769913
2 0.503534 0.860112 0.237274 0.271173 0.768016
2 0.503851 0.860433 0.237706 0.270911 0.759822
2 0.488259 0.362396 0.101859 0.0731123 0.758842
2 0.6355 0.242401 0.0712758 0.047441 0.75346
2 0.488528 0.361992 0.102015 0.073219 0.750291
2 0.488423 0.362437 0.101847 0.0729944 0.748027
2 0.635432 0.242996 0.071325 0.0466624 0.743392
2 0.504238 0.859158 0.2361 0.26733 0.739769
2 0.488445 0.362133 0.1012 0.0736545 0.733005
2 0.488208 0.362225 0.101238 0.0729495 0.728685
2 0.488325 0.361925 0.102121 0.07319 0.722916
2 0.635395 0.242745 0.071973 0.0454796 0.715904
2 0.63468 0.24263 0.0700698 0.0455136 0.713485
2 0.0866088 0.459759 0.0823243 0.1172 0.708554
2 0.50401 0.860243 0.237522 0.269803 0.702866
2 0.488416 0.362269 0.101802 0.0726981 0.70055
2 0.4887 0.362663 0.101695 0.0736049 0.67159
2 0.635299 0.243046 0.071747 0.046895 0.670011
2 0.488044 0.362341 0.101349 0.0732053 0.66521
2 0.0866818 0.459777 0.0828275 0.117718 0.645238
2 0.0866251 0.459997 0.082556 0.116847 0.64026
2 0.0867205 0.459698 0.082733 0.117369 0.629699
2 0.81856 0.299621 0.100549 0.0502237 0.604828
2 0.818626 0.298469 0.100444 0.0498675 0.592943
2 0.0866911 0.459953 0.0828536 0.117574 0.590004
2 0.0865846 0.459794 0.082471 0.116519 0.58064
2 0.0864326 0.460078 0.0829472 0.117603 0.578654
2 0.818527 0.299603 0.10042 0.050046 0.578255
2 0.818666 0.298439 0.10035 0.0495634 0.57
2 0.487379 0.362718 0.103789 0.0725739 0.56389
2 0.549407 0.200396 0.0480059 0.0336816 0.560326
2 0.0868112 0.460408 0.0825349 0.1173 0.55719
2 0.549173 0.200313 0.0477535 0.0332603 0.553402
2 0.549014 0.200357 0.047941 0.0336656 0.525864
2 0.549526 0.199956 0.0490696 0.0342022 0.522937
2 0.635196 0.242584 0.0716522 0.0461186 0.521944
2 0.818482 0.300194 0.100954 0.0487737 0.510201
2 0.086641 0.459866 0.0830027 0.116954 0.503052
2 0.549367 0.20015 0.0489576 0.0343676 0.491202
2 0.81781 0.300341 0.100527 0.0465781 0.478783
2 0.819039 0.298694 0.100817 0.0488355 0.472716
2 0.966741 0.27562 0.0659023 0.05851 0.472509
2 0.367125 0.170278 0.036692 0.0235624 0.453897
2 0.548757 0.200223 0.0478127 0.0333208 0.431917
2 0.366482 0.170095 0.0354545 0.0233116 0.42793
2 0.966403 0.275812 0.0656193 0.0575508 0.413462
2 0.967491 0.277258 0.0642925 0.0560098 0.404028
2 0.818186 0.29985 0.101473 0.0472123 0.391533
2 0.550117 0.199629 0.0480579 0.0340881 0.389968
2 0.819076 0.299782 0.0996351 0.0489195 0.378774
2 0.367311 0.170543 0.0371674 0.0236443 0.372048
2 0.966542 0.275331 0.0660107 0.0601359 0.370729
2 0.966243 0.276558 0.0664654 0.0565127 0.356793
2 0.966408 0.275209 0.0657002 0.0593793 0.350475
2 0.968129 0.276333 0.0631548 0.0580546 0.350075
2 0.966813 0.276316 0.0658543 0.0577568 0.340602
2 0.967158 0.278047 0.0646103 0.0530904 0.336236
2 0.156861 0.219789 0.0309261 0.0272881 0.334102
2 0.157023 0.219908 0.0317191 0.0280522 0.328398
2 0.818593 0.299648 0.100988 0.0508424 0.316343
2 0.367773 0.169669 0.0376442 0.0225139 0.29579
2 0.549083 0.199614 0.0485764 0.0341574 0.282773
2 0.0865644 0.459671 0.0826409 0.116315 0.277743
2 0.156654 0.219416 0.0329144 0.0285346 0.243816
2 0.966673 0.274469 0.0661201 0.0610758 0.241969
2 0.635485 0.242744 0.0712782 0.047475 0.241138
2 0.549943 0.199833 0.0499405 0.0327774 0.240874
2 0.157189 0.218171 0.0315311 0.0295212 0.23703
2 0.548889 0.200578 0.0485741 0.0318609 0.21963
2 0.444291 0.184768 0.0180506 0.026073 0.218004
2 0.36734 0.17041 0.0366863 0.0243484 0.21241
2 0.156432 0.22069 0.031862 0.0278782 0.207046
2 0.156813 0.219846 0.0303302 0.0298318 0.19909
2 0.512929 0.185006 0.0395263 0.0332121 0.192585
2 0.81733 0.301601 0.100505 0.0462421 0.190698
2 0.366573 0.170384 0.035656 0.0239961 0.182783
2 0.965823 0.278636 0.0673441 0.051137 0.180446
2 0.965998 0.272045 0.0670549 0.0624092 0.168595
0 0.0655765 0.172036 0.0134611 0.0334868 0.161288
2 0.819222 0.300512 0.0994373 0.0463891 0.160164
2 0.518052 0.185919 0.0498624 0.0321893 0.158697
2 0.156726 0.220537 0.0311954 0.0279518 0.15293
2 0.966338 0.273919 0.066386 0.0604356 0.152433
2 0.518641 0.185977 0.0484005 0.0335153 0.144968
2 0.0868494 0.45955 0.0826896 0.115794 0.140407
2 0.367515 0.170661 0.0384666 0.0242861 0.139632
2 0.503774 0.859997 0.236725 0.27175 0.136734
2 0.156974 0.218158 0.0316997 0.0300567 0.126033
2 0.0360596 0.304459 0.0287989 0.0453581 0.123871
0 0.0450523 0.159771 0.0150943 0.0346202 0.120424
0 0.0657582 0.173244 0.0129083 0.0324971 0.113459
2 0.0362956 0.305225 0.0290996 0.0438025 0.109443
2 0.156567 0.220893 0.0330999 0.0277452 0.105538
9 0.704572 0.101492 0.0222233 0.031996 0.104273
2 0.0360859 0.303495 0.0289915 0.0440422 0.102737
0 0.0830259 0.168236 0.0140137 0.0376977 0.0980582
2 0.05481 0.236819 0.0247792 0.0265887 0.0975852
2 0.82422 0.29807 0.0884766 0.0435554 0.0950645
2 0.0228562 0.334327 0.0439536 0.0777058 0.0935027
2 0.0218998 0.339916 0.0425937 0.065521 0.0934493
2 0.517668 0.185988 0.0457337 0.03389 0.0897489
2 0.444322 0.185936 0.0176794 0.0274578 0.0894755
2 0.444639 0.184223 0.0208059 0.0274601 0.0892744
2 0.454277 0.182056 0.0325321 0.0283467 0.0878229
0 0.0445117 0.1624 0.0152829 0.0396158 0.0835538
9 0.7037 0.102603 0.0196189 0.0291467 0.0832357
2 0.366932 0.168785 0.0377914 0.0264775 0.0832087
2 0.834326 0.295325 0.069442 0.0374196 0.081875
2 0.0369274 0.307061 0.0285402 0.0431491 0.0807545
9 0.703649 0.10194 0.0198717 0.0282357 0.0791247
2 0.0227544 0.34286 0.0410123 0.0570954 0.0791003
2 0.0218534 0.338391 0.0429523 0.0655925 0.0776098
2 0.15669 0.218138 0.0331097 0.0303082 0.0765654
9 0.7063 0.100973 0.0207402 0.0336362 0.0752774
2 0.0561193 0.240458 0.0247663 0.0298086 0.0741227
0 0.0836085 0.17017 0.0146376 0.0387485 0.0732874
2 0.514769 0.18635 0.0419069 0.0312277 0.0728539
2 0.456561 0.181625 0.0304462 0.0271122 0.0713363
9 0.116841 0.138668 0.0135304 0.0193975 0.0685253
9 0.116766 0.137804 0.0127086 0.0191986 0.0675165
9 0.835736 0.114344 0.0150959 0.0258624 0.0668482
0 0.0981627 0.288256 0.0523591 0.114384 0.0645675
2 0.010111 0.382768 0.0200818 0.0836544 0.0643639
2 0.366692 0.168451 0.0366665 0.0264212 0.0603772
2 0.503188 0.185769 0.0229919 0.0283305 0.0592436
2 0.0551226 0.237594 0.0339844 0.0323354 0.0586945
2 0.301645 0.194927 0.0182734 0.0175972 0.0569307
0 0.0831161 0.165858 0.0135412 0.0344161 0.0568869
2 0.460703 0.181335 0.0232395 0.026502 0.0551279
2 0.0259478 0.313898 0.044921 0.062549 0.047737
2 0.0224931 0.34049 0.0411774 0.0603376 0.0456165
2 0.0235822 0.328644 0.0455365 0.0868304 0.044894
2 0.0261446 0.31976 0.0481929 0.0756582 0.0442612
0 0.0641569 0.170755 0.0139673 0.0363138 0.0440213
0 0.0788781 0.630242 0.0191082 0.0521353 0.0439878
2 0.543821 0.195555 0.0378696 0.0250767 0.0421917
0 0.0783718 0.623673 0.0189386 0.0601248 0.0407735
2 0.0986629 0.251001 0.0330271 0.0390276 0.0399292
2 0.00929113 0.408982 0.016983 0.028203 0.0394889
2 0.459646 0.180284 0.0232535 0.0281262 0.0393495
0 0.0860716 0.165538 0.0111872 0.0345048 0.0385811
2 0.966601 0.276607 0.066153 0.0546613 0.0373861
9 0.608733 0.102815 0.0242992 0.0310464 0.0373343
9 0.868405 0.110604 0.01348 0.0348404 0.0371717
2 0.0233277 0.347044 0.0407007 0.0517362 0.036553
2 0.00960399 0.380747 0.019208 0.0831808 0.0362953
9 0.780897 0.134193 0.0246681 0.027888 0.0359812
2 0.53039 0.185193 0.0251022 0.0302845 0.0357025
2 0.0991808 0.250864 0.0314233 0.03898 0.0349515
2 0.023289 0.331223 0.0428444 0.0774633 0.0347668
2 0.0219084 0.337128 0.042368 0.0667151 0.034492
2 0.452846 0.18397 0.0351949 0.0291276 0.0342333
2 0.823209 0.300637 0.0904949 0.0470994 0.0335574
2 0.00995388 0.376508 0.0196399 0.0952152 0.0332567
0 0.0232892 0.815898 0.036619 0.105236 0.0328452
0 0.0652067 0.169841 0.0154932 0.0365275 0.0328428
0 0.0642137 0.174784 0.0126213 0.034774 0.0326506
9 0.702677 0.102612 0.0210228 0.0299845 0.0324377
9 0.869086 0.111522 0.0138641 0.034536 0.0322008
2 0.302118 0.182666 0.0194926 0.0303309 0.031599
0 0.0993935 0.289172 0.0568082 0.114858 0.0315163
0 0.044919 0.164869 0.01662 0.0382643 0.0311683
2 0.518752 0.184786 0.050992 0.0368465 0.030885
2 0.022675 0.328325 0.0449478 0.0862799 0.0298766
2 0.100086 0.250143 0.032784 0.0392281 0.0298403
9 0.754093 0.171332 0.0106833 0.0257048 0.0296765
2 0.019256 0.364406 0.0383427 0.105022 0.0292258
2 0.0567206 0.240444 0.0296183 0.0333201 0.0291461
2 0.0583217 0.243561 0.0289302 0.0313416 0.0287429
0 0.099612 0.288917 0.0579397 0.114674 0.0285073
9 0.610085 0.104984 0.0219521 0.0288847 0.0283761
2 0.0531945 0.23552 0.0302293 0.0288275 0.0281635
9 0.702056 0.102402 0.0198179 0.0297375 0.0280928
2 0.0243735 0.326554 0.0459837 0.0795156 0.0280734
2 0.322329 0.175366 0.0138989 0.0232325 0.0275835
2 0.516719 0.183531 0.0461748 0.0351344 0.0275423
2 0.0366867 0.303417 0.0289576 0.0442031 0.0274677
2 0.301439 0.193709 0.0186302 0.0206368 0.0274263
2 0.00900636 0.40915 0.0168825 0.0252561 0.0274033
0 0.0985166 0.289143 0.0507521 0.115192 0.0265727
2 0.836429 0.289874 0.0650414 0.0314242 0.0260202
2 0.81888 0.300926 0.0991007 0.0472966 0.0260063
9 0.925731 0.113653 0.0196552 0.0359769 0.0253339
0 0.57966 0.180634 0.0130751 0.0340918 0.0251043
2 0.0217182 0.334091 0.0434364 0.0667215 0.0248968
0 0.0451138 0.155276 0.0154806 0.0282018 0.0247892
2 0.220491 0.267802 0.0289456 0.0288854 0.0245611
2 0.0865523 0.456786 0.0816255 0.108184 0.024459
0 0.0255878 0.80898 0.0478031 0.125423 0.0243677
9 0.609923 0.103765 0.0200766 0.0285692 0.0242264
9 0.855567 0.113301 0.0184567 0.0261191 0.0235166
0 0.0979733 0.2917 0.057503 0.104689 0.0233689
7 0.965952 0.198645 0.0675497 0.213605 0.023293
2 0.316675 0.176524 0.0246567 0.0225077 0.0232502
2 0.217882 0.171391 0.04942 0.032333 0.0232102
0 0.0655828 0.178039 0.0153855 0.0417919 0.0231499
2 0.212583 0.171008 0.0423948 0.0303837 0.0231195
0 0.00934044 0.376192 0.018533 0.092367 0.0230299
2 0.459937 0.180614 0.0238279 0.0281472 0.022991
9 0.926213 0.111386 0.0184883 0.0367142 0.0227886
10 0.0263051 0.823231 0.0405954 0.0905125 0.0226977
9 0.780101 0.134156 0.021323 0.0261068 0.0226328
10 0.0269051 0.825919 0.0409759 0.0857781 0.0225761
2 0.208082 0.175077 0.0342309 0.0243572 0.0225508
2 0.0999067 0.250146 0.0318919 0.0389574 0.0221214
0 0.0982026 0.298706 0.0561925 0.0926868 0.0218776
0 0.0998374 0.289069 0.0593945 0.116094 0.021827
2 0.0219823 0.347629 0.0424792 0.0565811 0.0216242
0 0.146326 0.176621 0.0121068 0.0204652 0.0214237
0 0.0794663 0.63232 0.0196686 0.0473602 0.0211899
0 0.579655 0.179073 0.0138052 0.0347229 0.0211462
2 0.029126 0.30756 0.0413757 0.0485018 0.020843
0 0.68088 0.20658 0.0111298 0.0286095 0.0208262
2 0.0178139 0.781821 0.0293149 0.0369478 0.0208004
0 0.0989863 0.288649 0.0528588 0.11618 0.0206923
2 0.0102864 0.346603 0.0205727 0.0485898 0.0205071
2 0.210512 0.173792 0.0403029 0.0267702 0.0205021
9 0.861903 0.110334 0.0229599 0.0321897 0.0203159
9 0.78024 0.134267 0.0218752 0.0267991 0.0197838
2 0.833309 0.436026 0.0247356 0.0180159 0.0193761
9 0.544658 0.104766 0.0150114 0.0236629 0.0186959
2 0.0346751 0.284641 0.0333413 0.070896 0.0186499
2 0.0181821 0.785439 0.0289864 0.0399937 0.0183914
2 0.833507 0.436035 0.0232655 0.0165794 0.0181
0 0.735792 0.208274 0.0135992 0.0296503 0.0180696
9 0.924713 0.115719 0.0191368 0.0291819 0.0177891
2 0.270568 0.166316 0.0556552 0.0386962 0.01749
11 0.729949 0.159117 0.0268373 0.025393 0.0174868
9 0.778472 0.134081 0.0219812 0.026263 0.0174433
2 0.200304 0.178193 0.0205732 0.0211747 0.0172117
2 0.0577501 0.267 0.0344444 0.0367457 0.0169684
2 0.966016 0.2546 0.0670094 0.0991533 0.0169251
2 0.0251568 0.307485 0.0502691 0.072916 0.0168811
0 0.144934 0.174853 0.0116236 0.0214258 0.0167079
2 0.287865 0.170044 0.0202889 0.028572 0.0165116
2 0.100973 0.249523 0.0336017 0.0404683 0.0164123
2 0.452573 0.181615 0.0366938 0.0306028 0.0161813
9 0.779755 0.1343 0.0244335 0.0273638 0.0161615
0 0.0255384 0.812586 0.0458931 0.117499 0.0160378
9 0.835022 0.116764 0.0141521 0.0190154 0.01593
2 0.218686 0.172768 0.0548425 0.0324406 0.0157
2 0.549129 0.201901 0.0488981 0.0354527 0.0156871
0 0.0256055 0.812571 0.0460685 0.116476 0.0155284
9 0.608002 0.103361 0.0205828 0.0293815 0.0155077
10 0.833637 0.436362 0.0238316 0.0179367 0.0154144
7 0.967518 0.198634 0.0645916 0.215818 0.0151351
9 0.84346 0.112773 0.0186356 0.0250019 0.0151017
0 0.0550184 0.161414 0.010133 0.0309482 0.0148374
9 0.850727 0.111541 0.0205376 0.0291655 0.0148352
2 0.0632447 0.278182 0.0263815 0.037789 0.0146999
9 0.839505 0.114809 0.0166599 0.0214334 0.0146551
2 0.243069 0.168888 0.0991552 0.0407314 0.0145489
2 0.367456 0.168351 0.0390111 0.0274577 0.0144558
9 0.841499 0.155534 0.0161467 0.0360883 0.0144271
0 0.0767791 0.614078 0.0256014 0.0838529 0.0141798
10 0.025844 0.828705 0.0395277 0.0807232 0.0140032
11 0.730142 0.159055 0.0256468 0.0264003 0.0139459
0 0.0902327 0.165377 0.0110563 0.028296 0.0139382
0 0.0767746 0.614794 0.0254492 0.0824431 0.0138122
9 0.61031 0.104823 0.0225803 0.0314451 0.0138105
2 0.0233304 0.307511 0.0465971 0.126068 0.0137572
2 0.0253185 0.345581 0.0429156 0.0551762 0.0135742
9 0.155286 0.132042 0.0173028 0.0351008 0.0134972
0 0.0771345 0.613524 0.0248883 0.0812806 0.0134006
2 0.0599161 0.25306 0.0253026 0.025143 0.0132066
2 0.0644025 0.259393 0.0247154 0.0249195 0.0131801
2 0.817848 0.302621 0.100314 0.0452448 0.0131405
0 0.0393198 0.161543 0.0136652 0.0313477 0.0130656
9 0.951915 0.108846 0.0143837 0.0363777 0.0130116
2 0.0372041 0.2636 0.0338927 0.0527408 0.0127043
9 0.407566 0.147299 0.0116582 0.0180066 0.0126455
9 0.230555 0.109139 0.00666447 0.0310789 0.0125253
2 0.0652592 0.267104 0.0255137 0.0254774 0.0125112
0 0.0988314 0.298739 0.0526064 0.0912373 0.012496
9 0.948239 0.109925 0.0163145 0.0407979 0.0124814
9 0.948508 0.109458 0.0140718 0.0390127 0.012463
2 0.0250595 0.337164 0.0454012 0.0688941 0.0123634
9 0.153383 0.129822 0.0196704 0.0309329 0.0123408
0 0.154209 0.178508 0.0135794 0.0181685 0.0121075
