2 0.0712067 0.879509 0.142413 0.130422 0.7917
2 0.248686 0.495028 0.0994381 0.0721164 0.789735
2 0.677373 0.934505 0.186439 0.130706 0.778547
2 0.0711694 0.879276 0.142254 0.130481 0.776448
2 0.249026 0.494819 0.0997495 0.0726473 0.771565
2 0.0709226 0.878607 0.141845 0.130732 0.769926
2 0.0712336 0.87936 0.142091 0.131042 0.766163
2 0.248941 0.494571 0.0995246 0.071928 0.764631
2 0.0714014 0.878988 0.142379 0.130571 0.763981
2 0.0713113 0.879585 0.142131 0.131654 0.753441
2 0.678024 0.934144 0.185248 0.130673 0.746584
2 0.677321 0.934292 0.185899 0.130407 0.745633
2 0.248929 0.494641 0.099259 0.0726593 0.735192
2 0.678228 0.934372 0.184974 0.130835 0.731019
2 0.24903 0.49469 0.0990395 0.0724727 0.719511
2 0.0710074 0.879741 0.141663 0.131958 0.712783
2 0.27567 0.88257 0.194426 0.155235 0.703432
2 0.0703931 0.95109 0.139631 0.0972685 0.69024
2 0.276229 0.883519 0.194046 0.157239 0.687799
2 0.248983 0.494544 0.0994901 0.0732182 0.687532
2 0.06929 0.951034 0.137689 0.0966064 0.685536
2 0.0704967 0.95008 0.139144 0.0978779 0.685503
2 0.249134 0.494645 0.0987901 0.0718705 0.68464
2 0.248834 0.494529 0.10008 0.0729736 0.68183
2 0.678355 0.934265 0.18361 0.130422 0.673946
2 0.275674 0.884947 0.194177 0.159036 0.655089
2 0.678471 0.934526 0.183546 0.130509 0.647757
2 0.249201 0.494846 0.0989525 0.0722593 0.647226
2 0.27652 0.884635 0.194776 0.158605 0.639012
2 0.274997 0.881816 0.195444 0.154102 0.621234
2 0.679188 0.934908 0.18365 0.130184 0.619015
2 0.0705227 0.951343 0.139989 0.0963652 0.612331
2 0.248593 0.494904 0.102176 0.0727163 0.603773
2 0.27575 0.886992 0.194159 0.160513 0.593045
2 0.275513 0.885229 0.194698 0.159676 0.580602
2 0.0702342 0.950948 0.139597 0.0974293 0.571417
2 0.0710443 0.879659 0.141671 0.131297 0.569476
2 0.0695393 0.951102 0.138402 0.0972017 0.565216
2 0.0712384 0.950958 0.13874 0.0970863 0.560513
2 0.0693996 0.951438 0.138708 0.096199 0.557292
2 0.0703778 0.953242 0.136886 0.0929892 0.554721
2 0.0698994 0.950888 0.139409 0.0976324 0.530929
2 0.0716174 0.951025 0.142334 0.0973431 0.515696
2 0.677381 0.934402 0.186137 0.130627 0.498075
2 0.070738 0.951102 0.141476 0.0977964 0.470904
0 0.729409 0.466714 0.020322 0.0571102 0.469335
2 0.275173 0.885044 0.190233 0.160272 0.454169
7 0.974884 0.603853 0.049222 0.102175 0.450501
7 0.974919 0.607156 0.0495888 0.0951977 0.430732
2 0.678901 0.934955 0.184255 0.13009 0.404575
7 0.975313 0.601705 0.0488651 0.106103 0.391971
7 0.974789 0.608366 0.0493357 0.0931235 0.376966
9 0.154611 0.421419 0.0123711 0.0289242 0.349945
7 0.975165 0.607314 0.0491737 0.0953205 0.336552
2 0.0713342 0.878878 0.142668 0.130229 0.330814
0 0.729465 0.467177 0.0203375 0.0594976 0.328887
7 0.974811 0.608091 0.0493393 0.0950097 0.327508
7 0.975073 0.606718 0.0492832 0.0964437 0.320855
0 0.72918 0.465086 0.0190222 0.053603 0.317471
6 0.538578 0.756357 0.906053 0.486712 0.313921
0 0.554887 0.4685 0.0201578 0.0711609 0.300604
6 0.553904 0.771888 0.868879 0.454808 0.2994
0 0.515591 0.50114 0.025482 0.0597578 0.298098
6 0.51792 0.750482 0.945936 0.499035 0.296626
7 0.975109 0.608359 0.0489456 0.0927324 0.289711
0 0.555538 0.466508 0.0179987 0.0702549 0.273591
0 0.514484 0.50192 0.0276035 0.0591846 0.270674
0 0.555146 0.469702 0.0194981 0.0734518 0.24511
0 0.516058 0.492104 0.0241877 0.0785753 0.243642
1 0.514814 0.504831 0.029221 0.0552774 0.241733
2 0.0709725 0.880812 0.141848 0.132866 0.226231
0 0.591198 0.471982 0.0215541 0.0633858 0.223895
1 0.512545 0.507041 0.0264799 0.050664 0.221002
6 0.517786 0.743461 0.925578 0.513078 0.214063
0 0.5149 0.502874 0.0270525 0.0581504 0.202714
0 0.554721 0.471379 0.0209917 0.0780512 0.200221
6 0.548745 0.770315 0.874648 0.459371 0.199361
7 0.975442 0.598026 0.0486015 0.114842 0.198087
9 0.154915 0.42128 0.0128335 0.0295198 0.190751
0 0.72883 0.456668 0.0180531 0.0365122 0.183748
0 0.590874 0.46264 0.0211607 0.0823965 0.182048
1 0.514489 0.508644 0.0307246 0.0505198 0.175746
0 0.728768 0.466828 0.0235887 0.0587234 0.171032
0 0.513385 0.50461 0.0268547 0.0551085 0.159666
2 0.0705824 0.957699 0.140056 0.0839954 0.158508
2 0.678474 0.934813 0.184448 0.130198 0.153657
7 0.975078 0.60548 0.0493847 0.103923 0.153195
0 0.729602 0.467657 0.0209181 0.0591889 0.152563
6 0.530045 0.747423 0.908423 0.504327 0.149145
0 0.728602 0.467323 0.0233944 0.0600199 0.147951
0 0.591281 0.474829 0.0223797 0.0609196 0.14611
0 0.570922 0.46752 0.0189398 0.0571182 0.140718
6 0.599069 0.773399 0.787087 0.453202 0.140108
9 0.339275 0.412398 0.00991864 0.0208868 0.138968
6 0.573349 0.774646 0.834274 0.450709 0.137014
7 0.975054 0.61218 0.0492378 0.0850252 0.128144
0 0.729965 0.468834 0.0205063 0.0618727 0.12667
0 0.514451 0.500723 0.0257029 0.0594013 0.122208
0 0.514742 0.491316 0.0254197 0.080249 0.0994543
7 0.974786 0.599282 0.0494846 0.112611 0.0966889
0 0.555893 0.465709 0.0148972 0.0693176 0.0966421
1 0.511866 0.511558 0.0262774 0.0448902 0.0962343
0 0.572048 0.463299 0.018655 0.0627512 0.095756
6 0.581347 0.775376 0.824635 0.447074 0.0951819
1 0.514073 0.504226 0.0269344 0.0549483 0.0933761
7 0.974536 0.609049 0.0504078 0.0922017 0.0917879
0 0.729162 0.468739 0.0199773 0.0609028 0.0914564
0 0.589825 0.456938 0.022814 0.0861287 0.0896471
0 0.591661 0.476478 0.0226171 0.0599033 0.0842705
0 0.555508 0.469102 0.0193039 0.0703036 0.0831125
0 0.55259 0.484015 0.0233514 0.0856598 0.0822342
0 0.728625 0.465275 0.0228702 0.0556164 0.079368
0 0.551015 0.479069 0.0292253 0.0969419 0.079143
2 0.462248 0.894774 0.0269712 0.0210468 0.0783906
1 0.519832 0.506296 0.0352351 0.0515875 0.0773039
0 0.555208 0.470297 0.0218616 0.0793109 0.068698
0 0.521149 0.496758 0.0359459 0.068816 0.0686044
0 0.585948 0.461609 0.0195856 0.0677795 0.0673188
2 0.794483 0.701428 0.0234824 0.0183912 0.0660482
2 0.527189 0.855884 0.0220072 0.0193794 0.0657309
6 0.531427 0.741899 0.923413 0.516203 0.0651956
6 0.584678 0.765551 0.809079 0.468899 0.0645611
0 0.552228 0.478149 0.0268579 0.0933245 0.0611213
7 0.974893 0.610935 0.0494438 0.0893421 0.0594933
0 0.517601 0.471877 0.0186373 0.0420429 0.0589808
0 0.52513 0.493152 0.0299988 0.0725782 0.0569762
0 0.589083 0.471721 0.023114 0.0588556 0.054332
9 0.154303 0.420423 0.0143235 0.0311987 0.0507973
2 0.276537 0.884779 0.192946 0.159034 0.0503374
0 0.728329 0.458093 0.0219549 0.0416945 0.0479058
2 0.462097 0.894504 0.0273907 0.0219574 0.0453943
2 0.525137 0.855368 0.0264127 0.0202457 0.0444296
2 0.128107 0.501864 0.0611113 0.0410696 0.0444128
0 0.569764 0.470079 0.0170143 0.0516268 0.0440733
0 0.590557 0.464499 0.0237575 0.0794547 0.0433141
2 0.137911 0.502249 0.0417953 0.0369828 0.0410912
0 0.589236 0.461212 0.0255219 0.081658 0.040883
0 0.379889 0.472186 0.0154356 0.029 0.0387379
0 0.57209 0.455732 0.0196486 0.081384 0.0383
0 0.581356 0.454497 0.0200846 0.0823946 0.0373538
6 0.54382 0.750281 0.896903 0.495821 0.0364989
0 0.543465 0.487094 0.041036 0.0829682 0.0362693
1 0.35091 0.4846 0.0193441 0.0282097 0.0346713
0 0.72806 0.469332 0.0232563 0.0631062 0.0344917
1 0.350263 0.484898 0.0212053 0.0283621 0.0335257
0 0.515246 0.489016 0.0213109 0.0767939 0.0330454
2 0.0922975 0.499952 0.0554177 0.040056 0.0326181
0 0.553202 0.476324 0.0255465 0.0914939 0.0319761
0 0.517312 0.466967 0.0171965 0.0402502 0.0306642
0 0.380302 0.472801 0.0163544 0.0311658 0.030403
0 0.529673 0.491531 0.017234 0.0683937 0.0302686
2 0.141394 0.502338 0.0431188 0.0380503 0.0302557
2 0.125048 0.501185 0.0638146 0.0399223 0.0302129
2 0.133559 0.503631 0.0430393 0.037022 0.0300047
0 0.842777 0.417437 0.0144661 0.0398698 0.0298236
1 0.520205 0.510438 0.038838 0.0480396 0.0289951
0 0.580652 0.454321 0.0269005 0.0837889 0.0285591
0 0.784103 0.44265 0.0113783 0.0316392 0.0283415
2 0.135167 0.502881 0.0408346 0.0367321 0.0277716
0 0.784482 0.439233 0.0122509 0.0377398 0.0276969
2 0.372633 0.476308 0.0353329 0.0366085 0.0272099
2 0.735583 0.752653 0.021394 0.0220545 0.0266759
0 0.856081 0.41932 0.0137226 0.0385664 0.0264085
9 0.126182 0.366019 0.0153716 0.0241884 0.0261359
9 0.125179 0.366084 0.0163257 0.0237242 0.0261276
6 0.513704 0.75601 0.95413 0.485969 0.0259406
1 0.324738 0.490045 0.0300644 0.0351452 0.0258582
2 0.0339817 0.778352 0.0613508 0.0248148 0.02572
0 0.732094 0.465648 0.0303013 0.0560793 0.0255692
2 0.248365 0.494527 0.10147 0.0728914 0.0255392
0 0.552394 0.473083 0.0264332 0.0875849 0.025321
2 0.136777 0.504198 0.0422524 0.0369804 0.0252285
2 0.111234 0.500794 0.0920555 0.0423371 0.0251527
2 0.089222 0.497111 0.0511865 0.0373325 0.0250052
2 0.122643 0.50041 0.079424 0.042091 0.0248349
2 0.83019 0.681399 0.0174736 0.0173541 0.0245918
2 0.0878897 0.498403 0.0488985 0.0373178 0.0240574
6 0.543876 0.738245 0.903125 0.516904 0.0225205
0 0.58783 0.453548 0.026913 0.0798541 0.0223931
2 0.124011 0.501781 0.0633689 0.0397073 0.0221042
0 0.512662 0.470129 0.0176225 0.0398673 0.0220364
2 0.275816 0.883326 0.193859 0.156467 0.0218666
1 0.530236 0.499266 0.0591505 0.066139 0.0212744
2 0.67856 0.934433 0.184104 0.130053 0.0212561
2 0.36553 0.479591 0.0535769 0.0390927 0.0211094
2 0.622088 0.981713 0.0696248 0.0357292 0.0209006
0 0.600341 0.979758 0.0247853 0.039719 0.0202938
2 0.156236 0.502976 0.0262219 0.0356914 0.0200891
2 0.148662 0.502116 0.0548954 0.0400606 0.0200858
2 0.0342599 0.779309 0.0615389 0.0271601 0.0198219
0 0.841312 0.420158 0.019405 0.0451073 0.0196592
0 0.855622 0.422984 0.0132307 0.0473431 0.0195414
2 0.0345069 0.778983 0.0608259 0.0280724 0.019495
2 0.0332088 0.780781 0.0626114 0.0303302 0.0194594
2 0.680504 0.764192 0.0170431 0.0184443 0.0190607
2 0.368521 0.477714 0.0522757 0.0384068 0.0188965
2 0.275345 0.88543 0.191462 0.160469 0.0185481
2 0.782903 0.710494 0.0466344 0.0347944 0.0184958
2 0.0341024 0.776935 0.0614561 0.0234653 0.0184754
9 0.522726 0.445781 0.0150471 0.0219154 0.0183679
0 0.35111 0.484697 0.018938 0.0268802 0.0179818
2 0.36614 0.477345 0.0596852 0.0420273 0.0178353
2 0.0846469 0.884782 0.114995 0.116736 0.0177856
2 0.889265 0.653396 0.0231842 0.0204054 0.017782
9 0.126153 0.365527 0.0159728 0.0240414 0.0177412
2 0.0827772 0.496766 0.0407306 0.0347703 0.0176857
2 0.368495 0.476984 0.0507882 0.0395525 0.0176695
2 0.137858 0.503393 0.0429321 0.0369282 0.0176039
0 0.842255 0.415744 0.0133072 0.0380762 0.0175923
0 0.598662 0.978031 0.0210729 0.042038 0.0171381
2 0.0346834 0.776104 0.0586543 0.0220703 0.0170778
2 0.795054 0.700008 0.0215107 0.0188786 0.0169656
2 0.0771574 0.497112 0.0290343 0.0324942 0.0166431
0 0.512286 0.468186 0.017568 0.0425453 0.0158933
2 0.109755 0.499504 0.0759423 0.0394284 0.0158365
2 0.867081 0.664364 0.0230446 0.0219452 0.0157609
2 0.0324704 0.553007 0.0639597 0.0401768 0.0157435
0 0.598719 0.980354 0.0212194 0.0383839 0.0156613
2 0.876229 0.660432 0.032703 0.0280058 0.0156385
0 0.59963 0.977574 0.0234917 0.0433472 0.0156007
7 0.975125 0.603932 0.0492687 0.107731 0.0156003
0 0.590357 0.477407 0.0240479 0.055449 0.0154701
0 0.530819 0.474836 0.0147196 0.0404168 0.0154595
0 0.618109 0.979918 0.0615047 0.0393238 0.0154211
2 0.0992027 0.498682 0.0441862 0.0389614 0.015261
2 0.729142 0.746526 0.029977 0.0270135 0.015246
0 0.114927 0.924938 0.020367 0.0396616 0.0152169
0 0.856384 0.417475 0.0136503 0.0373844 0.0151661
0 0.568506 0.475373 0.0143867 0.0413977 0.0151262
2 0.109996 0.499045 0.0985152 0.0441225 0.0150576
1 0.591767 0.485053 0.0232651 0.046971 0.0149355
2 0.87377 0.662615 0.0304676 0.0254324 0.0148017
1 0.350437 0.484645 0.0212779 0.0282478 0.014784
2 0.366419 0.47974 0.050898 0.0383673 0.0145001
2 0.0875372 0.497804 0.0496241 0.03513 0.0144723
0 0.598937 0.98095 0.02251 0.0371803 0.0144157
2 0.0339643 0.777766 0.0608529 0.0258411 0.01409
0 0.38034 0.477596 0.0208095 0.0395874 0.0140252
2 0.357271 0.48155 0.0330319 0.0340587 0.0137157
9 0.125319 0.365474 0.017486 0.0238093 0.0132238
2 0.396681 0.938745 0.0294847 0.021883 0.013172
1 0.326611 0.489284 0.033484 0.0356712 0.0131173
2 0.545968 0.398856 0.0885945 0.0344185 0.0130443
2 0.881047 0.65866 0.0353258 0.0294855 0.0130169
2 0.0693246 0.964992 0.138649 0.0693203 0.0129873
2 0.031594 0.559879 0.0631879 0.0516878 0.0127958
9 0.395237 0.396819 0.0112561 0.0262224 0.0127675
2 0.782444 0.708854 0.0483559 0.0331287 0.012675
0 0.802371 0.467992 0.013224 0.0344421 0.01265
2 0.965574 0.389322 0.0202744 0.0215734 0.0125963
2 0.0728685 0.496018 0.0207887 0.0311104 0.0122853
2 0.463261 0.444898 0.027911 0.018985 0.0121819
0 0.114132 0.924307 0.0221241 0.0383335 0.0121096
2 0.248653 0.494539 0.0994212 0.0716984 0.0118869
2 0.900265 0.648166 0.0403156 0.0247942 0.0118419
0 0.622712 0.981007 0.0693487 0.0372334 0.0114705
7 0.974665 0.607184 0.0499756 0.0956705 0.0114282
12 0.802063 0.467998 0.0139385 0.0341318 0.011392
0 0.322584 0.488845 0.0252787 0.0339817 0.0112738
0 0.829005 0.422739 0.01036 0.0248752 0.0112292
2 0.780265 0.7132 0.0478189 0.0341158 0.0112024
0 0.733692 0.457282 0.0291054 0.0474035 0.0110928
1 0.324507 0.491435 0.0299406 0.0355307 0.011041
2 0.859936 0.667367 0.0231098 0.0206342 0.0109309
0 0.544247 0.477431 0.0277199 0.100091 0.0108917
2 0.366111 0.4786 0.0491225 0.0391459 0.0105829
2 0.722598 0.742384 0.022331 0.0171757 0.010513
2 0.105619 0.497459 0.0889406 0.0447724 0.010464
1 0.321727 0.4899 0.0233746 0.0327302 0.0103954
2 0.122051 0.503065 0.0660851 0.0393757 0.0103855
2 0.033999 0.779831 0.0608522 0.0315566 0.0103391
0 0.745186 0.443983 0.0140566 0.028363 0.0100728
0 0.785178 0.439657 0.0113354 0.0303474 0.0100602
0 0.802248 0.46807 0.014942 0.0343984 0.01003
2 0.0536134 0.869357 0.107227 0.10265 0.00998983
2 0.0322124 0.56192 0.0644249 0.0527431 0.00994502
0 0.732373 0.468748 0.027504 0.058835 0.00993395
2 0.778965 0.711303 0.0499554 0.0368053 0.00982305
2 0.847022 0.675126 0.0467911 0.0309313 0.00974348
2 0.57068 0.39871 0.0381131 0.0302199 0.00971936
0 0.113984 0.924203 0.0185377 0.0392029 0.00965817
2 0.964854 0.389173 0.0186522 0.0217409 0.00954233
2 0.247983 0.495282 0.101453 0.071084 0.00950111
9 0.389018 0.417194 0.0113857 0.0199524 0.00949665
2 0.633827 0.791429 0.0244819 0.020237 0.00949415
2 0.397404 0.938942 0.0278984 0.0220076 0.0094222
9 0.508608 0.401529 0.00996323 0.0198401 0.00940281
2 0.737135 0.75396 0.0186913 0.0173608 0.00931855
2 0.796442 0.702675 0.0264066 0.0222935 0.00919919
0 0.557188 0.441609 0.0142556 0.0521599 0.00913285
7 0.975128 0.610915 0.0497439 0.0867439 0.00910706
2 0.652588 0.977932 0.132081 0.0436464 0.00905089
2 0.00403339 0.532967 0.00806678 0.0334026 0.00899236
2 0.149587 0.505427 0.033467 0.0355124 0.00896003
0 0.543576 0.479763 0.0335413 0.0997005 0.0089256
2 0.759869 0.720426 0.0174294 0.0165264 0.00889796
2 0.570449 0.39901 0.0392826 0.0312894 0.00880772
0 0.68904 0.992198 0.0243017 0.0145561 0.00875404
2 0.10917 0.501842 0.0917815 0.0415112 0.00861124
2 0.966361 0.387578 0.0207415 0.0225601 0.00857243
