2 0.545963 0.852189 0.232071 0.259899 0.865035
2 0.545915 0.852051 0.232397 0.25848 0.851538
2 0.545631 0.853846 0.232478 0.260672 0.841219
2 0.545998 0.852188 0.233049 0.258905 0.832976
2 0.546121 0.853665 0.233447 0.261928 0.831808
2 0.425165 0.338797 0.0834187 0.073456 0.810483
2 0.545995 0.852435 0.232337 0.259252 0.791056
2 0.546408 0.852754 0.232603 0.259819 0.785892
2 0.424895 0.338689 0.0839852 0.0736549 0.777166
2 0.215841 0.581565 0.115353 0.134549 0.772904
2 0.424928 0.338975 0.0833717 0.0730702 0.772243
2 0.42521 0.338835 0.083099 0.0732567 0.755823
2 0.109592 0.483405 0.080525 0.101041 0.751366
2 0.109264 0.483259 0.0807966 0.100766 0.747351
2 0.546309 0.852167 0.233795 0.260051 0.744696
2 0.215897 0.581494 0.115346 0.135107 0.730805
2 0.109332 0.48346 0.0810509 0.100563 0.729641
2 0.109403 0.48363 0.0815372 0.10059 0.729387
2 0.967247 0.366275 0.0645866 0.0726659 0.722583
2 0.215682 0.581432 0.115857 0.134893 0.717492
2 0.215972 0.581709 0.115588 0.134666 0.713146
2 0.5463 0.852432 0.233906 0.258962 0.709016
2 0.109257 0.483262 0.0812751 0.101056 0.707675
2 0.96568 0.365842 0.0676012 0.0740193 0.702753
2 0.215524 0.581926 0.115903 0.134346 0.696535
2 0.664357 0.205283 0.0572891 0.0379449 0.693145
2 0.546334 0.852715 0.232315 0.260947 0.686976
2 0.10911 0.483775 0.0806719 0.100896 0.685875
2 0.215457 0.582039 0.115942 0.134642 0.684148
2 0.109519 0.483425 0.0806361 0.100853 0.683499
2 0.425227 0.338837 0.0834466 0.0735909 0.682864
2 0.425032 0.33898 0.0834016 0.0728953 0.682811
2 0.109567 0.483721 0.0807488 0.100052 0.673946
2 0.21572 0.581826 0.116049 0.13516 0.672772
2 0.215491 0.58198 0.115986 0.135154 0.666099
2 0.559022 0.572061 0.164076 0.145959 0.664898
2 0.396461 0.20271 0.0452185 0.0363103 0.664124
2 0.396394 0.202926 0.0443058 0.0357684 0.66025
2 0.109431 0.483619 0.0814464 0.101058 0.660233
2 0.558954 0.571934 0.164085 0.145325 0.656698
2 0.967199 0.365757 0.0644279 0.072072 0.64052
2 0.215897 0.58198 0.116143 0.135223 0.63758
2 0.559057 0.572097 0.163866 0.145434 0.636642
2 0.66518 0.205176 0.0598615 0.0384299 0.636241
2 0.966103 0.366138 0.066729 0.0742851 0.63348
2 0.665412 0.20507 0.0590362 0.0387227 0.633263
2 0.396713 0.203364 0.0439565 0.0342525 0.621115
2 0.664302 0.205571 0.0568781 0.0374654 0.620148
2 0.663727 0.205319 0.0556471 0.0376732 0.619567
2 0.395909 0.202989 0.0444353 0.0360087 0.619552
2 0.966333 0.36583 0.0668814 0.0750138 0.616674
2 0.665293 0.205401 0.0591375 0.038405 0.612618
2 0.966238 0.365806 0.066972 0.0755838 0.612273
2 0.965527 0.365571 0.0679642 0.0754857 0.612217
2 0.396727 0.203499 0.0443383 0.0335831 0.59816
2 0.395905 0.202943 0.0454422 0.0362762 0.595062
2 0.559828 0.5719 0.16399 0.145467 0.593287
2 0.559233 0.571393 0.163475 0.144865 0.593248
2 0.559482 0.572486 0.163864 0.145823 0.590796
2 0.664004 0.204941 0.057056 0.0383012 0.58496
2 0.424497 0.338806 0.0823955 0.0715664 0.584209
2 0.425223 0.339015 0.0835218 0.0745364 0.57154
2 0.215752 0.581547 0.115738 0.134895 0.560889
2 0.664967 0.204996 0.0592833 0.0385747 0.560491
2 0.396474 0.202818 0.0449465 0.0354554 0.554631
2 0.0434092 0.211405 0.0244151 0.0264671 0.534204
2 0.551589 0.194294 0.0487949 0.0327228 0.531273
2 0.559147 0.571533 0.164035 0.146692 0.528957
2 0.559034 0.571826 0.163056 0.145027 0.526475
2 0.551639 0.19495 0.0487968 0.0305094 0.513372
2 0.551452 0.194817 0.0490597 0.0316573 0.503079
7 0.787985 0.694336 0.216692 0.196286 0.483097
2 0.559285 0.571711 0.163739 0.14667 0.480474
2 0.96807 0.366782 0.0631699 0.0736433 0.474271
2 0.551045 0.194966 0.0490387 0.0320439 0.474036
2 0.551816 0.194695 0.0481678 0.0309489 0.471067
2 0.665821 0.204686 0.0608427 0.0384261 0.464985
2 0.551701 0.194848 0.0495586 0.0310972 0.44951
2 0.968111 0.366766 0.0625876 0.0724848 0.440168
2 0.551784 0.195064 0.0495482 0.0305059 0.436731
2 0.396558 0.203018 0.0450561 0.035131 0.435515
2 0.0123582 0.360185 0.0246899 0.063605 0.433177
2 0.665996 0.204463 0.0600141 0.039395 0.418936
7 0.78806 0.694256 0.215913 0.195148 0.414563
2 0.0121515 0.360466 0.0242395 0.0651851 0.408583
2 0.0440657 0.212575 0.0230211 0.0248997 0.39949
2 0.396518 0.203142 0.0447787 0.0357284 0.395903
7 0.788193 0.694619 0.214474 0.195145 0.391062
2 0.0122402 0.360034 0.0244482 0.0633869 0.37858
7 0.788463 0.694672 0.215823 0.194676 0.375239
7 0.787807 0.694106 0.214318 0.195729 0.366586
2 0.0125708 0.360782 0.0251415 0.0628138 0.365786
7 0.787844 0.694866 0.215764 0.195962 0.363696
2 0.0124948 0.359644 0.0248816 0.0632996 0.360917
2 0.369668 0.16498 0.0373557 0.0215401 0.359843
7 0.788232 0.695089 0.216185 0.196353 0.353752
2 0.0116266 0.359511 0.0231679 0.0633881 0.348669
7 0.787905 0.694617 0.215975 0.196511 0.343313
2 0.0123501 0.361428 0.024636 0.0641158 0.340093
2 0.425279 0.338424 0.0826525 0.0722222 0.339871
2 0.559914 0.571867 0.163486 0.14555 0.33985
2 0.369848 0.16449 0.0363546 0.0219347 0.336353
7 0.787948 0.69406 0.214158 0.195769 0.324934
2 0.037169 0.421768 0.0460136 0.0621251 0.322866
2 0.966199 0.365987 0.0670193 0.0726336 0.318466
2 0.966771 0.366052 0.0658997 0.073466 0.315669
2 0.0375797 0.421985 0.0455962 0.062445 0.309629
7 0.788415 0.695125 0.214007 0.197116 0.300426
2 0.368559 0.165244 0.0367309 0.0205301 0.296172
2 0.515889 0.178456 0.0429452 0.030997 0.29472
2 0.0376741 0.424224 0.0457832 0.0581127 0.290292
2 0.369928 0.164506 0.0383836 0.0203875 0.284117
2 0.370375 0.164925 0.03711 0.022548 0.282977
2 0.666208 0.204809 0.0596556 0.0393898 0.271824
2 0.0371252 0.423037 0.0457857 0.0603322 0.270537
2 0.0119811 0.3592 0.0239621 0.0639382 0.267728
2 0.0337637 0.416236 0.0534165 0.0730803 0.264774
2 0.518282 0.178703 0.0473248 0.0322299 0.262712
2 0.0337606 0.415364 0.0532186 0.0760077 0.26035
2 0.395654 0.203295 0.0451904 0.0364412 0.25492
0 0.326237 0.969773 0.0489831 0.0597778 0.244043
0 0.326183 0.969767 0.0481056 0.0595951 0.242004
2 0.966093 0.365536 0.0672153 0.0756476 0.23821
2 0.0123686 0.364194 0.0246032 0.0612666 0.237331
2 0.0411391 0.211124 0.0297477 0.028204 0.236683
2 0.559195 0.572652 0.160423 0.145444 0.230354
0 0.326173 0.969508 0.0485883 0.0597416 0.22793
2 0.370185 0.164639 0.036364 0.0226388 0.224701
2 0.448938 0.179696 0.0233521 0.0244463 0.210704
2 0.0368603 0.424558 0.0458628 0.0568431 0.207691
2 0.0307181 0.415537 0.060479 0.0759205 0.20298
2 0.454759 0.175873 0.0333586 0.029406 0.201184
2 0.551605 0.195499 0.050687 0.0295407 0.200055
2 0.120042 0.211366 0.0217786 0.0189524 0.198533
2 0.369245 0.164663 0.0380476 0.0222497 0.1959
2 0.0125067 0.36421 0.0250134 0.0558378 0.193624
2 0.0313755 0.414813 0.0576425 0.0753809 0.188121
2 0.512893 0.178512 0.0364798 0.0322352 0.187653
2 0.457725 0.174895 0.0273056 0.0291852 0.182294
2 0.509017 0.179081 0.0285479 0.0296211 0.17765
0 0.326312 0.969576 0.0487452 0.0599178 0.175096
2 0.424724 0.338888 0.0829076 0.0710308 0.174955
2 0.454431 0.176059 0.0347 0.0304029 0.168925
2 0.458795 0.175308 0.0251904 0.0285078 0.164853
9 0.705153 0.0955169 0.0181908 0.029387 0.163818
2 0.0307265 0.41526 0.0589194 0.0749583 0.160815
2 0.0412755 0.210748 0.0303427 0.0299432 0.1608
2 0.0334744 0.415359 0.053293 0.0749654 0.156842
2 0.454667 0.176292 0.0325714 0.0311512 0.151874
0 0.326681 0.969569 0.0501201 0.0595383 0.15136
0 0.326211 0.969617 0.0491887 0.0600006 0.143764
2 0.964484 0.365848 0.0699791 0.074547 0.142057
9 0.705278 0.0957872 0.0187088 0.0302681 0.141546
2 0.11005 0.482946 0.082133 0.102122 0.141287
2 0.665422 0.204583 0.0598948 0.0404041 0.134762
0 0.324906 0.969404 0.0466756 0.0602703 0.132556
0 0.325949 0.969708 0.0488202 0.0597691 0.130263
2 0.45819 0.175971 0.0277857 0.0270754 0.12324
2 0.106505 0.211481 0.0122531 0.0207075 0.118764
7 0.177374 0.170139 0.0559068 0.0474177 0.114939
2 0.0307552 0.41364 0.0591996 0.0794004 0.114632
0 0.155667 0.67583 0.0304181 0.0557698 0.114079
0 0.155666 0.678455 0.0289238 0.0614917 0.113973
0 0.325876 0.96948 0.048596 0.0602276 0.11157
2 0.52601 0.179483 0.0374064 0.0305791 0.111533
2 0.520999 0.179149 0.0397621 0.0323896 0.111026
7 0.17741 0.170225 0.0556248 0.0460525 0.104517
7 0.176847 0.170275 0.0550785 0.0467693 0.0971199
2 0.109393 0.483385 0.0812856 0.101279 0.097027
2 0.663552 0.206077 0.0545517 0.0361842 0.0970122
2 0.116646 0.21191 0.0270587 0.0195353 0.0958224
0 0.15644 0.680301 0.0296364 0.0633726 0.0943308
9 0.705178 0.0942101 0.0201669 0.0303537 0.0914861
2 0.454752 0.174771 0.0335537 0.0318485 0.0906291
2 0.0445746 0.212419 0.0254338 0.0250486 0.0888894
2 0.424898 0.33959 0.0814359 0.0710749 0.0885404
2 0.119009 0.212772 0.0248594 0.01973 0.0861898
2 0.964921 0.34403 0.0669666 0.0357884 0.0859865
2 0.0301985 0.414281 0.0601273 0.075886 0.0855237
5 0.0141521 0.186245 0.0281403 0.157663 0.0843968
0 0.157843 0.678621 0.0341121 0.0616555 0.0838347
2 0.517219 0.176745 0.0449287 0.0338605 0.0823875
0 0.326118 0.969591 0.0490881 0.0600307 0.082312
7 0.176983 0.17177 0.0551055 0.0434949 0.0823021
0 0.168984 0.73878 0.032309 0.0765263 0.0800394
2 0.19042 0.179571 0.0262723 0.0257665 0.0776478
0 0.162018 0.724739 0.0369737 0.0580215 0.0708943
0 0.153927 0.677583 0.0284764 0.0616358 0.0692231
2 0.52994 0.179917 0.0257771 0.0288077 0.0687495
2 0.0304877 0.413796 0.0592868 0.0786312 0.0680447
5 0.176621 0.170746 0.0549401 0.0457054 0.067293
2 0.109749 0.483056 0.0823046 0.0979459 0.066303
0 0.15427 0.674948 0.0304589 0.0605045 0.0646635
2 0.551272 0.194014 0.0519594 0.0277761 0.064165
2 0.0417151 0.210799 0.024783 0.0286288 0.0637441
0 0.1543 0.681388 0.0295535 0.0695227 0.0635215
0 0.921213 0.194449 0.0186489 0.0272449 0.0606635
2 0.967297 0.344995 0.0633835 0.0382742 0.0588528
0 0.162394 0.727731 0.0379681 0.0549883 0.0586505
0 0.158391 0.679825 0.0339674 0.0662396 0.0574007
2 0.662426 0.204159 0.053219 0.0386545 0.0562853
7 0.175998 0.170739 0.0538182 0.0445782 0.0562801
9 0.978852 0.0975019 0.032814 0.0321453 0.0561839
2 0.507013 0.176734 0.0288504 0.0284051 0.0561585
0 0.15465 0.673326 0.0306597 0.0512476 0.0559694
9 0.707641 0.0960046 0.0241699 0.0324699 0.0556438
2 0.0445214 0.211578 0.0257195 0.0264827 0.0549842
0 0.743182 0.649858 0.0332242 0.0345156 0.0549445
2 0.0297721 0.411196 0.058533 0.0818558 0.0538482
5 0.175594 0.169441 0.0536454 0.0424301 0.0533299
9 0.117387 0.134957 0.0122456 0.0209234 0.0523125
0 0.0457523 0.933391 0.0422309 0.117749 0.0522376
2 0.963539 0.346079 0.0671005 0.0358648 0.0506928
2 0.550591 0.193693 0.0499354 0.0307995 0.0498452
2 0.0135852 0.362166 0.0271498 0.0697982 0.0492511
0 0.32543 0.969592 0.0463583 0.0601309 0.0477426
2 0.424505 0.339314 0.0834726 0.0731126 0.0461611
0 0.0453296 0.931392 0.0422989 0.114833 0.0460183
0 0.162454 0.722734 0.0383262 0.0617947 0.0458249
2 0.0318752 0.417902 0.0575767 0.0714038 0.0451785
5 0.175712 0.170467 0.0548837 0.0460796 0.0451188
2 0.108489 0.212753 0.0154001 0.0204824 0.0451143
0 0.321996 0.9697 0.040765 0.0601254 0.0450631
5 0.0140442 0.198707 0.0280884 0.131898 0.0442951
2 0.551841 0.194339 0.0498648 0.0328105 0.0441332
5 0.0138721 0.194205 0.0277384 0.147449 0.0439428
0 0.161283 0.723655 0.0354801 0.0568799 0.043854
2 0.0234976 0.78331 0.0269048 0.0412828 0.0438398
2 0.156273 0.680603 0.0368054 0.067778 0.043706
9 0.780819 0.126307 0.0160044 0.0245545 0.0430433
2 0.532364 0.179176 0.0363691 0.0291252 0.0427662
2 0.50437 0.177799 0.022933 0.0277523 0.042642
0 0.0463748 0.936175 0.0422257 0.123985 0.0424748
0 0.045742 0.935007 0.0428977 0.123457 0.0419859
2 0.119495 0.212633 0.0262059 0.0194837 0.0416234
2 0.00954592 0.356559 0.0189113 0.0598544 0.0409898
2 0.0236018 0.258952 0.0175182 0.0300269 0.0402864
0 0.841125 0.655306 0.0124794 0.0286042 0.0399803
5 0.0138797 0.209911 0.0275449 0.100784 0.039525
0 0.157093 0.676237 0.0323921 0.0566236 0.0393311
2 0.373847 0.165315 0.0364321 0.0219947 0.0387635
2 0.154661 0.676653 0.0350749 0.0597919 0.0384435
2 0.0241328 0.793677 0.0251175 0.0330784 0.0378457
9 0.780594 0.126434 0.0151913 0.0244652 0.0377223
2 0.0223594 0.781522 0.0272377 0.0397638 0.0372229
0 0.177538 0.750396 0.0152929 0.0533196 0.0366819
9 0.0469203 0.146909 0.0142638 0.0198611 0.0361863
9 0.193452 0.157758 0.0172113 0.019067 0.0361325
0 0.160805 0.725627 0.0336214 0.0557331 0.035926
2 0.52374 0.180273 0.0294266 0.0321835 0.0358557
0 0.325472 0.969766 0.047551 0.0595722 0.0358209
0 0.164088 0.736869 0.0408367 0.0780779 0.0356384
2 0.966192 0.347164 0.0660957 0.0379733 0.0353567
0 0.785799 0.616664 0.0283383 0.0362226 0.0351956
9 0.980898 0.0965833 0.0366516 0.0353342 0.0351383
0 0.740653 0.649008 0.0373847 0.03482 0.0350818
5 0.0138328 0.210574 0.0273603 0.0980354 0.0344477
0 0.0467164 0.937263 0.0398538 0.120326 0.0342997
2 0.969762 0.33935 0.0597092 0.0283384 0.0340281
0 0.148982 0.658587 0.0208885 0.0267735 0.0334701
0 0.748289 0.652916 0.0231703 0.0368852 0.033295
2 0.0221355 0.782615 0.0273587 0.0389174 0.0332804
0 0.158952 0.709202 0.0314612 0.0454592 0.032429
9 0.710763 0.095849 0.0233125 0.0307704 0.031882
2 0.685187 0.203621 0.0240906 0.0381002 0.0315091
0 0.921924 0.197422 0.0178188 0.0242011 0.0310904
11 0.731969 0.150405 0.02754 0.0258987 0.0309089
2 0.0368537 0.424743 0.046447 0.0576324 0.0307877
0 0.161437 0.727325 0.0348266 0.0522331 0.0304886
2 0.023726 0.258644 0.0187051 0.0309211 0.0304736
2 0.0221616 0.778547 0.0262793 0.032763 0.0302512
2 0.664937 0.205082 0.0603539 0.0390792 0.02954
3 0.160904 0.71815 0.0411907 0.0816154 0.0287864
0 0.157225 0.692815 0.0355092 0.0905509 0.0284204
2 0.12014 0.213634 0.0248745 0.0195189 0.0283926
2 0.778512 0.653041 0.134961 0.1129 0.0282505
2 0.973484 0.219011 0.0525951 0.0412667 0.0282427
2 0.22137 0.265475 0.0299989 0.0290839 0.0281174
0 0.0459807 0.933568 0.0416472 0.116309 0.0279655
0 0.811856 0.668699 0.0621065 0.0709947 0.0279309
0 0.543125 0.552161 0.0207367 0.0440886 0.0278732
9 0.709248 0.0952749 0.0255812 0.029763 0.0278445
2 0.186826 0.180656 0.0306947 0.0255693 0.0277389
9 0.611837 0.0972501 0.0220385 0.0273931 0.0276095
2 0.782221 0.651875 0.123458 0.110155 0.0269134
0 0.0460872 0.936051 0.0432171 0.124292 0.0268779
0 0.541617 0.552007 0.018424 0.0409521 0.0268293
0 0.80026 0.652131 0.0869026 0.10708 0.0267773
9 0.61172 0.0967988 0.0220661 0.0280626 0.0265636
2 0.0247298 0.798288 0.0249786 0.0296367 0.0265398
2 0.0250265 0.256792 0.0173107 0.0324094 0.0261393
0 0.833398 0.648383 0.013212 0.0240063 0.0261192
2 0.774584 0.653607 0.139651 0.11282 0.0260976
0 0.744165 0.653175 0.0367907 0.0434469 0.0259645
0 0.919886 0.191117 0.0194614 0.031091 0.0259313
2 0.776624 0.653064 0.135208 0.112051 0.025653
0 0.741041 0.649304 0.0363008 0.0330641 0.0255178
9 0.930017 0.102482 0.0188372 0.0414474 0.0255165
5 0.0161105 0.204427 0.0322209 0.168265 0.025305
9 0.981512 0.0974246 0.035681 0.031984 0.0251031
