2 0.665989 0.670679 0.184582 0.201272 0.862305
2 0.665599 0.671097 0.184186 0.200452 0.840556
2 0.666124 0.669742 0.184456 0.202879 0.82969
2 0.666143 0.668579 0.183705 0.205622 0.829655
2 0.666083 0.670938 0.18479 0.199413 0.826788
2 0.665497 0.67025 0.183862 0.201177 0.812151
2 0.761089 0.334107 0.116846 0.110804 0.782566
2 0.665791 0.66858 0.183479 0.204394 0.779568
2 0.665986 0.669492 0.184443 0.20143 0.771975
2 0.761008 0.334104 0.116672 0.111142 0.756193
2 0.964024 0.273261 0.0708862 0.111393 0.750519
2 0.760743 0.333707 0.11571 0.110704 0.748792
2 0.760659 0.333589 0.116259 0.110675 0.745625
2 0.760669 0.334274 0.116537 0.110996 0.744285
2 0.666169 0.668262 0.184345 0.204447 0.74376
2 0.964071 0.273074 0.0709007 0.112166 0.705058
2 0.96384 0.272931 0.0712576 0.110989 0.704595
2 0.760501 0.333906 0.117155 0.111841 0.703798
2 0.760875 0.334117 0.115492 0.111057 0.699772
2 0.964029 0.273025 0.0711649 0.111837 0.697266
2 0.963982 0.273173 0.0712544 0.110966 0.695647
2 0.760548 0.334099 0.116097 0.11069 0.651842
2 0.760814 0.333959 0.116273 0.111593 0.636737
2 0.964149 0.273088 0.0707386 0.110767 0.634137
2 0.43578 0.300553 0.0784079 0.0707919 0.630725
2 0.964019 0.27314 0.0714008 0.110782 0.629358
2 0.435938 0.300292 0.078379 0.0709037 0.625601
2 0.963929 0.272759 0.0716475 0.111758 0.620248
2 0.760436 0.334079 0.116782 0.111616 0.614986
2 0.435705 0.300938 0.0786229 0.0708373 0.559204
2 0.436051 0.300191 0.0784465 0.0707787 0.542021
2 0.435793 0.300616 0.0784344 0.0709812 0.516174
2 0.435908 0.300298 0.078727 0.0705882 0.503129
2 0.964158 0.272406 0.0711248 0.112408 0.444206
2 0.963442 0.133835 0.0656704 0.0693287 0.362765
6 0.457506 0.429353 0.907124 0.827511 0.356888
6 0.404493 0.459163 0.795627 0.847127 0.35396
6 0.465995 0.40158 0.862235 0.791875 0.332623
0 0.961236 0.86923 0.0527733 0.208908 0.330311
2 0.655145 0.147405 0.0654998 0.0519321 0.329467
0 0.961214 0.867568 0.0528135 0.206567 0.325584
6 0.517516 0.397975 0.864371 0.795951 0.323591
0 0.961545 0.868008 0.0531311 0.20713 0.308218
6 0.405959 0.477846 0.787559 0.818262 0.281029
2 0.661415 0.147389 0.0774334 0.0526326 0.276311
2 0.661026 0.146459 0.0761212 0.0511295 0.269152
2 0.963033 0.13457 0.0649153 0.0693398 0.268805
6 0.551319 0.373791 0.838716 0.747583 0.267864
0 0.961474 0.86956 0.0537472 0.211614 0.256427
2 0.651628 0.146243 0.0583534 0.0517025 0.255148
2 0.831602 0.108485 0.0424288 0.0443127 0.240414
2 0.962588 0.134106 0.0661346 0.069849 0.234862
2 0.436271 0.300272 0.0785723 0.0710991 0.232187
2 0.435585 0.300043 0.0785851 0.0707234 0.225442
0 0.961464 0.868933 0.0538528 0.208967 0.214547
0 0.961122 0.870093 0.0521034 0.210203 0.211057
5 0.961552 0.133709 0.0616179 0.0700641 0.20685
2 0.435364 0.299958 0.0803673 0.0719888 0.204847
2 0.649787 0.144986 0.0549413 0.0513726 0.200841
6 0.550557 0.38296 0.816246 0.760026 0.193177
0 0.961554 0.851134 0.0516741 0.173254 0.190774
2 0.830771 0.107346 0.0393166 0.0416642 0.187046
2 0.829953 0.105597 0.0395405 0.0407328 0.187037
2 0.833298 0.109195 0.0458298 0.0451026 0.18558
2 0.836217 0.110125 0.0518183 0.0456506 0.184109
2 0.649732 0.14537 0.0559353 0.0510324 0.18325
2 0.925657 0.0689572 0.0332418 0.023417 0.181008
2 0.649484 0.145839 0.0558146 0.0500641 0.177925
6 0.563544 0.391516 0.832262 0.783032 0.170837
2 0.962679 0.134417 0.0647461 0.070175 0.169577
6 0.437899 0.419193 0.836253 0.807274 0.166595
2 0.836091 0.109585 0.0510059 0.0456856 0.163118
2 0.831134 0.108964 0.040206 0.0431745 0.163062
2 0.649615 0.14689 0.0555655 0.0501439 0.159147
6 0.491263 0.433031 0.910629 0.825869 0.157694
2 0.830197 0.105555 0.0394327 0.0424877 0.155998
2 0.436552 0.299508 0.0771401 0.0704185 0.148781
0 0.955619 0.918392 0.0341541 0.110551 0.146012
2 0.664525 0.147597 0.0818787 0.0479988 0.143835
2 0.663818 0.148019 0.0820538 0.0493053 0.143044
2 0.832518 0.10845 0.0426445 0.044012 0.141227
0 0.0791033 0.167804 0.0386212 0.0648178 0.139103
6 0.393227 0.469127 0.786453 0.793427 0.132267
2 0.960665 0.134048 0.0621368 0.0712039 0.130849
2 0.0200203 0.236652 0.0400406 0.0470033 0.127866
5 0.962632 0.134554 0.0641407 0.0714685 0.127406
6 0.399693 0.511048 0.799386 0.798625 0.122608
0 0.953898 0.918899 0.0314999 0.108485 0.122205
2 0.926299 0.065192 0.0338879 0.0301346 0.120591
6 0.426815 0.43085 0.853631 0.824599 0.119017
0 0.961506 0.869161 0.0540482 0.209478 0.117513
2 0.649723 0.144742 0.0536318 0.051567 0.116805
0 0.0794614 0.1675 0.0393899 0.064852 0.114678
2 0.0301646 0.207197 0.0584541 0.0466509 0.113173
0 0.0789679 0.167355 0.0388618 0.0640043 0.111256
2 0.833339 0.107154 0.046327 0.0431488 0.110336
2 0.662799 0.147268 0.0783754 0.0472233 0.106719
0 0.961348 0.869843 0.0530914 0.212181 0.106388
2 0.019542 0.235423 0.0390799 0.0456648 0.106372
2 0.0315652 0.206718 0.0587604 0.0456237 0.106075
2 0.649015 0.148023 0.0549396 0.0501315 0.103955
2 0.926803 0.0620116 0.0337879 0.0333113 0.102155
0 0.958026 0.91498 0.0381882 0.114413 0.100067
2 0.653755 0.14771 0.0589287 0.0444097 0.0994394
2 0.333131 0.120325 0.0275304 0.0266089 0.0994219
2 0.454055 0.0685968 0.0487957 0.0418077 0.0988928
2 0.029403 0.208077 0.0583585 0.0504927 0.09482
2 0.453953 0.0693451 0.0477839 0.0399638 0.0940903
2 0.962304 0.134185 0.0642674 0.0705638 0.0940417
2 0.0734747 0.216926 0.0625168 0.0385503 0.0929515
2 0.0195976 0.235779 0.0391951 0.0460227 0.0924927
2 0.0208025 0.235368 0.0415142 0.0551589 0.0923511
2 0.0733696 0.216043 0.0628392 0.039203 0.0912315
2 0.0201055 0.236759 0.0401817 0.0478038 0.0903531
2 0.34544 0.108653 0.0436956 0.0350427 0.0899692
2 0.648148 0.144757 0.0521325 0.0510247 0.0895459
2 0.0737718 0.217077 0.0635828 0.0391852 0.0890392
2 0.0615239 0.223473 0.0888746 0.054806 0.0881253
2 0.0736299 0.216393 0.0640858 0.0390077 0.0880598
0 0.962482 0.872689 0.0542557 0.216772 0.087964
2 0.453348 0.0685257 0.044311 0.0384043 0.0860212
2 0.0337201 0.208788 0.0626423 0.0503032 0.0842645
0 0.079121 0.167723 0.0369756 0.0645836 0.0840659
2 0.0304426 0.212771 0.0600673 0.0601934 0.0828453
2 0.0732593 0.219468 0.0678637 0.0439003 0.0828315
2 0.0212504 0.2371 0.0411083 0.0491884 0.0825827
2 0.074378 0.217365 0.0640971 0.0393645 0.0823011
2 0.682804 0.147766 0.0380047 0.0414349 0.0809983
2 0.647209 0.153696 0.0495329 0.0356748 0.0806011
2 0.074413 0.216586 0.0618942 0.0378317 0.0797897
2 0.341358 0.113933 0.0438012 0.0415466 0.0796729
2 0.454204 0.0676613 0.039447 0.0365016 0.0796349
0 0.0795346 0.167927 0.0378129 0.0645121 0.0793125
2 0.656055 0.145188 0.0429662 0.0470876 0.0786931
2 0.964989 0.133975 0.0688627 0.0705398 0.076452
2 0.0206959 0.235298 0.0403618 0.0462625 0.0757819
0 0.961515 0.873214 0.0517612 0.218463 0.0757677
2 0.342506 0.111986 0.0467173 0.0408158 0.0755193
0 0.462018 0.28671 0.0245673 0.0403821 0.073323
0 0.961531 0.916533 0.0489918 0.119701 0.0729153
2 0.964118 0.133026 0.0665703 0.0686333 0.0712345
2 0.0732866 0.216635 0.0635483 0.0381356 0.0698596
0 0.962018 0.874583 0.0522491 0.222848 0.0685434
9 0.170579 0.0202918 0.027139 0.0400715 0.067752
2 0.926234 0.0625651 0.0358738 0.0361857 0.0670487
0 0.707151 0.616081 0.0417263 0.0513783 0.0670463
2 0.665515 0.67387 0.183874 0.194272 0.0669046
2 0.956777 0.136261 0.0559975 0.0675234 0.0668417
2 0.637378 0.158435 0.0303886 0.0243335 0.0659837
2 0.406491 0.0872692 0.0280567 0.0298149 0.0645909
0 0.961413 0.842768 0.0503479 0.157438 0.0644912
0 0.0781766 0.166635 0.0363141 0.0616018 0.063045
2 0.45428 0.0672342 0.042985 0.0395126 0.0619626
0 0.079549 0.167239 0.0397416 0.0646191 0.0615791
2 0.0300225 0.204657 0.0561562 0.0429066 0.0613475
2 0.0207486 0.243968 0.0414972 0.0606114 0.0611738
0 0.0780384 0.166371 0.0358152 0.0606313 0.0611627
2 0.332296 0.121206 0.0300767 0.0293174 0.0601112
0 0.0795329 0.167441 0.0390815 0.0650084 0.0600066
0 0.954745 0.918303 0.0325781 0.107596 0.0594862
2 0.682036 0.14747 0.0399698 0.0417114 0.0589592
2 0.831651 0.112151 0.0426334 0.0449732 0.0585655
2 0.0183265 0.230046 0.036653 0.0355082 0.0569278
2 0.0291573 0.204301 0.0564833 0.0425511 0.0562445
2 0.0732467 0.222188 0.0668887 0.0488843 0.0558853
2 0.0689218 0.221647 0.0807695 0.0516477 0.0551039
7 0.957968 0.135358 0.056418 0.0700102 0.0548293
2 0.962331 0.132821 0.0665161 0.0679709 0.0545687
2 0.406948 0.086688 0.0312404 0.0312811 0.0539596
2 0.375719 0.0962526 0.028565 0.0344168 0.053509
6 0.33956 0.121108 0.651503 0.242216 0.0534289
2 0.0310525 0.20438 0.0574289 0.0425194 0.0532243
0 0.961994 0.913669 0.0457947 0.106589 0.0531281
6 0.339747 0.124361 0.675717 0.244824 0.0530732
0 0.962033 0.914044 0.0454769 0.116222 0.0529893
2 0.683937 0.14773 0.0391616 0.0415993 0.0521001
2 0.0544612 0.232614 0.10804 0.0746164 0.0518714
2 0.644818 0.158268 0.045936 0.0297178 0.0512006
2 0.0539023 0.227272 0.10537 0.0776176 0.0497625
0 0.0782758 0.167689 0.0368188 0.0638146 0.0497356
2 0.0285309 0.220069 0.0568343 0.0736202 0.0492798
2 0.334816 0.108781 0.022951 0.0314608 0.0492305
2 0.0561182 0.241167 0.111853 0.090606 0.0490368
2 0.838747 0.110725 0.0550014 0.0419512 0.0489537
2 0.346611 0.105983 0.0416202 0.0317627 0.0483111
2 0.0541981 0.227726 0.106504 0.068437 0.0478307
2 0.676101 0.279421 0.0824383 0.0718752 0.0471733
2 0.35436 0.107334 0.0279394 0.0320324 0.0469751
2 0.553686 0.374801 0.085353 0.0762054 0.0469136
0 0.466581 0.281914 0.0145944 0.0302756 0.0466002
2 0.374507 0.096761 0.0300091 0.0330495 0.045806
2 0.452931 0.0679125 0.0429384 0.0368474 0.0450783
2 0.681858 0.146836 0.0397638 0.042986 0.0450018
2 0.683755 0.147497 0.0390055 0.0416051 0.0445647
2 0.334614 0.114979 0.0335135 0.0433234 0.0440957
0 0.961054 0.854006 0.0537861 0.17992 0.0431671
9 0.170676 0.0294677 0.0279879 0.0560445 0.0429315
2 0.0205241 0.243307 0.0409732 0.0600916 0.0428827
2 0.445206 0.0721018 0.0275801 0.029425 0.0428707
2 0.0351503 0.218646 0.0699848 0.0631217 0.0422901
2 0.377299 0.0985554 0.0280414 0.0314366 0.0422563
2 0.555071 0.373866 0.0851189 0.07758 0.0408625
2 0.452741 0.0685641 0.0429825 0.0378255 0.0406229
2 0.676043 0.280201 0.0828444 0.0706537 0.0402281
2 0.312615 0.11887 0.017584 0.0333404 0.0399746
0 0.466567 0.281267 0.0152024 0.0308908 0.0395682
6 0.343147 0.118133 0.661589 0.235473 0.0395055
0 0.712488 0.609486 0.0377768 0.0395843 0.0393662
6 0.343329 0.131611 0.685571 0.260556 0.0383046
2 0.454361 0.069132 0.0507425 0.042913 0.0382546
2 0.925667 0.0715159 0.0357769 0.0341972 0.0378221
2 0.927375 0.0629751 0.0375851 0.0378117 0.0374902
2 0.925566 0.0687854 0.0364761 0.0381397 0.0370178
0 0.708698 0.61064 0.0332997 0.0421033 0.0363372
2 0.0173535 0.226668 0.0346239 0.0290761 0.0361824
2 0.0575507 0.233418 0.112107 0.0753816 0.0360455
2 0.345637 0.108789 0.0456282 0.0353987 0.0357984
0 0.703144 0.618636 0.0536434 0.0567563 0.0352555
0 0.961442 0.843008 0.0495335 0.147335 0.0350168
2 0.77673 0.91984 0.0218752 0.0239468 0.0345499
2 0.662911 0.581511 0.0383053 0.0300173 0.0335011
9 0.171099 0.0408382 0.0266512 0.0733879 0.0328565
2 0.0329868 0.206314 0.0593689 0.0448968 0.0326022
2 0.0753147 0.221192 0.071412 0.0478798 0.0318564
0 0.312152 0.122687 0.0195268 0.0295381 0.0316737
2 0.212833 0.157409 0.0641759 0.0472808 0.031619
2 0.21442 0.157746 0.0619333 0.0468105 0.0314887
2 0.049032 0.210564 0.0905089 0.0476182 0.0310555
6 0.338076 0.120194 0.668465 0.23883 0.0307682
2 0.0540995 0.231757 0.107834 0.0754054 0.0304989
6 0.365158 0.13361 0.725103 0.234931 0.0303564
2 0.0551375 0.240483 0.11007 0.0915658 0.0300406
2 0.391825 0.0907918 0.0584589 0.0375485 0.029973
2 0.059748 0.230509 0.09583 0.0675193 0.0293206
0 0.702828 0.617404 0.0510092 0.055238 0.0288615
2 0.640756 0.159217 0.0383978 0.0271279 0.0283114
0 0.0799078 0.17469 0.0440179 0.0814989 0.0275343
2 0.554407 0.374994 0.0733722 0.0731922 0.0273326
0 0.951874 0.915752 0.0270035 0.100137 0.0272736
2 0.0540623 0.231823 0.103959 0.0712638 0.0268621
2 0.213567 0.157456 0.0639992 0.0468776 0.0266541
0 0.45113 0.299124 0.0471511 0.0641866 0.0261843
2 0.842137 0.115278 0.0618237 0.04945 0.0259042
2 0.352317 0.10541 0.0296831 0.0305961 0.025773
2 0.677511 0.279215 0.0807556 0.0747349 0.0257244
0 0.447013 0.298295 0.054734 0.0651596 0.0257177
2 0.403159 0.0880591 0.0357909 0.0341484 0.0256925
6 0.585766 0.363302 0.733376 0.726605 0.0255935
2 0.28067 0.128806 0.0433356 0.0491084 0.0255676
2 0.830995 0.112345 0.0404213 0.0454434 0.0248979
2 0.435226 0.301285 0.0794679 0.0690579 0.0246978
2 0.34583 0.106907 0.0435686 0.0310259 0.0245279
0 0.710069 0.615496 0.0473129 0.0522273 0.024033
2 0.213761 0.158169 0.063172 0.0457117 0.0234933
0 0.086741 0.171084 0.0246849 0.0562479 0.0231416
2 0.0657312 0.228293 0.0819944 0.0621042 0.0230984
2 0.0248654 0.244133 0.0487075 0.0618178 0.0226363
2 0.662115 0.58131 0.0359112 0.0289852 0.0223806
2 0.0505194 0.2323 0.0990523 0.0731432 0.0223353
2 0.43981 0.298895 0.0707365 0.0677455 0.0223227
2 0.121967 0.201975 0.0293163 0.0274565 0.0222655
6 0.398706 0.48594 0.788592 0.791807 0.021958
2 0.928478 0.0609463 0.0366472 0.036788 0.0217824
6 0.362457 0.139024 0.72244 0.254381 0.021735
0 0.706478 0.600234 0.0216284 0.0228719 0.0214281
2 0.440528 0.285748 0.066472 0.0421399 0.0213069
2 0.661223 0.582096 0.035943 0.0289655 0.0212006
0 0.702791 0.615744 0.0444057 0.0513235 0.0210999
2 0.964189 0.272933 0.0713474 0.113496 0.0209966
2 0.687429 0.144365 0.0290529 0.0364999 0.0209192
2 0.37481 0.0949472 0.034524 0.0387111 0.020887
2 0.77489 0.91952 0.0252108 0.0262341 0.0205484
9 0.170265 0.0241766 0.0264693 0.0385125 0.0204812
2 0.964012 0.273859 0.071526 0.110097 0.0203373
2 0.657564 0.148008 0.067976 0.0481588 0.0203167
6 0.617664 0.294931 0.233589 0.245513 0.0201181
2 0.224398 0.154895 0.0435613 0.0396159 0.019986
2 0.860486 0.13753 0.0512676 0.0632968 0.0198686
6 0.35191 0.273535 0.688904 0.547071 0.0197767
9 0.170334 0.0402426 0.0274417 0.0724801 0.0196654
2 0.217359 0.158197 0.0586797 0.0445473 0.0194777
0 0.951066 0.902969 0.025211 0.0708792 0.0193887
2 0.277972 0.13088 0.0405279 0.0474555 0.019388
0 0.701087 0.619911 0.0532921 0.0605088 0.0193182
0 0.963951 0.923139 0.0480915 0.14402 0.0191374
2 0.772568 0.20631 0.0529472 0.0522612 0.0189677
2 0.313158 0.12214 0.0180224 0.0264945 0.0188177
2 0.554123 0.376615 0.0727478 0.0691265 0.0187956
0 0.961081 0.782245 0.018512 0.0384356 0.0186492
9 0.170777 0.021598 0.0267406 0.0325001 0.0186359
2 0.552503 0.376287 0.0817719 0.0723389 0.0183409
0 0.29044 0.122698 0.0238493 0.0336271 0.0182871
2 0.846116 0.791303 0.0212349 0.0229181 0.0180615
2 0.122853 0.201878 0.0286709 0.0269212 0.0180182
2 0.660331 0.582105 0.0487141 0.0339004 0.0173462
9 0.170251 0.0209217 0.0265528 0.0330708 0.0172699
6 0.341025 0.118628 0.648944 0.237255 0.0170354
6 0.406358 0.464658 0.805067 0.906354 0.0170231
6 0.61616 0.326944 0.215797 0.187296 0.0168161
2 0.834915 0.109133 0.0520365 0.0456167 0.0167907
