5 0.490027 0.368641 0.0794254 0.154781 0.53603
0 0.859417 0.181562 0.0222174 0.0849692 0.534667
5 0.599055 0.0501187 0.0647429 0.100237 0.505993
0 0.837307 0.19941 0.0270708 0.100543 0.505897
5 0.490354 0.367416 0.0792498 0.156354 0.479223
5 0.730393 0.0278504 0.122724 0.0557007 0.470805
0 0.859646 0.18513 0.0203476 0.0803336 0.465183
0 0.837202 0.197915 0.0265667 0.100198 0.461995
5 0.60439 0.0499446 0.0551634 0.0996256 0.458092
5 0.729844 0.0285702 0.124041 0.0569196 0.455418
0 0.858339 0.181461 0.0212589 0.0853071 0.454892
0 0.837322 0.198014 0.0264599 0.0976506 0.453448
0 0.812622 0.165259 0.0211742 0.089372 0.449326
2 0.600434 0.355735 0.0793814 0.148461 0.44319
5 0.601273 0.04996 0.0599561 0.09992 0.442792
0 0.836682 0.198022 0.0281902 0.0970618 0.441012
0 0.837008 0.198078 0.0268585 0.099289 0.440833
0 0.836426 0.198157 0.0271235 0.100302 0.439588
5 0.601033 0.0499726 0.062185 0.0997676 0.433626
0 0.812506 0.16616 0.0235565 0.0884451 0.432502
0 0.812101 0.165622 0.0217354 0.0901219 0.432497
5 0.490436 0.368395 0.079833 0.155714 0.43093
5 0.73038 0.0285184 0.122195 0.0564493 0.428591
5 0.490115 0.367878 0.0793503 0.155757 0.425168
0 0.81304 0.165485 0.0234512 0.0901774 0.419061
5 0.73746 0.0283211 0.139327 0.0566422 0.406376
67 0.494059 0.843452 0.1536 0.312474 0.404861
5 0.60356 0.0500123 0.0564129 0.0997596 0.386878
5 0.600978 0.0500295 0.0619356 0.0997366 0.382341
67 0.49542 0.843597 0.151399 0.312392 0.367093
2 0.600244 0.356286 0.0796261 0.149341 0.364109
2 0.60053 0.355769 0.0799109 0.148254 0.363284
0 0.837658 0.196987 0.0252918 0.101941 0.356611
2 0.0560882 0.35467 0.0901865 0.146647 0.352665
0 0.837106 0.198676 0.0273914 0.100029 0.352136
0 0.837427 0.197662 0.0253143 0.0950753 0.351035
5 0.596629 0.0498724 0.0711073 0.0996883 0.350986
5 0.604285 0.0503389 0.0575527 0.100678 0.350536
2 0.600334 0.355528 0.0798946 0.148603 0.349674
5 0.729421 0.0278016 0.119602 0.0556032 0.349425
2 0.0559937 0.354572 0.0907012 0.146518 0.34756
0 0.859053 0.180394 0.0206285 0.0843898 0.342208
2 0.600248 0.355152 0.0791599 0.145875 0.338722
0 0.811308 0.166445 0.0185942 0.0871804 0.33639
0 0.85814 0.182404 0.0224302 0.0863555 0.331725
0 0.812604 0.163589 0.0224974 0.0907846 0.329986
2 0.600346 0.356219 0.0798462 0.150741 0.327541
0 0.813603 0.163191 0.0238384 0.0922526 0.325077
0 0.0704048 0.201771 0.0271031 0.0733345 0.319068
5 0.729471 0.0285992 0.12035 0.0568489 0.316253
0 0.835452 0.198338 0.0287613 0.0957055 0.315898
7 0.0564182 0.354785 0.0903997 0.147193 0.308119
7 0.0562208 0.354307 0.0907724 0.146783 0.304841
5 0.760779 0.0294992 0.188069 0.0589983 0.29818
0 0.0705101 0.201052 0.0279452 0.071901 0.297422
2 0.0562059 0.354603 0.0900455 0.146797 0.295932
5 0.490177 0.36726 0.0792295 0.155468 0.293064
2 0.600493 0.356316 0.0797277 0.14951 0.292683
0 0.0699977 0.20051 0.0280939 0.0721197 0.289138
0 0.00812232 0.221878 0.0161736 0.0797797 0.287226
2 0.0557056 0.354579 0.0910302 0.146457 0.281693
2 0.490023 0.368074 0.0794833 0.154649 0.279452
0 0.00821013 0.222953 0.0163579 0.0802066 0.279134
0 0.83643 0.198096 0.0277027 0.0999183 0.278196
5 0.600827 0.0505283 0.06331 0.100898 0.268434
2 0.959408 0.284316 0.080135 0.134271 0.26694
0 0.859291 0.179595 0.0209108 0.0834237 0.266206
0 0.0702556 0.201098 0.0294601 0.0742847 0.265273
7 0.0562408 0.354946 0.0902525 0.147766 0.264554
5 0.490121 0.368374 0.079808 0.154252 0.260116
0 0.859464 0.180469 0.0193127 0.0851903 0.256908
0 0.858659 0.184111 0.0219255 0.0902187 0.253145
7 0.056443 0.35441 0.090652 0.148108 0.247876
2 0.489879 0.368137 0.0791763 0.154809 0.247418
5 0.765845 0.0292006 0.192007 0.0582354 0.24713
0 0.812318 0.16421 0.0200806 0.0896173 0.241297
0 0.070346 0.201154 0.0296279 0.0720187 0.239792
0 0.00796789 0.221624 0.0158521 0.0784707 0.237981
2 0.95913 0.28341 0.0812618 0.136391 0.236158
0 0.00768545 0.222775 0.0152053 0.0765861 0.236078
0 0.878804 0.168299 0.0197952 0.07954 0.232199
0 0.00780117 0.221488 0.0156023 0.0788844 0.231356
0 0.813339 0.169022 0.0222513 0.087981 0.231196
67 0.49386 0.842027 0.154153 0.314968 0.226966
0 0.801386 0.0692379 0.0304222 0.0708074 0.226956
67 0.495667 0.842021 0.150513 0.314781 0.226488
2 0.0559588 0.354946 0.0904018 0.147035 0.222706
0 0.879102 0.167094 0.019965 0.0802079 0.222132
0 0.837321 0.1972 0.024551 0.101161 0.22203
2 0.600259 0.355275 0.078328 0.146267 0.219907
2 0.959255 0.285868 0.0805466 0.130323 0.215188
5 0.490131 0.367356 0.0794923 0.154561 0.213342
0 0.00784839 0.221863 0.0156676 0.0785188 0.208838
2 0.958982 0.284417 0.0816299 0.136699 0.206161
0 0.464173 0.0765793 0.0446437 0.0805116 0.203547
2 0.600336 0.357572 0.0790474 0.153879 0.20245
2 0.455956 0.0166118 0.0442902 0.0331938 0.200715
0 0.858633 0.173787 0.0198446 0.0696913 0.194179
67 0.49498 0.842073 0.152277 0.315236 0.193984
0 0.813824 0.167384 0.022625 0.0982819 0.191047
3 0.467796 0.0790957 0.0449582 0.0843886 0.18824
0 0.466742 0.0775607 0.0397249 0.0807078 0.187145
67 0.496183 0.842165 0.149231 0.31466 0.186983
0 0.0705488 0.202313 0.0290432 0.0710984 0.186718
3 0.468161 0.0794632 0.0442596 0.086075 0.185195
2 0.339587 0.0266223 0.0683912 0.0532445 0.182906
0 0.0721683 0.204868 0.0222581 0.0677849 0.182817
2 0.0556087 0.35495 0.091215 0.145781 0.18202
0 0.81176 0.173659 0.0183552 0.074432 0.177934
0 0.465685 0.075682 0.040876 0.0753564 0.174943
0 0.835236 0.194402 0.0253082 0.0881516 0.168709
2 0.959385 0.28256 0.0803925 0.138746 0.168095
0 0.00755178 0.22122 0.0148941 0.0762996 0.167016
2 0.959237 0.283991 0.0805508 0.135996 0.165279
5 0.593584 0.0495802 0.0773906 0.0991604 0.159214
9 0.132971 0.0199425 0.0111578 0.0301369 0.151841
0 0.462246 0.0753001 0.0466554 0.0778412 0.149717
0 0.465729 0.0799393 0.0405474 0.0784364 0.149501
5 0.339153 0.0272822 0.0671133 0.0543926 0.147782
2 0.959142 0.284194 0.0813034 0.135453 0.145911
0 0.952918 0.170706 0.021039 0.0840981 0.145139
0 0.914422 0.0510041 0.0222721 0.0491681 0.142359
2 0.45761 0.0155625 0.0478672 0.031125 0.141733
3 0.522167 0.0453741 0.0276381 0.0416893 0.14115
2 0.339162 0.0267263 0.0677401 0.0534526 0.133869
0 0.522102 0.0388173 0.0265223 0.0494759 0.131899
0 0.879111 0.166646 0.0203629 0.0798625 0.130993
0 0.862282 0.181227 0.0250023 0.0847094 0.130725
2 0.490117 0.368454 0.0798432 0.153739 0.129902
0 0.467886 0.0805536 0.0393976 0.0793421 0.129052
0 0.862083 0.181072 0.0247448 0.0864127 0.126905
0 0.465637 0.0732202 0.0390217 0.0724899 0.126694
0 0.519865 0.0421735 0.0274757 0.0481783 0.126527
0 0.879221 0.166468 0.0188152 0.0793602 0.124858
2 0.456313 0.0168534 0.0422966 0.0335041 0.124246
5 0.766355 0.0294634 0.202672 0.0589267 0.123931
0 0.0681717 0.199087 0.0260948 0.0688413 0.122494
2 0.455488 0.0172544 0.0453026 0.0345088 0.121507
2 0.456882 0.0170899 0.0431049 0.0339978 0.120454
5 0.765642 0.029624 0.194075 0.059248 0.120377
0 0.520264 0.0355118 0.0174384 0.043891 0.11964
2 0.455819 0.0162285 0.0454167 0.0324569 0.118014
2 0.457178 0.0168812 0.0443735 0.0337623 0.117606
0 0.952545 0.170986 0.0218327 0.08445 0.113749
5 0.337981 0.0264305 0.0696256 0.0528611 0.112856
0 0.0715828 0.204548 0.0246695 0.0653431 0.111628
0 0.914516 0.0488061 0.0239216 0.0523194 0.111057
2 0.959197 0.283182 0.0807251 0.136019 0.108087
0 0.799512 0.0698969 0.0367666 0.0679811 0.107827
2 0.455984 0.0164161 0.0433239 0.0328322 0.107583
0 0.910274 0.0526839 0.0162489 0.0450406 0.106563
0 0.877763 0.167088 0.0236532 0.0813508 0.105272
3 0.522516 0.0403771 0.0258717 0.050249 0.102552
67 0.378938 0.416857 0.0338329 0.0569427 0.099421
3 0.465969 0.0776247 0.0476631 0.0852277 0.0990343
0 0.916266 0.0482994 0.0207903 0.0523888 0.0959818
0 0.525448 0.0375984 0.0212509 0.042873 0.0953398
2 0.339778 0.0273608 0.0676982 0.0544837 0.0952658
0 0.811225 0.188692 0.0152605 0.0430079 0.09423
9 0.131178 0.0267309 0.00990913 0.0266553 0.0930751
0 0.00705943 0.228049 0.0140023 0.0670413 0.0927295
0 0.848025 0.092614 0.0211063 0.0604607 0.0926885
67 0.378931 0.416774 0.0344601 0.0555324 0.0920677
0 0.0713931 0.200965 0.0305149 0.0707887 0.0913337
0 0.516888 0.0396301 0.0275832 0.0505034 0.090237
0 0.877913 0.167542 0.0233604 0.0834812 0.087394
0 0.953103 0.170586 0.0214638 0.0831009 0.0866588
0 0.863554 0.180957 0.023675 0.0843247 0.0863111
5 0.767407 0.030961 0.195485 0.0617257 0.085431
0 0.800208 0.0708075 0.0347837 0.0677708 0.0850429
0 0.805706 0.0543878 0.0185802 0.0425677 0.0841224
0 0.524375 0.0328085 0.0214573 0.0364268 0.0814782
5 0.593694 0.050541 0.0764286 0.100578 0.0812556
7 0.5969 0.356938 0.0858773 0.151326 0.080616
5 0.596822 0.050148 0.0695741 0.0994881 0.0775339
0 0.83771 0.193429 0.021973 0.0852176 0.0774316
2 0.959282 0.288618 0.0802385 0.125993 0.0767555
5 0.600422 0.0493582 0.0631893 0.0984053 0.076717
0 0.953158 0.170622 0.0220968 0.0843329 0.0763263
5 0.604768 0.0496616 0.0545145 0.0991261 0.0749841
2 0.959199 0.288225 0.0810871 0.127734 0.0748014
0 0.952681 0.170523 0.0225307 0.0832087 0.0745741
67 0.37901 0.416889 0.0328845 0.0563498 0.0738797
2 0.455381 0.0143697 0.0520576 0.0287395 0.0737663
0 0.810295 0.188755 0.01684 0.0435396 0.0732542
0 0.0691746 0.200307 0.0305675 0.0747112 0.0713514
2 0.339127 0.0269251 0.0687519 0.0538501 0.0713263
67 0.379319 0.417559 0.0325761 0.0561057 0.0713103
3 0.521636 0.0411545 0.0295536 0.0502169 0.0710291
28 0.0757189 0.814936 0.151438 0.369219 0.0707459
0 0.86148 0.181237 0.0223812 0.0835248 0.07031
3 0.515486 0.0418724 0.0265719 0.0500019 0.0699287
0 0.911074 0.0547314 0.0171965 0.0403045 0.0694803
3 0.468416 0.0794744 0.0478163 0.0829033 0.0689569
5 0.337591 0.0275536 0.0702669 0.0548951 0.0687627
0 0.915204 0.0486392 0.0201256 0.0519897 0.0686049
67 0.378927 0.417348 0.0334238 0.0559474 0.0683467
67 0.496401 0.842672 0.148239 0.31399 0.067961
67 0.49414 0.842802 0.154853 0.31347 0.0672907
2 0.0759841 0.814493 0.15151 0.369442 0.0668138
0 0.849681 0.0899309 0.0240246 0.0640502 0.0666117
3 0.471147 0.0948747 0.0382401 0.0511235 0.0663959
67 0.496063 0.842734 0.148451 0.314002 0.0655687
28 0.0755761 0.814671 0.150652 0.369927 0.0635884
0 0.7737 0.0532463 0.0262253 0.0410251 0.0634114
0 0.913978 0.0521209 0.0207661 0.0465043 0.0633028
0 0.446319 0.0716044 0.0238379 0.0707667 0.0632683
9 0.132911 0.0138315 0.0144612 0.027663 0.0632031
3 0.468864 0.0883096 0.0344621 0.0668115 0.0628049
0 0.878539 0.171201 0.0196957 0.0728462 0.0625895
67 0.495538 0.873271 0.135163 0.252188 0.0624543
0 0.918177 0.047271 0.0180826 0.0520501 0.0618635
3 0.470507 0.084477 0.041839 0.06857 0.0614576
67 0.494932 0.868083 0.131459 0.251525 0.0610398
28 0.0758225 0.81487 0.151645 0.369172 0.0607536
0 0.865039 0.1777 0.0212011 0.0775317 0.0604995
67 0.379131 0.416876 0.0337969 0.0564018 0.0602115
2 0.340118 0.0267651 0.0664804 0.0535301 0.0595636
5 0.605028 0.0493613 0.0534853 0.0987226 0.0591395
0 0.846948 0.0937327 0.0180899 0.0577903 0.058894
5 0.490173 0.368079 0.0798258 0.155406 0.058496
0 0.909629 0.0499489 0.0165771 0.0507446 0.058027
2 0.0761868 0.814565 0.152077 0.369991 0.0568948
0 0.952667 0.170747 0.0230267 0.0850898 0.0567902
0 0.806306 0.0526919 0.0164442 0.0401998 0.0562761
0 0.95225 0.17155 0.0192989 0.083304 0.0551969
0 0.84899 0.0908636 0.0226851 0.0630007 0.0549106
3 0.511626 0.0468559 0.0205429 0.0433336 0.0543296
2 0.457143 0.0175058 0.0448786 0.0345652 0.0539636
67 0.496074 0.842945 0.131777 0.294725 0.0534694
67 0.379039 0.417042 0.0337526 0.0576242 0.0519484
0 0.95399 0.170611 0.0223713 0.0854681 0.0519256
5 0.589412 0.0496996 0.0866254 0.0991377 0.0504972
0 0.84897 0.0909877 0.021524 0.0626635 0.0503575
2 0.203118 0.038862 0.0451817 0.0401479 0.0500906
0 0.517827 0.0367242 0.0276709 0.0470096 0.0499811
3 0.468655 0.103469 0.0269005 0.0394889 0.0496385
2 0.959296 0.288134 0.0804079 0.127173 0.0495202
67 0.379041 0.416666 0.0340668 0.0564075 0.0494887
2 0.0758193 0.814577 0.151159 0.369298 0.0494605
3 0.523532 0.0449087 0.0261999 0.0437659 0.0490758
0 0.519681 0.0427732 0.0281272 0.0508659 0.0490031
2 0.338645 0.0270129 0.0678664 0.0540258 0.048883
0 0.771157 0.0728894 0.0234837 0.0429803 0.0484355
5 0.589108 0.0499941 0.091514 0.0999882 0.0482518
3 0.469031 0.0807376 0.0474938 0.0828984 0.0474577
19 0.767972 0.0705279 0.0319641 0.0453845 0.0471371
0 0.447015 0.0775824 0.0223293 0.0661236 0.0471358
0 0.708169 0.0445462 0.0193678 0.0274477 0.0470403
0 0.878074 0.167438 0.0246986 0.0829184 0.0468647
5 0.263351 0.034666 0.10225 0.0692347 0.046409
28 0.0755624 0.814279 0.15071 0.370297 0.0459079
28 0.0755202 0.814852 0.15104 0.369543 0.0458867
0 0.971416 0.259248 0.0215439 0.0283932 0.0458251
0 0.767923 0.0630584 0.0393469 0.0576577 0.0456017
67 0.378517 0.416692 0.0343403 0.0562727 0.0453283
0 0.953595 0.169578 0.02076 0.0840966 0.0451125
0 0.95391 0.169827 0.0230103 0.0848554 0.0447586
67 0.482251 0.841311 0.178885 0.316434 0.0445078
0 0.468986 0.0718143 0.0409354 0.0661711 0.043999
0 0.748368 0.0622376 0.0136131 0.035997 0.04353
0 0.796239 0.0878552 0.025913 0.0348803 0.043341
67 0.379242 0.417859 0.0336157 0.0572246 0.0431854
2 0.33873 0.0268526 0.0689914 0.0535589 0.0431218
5 0.600634 0.35798 0.0792511 0.155518 0.0428075
0 0.222287 0.0308594 0.0141022 0.02496 0.0428062
0 0.446369 0.0699818 0.0271297 0.0724143 0.0422034
2 0.338137 0.0266468 0.0674569 0.0532936 0.042086
2 0.203441 0.0404376 0.0449838 0.0417191 0.0414841
0 0.846932 0.0958541 0.0157225 0.0524463 0.0411903
0 0.858819 0.194222 0.0167429 0.0636294 0.0408352
0 0.849916 0.0893896 0.0244404 0.0655406 0.0397035
0 0.0735394 0.213145 0.0204825 0.0489379 0.0392565
0 0.79981 0.0739548 0.0355348 0.0612067 0.0392371
0 0.973095 0.257947 0.0231155 0.0343299 0.0389114
0 0.101633 0.162227 0.0198433 0.0537138 0.0375206
0 0.00827873 0.208258 0.0164811 0.11387 0.0372871
3 0.465792 0.089768 0.0342953 0.0618978 0.0372646
2 0.0763021 0.814689 0.151945 0.369597 0.0370756
0 0.800657 0.081049 0.0359764 0.0478815 0.0370287
2 0.455625 0.0181952 0.0471054 0.0361276 0.0366342
0 0.83556 0.183952 0.0217623 0.0685863 0.036396
0 0.876959 0.179627 0.0217402 0.0610265 0.0352765
2 0.42094 0.00809152 0.0262568 0.016183 0.0349279
67 0.496946 0.871652 0.13644 0.254419 0.0346085
19 0.765983 0.0701676 0.0365538 0.0478436 0.0346031
5 0.60345 0.0496293 0.0577863 0.0992587 0.0344279
0 0.470327 0.0784938 0.0408461 0.0682408 0.0336067
0 0.796528 0.0535639 0.0299809 0.0406008 0.0333514
0 0.870911 0.171465 0.0195555 0.0718799 0.0332172
2 0.421008 0.0102829 0.0302842 0.0205659 0.0330916
0 0.460259 0.0645655 0.0490809 0.0651523 0.0327949
0 0.952112 0.173163 0.0204845 0.0822889 0.0320977
5 0.263108 0.0359114 0.100341 0.0718228 0.0320319
5 0.588614 0.049084 0.0873848 0.0979741 0.0319866
0 0.76979 0.0755764 0.0194171 0.042504 0.0318736
0 0.759632 0.0653346 0.0314007 0.0393268 0.0318139
3 0.471565 0.103248 0.0326918 0.0376831 0.0317885
0 0.709419 0.0448714 0.0182858 0.028591 0.0316279
0 0.773448 0.0614731 0.041324 0.0565145 0.0315209
