2 0.891466 0.334802 0.092244 0.0535278 0.866194
2 0.718625 0.480954 0.153705 0.108654 0.86458
2 0.310184 0.303524 0.0875579 0.0612074 0.857316
2 0.469086 0.306151 0.0871441 0.0520827 0.84381
2 0.718715 0.480909 0.153971 0.107789 0.843711
2 0.71856 0.481108 0.153597 0.10769 0.837424
2 0.718366 0.480925 0.153547 0.107683 0.835142
2 0.718496 0.480993 0.153307 0.107511 0.826585
2 0.718938 0.480887 0.15397 0.108111 0.826308
2 0.189355 0.324399 0.0953183 0.060498 0.821385
2 0.7187 0.480785 0.15313 0.107327 0.81992
2 0.469022 0.30604 0.0875165 0.0527467 0.818715
2 0.469159 0.305988 0.0872173 0.0530989 0.810984
2 0.891667 0.335134 0.0927814 0.0543718 0.808896
2 0.891007 0.334982 0.0924324 0.0540606 0.801014
2 0.188831 0.32466 0.0945542 0.0594021 0.800682
2 0.469454 0.306579 0.0885447 0.0526253 0.797343
2 0.469357 0.306168 0.0878788 0.0531438 0.796187
2 0.188993 0.325003 0.0954717 0.0592363 0.793797
2 0.718803 0.481105 0.153076 0.107599 0.7927
2 0.188636 0.324883 0.0939593 0.0596899 0.788825
2 0.718764 0.480856 0.153645 0.107681 0.787839
2 0.310131 0.302959 0.0869054 0.0604405 0.7842
2 0.470179 0.306034 0.0878771 0.0524828 0.782043
2 0.189258 0.324696 0.0955029 0.0600947 0.775877
2 0.310058 0.30346 0.0864381 0.0619699 0.774905
2 0.189386 0.32502 0.0955129 0.0598328 0.772689
2 0.188834 0.32482 0.0950457 0.0589679 0.770494
2 0.469527 0.306291 0.0883268 0.0516203 0.769852
2 0.718757 0.480753 0.15346 0.107389 0.765956
2 0.309674 0.303631 0.085965 0.0620446 0.765862
2 0.891719 0.33505 0.0920729 0.0542389 0.765319
2 0.309735 0.303583 0.0867431 0.0622846 0.75626
2 0.469046 0.3062 0.0863661 0.0521976 0.753525
2 0.310171 0.303108 0.0857747 0.0596776 0.737566
2 0.309848 0.303495 0.0864637 0.061707 0.736381
2 0.89163 0.335134 0.0923363 0.0546003 0.728792
2 0.891446 0.335054 0.0930637 0.0546337 0.723364
2 0.891581 0.335133 0.0933723 0.0542959 0.697496
2 0.891472 0.334926 0.0933193 0.0540929 0.69593
2 0.189791 0.325498 0.0958224 0.0586757 0.68555
2 0.0212425 0.51934 0.042485 0.244759 0.685246
2 0.469329 0.306024 0.0859378 0.0524318 0.684837
2 0.310097 0.303686 0.0871578 0.0614564 0.678681
2 0.309875 0.303271 0.0872792 0.0610063 0.673981
0 0.219601 0.641948 0.0338648 0.126616 0.672606
0 0.219733 0.641538 0.0336856 0.126156 0.665614
0 0.219664 0.641627 0.033477 0.126383 0.663442
0 0.218762 0.642123 0.0323948 0.119744 0.645466
0 0.21879 0.643694 0.033532 0.117489 0.635239
2 0.0211706 0.519462 0.0423412 0.24385 0.607256
2 0.467056 0.305972 0.0829248 0.0525262 0.601831
2 0.0205412 0.5187 0.0409362 0.242408 0.574716
2 0.189517 0.324837 0.0913337 0.0591857 0.573991
0 0.219988 0.644509 0.0352546 0.127796 0.563644
2 0.891786 0.334876 0.0924339 0.0538046 0.562134
0 0.218625 0.641592 0.0334896 0.123712 0.551234
2 0.190799 0.324741 0.0992074 0.060356 0.54626
2 0.0205067 0.520174 0.0408787 0.244431 0.538397
2 0.147312 0.418666 0.138356 0.0927292 0.526383
2 0.0205019 0.519176 0.0409232 0.242925 0.524491
2 0.0207351 0.517977 0.0413087 0.240363 0.498567
2 0.021031 0.520665 0.0420619 0.245819 0.49471
2 0.147755 0.415125 0.139703 0.0855678 0.482647
2 0.150237 0.410024 0.141547 0.0755573 0.478176
2 0.0208466 0.51889 0.0415864 0.240519 0.473127
2 0.148718 0.412163 0.140409 0.0809399 0.466599
2 0.147974 0.413034 0.13959 0.0802283 0.454938
2 0.148412 0.418055 0.139532 0.093105 0.454905
2 0.14649 0.419733 0.136213 0.0939874 0.443996
0 0.219553 0.640393 0.0301765 0.117036 0.443584
2 0.0204252 0.518054 0.0407929 0.243696 0.422382
0 0.218794 0.643372 0.0343047 0.119757 0.395421
2 0.0205405 0.522327 0.0409522 0.249322 0.384103
2 0.310193 0.302984 0.0875058 0.060656 0.351383
0 0.218882 0.64109 0.03194 0.12683 0.327494
2 0.14344 0.420265 0.128722 0.0929009 0.314161
2 0.144571 0.41994 0.131809 0.0927824 0.307752
2 0.147454 0.418995 0.138055 0.0945037 0.302393
2 0.0700352 0.325311 0.0772299 0.0545447 0.292295
2 0.311557 0.302575 0.0831861 0.0598028 0.288424
2 0.0687799 0.324777 0.0737496 0.052537 0.280918
2 0.145591 0.419618 0.134617 0.0928116 0.217221
2 0.884151 0.248435 0.0641523 0.0499318 0.216123
9 0.0840968 0.253459 0.0153386 0.042374 0.21543
0 0.743608 0.284603 0.018272 0.0452768 0.211404
2 0.0714554 0.326032 0.0771217 0.0554584 0.209155
2 0.0702106 0.325481 0.0777053 0.0554989 0.199879
0 0.0904886 0.325732 0.0280847 0.0540617 0.196491
0 0.0366774 0.709915 0.0723979 0.167646 0.187614
0 0.219119 0.646122 0.0332002 0.115851 0.183542
0 0.0362887 0.710917 0.0720151 0.168214 0.175568
0 0.0366143 0.710316 0.0726448 0.167753 0.170428
0 0.742972 0.284444 0.0177396 0.0462419 0.170035
2 0.06575 0.324438 0.0678257 0.0481328 0.169979
2 0.140391 0.438425 0.120443 0.0583815 0.166424
2 0.884948 0.249384 0.0662357 0.0485611 0.163469
2 0.140151 0.43992 0.118171 0.0547733 0.162424
2 0.147974 0.419975 0.141001 0.0928152 0.161977
2 0.825022 0.2407 0.0508436 0.0257134 0.161282
0 0.219485 0.644224 0.0317515 0.113103 0.160483
0 0.219743 0.645703 0.0336109 0.115745 0.157087
2 0.82453 0.237749 0.0496941 0.0283948 0.148202
2 0.0667727 0.327522 0.0695229 0.0487556 0.148091
2 0.0710981 0.32557 0.0777304 0.0555378 0.147658
2 0.469523 0.305982 0.0876583 0.0518088 0.14289
0 0.0402622 0.672829 0.0674802 0.092059 0.142535
9 0.0841561 0.253065 0.0160639 0.0412695 0.139498
2 0.885149 0.246215 0.0648378 0.0491089 0.139039
2 0.834677 0.241212 0.0307549 0.0232535 0.138809
2 0.884941 0.250574 0.0661816 0.0484365 0.132467
0 0.742804 0.286055 0.0189503 0.0475878 0.131705
2 0.156085 0.410597 0.152414 0.0765074 0.125674
0 0.0387107 0.71035 0.075182 0.167579 0.125649
0 0.039329 0.672143 0.0694114 0.091858 0.124408
3 0.0130356 0.323091 0.0259733 0.047361 0.123997
3 0.0131146 0.322753 0.0262292 0.0471838 0.120084
0 0.0354283 0.711818 0.0701913 0.168795 0.119687
0 0.0371066 0.672792 0.0707424 0.0926285 0.11892
2 0.0569125 0.328202 0.0531091 0.0383175 0.117947
0 0.0385905 0.674699 0.0652019 0.0951171 0.117821
0 0.0391421 0.710323 0.0764892 0.167643 0.116611
2 0.837868 0.241395 0.024309 0.0232436 0.116247
2 0.883963 0.247962 0.0629744 0.0490351 0.115914
0 0.0842682 0.253049 0.0141215 0.0394873 0.115673
2 0.88494 0.24734 0.0652033 0.0493704 0.114351
2 0.265892 0.784414 0.507599 0.222741 0.112964
0 0.0906709 0.324742 0.0262961 0.0523136 0.112292
0 0.0353142 0.711145 0.0705158 0.167324 0.109136
0 0.0908033 0.326295 0.0322875 0.055421 0.109004
2 0.0582972 0.330938 0.0534696 0.0359218 0.105767
0 0.0375155 0.673099 0.0704304 0.0936909 0.102914
0 0.0383937 0.710224 0.0742001 0.16727 0.101465
0 0.0580141 0.674155 0.0328214 0.0931549 0.0990804
0 0.728259 0.28584 0.0150197 0.0472333 0.0975804
0 0.0353618 0.711003 0.0706031 0.166719 0.0966311
0 0.211302 0.294095 0.0171724 0.0286906 0.0962497
2 0.885449 0.248857 0.0673264 0.0502658 0.0959645
0 0.0856307 0.325597 0.0349625 0.0548093 0.0958129
2 0.138092 0.439436 0.118767 0.0536766 0.0927203
0 0.601301 0.263868 0.017093 0.0468657 0.0926983
2 0.26169 0.784898 0.516939 0.222849 0.0905149
2 0.264072 0.785534 0.512599 0.220762 0.0893289
2 0.28393 0.781036 0.473761 0.209247 0.0893022
0 0.0537676 0.67463 0.0409574 0.0913857 0.0888292
2 0.893314 0.334729 0.0971094 0.0538688 0.0885313
0 0.740917 0.287733 0.023003 0.0502353 0.0875677
0 0.0844288 0.253396 0.0157446 0.0400907 0.0875304
0 0.736427 0.288363 0.0224804 0.0515893 0.0866758
2 0.141814 0.439853 0.113864 0.0535688 0.085677
2 0.0134361 0.321932 0.0267191 0.0508873 0.0855805
2 0.469762 0.306238 0.086654 0.052855 0.0842031
0 0.735665 0.287476 0.0220038 0.049603 0.0828384
2 0.0559025 0.331491 0.0500699 0.0340698 0.0823906
3 0.011712 0.323181 0.0233092 0.0468966 0.0811345
2 0.273976 0.784639 0.493172 0.22123 0.0800545
9 0.0846128 0.253037 0.0155051 0.0404405 0.0792755
2 0.137914 0.438341 0.11936 0.0545675 0.0787388
0 0.601672 0.264151 0.0200947 0.0465405 0.0780896
2 0.884581 0.248586 0.0646454 0.0458751 0.0776683
2 0.0689306 0.332822 0.072149 0.042821 0.0763303
2 0.827269 0.238607 0.0463635 0.0267547 0.0732525
2 0.157257 0.417024 0.1543 0.083185 0.072916
0 0.241136 0.279102 0.0129028 0.0237146 0.0724797
2 0.260903 0.785009 0.517361 0.220187 0.071015
2 0.828398 0.239342 0.0444572 0.0273645 0.0704696
2 0.900911 0.247183 0.0958645 0.0517661 0.0704274
0 0.0608473 0.673856 0.0276663 0.0929663 0.0694307
2 0.893115 0.334685 0.0971762 0.0543943 0.0687785
2 0.153577 0.419059 0.147533 0.0922482 0.0679555
2 0.296518 0.781234 0.448906 0.211751 0.0674437
3 0.0130114 0.324584 0.0260229 0.0461733 0.0664236
2 0.0681259 0.32527 0.0773407 0.053672 0.0662288
0 0.727811 0.283606 0.0142476 0.045343 0.065232
2 0.278214 0.778056 0.483361 0.202393 0.0651369
0 0.0260935 0.711673 0.0520874 0.168141 0.0649329
0 0.601674 0.264317 0.0183222 0.0468016 0.0645339
0 0.0880179 0.324564 0.0314595 0.0535497 0.0642629
2 0.890569 0.248123 0.0765635 0.0506282 0.0632034
0 0.0338181 0.67546 0.0628074 0.0937731 0.0631543
2 0.0131859 0.321642 0.0261356 0.0503651 0.0631314
2 0.0123794 0.321994 0.02466 0.0494705 0.0629784
3 0.0121678 0.322892 0.0243178 0.0478459 0.0610513
0 0.21289 0.293973 0.0161828 0.0294032 0.060097
9 0.0812029 0.182715 0.0106887 0.021424 0.0600138
2 0.261871 0.78516 0.516606 0.217413 0.0599732
2 0.0134599 0.32193 0.026796 0.0493847 0.0588743
0 0.056274 0.674415 0.0349913 0.0929377 0.0569194
0 0.708761 0.276148 0.0133179 0.0320769 0.0567851
0 0.73927 0.287031 0.0199486 0.0497271 0.0549008
0 0.04493 0.674739 0.0544122 0.0926936 0.0534266
3 0.0104034 0.325671 0.0207033 0.0436225 0.0527506
2 0.902377 0.224076 0.0212059 0.0165352 0.049284
2 0.059227 0.333531 0.0543268 0.0365309 0.0491135
0 0.0709365 0.326372 0.067257 0.057043 0.0476596
2 0.263499 0.783983 0.51598 0.222684 0.0476502
0 0.600331 0.263407 0.0209063 0.0491762 0.0475593
2 0.0202081 0.51237 0.0402568 0.229481 0.0470159
2 0.0203358 0.532908 0.0404569 0.273235 0.0459357
0 0.115983 0.81699 0.0352764 0.155671 0.0450862
0 0.215293 0.291773 0.0135379 0.0273711 0.0439797
0 0.039187 0.674692 0.0478136 0.0958731 0.0439031
0 0.211599 0.293686 0.0172837 0.0292716 0.0433509
2 0.140915 0.431223 0.121026 0.0725614 0.0431657
2 0.261478 0.782281 0.517069 0.22351 0.0431363
0 0.753485 0.289408 0.0175325 0.0327893 0.0431042
2 0.0554778 0.332984 0.0484898 0.0349149 0.0425611
2 0.14185 0.437918 0.11602 0.0564722 0.042414
0 0.213088 0.293459 0.0165179 0.0299439 0.040025
0 0.709522 0.278593 0.015786 0.0370812 0.039099
0 0.084103 0.327914 0.0451547 0.058422 0.0386751
0 0.0645361 0.677943 0.0237999 0.0898163 0.0378882
2 0.189157 0.324897 0.0960714 0.0596261 0.0372484
0 0.0203515 0.712843 0.0406325 0.165891 0.0371686
0 0.241066 0.277825 0.0131488 0.023298 0.0367786
2 0.885093 0.228815 0.056229 0.018983 0.0367312
0 0.0921725 0.328006 0.0324606 0.0565939 0.0364928
0 0.0397906 0.271797 0.0132764 0.0392643 0.0363687
2 0.838365 0.239433 0.0248646 0.0267383 0.0357428
2 0.142466 0.430331 0.120729 0.0726151 0.0355607
2 0.129851 0.394187 0.0946297 0.0458917 0.035156
0 0.0162079 0.717066 0.0324158 0.170096 0.0344805
2 0.887074 0.246178 0.0635979 0.0474147 0.0344203
2 0.150208 0.396374 0.133584 0.0490119 0.0342627
2 0.82553 0.237214 0.0381165 0.0286038 0.0339968
0 0.600193 0.264185 0.0222157 0.0481932 0.0337424
2 0.886662 0.226915 0.0552631 0.0182814 0.033345
2 0.882802 0.230543 0.0537554 0.0184018 0.0331479
26 0.220566 0.630067 0.0276369 0.0449882 0.0328259
2 0.891659 0.334847 0.09349 0.0549041 0.0326931
2 0.770019 0.221774 0.0148844 0.0205513 0.0314341
2 0.885263 0.23082 0.0590946 0.0208282 0.0313177
0 0.218489 0.638444 0.0326108 0.118217 0.0311537
2 0.142542 0.42011 0.128393 0.0943538 0.0309538
0 0.0612623 0.674135 0.0260403 0.0909701 0.0307673
0 0.738742 0.282577 0.0183262 0.0466945 0.0301896
0 0.60025 0.263785 0.021026 0.0489016 0.029793
9 0.207818 0.150948 0.0114768 0.0295244 0.0295627
0 0.107827 0.760791 0.0172967 0.0430622 0.0293899
0 0.0352487 0.674631 0.065401 0.0921874 0.0293397
2 0.903673 0.246507 0.101113 0.0533161 0.0292923
2 0.125852 0.393823 0.0826828 0.0503077 0.0291198
0 0.0401221 0.270201 0.0123368 0.0372057 0.028579
0 0.107838 0.75941 0.0169634 0.0416761 0.0284498
0 0.11097 0.771012 0.0238449 0.0629625 0.028085
9 0.207958 0.147781 0.0107417 0.0251023 0.0279296
0 0.0612383 0.674023 0.0255537 0.0900438 0.0278367
2 0.823561 0.23817 0.0475452 0.0259665 0.027393
0 0.0266849 0.709223 0.0533073 0.171303 0.0271767
0 0.766291 0.291072 0.0264115 0.0287998 0.0270361
0 0.762308 0.292272 0.0311132 0.0332166 0.0265907
0 0.600817 0.261689 0.0170471 0.0490969 0.0265387
0 0.0390432 0.266967 0.0127929 0.0309792 0.02581
0 0.0114498 0.747349 0.0228995 0.109392 0.025316
0 0.0627851 0.675785 0.0242413 0.0889936 0.0252092
0 0.174261 0.260067 0.0138197 0.0400877 0.025143
2 0.147887 0.408811 0.13541 0.0697616 0.0250904
2 0.981001 0.245187 0.0371517 0.0395399 0.0245731
0 0.0846139 0.251299 0.0168563 0.0423979 0.0243752
0 0.0397984 0.272202 0.0141446 0.0398438 0.0240904
0 0.108444 0.765799 0.0188387 0.0501501 0.0240899
0 0.769236 0.293072 0.0244943 0.02856 0.024053
0 0.0605957 0.674451 0.0270394 0.0896685 0.0237569
0 0.085247 0.25301 0.0186881 0.0408551 0.0236004
0 0.00468079 0.281886 0.00919901 0.0330354 0.0234826
0 0.0635543 0.675413 0.0251224 0.0925026 0.0234334
0 0.712414 0.279828 0.0163929 0.0390174 0.0232295
2 0.983573 0.242174 0.0318249 0.0365161 0.0227644
0 0.710025 0.283592 0.0170986 0.0438804 0.0225612
2 0.97848 0.256366 0.0424875 0.0601187 0.022546
2 0.942138 0.224666 0.0197601 0.021977 0.0225307
0 0.0332088 0.713998 0.0664176 0.175329 0.0224705
0 0.17579 0.260832 0.0144451 0.0404616 0.0222415
2 0.148569 0.402065 0.132214 0.0570738 0.0221852
0 0.065092 0.7028 0.0280317 0.169084 0.0221716
2 0.064209 0.322339 0.0679178 0.0513744 0.0219384
26 0.220563 0.636572 0.0289551 0.0685259 0.0218883
2 0.822666 0.235879 0.044593 0.0304796 0.0211725
2 0.978492 0.255378 0.0423693 0.0611677 0.0206263
0 0.067424 0.284424 0.0137128 0.0267507 0.0206093
2 0.134856 0.395095 0.105938 0.0481246 0.0202032
0 0.174238 0.260957 0.0135922 0.0386514 0.0194474
2 0.0683788 0.324079 0.0551467 0.0529156 0.0192293
11 0.428307 0.59385 0.0176982 0.0530811 0.0191226
2 0.888682 0.247581 0.0710262 0.0482913 0.018898
0 0.748563 0.289312 0.041036 0.0530689 0.0187881
0 0.377564 0.814073 0.0200693 0.0292933 0.0187362
2 0.884834 0.250769 0.0661079 0.0487766 0.0185007
0 0.176373 0.259898 0.0128886 0.0401348 0.0184136
2 0.146297 0.422672 0.13867 0.0827042 0.0183784
2 0.715165 0.222512 0.0148942 0.0246152 0.0181625
0 0.0850592 0.252698 0.0189258 0.0410538 0.018159
2 0.900225 0.225944 0.0250671 0.0173035 0.0181254
0 0.242001 0.282038 0.0143892 0.0294917 0.0180258
2 0.980023 0.273097 0.0382141 0.0318261 0.0178105
2 0.0747798 0.326908 0.0815206 0.052047 0.0176797
0 0.195326 0.292877 0.0177504 0.0214455 0.0176389
0 0.218655 0.294876 0.0274119 0.0307724 0.017606
2 0.181944 0.301789 0.0645352 0.0357902 0.0174854
0 0.108178 0.760715 0.0177302 0.043878 0.0171851
