5 0.464419 0.279985 0.268797 0.124067 0.867683
5 0.464439 0.279916 0.269209 0.123407 0.865388
5 0.794119 0.278904 0.198912 0.114959 0.837279
5 0.464477 0.279555 0.269989 0.124549 0.836941
5 0.464291 0.28041 0.268777 0.122921 0.818109
5 0.464701 0.280312 0.26902 0.122547 0.816389
5 0.794342 0.278668 0.19822 0.114271 0.801324
5 0.46447 0.280602 0.268928 0.124421 0.793322
5 0.795353 0.278709 0.195636 0.114801 0.793148
5 0.46361 0.279886 0.267774 0.12361 0.776728
5 0.463901 0.280322 0.26736 0.123529 0.768497
5 0.464742 0.280235 0.268608 0.124659 0.759356
0 0.0654951 0.605189 0.034417 0.131482 0.717851
0 0.0655151 0.605076 0.0356095 0.131278 0.716305
0 0.0656916 0.605964 0.0355198 0.132051 0.698195
0 0.0659285 0.605192 0.0351975 0.130535 0.695599
0 0.0651228 0.604989 0.0345576 0.130526 0.69405
0 0.0654735 0.605397 0.0342039 0.131587 0.692566
0 0.0659823 0.605592 0.0352144 0.132711 0.681638
0 0.0657349 0.607998 0.0366424 0.127023 0.674571
5 0.464583 0.280896 0.268775 0.125478 0.667044
5 0.795262 0.278412 0.195337 0.114413 0.662768
0 0.0656985 0.608684 0.0361454 0.126653 0.661584
0 0.372095 0.61743 0.0278257 0.104174 0.627299
5 0.104532 0.292183 0.208857 0.119198 0.624226
5 0.104605 0.292561 0.208721 0.119689 0.621153
5 0.105515 0.291588 0.211029 0.119152 0.616496
0 0.122206 0.633125 0.0304741 0.0809314 0.598174
0 0.122362 0.6323 0.0303971 0.0802103 0.594731
0 0.122021 0.633249 0.0309178 0.0810801 0.573265
0 0.122151 0.632836 0.0318577 0.0810978 0.549987
5 0.795895 0.278617 0.194608 0.114951 0.546529
5 0.79719 0.278278 0.189303 0.114904 0.544291
0 0.372436 0.617192 0.0280514 0.103301 0.540548
5 0.104481 0.292348 0.208294 0.119614 0.529175
0 0.372373 0.61576 0.027473 0.0993597 0.528743
5 0.104543 0.293159 0.208375 0.119865 0.528374
5 0.792544 0.279157 0.198026 0.114176 0.513637
0 0.372175 0.617271 0.0284894 0.104285 0.507672
0 0.12204 0.634179 0.0302434 0.0812284 0.507402
0 0.30195 0.625149 0.0305301 0.0912151 0.505705
0 0.122238 0.632062 0.0325047 0.081601 0.504534
5 0.104766 0.291895 0.209532 0.12099 0.503595
0 0.14962 0.616227 0.0295149 0.0985817 0.491768
5 0.104828 0.293517 0.209657 0.120083 0.489989
0 0.371836 0.619786 0.0274827 0.107977 0.482025
0 0.371911 0.619927 0.0286682 0.109479 0.478683
0 0.149113 0.614236 0.0305706 0.105991 0.473007
0 0.122089 0.631598 0.0304305 0.0785862 0.467815
2 0.304381 0.275067 0.0699058 0.0631357 0.458696
0 0.148657 0.613372 0.0308346 0.103694 0.457942
0 0.122471 0.632232 0.0328642 0.0829159 0.454312
0 0.148755 0.614211 0.0314692 0.104066 0.450411
0 0.301993 0.623852 0.0317826 0.0879097 0.43333
0 0.149668 0.615122 0.0284871 0.0991959 0.432862
0 0.301656 0.62512 0.0303782 0.0898672 0.431305
0 0.301407 0.624657 0.0304928 0.0896732 0.427535
5 0.792684 0.27856 0.195728 0.113025 0.426611
0 0.301674 0.624628 0.030451 0.0928217 0.42477
0 0.372511 0.6153 0.0274814 0.0995129 0.420421
0 0.148281 0.613385 0.0302517 0.1047 0.407737
2 0.30426 0.275154 0.0708187 0.0627503 0.40773
0 0.149713 0.614149 0.030407 0.106349 0.401409
0 0.371367 0.622434 0.0290403 0.115188 0.400864
0 0.122212 0.630463 0.0300119 0.0775255 0.38838
0 0.149184 0.613041 0.0313447 0.104158 0.388243
5 0.136168 0.293037 0.143523 0.117513 0.386118
0 0.149933 0.621106 0.0276643 0.0857198 0.367268
0 0.150317 0.618374 0.0271694 0.0905177 0.362704
0 0.122254 0.626551 0.029966 0.071661 0.350132
0 0.301201 0.623948 0.0303842 0.0882299 0.349144
2 0.304274 0.275487 0.0700542 0.0631981 0.349022
0 0.301963 0.623241 0.0324191 0.0862572 0.330977
0 0.149891 0.613221 0.032401 0.105053 0.323419
0 0.372862 0.613839 0.0277956 0.0966774 0.316118
0 0.148953 0.613282 0.0309451 0.103476 0.315503
0 0.301937 0.624279 0.03138 0.0885183 0.314505
2 0.304154 0.275248 0.0708004 0.0625122 0.313426
0 0.122195 0.633656 0.030427 0.0828669 0.300216
2 0.240514 0.333543 0.0746716 0.0322299 0.290131
0 0.149609 0.614163 0.0309632 0.106956 0.283493
5 0.134332 0.292351 0.144939 0.118371 0.283085
0 0.301735 0.623654 0.0315454 0.087858 0.281598
2 0.950466 0.824876 0.0980808 0.259888 0.27828
5 0.13557 0.292956 0.142619 0.119178 0.273692
5 0.102688 0.292707 0.201776 0.118979 0.25944
5 0.102363 0.293377 0.201914 0.119011 0.251879
2 0.950204 0.82375 0.0990261 0.257767 0.249168
2 0.241751 0.333583 0.074285 0.031466 0.235633
2 0.950258 0.8265 0.0983139 0.261634 0.226253
5 0.305347 0.275524 0.0698303 0.0621338 0.221291
2 0.240987 0.334572 0.077063 0.0332175 0.215102
5 0.796635 0.278407 0.190651 0.114502 0.212363
5 0.951063 0.82311 0.096928 0.256013 0.210822
2 0.237195 0.334021 0.087573 0.0357826 0.208256
0 0.217516 0.269758 0.0188609 0.0389686 0.20576
2 0.237128 0.333889 0.089853 0.0344578 0.205102
2 0.235925 0.334411 0.0847026 0.0343453 0.204658
0 0.151209 0.623212 0.0254824 0.0867497 0.202979
2 0.828825 0.208896 0.0500927 0.0259724 0.202599
5 0.1365 0.293552 0.142929 0.115898 0.193393
5 0.13524 0.292381 0.143701 0.117787 0.193162
2 0.950136 0.824484 0.0992537 0.257315 0.187697
5 0.951106 0.821874 0.0968405 0.25351 0.186095
5 0.793106 0.278523 0.200907 0.113419 0.184973
5 0.618803 0.281303 0.58475 0.125995 0.18241
0 0.370529 0.627037 0.0302617 0.126715 0.178756
2 0.304904 0.275564 0.0690047 0.0611406 0.170694
2 0.829145 0.208663 0.0488491 0.0255972 0.16607
5 0.135999 0.293406 0.141508 0.11637 0.164178
2 0.305192 0.275734 0.069545 0.0615973 0.159523
2 0.82871 0.208726 0.0486578 0.0248503 0.159452
5 0.951011 0.821698 0.0975433 0.254195 0.159427
2 0.244193 0.334702 0.0687808 0.0320593 0.152866
5 0.847028 0.279613 0.304416 0.115145 0.15243
2 0.305063 0.27566 0.0693003 0.0623981 0.150056
5 0.794966 0.278927 0.195672 0.114414 0.150027
0 0.217824 0.271329 0.0181715 0.0358549 0.149487
5 0.643006 0.280881 0.633393 0.124155 0.149129
0 0.0648776 0.60456 0.0332023 0.128823 0.148022
2 0.951223 0.821999 0.0968243 0.252405 0.127122
5 0.135457 0.293224 0.142829 0.116505 0.123488
2 0.242728 0.333692 0.0707148 0.0310558 0.122625
0 0.217954 0.266105 0.0206954 0.0459608 0.120715
5 0.597594 0.28042 0.604813 0.120974 0.119748
5 0.59287 0.280867 0.528561 0.12575 0.119261
2 0.95036 0.826119 0.0987225 0.263194 0.116331
5 0.620759 0.281629 0.5848 0.126244 0.115412
5 0.10224 0.294925 0.202819 0.11919 0.114946
2 0.304596 0.27468 0.0686851 0.0637703 0.113141
5 0.309809 0.274665 0.0779727 0.0624513 0.112115
0 0.149282 0.610655 0.0296407 0.100007 0.111273
2 0.898502 0.208851 0.0938141 0.0381593 0.111041
5 0.937123 0.277985 0.125123 0.0907351 0.109948
2 0.232145 0.334784 0.0982499 0.0377901 0.109277
5 0.937672 0.277759 0.123925 0.0904675 0.109176
0 0.504993 0.276322 0.0148714 0.0240875 0.108468
0 0.299961 0.621982 0.0325364 0.0857302 0.106345
0 0.215849 0.269152 0.0147979 0.0438643 0.103888
5 0.937066 0.279873 0.125042 0.0962107 0.102813
5 0.13592 0.293073 0.14223 0.116829 0.10145
0 0.301832 0.626016 0.0289347 0.0963558 0.101402
5 0.928999 0.282165 0.141211 0.118532 0.0998854
5 0.937653 0.287622 0.123941 0.112576 0.0993021
2 0.903153 0.207761 0.101376 0.0384206 0.0988295
0 0.121919 0.629585 0.0299799 0.0739192 0.0945986
0 0.066285 0.606935 0.0357292 0.129592 0.0944749
5 0.102734 0.295715 0.203843 0.11955 0.0902606
2 0.894126 0.20928 0.0803164 0.038157 0.0888788
5 0.135364 0.292463 0.142766 0.118171 0.0864908
2 0.82869 0.204159 0.0497194 0.0342615 0.0853745
0 0.506689 0.274822 0.0152599 0.0260386 0.0844399
0 0.301929 0.659849 0.0328982 0.162111 0.080051
0 0.433313 0.580277 0.0163044 0.0811132 0.079659
2 0.828803 0.205187 0.049662 0.0318592 0.0778509
5 0.611012 0.282043 0.569581 0.128009 0.0773079
0 0.298832 0.621451 0.0245526 0.0824286 0.0767706
5 0.936545 0.278101 0.126911 0.0915487 0.0763912
9 0.0829778 0.160922 0.0107481 0.025693 0.0736975
0 0.213845 0.27567 0.0114875 0.035356 0.072496
0 0.465096 0.275891 0.0148544 0.0275274 0.072069
2 0.828707 0.204887 0.0498642 0.0330759 0.0720024
5 0.620603 0.281431 0.580335 0.125251 0.0718322
0 0.299992 0.620583 0.0291709 0.0820963 0.0709794
0 0.374142 0.611804 0.0249412 0.0843653 0.0702013
5 0.595747 0.281473 0.533841 0.12709 0.0700128
5 0.611008 0.281392 0.567385 0.12674 0.0698725
0 0.150132 0.616175 0.0320673 0.1089 0.06812
0 0.465186 0.273891 0.0138851 0.029555 0.0656394
2 0.829116 0.208374 0.0510342 0.0275739 0.060544
5 0.10303 0.293413 0.205163 0.118442 0.0592818
9 0.00424502 0.17922 0.00839439 0.0336683 0.0577713
2 0.887364 0.206323 0.0699926 0.0401684 0.0563551
0 0.302911 0.660732 0.0356485 0.163949 0.0559493
2 0.828569 0.20826 0.0494377 0.0271611 0.0544593
0 0.418974 0.281291 0.0143084 0.0208666 0.0539394
2 0.828513 0.204836 0.0511559 0.0317594 0.0538256
0 0.860156 0.322895 0.0454365 0.0705119 0.05169
0 0.147813 0.609599 0.0273635 0.0977617 0.0504647
0 0.0102392 0.367961 0.0203153 0.0880152 0.0501884
5 0.84786 0.281057 0.301965 0.120621 0.049778
0 0.860282 0.322921 0.0436352 0.0732618 0.0491734
0 0.865752 0.179937 0.0204235 0.0321872 0.0476519
0 0.0104379 0.369209 0.0207412 0.0916793 0.0473199
0 0.859846 0.308326 0.044577 0.051946 0.0460097
0 0.445843 0.277084 0.0140925 0.0281121 0.0452793
5 0.936218 0.276288 0.126958 0.0939909 0.0438081
2 0.892373 0.210025 0.0785111 0.0371547 0.0436161
5 0.936186 0.276483 0.126801 0.0931208 0.0433469
5 0.93572 0.275615 0.128279 0.0950395 0.042733
2 0.903909 0.20596 0.105533 0.0438407 0.0424996
2 0.950468 0.846415 0.0976622 0.304717 0.0424453
2 0.119199 0.331313 0.101668 0.0420548 0.0423736
0 0.372408 0.618997 0.0271347 0.105455 0.0423636
2 0.906799 0.209286 0.10267 0.0413643 0.0414445
5 0.847608 0.295468 0.30343 0.146401 0.0410376
2 0.105086 0.331499 0.0755789 0.0398639 0.0409328
5 0.936577 0.294434 0.126845 0.12523 0.0404251
0 0.24416 0.253424 0.00949106 0.0253606 0.0399016
0 0.444976 0.274185 0.0141834 0.029799 0.039215
2 0.828509 0.208127 0.051194 0.026706 0.038449
2 0.904238 0.193467 0.028344 0.0150028 0.0370984
0 0.243955 0.251029 0.0105929 0.0250917 0.0363967
0 0.148937 0.625061 0.0272961 0.0779495 0.035944
0 0.860537 0.308917 0.0444685 0.0495745 0.0357197
2 0.895357 0.209107 0.0738327 0.0359488 0.0354032
5 0.603344 0.280283 0.604318 0.121658 0.0353695
0 0.00988048 0.366606 0.019761 0.0849217 0.0351177
0 0.433858 0.597903 0.0169479 0.117189 0.0347317
2 0.244911 0.333378 0.0676592 0.030625 0.0342637
36 0.372067 0.660908 0.0184043 0.0560473 0.0342215
2 0.991898 0.206173 0.0154007 0.0392501 0.0338144
5 0.938501 0.279253 0.122446 0.0885783 0.0335937
2 0.890059 0.207163 0.0709635 0.0393732 0.0335118
2 0.119655 0.3316 0.102497 0.041433 0.03332
2 0.11019 0.331108 0.0841354 0.0414413 0.032528
5 0.951243 0.822872 0.0966009 0.253991 0.0323218
7 0.437934 0.727041 0.171983 0.157102 0.0321444
2 0.226983 0.35272 0.111658 0.0708863 0.032069
0 0.0103288 0.348511 0.020492 0.0503418 0.0319295
0 0.221107 0.269645 0.0248622 0.0424864 0.0317493
0 0.860298 0.309842 0.0421936 0.0485507 0.0310519
0 0.217963 0.263894 0.0221474 0.0480127 0.0308226
2 0.919158 0.212009 0.125682 0.0376036 0.0307413
2 0.235044 0.333951 0.0929052 0.0356332 0.0299649
5 0.951028 0.824739 0.0974627 0.259028 0.0296303
2 0.916192 0.20937 0.121525 0.0418427 0.0296185
0 0.85911 0.30847 0.0448265 0.0489033 0.0293947
5 0.589593 0.280448 0.668477 0.121009 0.0291897
0 0.371353 0.624478 0.0234684 0.12345 0.0290663
0 0.0101872 0.367813 0.0203385 0.0877958 0.0289674
2 0.239151 0.332145 0.0824132 0.0318209 0.0286036
0 0.8601 0.312214 0.0456409 0.052732 0.0280191
0 0.12011 0.628975 0.0312274 0.0760389 0.0279538
9 0.192025 0.16221 0.0119664 0.0211787 0.0279445
2 0.228116 0.353654 0.106821 0.0759746 0.0278775
0 0.300585 0.626662 0.0326732 0.0944967 0.0278245
2 0.992958 0.214898 0.0133259 0.021358 0.027575
0 0.122289 0.639852 0.0287512 0.0714846 0.0275379
2 0.891507 0.210128 0.0747192 0.036893 0.0275124
0 0.866184 0.178038 0.0192005 0.0359026 0.0271763
0 0.860551 0.308541 0.0428215 0.049735 0.0271556
0 0.4205 0.27536 0.0157648 0.0294539 0.0270401
0 0.145206 0.583077 0.0194171 0.0451319 0.026671
0 0.00457131 0.178432 0.00896781 0.0350013 0.026591
0 0.859964 0.307232 0.0401758 0.0504008 0.0261427
0 0.146067 0.592662 0.0230354 0.0637812 0.0260281
0 0.370136 0.615719 0.0320081 0.103117 0.0260232
0 0.300359 0.626077 0.0262723 0.0874328 0.0258059
2 0.245625 0.334222 0.0688254 0.0313945 0.0257164
0 0.213824 0.265251 0.0182003 0.046077 0.0256035
36 0.371366 0.653747 0.0190639 0.0657646 0.0255637
0 0.481621 0.27947 0.0126768 0.017792 0.025353
0 0.25514 0.258191 0.0107565 0.0264939 0.0248579
0 0.86015 0.324927 0.0430096 0.0661294 0.0247012
5 0.847123 0.285449 0.303063 0.127861 0.0243261
0 0.220879 0.270745 0.0257708 0.0421229 0.0241549
0 0.120659 0.630809 0.0329931 0.0790794 0.0238709
2 0.950591 0.844732 0.0979786 0.300598 0.023812
9 0.0823841 0.161369 0.0105869 0.0262273 0.023675
0 0.214838 0.265963 0.0199384 0.0451176 0.0234771
0 0.860548 0.331585 0.044062 0.0702614 0.0228648
0 0.00947773 0.369232 0.0189014 0.0936831 0.0228016
2 0.826897 0.207344 0.0495686 0.0275292 0.0227466
0 0.501518 0.278621 0.0186271 0.0219571 0.0222808
0 0.554076 0.271199 0.0193556 0.0375866 0.0222511
0 0.201981 0.326072 0.0177419 0.0310325 0.0217119
0 0.0651828 0.603917 0.0329546 0.126572 0.0214254
5 0.928834 0.302292 0.14172 0.157786 0.0213751
0 0.860437 0.330988 0.0418856 0.0627621 0.0211789
0 0.20031 0.326226 0.0193637 0.0315865 0.0207754
0 0.432437 0.595874 0.016609 0.113886 0.0206733
2 0.227742 0.353924 0.111133 0.074072 0.0205246
0 0.146538 0.281252 0.011385 0.0167552 0.0198333
9 0.19118 0.162789 0.0148805 0.0217969 0.0198216
0 0.523859 0.276287 0.0150747 0.0246322 0.0193009
2 0.905174 0.204406 0.1004 0.0460528 0.0190962
0 0.46386 0.275873 0.0174282 0.032348 0.0186722
0 0.434643 0.597369 0.0189205 0.11635 0.0186682
0 0.298571 0.621385 0.033173 0.0847467 0.0185234
2 0.230438 0.354373 0.111851 0.0738488 0.0184332
2 0.0941992 0.331702 0.0529164 0.0381746 0.0182431
9 0.211036 0.118241 0.0120026 0.0238545 0.0181998
0 0.354253 0.279369 0.0144651 0.0369141 0.0181102
0 0.53906 0.270246 0.0209818 0.0368863 0.0180666
0 0.300987 0.661457 0.0341699 0.164403 0.0180037
0 0.85948 0.340781 0.0391609 0.0702913 0.0178751
2 0.130964 0.328008 0.128813 0.0490489 0.0178543
0 0.300892 0.662943 0.0365364 0.168465 0.0173962
0 0.43084 0.280264 0.0101717 0.0218347 0.0171759
2 0.907063 0.204356 0.102946 0.0472143 0.0169527
2 0.109089 0.331945 0.0835903 0.0403093 0.0168884
0 0.4203 0.283613 0.0165958 0.0232927 0.0168695
5 0.135054 0.290792 0.143285 0.119967 0.0167543
0 0.011419 0.366402 0.022838 0.0863024 0.0162486
0 0.862838 0.320041 0.0497194 0.0876365 0.0160879
36 0.434292 0.752333 0.176944 0.106265 0.0160456
5 0.924156 0.268168 0.149633 0.111592 0.0158498
0 0.256995 0.259113 0.0134186 0.0268285 0.0156654
0 0.408246 0.283046 0.0104779 0.0200457 0.0156477
