2 0.295412 0.448898 0.115279 0.114583 0.801504
2 0.455971 0.289933 0.0627237 0.0645391 0.77992
2 0.295438 0.448847 0.114302 0.11444 0.777529
2 0.295507 0.448993 0.115099 0.114287 0.774643
2 0.295289 0.448774 0.114297 0.114932 0.770649
2 0.295632 0.448974 0.11478 0.114431 0.770072
2 0.295577 0.448614 0.114783 0.114441 0.768803
2 0.455395 0.289836 0.0629944 0.0643868 0.764683
2 0.164552 0.41455 0.115188 0.110035 0.761209
2 0.45632 0.289816 0.0629803 0.0651564 0.758065
2 0.16481 0.415219 0.114897 0.110421 0.755957
2 0.45658 0.289957 0.0634724 0.0640398 0.751163
2 0.164435 0.414817 0.115236 0.11036 0.74884
2 0.295458 0.448762 0.114644 0.1147 0.74619
2 0.164779 0.415297 0.114683 0.109733 0.744177
2 0.164493 0.415325 0.114991 0.110491 0.744071
2 0.164524 0.415143 0.115069 0.110841 0.741631
2 0.295093 0.448457 0.115022 0.114295 0.741396
2 0.164261 0.415268 0.115493 0.109631 0.739989
2 0.568841 0.295391 0.0637878 0.0719675 0.73904
2 0.454798 0.289073 0.0636499 0.06436 0.738929
2 0.613764 0.225827 0.04563 0.0509849 0.73832
2 0.295746 0.44894 0.114949 0.114523 0.7291
2 0.455268 0.289678 0.0631897 0.0642866 0.719611
2 0.164813 0.415135 0.11494 0.11029 0.718936
2 0.455385 0.289382 0.0628772 0.0642063 0.715948
2 0.164233 0.414985 0.114082 0.111544 0.704766
2 0.164515 0.415215 0.115033 0.110048 0.697103
2 0.613869 0.225377 0.0454865 0.0507891 0.674083
2 0.568911 0.294907 0.0637689 0.0718583 0.664827
2 0.685041 0.167137 0.0363676 0.0391409 0.656275
2 0.455377 0.289404 0.0641374 0.0645437 0.64999
2 0.884409 0.13821 0.0259283 0.0332398 0.647342
2 0.76406 0.250431 0.0460812 0.0502233 0.645892
2 0.568867 0.293678 0.063652 0.0704035 0.643374
2 0.569286 0.293751 0.0640009 0.0703887 0.639568
2 0.764241 0.250835 0.0444376 0.0509202 0.629213
2 0.913989 0.23739 0.0366291 0.0573839 0.619507
2 0.568852 0.294468 0.0636059 0.0706229 0.612313
2 0.763781 0.250399 0.0456791 0.0506725 0.610881
2 0.913833 0.237233 0.0367401 0.0572483 0.609806
2 0.56918 0.294113 0.0647097 0.0706661 0.60283
2 0.568564 0.293951 0.0646734 0.0711896 0.601064
2 0.684838 0.167414 0.0365302 0.0390368 0.597229
2 0.684941 0.167591 0.0367965 0.0392585 0.593857
2 0.613583 0.225386 0.0465512 0.0522183 0.592429
2 0.763522 0.250968 0.0450598 0.050846 0.591708
2 0.914003 0.236692 0.0366253 0.0572062 0.583737
2 0.569184 0.294996 0.0637136 0.0715943 0.572169
2 0.884338 0.137608 0.0266129 0.0339926 0.568179
2 0.884395 0.138399 0.0259462 0.0324121 0.563313
2 0.764526 0.25086 0.0446514 0.0512861 0.562878
2 0.763971 0.250909 0.0445429 0.0512188 0.554337
2 0.76314 0.25097 0.0473597 0.0498164 0.551323
2 0.474142 0.240421 0.0545871 0.0438359 0.545202
2 0.61406 0.225884 0.0452493 0.0516685 0.543145
2 0.473858 0.240892 0.0552111 0.044839 0.538494
2 0.785309 0.340948 0.0668133 0.0885054 0.53463
2 0.613927 0.226421 0.0457552 0.0491106 0.528933
2 0.913835 0.236807 0.0361561 0.0566635 0.519075
2 0.785242 0.341525 0.0664938 0.0894155 0.516209
2 0.785229 0.341103 0.0662946 0.0886929 0.511479
2 0.785194 0.34112 0.0670519 0.0891959 0.509231
2 0.613628 0.225956 0.0458923 0.0505629 0.508724
2 0.684966 0.167782 0.0363855 0.0385177 0.496689
2 0.61406 0.226266 0.0450266 0.0505479 0.490912
2 0.594433 0.192253 0.0513559 0.0604495 0.487416
2 0.833257 0.162726 0.0291553 0.0217673 0.473866
2 0.594616 0.192533 0.0516539 0.0604449 0.466832
2 0.833032 0.160951 0.0289354 0.025598 0.466525
2 0.884085 0.13841 0.0266798 0.031993 0.465677
2 0.614367 0.226775 0.0480303 0.0503522 0.461171
2 0.913871 0.238051 0.0355188 0.0572951 0.457664
2 0.593828 0.192103 0.0511254 0.0595967 0.455899
2 0.614239 0.224166 0.0457859 0.0478629 0.455829
2 0.231079 0.0672058 0.0561791 0.0228775 0.447595
2 0.474438 0.241403 0.0545663 0.0469589 0.426207
2 0.763606 0.250679 0.0456991 0.0517203 0.424091
2 0.785119 0.341159 0.0675886 0.0896706 0.422701
2 0.474069 0.241218 0.054698 0.0473411 0.418911
2 0.705727 0.12427 0.0341115 0.0358937 0.416202
2 0.78515 0.34094 0.0673971 0.0885889 0.41568
2 0.230373 0.066723 0.0543296 0.0225632 0.414998
2 0.913537 0.236578 0.0368057 0.0570596 0.413378
2 0.785552 0.340424 0.0659356 0.0898052 0.411655
2 0.785233 0.341173 0.0679827 0.0899652 0.410181
2 0.476366 0.24047 0.0525382 0.0444988 0.407643
2 0.61381 0.225313 0.046665 0.0514925 0.406031
2 0.474731 0.240493 0.0551603 0.0444492 0.403591
2 0.884088 0.137585 0.0266087 0.0330215 0.398754
2 0.684884 0.166766 0.0358213 0.0391969 0.397037
2 0.474499 0.240863 0.0550728 0.0447788 0.394945
2 0.744276 0.132456 0.0287566 0.0308225 0.393287
2 0.705844 0.125405 0.0323801 0.0352883 0.386933
2 0.913894 0.236007 0.0360788 0.0563488 0.382369
2 0.765327 0.250973 0.0436441 0.0521349 0.379135
2 0.706466 0.125174 0.0335218 0.0351445 0.372885
2 0.706083 0.124703 0.0340134 0.0361564 0.370166
2 0.685675 0.202183 0.0335758 0.0424011 0.369778
2 0.455437 0.289611 0.0635983 0.0650329 0.36938
2 0.568528 0.294537 0.0641281 0.0715293 0.363704
2 0.594123 0.191512 0.0494346 0.0586921 0.358911
2 0.685125 0.167833 0.0366119 0.0391669 0.356352
2 0.683602 0.208097 0.0295391 0.0323179 0.352671
2 0.784168 0.343416 0.0649495 0.0842078 0.35238
2 0.833207 0.156964 0.0289398 0.0313368 0.351851
2 0.684315 0.207658 0.029421 0.0313662 0.34797
2 0.765725 0.250656 0.0433541 0.0516259 0.34453
2 0.475488 0.241147 0.0540934 0.0464765 0.344197
2 0.474342 0.241038 0.0538765 0.0452411 0.338783
2 0.745678 0.132724 0.0322266 0.0328848 0.336987
2 0.785694 0.340744 0.0666444 0.0898828 0.334327
2 0.230282 0.0673847 0.0545529 0.0233446 0.330305
2 0.705357 0.124619 0.033954 0.0357412 0.327054
2 0.783805 0.342601 0.0655721 0.0854514 0.322644
2 0.913293 0.236511 0.0369465 0.0569049 0.321728
2 0.594263 0.191466 0.0508059 0.0600984 0.312392
2 0.743743 0.131011 0.0299477 0.0337779 0.305691
2 0.685501 0.167143 0.0372986 0.0390343 0.304044
2 0.593823 0.19232 0.0501173 0.059319 0.299605
2 0.850399 0.128321 0.0230577 0.0325637 0.299553
2 0.74432 0.130927 0.0288117 0.0328756 0.293701
2 0.594881 0.190691 0.0504278 0.0585764 0.288048
2 0.593917 0.192034 0.0509689 0.0595013 0.281596
2 0.785055 0.340726 0.0678888 0.0867823 0.270083
2 0.849974 0.128631 0.0222397 0.0319704 0.265864
2 0.234163 0.066776 0.0635315 0.0257472 0.265822
2 0.230397 0.0665993 0.0555048 0.0239982 0.265551
0 0.0606799 0.0688692 0.0809748 0.0907026 0.26326
2 0.474189 0.240817 0.0536304 0.0432587 0.262292
2 0.686172 0.201555 0.0347084 0.0432365 0.260264
2 0.832567 0.157749 0.0288704 0.0304437 0.245123
2 0.706588 0.124075 0.0346573 0.0371854 0.243509
0 0.0629327 0.0697162 0.101383 0.0902279 0.24062
2 0.247845 0.0663579 0.0904322 0.024577 0.234466
2 0.706585 0.125182 0.0328123 0.0352838 0.233502
2 0.685846 0.204488 0.0353811 0.0386931 0.233282
2 0.743759 0.13169 0.0297112 0.0322147 0.232342
2 0.83215 0.158875 0.0263329 0.0270519 0.227935
2 0.685134 0.168377 0.0345026 0.0405887 0.227184
2 0.706134 0.12534 0.0340746 0.0348902 0.220638
0 0.0695228 0.0702532 0.0882945 0.0920352 0.218726
2 0.785945 0.340909 0.0663816 0.0886205 0.218567
2 0.248863 0.0653619 0.0921557 0.0246214 0.215695
2 0.877308 0.102672 0.0218395 0.022011 0.215662
2 0.237083 0.0669753 0.0712013 0.0251266 0.211916
2 0.743797 0.130778 0.0296204 0.0337621 0.201139
2 0.6134 0.226075 0.0450292 0.050443 0.194642
2 0.877285 0.1017 0.0221169 0.0238668 0.194234
0 0.0700661 0.0707336 0.0900884 0.0928127 0.188702
2 0.913396 0.235542 0.0359127 0.0555917 0.184681
2 0.850461 0.127984 0.0242336 0.0347513 0.184442
0 0.0659576 0.0675149 0.0871671 0.0915695 0.183605
2 0.686345 0.201861 0.0339443 0.0432839 0.183244
2 0.684392 0.168313 0.0351617 0.0385573 0.175193
2 0.277523 0.0600079 0.0382144 0.0155794 0.170079
2 0.914116 0.237013 0.0369129 0.0577044 0.169476
0 0.0695584 0.07022 0.0874865 0.091918 0.168307
2 0.276008 0.0607448 0.0389081 0.0150703 0.167752
2 0.230562 0.0667459 0.0559401 0.0243323 0.167097
2 0.91406 0.23871 0.0358784 0.0567984 0.167
2 0.788298 0.106977 0.0211963 0.0265227 0.165368
2 0.594072 0.200913 0.0504383 0.0430142 0.159462
2 0.68581 0.203471 0.0343323 0.0394797 0.158372
2 0.850003 0.12789 0.0241928 0.0341368 0.157679
2 0.771362 0.129285 0.0291451 0.0256071 0.155465
2 0.685486 0.169166 0.0354375 0.0431043 0.148246
2 0.917078 0.237592 0.0440578 0.0597463 0.147671
0 0.0526057 0.068951 0.0579874 0.0889154 0.14393
2 0.591186 0.206132 0.0445098 0.0326719 0.141259
0 0.00962222 0.100917 0.0191666 0.0325939 0.140343
0 0.00933084 0.101079 0.0186195 0.0313568 0.139641
0 0.0670237 0.0698837 0.0950169 0.0923829 0.137317
2 0.593938 0.198435 0.051144 0.0484008 0.134006
0 0.0711883 0.070737 0.0905724 0.0921109 0.134003
2 0.882468 0.138139 0.0311981 0.0321221 0.133691
2 0.229942 0.0666655 0.0538387 0.0242048 0.126313
2 0.684274 0.206222 0.0335812 0.0371358 0.125499
2 0.787478 0.106521 0.0204705 0.0241966 0.122782
2 0.751136 0.102778 0.023905 0.0264749 0.119558
2 0.765129 0.250484 0.0432608 0.0512172 0.117963
2 0.907357 0.0881309 0.0200901 0.0268432 0.114464
2 0.229966 0.0681142 0.0561678 0.0233374 0.11161
2 0.788731 0.10701 0.0230843 0.0284731 0.110191
2 0.832952 0.154237 0.0295799 0.0346465 0.109692
2 0.25588 0.0637956 0.0826915 0.0245152 0.108432
2 0.750214 0.104317 0.0248066 0.0251606 0.108146
2 0.949664 0.109317 0.0175262 0.0245363 0.102259
2 0.588584 0.206555 0.039047 0.0330382 0.101257
0 0.0349804 0.091289 0.0271277 0.0442305 0.101135
2 0.767059 0.131842 0.0302267 0.0312324 0.100523
2 0.949345 0.108797 0.0176102 0.0257003 0.0983745
2 0.787645 0.109287 0.0211388 0.0296087 0.0969504
2 0.915178 0.237838 0.0401104 0.0582509 0.09672
2 0.744575 0.128715 0.0308489 0.0333058 0.0950783
2 0.884245 0.139557 0.0261333 0.0344605 0.0928783
2 0.594408 0.19066 0.0495407 0.0572749 0.0928338
0 0.0633186 0.0727844 0.0882617 0.0863619 0.0922334
2 0.248991 0.0658959 0.0922848 0.0272104 0.0921841
0 0.0615277 0.0681847 0.0556428 0.0889062 0.0875747
2 0.8503 0.129418 0.0230244 0.0320138 0.0862469
2 0.771675 0.127759 0.0275304 0.0213475 0.0859189
2 0.745132 0.132014 0.0322927 0.0328781 0.0842839
2 0.950269 0.110042 0.0168055 0.0218776 0.082171
2 0.282118 0.0594088 0.0325554 0.0157429 0.0815124
2 0.789302 0.103745 0.0244167 0.0253276 0.0802847
2 0.783343 0.3482 0.0630569 0.0735748 0.0791431
0 0.0327776 0.0951037 0.022878 0.0395869 0.0769409
2 0.875144 0.102879 0.0253695 0.0239614 0.0763949
2 0.724749 0.10544 0.0197533 0.0246458 0.0760547
2 0.45623 0.289897 0.0632275 0.0640507 0.0746462
2 0.56846 0.293089 0.0642551 0.0680639 0.0690828
2 0.705176 0.122898 0.0332722 0.0379718 0.0661331
2 0.276012 0.0637457 0.0404486 0.0201494 0.0647292
2 0.749086 0.1046 0.0255692 0.0239695 0.064399
0 0.0328637 0.0940558 0.0243411 0.038953 0.0643131
2 0.706121 0.126656 0.0313597 0.0361504 0.0632414
2 0.176027 0.0812649 0.0307588 0.012081 0.0617296
2 0.831829 0.160165 0.030518 0.0274622 0.0604504
2 0.84924 0.130239 0.0240623 0.0338131 0.0603628
2 0.681242 0.20914 0.0275966 0.0352882 0.0595906
0 0.0573219 0.0722721 0.113105 0.0915603 0.0593215
2 0.276395 0.0628332 0.0419415 0.0200032 0.059134
2 0.805373 0.0719192 0.0164772 0.0328614 0.0584318
0 0.0105854 0.101451 0.0210977 0.0378632 0.0575427
2 0.749895 0.103023 0.0262112 0.0250628 0.0551484
79 0.893977 0.964348 0.0220411 0.0703915 0.0543521
2 0.295826 0.448809 0.114475 0.114033 0.0539329
2 0.473776 0.2413 0.0550983 0.0491514 0.0538148
2 0.78818 0.104748 0.0207546 0.0254456 0.0536691
2 0.1613 0.0830898 0.0607934 0.0145851 0.050145
2 0.751059 0.131032 0.0397251 0.0337374 0.0490883
2 0.950545 0.109326 0.0164196 0.0235777 0.0480506
2 0.725918 0.10555 0.0194336 0.0251726 0.0475425
2 0.472909 0.241363 0.0522635 0.0472136 0.0474749
0 0.0088046 0.0950305 0.0175561 0.0442669 0.0464616
2 0.455426 0.289516 0.0623259 0.0640616 0.0461647
0 0.0583989 0.0728555 0.115112 0.0932314 0.0454654
2 0.783068 0.349679 0.0633381 0.0749559 0.0453007
2 0.871532 0.101627 0.0335264 0.0249497 0.043837
0 0.0666161 0.0740598 0.102788 0.0958184 0.0431601
2 0.568741 0.294131 0.0647572 0.0709488 0.0427826
2 0.594925 0.181323 0.048243 0.0382229 0.0415834
2 0.908484 0.085238 0.0231197 0.0330346 0.0412967
2 0.786608 0.337117 0.0669909 0.0809826 0.0412359
2 0.744343 0.121023 0.0319264 0.0350286 0.0407571
2 0.239035 0.0700506 0.0765306 0.0284802 0.0401986
79 0.894098 0.964332 0.0215786 0.0699438 0.0386548
2 0.235073 0.0698206 0.0698085 0.0284851 0.0385163
2 0.247052 0.0693997 0.09449 0.0305081 0.0382093
0 0.0611122 0.074866 0.112489 0.0994412 0.0373653
2 0.158989 0.0839998 0.0674685 0.0174171 0.0359645
2 0.47411 0.241664 0.0524534 0.045978 0.0348646
2 0.725917 0.104447 0.0189404 0.024783 0.0338995
2 0.771476 0.126514 0.0285482 0.0246744 0.0332882
0 0.00968588 0.10534 0.0193415 0.0437453 0.0327366
2 0.787786 0.110369 0.0212761 0.0314307 0.0318448
2 0.87875 0.136138 0.0378414 0.0330359 0.0313453
7 0.0542833 0.0743551 0.108375 0.0926129 0.0308467
0 0.0555137 0.0958839 0.1107 0.0517381 0.0307094
2 0.598365 0.192833 0.0576202 0.059716 0.0301986
2 0.569206 0.293124 0.0646035 0.0712399 0.0301263
0 0.0105118 0.101499 0.0207132 0.033615 0.0301167
2 0.689197 0.201297 0.0421495 0.0429193 0.0288783
2 0.242709 0.0700002 0.0858734 0.0293187 0.0285657
0 0.0613042 0.0665494 0.0260917 0.0848305 0.0281406
2 0.0773725 0.0991344 0.0532018 0.0172369 0.0278044
0 0.0492666 0.0723186 0.0609589 0.0830019 0.0274639
2 0.83645 0.140772 0.0294043 0.0602446 0.0258088
2 0.786308 0.338084 0.0677038 0.0844937 0.0257118
2 0.909002 0.0847175 0.0257935 0.035938 0.0256254
2 0.832082 0.156118 0.0311867 0.0347153 0.0254512
2 0.725101 0.104964 0.0190647 0.0259706 0.0245572
2 0.882986 0.131534 0.0303061 0.0452856 0.0244754
2 0.685122 0.203253 0.0362988 0.0417421 0.0244077
2 0.277294 0.0626473 0.0421663 0.0200848 0.024378
2 0.831008 0.0533375 0.014123 0.0130846 0.0241177
2 0.15413 0.0943826 0.0813804 0.037794 0.0239129
2 0.799192 0.10172 0.0339798 0.0204373 0.0238917
0 0.052546 0.0719541 0.104169 0.0883967 0.0228425
2 0.157007 0.0833407 0.0530449 0.0178146 0.0223386
2 0.274333 0.0690755 0.0423093 0.0301682 0.022168
5 0.951886 0.0222197 0.0638128 0.0379989 0.0213309
0 0.0711383 0.0734505 0.0791226 0.0786194 0.0211058
2 0.746115 0.124484 0.0331593 0.0373879 0.0207364
2 0.80482 0.0727016 0.0180085 0.0313855 0.0204684
2 0.901849 0.0837502 0.0352333 0.0329342 0.0204054
7 0.77278 0.105674 0.0568291 0.0321032 0.0202803
0 0.0410429 0.0929113 0.0397142 0.0418567 0.0199444
2 0.804354 0.0943808 0.0211548 0.0222185 0.019493
7 0.933396 0.0828028 0.0207178 0.0379923 0.0194763
9 0.179993 0.718506 0.0241638 0.0818876 0.0186442
2 0.153977 0.0937922 0.0832743 0.036374 0.0180888
5 0.941363 0.0870278 0.037236 0.0467962 0.0179446
2 0.853372 0.121398 0.0321953 0.0514545 0.0179189
2 0.857526 0.131393 0.0331165 0.0326619 0.0172259
2 0.571541 0.0191473 0.0236873 0.0141038 0.0172008
2 0.909214 0.0856708 0.0261267 0.0347149 0.0168914
2 0.706733 0.12236 0.0343475 0.0397422 0.0162736
2 0.569029 0.293095 0.0631575 0.0709 0.0161065
