5 0.695168 0.0893972 0.133055 0.178794 0.922023
5 0.695131 0.0903374 0.132913 0.180675 0.918423
5 0.694326 0.09042 0.133688 0.18084 0.888663
5 0.694726 0.0904865 0.133935 0.180973 0.883928
5 0.694305 0.0903302 0.13329 0.18066 0.883602
5 0.694371 0.0908375 0.134082 0.181675 0.875159
5 0.694782 0.0899722 0.133318 0.179944 0.86823
5 0.694524 0.0898026 0.132408 0.179605 0.81516
2 0.855976 0.065062 0.0718891 0.0581906 0.683185
2 0.85652 0.0656489 0.0723145 0.0583904 0.670804
2 0.856327 0.0650801 0.0716198 0.0583351 0.633828
2 0.855173 0.0657046 0.071907 0.0599503 0.608347
2 0.980577 0.649276 0.0383476 0.163454 0.589312
0 0.886368 0.0990463 0.0228298 0.0628855 0.585109
5 0.487152 0.373183 0.0812689 0.161113 0.571304
2 0.980492 0.648478 0.0385195 0.163747 0.570365
2 0.98057 0.648175 0.0383968 0.161968 0.568199
2 0.624904 0.157713 0.0624608 0.0788653 0.552393
2 0.855462 0.06603 0.0708023 0.0594673 0.548829
0 0.88633 0.0999193 0.0220524 0.0619581 0.548458
0 0.88629 0.0987187 0.0235168 0.0636625 0.543329
2 0.624968 0.157541 0.0622173 0.0795199 0.534353
2 0.522753 0.727189 0.133569 0.317782 0.513957
0 0.886432 0.0995321 0.0229019 0.0636491 0.5123
2 0.589235 0.245498 0.0622367 0.0993222 0.506282
5 0.833448 0.333875 0.124271 0.145133 0.500781
2 0.980304 0.648169 0.0388596 0.163188 0.495699
2 0.589218 0.245165 0.0621553 0.0997817 0.495561
2 0.855548 0.0654833 0.0724161 0.0593264 0.495025
2 0.856126 0.0652287 0.0728859 0.058616 0.494322
2 0.589283 0.24551 0.0610703 0.0991601 0.485136
5 0.487115 0.37342 0.0809259 0.16182 0.480604
0 0.886578 0.100039 0.0228157 0.0631885 0.478499
2 0.551491 0.117641 0.040834 0.0642762 0.465507
2 0.980474 0.650682 0.0385641 0.163613 0.46181
5 0.694718 0.0900196 0.133199 0.180039 0.461685
2 0.624945 0.157627 0.0621788 0.0803542 0.46024
2 0.624765 0.157494 0.0625067 0.0794347 0.459557
2 0.589176 0.245183 0.0611244 0.0992175 0.457613
2 0.855669 0.0654521 0.071559 0.0598993 0.456635
2 0.786069 0.507817 0.155167 0.215844 0.456062
5 0.833588 0.332705 0.124064 0.146497 0.451318
2 0.624791 0.158247 0.0624211 0.0792764 0.4466
0 0.88642 0.0991417 0.023712 0.0638215 0.445441
2 0.522066 0.728171 0.132343 0.319122 0.444658
5 0.833409 0.334166 0.124979 0.144958 0.441699
2 0.856163 0.0652836 0.0725573 0.059025 0.439313
2 0.589361 0.245419 0.0612091 0.0996419 0.424673
0 0.886944 0.0986076 0.0213728 0.0623537 0.421728
5 0.48706 0.372739 0.0815065 0.161435 0.420046
2 0.980193 0.649621 0.0390741 0.168409 0.415209
5 0.487168 0.373243 0.0809399 0.162436 0.413821
5 0.958478 0.290165 0.0821012 0.126076 0.41275
2 0.522735 0.727371 0.131589 0.317465 0.407243
2 0.588728 0.245861 0.0630662 0.100394 0.405497
5 0.833553 0.332759 0.12494 0.147048 0.401027
5 0.487475 0.374138 0.0810926 0.162361 0.397492
2 0.6263 0.158249 0.0629566 0.0796615 0.396551
2 0.522807 0.7266 0.132919 0.317319 0.391653
2 0.785705 0.508179 0.154629 0.216256 0.389119
2 0.550668 0.115708 0.0421845 0.0674796 0.387892
2 0.643638 0.488897 0.11628 0.189498 0.38775
0 0.886084 0.0988397 0.0211006 0.0615828 0.384627
2 0.588968 0.245959 0.0619606 0.0992691 0.381361
5 0.958539 0.289034 0.0820164 0.127166 0.379366
2 0.980181 0.647335 0.0391167 0.166761 0.375408
5 0.833735 0.332865 0.124059 0.147048 0.37534
5 0.643431 0.489302 0.117935 0.192941 0.373481
2 0.58871 0.245466 0.0630444 0.0998438 0.363819
2 0.624654 0.158159 0.0626112 0.0806252 0.363412
5 0.487427 0.373643 0.081254 0.161624 0.363062
2 0.979818 0.649395 0.0393883 0.160245 0.361538
5 0.643016 0.490259 0.117472 0.193946 0.352577
2 0.550999 0.115981 0.0414745 0.068069 0.351605
2 0.521442 0.727278 0.133425 0.316762 0.350435
67 0.523915 0.737474 0.131892 0.31697 0.337352
2 0.643353 0.489742 0.117267 0.191458 0.337118
5 0.833212 0.332915 0.124356 0.147648 0.335374
2 0.643355 0.489908 0.117108 0.193091 0.317031
0 0.884749 0.0977238 0.0203144 0.0616785 0.315332
5 0.958479 0.290266 0.0825451 0.126401 0.307779
2 0.551268 0.116248 0.0409855 0.066061 0.306381
2 0.979608 0.649385 0.0397579 0.16115 0.303562
2 0.522299 0.72923 0.13198 0.322685 0.300737
2 0.785973 0.50758 0.153579 0.214644 0.295518
67 0.523669 0.736754 0.132451 0.317988 0.287986
2 0.522558 0.728063 0.133174 0.320328 0.281472
5 0.643412 0.489882 0.117248 0.193447 0.271333
2 0.786468 0.507799 0.155303 0.215902 0.270578
2 0.95828 0.289242 0.0823673 0.126971 0.270363
2 0.643642 0.489682 0.116945 0.192401 0.266482
2 0.85613 0.0650109 0.0724022 0.0594705 0.264925
2 0.551155 0.11606 0.0414951 0.0665063 0.264303
2 0.486741 0.371793 0.0821241 0.158878 0.263664
2 0.643368 0.488806 0.116985 0.193293 0.262761
5 0.642891 0.489521 0.117064 0.192146 0.26035
2 0.785865 0.507179 0.155596 0.215784 0.259651
2 0.786049 0.507534 0.154965 0.214991 0.258683
2 0.625547 0.158409 0.0620982 0.0777977 0.2533
2 0.551085 0.116846 0.0415726 0.0671232 0.249069
5 0.486884 0.373387 0.0818831 0.160707 0.246813
2 0.626642 0.159454 0.0614986 0.0758262 0.245985
2 0.550803 0.115362 0.0416758 0.068316 0.245712
2 0.521666 0.727227 0.133059 0.319568 0.243333
2 0.626293 0.157959 0.0622412 0.0805313 0.242718
5 0.486924 0.372336 0.0817114 0.160485 0.238858
5 0.832763 0.333511 0.126351 0.144545 0.235889
2 0.550324 0.11519 0.0425377 0.0686102 0.235404
5 0.958356 0.288822 0.0828461 0.128297 0.23519
2 0.786355 0.507006 0.154793 0.215895 0.234192
2 0.626336 0.158318 0.0606503 0.0783954 0.233587
0 0.886476 0.0994115 0.0241089 0.0623744 0.227328
2 0.786294 0.507097 0.155853 0.216461 0.225809
2 0.551512 0.118302 0.041559 0.0629639 0.21457
5 0.833148 0.334455 0.125662 0.143601 0.213977
2 0.486887 0.373111 0.0812601 0.161376 0.208605
2 0.97975 0.648562 0.0395626 0.162129 0.204418
2 0.174995 0.145728 0.0499014 0.0587131 0.199868
5 0.958533 0.290552 0.0817955 0.125519 0.197068
5 0.832092 0.333176 0.126239 0.145606 0.188042
0 0.296827 0.144128 0.0234615 0.0510001 0.182758
5 0.95847 0.289315 0.0820374 0.126508 0.177936
2 0.589831 0.244911 0.0613223 0.100506 0.176802
2 0.988049 0.0502647 0.023098 0.0465412 0.176563
2 0.52214 0.726633 0.134339 0.316619 0.176207
2 0.174577 0.142226 0.0493682 0.0655874 0.175064
5 0.95815 0.288454 0.0831774 0.128815 0.172635
2 0.174697 0.138436 0.0497671 0.0693378 0.167018
2 0.174518 0.137996 0.0492427 0.0700811 0.16101
5 0.695512 0.0903667 0.132838 0.180733 0.156231
2 0.958126 0.287244 0.0829208 0.130719 0.152613
5 0.958318 0.289437 0.0823593 0.126529 0.151263
5 0.78571 0.50849 0.154154 0.215697 0.148931
2 0.589525 0.245121 0.0607813 0.0992332 0.148554
0 0.919059 0.056594 0.0149895 0.0551417 0.146816
5 0.833499 0.335687 0.124464 0.142819 0.145563
2 0.980636 0.645419 0.037735 0.146396 0.143028
2 0.987997 0.049175 0.0232918 0.0496639 0.129099
2 0.174788 0.137231 0.0487819 0.0696212 0.128306
0 0.918953 0.0559481 0.0157852 0.0544819 0.125091
2 0.626764 0.159078 0.0590795 0.0755571 0.123774
0 0.919132 0.0586073 0.0142374 0.0536475 0.120414
67 0.522093 0.728196 0.131015 0.31626 0.11979
0 0.114898 0.132042 0.0141016 0.0539156 0.116614
2 0.987839 0.0518815 0.0235973 0.0433398 0.115934
0 0.299348 0.141741 0.0280365 0.0540748 0.114675
2 0.174959 0.137347 0.0493672 0.0705264 0.113219
41 0.770272 0.976342 0.152336 0.0464308 0.103736
2 0.988022 0.0505912 0.0233511 0.0483914 0.103721
40 0.770652 0.976062 0.152919 0.0468832 0.101094
0 0.114733 0.132326 0.0143405 0.0521014 0.0989104
40 0.770893 0.97654 0.153065 0.0463036 0.0981424
2 0.643458 0.488279 0.116518 0.189405 0.0947343
2 0.375811 0.101875 0.0381712 0.0677653 0.0940302
41 0.770363 0.977004 0.152728 0.0453846 0.0926687
0 0.968083 0.0518928 0.0184719 0.0524828 0.0895545
41 0.771474 0.97676 0.153652 0.0459621 0.0885085
41 0.77115 0.975847 0.15255 0.0472935 0.0872161
5 0.72204 0.0127629 0.0615452 0.0250728 0.0867756
2 0.980671 0.650815 0.0381954 0.166164 0.0865816
2 0.589717 0.243855 0.0621357 0.103502 0.0849223
2 0.37658 0.100091 0.038001 0.0660941 0.08396
67 0.524422 0.735198 0.132525 0.308382 0.0837884
2 0.987464 0.0496744 0.0241461 0.0508263 0.0819048
41 0.770911 0.976465 0.152608 0.0464729 0.0814807
0 0.296752 0.147665 0.0196002 0.0452389 0.0813533
2 0.975957 0.253741 0.047341 0.0713631 0.0810697
41 0.77131 0.975904 0.153126 0.0470835 0.0790217
2 0.986362 0.0526354 0.0266552 0.0511889 0.0790042
2 0.856115 0.0659169 0.0718866 0.0587238 0.078694
2 0.986542 0.0505262 0.0263027 0.0519743 0.0772182
2 0.171613 0.155261 0.0432826 0.0426922 0.0769096
2 0.985401 0.248184 0.0284143 0.066317 0.0758929
2 0.988844 0.0476065 0.0215187 0.0525084 0.0735394
5 0.694027 0.0899585 0.133347 0.179917 0.0694579
0 0.971688 0.053602 0.016857 0.0505404 0.0688361
0 0.992789 0.175127 0.0135891 0.087266 0.068433
0 0.919325 0.0596575 0.0135935 0.0539891 0.0667605
0 0.113953 0.131698 0.014781 0.0506276 0.0666406
9 0.441335 0.0273684 0.025596 0.0540851 0.0659797
0 0.359936 0.111815 0.0171645 0.0582796 0.065093
0 0.992221 0.173359 0.0148102 0.0889159 0.0646298
2 0.980538 0.642675 0.0380663 0.152817 0.0623936
2 0.98229 0.254696 0.0347332 0.0751081 0.062233
9 0.128237 0.018185 0.0143502 0.03502 0.0621725
2 0.375959 0.105055 0.0387262 0.0701967 0.0617892
5 0.725928 0.0136925 0.0588435 0.0273849 0.0603426
40 0.937699 0.911272 0.123834 0.176413 0.0592334
0 0.955594 0.0581264 0.0137472 0.0380316 0.0577889
2 0.589495 0.245211 0.0612581 0.0994933 0.057677
0 0.304953 0.144054 0.0394152 0.0523833 0.0571594
0 0.944197 0.0570842 0.0131435 0.0418789 0.0564025
2 0.173573 0.149268 0.047922 0.0517231 0.0563348
2 0.171643 0.147694 0.0428581 0.0438634 0.0560912
5 0.730742 0.0131197 0.0405937 0.0262394 0.0547415
2 0.181578 0.152276 0.0292388 0.0390718 0.0540951
40 0.938069 0.911642 0.1232 0.175307 0.0534787
0 0.957566 0.0592934 0.0148205 0.0376992 0.0534109
2 0.980674 0.641939 0.0379742 0.141756 0.0533687
2 0.856626 0.064841 0.0712471 0.060273 0.0519815
0 0.991939 0.172935 0.0153893 0.0903371 0.0513732
0 0.916059 0.057494 0.0140152 0.0563705 0.0510605
2 0.306284 0.133598 0.0477031 0.0713502 0.0510502
2 0.305553 0.125583 0.0505639 0.0661623 0.0501521
5 0.377039 0.420801 0.0338856 0.0582349 0.0499328
9 0.123683 0.0133868 0.0227298 0.0267736 0.0498087
2 0.174171 0.142374 0.0482832 0.0578362 0.0497148
2 0.155971 0.153373 0.0126583 0.0285872 0.0487609
0 0.297731 0.155483 0.0196279 0.0322702 0.0486957
0 0.943708 0.0549285 0.0115852 0.0391749 0.0447976
0 0.972796 0.0563417 0.0157291 0.0471516 0.0443935
41 0.939032 0.912342 0.121037 0.174293 0.0440262
2 0.175202 0.154771 0.038084 0.038301 0.0440069
0 0.37569 0.100817 0.0374159 0.0676944 0.0431802
2 0.37553 0.101757 0.0373784 0.0661356 0.042243
40 0.937371 0.911711 0.12366 0.175504 0.0412731
0 0.360756 0.113552 0.0156779 0.0563833 0.0411015
0 0.915625 0.0566587 0.0151196 0.0585532 0.0410227
2 0.375887 0.100025 0.0364873 0.0656715 0.0400303
39 0.770376 0.976746 0.153788 0.0456482 0.0399985
2 0.986537 0.230038 0.0259851 0.031635 0.039971
2 0.375501 0.101437 0.0382505 0.0687914 0.039809
3 0.3043 0.14874 0.0339108 0.0444943 0.0391603
2 0.299831 0.109882 0.0544334 0.041073 0.0389154
2 0.181096 0.149282 0.0267141 0.0337954 0.0387306
2 0.986039 0.245098 0.0272617 0.0622273 0.0383578
0 0.798914 0.49601 0.0300332 0.0328957 0.0375882
2 0.305671 0.135128 0.047031 0.0705766 0.0375742
6 0.376553 0.420359 0.0327184 0.0578537 0.0374977
5 0.377196 0.420587 0.0335456 0.0572418 0.0370329
0 0.944972 0.0601004 0.0146305 0.0469546 0.0369835
0 0.955968 0.0560042 0.0125721 0.0391185 0.0368972
41 0.939032 0.912901 0.120908 0.174197 0.0367818
2 0.185174 0.233463 0.0429873 0.0195446 0.0367432
2 0.308072 0.1136 0.0390384 0.0400584 0.0364604
0 0.115192 0.130707 0.0128808 0.0484485 0.0363307
0 0.441828 0.0286692 0.0267543 0.0547783 0.0359578
0 0.359375 0.109251 0.0161171 0.0538371 0.035614
41 0.938793 0.912589 0.121441 0.174158 0.0348762
6 0.376986 0.420906 0.0335302 0.0574623 0.0348163
41 0.938562 0.912836 0.122016 0.174327 0.0344727
5 0.376934 0.420225 0.0332314 0.0579532 0.0341499
2 0.260156 0.0856784 0.0203922 0.0309142 0.0340701
0 0.784526 0.0176507 0.0118359 0.0305799 0.0338358
0 0.994156 0.172438 0.0110083 0.0823965 0.0337127
9 0.123117 0.0194832 0.0243198 0.0384681 0.0335811
2 0.85448 0.0655121 0.0688915 0.0589959 0.0335793
0 0.990732 0.172692 0.0177423 0.0972015 0.033324
9 0.128323 0.0287494 0.0121089 0.0228391 0.0330957
0 0.887577 0.104157 0.0216936 0.0572656 0.0330353
2 0.376062 0.0999681 0.036297 0.0643177 0.0327116
2 0.182596 0.149141 0.033916 0.0442088 0.0327029
2 0.261788 0.08661 0.0205398 0.0317179 0.0326959
2 0.228815 0.0578105 0.0230145 0.0355074 0.0324396
2 0.261543 0.0851645 0.0231916 0.0322886 0.0324138
2 0.30388 0.115083 0.0516945 0.0496124 0.0319499
0 0.918458 0.0540383 0.0159103 0.0548785 0.0317215
0 0.902951 0.0568461 0.0133404 0.0472501 0.0316721
2 0.171062 0.15711 0.0435141 0.0388959 0.0312642
5 0.723701 0.0129278 0.0581915 0.0258291 0.0312523
5 0.733814 0.0131501 0.0344927 0.0262219 0.0309499
2 0.986702 0.228207 0.0258537 0.0290349 0.0309257
0 0.619589 0.130172 0.0259163 0.0267879 0.0307975
2 0.305745 0.121774 0.0398907 0.0490036 0.0305759
2 0.305915 0.113406 0.0401054 0.0372849 0.0302107
0 0.441323 0.0275638 0.0262978 0.0548094 0.0301126
0 0.374176 0.107385 0.0368268 0.0671954 0.0300551
2 0.98104 0.634403 0.036948 0.133092 0.0300392
2 0.296682 0.108497 0.0521273 0.0387167 0.0297862
0 0.304291 0.130925 0.0356467 0.032503 0.0296032
0 0.307659 0.14118 0.0427858 0.0508282 0.0291934
5 0.958425 0.291366 0.0822083 0.125422 0.0291857
0 0.96613 0.0501812 0.0160759 0.0536181 0.0287737
5 0.724076 0.0131222 0.0662195 0.0262444 0.0283441
2 0.376015 0.0993937 0.0362667 0.0635877 0.0279476
0 0.207458 0.0676867 0.0122178 0.0220203 0.0277733
0 0.975292 0.258483 0.0429869 0.0477368 0.0272141
0 0.959266 0.255323 0.0227074 0.0251043 0.0269466
2 0.974765 0.255387 0.048024 0.0522275 0.0260507
2 0.263368 0.0861474 0.0269067 0.033395 0.0260375
5 0.376872 0.420649 0.0333929 0.0584898 0.0258981
41 0.938234 0.912367 0.122611 0.174266 0.0253229
2 0.987089 0.225414 0.0250731 0.0234716 0.0245641
41 0.938982 0.912911 0.121647 0.174179 0.024338
2 0.307225 0.12004 0.0415233 0.0519026 0.0243092
2 0.174642 0.135054 0.0487103 0.0620776 0.0242898
2 0.198953 0.0725164 0.0288409 0.03406 0.0242409
2 0.185234 0.232459 0.0437308 0.0200886 0.0240866
2 0.376739 0.420796 0.033681 0.0587483 0.0240492
2 0.987218 0.225719 0.0244186 0.0233616 0.0239998
0 0.353484 0.0524849 0.021967 0.0404815 0.0239033
0 0.960848 0.25085 0.0258224 0.0397956 0.0235958
0 0.170365 0.126427 0.0293438 0.046739 0.0234535
0 0.353836 0.0524053 0.0209279 0.0403443 0.0233917
2 0.305786 0.142867 0.0459065 0.0557923 0.0228817
2 0.174163 0.131739 0.0457926 0.0571449 0.0228018
0 0.113278 0.131627 0.0175855 0.0538112 0.022733
0 0.113691 0.131034 0.0148214 0.0503912 0.0227036
0 0.90309 0.0553249 0.0138992 0.0533416 0.0224935
2 0.550612 0.115886 0.0417889 0.0673773 0.0224067
