2 0.242088 0.585067 0.127681 0.0780158 0.860428
2 0.241669 0.584819 0.127102 0.0780526 0.854838
2 0.24216 0.584889 0.127735 0.0782698 0.85419
2 0.241602 0.585184 0.127937 0.0778955 0.844624
2 0.241256 0.585534 0.128365 0.0774822 0.839287
2 0.242199 0.585006 0.127577 0.0785657 0.833773
2 0.241855 0.585486 0.127297 0.077335 0.828627
2 0.242221 0.585773 0.127693 0.0777462 0.817319
2 0.242135 0.584979 0.127224 0.0778346 0.806559
2 0.241633 0.584629 0.12726 0.0778507 0.804235
2 0.270696 0.517263 0.0983111 0.0735056 0.765224
2 0.271373 0.517337 0.0997602 0.0716743 0.73761
2 0.271826 0.517151 0.0988546 0.0719365 0.735214
2 0.270956 0.517612 0.099898 0.0721796 0.730991
0 0.745428 0.468349 0.018918 0.0595165 0.727737
2 0.271248 0.517525 0.0988308 0.0741423 0.711019
0 0.74525 0.468059 0.0191271 0.0589396 0.700451
2 0.271408 0.517298 0.0997958 0.0728663 0.690981
2 0.271533 0.517159 0.100275 0.0720785 0.677169
2 0.935375 0.522026 0.0720474 0.057411 0.641549
2 0.271925 0.517204 0.0975575 0.0724724 0.639833
0 0.745259 0.467933 0.0193071 0.0608817 0.630035
2 0.271224 0.516827 0.0996797 0.0712234 0.620222
2 0.934793 0.523773 0.0719017 0.0534479 0.609371
2 0.270733 0.517483 0.100674 0.0727503 0.596312
2 0.935145 0.51938 0.07234 0.0601452 0.582658
2 0.93514 0.521682 0.0722191 0.057419 0.582225
0 0.772653 0.464021 0.0153751 0.0533573 0.575392
2 0.934974 0.523458 0.0711502 0.0541773 0.559737
2 0.934924 0.524274 0.0718018 0.0522722 0.540163
0 0.771863 0.464694 0.0160414 0.0557437 0.531745
2 0.934629 0.519953 0.0724785 0.059729 0.517273
2 0.271389 0.517387 0.0985672 0.0733896 0.509798
0 0.744088 0.467943 0.018786 0.0598589 0.506365
2 0.935234 0.522242 0.071575 0.056231 0.50497
0 0.772566 0.462029 0.0152324 0.0496832 0.49902
0 0.745618 0.467201 0.0195552 0.0580213 0.496308
0 0.744925 0.468899 0.0189938 0.0605212 0.474276
2 0.935179 0.521576 0.0721708 0.0581475 0.464522
0 0.744115 0.467611 0.0192133 0.0604343 0.44396
0 0.0909375 0.564503 0.0220039 0.0741756 0.294421
0 0.091645 0.56576 0.0207351 0.071233 0.270444
0 0.0170016 0.549248 0.0192981 0.0358064 0.259649
0 0.0167876 0.548834 0.0198432 0.0362226 0.248221
3 0.0817873 0.583727 0.0613936 0.0632967 0.247716
3 0.0816483 0.586671 0.0608726 0.0581556 0.241695
0 0.086906 0.573273 0.0368421 0.0685642 0.220289
3 0.07716 0.58305 0.0532454 0.0632567 0.219308
0 0.59651 0.516177 0.0246602 0.0615355 0.215733
3 0.079886 0.589378 0.0577583 0.0521311 0.213289
0 0.0908123 0.563653 0.0228317 0.0727541 0.204009
0 0.0922238 0.555297 0.0268285 0.0578537 0.198917
0 0.593778 0.517925 0.0307519 0.0614735 0.185398
2 0.271596 0.517431 0.0983491 0.0719606 0.17828
9 0.176949 0.446839 0.0117164 0.0295843 0.170586
0 0.0895754 0.56402 0.0247571 0.0727007 0.164204
9 0.362732 0.434759 0.0088912 0.0226215 0.163123
0 0.772577 0.459586 0.015805 0.0437344 0.158898
0 0.0152722 0.549153 0.025319 0.0374314 0.148266
3 0.0810297 0.584001 0.058975 0.0619635 0.135049
0 0.0156396 0.549104 0.024791 0.0388277 0.12542
0 0.594825 0.518579 0.0295361 0.0613501 0.125398
3 0.0776395 0.581246 0.0534412 0.0608504 0.123677
2 0.820651 0.713863 0.0247849 0.017839 0.114698
2 0.0795103 0.582903 0.0568881 0.0624435 0.105467
0 0.0917502 0.546526 0.0226087 0.0400413 0.102088
0 0.0890186 0.57006 0.037594 0.0785992 0.101172
0 0.59552 0.512408 0.0262798 0.0665573 0.0990352
0 0.592583 0.517514 0.0335522 0.067161 0.0987008
0 0.595782 0.516361 0.0264471 0.0608457 0.0984086
0 0.00530709 0.547127 0.0106142 0.034898 0.0983455
2 0.935239 0.528063 0.0710993 0.0440708 0.0967968
0 0.0161138 0.548286 0.0222882 0.03655 0.0923045
0 0.0896626 0.557444 0.0250238 0.0621965 0.0921723
0 0.773134 0.46399 0.0181859 0.0541274 0.0860007
9 0.802285 0.0762955 0.0551842 0.150718 0.0820417
3 0.0809213 0.585737 0.0602111 0.0610228 0.0778388
0 0.746573 0.465378 0.0213446 0.05658 0.0774629
3 0.0824812 0.589341 0.0599437 0.0523152 0.0773129
2 0.0045919 0.836177 0.00909068 0.0743795 0.0767835
3 0.0803342 0.581778 0.0586796 0.0644266 0.0747973
2 0.132724 0.523715 0.0883802 0.0455451 0.0740363
0 0.0118349 0.547534 0.0236697 0.034731 0.0723393
9 0.17732 0.446758 0.012655 0.0303829 0.0699982
0 0.746414 0.466269 0.0216525 0.0585876 0.0691398
2 0.132475 0.52477 0.0902 0.0446091 0.0663309
2 0.0045275 0.835269 0.00905072 0.0754272 0.0648271
7 0.0804045 0.582208 0.0592412 0.0627777 0.0645306
2 0.933786 0.529987 0.069068 0.040502 0.0637511
2 0.752008 0.759903 0.0281582 0.0244916 0.0633179
9 0.80199 0.075519 0.0571188 0.150542 0.0632368
0 0.768866 0.462257 0.0220955 0.049226 0.0617335
2 0.568033 0.417359 0.0897848 0.0328176 0.0614132
9 0.80287 0.0782084 0.055232 0.152288 0.0600224
0 0.773117 0.463904 0.0190999 0.0561935 0.0595042
2 0.567651 0.416015 0.0844 0.0320541 0.0592333
2 0.566777 0.415794 0.0862921 0.0335381 0.0583336
3 0.0759947 0.580895 0.0513028 0.0610516 0.053273
0 0.592163 0.511438 0.0330152 0.0713684 0.0530469
2 0.567211 0.416455 0.086233 0.0337299 0.052143
9 0.802655 0.0766004 0.0557209 0.151748 0.0511521
2 0.567984 0.416722 0.0914083 0.031872 0.0507997
2 0.00466366 0.835507 0.00926337 0.0720442 0.0507799
2 0.140331 0.524147 0.0764011 0.0436004 0.0501294
2 0.568083 0.417684 0.0889713 0.0333981 0.0500175
3 0.0808507 0.58674 0.0604089 0.0594925 0.0492829
9 0.800195 0.0751471 0.0620171 0.149611 0.0477057
2 0.821709 0.713983 0.0248716 0.0202257 0.0460813
0 0.593239 0.523986 0.031448 0.0548573 0.0453813
2 0.886831 0.679088 0.0226965 0.0175165 0.0437103
2 0.00456814 0.83946 0.00907765 0.084787 0.0428036
0 0.746751 0.46594 0.022602 0.0581302 0.0420907
6 0.498891 0.775643 0.987825 0.44599 0.0417741
0 0.0906315 0.549065 0.0243715 0.0456379 0.0411653
2 0.566827 0.415598 0.0878328 0.0346295 0.0408277
2 0.706827 0.781149 0.0244289 0.0194691 0.0407975
0 0.59439 0.52191 0.0304314 0.0596766 0.040396
9 0.802575 0.0751471 0.0584513 0.149875 0.0400562
9 0.802917 0.0757878 0.0561979 0.150901 0.0394848
0 0.773073 0.462752 0.0183049 0.0512184 0.0390085
2 0.130077 0.522359 0.0963968 0.0481131 0.0380047
9 0.55454 0.458182 0.0143253 0.0321712 0.0377248
2 0.821474 0.713183 0.0253555 0.0193838 0.0367455
2 0.749332 0.757945 0.0251791 0.0203905 0.0365305
2 0.886212 0.678572 0.0249363 0.0200338 0.0361914
2 0.140584 0.525039 0.0737031 0.0421122 0.0356459
0 0.0764834 0.575141 0.0506397 0.0592608 0.0355015
3 0.593907 0.521961 0.0317989 0.0590069 0.0339342
2 0.125729 0.523962 0.103611 0.0487289 0.0331806
2 0.567622 0.41648 0.0853149 0.0341979 0.033067
0 0.00621379 0.546754 0.0124222 0.0379001 0.0327143
2 0.75259 0.761148 0.0329645 0.0265913 0.0319538
2 0.569057 0.416316 0.0822665 0.0318487 0.0318024
0 0.593535 0.512903 0.0344124 0.0758984 0.0311278
6 0.500661 0.776301 0.989886 0.447399 0.0305572
0 0.344866 0.508687 0.0205675 0.0326759 0.0303416
9 0.177208 0.446196 0.0137424 0.0321581 0.0298734
2 0.401576 0.495648 0.0241752 0.0313538 0.0292487
0 0.016287 0.550571 0.0224248 0.038662 0.0292327
2 0.753842 0.762125 0.0314093 0.0270761 0.0286037
2 0.134787 0.524251 0.0772543 0.0412695 0.0281959
2 0.658159 0.808519 0.0252809 0.0214844 0.0281572
0 0.76999 0.466758 0.0189903 0.0573092 0.0281039
9 0.546407 0.452011 0.0252522 0.0441488 0.0279689
2 0.114396 0.524066 0.0513284 0.0387554 0.0279061
0 0.59837 0.500937 0.02159 0.0478155 0.0279042
58 0.617245 0.636266 0.0648232 0.0613733 0.0269023
6 0.510787 0.752645 0.978426 0.49471 0.0267468
6 0.514324 0.748908 0.971351 0.502183 0.0265014
3 0.0744564 0.597512 0.0485564 0.0364737 0.0256069
2 0.129007 0.520696 0.0998137 0.05146 0.0248647
2 0.156841 0.526744 0.0408492 0.0377358 0.024159
2 0.0745681 0.513161 0.0567619 0.0400902 0.0240364
0 0.768385 0.466016 0.0218258 0.0543024 0.0232801
2 0.402665 0.495464 0.0180018 0.0297365 0.0232653
0 0.345595 0.508887 0.0202129 0.0324745 0.0229018
0 0.00508572 0.833899 0.010058 0.0831352 0.0219969
2 0.401768 0.496336 0.0221561 0.0316469 0.0217064
2 0.116405 0.522632 0.0448075 0.0374836 0.0213284
2 0.0360107 0.505106 0.0679591 0.0381651 0.0213226
2 0.158845 0.526058 0.0403305 0.0381496 0.0212965
2 0.400536 0.49772 0.0270027 0.0351095 0.0209666
6 0.501912 0.762765 0.994033 0.47447 0.0209049
2 0.134482 0.524469 0.0820539 0.0414977 0.0208189
2 0.488649 0.468017 0.0249195 0.02575 0.0203982
2 0.156008 0.527483 0.0416979 0.0381015 0.0200645
6 0.50532 0.773216 0.98936 0.452765 0.0200027
2 0.485095 0.466708 0.0282108 0.0247795 0.0199907
2 0.756248 0.762087 0.0305137 0.0307932 0.0195315
2 0.112641 0.522049 0.0556965 0.0390461 0.0194321
2 0.183065 0.52829 0.0310822 0.0352301 0.0191549
0 0.747737 0.458743 0.0218905 0.0443691 0.0190649
2 0.710761 0.782226 0.0337271 0.0226042 0.0190252
2 0.0754894 0.511553 0.0606709 0.0406036 0.018811
3 0.592896 0.527851 0.0330872 0.0498471 0.0186946
2 0.139372 0.526544 0.0755998 0.0417217 0.018667
3 0.0750333 0.587527 0.0489222 0.0540083 0.0186248
2 0.0334138 0.50636 0.0664569 0.0393802 0.0186104
2 0.874181 0.685009 0.0532843 0.0340839 0.0183086
3 0.592723 0.530558 0.0315645 0.044199 0.01796
2 0.402781 0.494961 0.0204455 0.0314472 0.0174138
2 0.657366 0.809516 0.0275238 0.0222054 0.0172756
2 0.934538 0.528447 0.0707947 0.0435864 0.0172365
2 0.400948 0.495552 0.0270803 0.0340734 0.0171529
2 0.854227 0.693454 0.0145329 0.0160845 0.0171232
10 0.592355 0.529646 0.0327276 0.044356 0.017096
2 0.658298 0.809289 0.0264462 0.0220905 0.0169798
2 0.550242 0.874225 0.0260215 0.01824 0.0169524
0 0.00532018 0.844707 0.010562 0.116573 0.0168542
9 0.802145 0.0772731 0.0550821 0.151525 0.0168493
2 0.484503 0.464581 0.0265876 0.0235374 0.016314
2 0.805099 0.724062 0.0586704 0.0391273 0.0160512
58 0.625086 0.637909 0.0489899 0.0647566 0.0159685
0 0.371 0.50547 0.0211542 0.0288649 0.0156018
7 0.0757153 0.575539 0.0500579 0.0492638 0.0151739
58 0.617931 0.636073 0.0666996 0.0587095 0.0151309
0 0.371348 0.505231 0.021233 0.0293997 0.014899
6 0.502174 0.762019 0.990331 0.475961 0.0147516
2 0.935459 0.524108 0.0724791 0.0532612 0.0147117
0 0.742482 0.467872 0.0251999 0.0615063 0.0146286
6 0.526164 0.749017 0.947672 0.501966 0.0143277
2 0.550842 0.873838 0.0250164 0.0185482 0.0142821
9 0.80189 0.0755079 0.0615839 0.150194 0.0139901
9 0.54833 0.457484 0.0248238 0.037384 0.0137544
2 0.132763 0.522709 0.0954806 0.0469266 0.0137143
9 0.55293 0.461999 0.0167202 0.0301222 0.0136541
2 0.0760936 0.509669 0.0590181 0.0368725 0.0136118
58 0.630952 0.638284 0.0366175 0.0624237 0.0136105
6 0.49917 0.778947 0.987473 0.442105 0.0135464
2 0.0682408 0.511003 0.039465 0.0330702 0.0135116
2 0.485959 0.466808 0.0301735 0.0265156 0.0135099
13 0.617608 0.636479 0.0671742 0.0633277 0.0134032
6 0.519633 0.768693 0.960733 0.462614 0.0133592
2 0.606742 0.838727 0.0255807 0.0200855 0.0133058
2 0.571546 0.455013 0.0973053 0.110004 0.0132984
2 0.571614 0.456028 0.100246 0.111751 0.0131942
2 0.144327 0.448941 0.0704734 0.0339577 0.0131863
6 0.531321 0.757258 0.937358 0.485485 0.0131482
2 0.803812 0.724978 0.0567169 0.0408289 0.0130983
2 0.00757984 0.837861 0.0150232 0.0830299 0.012714
2 0.873091 0.684377 0.0520502 0.0331165 0.0125627
1 0.371247 0.506222 0.022646 0.0306565 0.0124669
2 0.0450486 0.506927 0.0541554 0.0360424 0.0123237
2 0.1331 0.526436 0.0830891 0.0432721 0.0122394
2 0.822519 0.712659 0.0249779 0.0218458 0.0121203
58 0.617237 0.634894 0.064423 0.0602451 0.0119618
0 0.0942577 0.566418 0.0304159 0.0755171 0.0117696
2 0.637082 0.821707 0.0702296 0.0464644 0.0116335
2 0.146821 0.447964 0.0734377 0.032551 0.0116144
58 0.602802 0.636441 0.0361631 0.0477045 0.0115734
2 0.571728 0.450366 0.103869 0.0999903 0.0115071
9 0.547401 0.451002 0.0312386 0.0449444 0.0114004
3 0.0846643 0.594135 0.0578132 0.0372646 0.0113396
2 0.165577 0.526 0.0449147 0.0395863 0.0113175
2 0.188512 0.530738 0.0370297 0.0342579 0.0112588
2 0.0166117 0.534608 0.0329802 0.0602913 0.0112398
2 0.0292237 0.531216 0.0584473 0.0631676 0.0111454
9 0.278038 0.445843 0.0115273 0.0262731 0.0111331
58 0.61781 0.63654 0.0676418 0.0610173 0.0110544
2 0.0432156 0.509849 0.0850935 0.0524027 0.0110036
0 0.0951231 0.569004 0.0316191 0.074655 0.0108355
2 0.113226 0.520204 0.0613891 0.0437295 0.0106767
2 0.138834 0.522469 0.0859271 0.0468194 0.0106581
9 0.412382 0.440915 0.0109921 0.0188465 0.0105698
3 0.0846878 0.594521 0.0579213 0.0389284 0.0105468
2 0.915998 0.661824 0.0166513 0.0185123 0.0105083
2 0.114884 0.519859 0.0607137 0.0418248 0.0104754
2 0.520635 0.49519 0.0181736 0.0245579 0.0104689
9 0.811694 0.311042 0.0117802 0.0185633 0.010421
2 0.490458 0.913505 0.0294428 0.018512 0.0103761
13 0.617746 0.636037 0.0669483 0.0608696 0.0102294
2 0.568721 0.436954 0.0860214 0.0740202 0.0102025
2 0.158936 0.528699 0.0385425 0.0367729 0.0101569
2 0.108978 0.52586 0.049678 0.0331675 0.0100043
2 0.376826 0.503907 0.032819 0.0318378 0.00995519
58 0.602354 0.636528 0.0359241 0.04926 0.00984626
2 0.657709 0.809967 0.0276396 0.0220723 0.00982204
9 0.796555 0.0753672 0.0706758 0.150362 0.00977343
0 0.742517 0.467986 0.0249266 0.0609186 0.00967944
0 0.587518 0.482253 0.0285559 0.0626435 0.0095827
9 0.801972 0.123963 0.0483952 0.0519547 0.00956367
2 0.0437944 0.509865 0.0252084 0.026809 0.00949083
2 0.0341183 0.505239 0.065737 0.0381776 0.00930339
9 0.362168 0.433667 0.0134006 0.0255474 0.00914446
2 0.914929 0.662893 0.0179239 0.0179911 0.0090112
2 0.0958045 0.51771 0.0783174 0.0415026 0.00886218
2 0.755411 0.763004 0.0328092 0.0276861 0.00879019
2 0.788254 0.733129 0.0251802 0.0240629 0.00878362
2 0.571822 0.452829 0.0946161 0.103985 0.00876841
2 0.358188 0.506113 0.0492779 0.0347736 0.00869263
0 0.00619476 0.780033 0.0123388 0.220287 0.00868715
0 0.742594 0.468045 0.0246402 0.0613627 0.00862688
58 0.603049 0.636196 0.0364585 0.0500416 0.00862295
2 0.132944 0.521029 0.0887631 0.0444645 0.00856408
2 0.992014 0.395657 0.0150692 0.0225656 0.00852387
2 0.0570026 0.508803 0.0271434 0.0311732 0.00849648
7 0.571472 0.458307 0.0975636 0.113774 0.00849267
0 0.0952857 0.522883 0.0240795 0.0330795 0.00845366
2 0.00765894 0.820486 0.0151863 0.120156 0.00831824
0 0.59012 0.502956 0.0456347 0.0955307 0.00825037
2 0.549361 0.874284 0.0272291 0.0193405 0.00823234
2 0.78554 0.733504 0.0209667 0.018925 0.00809013
0 0.58681 0.47451 0.0265715 0.0672826 0.00787464
0 0.536142 0.489481 0.0166318 0.0416742 0.00787079
2 0.272713 0.517507 0.0960947 0.0720724 0.00783389
2 0.18355 0.531818 0.0258096 0.0323887 0.00782713
2 0.158913 0.527857 0.0375596 0.0366852 0.00781644
2 0.592114 0.416419 0.0358421 0.0307795 0.00776137
2 0.0378319 0.50521 0.0726849 0.0412145 0.00754574
7 0.0755242 0.579513 0.0499042 0.0561276 0.00741754
2 0.405511 0.497406 0.0331472 0.0356246 0.00739053
7 0.377867 0.501905 0.0841194 0.040727 0.00733088
2 0.0495886 0.515048 0.0976928 0.0605783 0.00732593
2 0.144796 0.448862 0.0751882 0.0336132 0.00729077
0 0.535233 0.492119 0.0137758 0.0355942 0.00724714
0 0.580668 0.495193 0.013209 0.0337772 0.0072154
9 0.802298 0.119748 0.0469074 0.0444545 0.00721137
9 0.554756 0.29747 0.0224926 0.0587329 0.00712544
2 0.404051 0.499204 0.0383531 0.0383094 0.00695288
2 0.63634 0.82318 0.0720785 0.0524632 0.00692322
