5 0.892971 0.440596 0.213398 0.577798 0.89566
5 0.89316 0.439193 0.212042 0.574821 0.87048
5 0.893386 0.441466 0.212218 0.578354 0.845511
5 0.892767 0.442564 0.213753 0.596236 0.815585
5 0.893226 0.448213 0.212943 0.592688 0.805163
5 0.893384 0.447543 0.212449 0.591256 0.784307
5 0.893248 0.448781 0.212117 0.593521 0.775363
2 0.893425 0.0602743 0.101855 0.0502596 0.770837
5 0.892979 0.443466 0.212978 0.594598 0.76817
5 0.893133 0.442547 0.213055 0.598104 0.730823
2 0.893631 0.0603224 0.101808 0.0505376 0.72939
2 0.893102 0.0599884 0.101312 0.050274 0.722555
2 0.881328 0.746488 0.234981 0.359116 0.663517
2 0.892785 0.0602773 0.102452 0.0505412 0.660724
2 0.893186 0.0594355 0.101803 0.0513504 0.658604
2 0.89325 0.0605414 0.10263 0.0493266 0.624427
2 0.893249 0.0597314 0.101694 0.0514137 0.616022
5 0.892557 0.438757 0.213956 0.607401 0.615348
5 0.110409 0.356266 0.0954193 0.147459 0.581393
2 0.892484 0.0598007 0.104358 0.0498797 0.535273
2 0.892696 0.0603045 0.103171 0.0487696 0.52204
5 0.110769 0.35577 0.0955243 0.14745 0.519153
5 0.111058 0.355838 0.0955086 0.147839 0.502648
2 0.881101 0.746898 0.235905 0.360773 0.50246
67 0.522276 0.734059 0.132047 0.326029 0.498094
5 0.11075 0.356127 0.0950314 0.145758 0.492347
2 0.881397 0.746354 0.236054 0.359608 0.475749
2 0.894129 0.0601514 0.101939 0.0507084 0.473208
5 0.110887 0.356366 0.0956717 0.148338 0.464392
5 0.110745 0.356406 0.0951686 0.147146 0.461558
2 0.881564 0.746536 0.235561 0.358484 0.448445
5 0.111183 0.356059 0.0957704 0.14702 0.444872
2 0.669812 0.551493 0.112157 0.197116 0.437313
5 0.485882 0.367279 0.079595 0.161498 0.425421
2 0.669646 0.551111 0.11148 0.19675 0.405731
2 0.881525 0.746212 0.235114 0.360026 0.402341
67 0.522323 0.733062 0.134256 0.321514 0.390231
5 0.111185 0.356215 0.0954007 0.147803 0.389364
2 0.621545 0.362889 0.0911317 0.146818 0.387386
67 0.522258 0.731787 0.132169 0.32066 0.373603
2 0.669557 0.550455 0.113002 0.196838 0.361633
2 0.621692 0.362276 0.0915983 0.147557 0.353915
2 0.622004 0.362276 0.0914152 0.146826 0.350103
2 0.881351 0.746602 0.2368 0.359841 0.349782
67 0.521723 0.73276 0.132733 0.319566 0.346339
0 0.414079 0.178768 0.0195379 0.0814502 0.344227
5 0.620796 0.363556 0.0916605 0.148538 0.338252
5 0.742719 0.398951 0.121809 0.18025 0.336058
5 0.742859 0.39865 0.121296 0.179595 0.335749
2 0.621666 0.362724 0.0912428 0.147155 0.331539
5 0.111176 0.356448 0.096225 0.147795 0.32762
5 0.111277 0.356375 0.0957218 0.148518 0.326864
2 0.621362 0.362846 0.0911096 0.146972 0.326559
2 0.134602 0.201941 0.071283 0.104587 0.325164
2 0.621633 0.363018 0.090744 0.147665 0.316084
67 0.523086 0.738572 0.132067 0.310995 0.312559
2 0.669565 0.550139 0.112451 0.196653 0.311232
5 0.486046 0.367891 0.07931 0.160223 0.309839
2 0.881366 0.746736 0.233677 0.358937 0.309105
67 0.521326 0.731862 0.13239 0.319182 0.306341
5 0.74266 0.399404 0.121708 0.178601 0.305357
5 0.486116 0.367187 0.079319 0.162548 0.299816
2 0.880989 0.746806 0.236031 0.361423 0.295743
5 0.486163 0.368148 0.0795366 0.161565 0.295461
2 0.881664 0.746592 0.234688 0.358921 0.283941
2 0.975088 0.0511593 0.0490982 0.038808 0.283732
2 0.134392 0.20201 0.0717346 0.104695 0.279382
2 0.974228 0.0488064 0.050935 0.0426764 0.278878
2 0.975268 0.052797 0.0486691 0.0363645 0.278324
2 0.669654 0.551316 0.112959 0.199025 0.272593
0 0.727083 0.105848 0.0270121 0.0609252 0.268969
0 0.413624 0.178781 0.0187101 0.0816836 0.264782
2 0.669466 0.550728 0.112675 0.198772 0.2643
2 0.97343 0.051393 0.0520535 0.0366254 0.263794
0 0.413548 0.178723 0.0201389 0.0818796 0.263138
2 0.74361 0.397453 0.119717 0.179347 0.261811
0 0.413583 0.178307 0.0194189 0.0807914 0.258901
5 0.742966 0.399661 0.120438 0.17962 0.258797
2 0.974961 0.0523134 0.0496849 0.0361424 0.256568
5 0.741979 0.399817 0.122038 0.177705 0.254087
2 0.976295 0.0540177 0.0466496 0.0349253 0.254035
67 0.522133 0.733464 0.134064 0.3191 0.25387
2 0.134167 0.201915 0.071435 0.104472 0.242154
2 0.973299 0.0495666 0.0526123 0.0414445 0.240581
67 0.881337 0.746551 0.235384 0.360516 0.239552
2 0.743113 0.398167 0.120799 0.180714 0.237651
2 0.135133 0.201568 0.0724009 0.104086 0.233584
2 0.976437 0.0543149 0.0471254 0.032944 0.232981
67 0.522798 0.738163 0.13232 0.311235 0.232905
0 0.413664 0.17925 0.0193953 0.0823698 0.22837
0 0.94914 0.185714 0.0215023 0.0406928 0.227973
2 0.620923 0.363393 0.091606 0.149087 0.226648
0 0.949305 0.184972 0.0205219 0.041369 0.22317
2 0.485857 0.366581 0.0799938 0.160814 0.221847
2 0.74263 0.398671 0.122106 0.181316 0.218107
0 0.414027 0.178929 0.0194815 0.0825957 0.217532
2 0.486018 0.366964 0.0794465 0.161805 0.217326
2 0.134531 0.202062 0.0713231 0.105445 0.209443
67 0.52178 0.732199 0.133013 0.317994 0.209176
7 0.6211 0.36354 0.0916927 0.148917 0.207079
28 0.75142 0.894679 0.20537 0.209561 0.205165
2 0.742358 0.398767 0.121461 0.179581 0.203931
5 0.74318 0.398368 0.120862 0.180344 0.202207
5 0.485899 0.366593 0.0799808 0.161994 0.200251
2 0.669222 0.550819 0.112264 0.196548 0.199735
67 0.522335 0.7325 0.134409 0.322173 0.197268
0 0.724156 0.106994 0.0302832 0.0614281 0.19642
2 0.975817 0.0529618 0.0476585 0.0376501 0.193173
0 0.985504 0.100631 0.0216629 0.0451746 0.193079
2 0.976435 0.0538334 0.0464317 0.036607 0.191814
28 0.752268 0.894741 0.205929 0.209881 0.190819
67 0.521801 0.733736 0.132524 0.320381 0.188384
0 0.949028 0.183275 0.0206722 0.0396218 0.185856
5 0.485655 0.366706 0.0802071 0.160609 0.183979
2 0.134105 0.202167 0.0712107 0.10492 0.183801
0 0.413566 0.178043 0.0183769 0.0813203 0.182057
0 0.949034 0.186196 0.0215813 0.04258 0.180535
5 0.485809 0.367208 0.0798885 0.161463 0.173736
0 0.985573 0.0987041 0.0211578 0.043185 0.171373
2 0.675241 0.18802 0.0544954 0.0255798 0.168261
0 0.725933 0.106543 0.0297383 0.0629454 0.166215
0 0.949239 0.185724 0.0212795 0.043083 0.163622
5 0.133965 0.202382 0.0717472 0.106759 0.162663
2 0.134022 0.201976 0.0715333 0.105208 0.161268
0 0.727314 0.104595 0.0252466 0.0604658 0.159741
28 0.751863 0.895347 0.202776 0.208021 0.156366
2 0.134862 0.201978 0.0718068 0.105072 0.154792
2 0.594548 0.151257 0.0361133 0.015517 0.151871
2 0.675477 0.188178 0.0544321 0.0259627 0.145302
0 0.414201 0.17904 0.0191095 0.083158 0.143729
0 0.949562 0.184443 0.0203541 0.0413707 0.143671
2 0.675431 0.188108 0.0547175 0.0262431 0.143429
0 0.988363 0.105395 0.0226128 0.0618128 0.141596
0 0.72688 0.103946 0.0268448 0.0592991 0.136631
5 0.486148 0.367955 0.0795683 0.1594 0.136481
5 0.134305 0.202372 0.0709079 0.106322 0.13514
2 0.675572 0.188133 0.0547462 0.0259169 0.135044
28 0.752832 0.895257 0.20267 0.208282 0.13473
0 0.989628 0.107843 0.0201656 0.0638265 0.133762
2 0.632502 0.0122336 0.0362247 0.0200158 0.133116
0 0.685342 0.0274168 0.0162512 0.0521884 0.12992
28 0.749156 0.894859 0.207602 0.209562 0.127757
2 0.633425 0.0127992 0.0345788 0.0186724 0.126361
0 0.0351403 0.196129 0.0251197 0.0872453 0.121457
2 0.203839 0.0749825 0.0436437 0.0408157 0.120032
0 0.684685 0.0267552 0.0170105 0.0520175 0.118188
0 0.413593 0.177112 0.0187018 0.0788574 0.117736
0 0.684663 0.0264918 0.0170742 0.0529836 0.117598
0 0.987266 0.0970228 0.0247576 0.0423662 0.116374
0 0.986707 0.104613 0.0234539 0.0547217 0.116145
2 0.675326 0.187713 0.0541593 0.0264312 0.115903
2 0.134662 0.202305 0.0694104 0.101115 0.115244
0 0.413466 0.178798 0.020311 0.0813149 0.114953
28 0.752516 0.894514 0.207759 0.210309 0.112546
2 0.675509 0.18808 0.055104 0.0262519 0.11201
7 0.669014 0.551547 0.112946 0.198789 0.110265
0 0.413544 0.179194 0.0199221 0.0823145 0.109175
5 0.485743 0.366471 0.0802193 0.160581 0.107606
5 0.486159 0.369237 0.0792551 0.1594 0.107144
7 0.621521 0.362595 0.0903786 0.146139 0.103909
0 0.683517 0.0258848 0.0166658 0.0516346 0.0988319
2 0.669116 0.550529 0.112101 0.19717 0.0968702
2 0.972824 0.0519118 0.0501232 0.0354456 0.0960196
0 0.725939 0.108567 0.0363853 0.0692492 0.095933
2 0.376695 0.41896 0.0340498 0.0607694 0.0936043
0 0.993132 0.113196 0.0129559 0.0603695 0.0928388
28 0.750919 0.894636 0.205864 0.210051 0.0920217
2 0.139644 0.222469 0.0580902 0.0588843 0.0918925
0 0.992588 0.106171 0.0140606 0.0554484 0.0911066
67 0.376269 0.419288 0.0343905 0.060848 0.0909466
2 0.205439 0.0736544 0.0467712 0.0429481 0.0906469
67 0.375945 0.418681 0.0355772 0.0593193 0.0901987
2 0.675878 0.187934 0.0548916 0.0258624 0.0883136
2 0.20457 0.0744881 0.0467268 0.0404333 0.0862839
28 0.749427 0.894364 0.207551 0.210555 0.0848814
0 0.793825 0.224029 0.0160686 0.0421921 0.0831521
2 0.376678 0.419152 0.0338755 0.0580659 0.082422
2 0.594289 0.151018 0.0363741 0.0172833 0.0814889
2 0.675581 0.187941 0.0550275 0.025507 0.0792882
0 0.989052 0.0954848 0.0212515 0.0443388 0.0790807
0 0.793892 0.223846 0.0162039 0.0429741 0.0785826
2 0.976857 0.0547866 0.0455826 0.0364279 0.0785043
0 0.990791 0.10043 0.0177662 0.0480392 0.0778179
2 0.282817 0.0558513 0.030044 0.0256584 0.0776565
28 0.750072 0.895871 0.204859 0.206443 0.0774503
2 0.978143 0.0554877 0.0437138 0.0332078 0.0750547
0 0.943372 0.0563785 0.0128689 0.0284011 0.0748154
2 0.668891 0.55037 0.109162 0.194985 0.0737379
0 0.0353302 0.195809 0.0261826 0.0883902 0.0732427
0 0.731224 0.0137473 0.0140913 0.0274945 0.0732401
2 0.594505 0.151083 0.0360863 0.0169182 0.0728772
2 0.963153 0.0554197 0.0314758 0.0295719 0.0722989
0 0.721409 0.0123804 0.0141296 0.0246879 0.0721949
2 0.594363 0.151405 0.0364107 0.0164498 0.0707958
2 0.140641 0.220445 0.0594813 0.0607193 0.0702645
0 0.742545 0.0162876 0.0132474 0.0322098 0.0692512
0 0.685887 0.0270292 0.0197831 0.0533343 0.0679539
2 0.281494 0.0575028 0.0286432 0.0254758 0.0664885
67 0.376029 0.41927 0.0351572 0.0603122 0.0652529
2 0.139077 0.224097 0.059984 0.0580187 0.0641794
0 0.723938 0.0134434 0.0175919 0.0268465 0.063391
2 0.203126 0.0737803 0.0415279 0.0376882 0.0619182
67 0.376448 0.419133 0.0339994 0.0596341 0.0612768
0 0.729742 0.0130415 0.0143693 0.025995 0.060716
2 0.139997 0.222291 0.0586511 0.0586657 0.0601607
0 0.0342266 0.195589 0.0240219 0.0854972 0.0572184
2 0.675443 0.188092 0.0540092 0.026336 0.0563964
3 0.720835 0.120838 0.0354706 0.036691 0.0562506
0 0.684864 0.0266474 0.0167246 0.0522148 0.0558878
0 0.682633 0.0250587 0.0173943 0.0501173 0.0558644
2 0.139178 0.217225 0.062062 0.069589 0.0556775
2 0.974129 0.0452395 0.0509029 0.0517606 0.0555759
0 0.993473 0.120841 0.0123211 0.0622291 0.0542589
67 0.521647 0.733123 0.132384 0.319812 0.0540504
0 0.949586 0.187368 0.0229134 0.0441267 0.0537525
0 0.990721 0.116463 0.0179768 0.0821544 0.0524168
2 0.139679 0.225567 0.0585648 0.0567513 0.0519012
2 0.632049 0.0118428 0.0368656 0.0208971 0.0512148
67 0.376307 0.419244 0.0338615 0.0606441 0.051013
2 0.973868 0.0459561 0.0512451 0.0492401 0.0506379
2 0.675281 0.188078 0.0540131 0.0263671 0.0481003
2 0.134615 0.202846 0.0675389 0.0989178 0.0476311
0 0.73797 0.0369728 0.0172585 0.0483159 0.047536
0 0.0353966 0.203283 0.0216533 0.0743723 0.0473921
0 0.686643 0.0272836 0.019475 0.0536581 0.047224
2 0.287703 0.0545727 0.0364501 0.0299819 0.0464042
2 0.631763 0.0116674 0.0385798 0.0230005 0.0463145
0 0.735983 0.0141095 0.0169582 0.0280086 0.0462711
3 0.71984 0.124196 0.0333632 0.0294274 0.0461958
0 0.738071 0.042613 0.0170897 0.0387397 0.0461417
2 0.632354 0.0119626 0.0370153 0.0225613 0.0461329
28 0.755115 0.894563 0.208734 0.210331 0.0461115
2 0.594252 0.151302 0.0364592 0.0161403 0.0452552
0 0.726953 0.0944544 0.0238172 0.0397172 0.0448773
2 0.59435 0.150877 0.0365179 0.0171042 0.0445455
0 0.741662 0.0132837 0.0122592 0.0264883 0.0445249
2 0.205167 0.0718942 0.0445045 0.0429561 0.042976
2 0.281427 0.0584255 0.0293182 0.0261707 0.0429465
2 0.289188 0.0514785 0.0352352 0.0338292 0.0427206
2 0.138402 0.223507 0.0606079 0.0579694 0.0425924
0 0.724627 0.108119 0.0398745 0.0682562 0.0422911
0 0.413407 0.16901 0.0187729 0.0631963 0.0415968
0 0.68599 0.02677 0.0200511 0.0533431 0.0414576
67 0.376731 0.418865 0.0348436 0.060932 0.0402076
2 0.204908 0.0752489 0.0441381 0.0392819 0.0401049
2 0.141156 0.222143 0.057108 0.0576106 0.040083
2 0.722453 0.127033 0.0388 0.0390824 0.0396537
0 0.737276 0.0367414 0.0184753 0.0442769 0.0393904
0 0.216368 0.0558579 0.0169418 0.0344894 0.0386576
3 0.723307 0.108294 0.039719 0.0690666 0.0384933
0 0.726864 0.0939971 0.0250148 0.0393016 0.0376764
0 0.738377 0.0315668 0.0204841 0.0583367 0.0373391
0 0.737109 0.0433742 0.0172287 0.0343181 0.0369195
0 0.737357 0.0439167 0.0172583 0.0343497 0.0366762
0 0.356194 0.0380091 0.0191291 0.0420623 0.0364913
0 0.941933 0.0612332 0.0117439 0.0371746 0.0362368
0 0.780951 0.0214886 0.015193 0.0338632 0.0361926
2 0.13744 0.308739 0.0277644 0.0482037 0.0357786
67 0.376284 0.418559 0.033783 0.0602231 0.0354262
0 0.414015 0.171242 0.017465 0.0670443 0.035418
0 0.0350367 0.193721 0.0280799 0.0902488 0.0350985
0 0.949648 0.187929 0.0226048 0.0440053 0.0346561
2 0.236699 0.060187 0.0216495 0.0371551 0.0344482
2 0.127208 0.177859 0.0571029 0.0559885 0.0343814
0 0.443854 0.0216295 0.0258507 0.0431491 0.0326952
3 0.718609 0.125615 0.03386 0.0308693 0.0325546
2 0.195742 0.0768804 0.0253933 0.0300502 0.0323249
0 0.516873 0.317651 0.0144516 0.0207791 0.0315975
2 0.139812 0.225005 0.0574849 0.05796 0.0308168
2 0.632132 0.0114967 0.0377863 0.022611 0.0306247
0 0.993365 0.125559 0.0126041 0.0710345 0.0291912
28 0.75184 0.896182 0.191048 0.206529 0.0290337
0 0.928928 0.0702068 0.0227989 0.0289878 0.0285336
0 0.443914 0.0220149 0.0264189 0.0439879 0.0284585
2 0.137313 0.3095 0.0278338 0.0500728 0.0281225
2 0.283654 0.0534042 0.0348866 0.030439 0.0277578
0 0.036764 0.205492 0.0206436 0.0686304 0.0274457
2 0.126409 0.175061 0.0573421 0.0502512 0.0273188
2 0.977192 0.0580148 0.0449224 0.0445588 0.0272396
2 0.975714 0.0457177 0.0477676 0.0509074 0.0267737
2 0.132166 0.175492 0.0484419 0.0499486 0.026514
0 0.73712 0.033979 0.0206978 0.0529469 0.0262958
0 0.729506 0.106321 0.0339066 0.0623177 0.025988
0 0.213477 0.0420877 0.0152846 0.0260177 0.0249173
0 0.214642 0.0482053 0.0147797 0.0243508 0.0248121
2 0.126939 0.175893 0.0573774 0.0513807 0.0240713
2 0.141924 0.219471 0.0564568 0.0624459 0.0239576
2 0.137192 0.309188 0.0280288 0.0501249 0.0238084
2 0.13764 0.308946 0.0276654 0.0482248 0.0235937
9 0.12317 0.021922 0.0123608 0.0211064 0.0232913
3 0.719008 0.124375 0.0339729 0.0289193 0.0231835
0 0.720459 0.124197 0.034192 0.0285047 0.0231281
5 0.893185 0.431688 0.212482 0.557474 0.0227842
5 0.110291 0.323161 0.0749366 0.0656827 0.0226235
2 0.276804 0.0562431 0.0235401 0.0236957 0.0224223
0 0.724188 0.108104 0.0375736 0.0689764 0.0223541
2 0.137946 0.309464 0.0280704 0.0498281 0.0220109
9 0.0319181 0.180439 0.0189564 0.044705 0.0220023
2 0.128343 0.174657 0.0535484 0.0495772 0.0218139
28 0.752275 0.894872 0.199056 0.208321 0.0217432
