61 0.676072 0.971417 0.128881 0.0561527 0.740879
61 0.675826 0.970914 0.128429 0.0572449 0.723429
2 0.269659 0.413465 0.125975 0.12312 0.723234
2 0.269326 0.413386 0.126401 0.123473 0.721349
2 0.269201 0.413093 0.126746 0.123057 0.70644
61 0.676116 0.970992 0.128125 0.0570824 0.70529
2 0.270184 0.413168 0.127306 0.121654 0.696922
2 0.26987 0.413231 0.126182 0.122715 0.696426
2 0.632287 0.131053 0.041428 0.0516248 0.692974
61 0.676151 0.971109 0.12882 0.056815 0.656799
2 0.269574 0.412882 0.1272 0.122202 0.656587
2 0.269316 0.41286 0.127194 0.122838 0.654152
2 0.269633 0.413359 0.125956 0.123101 0.651043
61 0.675958 0.971302 0.129527 0.0567966 0.650241
2 0.268548 0.413075 0.126168 0.123325 0.650211
61 0.675608 0.971623 0.13027 0.0561665 0.647589
61 0.675814 0.97121 0.129143 0.0569839 0.621445
2 0.269673 0.413011 0.127054 0.122375 0.603852
2 0.659124 0.323625 0.077992 0.086762 0.598374
2 0.659038 0.323765 0.0777384 0.0864828 0.593624
2 0.667332 0.0958456 0.0288466 0.033664 0.578769
2 0.659099 0.324009 0.0773287 0.0866987 0.576359
2 0.546897 0.203455 0.0561078 0.0620404 0.569161
61 0.675898 0.971373 0.129778 0.0566067 0.562694
2 0.546794 0.203838 0.0568084 0.0626257 0.557727
2 0.304552 0.286639 0.0920887 0.0900373 0.549549
2 0.546699 0.203417 0.0561877 0.0628366 0.549478
2 0.304463 0.286555 0.0918162 0.0910812 0.547451
2 0.659019 0.323587 0.0777525 0.0870889 0.543077
2 0.304723 0.286534 0.091358 0.0905908 0.535112
2 0.659097 0.323392 0.0777986 0.0874458 0.523098
2 0.813183 0.103408 0.0295513 0.036257 0.522134
2 0.304835 0.286668 0.0917075 0.091527 0.518059
2 0.304711 0.286703 0.0915704 0.0900688 0.514853
2 0.632027 0.130968 0.0402283 0.0507637 0.51297
2 0.667421 0.0962424 0.0280799 0.0338498 0.510234
2 0.304761 0.286442 0.0916185 0.0909554 0.509769
2 0.632272 0.131265 0.0405308 0.0516302 0.507871
2 0.631885 0.130809 0.0413518 0.0495026 0.505497
2 0.659066 0.323858 0.077499 0.0869896 0.500779
2 0.659054 0.323757 0.0774021 0.0867151 0.500618
2 0.824023 0.174503 0.0387653 0.0581113 0.500175
2 0.546511 0.203854 0.0568132 0.0622931 0.49495
2 0.304529 0.286678 0.092142 0.0909444 0.494326
2 0.304439 0.286576 0.0915842 0.091836 0.489988
2 0.632174 0.131286 0.0409626 0.0516972 0.483734
2 0.813122 0.104315 0.0281496 0.0349894 0.481275
2 0.813221 0.103092 0.0284283 0.0358351 0.480123
2 0.824504 0.174445 0.0393684 0.0576363 0.479058
2 0.456729 0.318448 0.0885084 0.100622 0.472252
2 0.813345 0.104056 0.0282297 0.03505 0.467407
2 0.915836 0.173026 0.038504 0.056998 0.466925
2 0.824184 0.174206 0.0388826 0.0575205 0.46565
2 0.824421 0.1738 0.0396496 0.057277 0.465613
2 0.631856 0.131115 0.0406433 0.0508705 0.465105
2 0.632412 0.130806 0.0418891 0.0511958 0.4579
2 0.457289 0.318689 0.0883286 0.10193 0.456533
2 0.915736 0.172147 0.0390938 0.0583109 0.452011
2 0.457318 0.318392 0.0888853 0.102093 0.451145
2 0.738804 0.0673378 0.0264428 0.0304088 0.449752
2 0.667213 0.096467 0.0296494 0.0343207 0.432083
2 0.883882 0.0529046 0.0229008 0.029269 0.430783
2 0.738981 0.0671673 0.0267675 0.0304691 0.427448
2 0.304132 0.287098 0.0920081 0.0907131 0.426818
2 0.768045 0.334465 0.0719864 0.105006 0.415433
2 0.667221 0.0959371 0.0300466 0.0347596 0.410522
2 0.667148 0.0949647 0.0300522 0.0362945 0.40966
2 0.813318 0.104772 0.0279543 0.0344079 0.409637
2 0.667044 0.0944809 0.0301959 0.0354897 0.408883
2 0.813349 0.105194 0.0279617 0.0346554 0.40422
2 0.7679 0.333948 0.0725967 0.104826 0.404178
2 0.45732 0.31919 0.0895868 0.103222 0.402954
2 0.456951 0.318703 0.0885862 0.10239 0.401513
2 0.546566 0.20328 0.0559988 0.0626297 0.395693
2 0.546777 0.203651 0.0570827 0.0620528 0.393942
2 0.767775 0.334157 0.0727993 0.104852 0.389236
2 0.546897 0.203858 0.0560814 0.0632279 0.386849
2 0.814149 0.10436 0.0286747 0.0348109 0.384091
2 0.631917 0.131383 0.0410076 0.051868 0.374726
2 0.45771 0.318489 0.0883534 0.101843 0.372898
2 0.546598 0.203134 0.0567751 0.0630646 0.369308
2 0.768034 0.334594 0.0719777 0.105039 0.364945
2 0.631648 0.131709 0.0406845 0.0507612 0.361565
2 0.457261 0.317793 0.0882334 0.102082 0.355243
2 0.631651 0.131728 0.0408464 0.0514349 0.344214
2 0.546672 0.204353 0.0560396 0.0628819 0.34308
2 0.457342 0.318607 0.0889605 0.102731 0.336659
7 0.451608 0.212215 0.0960408 0.124409 0.328433
2 0.76828 0.334495 0.072294 0.104466 0.328077
61 0.675629 0.971543 0.121302 0.0558624 0.32674
2 0.824351 0.174056 0.0372963 0.0579554 0.326437
2 0.659456 0.324299 0.0768333 0.0851236 0.321427
7 0.452487 0.212137 0.0970257 0.123916 0.311479
2 0.738789 0.0684849 0.0269069 0.0291534 0.308994
2 0.755541 0.334422 0.0983753 0.105192 0.306457
7 0.452001 0.21222 0.09694 0.124254 0.302101
2 0.688839 0.056657 0.0248522 0.0337216 0.298106
2 0.667801 0.0951199 0.0307617 0.0358932 0.292235
2 0.768297 0.334571 0.0709435 0.105737 0.287388
2 0.456916 0.318269 0.0883493 0.101786 0.283933
2 0.304917 0.286346 0.0891277 0.0895629 0.282864
2 0.54652 0.203431 0.0566929 0.0620555 0.282091
2 0.687813 0.0572496 0.0235607 0.0322282 0.278342
2 0.768016 0.334533 0.0733634 0.104476 0.278276
2 0.738718 0.066418 0.0282291 0.0310405 0.26856
2 0.739002 0.0664149 0.0286531 0.0310077 0.267908
2 0.687161 0.057308 0.0234362 0.0313314 0.267193
7 0.453345 0.211497 0.0992105 0.123595 0.264229
2 0.884138 0.0525799 0.0233566 0.0295831 0.262713
2 0.884092 0.0528288 0.0236824 0.0298748 0.258509
2 0.757637 0.334851 0.0938271 0.105734 0.258237
2 0.739269 0.0665409 0.0281509 0.0308363 0.256804
2 0.760305 0.334426 0.0906203 0.104575 0.255428
2 0.91583 0.171477 0.0384098 0.0578111 0.255037
7 0.452641 0.211973 0.097957 0.123322 0.253031
2 0.814295 0.101885 0.0298904 0.0377189 0.252872
2 0.824701 0.173615 0.038369 0.0581325 0.249191
2 0.915689 0.171419 0.0394062 0.0582182 0.244059
2 0.91589 0.171921 0.039646 0.057939 0.235421
7 0.451157 0.212365 0.0959497 0.124012 0.234085
2 0.667768 0.0956159 0.0307831 0.0349558 0.230212
2 0.915949 0.171888 0.0383678 0.0581784 0.229272
2 0.824754 0.1729 0.0386696 0.0576305 0.227825
2 0.916428 0.171288 0.0400387 0.0571511 0.227697
2 0.739002 0.0680044 0.0269339 0.0305355 0.227065
2 0.687973 0.0569459 0.0232731 0.0323221 0.226932
7 0.454309 0.211703 0.0992666 0.124495 0.226772
2 0.884173 0.0521926 0.0242828 0.0313588 0.221592
2 0.688457 0.0567858 0.0243498 0.0333771 0.221085
2 0.824245 0.174477 0.0367332 0.0577779 0.218466
2 0.916087 0.177206 0.0394283 0.0483392 0.207045
7 0.451349 0.212265 0.0964746 0.124368 0.206121
2 0.687978 0.0568024 0.0225208 0.0321963 0.198565
2 0.688418 0.0577377 0.0225737 0.0322875 0.194501
2 0.824617 0.173771 0.0376923 0.0580386 0.19241
2 0.824761 0.173502 0.0381153 0.0581096 0.18847
2 0.916302 0.171639 0.0401649 0.0576684 0.185785
2 0.666008 0.0938327 0.0325618 0.0375837 0.175754
7 0.452117 0.211122 0.0972843 0.122907 0.171529
2 0.485482 0.169711 0.034704 0.0415198 0.167739
2 0.6596 0.324019 0.0775192 0.0853214 0.167034
2 0.659713 0.324166 0.077987 0.0853919 0.164621
2 0.485328 0.169096 0.0355494 0.04064 0.154748
2 0.484069 0.165747 0.0334803 0.0344872 0.154628
2 0.860441 0.0369086 0.0240534 0.0261067 0.154557
2 0.884141 0.0522532 0.0250134 0.0276565 0.150445
2 0.915806 0.18135 0.0379646 0.0406588 0.141941
2 0.824238 0.174178 0.0365059 0.0578851 0.14041
2 0.484941 0.168483 0.0345049 0.0395457 0.13855
2 0.824779 0.172811 0.0381945 0.0579504 0.130718
2 0.91604 0.182445 0.037648 0.039081 0.129085
2 0.659749 0.323358 0.0783987 0.0841404 0.128026
2 0.755812 0.0272013 0.020371 0.0342922 0.127779
2 0.658729 0.324313 0.0774921 0.0876864 0.123341
2 0.45379 0.211643 0.0983297 0.124903 0.120716
2 0.923471 0.0406401 0.0189236 0.019405 0.111086
2 0.755633 0.0279372 0.0212054 0.0344953 0.108895
2 0.915771 0.170813 0.0399189 0.0564238 0.105189
61 0.678445 0.971445 0.123443 0.0561356 0.104752
2 0.860271 0.0336213 0.0243586 0.0308535 0.101616
2 0.609188 0.19443 0.0430398 0.0506339 0.0872102
2 0.545432 0.203363 0.0544724 0.0612362 0.0827272
2 0.860373 0.0338912 0.0251762 0.0309359 0.0766792
2 0.608402 0.194383 0.041577 0.0496408 0.0766317
2 0.606224 0.195681 0.0382215 0.0468278 0.0692377
7 0.450143 0.21247 0.0934117 0.124062 0.0686941
2 0.607737 0.19481 0.0423824 0.0504428 0.0686657
2 0.745406 0.0651371 0.0416757 0.0359019 0.0670965
2 0.743545 0.0417687 0.0206844 0.0167733 0.0658057
2 0.696853 0.0562644 0.0410697 0.0351559 0.0651108
2 0.48546 0.170825 0.0346169 0.0424129 0.0616121
2 0.788703 0.014817 0.0239917 0.0258736 0.060933
2 0.729172 0.0365609 0.0185076 0.0206318 0.0609252
2 0.486841 0.171009 0.0308797 0.0412197 0.0599141
2 0.734145 0.0632148 0.0401415 0.0352403 0.0588587
2 0.727923 0.0377918 0.0191946 0.0205922 0.0581479
2 0.797621 0.014419 0.0449732 0.0288379 0.0576879
2 0.788174 0.0127322 0.0247454 0.0253112 0.0570221
2 0.795643 0.0154439 0.0364038 0.0288483 0.0556661
5 0.922261 0.0271796 0.025206 0.0449965 0.0555674
2 0.60859 0.1956 0.0443239 0.0498023 0.0538424
61 0.675822 0.970755 0.131823 0.0574177 0.0525847
2 0.605577 0.199528 0.0391268 0.0416825 0.0524547
5 0.457474 0.319552 0.0899194 0.106407 0.050615
5 0.919991 0.0246237 0.0324047 0.0486383 0.0498103
61 0.723344 0.971446 0.229693 0.0565563 0.0475983
2 0.303267 0.287438 0.0881235 0.0886177 0.0470088
2 0.895948 0.0201133 0.0191256 0.021045 0.0454745
2 0.608262 0.194732 0.0418567 0.049973 0.0447752
2 0.923192 0.0384483 0.0207718 0.0237318 0.0391488
2 0.758456 0.0277126 0.0275951 0.0368483 0.0389929
2 0.269525 0.413564 0.125665 0.123019 0.0378709
2 0.610299 0.184574 0.039641 0.0304354 0.0372952
61 0.675139 0.971119 0.120215 0.0559425 0.0372893
2 0.482778 0.166508 0.0327763 0.0361026 0.035283
2 0.481785 0.171304 0.0382576 0.0452833 0.0352747
2 0.910027 0.00838377 0.0182655 0.0161432 0.0352555
2 0.8165 0.102842 0.0348953 0.0364717 0.0308417
2 0.760905 0.0270337 0.0304281 0.0380911 0.0305901
2 0.630887 0.133571 0.0383753 0.049845 0.0293541
2 0.725841 0.0415413 0.0191683 0.0167441 0.0288972
2 0.771127 0.0645665 0.0189057 0.0228227 0.0285845
2 0.735434 0.0663248 0.0367506 0.0327563 0.027954
2 0.756138 0.0280343 0.0194647 0.0318903 0.0277714
0 0.928844 0.0180483 0.0163544 0.0244616 0.027728
7 0.921842 0.0348626 0.0260229 0.029374 0.0274563
2 0.79871 0.0145132 0.046616 0.0290264 0.0274275
2 0.859894 0.031707 0.0256433 0.0299316 0.026741
2 0.804785 0.0172376 0.0238192 0.0262329 0.0260117
2 0.4903 0.170548 0.0416832 0.0433241 0.0244999
2 0.754177 0.0275384 0.0240674 0.0345981 0.0234642
0 0.426411 0.358713 0.0245167 0.0450922 0.0227817
2 0.775668 0.0581618 0.0309719 0.03729 0.0227367
61 0.759158 0.927581 0.30181 0.14408 0.0219627
2 0.751848 0.0309141 0.0241426 0.0316022 0.0217055
2 0.767007 0.332234 0.0731123 0.106971 0.0213748
2 0.608975 0.183516 0.0358391 0.0286748 0.0210059
2 0.751749 0.332715 0.104647 0.103155 0.0202559
2 0.455492 0.32082 0.0859211 0.0931085 0.0200372
2 0.777528 0.0549684 0.0282614 0.0318169 0.0195843
2 0.607955 0.194862 0.0427534 0.0500629 0.0189291
2 0.785196 0.0456367 0.0186451 0.0170786 0.0178829
2 0.659069 0.324203 0.0756056 0.0851443 0.0174023
2 0.659078 0.323137 0.0777921 0.0882407 0.016056
61 0.678371 0.9714 0.121462 0.0561035 0.0159864
2 0.604965 0.199841 0.0419411 0.0445155 0.0159381
7 0.918107 0.0164685 0.0354279 0.032937 0.0158581
2 0.0928766 0.0471698 0.0369698 0.0189337 0.0156947
2 0.860616 0.0365571 0.0254398 0.0277482 0.0156774
2 0.631994 0.130744 0.0413257 0.0511888 0.0156371
2 0.884359 0.0485448 0.0265797 0.0324233 0.0156286
2 0.304068 0.287132 0.0872849 0.0881887 0.0155748
2 0.560087 0.201306 0.0828129 0.0665784 0.015303
2 0.0905788 0.048753 0.0426635 0.022313 0.0150796
2 0.755666 0.0294908 0.0196647 0.0360329 0.0150791
0 0.859577 0.207969 0.0178196 0.0366922 0.0148604
2 0.816222 0.0170699 0.0381432 0.0275636 0.0148158
2 0.767374 0.333931 0.0719625 0.10512 0.0148117
5 0.918728 0.0268201 0.0271532 0.0448438 0.0146198
2 0.695796 0.0564844 0.038742 0.0335582 0.0143841
7 0.919587 0.0257677 0.0376274 0.0482838 0.0143713
2 0.0942047 0.0483069 0.039089 0.0241335 0.0135109
0 0.426691 0.357723 0.02294 0.0374805 0.0131304
7 0.875999 0.0270726 0.0591928 0.0515678 0.0128003
2 0.891234 0.0435702 0.0399437 0.0475644 0.012792
2 0.667644 0.0975992 0.0320545 0.0351295 0.0127822
61 0.734797 0.971146 0.250784 0.0571362 0.0127085
2 0.0779397 0.0493068 0.0636319 0.0274196 0.0124524
2 0.816344 0.102711 0.0344868 0.0378767 0.0122741
2 0.927825 0.0171679 0.0211006 0.0322083 0.0121307
2 0.608552 0.194521 0.040938 0.0516382 0.0120764
2 0.766716 0.333937 0.0744646 0.102641 0.0119963
2 0.903401 0.0165148 0.0359367 0.0316796 0.0119423
61 0.738398 0.97046 0.257352 0.057917 0.0117823
2 0.312522 0.264505 0.0676778 0.0454428 0.011641
5 0.92339 0.0259315 0.034045 0.0498487 0.0116285
61 0.675017 0.971661 0.124599 0.0558018 0.0112376
5 0.547959 0.203905 0.0586207 0.0638682 0.0111344
2 0.824018 0.0172225 0.0217701 0.0241321 0.0109824
2 0.309003 0.264556 0.0678834 0.0463349 0.0105271
5 0.880513 0.0261884 0.0695488 0.0523769 0.0103478
5 0.865946 0.0254301 0.0501352 0.0459023 0.0103397
2 0.657885 0.0913659 0.0507036 0.0460371 0.0103226
5 0.809803 0.0155096 0.0430075 0.0310192 0.0102466
2 0.740373 0.0354261 0.028334 0.0188942 0.0101967
2 0.281918 0.00506359 0.0298027 0.0101272 0.0101327
2 0.442087 0.324548 0.0592001 0.0865257 0.00999024
2 0.79089 0.0430426 0.012536 0.0184953 0.00995434
2 0.746495 0.0596074 0.0443105 0.0440152 0.00971896
2 0.0551685 0.0609776 0.110337 0.0463623 0.00965974
7 0.861574 0.0282734 0.0277454 0.0386661 0.00965358
2 0.744225 0.0663918 0.0390673 0.0372327 0.00959115
2 0.818565 0.0125675 0.0357548 0.0249495 0.00958393
61 0.757592 0.929493 0.297689 0.140134 0.00952756
5 0.877605 0.0308966 0.0520447 0.0608878 0.00943034
2 0.445058 0.324276 0.0655493 0.088118 0.00932615
2 0.858139 0.207806 0.0147858 0.0350362 0.00926047
2 0.091561 0.0525919 0.0370633 0.0290338 0.00914322
2 0.303437 0.288441 0.0934069 0.0910998 0.00881633
2 0.592521 0.211575 0.0172674 0.0273543 0.00859494
0 0.258963 0.00567511 0.0233943 0.0112971 0.00848736
2 0.0553607 0.0574704 0.10654 0.0396199 0.00848687
2 0.827731 0.00838306 0.027211 0.0165575 0.00841965
2 0.502204 0.159907 0.0262032 0.0240202 0.00808636
61 0.759322 0.929093 0.298505 0.140994 0.00800786
2 0.774456 0.0575166 0.0309435 0.0362408 0.00798973
5 0.903526 0.0332004 0.0396523 0.0414086 0.00798392
2 0.0532375 0.0597328 0.106475 0.0426403 0.00769326
2 0.907354 0.020934 0.0317694 0.0378853 0.00765277
5 0.924508 0.0251965 0.0327339 0.0503931 0.00757772
5 0.756488 0.0250949 0.0222593 0.0398774 0.00728302
2 0.727039 0.0368357 0.0208506 0.0214303 0.00725823
2 0.464232 0.293177 0.0691605 0.0517765 0.00711171
5 0.456757 0.317713 0.0892612 0.097548 0.00703486
2 0.0842573 0.0528788 0.0420975 0.0288907 0.00696326
0 0.860703 0.207489 0.0184578 0.0372725 0.00679748
2 0.653389 0.0931515 0.0608824 0.0518461 0.00675354
2 0.271785 0.00586448 0.0468208 0.0117176 0.00654542
2 0.0533693 0.0619193 0.106739 0.045989 0.00649301
5 0.793514 0.0120774 0.0360658 0.0241547 0.0064492
