2 0.554031 0.69998 0.22956 0.244421 0.921909
2 0.55369 0.699835 0.22956 0.244343 0.920308
2 0.554091 0.699582 0.230472 0.243394 0.90814
2 0.553694 0.699804 0.229317 0.243361 0.901315
2 0.55427 0.699062 0.229329 0.243581 0.896653
2 0.553997 0.699644 0.229786 0.242919 0.894345
2 0.471843 0.414127 0.209213 0.153649 0.890142
2 0.55437 0.700623 0.229382 0.244507 0.885658
2 0.554435 0.700175 0.229739 0.245124 0.882314
2 0.55412 0.699377 0.22998 0.24509 0.88166
2 0.472019 0.414333 0.20841 0.152995 0.880696
2 0.554425 0.699512 0.230597 0.244973 0.864254
2 0.472028 0.41463 0.208193 0.153731 0.862245
2 0.471711 0.414275 0.210349 0.153578 0.846045
2 0.47186 0.414631 0.208345 0.152716 0.827267
2 0.471762 0.414 0.208475 0.153211 0.818655
2 0.676795 0.263468 0.169772 0.0972984 0.793436
2 0.676549 0.263053 0.169815 0.0963875 0.785926
2 0.676706 0.263688 0.168085 0.0962273 0.76931
2 0.676432 0.263234 0.169178 0.0969175 0.769079
2 0.961075 0.330638 0.0768881 0.114527 0.759883
2 0.676471 0.263496 0.169387 0.0967478 0.759003
2 0.960961 0.330293 0.0769798 0.114338 0.74695
2 0.676691 0.262766 0.168832 0.0952138 0.73445
2 0.960979 0.329823 0.0770372 0.113547 0.722121
2 0.961017 0.330575 0.0769577 0.114865 0.718622
7 0.313236 0.194062 0.164957 0.131448 0.715687
2 0.961533 0.329909 0.0764822 0.113379 0.711502
2 0.676648 0.263332 0.169139 0.0963563 0.706294
2 0.961257 0.330296 0.0764957 0.11407 0.706185
2 0.67707 0.263412 0.169528 0.0970734 0.705845
2 0.961281 0.330282 0.0769449 0.114475 0.705613
2 0.676711 0.263493 0.168684 0.0968842 0.699174
2 0.96123 0.329771 0.0769833 0.112917 0.689715
0 0.0578446 0.370524 0.027789 0.107525 0.684437
2 0.961162 0.329906 0.076693 0.113495 0.67978
2 0.959669 0.143927 0.0800995 0.076501 0.675503
0 0.0583299 0.371507 0.02936 0.108519 0.668503
7 0.312911 0.193764 0.165964 0.130827 0.666893
2 0.959952 0.144523 0.0790787 0.0755853 0.665449
7 0.31306 0.193683 0.165853 0.131794 0.658493
2 0.676748 0.263907 0.167395 0.0965629 0.656464
7 0.313806 0.193102 0.165927 0.133281 0.655684
7 0.314062 0.192659 0.164972 0.134165 0.653169
2 0.960001 0.144417 0.0789267 0.0755936 0.651321
2 0.96007 0.144605 0.0789902 0.0752494 0.65041
7 0.313501 0.194255 0.16535 0.132191 0.650013
0 0.0582016 0.37074 0.0280282 0.108369 0.638907
2 0.960028 0.144653 0.079207 0.0752182 0.632113
0 0.20721 0.395892 0.0518994 0.134422 0.620786
2 0.959929 0.144486 0.0795988 0.0756201 0.594341
0 0.0579685 0.370867 0.0298977 0.108182 0.59357
0 0.0585204 0.371441 0.0287783 0.108034 0.593003
2 0.959712 0.143969 0.0797455 0.0763408 0.591029
0 0.0588243 0.371283 0.0313045 0.108033 0.590723
2 0.95994 0.144353 0.0793295 0.0763865 0.589204
0 0.207252 0.396369 0.0521569 0.133262 0.587673
0 0.207487 0.39626 0.0529881 0.133538 0.573961
2 0.960086 0.143675 0.0798291 0.0757251 0.563208
0 0.0575358 0.372054 0.0284465 0.106212 0.55402
0 0.207059 0.395972 0.0520648 0.134269 0.535428
2 0.471954 0.414398 0.209322 0.155441 0.533049
0 0.207341 0.396146 0.0523438 0.134197 0.530641
7 0.313664 0.193758 0.165694 0.131956 0.493386
0 0.403105 0.115368 0.0173002 0.0559019 0.487439
2 0.472419 0.414448 0.206518 0.153383 0.480964
0 0.206779 0.395545 0.0525649 0.13421 0.479765
7 0.312629 0.194011 0.163565 0.132078 0.474964
0 0.207489 0.39693 0.0538613 0.132505 0.443429
0 0.402618 0.116094 0.0177459 0.0556108 0.438964
0 0.0582835 0.369811 0.0283558 0.105438 0.438149
2 0.959949 0.145007 0.0793266 0.0739483 0.415733
0 0.0785997 0.367031 0.0222647 0.093445 0.409551
0 0.207118 0.396116 0.0517448 0.134569 0.40944
2 0.566899 0.143718 0.0820862 0.0611065 0.370324
2 0.566636 0.14268 0.0827271 0.063578 0.368107
0 0.403004 0.11505 0.0171217 0.056798 0.356338
2 0.565646 0.144155 0.0833576 0.0609998 0.34332
2 0.56841 0.143938 0.0789897 0.0591206 0.327279
0 0.078857 0.367681 0.0219366 0.0935878 0.324199
2 0.471824 0.41427 0.21036 0.154056 0.321928
2 0.567949 0.14581 0.0790875 0.0555233 0.320374
0 0.0778519 0.366536 0.0216286 0.0909524 0.31452
2 0.566553 0.144923 0.0825747 0.0586932 0.309284
0 0.207415 0.40038 0.0508328 0.124693 0.308758
2 0.715715 0.140698 0.0722036 0.0643022 0.300339
2 0.713922 0.142446 0.0771704 0.0671401 0.277962
2 0.714651 0.142809 0.0741925 0.0673185 0.276248
0 0.00789628 0.358332 0.015778 0.102523 0.274796
2 0.713221 0.142763 0.0768305 0.0660193 0.271483
2 0.71584 0.141072 0.0741439 0.0677043 0.268685
0 0.20663 0.399848 0.0501469 0.12591 0.261942
2 0.960067 0.143876 0.078879 0.0739111 0.247916
0 0.0769115 0.366315 0.0206271 0.0886459 0.245674
2 0.714081 0.142991 0.0751126 0.0664347 0.24557
0 0.00713391 0.354953 0.0142678 0.111687 0.233042
7 0.313563 0.194033 0.165499 0.130686 0.227433
0 0.664193 0.533466 0.0554487 0.182109 0.222756
2 0.472295 0.415583 0.208032 0.154255 0.218562
2 0.715809 0.141192 0.0747711 0.0673745 0.211045
2 0.568354 0.144437 0.0772032 0.0563375 0.204411
0 0.0572306 0.371279 0.0298322 0.108327 0.200181
0 0.677947 0.488837 0.0256465 0.0975321 0.197184
0 0.00807068 0.359869 0.0161414 0.100863 0.196921
2 0.96132 0.329513 0.0764744 0.114321 0.196699
2 0.715122 0.141471 0.0738785 0.0684654 0.195556
0 0.0798528 0.368542 0.0219885 0.097649 0.188813
0 0.401831 0.115281 0.0191957 0.0569162 0.185597
0 0.0604297 0.369418 0.0319925 0.104101 0.179071
0 0.665425 0.53227 0.0528079 0.182322 0.175175
0 0.00865574 0.35944 0.0171823 0.105686 0.168937
0 0.064516 0.369375 0.0308929 0.103178 0.167916
0 0.66466 0.532401 0.0546205 0.182916 0.164651
2 0.568218 0.145807 0.0758321 0.0534091 0.161397
0 0.402039 0.115387 0.0196939 0.0571957 0.161171
0 0.00861463 0.357176 0.0170225 0.108869 0.16105
2 0.564671 0.14153 0.0867244 0.0673682 0.160548
0 0.00895296 0.349273 0.0177636 0.124774 0.157694
0 0.677664 0.491175 0.0259256 0.102155 0.157208
0 0.663643 0.531787 0.04606 0.181828 0.156038
0 0.0102467 0.307441 0.0203151 0.0822183 0.14086
2 0.715361 0.141444 0.0747067 0.0682132 0.14028
2 0.566909 0.138787 0.0836802 0.0706106 0.129424
0 0.664967 0.532493 0.0532711 0.183181 0.122923
0 0.401847 0.115497 0.0192221 0.0572386 0.120919
2 0.716269 0.143376 0.0690833 0.0666742 0.118907
2 0.953604 0.132665 0.0646576 0.0555678 0.11802
2 0.382908 0.2155 0.0298346 0.0458665 0.116737
2 0.568712 0.143947 0.0770124 0.0577358 0.116017
0 0.667987 0.531839 0.0476574 0.183798 0.114803
2 0.471757 0.415541 0.207467 0.151207 0.10921
0 0.00944964 0.329067 0.0188778 0.126505 0.108947
0 0.0768861 0.361109 0.0188432 0.0796086 0.108813
0 0.0792771 0.368639 0.0221837 0.0968749 0.105954
9 0.448087 0.0542836 0.0128629 0.0211819 0.104391
2 0.561944 0.139902 0.0918489 0.0696939 0.102879
0 0.0109484 0.298618 0.0218047 0.0629825 0.102107
2 0.819739 0.161992 0.0392235 0.0362054 0.0999158
7 0.313503 0.192738 0.164504 0.13162 0.0995232
0 0.0101845 0.314794 0.020369 0.0959144 0.0994556
2 0.82875 0.160303 0.0580597 0.0368742 0.0987215
9 0.461825 0.0631572 0.0141636 0.0319678 0.0975779
2 0.384222 0.215238 0.0280402 0.0432551 0.0967517
0 0.0101504 0.298315 0.0203008 0.0616426 0.0960635
0 0.436696 0.119926 0.0172211 0.0577617 0.0957591
2 0.824476 0.16025 0.0501947 0.0368134 0.095564
0 0.207303 0.386019 0.0498933 0.0988481 0.0943096
0 0.665458 0.531651 0.0529537 0.183748 0.094216
0 0.00536092 0.352628 0.0107218 0.116547 0.0937695
2 0.829291 0.15775 0.0592752 0.0389312 0.0907053
0 0.00802637 0.349782 0.0159934 0.084892 0.088995
7 0.219491 0.144323 0.0893254 0.116821 0.0872465
2 0.953019 0.13203 0.0618027 0.0539776 0.086819
0 0.0103262 0.298075 0.0206523 0.0649406 0.0847277
0 0.436571 0.119505 0.0177558 0.0578555 0.0846351
0 0.99477 0.0897624 0.009758 0.0386798 0.0845506
2 0.952344 0.133625 0.0645031 0.056904 0.0842448
0 0.438157 0.119652 0.0167549 0.0590865 0.0837181
2 0.961852 0.330429 0.0762952 0.110591 0.0831414
2 0.823637 0.160423 0.0464287 0.0349917 0.0810648
0 0.43819 0.119223 0.0161915 0.0577655 0.0805672
2 0.82755 0.161208 0.0561977 0.0363336 0.0801057
0 0.438613 0.120424 0.0172768 0.0583667 0.0796407
2 0.829771 0.148401 0.063293 0.053876 0.0786429
0 0.66508 0.53191 0.054528 0.184144 0.0775067
2 0.959704 0.14371 0.0790531 0.0747383 0.0771487
0 0.332071 0.119595 0.0147016 0.0262152 0.0758643
9 0.464367 0.0631471 0.0132442 0.0297163 0.075745
2 0.944129 0.0807329 0.0420773 0.0290352 0.0753389
0 0.4361 0.119946 0.0186943 0.0581934 0.0725363
0 0.437628 0.120475 0.0156569 0.056254 0.0712899
0 0.677867 0.488868 0.024881 0.0996437 0.0692715
0 0.673809 0.530788 0.0359108 0.183182 0.0683795
2 0.568617 0.142215 0.0788353 0.0644012 0.0681037
7 0.226157 0.150165 0.0724157 0.112374 0.0677117
9 0.452949 0.0601053 0.0122341 0.0291237 0.0658445
0 0.676863 0.530246 0.0292098 0.182478 0.0649908
2 0.71582 0.141112 0.0726233 0.0658652 0.0649193
9 0.780789 0.0862549 0.0149181 0.0242817 0.0638519
2 0.816405 0.161311 0.0346706 0.0351551 0.063282
2 0.945746 0.0785532 0.0407948 0.0249648 0.0630597
2 0.382426 0.213038 0.0309657 0.0485129 0.0624472
0 0.19317 0.281143 0.0267349 0.0875659 0.0612015
0 0.0113954 0.299531 0.0227907 0.0687094 0.0599254
2 0.830265 0.143551 0.0643657 0.0581413 0.0584049
0 0.405743 0.114219 0.0199238 0.0611816 0.0582357
2 0.384118 0.213971 0.0294467 0.0443969 0.0579183
7 0.224451 0.150186 0.078291 0.109655 0.0575583
0 0.0770748 0.368096 0.028081 0.101183 0.0568749
2 0.829616 0.157263 0.0586662 0.0366067 0.0563887
0 0.0571858 0.371563 0.0298439 0.108591 0.0563103
7 0.223223 0.151117 0.0790146 0.109109 0.0549321
0 0.404185 0.113818 0.0174234 0.0593193 0.0546675
0 0.034704 0.288998 0.0201949 0.0746983 0.0544539
0 0.191008 0.262111 0.0225752 0.050902 0.054427
2 0.83081 0.14386 0.0634773 0.0558376 0.0540637
2 0.831779 0.140931 0.065134 0.0563059 0.0531158
2 0.214693 0.186907 0.0366406 0.0432145 0.0530964
2 0.918621 0.0626635 0.0311493 0.0241095 0.0526655
0 0.623946 0.280353 0.0212888 0.048845 0.0525691
2 0.81639 0.162017 0.0342121 0.0355862 0.0521466
7 0.22525 0.15189 0.0751038 0.109614 0.0501731
0 0.662943 0.534091 0.0578453 0.182245 0.049607
7 0.223795 0.151053 0.0807027 0.109803 0.0494653
2 0.704444 0.142836 0.0615541 0.0644894 0.0488908
0 0.207541 0.401606 0.0513925 0.120855 0.0486549
9 0.461642 0.0628409 0.0140944 0.0299822 0.0486049
0 0.480435 0.37977 0.0278835 0.0243999 0.0479791
2 0.949073 0.0778774 0.0388506 0.022457 0.0479549
0 0.0346966 0.290865 0.0207733 0.0707998 0.0477777
2 0.471449 0.414173 0.209586 0.154037 0.0476715
0 0.438505 0.119589 0.0165844 0.06066 0.0473676
9 0.463707 0.0639981 0.0137237 0.0297611 0.0470613
0 0.209288 0.34807 0.0564526 0.233893 0.0462445
2 0.900748 0.371237 0.062183 0.024505 0.046124
0 0.406009 0.114436 0.0199745 0.0609328 0.0460482
0 0.402958 0.116824 0.0197068 0.0580769 0.0458505
0 0.191495 0.267285 0.0227363 0.0574546 0.0457162
2 0.376805 0.210974 0.0426228 0.0524027 0.0451039
2 0.707925 0.156332 0.0468714 0.0414051 0.0449742
0 0.0359324 0.289355 0.0169232 0.0743844 0.0448756
0 0.173023 0.161478 0.0146297 0.0417518 0.044336
9 0.654065 0.459873 0.0137039 0.0259555 0.0438223
0 0.222203 0.376832 0.0205998 0.052834 0.0436973
2 0.706421 0.15948 0.0411875 0.0353283 0.0431425
9 0.448693 0.0542382 0.014341 0.0254091 0.0420157
26 0.19394 0.384324 0.0231953 0.0346479 0.0418181
26 0.222897 0.37319 0.0204768 0.0553478 0.0415157
0 0.208875 0.346337 0.0577187 0.231796 0.0414726
2 0.902644 0.0661635 0.0653603 0.0348207 0.0413535
9 0.422371 0.0130894 0.0167456 0.0260555 0.0406785
0 0.655561 0.540361 0.03551 0.171955 0.0404169
0 0.623889 0.280667 0.0212655 0.0481163 0.0403278
2 0.921328 0.0597607 0.0352943 0.0266304 0.0402254
2 0.214067 0.17812 0.0386388 0.0617903 0.0401271
2 0.954282 0.123478 0.0626987 0.0367881 0.0395475
2 0.370677 0.209864 0.0555531 0.0633394 0.0388292
9 0.420716 0.0115263 0.0137136 0.0230292 0.0386559
0 0.0114875 0.298369 0.022975 0.0638228 0.0386401
0 0.190829 0.262897 0.0216265 0.0500505 0.0382032
0 0.193736 0.296689 0.0278933 0.118174 0.0381817
0 0.191362 0.261361 0.024021 0.0502017 0.0381608
2 0.957483 0.0624317 0.0360851 0.0406897 0.0380844
0 0.208963 0.382636 0.0545652 0.16203 0.0380101
9 0.780212 0.091043 0.0168463 0.0301367 0.0379049
0 0.0336531 0.287052 0.0179865 0.078004 0.0377203
0 0.656885 0.491463 0.0230295 0.0862101 0.0373982
26 0.192615 0.381748 0.0209134 0.0398984 0.0369383
0 0.436419 0.120827 0.0171293 0.0559596 0.0367295
2 0.828457 0.160128 0.0549374 0.0381147 0.0361569
0 0.0650539 0.290203 0.0191859 0.0385843 0.0360375
2 0.71627 0.13941 0.0762934 0.0692788 0.0360346
2 0.713797 0.139573 0.0773906 0.0672758 0.0359765
0 0.332275 0.118214 0.0154531 0.0287503 0.0356603
2 0.214175 0.187079 0.0346887 0.0426051 0.0356359
0 0.0663594 0.299964 0.0198424 0.0451951 0.0351159
7 0.221389 0.150271 0.0824875 0.109734 0.0350467
0 0.0377044 0.295144 0.0130223 0.062017 0.0347521
2 0.867231 0.13257 0.0401482 0.0385181 0.034632
2 0.706528 0.157979 0.041882 0.0366962 0.034421
0 0.487037 0.377368 0.0260951 0.0282021 0.0342083
0 0.332673 0.124048 0.0164489 0.0358726 0.0342019
2 0.954832 0.064895 0.037723 0.0428741 0.0341557
2 0.871506 0.120097 0.0459721 0.0633292 0.0339069
0 0.623224 0.28297 0.0206331 0.0432833 0.0337596
2 0.827831 0.156599 0.0567949 0.0381531 0.0334989
7 0.714304 0.140486 0.075741 0.0680898 0.0334843
2 0.9198 0.0612717 0.0317574 0.0243086 0.0331345
0 0.209342 0.401478 0.0446439 0.123683 0.0327935
0 0.677677 0.490788 0.0240363 0.0991738 0.0323432
0 0.0117758 0.304487 0.0235516 0.0743228 0.0321687
0 0.0332322 0.2747 0.0156408 0.0574184 0.0319181
2 0.383013 0.212944 0.0314876 0.0480951 0.0318671
0 0.0653424 0.17291 0.0236573 0.0466728 0.0318181
0 0.677416 0.52765 0.023624 0.178887 0.0314029
0 0.625188 0.276357 0.0199184 0.0436275 0.0312418
2 0.86769 0.131474 0.0371351 0.0392049 0.0311615
12 0.657464 0.497782 0.0227735 0.0900391 0.0310974
0 0.220945 0.368589 0.0224772 0.0685803 0.0309047
2 0.963732 0.0614108 0.02223 0.0374281 0.0307741
0 0.994248 0.0877998 0.0108311 0.0413876 0.0305642
0 0.0332741 0.264581 0.0132134 0.0391173 0.030538
2 0.959621 0.143582 0.0800678 0.0759952 0.0303696
0 0.194638 0.30563 0.0291774 0.135469 0.0303406
0 0.0634692 0.27046 0.0194668 0.0630023 0.0301365
0 0.664013 0.545056 0.0535881 0.160362 0.0297525
0 0.623237 0.281097 0.0219584 0.0467354 0.0296343
2 0.830472 0.14466 0.0614662 0.0596667 0.0294793
2 0.214515 0.187321 0.0354261 0.0426996 0.0294072
0 0.67582 0.532153 0.027972 0.179231 0.0293145
0 0.190254 0.264116 0.0214145 0.0483322 0.029241
0 0.0444358 0.289833 0.0202172 0.0673221 0.0291516
0 0.0437344 0.291885 0.0195639 0.0688336 0.0290721
0 0.193382 0.29035 0.0268872 0.0994436 0.0287426
0 0.206053 0.409687 0.0479371 0.105927 0.0287233
2 0.707167 0.140316 0.0712108 0.0590432 0.028715
0 0.677172 0.49076 0.0270632 0.101583 0.0286323
0 0.204511 0.371341 0.0435826 0.070157 0.0285551
0 0.221168 0.370843 0.0210921 0.0611832 0.0284585
2 0.554593 0.123217 0.0551858 0.0473107 0.0282537
