2 0.246301 0.403548 0.107811 0.0793434 0.835688
2 0.246136 0.403803 0.106999 0.0792698 0.833062
2 0.246368 0.40365 0.107476 0.0797412 0.818727
2 0.762612 0.281014 0.053895 0.0603652 0.808273
2 0.382813 0.33239 0.0909895 0.0809582 0.807447
2 0.382945 0.33239 0.0912124 0.0807847 0.801843
2 0.246195 0.403533 0.108601 0.0793808 0.800695
2 0.383358 0.332446 0.0916868 0.0812341 0.80016
2 0.0596613 0.501383 0.11889 0.101324 0.794848
2 0.76279 0.28115 0.05352 0.0611889 0.794818
2 0.0597052 0.501342 0.119082 0.100542 0.793949
5 0.312483 0.163665 0.154548 0.0978728 0.793823
2 0.246141 0.403603 0.108386 0.0796048 0.792858
2 0.762796 0.2818 0.0534031 0.0592867 0.790531
2 0.383459 0.33245 0.0918733 0.0810593 0.788859
2 0.246028 0.40368 0.108527 0.0798193 0.786599
2 0.762822 0.281038 0.0536235 0.0601356 0.780072
2 0.383001 0.332512 0.0913861 0.0817928 0.779205
2 0.0600196 0.501328 0.119736 0.100856 0.777897
2 0.0598758 0.501049 0.119457 0.101727 0.775997
2 0.762736 0.281569 0.0531921 0.059746 0.77452
2 0.246243 0.403629 0.107057 0.0802863 0.772412
2 0.0601938 0.501469 0.120023 0.10121 0.771701
2 0.463536 0.291693 0.074011 0.0521 0.770899
5 0.311855 0.160904 0.152403 0.102467 0.770515
2 0.463152 0.292087 0.0742258 0.0543566 0.769241
2 0.246071 0.40387 0.108332 0.0803075 0.763575
2 0.383196 0.33217 0.092677 0.0817887 0.759948
2 0.549876 0.498313 0.097648 0.130413 0.75859
2 0.549717 0.498391 0.0974639 0.129666 0.755552
2 0.383373 0.332678 0.0910383 0.0814905 0.744595
2 0.383135 0.332039 0.0923521 0.0811645 0.744417
2 0.463519 0.291869 0.0744133 0.0531172 0.743915
2 0.246231 0.40384 0.10789 0.0796856 0.741912
5 0.312813 0.167302 0.153026 0.0936347 0.739833
2 0.463148 0.29191 0.0739883 0.0537478 0.738964
5 0.31207 0.164119 0.152847 0.0976593 0.736851
2 0.762856 0.280723 0.0534473 0.0612781 0.734259
2 0.549864 0.498645 0.0976582 0.129605 0.729162
2 0.837549 0.243881 0.052862 0.0512632 0.724855
5 0.312629 0.161029 0.151553 0.102031 0.724471
5 0.312082 0.166344 0.153163 0.0941907 0.722962
2 0.448244 0.200539 0.075996 0.0480408 0.717364
2 0.549898 0.498543 0.0979939 0.130184 0.715638
2 0.550117 0.498356 0.0969749 0.12974 0.706711
2 0.837446 0.244186 0.052626 0.0509965 0.69965
2 0.447967 0.201036 0.0735148 0.04722 0.699525
2 0.0600425 0.501127 0.119966 0.100518 0.698998
2 0.44745 0.200928 0.075 0.0466961 0.697447
2 0.059995 0.501404 0.11999 0.101544 0.690591
2 0.0600697 0.501251 0.119097 0.101568 0.685915
5 0.312882 0.163866 0.151523 0.0981834 0.685552
2 0.550052 0.498617 0.0975761 0.129824 0.684253
2 0.550005 0.498654 0.0971453 0.129904 0.677119
2 0.83733 0.244302 0.0529423 0.0511263 0.675125
2 0.837627 0.244108 0.0529808 0.0505715 0.656957
2 0.837701 0.244491 0.0529411 0.051916 0.656299
2 0.549845 0.498384 0.0978372 0.130741 0.645359
2 0.246339 0.403695 0.107494 0.0798794 0.637717
2 0.0600267 0.50137 0.119515 0.101015 0.636242
2 0.448902 0.20096 0.0733658 0.0470056 0.634851
5 0.312599 0.162269 0.151741 0.100854 0.627626
2 0.837485 0.244383 0.0527649 0.0511388 0.621755
2 0.45491 0.35157 0.0820695 0.0719302 0.621472
2 0.762461 0.281089 0.0547001 0.060137 0.609982
2 0.777567 0.172508 0.0611122 0.0316249 0.607588
2 0.778833 0.172265 0.0605947 0.0312374 0.606775
2 0.463578 0.290994 0.0735634 0.0528677 0.604418
2 0.778047 0.172589 0.0606604 0.0312546 0.595242
2 0.448372 0.200988 0.0716936 0.0460812 0.592992
2 0.778404 0.172313 0.0608145 0.0312984 0.587055
2 0.455183 0.352074 0.0817282 0.0735317 0.583321
5 0.312718 0.159474 0.15187 0.104561 0.575672
2 0.762532 0.28109 0.0547215 0.060301 0.574755
2 0.542367 0.25595 0.0486082 0.0527209 0.57127
2 0.549686 0.498411 0.0972131 0.129685 0.566159
2 0.506341 0.248598 0.0454046 0.0527286 0.564524
2 0.506125 0.248792 0.0458677 0.0531395 0.553866
2 0.542161 0.255317 0.0488245 0.0538177 0.536864
2 0.454715 0.351726 0.0817499 0.0732511 0.535733
2 0.777178 0.173032 0.0613319 0.0330905 0.530806
2 0.542267 0.254793 0.0492506 0.0552279 0.528854
2 0.463288 0.291912 0.0748192 0.0553068 0.522058
2 0.448317 0.200975 0.0723554 0.0478294 0.521868
2 0.463301 0.29111 0.0729046 0.05319 0.520362
2 0.582372 0.275441 0.0620853 0.0552497 0.519932
2 0.463397 0.291344 0.0745829 0.052649 0.495657
2 0.77815 0.172525 0.0615848 0.032266 0.491995
2 0.762578 0.281006 0.0544371 0.0605013 0.487078
2 0.383914 0.332224 0.0924249 0.0820387 0.487052
2 0.447851 0.200843 0.0752617 0.0472781 0.485732
2 0.455585 0.351846 0.0822245 0.0746645 0.485635
2 0.456033 0.351138 0.0822783 0.0726269 0.485231
2 0.254643 0.220565 0.0576831 0.0460149 0.480072
2 0.505967 0.248677 0.0442764 0.0519479 0.473586
2 0.737916 0.162928 0.0408802 0.0300136 0.465275
2 0.779408 0.171831 0.0595657 0.0320212 0.464211
2 0.506142 0.248751 0.0454178 0.0526196 0.462413
2 0.506347 0.248892 0.0457461 0.0520152 0.458796
0 0.720825 0.237549 0.0194093 0.0432043 0.450448
2 0.582148 0.275428 0.0617542 0.0546257 0.445734
2 0.506762 0.248782 0.0454867 0.0529268 0.445679
2 0.837644 0.244284 0.0540272 0.0525025 0.440247
5 0.311846 0.161094 0.156083 0.105255 0.439123
2 0.582062 0.273293 0.0618871 0.0525514 0.438508
2 0.447138 0.200659 0.0758341 0.0469943 0.432627
2 0.506143 0.249418 0.045772 0.0524931 0.429605
2 0.447586 0.201296 0.073196 0.0473979 0.419397
2 0.665384 0.216008 0.0348777 0.0455558 0.417784
2 0.255836 0.219025 0.0585317 0.0434333 0.412085
2 0.862634 0.171522 0.0420479 0.0308732 0.411547
2 0.928329 0.237757 0.0429333 0.0572925 0.408211
0 0.721174 0.237941 0.0196445 0.0438917 0.399437
2 0.916553 0.206981 0.0784088 0.0566474 0.397461
2 0.506442 0.248208 0.04589 0.0527181 0.390437
2 0.25532 0.21966 0.0574719 0.0442416 0.378725
2 0.665398 0.217058 0.0362358 0.041853 0.377684
2 0.862686 0.171159 0.0433746 0.0307754 0.374534
2 0.542554 0.257507 0.0495369 0.0498744 0.372817
2 0.861631 0.171444 0.0425701 0.0302975 0.366327
2 0.976108 0.267717 0.0465752 0.0606909 0.365249
2 0.861594 0.171094 0.0427277 0.0303036 0.361549
0 0.62626 0.295777 0.0189859 0.0613356 0.360565
2 0.0594199 0.501111 0.118546 0.10138 0.359567
2 0.916383 0.206596 0.0789749 0.0586662 0.358991
2 0.541401 0.256436 0.0480436 0.0506734 0.355479
9 0.558296 0.0982634 0.0179354 0.0221319 0.352961
2 0.737116 0.163667 0.0415051 0.0300755 0.350849
2 0.463044 0.29164 0.0748827 0.052944 0.350533
2 0.976979 0.319609 0.0451828 0.0899496 0.348757
2 0.255489 0.219901 0.0592462 0.0448927 0.347858
2 0.914003 0.206402 0.0750195 0.058803 0.339989
2 0.976068 0.267421 0.0469564 0.0604504 0.336292
3 0.0718458 0.798027 0.0842814 0.170448 0.331674
5 0.312091 0.1585 0.154636 0.101124 0.331392
2 0.27771 0.210116 0.0683497 0.0375279 0.331336
2 0.582137 0.27375 0.0614288 0.0520687 0.331073
2 0.914125 0.206576 0.0759937 0.0579687 0.329833
2 0.255499 0.222294 0.0573733 0.04944 0.32829
2 0.541429 0.255133 0.0486 0.0560172 0.326841
3 0.3337 0.533917 0.0396997 0.0698905 0.32646
2 0.542624 0.255459 0.0495927 0.0552159 0.320421
2 0.293163 0.210723 0.0370394 0.0366683 0.320002
2 0.928742 0.238428 0.0461739 0.0557321 0.317066
2 0.45635 0.351686 0.0834799 0.0725643 0.313806
2 0.862185 0.171024 0.0414251 0.0320137 0.313066
2 0.860419 0.170475 0.0466873 0.0311496 0.311466
0 0.721186 0.236575 0.0197289 0.0423514 0.310033
2 0.977016 0.314246 0.0452806 0.0956579 0.308481
2 0.737711 0.16291 0.0429527 0.0308798 0.304941
2 0.97674 0.306942 0.045425 0.129229 0.304847
2 0.622864 0.205587 0.0307321 0.0425565 0.302787
0 0.625629 0.296199 0.0199217 0.0611318 0.300315
2 0.447258 0.199463 0.0755382 0.0478077 0.299861
2 0.837887 0.244034 0.0534504 0.05152 0.298617
2 0.737165 0.164 0.0418832 0.0310538 0.298351
2 0.665245 0.216781 0.0342731 0.0426007 0.295076
2 0.916071 0.206796 0.0786383 0.0562183 0.292319
3 0.0720106 0.797988 0.0841317 0.170251 0.29031
9 0.621956 0.0553298 0.0121628 0.0169078 0.290131
2 0.455074 0.350945 0.0828472 0.072018 0.287342
2 0.665809 0.214645 0.0358088 0.0471824 0.28638
2 0.582745 0.273065 0.0595115 0.0504136 0.286002
2 0.0265273 0.218576 0.0530327 0.0301096 0.285507
2 0.455268 0.351763 0.0822849 0.0719999 0.285133
0 0.720873 0.239058 0.0204035 0.0467467 0.284909
2 0.948117 0.234705 0.0824921 0.0658386 0.284401
2 0.927415 0.238018 0.042205 0.0597306 0.276364
2 0.737143 0.163871 0.0428588 0.0322244 0.275475
2 0.456192 0.352506 0.0825205 0.0749765 0.27439
0 0.567634 0.316253 0.0261353 0.0692294 0.273691
9 0.558335 0.0979875 0.017941 0.0219934 0.270118
2 0.25476 0.221682 0.0569341 0.0498481 0.270049
2 0.91442 0.206427 0.0778488 0.0579642 0.269522
2 0.584318 0.274973 0.0582934 0.0537333 0.268616
2 0.293517 0.210231 0.0396879 0.0370865 0.26848
0 0.626375 0.298507 0.0187931 0.0587798 0.266334
2 0.779041 0.171621 0.0597914 0.0334052 0.266066
2 0.976692 0.303361 0.0455128 0.134794 0.264048
2 0.42644 0.192753 0.0577659 0.048032 0.260223
0 0.62597 0.295447 0.0205156 0.0621681 0.259588
2 0.453515 0.352982 0.0796155 0.0726589 0.256884
2 0.969621 0.18021 0.0374405 0.0338083 0.256288
2 0.915885 0.206385 0.0792311 0.0585248 0.254497
2 0.914231 0.206718 0.0771379 0.0590475 0.25241
2 0.92649 0.238386 0.0376593 0.0571504 0.251838
2 0.294358 0.210657 0.0374949 0.0363629 0.251235
2 0.277199 0.210396 0.0723114 0.0366668 0.250958
2 0.976846 0.319895 0.045686 0.0910701 0.250467
2 0.463511 0.291219 0.073809 0.0505221 0.248248
0 0.626634 0.295643 0.0178475 0.0612526 0.247871
0 0.720665 0.239225 0.0217964 0.0474857 0.246066
2 0.581998 0.273598 0.0619389 0.0537554 0.245944
2 0.968435 0.180788 0.0409122 0.035173 0.245124
2 0.0265892 0.219245 0.0531783 0.0311933 0.244999
2 0.925967 0.239001 0.0374025 0.0542548 0.244398
9 0.508893 0.0564431 0.0148548 0.0186408 0.243809
0 0.341006 0.496448 0.0372362 0.0544188 0.241541
2 0.505988 0.249582 0.0453986 0.0507236 0.241426
2 0.665351 0.21716 0.0352358 0.0420869 0.238274
2 0.582317 0.274249 0.0618275 0.0539107 0.236927
2 0.97686 0.319515 0.0450804 0.0843325 0.235899
2 0.975483 0.266372 0.0477383 0.0575471 0.235434
2 0.0265109 0.218303 0.0529249 0.0318177 0.234525
3 0.333814 0.532563 0.0398492 0.0699456 0.23223
2 0.587694 0.231481 0.0475327 0.0462441 0.231913
2 0.257088 0.219352 0.0609169 0.0467317 0.229093
0 0.625447 0.298586 0.0203097 0.0589358 0.22907
2 0.705796 0.146859 0.03314 0.0291439 0.227494
3 0.0713239 0.812679 0.082251 0.137055 0.22586
2 0.705384 0.146761 0.0325696 0.0298711 0.223911
2 0.541801 0.254492 0.0474361 0.05346 0.223471
2 0.976455 0.302071 0.0461452 0.137218 0.222546
2 0.666207 0.217082 0.0359386 0.0441975 0.219802
2 0.0269715 0.221207 0.0539429 0.0344459 0.218688
2 0.464276 0.291772 0.076177 0.0531652 0.216738
7 0.157665 0.196111 0.0646795 0.0608663 0.215981
2 0.976957 0.31713 0.0454817 0.0834047 0.215879
2 0.9763 0.267537 0.0467228 0.0611737 0.212246
3 0.332868 0.535524 0.0395416 0.068849 0.211018
7 0.158823 0.199643 0.0688066 0.0686975 0.210415
2 0.975938 0.267271 0.0476002 0.0605701 0.210046
2 0.424415 0.190668 0.0563329 0.0460708 0.209669
0 0.480568 0.377369 0.0218101 0.060644 0.208457
2 0.255051 0.221247 0.0589607 0.0491437 0.20794
2 0.0272984 0.220343 0.0545969 0.0352853 0.204599
2 0.0814186 0.216351 0.0580278 0.0380839 0.203344
2 0.440628 0.352656 0.0540549 0.0700008 0.20179
2 0.976376 0.268755 0.0464787 0.0621716 0.200624
2 0.976567 0.302231 0.0463926 0.136146 0.199001
3 0.334999 0.53152 0.0431272 0.075977 0.19702
2 0.0807028 0.21771 0.0585848 0.0398536 0.196181
2 0.505837 0.249693 0.0455737 0.0532483 0.195454
2 0.976774 0.303283 0.0459721 0.135921 0.195131
2 0.977025 0.306925 0.0454203 0.129885 0.193688
2 0.665249 0.217774 0.0344508 0.0411046 0.192448
2 0.938825 0.236745 0.0642303 0.0615368 0.191723
0 0.401091 0.412085 0.027384 0.0559507 0.18851
2 0.971758 0.182255 0.0437656 0.0398419 0.187736
2 0.976249 0.30228 0.0469929 0.137329 0.187438
2 0.976769 0.297736 0.0459068 0.128056 0.186668
0 0.400746 0.410704 0.0278144 0.0526652 0.185369
2 0.925974 0.238497 0.0370564 0.0564659 0.184684
2 0.97127 0.227993 0.0553688 0.0602635 0.184546
2 0.447074 0.200979 0.0770007 0.047719 0.183025
7 0.156978 0.196551 0.062856 0.0615831 0.182609
3 0.333712 0.535172 0.0399151 0.0697426 0.182588
2 0.587021 0.231303 0.0490636 0.045938 0.182344
2 0.0274653 0.220768 0.0549046 0.0342428 0.180932
2 0.0259534 0.218482 0.0517805 0.0364363 0.180818
0 0.626353 0.302089 0.0179268 0.0521546 0.179755
3 0.0708812 0.801662 0.082296 0.158869 0.179696
2 0.940269 0.236706 0.0677656 0.0613604 0.179682
2 0.588549 0.231119 0.0470454 0.0439566 0.178969
2 0.862309 0.170515 0.0435291 0.0330307 0.17875
2 0.586492 0.232768 0.0531816 0.0463301 0.178327
0 0.338363 0.494407 0.0330391 0.0501438 0.178276
3 0.0713816 0.796955 0.0830967 0.166479 0.175844
2 0.270884 0.212767 0.0791874 0.0376933 0.175539
2 0.549949 0.498353 0.0973489 0.130426 0.174718
2 0.977467 0.315889 0.0445435 0.116884 0.174241
2 0.970448 0.2357 0.0547047 0.0662486 0.171985
2 0.975174 0.266367 0.0446915 0.0561252 0.171399
0 0.340968 0.492398 0.035467 0.0470596 0.171302
0 0.721745 0.237249 0.0220551 0.0441569 0.17107
2 0.273992 0.211439 0.0757725 0.0403046 0.16952
2 0.913087 0.205841 0.0736502 0.0576452 0.16853
2 0.736582 0.16364 0.0423306 0.031988 0.167848
3 0.407575 0.472963 0.0369656 0.0583 0.167162
2 0.582171 0.274843 0.061989 0.0565957 0.166
5 0.156506 0.195973 0.0628074 0.0622436 0.16448
2 0.541319 0.253962 0.0477663 0.0562582 0.162874
7 0.155899 0.194391 0.0616142 0.0597915 0.162498
5 0.155548 0.195385 0.0612449 0.0605021 0.162103
2 0.449008 0.200601 0.0734539 0.048735 0.161303
2 0.968715 0.235786 0.0581059 0.0657121 0.160754
2 0.913815 0.206669 0.0744671 0.0590295 0.160673
2 0.914002 0.205676 0.0765572 0.0584382 0.160639
3 0.4079 0.479402 0.0360666 0.0493826 0.160244
2 0.976987 0.315517 0.0453856 0.0988626 0.159891
3 0.0714036 0.817309 0.082123 0.128313 0.159862
2 0.971494 0.234159 0.05508 0.0671685 0.159248
2 0.422931 0.189358 0.0539016 0.0450515 0.159118
3 0.0714514 0.797005 0.0824025 0.168377 0.158766
0 0.401008 0.424939 0.0284233 0.0807411 0.158182
2 0.082395 0.215119 0.0532568 0.0356319 0.157779
9 0.597569 0.10172 0.0185919 0.0243446 0.157069
2 0.944551 0.234277 0.0756844 0.0669229 0.157051
2 0.777863 0.171406 0.0609036 0.0326631 0.156826
0 0.339745 0.503968 0.0397134 0.0700015 0.156489
7 0.157122 0.195575 0.0637023 0.061621 0.156334
2 0.977101 0.325269 0.0450039 0.0908878 0.155132
2 0.0804225 0.213951 0.0537893 0.0349044 0.152762
5 0.498263 0.114563 0.0483051 0.0922729 0.151837
0 0.530237 0.374398 0.0194785 0.0587301 0.151816
2 0.621804 0.203786 0.0290046 0.0448292 0.149366
2 0.553989 0.21485 0.0370129 0.0373776 0.149062
0 0.401024 0.405883 0.0280039 0.048438 0.148155
7 0.156436 0.197528 0.0623024 0.0620727 0.147618
2 0.0255787 0.2161 0.0510184 0.0326568 0.146512
