2 0.439411 0.458098 0.173136 0.104995 0.872544
2 0.439103 0.458301 0.172463 0.104272 0.868138
2 0.439328 0.458338 0.172683 0.104418 0.843976
2 0.43954 0.458623 0.172197 0.104965 0.842556
2 0.439094 0.458107 0.172359 0.104876 0.826807
2 0.439388 0.458413 0.173276 0.105222 0.809281
2 0.438692 0.457963 0.173627 0.1034 0.791289
2 0.546951 0.306468 0.0974415 0.0545142 0.788339
2 0.438982 0.458449 0.173458 0.105423 0.778993
2 0.439541 0.458638 0.172107 0.104704 0.772763
0 0.0644461 0.608843 0.0386146 0.129057 0.766719
2 0.439373 0.458607 0.173226 0.106214 0.766012
2 0.547181 0.30668 0.0996721 0.0546783 0.736358
0 0.0644168 0.60818 0.0375974 0.130023 0.721618
0 0.120559 0.610414 0.0360752 0.128834 0.711606
0 0.120144 0.610361 0.0371048 0.129269 0.710981
0 0.0643143 0.609539 0.0379326 0.129653 0.707639
0 0.0644126 0.608274 0.0381885 0.130376 0.70604
2 0.546726 0.306653 0.099502 0.0544599 0.698916
0 0.0643609 0.611496 0.0392781 0.125319 0.69385
0 0.0641906 0.607924 0.0378529 0.130261 0.691094
0 0.120657 0.610155 0.0342254 0.128268 0.684531
0 0.366695 0.61246 0.0325302 0.109052 0.681316
0 0.0644012 0.611933 0.0390608 0.123559 0.681313
0 0.366594 0.61317 0.0323259 0.109846 0.673959
5 0.218596 0.289774 0.290981 0.100608 0.671576
5 0.218908 0.289096 0.291724 0.0994592 0.67083
0 0.119992 0.609559 0.0370765 0.128642 0.669565
2 0.603179 0.279098 0.0776136 0.048436 0.667588
2 0.0158786 0.301929 0.0317571 0.0458339 0.666956
2 0.547289 0.305991 0.098913 0.0554765 0.666066
0 0.0637721 0.608069 0.0393873 0.130808 0.662984
5 0.21838 0.290082 0.291191 0.0998653 0.659941
2 0.603249 0.27954 0.0770555 0.049005 0.657112
0 0.366625 0.613696 0.0319881 0.109242 0.657075
2 0.548477 0.306825 0.101298 0.0544565 0.648756
0 0.120119 0.608257 0.0335738 0.126377 0.648354
0 0.484806 0.676356 0.0312452 0.14051 0.64585
0 0.0645461 0.607676 0.0377925 0.129954 0.644508
0 0.484595 0.676268 0.0318546 0.14135 0.640215
5 0.218039 0.288882 0.291007 0.100217 0.633166
5 0.218582 0.289257 0.290984 0.0997026 0.631721
2 0.47542 0.279161 0.0863252 0.0516029 0.625656
5 0.219127 0.290282 0.290926 0.100879 0.624754
0 0.366589 0.612944 0.0317966 0.11059 0.617897
0 0.152467 0.619163 0.0309165 0.110993 0.603474
2 0.602204 0.279601 0.0797022 0.0489949 0.597237
0 0.366626 0.613659 0.0321306 0.108922 0.596415
2 0.547921 0.306533 0.0983927 0.0530606 0.585037
0 0.366674 0.61236 0.0327249 0.108656 0.58101
0 0.120127 0.610733 0.0338523 0.127352 0.575509
0 0.484912 0.674929 0.0310325 0.13907 0.574747
2 0.0159559 0.302553 0.0316823 0.0444693 0.567989
2 0.0154825 0.302182 0.0308306 0.0450451 0.564834
2 0.473966 0.278369 0.0825164 0.052152 0.562621
0 0.366476 0.613554 0.0329354 0.110094 0.561686
0 0.119526 0.610485 0.0339713 0.126369 0.558501
5 0.218513 0.291051 0.290989 0.101081 0.548621
2 0.474676 0.279516 0.0845251 0.0527039 0.547756
0 0.152402 0.619134 0.0303426 0.11164 0.544281
5 0.218397 0.288524 0.292351 0.100027 0.544078
2 0.0155347 0.301907 0.0310218 0.0453641 0.54364
2 0.474008 0.278956 0.0842672 0.0524539 0.541328
2 0.475198 0.279081 0.0851362 0.0499398 0.540067
0 0.118889 0.608727 0.031884 0.126575 0.534587
0 0.152477 0.619085 0.0319622 0.109986 0.533563
0 0.48544 0.675941 0.0305198 0.138694 0.530022
2 0.475654 0.27896 0.0858741 0.0523011 0.507899
2 0.600418 0.279658 0.0834064 0.0489625 0.507551
2 0.546998 0.307492 0.100956 0.0566569 0.503774
0 0.769842 0.254516 0.0200521 0.0478002 0.499393
0 0.769936 0.254799 0.0200373 0.0474033 0.498904
0 0.485487 0.680545 0.0302253 0.133564 0.49842
2 0.472405 0.279109 0.080364 0.051771 0.482796
0 0.485185 0.679276 0.0292013 0.130948 0.481338
2 0.602957 0.279209 0.0770445 0.0482265 0.472874
0 0.484886 0.677954 0.0306833 0.144771 0.472452
0 0.152055 0.617269 0.0291041 0.113168 0.466641
2 0.548219 0.307057 0.0991291 0.0532499 0.461147
0 0.366532 0.611843 0.0312345 0.11327 0.46044
2 0.476152 0.278799 0.089466 0.0528191 0.460157
2 0.602621 0.279674 0.0780711 0.0481628 0.459627
2 0.601763 0.27972 0.0794132 0.0485762 0.456425
2 0.0160975 0.302619 0.0321095 0.045522 0.45375
0 0.152195 0.618208 0.0290754 0.108514 0.450068
0 0.485378 0.677496 0.0298178 0.14188 0.447733
2 0.473122 0.278837 0.0821489 0.0528622 0.440031
2 0.546949 0.306463 0.100152 0.0591999 0.433034
2 0.602376 0.280293 0.0785991 0.049274 0.425213
2 0.0169839 0.300115 0.0335366 0.0444339 0.404662
0 0.153901 0.619105 0.0250484 0.108379 0.402821
2 0.0159214 0.302468 0.0317243 0.0452517 0.401448
0 0.366566 0.611606 0.0321446 0.112272 0.397337
0 0.118844 0.610463 0.0316987 0.12482 0.396955
2 0.829994 0.209369 0.0481792 0.0256845 0.39642
2 0.0151666 0.302725 0.0303331 0.0451179 0.39493
0 0.366392 0.613274 0.0329442 0.109674 0.381596
2 0.830464 0.209588 0.0505709 0.0251656 0.376286
0 0.151085 0.618758 0.0319084 0.108656 0.375176
5 0.218043 0.287553 0.290624 0.0984713 0.369751
0 0.770134 0.255533 0.0200584 0.0468436 0.367031
0 0.119361 0.609651 0.0311002 0.125272 0.357678
0 0.150703 0.61577 0.0322033 0.11557 0.356534
0 0.397139 0.260679 0.0161831 0.0419037 0.350018
2 0.602813 0.279662 0.0771462 0.0489531 0.349434
2 0.83028 0.209431 0.0498161 0.0251315 0.34827
2 0.830171 0.209885 0.0486767 0.0253151 0.345869
0 0.484374 0.679939 0.0329594 0.146371 0.342501
2 0.472779 0.278793 0.0786113 0.0516207 0.339107
0 0.152113 0.619237 0.0305714 0.113037 0.337459
2 0.830447 0.209396 0.0525356 0.0271961 0.327498
2 0.0165983 0.300289 0.0331966 0.0460881 0.320523
2 0.60411 0.279119 0.0751789 0.0476405 0.319826
0 0.152806 0.61698 0.0300797 0.107558 0.306705
0 0.484951 0.679683 0.0300415 0.139261 0.302195
2 0.0121081 0.305757 0.0241816 0.0408264 0.297794
2 0.908571 0.21723 0.102936 0.0501976 0.295513
0 0.154324 0.626646 0.0241728 0.0969059 0.278951
2 0.893343 0.214994 0.0734915 0.0489234 0.267581
2 0.904478 0.218283 0.0982004 0.0484893 0.263754
0 0.401953 0.260017 0.023424 0.0423201 0.260876
2 0.891187 0.217437 0.0695393 0.0502799 0.260671
2 0.907512 0.217673 0.103378 0.0510174 0.260416
0 0.485127 0.674486 0.0301744 0.135389 0.257907
2 0.0168059 0.300902 0.0336118 0.0434743 0.250949
0 0.119518 0.608643 0.0343487 0.130739 0.249941
2 0.898652 0.21716 0.08466 0.0511897 0.245042
0 0.0635916 0.607684 0.0367722 0.127688 0.238585
0 0.397626 0.26164 0.0169209 0.0409477 0.236084
2 0.829241 0.208487 0.0542368 0.027483 0.23372
2 0.908057 0.217361 0.104709 0.0503461 0.230546
2 0.830789 0.209282 0.0490528 0.025873 0.229114
0 0.485611 0.678083 0.0280696 0.1319 0.206873
2 0.830252 0.209658 0.0496737 0.0241796 0.20435
2 0.891193 0.214459 0.0682281 0.0473228 0.19456
2 0.905612 0.218477 0.101696 0.0504228 0.189692
0 0.402379 0.26125 0.0240162 0.0411743 0.183902
0 0.76892 0.253644 0.0219893 0.0511186 0.181888
2 0.47492 0.279177 0.0872124 0.0504345 0.17563
0 0.752207 0.257271 0.0151877 0.0419452 0.175251
0 0.752472 0.257502 0.0157106 0.0417791 0.172635
2 0.906124 0.213839 0.0976751 0.0463934 0.168013
2 0.890592 0.219653 0.0688118 0.0483881 0.166564
5 0.221155 0.290198 0.295984 0.099029 0.158032
5 0.211278 0.28529 0.304288 0.0892046 0.155204
0 0.485102 0.674591 0.0296629 0.136464 0.152615
0 0.744032 0.255473 0.0151497 0.0416247 0.151724
0 0.367109 0.622159 0.0315605 0.127789 0.149108
0 0.75386 0.25818 0.0162627 0.0420524 0.148765
0 0.00582862 0.631915 0.0116444 0.0816456 0.145044
0 0.746056 0.256788 0.0159088 0.0432329 0.143879
0 0.00544901 0.63331 0.010892 0.0844131 0.140334
28 0.124704 0.956197 0.249407 0.0864082 0.139825
2 0.12524 0.955996 0.250263 0.0871609 0.136306
2 0.0152693 0.300441 0.0303976 0.0501247 0.132052
5 0.947534 0.277205 0.10466 0.108115 0.130771
2 0.907532 0.217431 0.102251 0.0491872 0.130409
0 0.747159 0.258105 0.0166245 0.043603 0.1294
0 0.401882 0.257309 0.0245988 0.0421567 0.128941
5 0.948071 0.276908 0.103452 0.109296 0.127421
2 0.485502 0.279289 0.104679 0.0545363 0.126677
0 0.00609435 0.260953 0.0119005 0.0384706 0.12078
3 0.125788 0.956244 0.251357 0.0867935 0.118862
28 0.125575 0.956743 0.251151 0.0859938 0.118433
2 0.394007 0.498422 0.0271142 0.0346488 0.116785
0 0.484687 0.666929 0.0291994 0.120189 0.116651
0 0.00618087 0.631737 0.0123078 0.0841875 0.114255
5 0.94774 0.27645 0.103716 0.108679 0.111142
5 0.947437 0.276774 0.104632 0.108074 0.111102
0 0.400509 0.257069 0.026335 0.0421804 0.110381
0 0.00590355 0.631613 0.0117707 0.0833397 0.110313
5 0.947395 0.276007 0.1043 0.107814 0.106066
0 0.151748 0.616817 0.0292033 0.108726 0.104939
3 0.125783 0.955923 0.251303 0.0875431 0.103789
3 0.125219 0.956178 0.250194 0.0868652 0.103055
0 0.768461 0.256451 0.0254768 0.0460477 0.101209
2 0.829318 0.205196 0.0513464 0.0317768 0.100717
2 0.905389 0.219338 0.103158 0.0500237 0.100182
5 0.947556 0.274469 0.104284 0.104257 0.099809
2 0.472793 0.278666 0.0793547 0.0526318 0.0994632
2 0.394074 0.498044 0.0289512 0.0349131 0.0982736
0 0.40976 0.259495 0.0147593 0.0342465 0.098264
2 0.82831 0.208542 0.0536194 0.0268898 0.0927612
0 0.065093 0.608451 0.0397995 0.130719 0.0881979
2 0.549399 0.304311 0.0934905 0.0488729 0.0878514
28 0.127083 0.956399 0.254166 0.0862213 0.0855685
2 0.832693 0.206324 0.0520824 0.0329482 0.0850999
2 0.830259 0.206043 0.0522575 0.0315702 0.0842184
0 0.00620322 0.261581 0.011906 0.0403008 0.0794416
0 0.734397 0.251054 0.015666 0.0307449 0.0768146
2 0.472838 0.278754 0.0825162 0.0516335 0.0749323
2 0.548581 0.301945 0.0953192 0.0450589 0.0746041
0 0.767544 0.255185 0.0272658 0.0470619 0.0729223
0 0.414313 0.260473 0.0122913 0.0247142 0.0727625
0 0.00586007 0.63355 0.0116441 0.0950817 0.0724708
0 0.367219 0.612029 0.0298869 0.10435 0.0705691
0 0.151372 0.616316 0.0296269 0.103881 0.0702935
28 0.126395 0.956054 0.252791 0.0872196 0.070251
2 0.12151 0.95627 0.243021 0.0865679 0.0680473
28 0.125962 0.9568 0.251924 0.0857952 0.0665455
2 0.890614 0.200149 0.0600918 0.0241549 0.064504
3 0.125605 0.956163 0.25121 0.0867031 0.0628201
2 0.947614 0.264067 0.10463 0.0822814 0.062645
2 0.829856 0.210159 0.0532246 0.0253793 0.0623806
0 0.00574402 0.259158 0.0102692 0.0375815 0.0607127
2 0.393343 0.498168 0.0306141 0.0340965 0.0598461
0 0.39773 0.262775 0.0182946 0.0448814 0.0579447
2 0.946811 0.271843 0.105697 0.0973215 0.0563673
0 0.0457828 0.255374 0.0102333 0.0324351 0.0563452
9 0.329899 0.1242 0.0235078 0.0445896 0.0547758
2 0.887897 0.220648 0.0634447 0.0472004 0.0542735
5 0.947252 0.274104 0.10475 0.109138 0.0525089
9 0.329637 0.124534 0.0255105 0.0449084 0.0518833
2 0.991558 0.206253 0.0160606 0.0328214 0.0504057
5 0.218076 0.28893 0.292761 0.102932 0.0499124
2 0.394483 0.498456 0.0285929 0.034746 0.0488246
2 0.548498 0.307104 0.100365 0.0548176 0.0480293
2 0.908045 0.212549 0.105403 0.0596306 0.0473372
0 0.728162 0.257363 0.024821 0.0351184 0.0462963
2 0.906507 0.194912 0.0262894 0.0145324 0.045931
2 0.991488 0.210516 0.0163042 0.0265668 0.0458435
0 0.77096 0.254661 0.0235683 0.047158 0.0457774
5 0.220004 0.29295 0.294074 0.0938478 0.0455723
0 0.00571145 0.631819 0.0114209 0.0877214 0.0451385
2 0.125095 0.955993 0.250189 0.0869427 0.0449167
2 0.393174 0.497971 0.0296709 0.0352022 0.0446129
0 0.433947 0.571078 0.0155468 0.0574153 0.0444588
0 0.367213 0.615051 0.0282185 0.107648 0.0425931
5 0.218133 0.287773 0.291204 0.102403 0.0413748
2 0.394332 0.498487 0.0294182 0.0341738 0.0413047
2 0.0944937 0.316938 0.0356105 0.0416131 0.0406859
0 0.728392 0.259859 0.0250448 0.0369412 0.0395746
2 0.123717 0.956533 0.247434 0.0863041 0.0386467
2 0.948707 0.2681 0.102045 0.0920397 0.0384572
0 0.433845 0.57041 0.014728 0.0546278 0.0374267
2 0.910223 0.212473 0.108688 0.0601311 0.0369488
0 0.00799673 0.630824 0.0159935 0.084754 0.0367454
2 0.891678 0.200544 0.0584717 0.0231495 0.0365076
2 0.547302 0.296158 0.094632 0.0354904 0.0342305
2 0.908261 0.217684 0.0987696 0.0448514 0.0339054
0 0.0451028 0.256635 0.0101428 0.0306566 0.0338011
2 0.089909 0.317467 0.0273013 0.03942 0.0336612
0 0.484942 0.67888 0.0263901 0.143337 0.0321118
2 0.981609 0.209411 0.0359097 0.0346477 0.0315058
2 0.947929 0.263322 0.103188 0.0817485 0.031461
2 0.944896 0.190008 0.0260647 0.0233794 0.0312341
9 0.08315 0.164433 0.0154753 0.0255331 0.0312256
0 0.415145 0.263323 0.013891 0.0282509 0.0310585
2 0.904094 0.220802 0.0815834 0.0460028 0.031056
0 0.0452007 0.250993 0.0119584 0.0425679 0.0308344
7 0.94996 0.261391 0.0990225 0.0748771 0.0299378
2 0.554418 0.294493 0.0815163 0.032101 0.0297801
5 0.219995 0.296895 0.290256 0.0756881 0.029642
2 0.983163 0.207956 0.0328014 0.0353978 0.0293332
2 0.908661 0.2142 0.101551 0.0482357 0.0288666
0 0.736305 0.257036 0.0144379 0.0418853 0.0286537
0 0.145894 0.582198 0.0159696 0.0393614 0.0281771
0 0.00911651 0.262474 0.0170738 0.0412848 0.0279213
0 0.00840762 0.642735 0.0167125 0.105521 0.0277523
0 0.435483 0.570757 0.0173481 0.0580659 0.0276249
0 0.145922 0.617176 0.0247514 0.113983 0.0275909
5 0.208775 0.282491 0.309215 0.0863522 0.0269153
0 0.394774 0.499048 0.0259582 0.0367327 0.0268881
2 0.99146 0.204111 0.0162106 0.0357348 0.0262309
9 0.330298 0.12206 0.0228813 0.0404804 0.0259271
7 0.949063 0.277788 0.101196 0.110003 0.0258003
0 0.770784 0.254851 0.0246759 0.0458838 0.0254463
9 0.0842169 0.16558 0.015739 0.0253068 0.0248356
0 0.182331 0.3085 0.0176257 0.0252956 0.0245074
0 0.15245 0.611547 0.0289024 0.0955835 0.0243894
0 0.0223943 0.256141 0.0153426 0.0292106 0.0243777
0 0.0102236 0.677969 0.0204471 0.182578 0.0241466
2 0.242764 0.299741 0.0461472 0.0421413 0.0241051
26 0.122918 0.595001 0.0265083 0.0510726 0.0235524
0 0.967539 0.319331 0.0209549 0.0232998 0.0226084
5 0.21042 0.275738 0.303831 0.0752711 0.0221612
0 0.153216 0.630218 0.0329978 0.138561 0.0216096
0 0.117931 0.593281 0.0286983 0.0936092 0.0211151
0 0.914141 0.315346 0.0379139 0.0523343 0.021069
0 0.434146 0.569204 0.0158087 0.0516375 0.0210285
2 0.0973093 0.319422 0.0411804 0.0415713 0.0208334
0 0.772367 0.255623 0.0242798 0.0436271 0.0206835
5 0.954447 0.262436 0.0911059 0.0760456 0.0206544
0 0.0284237 0.257488 0.0136972 0.0262616 0.0199773
0 0.00642895 0.660274 0.0127461 0.189798 0.0199465
2 0.987742 0.316541 0.0237101 0.0356169 0.0194119
2 0.983935 0.205414 0.0312082 0.0403213 0.0192135
0 0.486629 0.678599 0.0235945 0.108916 0.0192033
7 0.946737 0.279781 0.106021 0.111874 0.0190504
2 0.206507 0.309598 0.0300174 0.0243535 0.0190408
2 0.0990109 0.326733 0.0409135 0.0281476 0.0190395
2 0.205929 0.30966 0.0295651 0.0226656 0.0189554
2 0.548163 0.301872 0.0992401 0.0444745 0.0189357
0 0.402519 0.265128 0.0251773 0.0386035 0.0186304
28 0.124904 0.955705 0.249809 0.088047 0.0185945
9 0.929693 0.0377301 0.0576267 0.0743157 0.0184872
2 0.848725 0.207988 0.0246742 0.0302589 0.0180791
2 0.988573 0.31481 0.0221539 0.0378849 0.0180601
9 0.929206 0.0365781 0.0574093 0.073032 0.0179704
0 0.0198633 0.255213 0.0114298 0.0297369 0.0177536
