2 0.879183 0.678485 0.209083 0.303892 0.821095
2 0.879034 0.678752 0.207758 0.304147 0.82058
2 0.879254 0.678391 0.209805 0.303317 0.811758
2 0.878859 0.67864 0.207514 0.303927 0.803624
2 0.878176 0.678576 0.207215 0.304614 0.780276
2 0.879684 0.679263 0.210725 0.302316 0.722926
2 0.880408 0.679099 0.211601 0.303071 0.692231
2 0.878017 0.67838 0.207809 0.302894 0.691143
2 0.87821 0.677798 0.206092 0.303313 0.67791
2 0.877715 0.67892 0.210381 0.302488 0.672469
2 0.52181 0.653439 0.12108 0.273594 0.615233
2 0.206903 0.156604 0.0604221 0.0743717 0.613177
2 0.207297 0.156191 0.060187 0.0740076 0.608025
2 0.521817 0.652867 0.121227 0.273771 0.604981
2 0.579923 0.255673 0.0701372 0.112803 0.604908
2 0.778153 0.0636897 0.0709452 0.0586698 0.568426
2 0.207584 0.155502 0.0615617 0.0725929 0.565436
2 0.206642 0.156804 0.060271 0.0739522 0.561169
5 0.488139 0.373301 0.0788893 0.159919 0.559599
2 0.580285 0.256083 0.0712725 0.112146 0.552989
2 0.206515 0.156458 0.0619041 0.0744129 0.552766
2 0.778019 0.0640595 0.0708853 0.0585097 0.551005
5 0.488259 0.373858 0.0792435 0.15916 0.545046
2 0.790336 0.25011 0.0878403 0.112905 0.541164
2 0.580035 0.256313 0.0711187 0.11252 0.538142
2 0.20639 0.155528 0.060492 0.0721834 0.530483
5 0.48831 0.373725 0.0795303 0.159132 0.526682
2 0.729203 0.363447 0.112033 0.152303 0.514936
2 0.580128 0.255917 0.0717657 0.112303 0.510799
2 0.206726 0.155685 0.0617832 0.0731024 0.487072
2 0.580645 0.25587 0.0711257 0.112024 0.485943
5 0.488469 0.374433 0.0792452 0.158268 0.484903
2 0.790735 0.251109 0.0883579 0.110327 0.482644
2 0.77768 0.0645479 0.0712812 0.058415 0.479451
2 0.77788 0.0638466 0.0707111 0.0579078 0.472476
2 0.521178 0.652018 0.122059 0.271873 0.469273
2 0.778362 0.0639683 0.0707735 0.0586175 0.468473
2 0.52159 0.652298 0.122393 0.273279 0.46279
5 0.488052 0.373008 0.079351 0.159747 0.461096
2 0.778145 0.0639256 0.0710764 0.0593446 0.458836
2 0.729034 0.363449 0.11211 0.151529 0.456479
0 0.910468 0.147785 0.0236233 0.0760348 0.455808
2 0.791141 0.251295 0.0887033 0.110257 0.45469
2 0.207222 0.155083 0.0613152 0.0714996 0.449925
2 0.790784 0.251295 0.0893158 0.110268 0.449402
2 0.252254 0.28401 0.0812297 0.128075 0.447877
2 0.658619 0.568149 0.133072 0.247187 0.443061
2 0.252401 0.284163 0.0814882 0.128053 0.43749
2 0.252042 0.283933 0.0812401 0.128054 0.436916
2 0.728502 0.363015 0.111602 0.152797 0.435339
2 0.64712 0.0767566 0.0474981 0.0617767 0.433786
2 0.646839 0.076702 0.047213 0.0612615 0.432195
67 0.52255 0.653911 0.122127 0.279254 0.429566
0 0.910948 0.147754 0.0253204 0.0759363 0.42858
5 0.488264 0.373738 0.0789458 0.158638 0.424631
67 0.522779 0.653827 0.121689 0.278699 0.42
2 0.206889 0.156266 0.0601546 0.0735356 0.419324
2 0.206786 0.157409 0.0610291 0.0759823 0.414409
2 0.647065 0.0767512 0.0477483 0.0615048 0.409483
2 0.647071 0.0767776 0.0473228 0.06164 0.403336
2 0.252445 0.284298 0.0821691 0.127881 0.40328
2 0.790692 0.25034 0.0890429 0.111558 0.402887
2 0.25207 0.28447 0.0811873 0.128016 0.398465
2 0.580695 0.255888 0.0712633 0.112449 0.389122
2 0.521806 0.651597 0.120753 0.271912 0.388159
2 0.791207 0.251447 0.0894593 0.110735 0.384278
7 0.105978 0.347925 0.11798 0.142174 0.376843
2 0.790984 0.250883 0.0891518 0.110753 0.375682
2 0.658466 0.56846 0.133534 0.244863 0.3747
2 0.728845 0.363151 0.112025 0.152214 0.373645
2 0.660471 0.199925 0.0710726 0.0935552 0.372312
2 0.487545 0.371951 0.0796362 0.157385 0.367488
2 0.660607 0.20025 0.0711978 0.0933025 0.365132
2 0.728756 0.363016 0.111831 0.15283 0.365104
7 0.106099 0.348231 0.118117 0.143568 0.364787
2 0.252345 0.284382 0.0818472 0.128194 0.364383
2 0.72945 0.363768 0.112057 0.153014 0.36217
2 0.778276 0.0639661 0.0717945 0.058369 0.35146
2 0.646528 0.0761367 0.0471334 0.0591796 0.348038
2 0.728822 0.363946 0.112234 0.153403 0.347393
2 0.660596 0.200416 0.0716238 0.0938725 0.340218
0 0.910427 0.146341 0.020927 0.0748919 0.340032
2 0.252386 0.284381 0.0819856 0.127177 0.338298
2 0.252437 0.284399 0.0821816 0.126927 0.333978
2 0.660235 0.569662 0.131352 0.244511 0.332758
2 0.791101 0.251034 0.0896048 0.11065 0.331452
2 0.659332 0.568434 0.134018 0.250515 0.330643
2 0.958496 0.290098 0.0820557 0.123343 0.327145
2 0.660218 0.199956 0.0715082 0.0932637 0.324313
2 0.791056 0.251233 0.0899922 0.110912 0.324172
2 0.777964 0.0638836 0.0711582 0.0585563 0.321647
2 0.646743 0.0764949 0.0482694 0.0608197 0.317971
2 0.580579 0.255739 0.071818 0.112146 0.317756
2 0.580283 0.256189 0.0725725 0.112702 0.314665
0 0.910528 0.145884 0.0237095 0.0761822 0.31227
0 0.911146 0.147294 0.0234581 0.0766326 0.306325
2 0.660551 0.200243 0.0714785 0.0936368 0.305733
2 0.660183 0.568639 0.130879 0.244037 0.301877
5 0.958785 0.291131 0.0814659 0.122373 0.30119
2 0.252408 0.283448 0.0806388 0.1279 0.298793
0 0.912513 0.147439 0.0253624 0.0771414 0.290443
2 0.728817 0.363738 0.11258 0.154196 0.289835
5 0.487783 0.372787 0.0794247 0.158239 0.287679
0 0.910328 0.146621 0.0241463 0.0780867 0.287467
5 0.659101 0.568942 0.132868 0.245528 0.283415
2 0.646321 0.0766114 0.0478232 0.0601192 0.280561
67 0.522211 0.658146 0.122139 0.282399 0.279803
5 0.10644 0.348698 0.118495 0.143584 0.277531
2 0.791178 0.251114 0.0892967 0.110375 0.269457
2 0.658182 0.56846 0.135085 0.24711 0.269038
7 0.106255 0.348398 0.118592 0.144141 0.266214
2 0.487847 0.373117 0.0789112 0.158633 0.266154
2 0.646581 0.0757349 0.0471463 0.057551 0.264335
2 0.659403 0.570043 0.132039 0.245743 0.262278
7 0.10574 0.348184 0.116715 0.142413 0.262241
2 0.77785 0.0641718 0.0721197 0.0596863 0.258139
2 0.958593 0.290362 0.0818882 0.122567 0.254502
5 0.487794 0.373016 0.0793409 0.158331 0.252898
2 0.660701 0.200525 0.0718321 0.0931135 0.251806
2 0.958459 0.290698 0.0821365 0.121843 0.246225
2 0.252558 0.284305 0.0830696 0.12761 0.245953
5 0.660526 0.199974 0.0718073 0.0930448 0.245945
5 0.106044 0.348393 0.117488 0.14338 0.240489
0 0.907937 0.147883 0.0268648 0.0766171 0.236796
5 0.660381 0.20092 0.0716587 0.0946538 0.234099
2 0.661151 0.568958 0.129092 0.243267 0.233356
5 0.728732 0.364965 0.112123 0.152085 0.222724
5 0.958704 0.291102 0.0821035 0.122684 0.215791
67 0.522784 0.654888 0.120954 0.27343 0.203022
0 0.935666 0.141531 0.018261 0.0656489 0.19915
7 0.106317 0.347102 0.118027 0.140579 0.195791
2 0.958682 0.289972 0.0818031 0.123397 0.195682
0 0.989436 0.167838 0.0207394 0.101182 0.19174
2 0.581034 0.255862 0.0714787 0.112826 0.191396
2 0.958568 0.286666 0.0821827 0.130389 0.187191
5 0.616933 0.018674 0.0484139 0.0373481 0.183251
2 0.543738 0.112885 0.0395843 0.0584826 0.1829
2 0.106277 0.34929 0.118686 0.142396 0.174605
2 0.647363 0.0776404 0.0482204 0.0603943 0.172944
0 0.989171 0.168334 0.0210583 0.101891 0.172696
2 0.95821 0.288488 0.0830338 0.127369 0.16443
2 0.350969 0.161822 0.0482151 0.0845868 0.163407
2 0.521465 0.655741 0.122158 0.276267 0.161697
2 0.990961 0.648319 0.0175362 0.176056 0.16063
2 0.543947 0.113771 0.0386759 0.0576215 0.159052
0 0.910913 0.145454 0.0244102 0.0734229 0.158585
2 0.252075 0.284986 0.0815978 0.128527 0.156368
2 0.206251 0.155826 0.061399 0.0726671 0.154929
2 0.350507 0.16097 0.0463282 0.0862861 0.153438
5 0.616979 0.0196123 0.0479664 0.0387405 0.151633
5 0.616058 0.0208995 0.0511061 0.041799 0.15141
2 0.172966 0.0874056 0.0395294 0.0408389 0.151249
0 0.935328 0.139703 0.017675 0.0634712 0.150725
2 0.980359 0.252845 0.0388124 0.0675263 0.15064
2 0.99082 0.648534 0.0178192 0.175173 0.147951
2 0.351487 0.161192 0.0483051 0.0880023 0.147429
0 0.991956 0.189795 0.015321 0.0559409 0.146866
6 0.169313 0.610722 0.181454 0.325264 0.146595
0 0.99058 0.167877 0.0180948 0.103453 0.144631
2 0.186663 0.235434 0.0404997 0.0244815 0.143622
2 0.98348 0.25139 0.0323099 0.0682294 0.143329
2 0.185854 0.236069 0.0418289 0.0248451 0.140792
0 0.99173 0.186779 0.0158558 0.0628512 0.138431
2 0.64704 0.0780119 0.0485073 0.0606158 0.137712
2 0.958521 0.28915 0.0825031 0.125776 0.13749
2 0.105661 0.348705 0.118114 0.14166 0.137168
0 0.987595 0.167279 0.0242722 0.100596 0.13699
7 0.106616 0.34881 0.118702 0.142751 0.13698
0 0.989413 0.167317 0.0206522 0.103266 0.136672
2 0.185821 0.235981 0.0422944 0.0250003 0.136074
2 0.351749 0.161547 0.0499771 0.0854739 0.135044
2 0.646484 0.0769723 0.0480169 0.0596347 0.134997
0 0.942956 0.141761 0.0310255 0.0675735 0.134836
2 0.186366 0.235099 0.0399581 0.0242577 0.134461
0 0.989252 0.167688 0.0207563 0.100864 0.132952
5 0.616552 0.0189313 0.049012 0.0378627 0.130541
0 0.942512 0.140797 0.0297775 0.0656381 0.128291
0 0.911005 0.145242 0.0219955 0.0731065 0.126465
0 0.934789 0.147677 0.0185978 0.0764192 0.125508
5 0.958077 0.287018 0.0834915 0.128485 0.125106
2 0.543043 0.111941 0.0395392 0.0565679 0.124082
5 0.95885 0.292378 0.0812912 0.12204 0.122599
0 0.939619 0.144376 0.0262794 0.072447 0.121965
6 0.167572 0.614424 0.184373 0.328375 0.121887
2 0.543798 0.111454 0.0394012 0.0568731 0.121773
7 0.616722 0.0204117 0.0489748 0.0405635 0.120228
5 0.616211 0.0191906 0.0515255 0.0383812 0.119815
3 0.542923 0.112967 0.0391714 0.0564909 0.118944
2 0.351767 0.162388 0.0503994 0.0875326 0.118012
6 0.16633 0.603471 0.184558 0.318101 0.117337
6 0.171364 0.608881 0.181665 0.319005 0.116951
5 0.958805 0.291518 0.0812862 0.121389 0.116452
7 0.616288 0.0198465 0.0504494 0.0390895 0.115678
2 0.207502 0.154532 0.0581189 0.0691039 0.115173
0 0.987933 0.158271 0.0234844 0.0818832 0.114667
3 0.543165 0.111088 0.0407019 0.0579383 0.114182
3 0.543202 0.113317 0.0400476 0.055475 0.11374
0 0.992124 0.188867 0.0150639 0.0582949 0.112794
2 0.990606 0.648713 0.0182842 0.175634 0.10822
2 0.985345 0.248267 0.0286308 0.0649164 0.106944
2 0.777901 0.0641312 0.0708347 0.0602396 0.105905
2 0.580516 0.255872 0.0716856 0.112495 0.105197
0 0.990309 0.142184 0.0186541 0.0500276 0.103444
2 0.662033 0.568341 0.126826 0.245042 0.10252
0 0.942343 0.142014 0.0304169 0.0689344 0.100729
0 0.938157 0.145147 0.0196863 0.0733475 0.100161
2 0.553368 0.0227435 0.0279955 0.0424777 0.0990806
2 0.986444 0.245996 0.0264286 0.0601546 0.0989948
2 0.274578 0.167888 0.0471228 0.0563318 0.0988689
5 0.616413 0.0196644 0.0496099 0.0388959 0.098847
2 0.170607 0.0879524 0.0367737 0.0410301 0.0987805
5 0.660463 0.20074 0.0716692 0.0944782 0.0987649
6 0.170176 0.614195 0.182705 0.322274 0.0980082
2 0.351108 0.163091 0.0485723 0.0866615 0.0979416
2 0.552688 0.0224625 0.0302559 0.0443701 0.097796
2 0.275059 0.174559 0.0451602 0.0480226 0.0961768
5 0.616842 0.0208328 0.0500664 0.0416657 0.0934746
0 0.988096 0.153678 0.0231113 0.0733076 0.0904412
0 0.989899 0.143554 0.0194151 0.0521354 0.0896465
2 0.257558 0.0930157 0.0325525 0.0299937 0.0884178
2 0.141654 0.102029 0.0249705 0.0256302 0.087923
7 0.616515 0.0200677 0.0497804 0.0396945 0.086855
2 0.258443 0.0916621 0.0292106 0.0309644 0.0864579
2 0.27524 0.127904 0.0349845 0.0388996 0.0859264
2 0.18684 0.236615 0.038644 0.0240075 0.0854919
67 0.523084 0.654002 0.122607 0.278315 0.0847171
2 0.171884 0.0874619 0.0431408 0.0411653 0.0842324
2 0.170942 0.0889982 0.0407011 0.0439464 0.0839878
0 0.949922 0.140602 0.0182446 0.0617951 0.0835484
2 0.552352 0.0232259 0.029483 0.0428007 0.0810388
9 0.396494 0.045355 0.029228 0.0397049 0.0804395
3 0.54361 0.116701 0.0392517 0.0488514 0.0803199
0 0.350679 0.160703 0.0456611 0.0832482 0.0798079
2 0.276785 0.135855 0.0409292 0.0466525 0.0795965
0 0.446038 0.0613568 0.0344245 0.068302 0.0793008
2 0.986698 0.240389 0.0258261 0.049161 0.0792433
2 0.172657 0.0877628 0.0393796 0.0411591 0.0788808
0 0.949098 0.140349 0.0204376 0.0634898 0.0786265
2 0.274069 0.168707 0.0450947 0.0545668 0.0776417
2 0.734017 0.0137437 0.0299303 0.0274875 0.0766419
2 0.986867 0.23343 0.0255571 0.0354273 0.0761712
2 0.257461 0.0912858 0.0357316 0.0331997 0.0757588
7 0.661844 0.200855 0.0748621 0.0937111 0.0754712
0 0.99072 0.644794 0.0178051 0.167298 0.0750298
5 0.616445 0.0218223 0.0517006 0.0436446 0.0740753
2 0.273818 0.168809 0.0468512 0.0568919 0.0725984
2 0.170996 0.087492 0.0353174 0.0405184 0.0725776
2 0.142585 0.100527 0.024242 0.0258484 0.0722805
2 0.274964 0.166344 0.0486894 0.0606362 0.0716674
0 0.543707 0.113005 0.0386017 0.0563998 0.0712764
9 0.445446 0.0612484 0.0330841 0.0652967 0.0703063
0 0.951123 0.13536 0.0160231 0.051782 0.0698562
3 0.543127 0.114782 0.0384741 0.0535773 0.0697947
2 0.27423 0.136759 0.0357658 0.0431078 0.0690109
0 0.350619 0.161102 0.047223 0.0838751 0.0689936
2 0.552703 0.018928 0.029653 0.0368179 0.0684087
2 0.778265 0.0641189 0.0704344 0.0590445 0.068349
2 0.98121 0.2599 0.0369148 0.0702246 0.06796
0 0.543625 0.115084 0.0383463 0.0537385 0.0673926
2 0.27467 0.174171 0.0475691 0.0502389 0.0658767
6 0.165804 0.611751 0.186158 0.323076 0.0647881
6 0.168961 0.551231 0.191859 0.432689 0.0647539
2 0.616132 0.0197567 0.0514627 0.0394315 0.0647047
9 0.445169 0.0610963 0.0341913 0.0653301 0.0645557
0 0.935335 0.131565 0.0169827 0.0471104 0.064362
2 0.253872 0.0934501 0.0290149 0.0286382 0.0632064
6 0.175222 0.5466 0.191974 0.450251 0.0630754
2 0.185495 0.236496 0.042293 0.0261359 0.0624391
2 0.206821 0.156916 0.06094 0.0761376 0.0611576
2 0.27291 0.15466 0.0445931 0.0315583 0.0596766
9 0.366244 0.0340828 0.0261482 0.0463233 0.0595862
2 0.243956 0.284256 0.0647989 0.121172 0.0592405
2 0.977696 0.260315 0.0438276 0.0539087 0.0574641
2 0.990284 0.673075 0.0189446 0.226908 0.0562808
9 0.365957 0.0333656 0.0254144 0.0437939 0.0555723
9 0.39731 0.0455582 0.0285001 0.0381245 0.0552597
6 0.166171 0.619875 0.188471 0.337544 0.0546268
0 0.989212 0.14662 0.0207937 0.0595073 0.0541799
2 0.277082 0.128308 0.039114 0.0385768 0.0525107
2 0.13742 0.102524 0.0188102 0.0242019 0.0521019
0 0.991137 0.64147 0.0169647 0.161642 0.0519239
2 0.553009 0.02287 0.0296916 0.0421412 0.0518335
2 0.258265 0.091529 0.0327843 0.0342784 0.0517804
2 0.186947 0.235226 0.0454546 0.0269878 0.0515732
2 0.612741 0.0197118 0.0590782 0.0394236 0.0512612
9 0.129465 0.0292067 0.0108957 0.0189751 0.0511989
0 0.533517 0.0619384 0.0312304 0.0494055 0.0502025
2 0.977437 0.253797 0.0447193 0.0581872 0.0498554
2 0.445817 0.0618724 0.0348818 0.0706607 0.049667
6 0.168075 0.621158 0.189315 0.333657 0.0495548
2 0.552139 0.019306 0.0309163 0.0378753 0.0495233
2 0.172498 0.0866726 0.0384068 0.0397586 0.0490639
0 0.445908 0.0619183 0.0343319 0.0682652 0.0488592
0 0.533318 0.0613886 0.030312 0.0492441 0.048804
0 0.350238 0.156516 0.0426544 0.0755715 0.0486542
0 0.353968 0.160814 0.0494267 0.0827506 0.0486074
2 0.139757 0.103127 0.0217681 0.0265578 0.0485425
2 0.138145 0.100905 0.019749 0.0248723 0.0484276
2 0.648029 0.0703754 0.0391444 0.051424 0.0482504
2 0.171217 0.0868982 0.0349834 0.0401375 0.0480901
