5 0.174812 0.643009 0.0877489 0.154451 0.844479
5 0.174881 0.643047 0.0876118 0.154351 0.824983
5 0.17474 0.643002 0.0878955 0.154665 0.777057
5 0.174967 0.643076 0.087841 0.154942 0.770249
5 0.175063 0.643364 0.0876462 0.154482 0.764389
5 0.174964 0.642982 0.0879594 0.154396 0.763011
5 0.406743 0.143584 0.0545434 0.0831411 0.737206
5 0.407085 0.143022 0.055113 0.0831615 0.728531
2 0.0986273 0.779355 0.143296 0.206023 0.718856
2 0.0986942 0.779582 0.142914 0.205911 0.700649
2 0.591856 0.899409 0.131651 0.200602 0.679524
5 0.175148 0.643463 0.0881908 0.154681 0.674104
5 0.406393 0.144008 0.0559034 0.0846668 0.661772
2 0.592854 0.899284 0.132814 0.200645 0.659042
5 0.407335 0.14233 0.0574572 0.0829047 0.646464
2 0.550033 0.15012 0.0274508 0.0386677 0.644763
5 0.406483 0.142911 0.0568557 0.0839271 0.639081
2 0.550014 0.150551 0.0267904 0.0388297 0.637013
2 0.550123 0.150172 0.0277674 0.0396569 0.636442
5 0.174782 0.643405 0.0885808 0.154505 0.633453
2 0.550046 0.150699 0.0265982 0.0379201 0.619782
5 0.174477 0.642788 0.0881787 0.155094 0.610463
2 0.0989552 0.779252 0.143616 0.205929 0.595745
2 0.550055 0.149757 0.0283119 0.0409763 0.586687
5 0.334542 0.193086 0.0539093 0.0886694 0.583791
5 0.334816 0.192165 0.0540909 0.090229 0.567259
5 0.405591 0.144342 0.0555607 0.0827156 0.556043
5 0.407107 0.143966 0.0558147 0.0842152 0.534298
2 0.0977608 0.778211 0.143264 0.205595 0.530759
2 0.0984536 0.778814 0.143169 0.204457 0.517653
0 0.337302 0.286963 0.0158755 0.0565406 0.512567
2 0.09851 0.778164 0.143765 0.205241 0.500272
0 0.337717 0.286359 0.0159225 0.0562112 0.482609
5 0.174653 0.642685 0.0875664 0.154501 0.480282
2 0.404332 0.241823 0.0449646 0.0605433 0.477731
2 0.429969 0.844061 0.107122 0.226969 0.471229
0 0.337928 0.286793 0.0164979 0.0568918 0.469315
2 0.983817 0.68776 0.0315392 0.0863335 0.451573
2 0.0451443 0.939441 0.0894569 0.120509 0.450432
5 0.33655 0.189048 0.0576569 0.097717 0.44867
0 0.33768 0.287178 0.0159555 0.0567305 0.447787
2 0.404133 0.242219 0.0452538 0.0594041 0.447371
2 0.220671 0.894861 0.140761 0.208019 0.445935
2 0.0981528 0.777995 0.143408 0.20334 0.433808
2 0.219603 0.895516 0.143596 0.20735 0.430624
2 0.404167 0.240876 0.0453639 0.0620218 0.424907
2 0.099079 0.777778 0.142785 0.203524 0.42378
2 0.983772 0.688063 0.0315022 0.0868587 0.423613
5 0.334598 0.192926 0.0543389 0.089035 0.421504
2 0.404322 0.241866 0.0449238 0.060841 0.414802
5 0.3354 0.192175 0.0554264 0.090453 0.412503
5 0.406678 0.141439 0.0538237 0.0815803 0.4111
2 0.550153 0.1503 0.0307482 0.0384958 0.410051
2 0.983729 0.687373 0.0320019 0.086158 0.408744
2 0.549939 0.149713 0.0306032 0.0401175 0.407096
2 0.550321 0.152252 0.0264494 0.036094 0.396882
2 0.404403 0.241169 0.0453693 0.0610211 0.380214
5 0.21976 0.89557 0.143368 0.207874 0.372215
0 0.337945 0.287148 0.0164145 0.0565805 0.371636
5 0.220179 0.895696 0.141864 0.207609 0.370668
2 0.270612 0.202833 0.0457308 0.0436272 0.367937
2 0.404176 0.246519 0.0444802 0.0506941 0.366558
2 0.0455728 0.939045 0.0900474 0.120931 0.362561
0 0.337756 0.285873 0.0160394 0.0553432 0.358523
2 0.0452492 0.939198 0.0903597 0.120693 0.356936
2 0.591626 0.899607 0.127591 0.200323 0.356496
0 0.337655 0.285993 0.0170387 0.0564624 0.354176
0 0.337177 0.287238 0.0156591 0.0559551 0.353164
5 0.39065 0.0855592 0.0417688 0.0528848 0.35038
2 0.0446569 0.93957 0.089157 0.120483 0.344491
2 0.550403 0.149594 0.0279856 0.0401262 0.340064
2 0.983678 0.687726 0.0321949 0.0862677 0.339864
2 0.097664 0.778697 0.143659 0.206054 0.339531
2 0.588063 0.896166 0.122306 0.192581 0.338818
2 0.430628 0.845123 0.105869 0.228884 0.338183
5 0.390127 0.0853351 0.0452891 0.0557963 0.337301
5 0.22065 0.894993 0.141919 0.209033 0.335514
2 0.983252 0.688422 0.032991 0.0871332 0.324282
2 0.0453287 0.939177 0.0904382 0.121242 0.318282
2 0.404589 0.241252 0.0453604 0.0604581 0.316882
2 0.0977119 0.778318 0.142615 0.205106 0.315186
5 0.583001 0.728021 0.0940818 0.178031 0.312949
2 0.404269 0.24849 0.0443776 0.0473765 0.311059
2 0.220497 0.895057 0.142456 0.208582 0.310712
2 0.263053 0.211916 0.0297467 0.0262273 0.297548
2 0.983395 0.687791 0.0322884 0.0866308 0.295082
2 0.589509 0.89886 0.126529 0.199388 0.294391
2 0.220226 0.895933 0.14472 0.207068 0.290699
2 0.590185 0.899449 0.127658 0.20065 0.285333
5 0.405397 0.143353 0.0539878 0.0817681 0.283991
2 0.550299 0.151763 0.0256213 0.0378713 0.28157
2 0.273562 0.201158 0.0487926 0.0420047 0.280444
2 0.0450075 0.939563 0.0898594 0.120443 0.278995
2 0.262579 0.212956 0.0298703 0.0245331 0.277921
5 0.43466 0.644709 0.0840414 0.159936 0.275972
2 0.983731 0.687532 0.0315903 0.087573 0.27306
2 0.431028 0.845056 0.106236 0.228427 0.267987
5 0.583029 0.728076 0.0935144 0.178308 0.267251
2 0.430364 0.845791 0.106287 0.228719 0.265591
2 0.273444 0.201921 0.0503732 0.0433945 0.265058
2 0.430384 0.845129 0.106461 0.228484 0.264213
2 0.0456296 0.93936 0.0905439 0.120646 0.262105
0 0.3376 0.287094 0.0164705 0.0569671 0.261528
0 0.337819 0.285023 0.0157124 0.0551604 0.251428
2 0.0451728 0.939724 0.0902934 0.120552 0.25125
2 0.273254 0.20279 0.0512706 0.0446048 0.249916
2 0.589244 0.899272 0.126935 0.199095 0.24773
5 0.434227 0.645083 0.0832258 0.160422 0.233814
2 0.431216 0.84431 0.106388 0.228954 0.229852
0 0.988114 0.266783 0.0223621 0.0589545 0.229683
5 0.333446 0.196942 0.0558445 0.0808925 0.228946
2 0.404074 0.246475 0.0456897 0.0501324 0.228341
0 0.337582 0.284403 0.0154944 0.0531617 0.225874
2 0.548689 0.149384 0.0307878 0.0393552 0.225101
2 0.0454271 0.939803 0.0896209 0.119896 0.224645
2 0.262953 0.211384 0.0301597 0.0275704 0.224299
5 0.33344 0.197776 0.0528838 0.0792995 0.223118
5 0.58171 0.0360842 0.0257634 0.0415348 0.221696
5 0.430959 0.845032 0.106674 0.228511 0.220998
2 0.582855 0.727806 0.093106 0.178953 0.220828
5 0.434184 0.644787 0.0827435 0.158599 0.216898
2 0.583062 0.726839 0.0934767 0.176564 0.21585
2 0.983719 0.687275 0.0318415 0.0881739 0.213825
2 0.58835 0.899116 0.124955 0.198445 0.212861
2 0.434083 0.644359 0.082404 0.159878 0.21175
2 0.590135 0.899691 0.129061 0.200216 0.211745
5 0.404109 0.147026 0.0520181 0.0763943 0.206981
5 0.582897 0.727464 0.0933712 0.17802 0.206181
2 0.273535 0.201183 0.04993 0.0417041 0.200604
2 0.430724 0.844595 0.10687 0.228543 0.19926
2 0.58851 0.899203 0.124994 0.198469 0.198677
5 0.391398 0.0866462 0.0387832 0.0533364 0.198323
2 0.431083 0.844839 0.107443 0.228082 0.195259
0 0.454246 0.280517 0.0130023 0.0515055 0.194997
5 0.390544 0.083858 0.0452387 0.0541946 0.191548
5 0.338545 0.184843 0.0609813 0.105316 0.191487
2 0.226024 0.153818 0.0265054 0.029473 0.186248
5 0.404636 0.147646 0.0527222 0.0729666 0.186175
2 0.404583 0.240916 0.0463446 0.0633262 0.185604
2 0.273242 0.202175 0.0501661 0.0452648 0.184535
2 0.582739 0.728007 0.0936991 0.178613 0.177853
2 0.22719 0.151551 0.0274015 0.032493 0.173893
0 0.454027 0.280857 0.012788 0.0533035 0.171474
2 0.272743 0.20253 0.050099 0.0453299 0.171178
5 0.582902 0.728119 0.0933867 0.178124 0.168382
5 0.582887 0.727929 0.0929842 0.17899 0.165866
2 0.433937 0.644694 0.0818339 0.159664 0.164729
0 0.988355 0.265968 0.0218529 0.0586544 0.156697
2 0.433917 0.644751 0.0825874 0.159759 0.154127
2 0.225951 0.153952 0.026183 0.0288181 0.153269
0 0.14215 0.272072 0.0134929 0.0452109 0.151678
0 0.667883 0.102379 0.0141153 0.026387 0.151139
5 0.407451 0.141415 0.0555528 0.0819914 0.149575
0 0.987718 0.269649 0.020953 0.0528803 0.14947
2 0.590145 0.898836 0.124777 0.198046 0.149301
5 0.433995 0.644503 0.0833217 0.1598 0.144812
5 0.581645 0.0355344 0.0241507 0.040762 0.143675
5 0.582735 0.727348 0.0942801 0.178188 0.138773
5 0.392309 0.0916324 0.0356638 0.0406306 0.138476
2 0.582847 0.727455 0.0939511 0.178562 0.138388
0 0.141727 0.278215 0.0156261 0.0569206 0.137889
2 0.403873 0.251292 0.0442633 0.0417785 0.137889
2 0.404484 0.241224 0.0465916 0.0630006 0.137545
9 0.48023 0.0412864 0.0182594 0.0279126 0.13733
5 0.433946 0.644067 0.0823126 0.159627 0.136144
2 0.589184 0.898286 0.122641 0.19724 0.135143
2 0.273971 0.201364 0.0512336 0.0434418 0.133512
2 0.983678 0.68713 0.0318905 0.085607 0.132888
0 0.988933 0.264018 0.0215187 0.0668387 0.131551
0 0.988399 0.266056 0.0224449 0.0592243 0.128811
2 0.434005 0.64504 0.082623 0.159356 0.127294
2 0.433984 0.645377 0.082914 0.159523 0.123371
5 0.581755 0.0363995 0.0284389 0.0407286 0.121992
2 0.273988 0.201319 0.0499652 0.0425605 0.121614
0 0.988603 0.265049 0.022209 0.0631508 0.11842
5 0.390631 0.0836576 0.0445996 0.0534005 0.115876
5 0.403209 0.14927 0.0487615 0.0732849 0.111594
5 0.342529 0.170831 0.0598216 0.0706657 0.110166
5 0.33781 0.187366 0.0597201 0.100152 0.105666
7 0.333276 0.196954 0.051016 0.0823081 0.103163
0 0.988645 0.265797 0.0221081 0.0600129 0.101915
0 0.142084 0.268102 0.0135662 0.038625 0.0990579
5 0.390037 0.0869191 0.0439907 0.0581066 0.0950158
7 0.22683 0.151627 0.0266827 0.0324346 0.0933135
5 0.339923 0.172536 0.0613968 0.0810938 0.0928155
0 0.988841 0.267534 0.0215004 0.0570144 0.0913418
5 0.332672 0.196589 0.0504669 0.082718 0.0908286
2 0.46601 0.112359 0.02407 0.0264459 0.0904105
0 0.988404 0.262968 0.0221228 0.0548549 0.0886706
0 0.141292 0.275286 0.0178014 0.054381 0.0877808
2 0.283012 0.200053 0.0288083 0.0380835 0.0874901
2 0.0982192 0.77846 0.14338 0.205915 0.0873793
2 0.464549 0.11311 0.0273572 0.0260296 0.0865642
2 0.667469 0.101576 0.0145443 0.0268286 0.0864562
0 0.905393 0.164699 0.00903587 0.0173521 0.0859526
0 0.882281 0.167632 0.00972405 0.0142409 0.0822953
5 0.331693 0.195447 0.0514912 0.0784786 0.0821962
0 0.0209217 0.300839 0.014268 0.0403847 0.0820999
5 0.390141 0.0835133 0.0460135 0.0542217 0.0808042
2 0.442466 0.130003 0.0204078 0.0420022 0.0779638
5 0.389818 0.0863366 0.0419746 0.054477 0.0775087
0 0.141835 0.279361 0.0136657 0.0563425 0.0766481
5 0.219431 0.895364 0.144073 0.208518 0.074928
9 0.822333 0.0825642 0.0123096 0.0346565 0.0749179
0 0.454283 0.278271 0.0117873 0.0460049 0.0732999
5 0.58354 0.0350353 0.030756 0.0440728 0.072658
5 0.639957 0.0242362 0.0304229 0.029735 0.0718714
2 0.443082 0.127535 0.0231007 0.0464777 0.0715575
0 0.759209 0.123388 0.0113203 0.0181477 0.071031
0 0.936956 0.162594 0.00870209 0.0201473 0.0705316
0 0.0682101 0.222069 0.0142372 0.0545848 0.0677101
2 0.465713 0.106903 0.0257614 0.0356408 0.06706
0 0.720174 0.0447367 0.0125677 0.0316257 0.0667657
2 0.983227 0.687419 0.0328999 0.0871222 0.0666125
2 0.460578 0.0981401 0.0365767 0.0480932 0.0662395
2 0.211475 0.881529 0.0876064 0.0790672 0.0650539
2 0.272658 0.20304 0.0489328 0.0412146 0.0643909
0 0.806976 0.158208 0.014389 0.0331489 0.0642639
2 0.983888 0.687959 0.0313641 0.0883623 0.064059
5 0.580714 0.0351733 0.0280329 0.040731 0.0633968
5 0.583284 0.036265 0.0291285 0.0440783 0.063278
5 0.426347 0.0441661 0.0497757 0.0883321 0.0623393
2 0.464479 0.105268 0.028834 0.0397316 0.060923
5 0.490214 0.0445569 0.0370045 0.0553515 0.0604633
2 0.456722 0.0912414 0.0307222 0.0294366 0.0600093
5 0.776632 0.0419112 0.0692021 0.0768049 0.0593561
5 0.496445 0.0469266 0.0253681 0.0512774 0.058525
0 0.0829797 0.152035 0.0150129 0.0446718 0.0584197
0 0.116386 0.185388 0.0127151 0.0248685 0.0583846
5 0.269688 0.123243 0.0250484 0.0373547 0.0578073
0 0.757988 0.12268 0.0106083 0.0177512 0.0575914
2 0.455766 0.0862736 0.027944 0.0278844 0.0560807
2 0.460562 0.099926 0.0364418 0.049129 0.0554051
9 0.480575 0.0402271 0.0194862 0.0341256 0.0548484
0 0.0849061 0.151359 0.0182736 0.0451839 0.0544147
0 0.114943 0.19164 0.0136755 0.0376899 0.0534299
2 0.220523 0.894512 0.142061 0.208028 0.0533781
9 0.822152 0.0839921 0.0118843 0.0336928 0.0531308
0 0.805652 0.156706 0.0139282 0.0363678 0.0529742
2 0.285361 0.198026 0.0280979 0.036772 0.0522372
5 0.407646 0.139133 0.0523209 0.0776367 0.0517061
0 0.116479 0.193842 0.0134107 0.0407846 0.0516927
0 0.442295 0.815519 0.0235094 0.0267216 0.0514379
0 0.128879 0.204043 0.0101273 0.0248462 0.0509828
2 0.405298 0.23981 0.0452794 0.0608187 0.0507551
5 0.270506 0.1221 0.0252291 0.0366867 0.0501566
2 0.0349058 0.948801 0.0688776 0.101894 0.0495101
2 0.224651 0.156901 0.0272164 0.0261627 0.048369
0 0.141143 0.278019 0.0184915 0.059349 0.0482973
5 0.271441 0.122376 0.029307 0.0394856 0.0481522
0 0.669795 0.130316 0.0249467 0.0625753 0.0476478
0 0.905677 0.163154 0.00950851 0.0172977 0.0475976
2 0.225049 0.158767 0.0264429 0.0224907 0.0461068
5 0.640104 0.0262275 0.0269609 0.0275006 0.0457647
0 0.083942 0.156482 0.0140249 0.0367569 0.0456872
5 0.437435 0.0578943 0.0260048 0.0424907 0.0455962
5 0.488628 0.042137 0.0374458 0.0567055 0.0454541
5 0.389487 0.0862506 0.0466812 0.060874 0.0449196
2 0.21094 0.883934 0.0866473 0.0741945 0.0446303
9 0.305066 0.0474651 0.0255449 0.0413769 0.0433206
2 0.211318 0.884036 0.0873595 0.0741989 0.0431347
5 0.437623 0.0561811 0.024444 0.0388913 0.0431305
5 0.436719 0.0587685 0.0246338 0.038955 0.0428662
0 0.021137 0.305747 0.0158474 0.0503717 0.0425585
2 0.98292 0.687397 0.0325315 0.0872309 0.0423342
5 0.423934 0.0440066 0.0474787 0.0880133 0.0416665
5 0.340828 0.172122 0.0618053 0.068693 0.041626
5 0.351657 0.172447 0.0398726 0.0741969 0.041576
0 0.981153 0.183738 0.0126051 0.0304829 0.0415581
0 0.669429 0.123157 0.0232628 0.0733037 0.0413773
5 0.4879 0.0444266 0.0341857 0.0595753 0.0410035
0 0.720246 0.0466208 0.0144703 0.0333978 0.0402782
0 0.0687909 0.207251 0.0111213 0.0232252 0.0399795
2 0.443369 0.127722 0.0252356 0.0456039 0.0394165
2 0.46191 0.101804 0.0333642 0.0465322 0.0392636
5 0.745013 0.0483273 0.0873901 0.0966546 0.0389912
5 0.48986 0.0489571 0.0359451 0.0525725 0.0380601
5 0.749337 0.0490301 0.0887142 0.0976884 0.0380578
0 0.0671483 0.222178 0.0157455 0.0542422 0.0376639
2 0.211376 0.883711 0.0864051 0.0736477 0.0375578
2 0.0329388 0.947699 0.0657626 0.102856 0.0369797
0 0.718881 0.0427075 0.0122032 0.0329266 0.0366895
2 0.0283709 0.950457 0.0566253 0.0980453 0.0365405
9 0.822498 0.0813099 0.0123606 0.0355927 0.0356012
0 0.989228 0.25629 0.0209557 0.0452896 0.0355303
0 0.0660506 0.220114 0.0154919 0.0498451 0.0350179
2 0.041623 0.606766 0.0311352 0.0169549 0.0348698
2 0.341038 0.156052 0.0540531 0.0336617 0.034635
5 0.385848 0.0905069 0.0478404 0.0559852 0.0345621
2 0.5818 0.0341168 0.0261969 0.0411409 0.0344999
0 0.793179 0.107868 0.0116451 0.0312664 0.0340524
5 0.498069 0.0518202 0.0208969 0.04491 0.0336541
0 0.454312 0.281361 0.0124668 0.0548089 0.0334396
0 0.120899 0.194965 0.0140254 0.0418572 0.0332909
5 0.498258 0.0614932 0.0193078 0.0237665 0.0327489
5 0.334737 0.179403 0.0537615 0.0735496 0.0323459
2 0.0400207 0.950393 0.0605048 0.097526 0.0320169
5 0.43648 0.0649316 0.0241009 0.0378486 0.0315053
5 0.639079 0.0241298 0.0280015 0.0280897 0.0312882
5 0.427433 0.0432995 0.046686 0.0857993 0.0312539
