2 0.600239 0.675775 0.189958 0.202932 0.898437
2 0.600969 0.675795 0.190462 0.202776 0.886406
2 0.600448 0.675649 0.191833 0.204279 0.867426
2 0.600203 0.675873 0.190673 0.202326 0.864821
2 0.600192 0.676157 0.190336 0.202508 0.860038
2 0.600053 0.6757 0.190549 0.202521 0.8598
2 0.600532 0.67615 0.190571 0.202728 0.856284
2 0.600326 0.676282 0.191793 0.203188 0.853277
2 0.350538 0.685766 0.210853 0.20927 0.846552
2 0.350783 0.685446 0.208094 0.209563 0.828565
2 0.600831 0.675923 0.190455 0.202657 0.815851
2 0.350884 0.685367 0.209563 0.210345 0.794936
2 0.350402 0.685361 0.209465 0.208969 0.788037
2 0.350457 0.686602 0.209836 0.209743 0.780714
2 0.412027 0.286901 0.0743043 0.0666548 0.767847
2 0.351041 0.686245 0.210533 0.208227 0.765485
2 0.351145 0.684939 0.209566 0.212043 0.759511
2 0.0746091 0.532916 0.119336 0.104653 0.744109
2 0.0745175 0.53249 0.119894 0.103806 0.741152
2 0.411673 0.287088 0.0763723 0.0680482 0.722654
2 0.411937 0.286839 0.0744316 0.0663149 0.717705
2 0.350806 0.684742 0.211416 0.211683 0.715647
2 0.411873 0.286891 0.0746786 0.067558 0.695249
2 0.0745712 0.532843 0.120577 0.103991 0.687208
2 0.351032 0.686637 0.209841 0.209433 0.684393
2 0.411357 0.28726 0.0764393 0.0680223 0.675635
2 0.0750258 0.533496 0.117764 0.103573 0.672962
2 0.90818 0.314995 0.102765 0.107923 0.651567
2 0.41203 0.287279 0.0765974 0.0674578 0.650042
2 0.0748011 0.534077 0.119141 0.103806 0.648313
2 0.908022 0.315187 0.101493 0.107826 0.637528
2 0.654146 0.099837 0.0463901 0.0438116 0.635437
2 0.908109 0.315344 0.101566 0.107956 0.624954
2 0.908364 0.31514 0.101352 0.10776 0.61482
2 0.0745404 0.532707 0.11862 0.104391 0.614266
2 0.0749788 0.5324 0.12012 0.10357 0.608639
2 0.074969 0.532976 0.119239 0.104783 0.600219
2 0.653529 0.0992434 0.0469292 0.043127 0.590944
2 0.907889 0.315159 0.100865 0.108053 0.584621
2 0.412092 0.28701 0.0770327 0.0671369 0.581629
2 0.908241 0.315036 0.10258 0.108567 0.579118
2 0.907991 0.314679 0.101207 0.10843 0.573083
5 0.85168 0.261427 0.0853859 0.110933 0.568645
2 0.653373 0.0996533 0.0470268 0.0434544 0.550307
2 0.907828 0.315826 0.101634 0.10821 0.54619
2 0.653593 0.10017 0.047435 0.0442835 0.543004
0 0.0895312 0.172375 0.0426063 0.0916049 0.532388
2 0.411695 0.287068 0.0740026 0.0674238 0.528598
2 0.908063 0.31514 0.101647 0.107782 0.521382
2 0.0744856 0.533233 0.118228 0.103007 0.519898
2 0.412 0.287549 0.0749204 0.0680348 0.516839
2 0.654337 0.0991466 0.0463343 0.0430969 0.511533
2 0.0751984 0.533365 0.119631 0.10288 0.507224
5 0.851363 0.261113 0.0846014 0.110803 0.494734
6 0.567238 0.367928 0.780027 0.735855 0.492814
0 0.0885312 0.17389 0.0418082 0.0932768 0.486237
5 0.851596 0.261808 0.0854647 0.109361 0.470596
0 0.0899505 0.173213 0.0420647 0.09126 0.469139
2 0.908199 0.314637 0.101744 0.1073 0.46015
5 0.851429 0.261072 0.0844658 0.110281 0.457083
2 0.653483 0.0993227 0.0474014 0.043466 0.445502
2 0.653259 0.0989216 0.047521 0.0437223 0.437566
2 0.653527 0.0992457 0.0470892 0.0423762 0.429523
5 0.851108 0.26112 0.0849587 0.110599 0.408342
0 0.0889166 0.172302 0.042107 0.0924379 0.399445
5 0.851364 0.261235 0.0849003 0.111925 0.387409
5 0.851313 0.261293 0.0850929 0.109499 0.370308
2 0.41186 0.287269 0.0748017 0.0677111 0.34511
0 0.0893209 0.173824 0.0425378 0.0919641 0.31714
6 0.560527 0.3713 0.765763 0.742599 0.295226
2 0.654134 0.0992158 0.0464014 0.0427674 0.281263
6 0.591214 0.363185 0.775579 0.725122 0.278807
0 0.0891686 0.173114 0.0408972 0.0907338 0.260706
0 0.0877146 0.173644 0.0415996 0.0941718 0.259841
0 0.0908665 0.17055 0.0418994 0.0879013 0.248551
0 0.089072 0.173827 0.0422443 0.0924053 0.244141
6 0.444676 0.39838 0.855076 0.761687 0.225335
0 0.090226 0.172617 0.0428554 0.0933402 0.221654
6 0.603306 0.357649 0.687749 0.715298 0.220353
2 0.601256 0.676804 0.191397 0.202886 0.203168
6 0.572793 0.37949 0.69743 0.748902 0.193828
5 0.851565 0.261466 0.0843514 0.112047 0.187538
2 0.0524454 0.46682 0.0484894 0.0457912 0.182148
2 0.410802 0.287005 0.0755597 0.0672223 0.180638
2 0.0978041 0.401149 0.101318 0.102646 0.179247
2 0.715412 0.0879511 0.0372501 0.0381754 0.175863
6 0.494238 0.382405 0.828806 0.746414 0.172429
2 0.0976842 0.402851 0.102251 0.104834 0.170647
6 0.452551 0.40484 0.824605 0.740337 0.16817
2 0.652777 0.0997939 0.0488989 0.04496 0.158463
2 0.0731973 0.53332 0.117135 0.0987822 0.153918
5 0.851545 0.261365 0.0854948 0.108967 0.152674
6 0.477365 0.382149 0.820708 0.738122 0.150228
0 0.0861201 0.175766 0.0399275 0.0917236 0.149825
2 0.0985908 0.400658 0.100078 0.101774 0.133692
2 0.0981598 0.402177 0.10199 0.104204 0.133
2 0.0529881 0.466828 0.048382 0.0457923 0.12819
6 0.491701 0.381095 0.728624 0.657124 0.127192
6 0.340586 0.122811 0.679507 0.242285 0.121315
0 0.0913824 0.1717 0.0422971 0.0884131 0.121284
2 0.0685325 0.532703 0.111066 0.0991239 0.120605
2 0.100964 0.401241 0.0975199 0.101681 0.119467
2 0.0977301 0.412531 0.103959 0.124288 0.116407
2 0.0736121 0.532354 0.118819 0.0995323 0.116183
0 0.401006 0.0538508 0.0213312 0.0407784 0.116065
2 0.223589 0.470554 0.104701 0.102181 0.113648
2 0.0971726 0.404054 0.102438 0.107598 0.113091
6 0.271046 0.615747 0.541399 0.627132 0.112309
6 0.338915 0.118096 0.673743 0.234674 0.111451
0 0.403006 0.0539592 0.0193977 0.0401144 0.109945
2 0.223491 0.470989 0.104701 0.101435 0.109341
6 0.479202 0.396567 0.773539 0.749901 0.108136
2 0.0522391 0.467842 0.0485922 0.0438486 0.104881
0 0.401493 0.0547395 0.0233829 0.0465299 0.100957
0 0.402429 0.0545271 0.0210779 0.0449333 0.098961
2 0.052386 0.467041 0.0484835 0.0439625 0.0988102
2 0.0979849 0.406368 0.103525 0.111955 0.0963952
6 0.527834 0.367945 0.804643 0.713621 0.0950432
6 0.333057 0.118194 0.661678 0.235414 0.094167
6 0.333511 0.121175 0.66573 0.241727 0.0930609
2 0.0390546 0.196517 0.0615536 0.0415479 0.0928561
2 0.0528624 0.467844 0.0498321 0.0468311 0.0924641
2 0.223929 0.470398 0.104224 0.100738 0.0916487
0 0.735923 0.0800531 0.0181873 0.0410315 0.0904293
2 0.223612 0.470427 0.104337 0.102131 0.0894257
0 0.739204 0.074673 0.0123253 0.0294864 0.0889638
2 0.710428 0.0910988 0.0284601 0.0287517 0.0883913
2 0.0389972 0.195701 0.0612787 0.038305 0.0861981
5 0.268959 0.627413 0.537919 0.677556 0.0861151
2 0.413051 0.287348 0.0772332 0.0680493 0.0860186
2 0.101182 0.401225 0.0958956 0.102909 0.0836591
2 0.0920761 0.423056 0.117528 0.145048 0.0821498
5 0.837786 0.264785 0.0584682 0.0986558 0.0801511
2 0.0549612 0.466088 0.0534438 0.0489957 0.0764997
2 0.710964 0.0889642 0.0293925 0.0297173 0.0760755
0 0.735175 0.080247 0.0185078 0.0385699 0.0755155
0 0.400975 0.0527652 0.0227735 0.0398945 0.0754957
0 0.403255 0.0526015 0.0201907 0.0406954 0.0750057
2 0.711898 0.0903393 0.0301875 0.0304991 0.0730526
2 0.712353 0.0885012 0.028527 0.0295009 0.0728976
0 0.737743 0.0792072 0.016249 0.0366068 0.0725227
2 0.0389513 0.194186 0.0593171 0.0385073 0.0703327
2 0.0401114 0.194377 0.0585093 0.0372603 0.0702066
2 0.0555472 0.469961 0.0578249 0.0523325 0.0678701
2 0.0247922 0.232435 0.0494466 0.0475193 0.0672809
2 0.447278 0.307395 0.0486664 0.0562521 0.0666992
5 0.85185 0.261129 0.0858919 0.110719 0.0663782
6 0.58396 0.338652 0.796919 0.665834 0.065894
2 0.0957291 0.418479 0.106317 0.138012 0.0647578
2 0.0271506 0.23782 0.0543011 0.0563518 0.0643203
2 0.0889395 0.42173 0.121946 0.144041 0.063261
2 0.0360442 0.208997 0.069943 0.0661344 0.0625483
2 0.22105 0.470371 0.102734 0.103651 0.0623266
5 0.283744 0.614559 0.567489 0.636805 0.0620306
2 0.088298 0.512381 0.0922644 0.0610752 0.0619384
2 0.0561367 0.471616 0.0585898 0.0587325 0.0613942
6 0.342918 0.117199 0.654467 0.233447 0.0602279
2 0.220823 0.46836 0.104868 0.104851 0.059681
2 0.0556632 0.465335 0.0520313 0.0490747 0.0595825
2 0.0515996 0.467433 0.0475482 0.0458347 0.0586238
2 0.0398792 0.194856 0.0594403 0.0382907 0.0554798
6 0.939142 0.0733471 0.121403 0.146694 0.0538744
2 0.0290967 0.231311 0.0580341 0.0516677 0.0527261
9 0.170655 0.0190923 0.0259879 0.0381845 0.0512973
2 0.0234423 0.231271 0.0467494 0.0429626 0.050256
2 0.65324 0.0995081 0.0477331 0.0423204 0.0487676
2 0.655956 0.099514 0.0433339 0.0422714 0.0484152
2 0.600275 0.676155 0.19069 0.203306 0.0472087
2 0.446513 0.307812 0.0458583 0.0551699 0.046768
2 0.0226179 0.230778 0.0451133 0.0461072 0.0465614
9 0.870297 0.128532 0.0202086 0.0279356 0.0462528
6 0.430806 0.436295 0.828601 0.766167 0.0459667
2 0.107374 0.395742 0.0797435 0.0911076 0.0453321
2 0.0376968 0.204678 0.0692104 0.0570013 0.0444429
9 0.869509 0.125328 0.0176069 0.0228302 0.0436606
0 0.0887206 0.167516 0.0388873 0.078987 0.0435225
6 0.340679 0.12269 0.656859 0.245034 0.0433916
2 0.557059 0.381381 0.0813093 0.0654673 0.0430413
2 0.098646 0.393667 0.094966 0.0877245 0.0419775
2 0.0353553 0.225897 0.0706037 0.0714775 0.04156
2 0.0410736 0.193753 0.0573943 0.0369219 0.0415457
2 0.556853 0.380213 0.0849541 0.0683605 0.0414514
2 0.0921216 0.454093 0.119333 0.0951334 0.0404236
2 0.0355147 0.215477 0.0710293 0.0734594 0.0401309
5 0.320375 0.607496 0.64075 0.708251 0.0399626
2 0.451972 0.306648 0.0592522 0.0560986 0.0392278
2 0.0366145 0.216132 0.0729707 0.0759117 0.0389115
2 0.44605 0.308648 0.0454745 0.056072 0.0388834
2 0.0863496 0.511393 0.0921793 0.0589966 0.0384321
2 0.349958 0.683542 0.210469 0.211806 0.0381163
2 0.0598615 0.467509 0.065545 0.0545395 0.0374108
2 0.769447 0.0909376 0.0190913 0.0161919 0.0370991
2 0.0221632 0.230458 0.0443063 0.0435399 0.0369509
2 0.735634 0.081532 0.0183987 0.0417173 0.0361306
6 0.260867 0.625362 0.520079 0.615714 0.0353968
2 0.411926 0.286441 0.0745108 0.0664903 0.0351424
6 0.358362 0.105057 0.609444 0.209963 0.0347992
2 0.44623 0.309294 0.0451837 0.0524824 0.0342142
2 0.0363485 0.217689 0.0724176 0.0748332 0.0340758
2 0.0945409 0.451098 0.118039 0.100236 0.0340264
0 0.735821 0.0797865 0.0172694 0.0427123 0.0336874
2 0.0851334 0.512836 0.0958612 0.0629845 0.0335145
2 0.150283 0.502259 0.264666 0.177496 0.0331602
0 0.0911239 0.170983 0.0422714 0.0886769 0.0329703
2 0.0173068 0.230311 0.0344846 0.0438969 0.0328521
2 0.64835 0.108511 0.0389671 0.0260686 0.0320638
2 0.653531 0.0994325 0.0480301 0.04337 0.0320306
2 0.109814 0.394038 0.0752784 0.0882952 0.031839
6 0.939304 0.0736979 0.120365 0.145969 0.0315395
2 0.445664 0.308255 0.0457268 0.0569924 0.0314519
2 0.22242 0.470652 0.10282 0.10186 0.0306714
2 0.0260772 0.240949 0.0520512 0.0642801 0.0299899
2 0.350974 0.686851 0.210809 0.210668 0.0299359
2 0.557717 0.377798 0.0892791 0.0742916 0.029529
2 0.44604 0.307688 0.0470567 0.0538196 0.0294396
6 0.938853 0.0705308 0.121127 0.140769 0.0294076
2 0.646198 0.108431 0.0343672 0.0270222 0.0290909
2 0.014454 0.231839 0.0288619 0.0426507 0.0290546
6 0.405435 0.0979517 0.533902 0.195903 0.0290234
6 0.379022 0.112252 0.594523 0.223318 0.0289351
2 0.053617 0.476882 0.0581834 0.0733948 0.0288598
6 0.315076 0.122414 0.623275 0.235933 0.0286523
2 0.0941562 0.424595 0.113688 0.146727 0.0282189
2 0.0371129 0.212833 0.0738951 0.0747313 0.0278769
2 0.558317 0.378662 0.0835481 0.0715719 0.026176
2 0.0975873 0.398275 0.0949198 0.097208 0.0252147
2 0.446354 0.307321 0.0466494 0.0530808 0.0251961
2 0.107835 0.725587 0.215671 0.266778 0.0249565
0 0.734721 0.0813936 0.0209105 0.040934 0.0249267
2 0.0346432 0.214205 0.0692057 0.0747676 0.024891
2 0.0964961 0.403638 0.102989 0.106465 0.0244665
2 0.0282523 0.240864 0.0565045 0.0630256 0.0242039
2 0.112798 0.714642 0.225595 0.249616 0.0237001
2 0.0469987 0.217428 0.0925398 0.081737 0.0236016
2 0.041041 0.203982 0.0658591 0.0551869 0.0230811
2 0.10984 0.430645 0.0863253 0.102728 0.0230123
2 0.0244487 0.230173 0.0484472 0.0443314 0.0223418
2 0.111359 0.397577 0.0733151 0.0871461 0.0221963
2 0.457093 0.306163 0.0682272 0.0598697 0.0221637
2 0.15077 0.494206 0.264317 0.181143 0.0217371
6 0.342132 0.148124 0.682558 0.294545 0.0216311
2 0.110817 0.394191 0.0728196 0.0878067 0.0216132
0 0.0877935 0.166121 0.0364427 0.0755706 0.0212335
5 0.84926 0.26123 0.0815628 0.100767 0.0212224
2 0.45622 0.30654 0.066293 0.0589294 0.0211853
6 0.938668 0.0690607 0.12034 0.138121 0.0208849
0 0.406069 0.0499751 0.0212361 0.0439482 0.0207497
2 0.0975219 0.394908 0.0941409 0.0899056 0.0207329
2 0.772242 0.0900045 0.0243204 0.0184853 0.020587
2 0.721483 0.0816118 0.050127 0.0511652 0.0204793
0 0.871794 0.141431 0.0240063 0.0523012 0.0204168
5 0.850776 0.262557 0.0840248 0.10972 0.0202701
5 0.269979 0.583336 0.539959 0.650682 0.0200999
2 0.0391053 0.195352 0.058232 0.0347047 0.019785
2 0.0486088 0.468884 0.0431455 0.0401333 0.0195421
6 0.939567 0.0749799 0.119566 0.140163 0.0192764
0 0.736414 0.0803993 0.0198666 0.0372174 0.0191549
2 0.253986 0.700134 0.0221293 0.0399485 0.0190051
5 0.373429 0.546239 0.746858 0.709285 0.0189357
9 0.171386 0.0193276 0.0286651 0.0350513 0.0188623
2 0.713891 0.0823601 0.0343434 0.0429008 0.0185702
5 0.12613 0.157871 0.123629 0.118621 0.0184967
2 0.34397 0.564592 0.0892331 0.0699303 0.018207
9 0.171686 0.0205604 0.0275917 0.0351139 0.0181246
2 0.088669 0.512487 0.0906783 0.060532 0.0180074
2 0.169547 0.181189 0.0590411 0.0421606 0.0177306
2 0.0865653 0.493271 0.133938 0.179773 0.0174664
9 0.170946 0.0198144 0.0285099 0.0348295 0.0174549
2 0.643768 0.110651 0.0310144 0.0251036 0.017427
9 0.171704 0.0201436 0.0283642 0.0354774 0.0172372
2 0.771357 0.0892715 0.0236914 0.0195078 0.0169203
9 0.171113 0.0199891 0.0277557 0.0353686 0.0168103
6 0.939571 0.0920788 0.119784 0.109803 0.0166982
2 0.150542 0.498756 0.260654 0.181991 0.0166525
0 0.856076 0.154752 0.032489 0.0444428 0.0166381
2 0.0818217 0.197292 0.0366603 0.0515534 0.0165547
5 0.361525 0.578569 0.723049 0.742033 0.016481
2 0.152045 0.49906 0.275469 0.170803 0.016404
6 0.938919 0.0772066 0.122162 0.142147 0.0162455
9 0.170952 0.0198459 0.0270459 0.0347461 0.0158933
2 0.0364447 0.231755 0.0728894 0.0741216 0.0155491
2 0.413449 0.287138 0.0790993 0.0675706 0.0155381
5 0.135941 0.153977 0.123151 0.11098 0.0153211
6 0.355577 0.119331 0.638251 0.238127 0.0151562
2 0.110765 0.396331 0.074308 0.0869358 0.0146938
6 0.354003 0.105296 0.628307 0.210261 0.0146716
0 0.167861 0.169067 0.05463 0.0663751 0.0145154
5 0.130668 0.156165 0.118088 0.115473 0.0140665
6 0.308147 0.126982 0.611735 0.245875 0.0140353
0 0.0922197 0.166846 0.0382922 0.0799849 0.0136492
6 0.418246 0.476557 0.836493 0.710267 0.0134958
5 0.125361 0.156441 0.138391 0.115849 0.0133903
2 0.0373058 0.224434 0.0739748 0.0720532 0.0133516
2 0.111275 0.406621 0.0784063 0.0948424 0.0132871
2 0.557276 0.383452 0.0810423 0.0603734 0.0131717
0 0.168705 0.168439 0.0566824 0.0672225 0.0131642
5 0.135132 0.153515 0.118307 0.110787 0.0131488
2 0.652729 0.0997238 0.0495726 0.0428098 0.0130807
5 0.837262 0.265703 0.0570026 0.0960417 0.013036
2 0.556494 0.380074 0.0884743 0.0681242 0.0130115
