2 0.505406 0.594996 0.235133 0.23198 0.876879
2 0.505561 0.594391 0.235297 0.232754 0.873413
2 0.505347 0.59417 0.235303 0.2333 0.869045
2 0.505463 0.593991 0.235386 0.234105 0.867773
2 0.505336 0.59484 0.235436 0.232866 0.862559
2 0.505424 0.594547 0.23561 0.233548 0.842731
2 0.505659 0.596214 0.236257 0.23011 0.839758
2 0.679639 0.31813 0.0885328 0.109508 0.83757
2 0.505493 0.595914 0.235183 0.230999 0.819837
2 0.505121 0.593201 0.236553 0.236077 0.818247
2 0.505387 0.59315 0.236255 0.236097 0.805771
2 0.679423 0.318173 0.0888737 0.108796 0.804173
2 0.679736 0.317798 0.0878428 0.109315 0.790165
2 0.679994 0.317425 0.0884299 0.108088 0.766746
2 0.679487 0.31767 0.0881778 0.109207 0.760987
2 0.679931 0.316887 0.0882429 0.108967 0.735506
2 0.679712 0.317572 0.0878472 0.108914 0.732442
2 0.683459 0.194914 0.0756155 0.087956 0.716241
2 0.679581 0.318116 0.0880011 0.108997 0.711031
2 0.679697 0.317759 0.0876062 0.108022 0.710107
2 0.683355 0.195035 0.0753202 0.0874333 0.658558
2 0.229676 0.197662 0.114042 0.0671853 0.640932
2 0.229794 0.197519 0.113037 0.0671784 0.639178
2 0.67932 0.317855 0.0883246 0.110887 0.634494
2 0.683025 0.194611 0.0757177 0.087611 0.632161
2 0.230474 0.19805 0.115098 0.0670795 0.630281
2 0.683294 0.194969 0.075695 0.0874795 0.620688
2 0.230143 0.197796 0.114296 0.0668651 0.620047
2 0.683211 0.194784 0.0757195 0.0877069 0.619292
2 0.229963 0.197462 0.11362 0.0666252 0.617546
2 0.229671 0.198045 0.114195 0.0671406 0.617358
2 0.683221 0.195085 0.0754583 0.0872156 0.613523
2 0.683275 0.194773 0.0756811 0.0878098 0.602196
2 0.683204 0.194721 0.0759669 0.0876265 0.579411
0 0.959689 0.144831 0.0217094 0.0790048 0.56938
2 0.68361 0.194753 0.0753143 0.0885462 0.550201
0 0.959475 0.144548 0.0218437 0.0783062 0.545351
2 0.230196 0.197435 0.114167 0.0675941 0.54469
0 0.958965 0.14494 0.0204979 0.0788158 0.493072
0 0.958025 0.144926 0.0179577 0.0783723 0.467374
0 0.960527 0.14402 0.0224785 0.0783416 0.451654
0 0.960424 0.144459 0.0223892 0.0793348 0.442482
0 0.139794 0.274095 0.0334506 0.0740827 0.417823
0 0.960263 0.144685 0.0230331 0.0794806 0.380913
0 0.140178 0.273812 0.033714 0.0737959 0.376364
0 0.960646 0.144455 0.0241661 0.0802668 0.375583
2 0.683378 0.195696 0.0762878 0.084717 0.361191
0 0.960134 0.145875 0.0209064 0.0775099 0.360852
2 0.845998 0.188199 0.0794823 0.100969 0.355869
0 0.0755882 0.279955 0.0271773 0.086597 0.354011
2 0.846506 0.187235 0.0800827 0.101383 0.320822
0 0.138608 0.272964 0.0312445 0.0728009 0.314645
0 0.139862 0.272774 0.0328359 0.0721849 0.309791
2 0.229888 0.19859 0.114453 0.0692086 0.298704
0 0.0766127 0.282452 0.0278919 0.0856995 0.294339
0 0.0750448 0.280487 0.0270621 0.08631 0.280848
2 0.228726 0.19863 0.109914 0.0672931 0.278979
0 0.140492 0.27324 0.0362734 0.0731267 0.277605
0 0.961023 0.144148 0.0234932 0.080993 0.263748
5 0.886064 0.0959562 0.0815933 0.187389 0.261692
2 0.846317 0.188781 0.0791 0.101462 0.240455
2 0.229535 0.198195 0.113124 0.0660311 0.233539
5 0.869608 0.100029 0.112725 0.199275 0.230514
0 0.0760978 0.281447 0.0278672 0.0841987 0.228652
0 0.0756356 0.27998 0.0268388 0.0869346 0.228411
0 0.138476 0.273629 0.0321807 0.0746975 0.221616
5 0.885959 0.0968653 0.0777929 0.184239 0.219354
0 0.960415 0.145844 0.0221584 0.0781054 0.205739
0 0.140487 0.27504 0.0368663 0.0733153 0.204101
2 0.846187 0.187771 0.0807348 0.102014 0.201119
0 0.140763 0.274019 0.0335487 0.0731566 0.199364
5 0.886785 0.0933205 0.0814245 0.181088 0.194182
5 0.855396 0.122792 0.114967 0.240203 0.192658
5 0.883396 0.11531 0.0720907 0.146732 0.186979
5 0.86142 0.120774 0.116008 0.235838 0.177984
0 0.0414151 0.312169 0.0294257 0.0896195 0.177946
5 0.887422 0.0979303 0.0812233 0.170662 0.171983
5 0.887072 0.106034 0.0793224 0.152108 0.16943
9 0.467244 0.0599281 0.0106327 0.0240653 0.159274
0 0.966366 0.135312 0.0145626 0.0623886 0.158019
5 0.854561 0.135932 0.11496 0.269156 0.155612
0 0.0426353 0.311967 0.0306209 0.0890265 0.152718
5 0.882341 0.121678 0.0681938 0.148302 0.139837
0 0.96101 0.143616 0.0225685 0.0788879 0.134315
0 0.0415687 0.31114 0.0296377 0.088881 0.128075
0 0.343122 0.159522 0.0176026 0.0593396 0.127506
2 0.84814 0.187617 0.0779884 0.0987355 0.125569
2 0.98749 0.110778 0.0244801 0.0768751 0.125161
0 0.0413507 0.312252 0.0289501 0.0880864 0.12001
5 0.858337 0.133168 0.113214 0.260874 0.11999
5 0.872015 0.104994 0.0999905 0.177506 0.119018
0 0.0414689 0.311589 0.0300106 0.0879969 0.11751
5 0.862813 0.140904 0.0973335 0.183086 0.115225
2 0.84654 0.189248 0.0825363 0.0975658 0.112663
0 0.0787338 0.287026 0.0295211 0.0829811 0.107327
0 0.342865 0.163269 0.0163534 0.0535588 0.104622
0 0.0412041 0.311483 0.0288723 0.0906393 0.103132
2 0.866959 0.186827 0.0383352 0.0982097 0.102795
0 0.141078 0.272963 0.0351659 0.0750965 0.101198
2 0.987937 0.110296 0.0234467 0.0783567 0.101145
9 0.467533 0.0615106 0.0131279 0.0256833 0.099811
5 0.857624 0.121321 0.11816 0.23874 0.0992494
5 0.868099 0.116271 0.0883879 0.143963 0.0971652
0 0.0905705 0.304352 0.030373 0.05843 0.0957481
0 0.00703488 0.330162 0.0140604 0.0387457 0.0956286
5 0.88601 0.0891848 0.0818619 0.177811 0.0934636
2 0.868154 0.187244 0.0380878 0.0983349 0.0932173
5 0.868449 0.118158 0.120963 0.233329 0.0911734
2 0.683486 0.196265 0.0769899 0.0839663 0.0910204
2 0.866781 0.188026 0.0364449 0.0970322 0.0862712
0 0.0412506 0.313473 0.0295021 0.0925918 0.084631
0 0.143658 0.27538 0.0336578 0.0744956 0.0827718
0 0.0787523 0.283238 0.0338453 0.0922881 0.0805559
2 0.98795 0.109446 0.0235111 0.0788067 0.0798275
0 0.868129 0.182298 0.0381538 0.0918062 0.0796573
0 0.0748064 0.269695 0.024394 0.0639136 0.0775947
9 0.464395 0.0637068 0.0145599 0.028099 0.0769743
0 0.042964 0.313024 0.0326611 0.0928143 0.0767479
0 0.0419888 0.311853 0.0292812 0.0891099 0.0747254
0 0.00839661 0.332067 0.0166754 0.0357063 0.0746696
5 0.855214 0.144009 0.107087 0.187695 0.0735171
0 0.546566 0.177689 0.0184666 0.0407315 0.0709506
0 0.872656 0.17688 0.0300491 0.0879589 0.0708386
2 0.985714 0.115478 0.0277601 0.0685684 0.0703621
5 0.88655 0.113996 0.0769829 0.140026 0.070126
5 0.858452 0.116688 0.119347 0.231207 0.0690925
2 0.987787 0.118086 0.0237137 0.0625415 0.0688056
0 0.0911825 0.298687 0.0256544 0.0634275 0.0673977
2 0.986576 0.112599 0.0262503 0.0759579 0.0661181
5 0.906218 0.0973293 0.153819 0.194497 0.0643673
0 0.0896832 0.306361 0.0342693 0.0578199 0.06424
0 0.0741229 0.281492 0.0337654 0.0897984 0.0638258
2 0.987569 0.11064 0.0241875 0.0761572 0.0637514
2 0.867972 0.1861 0.0385954 0.0977077 0.0633746
0 0.342876 0.167999 0.0158749 0.0451108 0.0629038
0 0.342926 0.147955 0.0208499 0.0771447 0.0616663
5 0.857962 0.139876 0.104992 0.1858 0.0610427
0 0.0125644 0.345727 0.0249605 0.0660964 0.0599029
2 0.849354 0.183885 0.0744942 0.0904925 0.0587869
0 0.343422 0.127475 0.019292 0.0391043 0.0564901
2 0.986865 0.111564 0.0255112 0.0756456 0.0544166
0 0.540699 0.175929 0.0333107 0.0461158 0.0538033
2 0.987452 0.111181 0.0244427 0.0762716 0.0531675
0 0.0733526 0.280107 0.0348875 0.0925251 0.053065
0 0.342087 0.160774 0.0185137 0.06033 0.0523131
0 0.577435 0.173701 0.0125609 0.0362499 0.0522289
2 0.0104569 0.260395 0.0208296 0.0377344 0.0519922
0 0.0765717 0.266297 0.0267153 0.0471791 0.0511387
0 0.0832858 0.288685 0.0374521 0.0880935 0.0500567
5 0.921817 0.0889863 0.156365 0.177854 0.0499893
2 0.0122836 0.261998 0.024456 0.0398243 0.04944
0 0.546182 0.177206 0.0202572 0.0425481 0.0484067
2 0.820592 0.267532 0.0254772 0.0325089 0.04815
0 0.33824 0.164368 0.0190184 0.0544305 0.0479024
0 0.343004 0.149048 0.0203345 0.0803098 0.0453351
0 0.0112327 0.347491 0.0224653 0.0660906 0.0448321
5 0.871392 0.0923823 0.111446 0.184507 0.0435213
0 0.147297 0.287637 0.0274448 0.0555259 0.0433504
0 0.546563 0.175333 0.0234041 0.0447893 0.0431204
2 0.683246 0.194811 0.075362 0.0844807 0.0431132
0 0.0896453 0.305529 0.0338154 0.0585617 0.0429069
0 0.0346113 0.256373 0.0196942 0.0456216 0.0425891
0 0.0857843 0.305514 0.0390901 0.0576259 0.0418698
5 0.900593 0.110148 0.171719 0.219392 0.0417039
0 0.342468 0.124343 0.0201906 0.0326593 0.0415038
2 0.867092 0.187421 0.0370871 0.0988569 0.0414933
0 0.577567 0.173113 0.012599 0.0367735 0.0412518
2 0.867615 0.184743 0.0382923 0.0917973 0.039938
0 0.343613 0.131586 0.021756 0.0498785 0.0393244
2 0.989635 0.108781 0.0200907 0.0719665 0.038647
2 0.845388 0.199147 0.0842899 0.129724 0.0385774
0 0.0871999 0.307278 0.0400087 0.0578368 0.0384163
0 0.407556 0.129857 0.0153543 0.0373775 0.037285
0 0.0127986 0.346903 0.0255972 0.0662016 0.0371531
2 0.987374 0.111101 0.0246063 0.0793873 0.0368595
1 0.141213 0.290097 0.0340648 0.0482981 0.036583
2 0.846891 0.182233 0.0843986 0.113219 0.0364573
2 0.84332 0.189188 0.085569 0.102604 0.0364325
9 0.458994 0.0640653 0.0183397 0.0260663 0.0362377
0 0.0315118 0.260348 0.0193404 0.0450755 0.0358981
2 0.988156 0.105739 0.0231693 0.0772584 0.0352983
0 0.034448 0.243866 0.0178127 0.0601733 0.0349506
0 0.0326765 0.24635 0.0197035 0.0665534 0.0349079
0 0.0875783 0.305964 0.0388439 0.0601292 0.0345119
2 0.0124429 0.347712 0.0247963 0.0676986 0.0343677
2 0.680179 0.316359 0.08993 0.104914 0.0342997
2 0.86413 0.188983 0.0316879 0.0954697 0.0332811
5 0.918404 0.0963018 0.158405 0.191789 0.0327194
2 0.820548 0.268371 0.0263107 0.0323418 0.032078
2 0.0121326 0.348643 0.0241484 0.0644943 0.0319566
0 0.340072 0.157799 0.0258305 0.0669539 0.0317717
0 0.0392181 0.310937 0.0262099 0.0907467 0.0315905
0 0.543436 0.174404 0.0304712 0.0471252 0.0313261
0 0.0345733 0.230299 0.0148354 0.0402183 0.0312797
0 0.14315 0.28692 0.0281002 0.0495583 0.0310236
0 0.0328862 0.263383 0.0184819 0.0467402 0.0306383
0 0.889394 0.164242 0.0334705 0.0675239 0.0305335
2 0.986698 0.124444 0.0255787 0.0503545 0.0303549
9 0.454685 0.0681435 0.0105481 0.0193044 0.0300975
2 0.987916 0.126436 0.0234547 0.0457359 0.0299248
28 0.0124929 0.348208 0.0247808 0.0658787 0.0296939
2 0.820883 0.267569 0.0269327 0.0340361 0.029433
0 0.148382 0.291487 0.0259542 0.0534534 0.0283789
0 0.872686 0.179248 0.0291523 0.0858699 0.0282373
0 0.13399 0.251738 0.0193958 0.0301778 0.0280341
0 0.0346127 0.239757 0.0162614 0.0562371 0.027683
3 0.0908303 0.307676 0.0334114 0.0567182 0.0268889
0 0.137591 0.288634 0.0313489 0.0483847 0.0261499
0 0.969838 0.124214 0.0129868 0.0429381 0.0260034
0 0.870202 0.181223 0.0348358 0.0889889 0.0258435
5 0.91911 0.0964958 0.159732 0.192739 0.0256208
2 0.820254 0.266754 0.0255901 0.0321218 0.0252152
2 0.505216 0.595735 0.235679 0.231972 0.0252075
2 0.844229 0.191346 0.0795944 0.103474 0.0249503
0 0.0741896 0.303481 0.0216883 0.0483287 0.024887
0 0.957926 0.126078 0.0152998 0.0438181 0.0248222
5 0.907615 0.0996591 0.177576 0.199287 0.0247797
0 0.140616 0.265907 0.0286075 0.0593956 0.0246443
0 0.0158047 0.322009 0.0316093 0.0690733 0.0244427
0 0.781143 0.146721 0.0126259 0.0345174 0.0241974
5 0.861373 0.119631 0.107754 0.150437 0.0231828
0 0.5473 0.177119 0.0226379 0.0414924 0.0231013
0 0.137072 0.291646 0.0309477 0.0480174 0.0226695
2 0.00989921 0.257315 0.0197423 0.0389486 0.0220038
0 0.0124979 0.342417 0.0249958 0.0553024 0.0219211
2 0.2774 0.174263 0.0247382 0.0276081 0.021704
28 0.0123833 0.34954 0.0246852 0.0635515 0.021513
0 0.00775413 0.31751 0.0154757 0.0709427 0.0207125
0 0.0196868 0.317302 0.0388679 0.0748708 0.020233
0 0.875913 0.176387 0.0228645 0.0789809 0.0199816
2 0.232563 0.198597 0.120787 0.0678189 0.0199253
0 0.0552199 0.283954 0.021269 0.0614803 0.0196232
2 0.245417 0.183037 0.0834122 0.0352442 0.0196166
0 0.337615 0.169991 0.0174166 0.0445689 0.0190474
2 0.011966 0.349163 0.0238203 0.0635274 0.0187404
2 0.843256 0.207386 0.0857719 0.142585 0.0186375
0 0.0905893 0.286429 0.0153215 0.0499116 0.0185394
5 0.861378 0.101336 0.119561 0.202494 0.0183039
0 0.15113 0.294568 0.0211396 0.05461 0.0182675
2 0.238375 0.186331 0.0978268 0.0411589 0.0179178
2 0.276837 0.181054 0.0240929 0.0348003 0.0179116
0 0.0127744 0.326127 0.0253634 0.0982081 0.0178453
2 0.820947 0.268272 0.0270523 0.0327505 0.0176371
2 0.848468 0.152934 0.0860355 0.170589 0.0176175
2 0.865463 0.193192 0.0321667 0.0882533 0.0175681
0 0.341251 0.148434 0.0263052 0.0796102 0.0173747
2 0.992122 0.0857678 0.0149307 0.0312613 0.017115
2 0.820348 0.238097 0.0338697 0.0927363 0.0168104
5 0.832098 0.128006 0.155143 0.252508 0.0167417
0 0.0273348 0.314497 0.0180284 0.0767212 0.0166674
9 0.0134607 0.0110957 0.0263088 0.0220632 0.016197
2 0.0161831 0.261621 0.0263736 0.0400682 0.0161236
9 0.130207 0.0522272 0.013233 0.0311868 0.0158447
0 0.781234 0.148174 0.0112494 0.0321836 0.015598
5 0.921668 0.090958 0.155715 0.181477 0.0154517
0 0.540492 0.169365 0.0336996 0.0562267 0.0153581
0 0.959972 0.148086 0.0190796 0.0738603 0.0152095
3 0.0870247 0.309132 0.0368451 0.0563069 0.0150652
5 0.832721 0.123851 0.158115 0.244852 0.0146267
0 0.504923 0.551445 0.0375799 0.0363983 0.0145723
0 0.872159 0.160598 0.0388021 0.0596128 0.0145634
0 0.056868 0.289498 0.0196444 0.053555 0.0143485
2 0.225129 0.191813 0.103171 0.0548564 0.0143418
0 0.0339179 0.272267 0.0175372 0.055404 0.0143188
0 0.0744336 0.307189 0.0211736 0.0492538 0.0139681
0 0.444825 0.139711 0.0168932 0.0474898 0.0139298
9 0.197207 0.141775 0.0115364 0.024857 0.0138888
0 0.00446318 0.168851 0.00882015 0.0849202 0.0137295
0 0.875265 0.171898 0.0234093 0.0723575 0.0134914
2 0.862744 0.201524 0.0277428 0.0724752 0.0134731
2 0.819207 0.267144 0.0293898 0.0361201 0.0133248
0 0.0107165 0.280146 0.021433 0.0740915 0.0131788
2 0.87777 0.15343 0.059256 0.0953527 0.0131731
5 0.918178 0.0909728 0.163422 0.181946 0.013154
0 0.385345 0.168044 0.0171235 0.0452893 0.0131267
2 0.85356 0.184008 0.0904366 0.0929964 0.0130319
13 0.537718 0.175662 0.0285122 0.0362527 0.0128908
2 0.0184801 0.259746 0.0216238 0.0384037 0.0128682
5 0.841699 0.14755 0.130312 0.186912 0.0126617
5 0.206083 0.125829 0.0960687 0.100733 0.012514
13 0.539974 0.176026 0.0312428 0.0419585 0.0124966
2 0.841454 0.162488 0.0932449 0.155034 0.0124141
0 0.342452 0.122779 0.0216682 0.0362413 0.0123279
0 0.136513 0.274883 0.0420241 0.0748387 0.0121926
2 0.878194 0.158028 0.0576418 0.0934313 0.0120658
0 0.0112916 0.292039 0.0225831 0.100899 0.0120621
9 0.13038 0.0477645 0.0118 0.0243078 0.012052
0 0.00451939 0.173409 0.00894777 0.0845879 0.0119875
5 0.967655 0.0995159 0.061454 0.16856 0.01194
0 0.144054 0.269455 0.0333125 0.0647422 0.0117934
0 0.406851 0.130348 0.0147066 0.0369926 0.0117538
2 0.849978 0.18663 0.0863543 0.101503 0.0117391
0 0.0121606 0.26082 0.0243212 0.0387903 0.0112318
2 0.835994 0.231251 0.0667915 0.0977156 0.0111378
2 0.844947 0.209624 0.0832603 0.148914 0.0109624
0 0.445373 0.143578 0.0180334 0.0531938 0.0107996
2 0.278293 0.19027 0.0177134 0.0167906 0.0107153
0 0.886449 0.0839498 0.0333771 0.03655 0.0106831
0 0.0347269 0.235103 0.0180563 0.0542199 0.0106728
5 0.216108 0.136892 0.112155 0.131399 0.0105594
