5 0.147483 0.511369 0.211802 0.312239 0.851552
5 0.146532 0.507935 0.214099 0.310363 0.844272
2 0.13245 0.793215 0.116482 0.176528 0.824389
2 0.132722 0.793628 0.116083 0.175425 0.822341
2 0.132473 0.793523 0.116031 0.175599 0.817588
5 0.148689 0.509883 0.213252 0.316675 0.812703
5 0.41683 0.319551 0.0641576 0.142867 0.811206
2 0.132135 0.793028 0.116319 0.175845 0.795257
2 0.280245 0.763389 0.109701 0.173969 0.788878
5 0.416016 0.319411 0.0630009 0.141912 0.787433
2 0.132625 0.793117 0.116167 0.176314 0.764676
5 0.417111 0.319579 0.0651383 0.143638 0.762857
2 0.132855 0.79303 0.116314 0.177125 0.76022
5 0.417177 0.31979 0.0642053 0.143345 0.756733
5 0.417039 0.319157 0.0650496 0.143132 0.751569
2 0.202542 0.923543 0.148973 0.151875 0.740226
2 0.280103 0.763444 0.108962 0.173563 0.739964
5 0.416271 0.319235 0.0633255 0.142181 0.737766
2 0.132309 0.793632 0.115921 0.175442 0.724598
2 0.132462 0.793312 0.115715 0.17611 0.722411
5 0.149381 0.507283 0.213612 0.320795 0.705961
2 0.280247 0.762989 0.11029 0.173765 0.699656
2 0.202821 0.923878 0.148244 0.15177 0.691855
5 0.148919 0.505796 0.217561 0.323838 0.689492
5 0.14617 0.509437 0.214314 0.318031 0.689202
2 0.202752 0.923565 0.148654 0.151972 0.689146
2 0.202702 0.923762 0.148197 0.151936 0.685848
5 0.0855765 0.500292 0.160803 0.292477 0.684724
0 0.519038 0.496956 0.0201153 0.0844088 0.683561
2 0.280596 0.762881 0.109719 0.174898 0.676245
2 0.132567 0.793863 0.116198 0.175491 0.675881
0 0.518952 0.49745 0.0197597 0.0850453 0.673786
2 0.280037 0.762877 0.109443 0.173857 0.664343
2 0.202054 0.924046 0.149808 0.150903 0.658143
5 0.0825067 0.501211 0.165013 0.291871 0.654204
0 0.519086 0.496525 0.0204275 0.0855396 0.650777
5 0.147346 0.510523 0.215487 0.31714 0.646499
5 0.416517 0.319751 0.0629432 0.140151 0.644354
2 0.132416 0.792899 0.115389 0.177051 0.641554
5 0.0822008 0.499649 0.164345 0.294252 0.641
0 0.519179 0.497739 0.0209532 0.0873165 0.624815
2 0.279965 0.762482 0.110075 0.17216 0.623106
2 0.393502 0.930132 0.12721 0.139016 0.621163
2 0.280299 0.763165 0.111557 0.172068 0.620982
5 0.147082 0.508964 0.211616 0.315661 0.619204
2 0.39413 0.930318 0.12617 0.138978 0.618333
2 0.203013 0.923786 0.147464 0.151812 0.617334
5 0.298601 0.482437 0.0572006 0.0865532 0.614172
2 0.393223 0.930385 0.127689 0.139073 0.613461
2 0.393389 0.93018 0.127784 0.138662 0.609851
5 0.0826814 0.503618 0.165363 0.288624 0.609132
2 0.39292 0.930206 0.127601 0.138779 0.608398
2 0.201959 0.923866 0.149334 0.151874 0.605994
2 0.202568 0.924334 0.149744 0.150747 0.60528
5 0.082339 0.498671 0.164612 0.291938 0.603706
2 0.279954 0.762736 0.110274 0.172609 0.599654
0 0.518877 0.497296 0.0210809 0.0877717 0.598107
0 0.518843 0.497261 0.0210566 0.0882433 0.597378
5 0.553197 0.738087 0.0810327 0.168002 0.59471
2 0.392919 0.930189 0.128152 0.138619 0.592253
5 0.553409 0.738034 0.0812925 0.167526 0.588821
2 0.32555 0.640806 0.0852311 0.134945 0.58099
2 0.953726 0.395456 0.0656364 0.0612671 0.575653
2 0.280268 0.763211 0.109721 0.174073 0.567823
5 0.415482 0.319722 0.0618957 0.142901 0.5677
5 0.298122 0.481276 0.056636 0.0878332 0.560013
2 0.280099 0.762801 0.109928 0.174422 0.555979
2 0.0551971 0.937948 0.109711 0.123059 0.553987
0 0.519179 0.499285 0.0195942 0.0835392 0.552531
2 0.0552727 0.938182 0.109408 0.122815 0.549257
2 0.325378 0.641137 0.0855561 0.1358 0.537377
2 0.953134 0.395387 0.0648766 0.0618782 0.536672
5 0.0829579 0.503929 0.165916 0.288514 0.534761
2 0.3252 0.640082 0.0849692 0.133936 0.529251
2 0.952937 0.39568 0.0650215 0.0625821 0.519442
5 0.553643 0.738165 0.0816509 0.167619 0.518952
2 0.325496 0.640673 0.0847169 0.134735 0.51269
5 0.298211 0.481992 0.0574515 0.0876007 0.510735
2 0.393415 0.929997 0.128244 0.139122 0.509957
2 0.953604 0.39596 0.0661831 0.0606757 0.508325
2 0.952702 0.395503 0.0645546 0.0622028 0.488036
2 0.953477 0.395803 0.0663134 0.0628095 0.478956
2 0.326127 0.640679 0.0848956 0.134849 0.474213
5 0.0834066 0.502948 0.166813 0.289803 0.471461
5 0.148073 0.507361 0.216322 0.323621 0.465288
5 0.553804 0.738105 0.0823002 0.167567 0.463798
2 0.0556797 0.937902 0.110875 0.123186 0.453101
2 0.39425 0.929967 0.126614 0.13928 0.452398
2 0.953544 0.396316 0.0661217 0.0619967 0.450709
5 0.298119 0.481392 0.0565554 0.0881294 0.450358
2 0.325962 0.640649 0.0854389 0.135653 0.445591
2 0.0553446 0.938011 0.11024 0.123145 0.440101
5 0.417174 0.742109 0.0911471 0.168431 0.439174
2 0.055182 0.938709 0.110109 0.122544 0.436857
2 0.95288 0.395736 0.0639158 0.0605374 0.433826
2 0.953492 0.395631 0.0650181 0.0624984 0.431283
5 0.298379 0.482091 0.0572159 0.0864237 0.429013
5 0.553638 0.73825 0.0819066 0.167558 0.425864
5 0.298275 0.481553 0.057542 0.088032 0.424265
5 0.41677 0.307539 0.0648821 0.165028 0.418439
2 0.261719 0.568444 0.0693265 0.0931208 0.417504
2 0.39362 0.929843 0.128394 0.139394 0.415462
2 0.0556837 0.937894 0.110899 0.123191 0.415333
2 0.325523 0.640958 0.0838932 0.135175 0.404826
5 0.553112 0.737031 0.0798939 0.169126 0.404237
5 0.264823 0.236132 0.0328724 0.0703968 0.402872
2 0.0552724 0.93812 0.110145 0.123108 0.400514
5 0.416869 0.74264 0.0917296 0.168758 0.396741
2 0.20247 0.924033 0.150104 0.151495 0.394689
2 0.557643 0.920034 0.108371 0.158816 0.389828
5 0.0590099 0.721179 0.11802 0.153305 0.38938
5 0.553783 0.738106 0.0823169 0.167784 0.386317
5 0.448479 0.585306 0.0764875 0.150262 0.383867
2 0.39368 0.929914 0.128436 0.139492 0.383612
5 0.417222 0.742436 0.091031 0.167869 0.382929
5 0.29809 0.482086 0.0553834 0.0896119 0.38263
5 0.0825998 0.452565 0.1652 0.196118 0.380788
5 0.553888 0.738531 0.0827078 0.167843 0.379839
5 0.448356 0.584412 0.076781 0.148857 0.374248
2 0.416991 0.741947 0.0919989 0.167608 0.373037
2 0.416672 0.742567 0.0914869 0.168313 0.366201
2 0.261245 0.567686 0.0693333 0.09664 0.363908
2 0.0554982 0.938011 0.11032 0.123364 0.361621
5 0.448263 0.584494 0.0760647 0.149608 0.35696
5 0.264928 0.247067 0.0332773 0.0471882 0.355583
2 0.0591092 0.720954 0.118218 0.151757 0.351622
2 0.261513 0.56935 0.0695757 0.0925323 0.349547
5 0.0592766 0.720845 0.118498 0.152948 0.348682
2 0.325399 0.640505 0.0839645 0.134264 0.348607
5 0.448029 0.585274 0.0757921 0.150435 0.345129
5 0.058993 0.7207 0.117986 0.151235 0.341217
2 0.953645 0.396186 0.0640635 0.0613448 0.339821
2 0.059529 0.720469 0.118788 0.153073 0.339636
5 0.298191 0.483022 0.0563849 0.0857029 0.327632
2 0.417008 0.742336 0.0914158 0.168076 0.326995
2 0.936517 0.331938 0.0314377 0.0310073 0.326169
2 0.557267 0.920186 0.10826 0.158579 0.325962
2 0.26195 0.563191 0.0702449 0.102002 0.322895
0 0.904492 0.348845 0.0143656 0.0527387 0.319039
5 0.0830272 0.460662 0.164918 0.213062 0.316212
5 0.264356 0.238939 0.0337008 0.0632893 0.315448
5 0.397039 0.42048 0.049831 0.111818 0.313954
5 0.554141 0.738198 0.0837625 0.167899 0.312804
5 0.0827178 0.459529 0.163994 0.209133 0.30686
5 0.416932 0.742055 0.0910028 0.168646 0.301848
2 0.325357 0.641154 0.0848004 0.135195 0.301093
2 0.260439 0.568218 0.0680503 0.0919117 0.295121
5 0.265253 0.240457 0.0335217 0.061741 0.289355
5 0.0593411 0.720885 0.118445 0.153097 0.279031
2 0.0593407 0.721269 0.118256 0.151997 0.276665
2 0.968865 0.305409 0.0304312 0.0288965 0.273362
2 0.557751 0.919864 0.110044 0.159156 0.269966
5 0.0593252 0.721036 0.117949 0.152444 0.268256
5 0.264003 0.235004 0.0347474 0.0704575 0.267859
2 0.448047 0.584017 0.0765627 0.148291 0.265576
5 0.41711 0.742083 0.0909326 0.168183 0.262962
5 0.0256514 0.561861 0.0512059 0.172607 0.262906
2 0.558942 0.920206 0.109284 0.159209 0.259752
2 0.553769 0.739373 0.0826412 0.169487 0.257706
2 0.356035 0.555844 0.0740353 0.0984283 0.256206
2 0.355371 0.554654 0.0743806 0.103011 0.254922
5 0.263756 0.236361 0.0319072 0.0719396 0.252356
5 0.416955 0.304222 0.0644178 0.169781 0.252351
5 0.354828 0.272036 0.0694911 0.125733 0.246202
2 0.936081 0.332726 0.0311005 0.0310342 0.244962
5 0.298687 0.483164 0.0564515 0.085647 0.243234
5 0.265946 0.248006 0.0351454 0.0466523 0.241206
2 0.260096 0.569624 0.0662895 0.0907985 0.239514
5 0.448169 0.584116 0.0761768 0.14873 0.238669
2 0.262 0.561079 0.0708082 0.107771 0.238449
7 0.1962 0.64519 0.0991715 0.179649 0.23796
5 0.396804 0.417023 0.0489213 0.117831 0.237799
5 0.41677 0.742502 0.0918222 0.16915 0.235979
5 0.39668 0.416815 0.0501632 0.118384 0.235127
5 0.355049 0.270081 0.0707624 0.125514 0.227062
5 0.448144 0.584147 0.076475 0.148561 0.220671
2 0.447643 0.584334 0.0767647 0.148152 0.218162
5 0.3557 0.269153 0.0690654 0.12214 0.217296
5 0.025169 0.563173 0.05024 0.170366 0.216358
2 0.0592033 0.7211 0.117604 0.151835 0.216214
5 0.0257879 0.562616 0.0515758 0.17105 0.214631
2 0.536202 0.156404 0.0208279 0.0222771 0.212625
2 0.954664 0.397614 0.0612982 0.0604014 0.211848
2 0.556012 0.920355 0.104146 0.159291 0.2099
0 0.519786 0.501025 0.0173157 0.0814148 0.207222
5 0.354759 0.269847 0.07007 0.124238 0.205925
2 0.557842 0.919865 0.10882 0.159143 0.205075
5 0.0256243 0.562733 0.0511195 0.171218 0.201708
5 0.261898 0.235975 0.0341624 0.0723967 0.200895
0 0.904118 0.352547 0.0130291 0.0470972 0.200443
5 0.0594448 0.720926 0.118508 0.151113 0.198519
0 0.904435 0.347458 0.0156094 0.0535595 0.198315
2 0.935915 0.333438 0.0303402 0.0296553 0.197855
2 0.968574 0.303524 0.0296759 0.0312302 0.196849
7 0.19647 0.645122 0.0993888 0.179307 0.196552
5 0.196655 0.645735 0.099342 0.179289 0.192749
5 0.196516 0.645601 0.0995635 0.17869 0.1898
5 0.0236964 0.563577 0.047307 0.168959 0.187184
5 0.0823868 0.440334 0.164343 0.167896 0.185502
2 0.416909 0.741947 0.0918257 0.167622 0.185372
7 0.196241 0.647933 0.099342 0.173927 0.184312
5 0.0258101 0.563215 0.0515902 0.16938 0.183344
2 0.936429 0.332831 0.0312664 0.0296155 0.179171
7 0.397531 0.436926 0.0503929 0.0805286 0.177805
2 0.556404 0.920204 0.108666 0.158518 0.177603
5 0.196461 0.647303 0.0991257 0.174926 0.176636
5 0.265513 0.248275 0.0343326 0.0452315 0.176317
2 0.557044 0.92028 0.108722 0.15929 0.172596
5 0.25112 0.383098 0.107116 0.175872 0.172057
5 0.413287 0.338373 0.0619736 0.103609 0.168209
5 0.1246 0.52099 0.174557 0.235155 0.166922
0 0.518801 0.495089 0.020476 0.083765 0.165618
2 0.938772 0.328494 0.037248 0.0382175 0.16536
5 0.219858 0.23257 0.0284253 0.0357716 0.164618
2 0.937868 0.331485 0.0360626 0.0307036 0.164247
2 0.968277 0.305127 0.0313168 0.0284802 0.163786
2 0.936656 0.330562 0.0330877 0.0341154 0.163723
5 0.124758 0.533983 0.173468 0.256111 0.161867
5 0.355398 0.270751 0.071285 0.12714 0.159304
5 0.0865968 0.504268 0.167205 0.306729 0.158598
5 0.413333 0.337008 0.0618783 0.0981931 0.1573
5 0.0818657 0.495992 0.163157 0.294197 0.155911
2 0.354702 0.554457 0.0736805 0.106711 0.155715
2 0.554973 0.897062 0.0974915 0.112778 0.15367
2 0.964458 0.300677 0.037818 0.0348708 0.153289
5 0.354459 0.270267 0.070464 0.125501 0.150625
0 0.870164 0.285721 0.00979309 0.0359519 0.149699
2 0.354172 0.5545 0.0739852 0.10603 0.147687
2 0.554789 0.896717 0.0986765 0.112145 0.14394
5 0.266387 0.248399 0.0351516 0.045762 0.140052
2 0.273737 0.526791 0.0496793 0.0494211 0.139838
5 0.146305 0.501612 0.218422 0.330801 0.139815
2 0.396663 0.434811 0.0480359 0.083587 0.139491
5 0.355311 0.270309 0.0706956 0.126536 0.137594
7 0.1966 0.648355 0.0997605 0.173926 0.136237
2 0.558486 0.919798 0.109831 0.159421 0.13585
2 0.557022 0.920338 0.105643 0.159323 0.133999
2 0.259633 0.568529 0.0657363 0.0914091 0.133599
2 0.196822 0.644692 0.0989654 0.179777 0.131235
2 0.952813 0.393194 0.064183 0.0572548 0.130977
5 0.0819995 0.449362 0.163549 0.190804 0.130854
2 0.969474 0.305242 0.0303728 0.0290013 0.129955
2 0.356354 0.555384 0.0746216 0.104058 0.12949
5 0.0587235 0.525298 0.117218 0.25478 0.127619
2 0.260897 0.566059 0.0699773 0.0989027 0.12735
2 0.536014 0.156869 0.0210962 0.022398 0.126948
2 0.557899 0.920323 0.106884 0.159048 0.122802
0 0.870325 0.283316 0.0101128 0.0392853 0.119955
5 0.397014 0.435776 0.048901 0.0814604 0.114879
2 0.272433 0.529356 0.052719 0.055029 0.114659
5 0.219099 0.233585 0.0309663 0.0335154 0.113757
7 0.397468 0.436558 0.049962 0.08018 0.113241
5 0.356609 0.268853 0.06614 0.123466 0.11309
5 0.297001 0.319704 0.0736938 0.13145 0.11275
2 0.356226 0.555347 0.0743911 0.103833 0.112049
5 0.295299 0.319751 0.0760757 0.131857 0.110807
2 0.353322 0.555192 0.0755705 0.103359 0.108996
7 0.19637 0.650115 0.0996405 0.170449 0.10358
5 0.265778 0.248295 0.0345101 0.0452519 0.0998821
5 0.298556 0.480731 0.0593295 0.085958 0.0996054
2 0.35576 0.555651 0.072965 0.10218 0.0991764
5 0.298706 0.480742 0.0568075 0.086263 0.0991261
2 0.438324 0.130017 0.0239067 0.0221731 0.0986836
2 0.968684 0.304262 0.0318285 0.03119 0.0970696
2 0.447568 0.584283 0.0762161 0.149113 0.0948975
9 0.709607 0.128654 0.0127629 0.0316438 0.0940896
5 0.0194212 0.563652 0.0387707 0.166648 0.0932846
5 0.220085 0.231631 0.0297286 0.0373058 0.0916759
2 0.272858 0.526262 0.0495047 0.0489782 0.0914178
5 0.737294 0.121983 0.0731258 0.108363 0.0908044
5 0.262722 0.232898 0.0315496 0.0650332 0.0905006
2 0.556434 0.920319 0.109282 0.158339 0.0871926
0 0.0498687 0.349947 0.0172885 0.0326001 0.085224
2 0.271183 0.52982 0.0541396 0.0552855 0.0849392
5 0.297963 0.481434 0.0565783 0.0911701 0.0846344
2 0.272958 0.524963 0.0506947 0.0477407 0.0809993
2 0.555852 0.897691 0.10072 0.113476 0.0807093
5 0.295942 0.320074 0.0738955 0.133375 0.0796028
2 0.535667 0.156401 0.0237968 0.0218933 0.0795188
5 0.413611 0.333135 0.0594577 0.0886413 0.0791917
9 0.708773 0.125937 0.0105537 0.0281122 0.0789435
2 0.261074 0.565499 0.0693204 0.0905537 0.0788377
2 0.554478 0.896084 0.096525 0.11027 0.0779946
0 0.049992 0.350586 0.017217 0.0320684 0.0779388
5 0.0281379 0.555346 0.0562168 0.185578 0.076503
5 0.41352 0.338992 0.0592907 0.101432 0.0762565
2 0.25748 0.570149 0.0612991 0.0886274 0.0759695
2 0.354502 0.557428 0.0737389 0.10308 0.0758332
5 0.266562 0.368793 0.110029 0.210033 0.074323
7 0.396617 0.436635 0.0514113 0.0816625 0.0739111
0 0.0508773 0.350397 0.0152621 0.0302544 0.0735155
2 0.968134 0.29875 0.029431 0.0393106 0.0722601
2 0.369232 0.48707 0.0592142 0.0750183 0.0717525
5 0.12312 0.525619 0.172067 0.23127 0.0712849
7 0.396817 0.436353 0.0496959 0.0806285 0.0712726
5 0.0627886 0.528125 0.125568 0.253164 0.071261
5 0.252471 0.383255 0.105345 0.170558 0.0711821
5 0.219909 0.232007 0.0297111 0.0372443 0.0706001
5 0.55324 0.737417 0.0811145 0.167399 0.0704411
0 0.381658 0.276302 0.0142825 0.0373196 0.0696959
