2 0.627095 0.648594 0.150792 0.174279 0.947065
5 0.694524 0.311054 0.333302 0.314536 0.935423
5 0.693516 0.310699 0.333195 0.315435 0.927979
2 0.627042 0.648684 0.150913 0.174045 0.926995
5 0.693547 0.311557 0.332241 0.313956 0.923882
5 0.694496 0.311033 0.331904 0.316066 0.922413
5 0.694048 0.31179 0.332117 0.316109 0.912756
5 0.694755 0.31164 0.33083 0.31582 0.90935
5 0.694659 0.312048 0.331009 0.314627 0.891883
5 0.694715 0.310426 0.334247 0.316996 0.890385
2 0.944029 0.87682 0.110643 0.243756 0.874644
5 0.693144 0.309853 0.332612 0.31505 0.872405
5 0.0955016 0.122012 0.19047 0.124092 0.855776
5 0.0947372 0.120737 0.189474 0.126201 0.851418
2 0.944768 0.877117 0.109918 0.243314 0.850425
2 0.626999 0.649026 0.1511 0.174973 0.847556
2 0.943975 0.877244 0.110474 0.243459 0.844921
5 0.69451 0.310496 0.33147 0.317737 0.842664
5 0.0956085 0.121803 0.189659 0.12407 0.841518
2 0.627462 0.648899 0.150841 0.175368 0.836365
2 0.627324 0.648797 0.150817 0.175035 0.832743
2 0.632343 0.460822 0.132854 0.12483 0.827539
5 0.0948504 0.120812 0.189701 0.124845 0.825406
2 0.631519 0.460636 0.133269 0.124373 0.824408
2 0.627263 0.648966 0.151239 0.175887 0.821619
2 0.431866 0.325477 0.093064 0.078992 0.817882
2 0.632006 0.46055 0.131833 0.124796 0.804982
2 0.431761 0.325628 0.0924891 0.0786053 0.804774
2 0.63173 0.460569 0.1333 0.124562 0.803026
2 0.944653 0.877139 0.110122 0.243499 0.800714
2 0.632163 0.460445 0.133385 0.124404 0.788189
2 0.632018 0.460381 0.132588 0.123818 0.785612
2 0.944743 0.876895 0.109882 0.243171 0.775709
2 0.431826 0.325787 0.0933004 0.0797948 0.764175
2 0.626838 0.64847 0.152351 0.175073 0.763816
2 0.632348 0.460806 0.133087 0.124504 0.762487
2 0.4316 0.325807 0.0926544 0.0797792 0.762036
2 0.43136 0.325845 0.0933563 0.0798826 0.75551
2 0.431749 0.325713 0.093048 0.0791393 0.754778
2 0.631975 0.460531 0.132935 0.123909 0.75023
2 0.626168 0.648786 0.152222 0.175625 0.745473
2 0.313425 0.302331 0.0768769 0.0951933 0.743288
2 0.944244 0.876783 0.110038 0.243549 0.739018
2 0.63198 0.460667 0.132685 0.124089 0.735501
5 0.419608 0.200328 0.157636 0.197552 0.730775
2 0.626776 0.648269 0.150715 0.174576 0.730372
2 0.313271 0.302083 0.0769351 0.0954822 0.728536
2 0.944347 0.876825 0.110668 0.244036 0.72142
2 0.313262 0.302364 0.0769237 0.0958735 0.718399
2 0.313408 0.302088 0.076718 0.0963076 0.712547
5 0.0953669 0.121401 0.190734 0.12387 0.705356
5 0.0945724 0.119799 0.189125 0.123996 0.699597
2 0.93623 0.433481 0.12754 0.137737 0.696454
2 0.313246 0.302076 0.0775805 0.0954643 0.696223
2 0.431692 0.326253 0.0932406 0.081627 0.69237
2 0.313314 0.301991 0.0770748 0.0954811 0.688654
5 0.0946778 0.121983 0.188975 0.123655 0.685494
2 0.313329 0.301905 0.0776618 0.0956802 0.682287
5 0.419588 0.200158 0.157576 0.196849 0.67785
5 0.0952473 0.121583 0.189125 0.124254 0.677466
2 0.313323 0.302126 0.0780008 0.0956265 0.675851
2 0.935618 0.432705 0.128011 0.137967 0.673099
5 0.419454 0.199399 0.158102 0.199867 0.669996
2 0.935985 0.432706 0.127417 0.13814 0.661924
5 0.419457 0.200743 0.157885 0.195267 0.661736
2 0.936364 0.432697 0.127271 0.137587 0.650453
2 0.313318 0.301984 0.0769249 0.0957333 0.646997
2 0.943956 0.876938 0.110217 0.24428 0.642372
2 0.935519 0.432997 0.128368 0.137207 0.641795
2 0.313292 0.302493 0.0767611 0.0959088 0.629785
5 0.419824 0.201067 0.157882 0.197359 0.624927
5 0.419977 0.201676 0.157496 0.196374 0.624501
2 0.935647 0.432138 0.128051 0.138641 0.616545
5 0.419192 0.200664 0.158428 0.19735 0.610278
2 0.935515 0.432456 0.128169 0.138989 0.607337
3 0.0264642 0.565901 0.0528176 0.069294 0.602373
5 0.419012 0.200899 0.158229 0.1975 0.599871
3 0.0264819 0.566329 0.0529639 0.0693673 0.598288
2 0.9359 0.432021 0.128016 0.138433 0.589751
2 0.936014 0.433403 0.127695 0.137231 0.58318
0 0.814192 0.102762 0.0179157 0.0536044 0.580827
2 0.942753 0.34763 0.113599 0.0962035 0.578189
3 0.0267308 0.568961 0.0534279 0.0659627 0.577306
0 0.814357 0.102227 0.017625 0.0530729 0.572365
2 0.942776 0.342749 0.113421 0.0862085 0.570478
2 0.944228 0.878014 0.110558 0.243791 0.56259
2 0.942726 0.352471 0.113771 0.106264 0.561314
2 0.77152 0.225705 0.0779069 0.058601 0.553811
3 0.0264611 0.567336 0.0529221 0.0695259 0.55189
0 0.148902 0.392575 0.0364874 0.0820487 0.545105
2 0.942979 0.347427 0.113486 0.0958054 0.536496
2 0.771574 0.226092 0.0783069 0.0592494 0.530829
3 0.147738 0.426136 0.0563302 0.0661257 0.528375
2 0.770949 0.225582 0.078343 0.0578171 0.527736
2 0.702804 0.183925 0.0561283 0.0718494 0.525734
2 0.431423 0.326416 0.093013 0.0811814 0.522644
2 0.943175 0.349268 0.113309 0.0992752 0.521575
2 0.943005 0.34722 0.113453 0.0957853 0.518668
2 0.942694 0.345739 0.114091 0.0919841 0.518587
0 0.153499 0.291616 0.0259228 0.0729662 0.518005
2 0.703025 0.183631 0.0568653 0.0706086 0.516703
3 0.147999 0.423013 0.0543518 0.068155 0.516574
0 0.813742 0.103468 0.0174431 0.0531091 0.514949
2 0.77164 0.225689 0.0788892 0.059116 0.508628
0 0.153025 0.290473 0.0252258 0.0719686 0.507955
0 0.15274 0.288534 0.0253664 0.069001 0.507404
3 0.026812 0.569585 0.0517093 0.0654369 0.497014
0 0.814607 0.101905 0.0174532 0.0529004 0.496564
3 0.0263145 0.567587 0.0524309 0.0696913 0.490539
2 0.23811 0.218073 0.0826487 0.0925685 0.477411
0 0.814175 0.102323 0.018947 0.0518633 0.474686
2 0.941957 0.358043 0.115674 0.116468 0.472286
3 0.147234 0.424828 0.0566258 0.0681251 0.469601
2 0.171447 0.187558 0.0724928 0.0759642 0.468078
2 0.942533 0.356775 0.114128 0.114632 0.46195
0 0.152993 0.291706 0.0259836 0.0744071 0.461646
2 0.238585 0.218449 0.0835932 0.0947308 0.457366
0 0.150751 0.392005 0.033267 0.0790835 0.456202
3 0.14863 0.424957 0.0538877 0.0657593 0.454366
0 0.814285 0.101921 0.0194191 0.0526859 0.451564
0 0.150902 0.392009 0.0376711 0.0806196 0.450745
2 0.942017 0.359905 0.115492 0.119689 0.449646
2 0.77167 0.225293 0.0762097 0.0578587 0.446578
2 0.77245 0.226165 0.077637 0.0593561 0.440831
2 0.238623 0.218758 0.0825765 0.0941391 0.434555
2 0.45571 0.420899 0.0936651 0.150753 0.42892
3 0.0267386 0.569239 0.0526924 0.0658365 0.42208
2 0.77341 0.227117 0.0773903 0.0602035 0.420873
2 0.238215 0.219301 0.0825988 0.0949778 0.420442
0 0.147657 0.39593 0.0306051 0.0872557 0.419004
2 0.478311 0.0954241 0.0334198 0.0293321 0.411979
2 0.171399 0.187675 0.0713791 0.07597 0.411786
3 0.0266109 0.569824 0.0530285 0.0640752 0.410327
0 0.813573 0.102018 0.0198128 0.052983 0.409077
0 0.152931 0.287186 0.0246481 0.0664695 0.405837
0 0.15106 0.393725 0.0329979 0.0829375 0.404418
2 0.478689 0.0951278 0.0328793 0.0299259 0.403559
3 0.0264365 0.568057 0.052873 0.0668076 0.403308
2 0.772834 0.226027 0.0769796 0.0580717 0.402858
0 0.150214 0.392702 0.0366128 0.0830043 0.401531
2 0.238678 0.218452 0.0834325 0.0949453 0.400653
2 0.645771 0.116626 0.0349756 0.0470733 0.398659
0 0.154418 0.290308 0.0254833 0.0724157 0.393847
0 0.0162745 0.537779 0.0325491 0.0926521 0.393673
5 0.0951877 0.121468 0.190375 0.12417 0.393262
2 0.455182 0.420886 0.0941373 0.150406 0.391936
0 0.0174688 0.538949 0.0349376 0.0983807 0.390765
2 0.238175 0.218936 0.0814002 0.0944569 0.387684
2 0.70262 0.184969 0.0578751 0.0706398 0.378797
0 0.150825 0.394246 0.0344733 0.0849981 0.378354
0 0.0161771 0.538638 0.0322548 0.0964651 0.376703
5 0.420294 0.202141 0.158559 0.194445 0.376207
2 0.171342 0.187835 0.0715498 0.0764558 0.374087
2 0.251234 0.163485 0.0700815 0.0699738 0.371124
0 0.0165256 0.540042 0.0330512 0.098667 0.369939
0 0.813198 0.102373 0.0194374 0.0528672 0.367548
2 0.478525 0.0958449 0.0320276 0.0293012 0.365889
2 0.942914 0.342592 0.113631 0.0851989 0.365794
2 0.455241 0.420917 0.093828 0.149953 0.36356
2 0.94459 0.877209 0.109974 0.242264 0.360686
2 0.479049 0.0917168 0.0332575 0.0351811 0.354452
3 0.0267752 0.570949 0.0521858 0.0633266 0.354094
2 0.626894 0.648357 0.14936 0.174761 0.353093
2 0.702857 0.184218 0.0570305 0.0709564 0.351926
2 0.239507 0.219457 0.0835491 0.0954912 0.35175
2 0.702656 0.184648 0.0569675 0.0704696 0.350625
0 0.153561 0.289481 0.026685 0.0703028 0.350432
2 0.478447 0.0951448 0.0322866 0.0294398 0.345326
2 0.4777 0.0939512 0.0347748 0.0327306 0.341431
0 0.0159686 0.539354 0.0319373 0.0950581 0.337823
0 0.812963 0.103753 0.0190588 0.0504848 0.334685
2 0.70252 0.179152 0.0556207 0.0623617 0.334142
0 0.153585 0.295052 0.0273897 0.0802277 0.333624
3 0.147877 0.424416 0.0579912 0.06564 0.33064
0 0.0169119 0.539048 0.0338238 0.099922 0.326664
0 0.0153561 0.537683 0.0307123 0.0973034 0.326116
7 0.666591 0.144752 0.0447295 0.0600988 0.324916
2 0.171589 0.188306 0.0718447 0.0768975 0.324824
2 0.314178 0.302412 0.0753128 0.0939529 0.322391
0 0.0139067 0.539028 0.027783 0.0965867 0.321743
2 0.702779 0.180745 0.0562715 0.0652355 0.317234
3 0.156839 0.317593 0.0218489 0.0430535 0.313225
5 0.667196 0.144837 0.0433217 0.0583466 0.304441
0 0.151668 0.393972 0.0407365 0.0832369 0.303952
2 0.171979 0.187285 0.0718739 0.0750404 0.291302
2 0.25144 0.156726 0.0667842 0.0555234 0.287356
2 0.17233 0.187336 0.0714174 0.0760076 0.286011
2 0.238902 0.218635 0.0818893 0.0945788 0.282754
0 0.152672 0.284267 0.0249784 0.0612234 0.280252
5 0.666259 0.144749 0.0442575 0.0585403 0.278934
2 0.171589 0.188005 0.071516 0.0758257 0.277405
2 0.172438 0.18703 0.0712479 0.0769939 0.277357
2 0.851924 0.293229 0.0831436 0.0891423 0.27678
2 0.455329 0.420519 0.0944588 0.150127 0.276547
2 0.703299 0.184176 0.0569143 0.0711242 0.274188
5 0.569597 0.0360418 0.0374795 0.0713583 0.271501
0 0.813858 0.101037 0.0203739 0.0525294 0.268871
5 0.851178 0.293051 0.0833023 0.0895898 0.266705
2 0.645973 0.117353 0.0347841 0.0480314 0.265298
5 0.455197 0.421036 0.0941628 0.149549 0.264916
5 0.455094 0.420639 0.0942905 0.149718 0.263219
2 0.783832 0.227461 0.0578082 0.0607028 0.259808
5 0.455291 0.42104 0.0946245 0.148923 0.259532
3 0.147515 0.425659 0.0574605 0.0656518 0.259306
3 0.0124819 0.272489 0.0247569 0.0516276 0.258361
2 0.851472 0.29387 0.0843658 0.0910022 0.257201
2 0.478958 0.0914273 0.0330045 0.0371612 0.257078
2 0.70292 0.18359 0.0571928 0.0704467 0.256282
5 0.78976 0.0186246 0.0219883 0.0365128 0.25572
2 0.172291 0.187113 0.0715202 0.0759553 0.253477
2 0.851736 0.294453 0.0839298 0.0903585 0.251968
2 0.251268 0.163095 0.0693149 0.0695685 0.248659
0 0.151674 0.392149 0.0337852 0.0819408 0.245221
2 0.702387 0.178849 0.0559006 0.0612125 0.234279
2 0.851083 0.293144 0.0831558 0.0905362 0.232481
2 0.85114 0.293063 0.0826416 0.0902684 0.232111
3 0.156231 0.312939 0.0224851 0.0479849 0.231441
3 0.975802 0.533092 0.0473377 0.103284 0.231012
2 0.455361 0.421117 0.0947059 0.150118 0.228762
3 0.975622 0.542457 0.0478575 0.0844363 0.224105
5 0.0945268 0.120232 0.189054 0.125349 0.222148
2 0.314134 0.303903 0.0754521 0.092108 0.221394
2 0.251797 0.158267 0.0664237 0.0625181 0.221344
3 0.976087 0.545281 0.0472069 0.0786845 0.220563
5 0.569796 0.035648 0.0390336 0.0712961 0.218725
7 0.665599 0.144066 0.0457235 0.0601025 0.214895
2 0.850881 0.29336 0.0845877 0.0890157 0.212433
2 0.431694 0.325986 0.0934259 0.0807713 0.210995
0 0.0113324 0.262522 0.0226487 0.0690598 0.210365
2 0.646569 0.11816 0.0356051 0.0502854 0.209207
2 0.251928 0.156169 0.0677088 0.0550083 0.207952
3 0.975774 0.542231 0.0484527 0.0831003 0.204558
2 0.579926 0.0780353 0.0281488 0.0215513 0.201356
2 0.782265 0.227076 0.0593928 0.0578267 0.199861
3 0.976055 0.533243 0.0473938 0.103382 0.19957
2 0.620259 0.0862277 0.0288094 0.026304 0.198436
7 0.251591 0.157692 0.0676379 0.0593497 0.197058
3 0.148893 0.418921 0.055032 0.0637396 0.196104
2 0.251899 0.157321 0.0678385 0.0586584 0.195165
3 0.975759 0.538008 0.0476759 0.0961702 0.193681
2 0.251727 0.154869 0.0675467 0.0524487 0.193545
3 0.0251439 0.559622 0.0502879 0.0895189 0.190266
2 0.585601 0.116221 0.0391697 0.0565071 0.189768
2 0.781035 0.22643 0.0604605 0.0569709 0.180065
3 0.975809 0.53185 0.0472944 0.103793 0.178199
2 0.238643 0.216005 0.0820713 0.0880125 0.176468
2 0.702978 0.184512 0.0584707 0.0717976 0.176238
7 0.66699 0.143636 0.0443765 0.0594496 0.175159
3 0.975787 0.53691 0.048426 0.0757389 0.174294
0 0.154165 0.294313 0.0251641 0.0753276 0.173883
2 0.251722 0.157268 0.0664479 0.0606498 0.173221
3 0.143869 0.428668 0.0499485 0.0622283 0.172269
2 0.585552 0.116985 0.0374043 0.0567106 0.169798
5 0.666311 0.144707 0.0451864 0.0597497 0.166709
2 0.479327 0.0919216 0.0340563 0.0352013 0.164527
2 0.64573 0.118369 0.0374581 0.0508591 0.163658
5 0.788895 0.0183955 0.0242031 0.0362188 0.159239
3 0.012595 0.264966 0.02519 0.0649845 0.158511
0 0.00919973 0.252086 0.0183731 0.0520465 0.157942
3 0.976046 0.532442 0.0473623 0.103565 0.156795
0 0.0128377 0.259581 0.0256754 0.0669577 0.15665
5 0.790522 0.0185258 0.0221308 0.0370517 0.155056
2 0.628116 0.157559 0.0389555 0.0344792 0.153031
2 0.585617 0.118426 0.0368438 0.0553333 0.151223
0 0.151701 0.391831 0.037371 0.0800054 0.150993
2 0.629727 0.155248 0.0337531 0.0332784 0.149478
3 0.14702 0.430545 0.0511556 0.0602372 0.148059
3 0.0246063 0.569397 0.0490704 0.0616278 0.147425
0 0.0129427 0.262402 0.0258854 0.0693512 0.145862
5 0.570506 0.0363053 0.0356779 0.0725987 0.144805
2 0.645726 0.116395 0.0356916 0.0477588 0.143734
5 0.570225 0.0350074 0.037859 0.0700147 0.142976
2 0.585537 0.116675 0.0376348 0.0562861 0.141485
2 0.252339 0.153948 0.0657491 0.0505251 0.139306
5 0.454937 0.421047 0.0941394 0.150156 0.138164
5 0.851761 0.292978 0.0832951 0.0903013 0.138075
2 0.666992 0.143934 0.0443655 0.0607671 0.135127
3 0.97621 0.528427 0.0467888 0.113527 0.134648
2 0.944809 0.875443 0.109201 0.247895 0.132988
2 0.629352 0.154574 0.0336809 0.0334622 0.131841
2 0.666149 0.144648 0.0423367 0.0600976 0.131064
2 0.585249 0.116012 0.0380735 0.0564414 0.130169
3 0.0123514 0.277196 0.0247028 0.0448874 0.129986
2 0.630087 0.155141 0.0345743 0.0326245 0.12956
2 0.944804 0.876034 0.109873 0.245933 0.129187
5 0.789435 0.0187249 0.0238487 0.0362849 0.128795
5 0.570286 0.0270331 0.0380281 0.0527307 0.125206
2 0.629601 0.156267 0.0341076 0.0341025 0.12417
2 0.584362 0.0845285 0.0384258 0.0344036 0.123318
2 0.703145 0.184627 0.056502 0.07132 0.122029
2 0.646294 0.117266 0.0354885 0.0480487 0.120546
0 0.0119249 0.264512 0.0238497 0.06671 0.12032
0 0.0151243 0.528603 0.0302486 0.0754654 0.11957
5 0.585319 0.11634 0.0379501 0.0562201 0.119086
3 0.0114218 0.273959 0.0228117 0.0496099 0.118989
2 0.771482 0.222968 0.0747625 0.0527249 0.118597
2 0.478674 0.0948222 0.0337353 0.0319984 0.118275
7 0.5855 0.117937 0.0379042 0.0542965 0.115741
3 0.97677 0.529208 0.0459263 0.112367 0.11414
2 0.481601 0.0724099 0.02719 0.0191352 0.113869
