5 0.175351 0.66269 0.0880965 0.151711 0.864082
5 0.175004 0.662778 0.0882036 0.152216 0.857598
5 0.175473 0.662808 0.087789 0.151964 0.835987
5 0.175088 0.662958 0.088238 0.152393 0.83154
5 0.175065 0.663182 0.0881915 0.153326 0.809608
5 0.174966 0.663319 0.0884547 0.153102 0.808993
5 0.275931 0.32293 0.134807 0.193413 0.779092
5 0.275707 0.33172 0.134105 0.176412 0.750807
5 0.276292 0.331741 0.134143 0.175594 0.741908
5 0.275749 0.333304 0.133274 0.174049 0.736491
5 0.276355 0.329124 0.135256 0.18069 0.73362
5 0.367003 0.151522 0.0537274 0.0939118 0.730877
5 0.276019 0.328513 0.134593 0.182512 0.718281
5 0.282453 0.444253 0.0789515 0.133196 0.700926
5 0.365869 0.151311 0.0533464 0.0962935 0.694458
2 0.437313 0.661823 0.0866611 0.158519 0.687983
5 0.276116 0.325617 0.135758 0.179723 0.684263
5 0.174792 0.662992 0.0884855 0.152263 0.683046
2 0.437285 0.662119 0.0858564 0.159372 0.677851
5 0.282326 0.444455 0.0787066 0.133963 0.663824
2 0.0453556 0.949042 0.0899607 0.100958 0.651903
2 0.285825 0.733959 0.118833 0.202878 0.637962
5 0.36573 0.150637 0.0527661 0.0971338 0.626913
2 0.585434 0.750356 0.0921479 0.161667 0.621044
2 0.557412 0.618879 0.0696203 0.150513 0.617386
2 0.0941771 0.802742 0.143244 0.204655 0.612232
2 0.557533 0.618331 0.069792 0.148831 0.608228
2 0.584909 0.750236 0.0921675 0.161406 0.606547
2 0.43712 0.662119 0.0860661 0.158715 0.602801
5 0.174535 0.663004 0.0883672 0.153503 0.602073
5 0.276048 0.326963 0.134032 0.185048 0.601124
2 0.430368 0.864376 0.105333 0.229523 0.598948
5 0.175298 0.663206 0.0882123 0.152369 0.598289
2 0.437468 0.662208 0.086933 0.15878 0.593615
2 0.557379 0.618439 0.0700575 0.148874 0.588257
2 0.28556 0.735198 0.119217 0.204229 0.586569
2 0.437049 0.66212 0.0861383 0.158921 0.581484
2 0.584838 0.750136 0.09255 0.162203 0.581435
2 0.0940895 0.802796 0.143508 0.204367 0.577702
2 0.0943287 0.801426 0.142162 0.203565 0.577415
2 0.557453 0.618515 0.0689553 0.150802 0.574908
2 0.0452276 0.949368 0.0901393 0.100899 0.573177
5 0.574099 0.494233 0.0633816 0.107297 0.571976
5 0.573901 0.494196 0.0632587 0.108391 0.570906
5 0.425339 0.110281 0.0634839 0.0732207 0.568004
5 0.282919 0.44435 0.0796225 0.133047 0.566551
2 0.43727 0.66191 0.0871695 0.159268 0.562484
2 0.0451901 0.949392 0.0901605 0.101106 0.561594
0 0.0475364 0.30068 0.0162511 0.0572621 0.560092
2 0.436966 0.662434 0.085804 0.158622 0.559528
2 0.094186 0.801211 0.141905 0.204173 0.556277
2 0.285685 0.735365 0.118581 0.202532 0.554504
2 0.0944609 0.802138 0.143292 0.20251 0.552531
5 0.282688 0.444571 0.0787718 0.134521 0.55236
2 0.430903 0.864083 0.104784 0.230376 0.551653
2 0.285556 0.73447 0.119575 0.202873 0.550196
2 0.0450804 0.949269 0.0900688 0.101216 0.54665
2 0.285588 0.734794 0.118928 0.203671 0.546153
2 0.0452582 0.949067 0.0901256 0.100936 0.538531
2 0.0941664 0.801616 0.142916 0.203735 0.534619
5 0.365511 0.151521 0.0518573 0.0937536 0.526246
2 0.0451045 0.949075 0.0900581 0.101092 0.523186
2 0.585283 0.750276 0.09221 0.16236 0.512971
2 0.0454842 0.949275 0.0906173 0.10092 0.508433
2 0.0454729 0.949382 0.0907072 0.100628 0.504181
2 0.394189 0.245074 0.0324337 0.0306581 0.499842
5 0.5743 0.494626 0.0636453 0.108065 0.498963
2 0.429957 0.864214 0.104473 0.229199 0.490666
2 0.558185 0.619096 0.070606 0.150759 0.489827
0 0.0645465 0.370917 0.0185539 0.0637914 0.489362
2 0.0449809 0.949121 0.0899618 0.101757 0.487603
2 0.557547 0.618454 0.0699051 0.149865 0.48303
5 0.365269 0.150309 0.052269 0.0959122 0.482557
0 0.0639358 0.371704 0.0188711 0.0669836 0.481141
5 0.573584 0.490395 0.0643997 0.115053 0.477068
2 0.589711 0.909556 0.115218 0.180089 0.475563
5 0.574139 0.494349 0.0631316 0.108168 0.475335
0 0.0473899 0.300817 0.0165492 0.058295 0.473553
5 0.282775 0.444883 0.0796253 0.133791 0.471848
2 0.59002 0.909384 0.113945 0.179441 0.465085
2 0.437088 0.661915 0.0865961 0.159208 0.45922
2 0.584766 0.750055 0.0921436 0.161884 0.459171
2 0.238305 0.529428 0.0883264 0.137809 0.458974
2 0.045234 0.949041 0.090468 0.101171 0.45889
2 0.584732 0.750088 0.0926281 0.161723 0.458516
0 0.0472713 0.300453 0.0161502 0.0587482 0.450658
5 0.355741 0.536746 0.0746584 0.124885 0.449803
2 0.43708 0.662029 0.086996 0.159 0.449636
2 0.237703 0.529187 0.0880971 0.136246 0.449434
2 0.431352 0.864725 0.105157 0.231651 0.447187
5 0.28246 0.444542 0.0796529 0.133784 0.446475
2 0.238009 0.529346 0.0887514 0.136947 0.445437
2 0.0941299 0.802101 0.142343 0.204318 0.445209
2 0.286028 0.73461 0.119737 0.203912 0.444122
2 0.588737 0.91007 0.117097 0.179859 0.433826
2 0.394374 0.243357 0.0324702 0.0336092 0.419437
2 0.430818 0.865621 0.105845 0.23197 0.418751
5 0.355537 0.536976 0.0736386 0.124725 0.417171
5 0.282335 0.444281 0.0785534 0.134482 0.41635
2 0.237537 0.529126 0.0878009 0.136278 0.410373
5 0.355523 0.536446 0.0754747 0.1252 0.404126
2 0.394175 0.24444 0.0322137 0.0310232 0.399572
5 0.276098 0.333774 0.134482 0.171173 0.394306
2 0.430248 0.86432 0.104252 0.229542 0.393473
0 0.0645066 0.370972 0.0199041 0.0638732 0.391459
5 0.364546 0.151647 0.0531597 0.0939732 0.389535
2 0.58928 0.910253 0.116249 0.178652 0.388957
2 0.585075 0.749816 0.0925795 0.162818 0.379294
2 0.58988 0.909179 0.115372 0.18064 0.367213
2 0.58934 0.90944 0.115973 0.180414 0.365346
0 0.0634739 0.37125 0.020018 0.0672676 0.362426
5 0.424877 0.111935 0.0624709 0.0750635 0.356676
5 0.174732 0.663565 0.0880485 0.153881 0.351687
5 0.426052 0.111868 0.0623408 0.0753449 0.350147
2 0.285769 0.735004 0.119825 0.204227 0.349603
5 0.276126 0.332957 0.132912 0.173403 0.349325
2 0.557457 0.618436 0.0692081 0.149838 0.346329
0 0.0641732 0.370847 0.0205452 0.0645073 0.344358
2 0.585022 0.749974 0.0927534 0.161531 0.344051
5 0.355303 0.536929 0.0736588 0.125003 0.343424
0 0.960604 0.212892 0.0162621 0.0406004 0.342016
0 0.0323481 0.295392 0.0135621 0.0468138 0.340778
5 0.275601 0.33089 0.1334 0.180636 0.339847
2 0.557546 0.618568 0.0693743 0.149931 0.339693
5 0.57294 0.494756 0.0617096 0.107102 0.33938
2 0.431184 0.864289 0.105613 0.230134 0.337772
2 0.55833 0.618527 0.0703137 0.149833 0.336503
2 0.585212 0.750536 0.0923916 0.161937 0.336079
2 0.237514 0.529156 0.0880585 0.135503 0.335305
2 0.394282 0.241491 0.0327922 0.0368387 0.334992
5 0.365828 0.150667 0.0526808 0.0964241 0.334884
5 0.573605 0.494021 0.0635679 0.105091 0.332585
2 0.238125 0.529729 0.0889808 0.135487 0.330635
5 0.573858 0.489889 0.0636583 0.116101 0.327866
2 0.590033 0.90983 0.115675 0.179565 0.326281
2 0.43149 0.865084 0.106414 0.23099 0.320605
2 0.237793 0.529565 0.0888997 0.13495 0.320342
2 0.237714 0.529524 0.0880811 0.136067 0.318464
5 0.42607 0.110587 0.0608954 0.0759263 0.315555
0 0.91149 0.186462 0.0149643 0.0449477 0.314293
5 0.306507 0.187235 0.0448727 0.049448 0.310976
2 0.238045 0.528875 0.0877154 0.135122 0.310734
0 0.0648981 0.37045 0.0185247 0.0625972 0.307832
5 0.35584 0.536815 0.0760364 0.124683 0.30748
5 0.573416 0.493789 0.0643729 0.109853 0.306746
5 0.572535 0.468852 0.0653469 0.157097 0.305337
2 0.588799 0.909542 0.117896 0.180059 0.30414
5 0.365794 0.148665 0.051434 0.0965489 0.304077
2 0.430918 0.864767 0.104776 0.231048 0.303911
5 0.573172 0.468999 0.0647179 0.157659 0.303568
2 0.394771 0.245215 0.0333764 0.0295774 0.296303
0 0.063744 0.371467 0.0198852 0.0662764 0.294526
5 0.424558 0.112302 0.0632752 0.0774458 0.292549
0 0.959824 0.213762 0.0160999 0.037691 0.291713
5 0.355743 0.536655 0.0762885 0.125707 0.288313
2 0.346832 0.218852 0.0416746 0.0475235 0.286579
2 0.553015 0.0856982 0.0357426 0.0301369 0.28649
0 0.963238 0.214901 0.0199287 0.037887 0.286278
2 0.3948 0.243563 0.0329922 0.0334265 0.28545
5 0.355309 0.536612 0.074439 0.125269 0.281217
5 0.355525 0.53681 0.0745759 0.124654 0.281164
0 0.913379 0.186284 0.0151148 0.043081 0.280663
0 0.911396 0.186017 0.0154144 0.0442948 0.277513
5 0.366121 0.15039 0.0497152 0.0944594 0.276687
2 0.346108 0.218983 0.0409474 0.0463896 0.271506
0 0.0471164 0.300931 0.0150555 0.0593209 0.2713
2 0.58808 0.91008 0.118952 0.178763 0.269859
2 0.552684 0.0836648 0.0362751 0.0315078 0.266494
0 0.0635649 0.372511 0.0168833 0.0686973 0.266456
5 0.423928 0.117485 0.0649981 0.087544 0.265875
2 0.584982 0.750392 0.0925747 0.163287 0.265154
5 0.282739 0.444566 0.0804465 0.133948 0.259786
2 0.285556 0.734246 0.119841 0.202836 0.254691
0 0.0325225 0.291402 0.0145202 0.0406149 0.251185
2 0.094849 0.802194 0.142157 0.204647 0.250884
0 0.963763 0.212239 0.0223143 0.0417658 0.245333
5 0.305146 0.187713 0.0405735 0.0488294 0.243882
2 0.552446 0.0837187 0.0355694 0.0335785 0.242673
2 0.431298 0.867539 0.106465 0.237846 0.242315
5 0.423579 0.118556 0.0636486 0.0906703 0.237155
2 0.217155 0.885997 0.101347 0.115848 0.236984
0 0.963062 0.211595 0.0218414 0.0444447 0.234648
5 0.425258 0.113144 0.060824 0.0817688 0.232489
0 0.993902 0.282517 0.01134 0.0611009 0.231155
5 0.304805 0.188072 0.0403739 0.0478663 0.228618
5 0.355675 0.536681 0.0755301 0.124694 0.228431
0 0.912699 0.186374 0.0155079 0.0421027 0.226857
5 0.282834 0.444505 0.080479 0.13346 0.225761
2 0.218936 0.907391 0.151347 0.184954 0.222815
5 0.427069 0.109981 0.0623301 0.0730347 0.222246
2 0.551726 0.08253 0.0358513 0.0315154 0.221689
2 0.213192 0.896494 0.0928074 0.0906096 0.218183
2 0.229734 0.88086 0.125175 0.129563 0.21324
0 0.913793 0.18662 0.0139013 0.042386 0.211012
2 0.224823 0.908188 0.136562 0.182347 0.20977
2 0.237968 0.529316 0.0881986 0.135363 0.209503
0 0.0149512 0.324844 0.0182319 0.0484713 0.201852
2 0.34817 0.217812 0.0357037 0.0440413 0.201504
2 0.348384 0.221417 0.0374366 0.0443428 0.196299
2 0.394975 0.236074 0.0338295 0.0491625 0.194221
0 0.0319359 0.299666 0.0145474 0.0552283 0.19417
2 0.481993 0.119011 0.0192636 0.0241097 0.19311
5 0.300505 0.188736 0.0323469 0.0459096 0.192659
2 0.229911 0.882489 0.124874 0.131468 0.191682
0 0.0647359 0.368499 0.0178911 0.0578059 0.189993
0 0.993993 0.280827 0.0109472 0.0591098 0.188188
2 0.238009 0.8798 0.109124 0.12739 0.186942
2 0.214951 0.907844 0.158334 0.183645 0.184587
2 0.347561 0.220529 0.0374971 0.0454208 0.182935
2 0.21671 0.887598 0.0967781 0.11106 0.181542
2 0.229786 0.881412 0.123289 0.131011 0.181356
2 0.232989 0.881333 0.120102 0.131113 0.181292
5 0.303257 0.187565 0.0383414 0.0473898 0.180603
0 0.0625908 0.372723 0.0193857 0.0699666 0.176896
2 0.228289 0.173788 0.0267442 0.0314104 0.175073
2 0.0946531 0.802108 0.142326 0.202293 0.174119
0 0.993893 0.282989 0.0113932 0.0613853 0.171285
5 0.305768 0.18718 0.0433254 0.050812 0.167556
0 0.0145802 0.327157 0.01779 0.0520421 0.165998
2 0.21852 0.907187 0.151701 0.184892 0.165272
5 0.424118 0.11312 0.0640074 0.0767994 0.164442
0 0.652159 0.132694 0.021615 0.0542314 0.163411
2 0.213607 0.907484 0.161231 0.184832 0.158666
5 0.392469 0.134842 0.0731459 0.0737266 0.157563
2 0.394909 0.233758 0.033482 0.0520958 0.157218
0 0.0644079 0.370158 0.0204806 0.0628013 0.155246
5 0.430803 0.109966 0.0549664 0.0723546 0.153249
2 0.394495 0.235797 0.0338324 0.0490571 0.152995
5 0.426496 0.110361 0.0601673 0.0712128 0.150422
0 0.0477814 0.299991 0.0185391 0.0602746 0.150083
5 0.367721 0.144198 0.0504606 0.0828959 0.146529
0 0.0401093 0.300475 0.0223391 0.0604841 0.145481
0 0.911713 0.185475 0.0160601 0.042802 0.144432
2 0.213012 0.895407 0.090446 0.0923416 0.143582
2 0.0926336 0.803251 0.14292 0.204229 0.143497
0 0.0137009 0.329967 0.0178234 0.0575408 0.14339
5 0.364755 0.150758 0.0520706 0.0944659 0.142579
0 0.962426 0.214852 0.0217436 0.0375192 0.141188
2 0.55447 0.0881739 0.0340261 0.0262155 0.139977
5 0.354877 0.537606 0.0721271 0.123653 0.137284
0 0.0153038 0.323174 0.0173966 0.0447513 0.136489
0 0.912717 0.187236 0.0181454 0.043568 0.136228
0 0.0128235 0.320455 0.0169008 0.0403545 0.134189
0 0.993989 0.279709 0.0111473 0.0631477 0.133934
0 0.039075 0.301191 0.0185055 0.0592908 0.133712
2 0.228283 0.175158 0.0258125 0.0304656 0.131412
0 0.993378 0.182113 0.0126713 0.0353472 0.130795
5 0.366664 0.143484 0.0478866 0.0821409 0.130342
2 0.213474 0.895912 0.0982786 0.0934334 0.128072
2 0.34844 0.217641 0.0371686 0.0448362 0.127456
5 0.406943 0.135543 0.0431019 0.0706138 0.125886
2 0.59011 0.909394 0.114306 0.181212 0.123234
0 0.10266 0.288409 0.0125285 0.0363571 0.123013
0 0.963864 0.21492 0.0225216 0.0374436 0.120748
5 0.303169 0.189039 0.0377859 0.0464155 0.118312
2 0.219714 0.907583 0.152072 0.184834 0.118293
2 0.553319 0.0840038 0.0370655 0.0337981 0.113212
5 0.308314 0.179117 0.0434074 0.0636551 0.111801
2 0.558315 0.618881 0.071032 0.149816 0.110785
5 0.571781 0.466945 0.0656084 0.159268 0.110724
0 0.993889 0.184819 0.0115158 0.0434628 0.11013
0 0.911772 0.187671 0.0160305 0.0431533 0.110048
0 0.102591 0.289259 0.0126674 0.0366991 0.109125
2 0.286066 0.734611 0.119471 0.2022 0.108924
0 0.993972 0.283864 0.0114029 0.0576984 0.108883
5 0.404935 0.135481 0.044201 0.0721415 0.108539
0 0.00456867 0.326262 0.00913734 0.0471532 0.107651
5 0.407945 0.13244 0.042765 0.0765163 0.105046
5 0.417784 0.126967 0.0578733 0.0866403 0.102742
0 0.77041 0.167504 0.00801077 0.0178048 0.100783
5 0.30782 0.185841 0.0471508 0.051682 0.100143
5 0.307989 0.186644 0.045811 0.0511441 0.0985793
2 0.346297 0.219202 0.0411662 0.0477273 0.0980116
2 0.229741 0.905662 0.127479 0.179135 0.0939569
0 0.883113 0.188063 0.0102444 0.0159778 0.0926719
5 0.407416 0.135999 0.0438146 0.0701478 0.09002
0 0.992385 0.180009 0.0145058 0.0331346 0.0899098
5 0.36039 0.15109 0.0628101 0.0958478 0.0889997
0 0.00462547 0.330309 0.00925094 0.0521837 0.0866795
5 0.428377 0.112177 0.0547804 0.0709458 0.086631
0 0.00472509 0.333426 0.00944376 0.0502299 0.085975
5 0.367935 0.148952 0.0548202 0.0948634 0.0853358
2 0.394871 0.233824 0.03387 0.053275 0.0851035
5 0.285707 0.735871 0.11949 0.204352 0.0835812
0 0.648002 0.128249 0.0191555 0.0546842 0.0830648
0 0.140519 0.247019 0.0193944 0.0449591 0.0815084
2 0.218392 0.908925 0.13987 0.181491 0.081325
0 0.657033 0.134209 0.0140905 0.0506297 0.0809541
2 0.55335 0.0849262 0.0367484 0.0313337 0.08079
2 0.25292 0.876996 0.0814356 0.124339 0.0794662
2 0.550923 0.081033 0.033493 0.0328485 0.079191
5 0.381791 0.0596204 0.0508002 0.0886345 0.0787989
5 0.273069 0.141331 0.0182946 0.0343334 0.0760516
0 0.329623 0.326185 0.0133439 0.0319131 0.0758929
5 0.175203 0.662694 0.090216 0.153016 0.0752032
5 0.408331 0.134177 0.0434688 0.0718931 0.0747951
0 0.91292 0.185592 0.0147831 0.0423921 0.0734577
2 0.283109 0.444291 0.0808846 0.134628 0.0732945
2 0.394346 0.225357 0.0310511 0.0379347 0.0721972
2 0.437346 0.661368 0.087042 0.157026 0.0718007
