2 0.307059 0.896165 0.330903 0.207247 0.895732
2 0.551104 0.712957 0.235571 0.25257 0.893602
2 0.551464 0.713372 0.234138 0.250412 0.890871
2 0.550935 0.713371 0.235846 0.252149 0.880476
2 0.310206 0.89578 0.32614 0.20689 0.87798
2 0.306799 0.896349 0.33105 0.206982 0.87459
2 0.444055 0.619628 0.223845 0.213407 0.870716
2 0.308373 0.896327 0.328516 0.206402 0.869516
2 0.307515 0.896777 0.328226 0.205171 0.866323
2 0.304771 0.895557 0.336132 0.208485 0.85734
2 0.443943 0.620181 0.225234 0.210804 0.854166
2 0.550716 0.713034 0.235547 0.251352 0.85411
2 0.306306 0.896669 0.332373 0.205881 0.850692
2 0.550884 0.714192 0.234903 0.252921 0.845752
2 0.551142 0.714399 0.235097 0.251783 0.844
2 0.306451 0.896722 0.332176 0.205709 0.84336
2 0.443057 0.620348 0.225009 0.21307 0.842178
2 0.304102 0.895836 0.334785 0.207545 0.84077
2 0.443592 0.619829 0.226122 0.213932 0.839469
2 0.443433 0.619457 0.226576 0.210565 0.837561
2 0.551237 0.713788 0.234669 0.252052 0.836429
2 0.443428 0.620166 0.225305 0.213659 0.832942
2 0.443863 0.620171 0.226321 0.213742 0.826099
2 0.444 0.618632 0.2269 0.211807 0.821863
2 0.551672 0.713269 0.234874 0.252454 0.802752
2 0.160554 0.849185 0.321107 0.271435 0.799936
2 0.160397 0.850252 0.320793 0.268092 0.798981
2 0.478829 0.22589 0.121724 0.0762711 0.788423
2 0.160575 0.84969 0.321151 0.266758 0.78446
2 0.478914 0.225537 0.121798 0.0765411 0.782428
2 0.160262 0.849814 0.320524 0.267917 0.778264
2 0.478566 0.22594 0.121845 0.076464 0.768455
2 0.478963 0.225405 0.121882 0.0775216 0.761551
2 0.479083 0.225771 0.121206 0.0766983 0.760462
2 0.478515 0.226144 0.121477 0.0769033 0.758259
2 0.479214 0.225517 0.121403 0.0773914 0.75434
0 0.395542 0.349555 0.0423804 0.126116 0.753916
2 0.552093 0.714163 0.234716 0.251698 0.74385
0 0.666247 0.431213 0.0454432 0.146104 0.73328
0 0.39514 0.349414 0.0418725 0.125973 0.730362
0 0.395273 0.349082 0.0424307 0.126129 0.729601
2 0.478794 0.225095 0.122166 0.0764525 0.72933
0 0.666522 0.429486 0.0454735 0.148164 0.72859
2 0.160282 0.84927 0.320564 0.26795 0.725958
2 0.161037 0.848756 0.322074 0.268086 0.702845
2 0.308285 0.896249 0.325991 0.205653 0.688446
2 0.160278 0.849009 0.320555 0.268452 0.686726
0 0.395753 0.349344 0.0420317 0.125835 0.682177
2 0.161344 0.848775 0.322687 0.268495 0.672094
0 0.666827 0.428714 0.0445598 0.152623 0.663053
0 0.468447 0.371528 0.0362166 0.129938 0.656595
2 0.161945 0.848609 0.32389 0.267196 0.638429
0 0.665851 0.430764 0.0453348 0.145051 0.632042
0 0.468615 0.371457 0.0369637 0.130993 0.631063
2 0.161316 0.848442 0.322631 0.271199 0.620067
0 0.468724 0.371617 0.0355979 0.129466 0.619111
0 0.665527 0.43323 0.0446705 0.138701 0.616697
0 0.468893 0.371958 0.037017 0.130483 0.603001
0 0.188315 0.29473 0.0328673 0.0934447 0.598108
0 0.666836 0.426548 0.0417917 0.151828 0.597614
0 0.287155 0.392556 0.0365259 0.126835 0.569336
0 0.189007 0.294844 0.0340929 0.0925343 0.559062
0 0.18963 0.29549 0.0343052 0.0944172 0.557468
0 0.288238 0.391863 0.0358998 0.12806 0.54423
0 0.288415 0.392225 0.0355495 0.12738 0.537034
2 0.929863 0.143009 0.0656769 0.0751171 0.532489
2 0.44353 0.620833 0.223495 0.207385 0.532071
0 0.287819 0.391649 0.0376703 0.128797 0.527873
0 0.395465 0.349761 0.0437165 0.126886 0.51796
0 0.189491 0.295581 0.0361608 0.0929718 0.505541
0 0.394011 0.351832 0.0402282 0.120002 0.50169
0 0.280398 0.308105 0.027267 0.0843892 0.491228
0 0.189084 0.295803 0.0350957 0.0943454 0.485043
2 0.551982 0.714357 0.236092 0.254051 0.483632
0 0.468414 0.372343 0.0374641 0.127546 0.479119
2 0.929532 0.143316 0.066383 0.07505 0.473898
2 0.929044 0.14338 0.0652145 0.0742402 0.473683
0 0.189377 0.295027 0.0343621 0.0923364 0.471114
0 0.39378 0.350861 0.0395092 0.121515 0.463889
0 0.189433 0.295752 0.0360581 0.0935164 0.463643
0 0.281199 0.30946 0.0277934 0.086064 0.463573
0 0.28017 0.307299 0.0257196 0.0795897 0.463131
0 0.552563 0.375845 0.0290239 0.102081 0.460782
0 0.288283 0.39137 0.0351903 0.119575 0.45831
0 0.187838 0.297789 0.0302433 0.0894261 0.448371
0 0.39613 0.3496 0.0438505 0.126425 0.443695
0 0.290638 0.391449 0.0288547 0.119559 0.442818
0 0.469564 0.373653 0.0392661 0.125253 0.442135
0 0.468733 0.370455 0.0352232 0.125065 0.437306
2 0.775373 0.751993 0.230116 0.289313 0.433491
0 0.189009 0.29914 0.0312064 0.0885934 0.432715
0 0.356762 0.182141 0.0164764 0.05906 0.432537
0 0.667187 0.428168 0.0456823 0.151152 0.431394
2 0.928897 0.14317 0.066296 0.0752173 0.429863
0 0.552103 0.379546 0.0284517 0.0945344 0.429175
0 0.665444 0.434115 0.045367 0.136385 0.414584
0 0.667059 0.430516 0.0386005 0.139285 0.413785
2 0.775158 0.751561 0.229223 0.289221 0.412171
2 0.930392 0.143124 0.0662022 0.0742658 0.40286
0 0.280378 0.305697 0.0260334 0.0775197 0.398818
0 0.356859 0.181251 0.0174997 0.0597939 0.388163
2 0.543068 0.166128 0.0539104 0.0416586 0.386842
0 0.583288 0.41806 0.032577 0.0929268 0.386747
2 0.929836 0.143512 0.0657125 0.0742189 0.378105
0 0.55228 0.381042 0.0274816 0.0926162 0.373395
0 0.666543 0.429666 0.0467711 0.149414 0.373186
0 0.732116 0.350388 0.0314005 0.112189 0.370425
0 0.55225 0.370919 0.0292624 0.116849 0.368839
0 0.733439 0.348646 0.03493 0.114351 0.368637
2 0.543818 0.16631 0.0548281 0.0401665 0.366732
0 0.58271 0.416659 0.0329254 0.0911477 0.361862
0 0.393362 0.233122 0.0172935 0.04592 0.359077
2 0.775232 0.751198 0.229547 0.290792 0.358694
2 0.543711 0.166458 0.0545366 0.0396824 0.355842
2 0.775576 0.753187 0.229273 0.287421 0.354567
2 0.928867 0.143422 0.0651583 0.0740258 0.351069
2 0.774636 0.752112 0.227942 0.289908 0.350079
0 0.551471 0.375091 0.0279121 0.106103 0.349921
0 0.280437 0.305514 0.0268991 0.0775413 0.348983
2 0.774694 0.750605 0.227201 0.290775 0.33521
2 0.543851 0.16628 0.0542113 0.040362 0.335043
0 0.467004 0.369929 0.0263298 0.124073 0.329591
0 0.467154 0.370337 0.0347168 0.126823 0.327734
0 0.280427 0.313412 0.0270843 0.0917656 0.326745
0 0.39456 0.358055 0.0409557 0.106965 0.318094
0 0.188875 0.296378 0.0339391 0.0946887 0.31607
0 0.280486 0.305832 0.0274128 0.0781603 0.315757
0 0.393548 0.231358 0.0173342 0.0479656 0.314309
2 0.930393 0.142957 0.0673134 0.0741759 0.307023
7 0.770129 0.202355 0.128142 0.0928669 0.305362
0 0.728865 0.378706 0.0242136 0.0568513 0.305071
7 0.770614 0.202706 0.127977 0.0919635 0.29933
2 0.543403 0.166475 0.054476 0.0408152 0.296482
0 0.357106 0.180849 0.0182277 0.0595712 0.294338
0 0.728945 0.378316 0.024209 0.0567679 0.293422
0 0.637269 0.301044 0.02096 0.0605639 0.290847
0 0.122995 0.240667 0.0194625 0.0746255 0.290608
0 0.583004 0.416919 0.0333591 0.0927927 0.288778
0 0.279159 0.321949 0.0263192 0.105076 0.287596
0 0.58359 0.417003 0.0326717 0.0936293 0.285675
2 0.543859 0.166397 0.0546678 0.0399415 0.285121
0 0.552489 0.382868 0.0271135 0.0898153 0.282027
0 0.619892 0.378279 0.0233605 0.066657 0.282017
0 0.552132 0.384914 0.0262901 0.0846519 0.277286
0 0.287351 0.375441 0.0363939 0.090548 0.273388
3 0.610641 0.427406 0.0819347 0.0806352 0.272237
0 0.279154 0.309983 0.025483 0.0779779 0.270682
7 0.770031 0.202359 0.127789 0.0912958 0.26662
0 0.3942 0.357597 0.0407411 0.108744 0.266493
0 0.304543 0.232174 0.024485 0.0637139 0.263108
0 0.290566 0.389098 0.0298379 0.126031 0.26111
0 0.551685 0.372517 0.0310261 0.109983 0.260275
26 0.680479 0.41797 0.0165434 0.0422427 0.258069
2 0.928337 0.14337 0.0633381 0.0747037 0.255409
0 0.393913 0.34874 0.0360631 0.122529 0.25529
2 0.715842 0.152253 0.0737105 0.0735431 0.253266
0 0.122891 0.239725 0.0199724 0.0757254 0.252868
0 0.619782 0.379739 0.0245056 0.0706076 0.252775
0 0.735402 0.3476 0.0307406 0.112292 0.252088
2 0.93066 0.141086 0.0654388 0.0703325 0.251578
0 0.290494 0.38979 0.0308756 0.126681 0.250804
7 0.769792 0.203536 0.127463 0.0915975 0.249066
0 0.298614 0.238582 0.0197929 0.0593318 0.24789
7 0.770821 0.20236 0.130756 0.0925431 0.247657
0 0.291532 0.383235 0.0270917 0.107198 0.24472
0 0.61659 0.38256 0.0307924 0.0774831 0.240673
0 0.580983 0.361573 0.0233545 0.0456317 0.240387
0 0.637013 0.301505 0.0215476 0.0611303 0.238394
2 0.543551 0.166865 0.0550219 0.0397846 0.236544
0 0.617903 0.378852 0.0280783 0.0716548 0.233093
7 0.770323 0.203139 0.127513 0.0922389 0.232748
0 0.391978 0.230353 0.0190142 0.0527694 0.231889
2 0.930466 0.139394 0.0661259 0.0824328 0.226434
7 0.770574 0.202826 0.127665 0.0917259 0.226345
0 0.61974 0.37674 0.0241905 0.0678586 0.224704
0 0.732491 0.349205 0.0303822 0.116396 0.224586
2 0.770023 0.202436 0.126923 0.0916468 0.222833
0 0.0492235 0.307042 0.0383902 0.104187 0.220498
0 0.734278 0.348505 0.0329033 0.115482 0.219097
0 0.728743 0.378526 0.0238387 0.0555587 0.218651
2 0.774182 0.748346 0.226903 0.293602 0.217535
0 0.357079 0.183308 0.0163258 0.0574229 0.215965
0 0.3946 0.358725 0.0402333 0.104235 0.215775
0 0.143199 0.962534 0.0353558 0.0733917 0.215109
2 0.543809 0.165304 0.054536 0.0429169 0.211007
7 0.76965 0.202718 0.128026 0.0902759 0.20744
0 0.551422 0.36769 0.0315908 0.119623 0.206681
3 0.611808 0.429024 0.0780916 0.0745643 0.206431
0 0.0485804 0.3069 0.0377536 0.103317 0.206331
0 0.664884 0.433758 0.044169 0.137822 0.205649
0 0.143118 0.959724 0.0357119 0.0794144 0.204075
0 0.583308 0.41691 0.0318425 0.0909711 0.203421
0 0.392715 0.2284 0.0206135 0.0535215 0.203008
2 0.543632 0.166363 0.0534285 0.0398865 0.202663
3 0.610348 0.425988 0.0818793 0.0831322 0.195291
2 0.928028 0.143361 0.0620159 0.0732304 0.194703
0 0.581514 0.416469 0.0344311 0.0964183 0.19379
0 0.468344 0.372033 0.0293074 0.129107 0.191826
1 0.61266 0.430391 0.0766775 0.0736133 0.191164
2 0.770158 0.202592 0.126975 0.0917906 0.187845
2 0.713644 0.151992 0.0715557 0.072282 0.187713
0 0.551386 0.367637 0.0314423 0.119812 0.186097
0 0.58141 0.361504 0.0230974 0.0446929 0.185683
0 0.280215 0.305217 0.0275196 0.077209 0.183327
0 0.468591 0.405724 0.0352975 0.0642201 0.183275
2 0.666333 0.144948 0.0580976 0.0697856 0.181209
0 0.392551 0.228638 0.0213732 0.0582842 0.180842
0 0.298012 0.236508 0.0178098 0.0542439 0.178738
0 0.666337 0.43117 0.0469292 0.146692 0.178414
0 0.144644 0.966461 0.0312614 0.0662994 0.17834
0 0.30656 0.230447 0.0187855 0.0625097 0.174741
0 0.143856 0.965588 0.033591 0.0677582 0.174259
0 0.582975 0.414919 0.0290514 0.0931628 0.173572
0 0.0489727 0.306011 0.0380705 0.102738 0.172264
0 0.123326 0.240663 0.0197878 0.0750039 0.171257
0 0.729336 0.378321 0.0255245 0.0552797 0.170313
0 0.0488756 0.306561 0.0377688 0.102921 0.1679
0 0.733079 0.350429 0.0330386 0.111903 0.167575
2 0.777277 0.753815 0.23045 0.289027 0.167185
0 0.469227 0.375597 0.0385683 0.12343 0.165876
0 0.0488222 0.307049 0.0374062 0.103796 0.163701
3 0.611261 0.428145 0.0814177 0.0785661 0.163428
0 0.728687 0.378631 0.0243645 0.0559488 0.163316
2 0.775376 0.752309 0.229646 0.28894 0.162022
0 0.619528 0.375501 0.02293 0.0669416 0.161203
0 0.735316 0.347885 0.0334959 0.11427 0.160288
2 0.714389 0.152214 0.070958 0.0718737 0.160112
0 0.169157 0.220997 0.0206747 0.0792767 0.158809
0 0.665689 0.423541 0.0360085 0.149941 0.158412
0 0.357199 0.182125 0.0185334 0.060777 0.15808
0 0.581099 0.36196 0.0232372 0.0488776 0.15787
0 0.614254 0.40922 0.0451958 0.0861691 0.157722
0 0.303194 0.235705 0.0223748 0.0585586 0.157085
0 0.551505 0.36917 0.0314367 0.118158 0.154841
0 0.0703545 0.265973 0.0255998 0.0605381 0.153126
0 0.298773 0.238183 0.0200118 0.0625895 0.152941
0 0.123301 0.240411 0.0200897 0.0759594 0.152576
0 0.0707793 0.269024 0.0256648 0.0641376 0.152388
3 0.610283 0.424296 0.0828714 0.0856997 0.152078
0 0.637338 0.300421 0.0223589 0.0602744 0.150267
0 0.552743 0.385788 0.026498 0.0829911 0.150041
0 0.664516 0.434917 0.0445099 0.134803 0.149632
0 0.168505 0.21948 0.0203649 0.0777506 0.148961
2 0.714466 0.151522 0.0731479 0.0733461 0.148358
2 0.44308 0.620724 0.222392 0.207599 0.145757
3 0.610366 0.424511 0.0825357 0.0851088 0.145677
2 0.664941 0.147097 0.0547692 0.0643146 0.144778
0 0.307917 0.226112 0.0163859 0.0573645 0.144135
2 0.714503 0.15184 0.0710257 0.0728075 0.142073
1 0.612916 0.431983 0.0776555 0.0692989 0.14173
0 0.612728 0.393188 0.039981 0.0929195 0.141423
0 0.142724 0.960482 0.0364563 0.078388 0.137814
0 0.635753 0.30104 0.0201158 0.059726 0.137527
0 0.143756 0.960058 0.0350921 0.0791544 0.136111
0 0.728707 0.378562 0.0241579 0.0546222 0.134699
0 0.38951 0.232304 0.0214264 0.0489573 0.132318
2 0.775182 0.748726 0.230145 0.292824 0.131847
0 0.0477767 0.306347 0.0347072 0.101906 0.131156
0 0.168054 0.218496 0.0202535 0.0777946 0.130895
0 0.139372 0.960426 0.0438475 0.0777355 0.130629
2 0.444064 0.620481 0.225885 0.219657 0.130588
2 0.72749 0.15211 0.0967835 0.0730612 0.129399
0 0.306204 0.229521 0.0221512 0.0632643 0.128775
0 0.580545 0.361088 0.0226881 0.0481115 0.128344
2 0.928223 0.143776 0.0630177 0.0741438 0.127773
0 0.357201 0.181987 0.0168148 0.0603334 0.127164
0 0.0724559 0.270025 0.0302297 0.0677902 0.12547
0 0.466011 0.36761 0.0268609 0.121124 0.123215
0 0.394742 0.360868 0.0407863 0.100569 0.123106
2 0.475244 0.225582 0.115979 0.074615 0.122423
2 0.0798606 0.215839 0.0381754 0.0408412 0.119819
3 0.610617 0.422633 0.0819775 0.0907379 0.118772
0 0.730689 0.377784 0.0277464 0.061136 0.118324
2 0.587112 0.158127 0.0396284 0.0418374 0.114733
0 0.468573 0.407516 0.0343025 0.0608275 0.114459
0 0.186433 0.292619 0.0287572 0.0812012 0.114202
0 0.297855 0.233269 0.0164567 0.0507967 0.113685
0 0.166486 0.220494 0.0258498 0.0794655 0.113385
0 0.612823 0.378229 0.038269 0.0706797 0.111384
9 0.44708 0.0642894 0.0132485 0.0191049 0.109416
0 0.731541 0.349334 0.0389803 0.113281 0.108582
0 0.139158 0.96081 0.0443344 0.0776657 0.107969
5 0.673498 0.14435 0.0700764 0.0699147 0.107507
0 0.0518772 0.229058 0.0253485 0.0584531 0.106236
2 0.715957 0.151388 0.0741918 0.0729467 0.106062
2 0.715154 0.151988 0.0700651 0.072709 0.105865
0 0.389564 0.231467 0.0217429 0.0494387 0.103157
0 0.143258 0.959352 0.0365316 0.0808321 0.103105
2 0.774176 0.749231 0.22573 0.29206 0.101978
0 0.73493 0.347109 0.031691 0.110956 0.100245
2 0.543787 0.166937 0.0547749 0.0384822 0.0999894
0 0.0470891 0.305242 0.0333651 0.101311 0.0999641
0 0.61558 0.418551 0.0659643 0.0926133 0.0997242
5 0.773958 0.469085 0.236722 0.861715 0.0991262
0 0.0750308 0.271214 0.033441 0.0678652 0.0981441
2 0.0759217 0.211943 0.0466413 0.0493208 0.0979237
0 0.468823 0.373434 0.0362164 0.134231 0.0974786
0 0.729051 0.379962 0.0242023 0.0576497 0.0969745
0 0.396403 0.349137 0.0440889 0.124986 0.0965123
0 0.145372 0.965089 0.0329512 0.0691671 0.0964376
