2 0.547179 0.444455 0.166474 0.148345 0.882628
2 0.547004 0.444171 0.166754 0.148443 0.88202
2 0.546973 0.44418 0.165358 0.149632 0.87133
2 0.0819094 0.449891 0.162196 0.121674 0.852909
2 0.546996 0.444288 0.165204 0.149448 0.843283
2 0.547095 0.444324 0.164057 0.149635 0.83827
2 0.546985 0.444077 0.164892 0.149896 0.829772
2 0.0818566 0.450748 0.162692 0.122868 0.818113
2 0.212343 0.324771 0.143241 0.107683 0.817791
2 0.547059 0.444116 0.166557 0.148739 0.811854
2 0.547319 0.444671 0.166103 0.147764 0.806919
2 0.212858 0.324553 0.143362 0.107099 0.799657
2 0.0821153 0.449913 0.161337 0.120851 0.798497
2 0.0816864 0.450396 0.162041 0.120944 0.796103
2 0.0822773 0.450057 0.161019 0.119667 0.794002
2 0.546551 0.444759 0.164642 0.149166 0.792445
2 0.212161 0.324558 0.143854 0.107874 0.787458
2 0.0815799 0.450604 0.162147 0.121244 0.781688
2 0.212074 0.325917 0.14332 0.106329 0.780293
2 0.213387 0.324658 0.143516 0.106711 0.777188
2 0.546508 0.444987 0.165649 0.149357 0.769744
2 0.0511937 0.553241 0.101947 0.130161 0.755934
2 0.0864138 0.701454 0.172269 0.175156 0.75494
2 0.212439 0.324146 0.143536 0.107313 0.751979
2 0.21302 0.325222 0.142982 0.107284 0.751884
2 0.212549 0.325821 0.142774 0.106024 0.750582
2 0.0511853 0.553463 0.102175 0.130558 0.745853
2 0.0511255 0.55288 0.101742 0.132523 0.731614
2 0.338141 0.254207 0.101796 0.0949347 0.729795
2 0.0508661 0.552749 0.101615 0.130979 0.716444
2 0.0511032 0.553036 0.101954 0.130737 0.712041
2 0.051317 0.552911 0.10187 0.129766 0.705402
2 0.0509442 0.553589 0.101705 0.130953 0.698309
2 0.0822663 0.449767 0.162216 0.122111 0.695718
2 0.0512682 0.552366 0.101697 0.129125 0.691331
2 0.338332 0.253705 0.100189 0.0954071 0.690407
2 0.213141 0.326515 0.143424 0.104164 0.684914
2 0.338026 0.2543 0.100296 0.0943392 0.681363
2 0.0511952 0.553213 0.102149 0.12906 0.678734
2 0.338049 0.254811 0.101364 0.0944245 0.654357
2 0.338203 0.254164 0.101874 0.0943061 0.651973
2 0.0515668 0.552491 0.101678 0.129814 0.644047
2 0.338717 0.254741 0.100639 0.0938952 0.64281
2 0.338048 0.25458 0.101997 0.094124 0.636769
2 0.0867608 0.702537 0.173219 0.1772 0.630719
2 0.33817 0.255236 0.102558 0.0937655 0.62839
2 0.0824814 0.449452 0.161568 0.119903 0.627648
2 0.33832 0.253875 0.100609 0.0945598 0.623164
2 0.0866032 0.703299 0.173196 0.179145 0.603536
2 0.0868626 0.703635 0.173725 0.178454 0.560604
2 0.576286 0.230157 0.112758 0.110862 0.559259
2 0.753789 0.494188 0.151907 0.17979 0.557337
2 0.754324 0.494572 0.154077 0.180394 0.53796
2 0.213005 0.324122 0.142108 0.108274 0.537431
2 0.573996 0.228185 0.115835 0.114015 0.525896
2 0.754514 0.49531 0.154602 0.177668 0.522034
2 0.57456 0.227989 0.112611 0.113127 0.517786
2 0.573266 0.227676 0.11625 0.11409 0.5169
5 0.934091 0.504143 0.130714 0.190957 0.511094
2 0.57568 0.228089 0.110756 0.113873 0.508694
2 0.57437 0.227457 0.113048 0.113234 0.506445
2 0.754234 0.494283 0.154279 0.179582 0.504104
2 0.0867614 0.701792 0.173168 0.17468 0.496608
2 0.754047 0.49428 0.153055 0.179539 0.495568
2 0.498848 0.310764 0.136421 0.131663 0.475241
2 0.575862 0.22947 0.109965 0.111436 0.468644
2 0.338843 0.252958 0.101004 0.096753 0.468359
2 0.499485 0.310682 0.136595 0.130017 0.468357
2 0.576863 0.229106 0.108016 0.11143 0.465705
2 0.753406 0.494204 0.152372 0.180015 0.461957
2 0.0862276 0.700136 0.172101 0.173611 0.449938
2 0.707307 0.415854 0.148264 0.163799 0.448559
2 0.576273 0.228174 0.109364 0.112476 0.443276
2 0.753253 0.494287 0.150699 0.179253 0.438173
2 0.705663 0.415297 0.144355 0.162351 0.426185
5 0.934102 0.503904 0.130596 0.191291 0.421737
2 0.0862745 0.704938 0.172549 0.182617 0.408655
2 0.498733 0.310749 0.134187 0.132381 0.406549
5 0.934179 0.504536 0.131191 0.189879 0.398108
2 0.574183 0.226326 0.113984 0.115898 0.398057
2 0.499363 0.31158 0.136551 0.132788 0.396975
2 0.701322 0.415077 0.135992 0.162335 0.389035
2 0.753149 0.493728 0.15272 0.178832 0.379304
2 0.705585 0.41552 0.14413 0.163868 0.371076
5 0.93433 0.504275 0.130685 0.191474 0.360874
2 0.706651 0.415601 0.147449 0.164055 0.352716
2 0.480401 0.190925 0.0734617 0.0721517 0.33991
2 0.498761 0.309946 0.137159 0.128213 0.330052
0 0.0757635 0.328657 0.0336003 0.105756 0.32888
2 0.727732 0.222659 0.0883172 0.0720925 0.322828
2 0.753389 0.49434 0.151267 0.179763 0.320493
2 0.702608 0.416174 0.138066 0.163718 0.318867
2 0.0857709 0.700961 0.171423 0.173486 0.317984
2 0.72761 0.222586 0.088678 0.0731226 0.31745
0 0.0749797 0.328335 0.0332218 0.0962832 0.312271
2 0.085969 0.703916 0.171938 0.177986 0.308501
2 0.499453 0.311123 0.134368 0.130414 0.30681
2 0.0858772 0.702996 0.171754 0.17589 0.306732
2 0.479534 0.190131 0.073151 0.0716578 0.302719
2 0.0821635 0.450631 0.162082 0.122868 0.294819
2 0.082131 0.448782 0.162064 0.118391 0.293968
2 0.51117 0.28134 0.112131 0.0730763 0.293695
2 0.703301 0.415921 0.139519 0.16474 0.292325
2 0.473545 0.332623 0.085938 0.0769328 0.289018
5 0.934234 0.503534 0.130539 0.189015 0.286794
2 0.512682 0.280463 0.109323 0.0714272 0.277723
2 0.497917 0.308944 0.134497 0.126485 0.276855
2 0.502812 0.21745 0.103072 0.0827788 0.275498
2 0.503728 0.213724 0.103905 0.0879845 0.27378
7 0.706773 0.414943 0.139405 0.165271 0.271862
2 0.500146 0.310224 0.133981 0.13062 0.26898
0 0.0753577 0.328122 0.0330556 0.094183 0.265955
2 0.727875 0.221345 0.0885844 0.0743779 0.262641
2 0.0860605 0.700494 0.172121 0.171699 0.26073
2 0.479773 0.19131 0.0718676 0.0727809 0.260093
2 0.727829 0.22083 0.0886326 0.0760192 0.255709
2 0.955978 0.231679 0.0854858 0.0786591 0.248734
0 0.103364 0.269999 0.0242974 0.0661783 0.246891
2 0.499902 0.311795 0.134463 0.133828 0.245266
2 0.7022 0.414572 0.138124 0.160262 0.244644
2 0.703181 0.416905 0.139845 0.164221 0.243205
1 0.0841568 0.360074 0.0267421 0.0400184 0.242854
1 0.08083 0.357886 0.0334225 0.0413628 0.242537
2 0.727949 0.222701 0.0880858 0.0722525 0.242347
7 0.934183 0.503212 0.130514 0.191383 0.238561
7 0.934569 0.503597 0.130257 0.191788 0.236462
2 0.956007 0.232134 0.0856403 0.0782618 0.235787
3 0.127063 0.87616 0.252794 0.246228 0.233581
2 0.474668 0.33386 0.0831133 0.0778715 0.233551
2 0.502337 0.214309 0.102337 0.0890943 0.230784
2 0.479973 0.188971 0.0718854 0.0694507 0.22961
2 0.479911 0.189589 0.0736348 0.0716579 0.224385
2 0.0871207 0.763249 0.174241 0.30029 0.221418
3 0.125921 0.865924 0.250933 0.266655 0.219417
2 0.728179 0.226954 0.0869951 0.0621962 0.217492
3 0.126574 0.876091 0.252209 0.246405 0.216721
2 0.704957 0.415644 0.143314 0.163892 0.214943
5 0.934478 0.503928 0.131044 0.188816 0.212639
2 0.474371 0.334446 0.086002 0.078499 0.211262
2 0.126859 0.876868 0.252576 0.245357 0.207908
5 0.934187 0.503759 0.130798 0.187602 0.203334
3 0.412144 0.849484 0.458608 0.300236 0.203091
2 0.0870748 0.754184 0.17415 0.282142 0.196731
3 0.431022 0.849688 0.423769 0.298708 0.194452
2 0.499839 0.312123 0.133353 0.1297 0.194282
2 0.480472 0.19308 0.0722714 0.076979 0.1925
3 0.424093 0.849804 0.437795 0.300029 0.191705
2 0.727375 0.222845 0.089962 0.0736593 0.190493
0 0.103113 0.270755 0.0240035 0.0684505 0.189081
2 0.480584 0.186111 0.0703224 0.0637247 0.188221
3 0.430806 0.849508 0.423157 0.299962 0.181091
2 0.956037 0.230703 0.0856207 0.080139 0.180471
7 0.705135 0.415521 0.144992 0.163395 0.175682
3 0.126654 0.876694 0.252276 0.246052 0.171281
2 0.501345 0.208185 0.0998804 0.0992857 0.171009
2 0.542342 0.228669 0.178559 0.114047 0.170633
0 0.104222 0.267035 0.0235119 0.0600312 0.170607
2 0.956117 0.231822 0.0854767 0.0790562 0.170466
3 0.126829 0.807361 0.25274 0.383724 0.170014
3 0.4258 0.849247 0.433909 0.300149 0.162575
1 0.0874973 0.361525 0.0209336 0.0367362 0.161857
3 0.434477 0.850355 0.413045 0.298586 0.159373
2 0.728111 0.221137 0.0886442 0.0761121 0.156887
2 0.509333 0.280925 0.115265 0.0738613 0.156853
2 0.504664 0.214908 0.103239 0.0817713 0.151833
2 0.547141 0.444397 0.167055 0.14723 0.151102
2 0.482767 0.189905 0.078893 0.0717313 0.150758
0 0.103278 0.270203 0.0223171 0.0703262 0.148341
0 0.0737787 0.327325 0.0321716 0.0935272 0.141885
0 0.0996917 0.269773 0.030582 0.0672533 0.141107
0 0.0771288 0.329671 0.0339777 0.0965073 0.140238
9 0.461081 0.0705802 0.0137636 0.0316458 0.138885
2 0.506005 0.217333 0.103574 0.082002 0.138682
2 0.513213 0.27757 0.11008 0.0672135 0.137865
3 0.431253 0.84978 0.422157 0.299432 0.136851
2 0.956425 0.232536 0.0856438 0.0815378 0.134018
2 0.473327 0.334715 0.0827082 0.0788204 0.132944
2 0.515017 0.281409 0.103622 0.0716835 0.132551
2 0.12657 0.877479 0.252543 0.243972 0.132289
2 0.484201 0.311769 0.107256 0.121637 0.122614
2 0.481791 0.199134 0.0708469 0.0895982 0.12248
2 0.514428 0.278751 0.105927 0.0676904 0.122154
3 0.32594 0.848539 0.642032 0.301312 0.121234
3 0.324262 0.848372 0.642079 0.302252 0.120553
2 0.0872286 0.771235 0.17432 0.317285 0.119086
1 0.0880466 0.360864 0.0204762 0.0360431 0.118488
2 0.215452 0.202609 0.0389326 0.0393494 0.117022
2 0.474406 0.332885 0.0868189 0.0821044 0.116841
0 0.0995918 0.27399 0.0280589 0.0751815 0.11619
0 0.0735316 0.326765 0.0335105 0.0949335 0.115073
3 0.12612 0.869306 0.251733 0.25967 0.113755
2 0.500566 0.213621 0.0956274 0.0857046 0.110234
2 0.48564 0.20064 0.0841152 0.0932305 0.110034
2 0.338276 0.254908 0.100006 0.0948271 0.109458
2 0.500535 0.215692 0.0953029 0.0838381 0.107472
0 0.101562 0.2692 0.0286712 0.0653623 0.105575
2 0.499568 0.314926 0.136548 0.123004 0.103212
0 0.0412109 0.313192 0.0283852 0.0987699 0.103136
0 0.0987322 0.266667 0.0284458 0.061093 0.101845
2 0.473751 0.332541 0.0809506 0.0768061 0.100406
2 0.480438 0.192421 0.0730454 0.0771761 0.0978259
0 0.0388171 0.3146 0.0252697 0.0941459 0.0971823
2 0.498876 0.330963 0.13498 0.0984626 0.0965156
2 0.215073 0.201105 0.0388058 0.0407557 0.0956884
0 0.814529 0.483304 0.0309744 0.0974678 0.0955889
2 0.728871 0.223462 0.0878529 0.065305 0.0916806
61 0.898871 0.911433 0.166166 0.176369 0.0913113
0 0.0387293 0.31468 0.0241944 0.0964209 0.0906494
2 0.956185 0.231918 0.0854458 0.0827179 0.0905359
2 0.215314 0.201751 0.0405011 0.0400717 0.0865707
0 0.102801 0.269546 0.0253658 0.0645257 0.0858243
2 0.727215 0.216396 0.0900092 0.0848374 0.0857511
2 0.509832 0.279773 0.115184 0.0694397 0.0850151
3 0.433416 0.85155 0.416541 0.296346 0.0843138
2 0.480231 0.186161 0.0695364 0.0637814 0.0833857
2 0.753774 0.493737 0.151239 0.178366 0.0828635
2 0.128837 0.804874 0.257619 0.384032 0.082472
2 0.216004 0.200635 0.0405184 0.042189 0.0824394
2 0.481276 0.182531 0.0705149 0.0552047 0.0824371
2 0.708211 0.415687 0.149736 0.16372 0.0804718
2 0.512169 0.280553 0.105568 0.0712583 0.0800616
2 0.502085 0.206566 0.111593 0.09963 0.0781926
2 0.127311 0.877142 0.253571 0.244919 0.0779276
0 0.0419266 0.313698 0.0301335 0.104019 0.0757428
2 0.493308 0.208894 0.0922951 0.0982209 0.0754584
2 0.728533 0.223962 0.0859611 0.0671813 0.0754368
3 0.127221 0.805848 0.254032 0.385444 0.0737813
2 0.746767 0.494886 0.138236 0.179637 0.0737758
3 0.125392 0.806485 0.250399 0.384437 0.0737055
0 0.0428626 0.314048 0.0310331 0.103902 0.07351
0 0.133741 0.276747 0.0207932 0.072153 0.072561
61 0.913279 0.911794 0.138236 0.175764 0.0725303
0 0.0936216 0.276821 0.0210274 0.0716889 0.0712393
0 0.0396184 0.314348 0.0253252 0.0986796 0.0700251
2 0.499882 0.314019 0.132161 0.130769 0.0699985
2 0.503658 0.285456 0.128734 0.0800725 0.068971
3 0.335928 0.847516 0.670853 0.304485 0.0688421
1 0.0786742 0.361677 0.0386635 0.0504409 0.0678946
0 0.0746145 0.326436 0.0396791 0.106281 0.0669158
0 0.0463177 0.312632 0.0395772 0.104622 0.0666348
2 0.540696 0.222898 0.180984 0.110473 0.0666181
3 0.444366 0.852333 0.393936 0.294443 0.0663045
61 0.893105 0.911358 0.180945 0.17666 0.0650545
2 0.503888 0.212848 0.101549 0.0816009 0.064998
9 0.461576 0.0669981 0.0135757 0.0276634 0.0606332
2 0.93733 0.462211 0.124746 0.104264 0.0600046
9 0.4609 0.0689207 0.0150093 0.0278093 0.0591235
0 0.130537 0.272534 0.0226875 0.0644278 0.0585365
2 0.937649 0.462992 0.123606 0.1065 0.0581401
0 0.103946 0.260635 0.0255065 0.049288 0.0570544
2 0.213996 0.201134 0.0394075 0.0401326 0.0570378
2 0.231083 0.295083 0.101761 0.0519699 0.0569084
2 0.264484 0.889066 0.0499319 0.0521212 0.0568502
2 0.727858 0.229725 0.0863081 0.058672 0.0560097
2 0.955955 0.232028 0.0851318 0.0775215 0.0555722
2 0.98236 0.137664 0.0345245 0.0330626 0.0546164
2 0.267993 0.888301 0.0426042 0.052438 0.0545841
2 0.511939 0.211849 0.12413 0.0935259 0.0545562
0 0.0946416 0.25891 0.0170483 0.0469168 0.0541882
0 0.0716263 0.323228 0.0416848 0.111556 0.0541173
2 0.263939 0.891116 0.0512588 0.0490269 0.054061
0 0.0733024 0.324733 0.0383727 0.10705 0.0534207
2 0.473623 0.323734 0.085639 0.0973306 0.0533995
2 0.267941 0.889373 0.0435938 0.051606 0.0531683
2 0.815615 0.2688 0.0266785 0.0321957 0.0526637
0 0.0366653 0.31605 0.0243934 0.0904489 0.0524175
8 0.728618 0.1474 0.0752172 0.0730163 0.0514316
0 0.0893421 0.281904 0.0160221 0.0484446 0.0505905
0 0.814724 0.481322 0.0305841 0.0968212 0.0502216
0 0.0396191 0.313027 0.0246971 0.100465 0.049834
2 0.938776 0.45987 0.120224 0.102129 0.0497495
61 0.911127 0.911769 0.140482 0.175448 0.0490147
2 0.512295 0.277068 0.105111 0.0665326 0.0484047
3 0.336827 0.84581 0.671231 0.30729 0.048238
2 0.938952 0.46157 0.120116 0.104985 0.047718
2 0.26331 0.887532 0.0511803 0.0565369 0.0477079
2 0.728108 0.15603 0.0714769 0.059825 0.0475328
8 0.728475 0.148375 0.0747461 0.0702968 0.0474742
2 0.982331 0.140123 0.0343353 0.027576 0.0470771
0 0.814916 0.482033 0.0305348 0.0987628 0.04596
8 0.903519 0.379619 0.0570637 0.0190989 0.0450399
2 0.72422 0.230372 0.0807827 0.055374 0.0447143
2 0.729478 0.218756 0.0867841 0.072526 0.0443099
3 0.322728 0.84936 0.644072 0.300848 0.0440002
2 0.518826 0.214098 0.0767157 0.0723937 0.0435222
2 0.938877 0.461214 0.121115 0.104628 0.0434873
2 0.233573 0.295191 0.099358 0.0525449 0.0428954
0 0.0981331 0.270337 0.0311314 0.0682796 0.0422989
2 0.123097 0.84514 0.245917 0.177294 0.042209
3 0.427637 0.849462 0.433741 0.299671 0.0419917
0 0.852517 0.130271 0.0147194 0.0498902 0.041438
2 0.226138 0.294879 0.0954493 0.0513216 0.0412355
0 0.0403161 0.286796 0.0216001 0.0494735 0.0408494
2 0.262155 0.891108 0.0549652 0.0497986 0.0407732
2 0.953888 0.232585 0.0810032 0.0769896 0.0405586
1 0.0777618 0.36222 0.0417162 0.0469943 0.0403691
2 0.526118 0.211803 0.0548232 0.0677129 0.0403522
2 0.955803 0.22183 0.0828695 0.0596857 0.0399792
0 0.142867 0.292496 0.0236753 0.0487389 0.0398955
8 0.903197 0.379697 0.0576855 0.0200143 0.0394573
