2 0.0989857 0.780066 0.143562 0.207185 0.849448
5 0.176646 0.64419 0.0856625 0.155226 0.829052
5 0.17669 0.64435 0.0855675 0.15505 0.825165
5 0.176918 0.64426 0.0852607 0.155579 0.81625
5 0.176485 0.644224 0.0858898 0.15531 0.814727
2 0.0989364 0.779763 0.144139 0.207205 0.807734
2 0.0991507 0.779738 0.143867 0.206986 0.805419
2 0.0986096 0.778915 0.144347 0.206904 0.787923
2 0.0983455 0.778511 0.143509 0.207012 0.784534
5 0.177089 0.644624 0.0852027 0.154886 0.778741
5 0.177061 0.644166 0.0852136 0.154986 0.77161
2 0.0992417 0.778319 0.144675 0.206887 0.761763
2 0.0989348 0.778957 0.143984 0.205768 0.756177
5 0.17709 0.64455 0.0856 0.155008 0.737243
2 0.222092 0.896053 0.13938 0.206824 0.711487
5 0.414129 0.138495 0.0475549 0.0752828 0.702397
2 0.221253 0.896414 0.139979 0.205892 0.695038
5 0.176561 0.644084 0.0854529 0.15545 0.685755
2 0.221815 0.895858 0.139644 0.206935 0.660409
5 0.176763 0.644599 0.085959 0.154874 0.650421
2 0.0987902 0.778579 0.143575 0.205088 0.617047
2 0.0983988 0.778962 0.14372 0.207316 0.607155
2 0.222204 0.895641 0.137485 0.206029 0.599346
2 0.220774 0.896227 0.141176 0.206499 0.593905
5 0.176561 0.643763 0.0849594 0.155438 0.566627
2 0.220443 0.896145 0.141602 0.205849 0.537231
0 0.943733 0.235764 0.0147923 0.0496733 0.536543
5 0.413466 0.138179 0.0461425 0.0744354 0.531442
2 0.045502 0.940709 0.0897891 0.117705 0.524296
0 0.374747 0.292316 0.0194221 0.0542162 0.521035
5 0.355609 0.166028 0.0490406 0.079488 0.518729
2 0.0453782 0.940231 0.0905351 0.118707 0.504375
2 0.0983228 0.779031 0.143049 0.206063 0.504111
5 0.414071 0.13802 0.0438836 0.0740876 0.499891
2 0.099193 0.77949 0.144155 0.207077 0.49693
2 0.0451668 0.94074 0.090204 0.117875 0.488101
5 0.354535 0.165058 0.0441485 0.0825782 0.472104
2 0.045942 0.940272 0.0902472 0.118426 0.471474
0 0.374894 0.292185 0.0181175 0.0545115 0.470796
2 0.0453558 0.940985 0.0905454 0.117626 0.469645
2 0.0449765 0.940815 0.0897493 0.117809 0.46892
5 0.413142 0.137305 0.0455535 0.074256 0.459294
5 0.413983 0.137287 0.0471281 0.0737371 0.458212
5 0.35431 0.169282 0.0454455 0.0735106 0.455743
0 0.943914 0.236494 0.014057 0.048124 0.455126
2 0.0454241 0.940344 0.0905417 0.118303 0.454397
0 0.944057 0.234427 0.0148174 0.0500795 0.441984
5 0.355138 0.165331 0.0450241 0.0813459 0.439492
2 0.587694 0.897277 0.123148 0.190327 0.439061
2 0.591351 0.900764 0.132943 0.19775 0.434816
5 0.414161 0.13808 0.044084 0.0748844 0.425756
2 0.283633 0.199113 0.0547109 0.0445586 0.409151
0 0.374406 0.292823 0.0192754 0.0535166 0.400589
2 0.046004 0.940788 0.0902595 0.11777 0.392152
0 0.374435 0.292425 0.0191177 0.0543602 0.385618
5 0.353941 0.16851 0.044902 0.0751974 0.375576
0 0.374458 0.292687 0.018709 0.0539572 0.371387
2 0.580386 0.206481 0.0351181 0.0476905 0.368748
2 0.0460019 0.941417 0.0895475 0.11667 0.364214
2 0.282518 0.202 0.0526331 0.0385721 0.36179
5 0.356668 0.160221 0.0506412 0.0910294 0.349835
2 0.0997385 0.778395 0.143716 0.205177 0.344715
2 0.283262 0.198294 0.0546827 0.0449004 0.338381
5 0.355957 0.160417 0.0463483 0.0895628 0.333315
0 0.375028 0.292102 0.0178875 0.0544165 0.329928
2 0.221292 0.896615 0.142139 0.205572 0.328996
5 0.355199 0.165995 0.0445001 0.0800439 0.328449
2 0.429555 0.844652 0.109005 0.224818 0.322697
2 0.284055 0.198371 0.0553688 0.0452203 0.322083
0 0.101288 0.366888 0.0147038 0.0537615 0.320567
2 0.434929 0.64577 0.0828005 0.158116 0.319844
2 0.580675 0.209849 0.0355783 0.04327 0.318969
2 0.283045 0.198946 0.0542431 0.0448931 0.315251
5 0.414328 0.138574 0.046021 0.0733686 0.315104
2 0.580972 0.206498 0.0359262 0.0486506 0.314208
5 0.389791 0.0878615 0.0419721 0.055756 0.30864
2 0.283964 0.199359 0.053835 0.0422881 0.296489
0 0.0375704 0.393658 0.0215883 0.0668173 0.29563
2 0.588849 0.89874 0.126025 0.195137 0.294813
5 0.389483 0.0865356 0.0440352 0.0595332 0.292877
2 0.283831 0.198751 0.0556818 0.0460535 0.291309
0 0.101657 0.3681 0.0162057 0.0532626 0.29002
2 0.434859 0.646427 0.0821074 0.157569 0.27717
5 0.414947 0.137341 0.0445924 0.0738838 0.271888
2 0.581027 0.206291 0.0351005 0.0475428 0.268433
5 0.354427 0.166081 0.0436626 0.0820887 0.260834
5 0.354442 0.166456 0.0465657 0.0792437 0.254974
0 0.944187 0.237843 0.0141335 0.0458142 0.250511
2 0.438779 0.190846 0.0352629 0.0509775 0.248447
2 0.283741 0.199156 0.0548375 0.0437927 0.245072
2 0.58804 0.899522 0.125984 0.195269 0.244944
2 0.587997 0.899244 0.125552 0.194497 0.24457
0 0.0381475 0.395616 0.0220976 0.0674685 0.237675
2 0.429332 0.847549 0.106806 0.229007 0.237063
2 0.438783 0.192225 0.0346548 0.0512943 0.2363
2 0.580959 0.205482 0.0343953 0.047838 0.233683
2 0.435118 0.646318 0.083974 0.158162 0.232682
2 0.434785 0.645977 0.0833048 0.158111 0.228815
2 0.588552 0.899199 0.126659 0.195099 0.228464
5 0.435289 0.645964 0.0844114 0.158097 0.224028
2 0.590934 0.900114 0.126239 0.198869 0.223019
5 0.430341 0.846153 0.10671 0.227973 0.222323
2 0.430742 0.845708 0.107163 0.228149 0.220634
5 0.389123 0.0855004 0.0429355 0.0594694 0.215027
5 0.429851 0.846415 0.106303 0.22881 0.213362
2 0.580788 0.208085 0.0343511 0.0457997 0.213185
0 0.100448 0.368483 0.0185618 0.0537515 0.207688
0 0.100374 0.367525 0.0171238 0.0540903 0.206842
2 0.580681 0.206188 0.0367077 0.0468705 0.205814
2 0.589387 0.900066 0.127217 0.199152 0.203593
2 0.588927 0.898683 0.122703 0.193833 0.202464
5 0.429798 0.846116 0.106991 0.228045 0.201967
5 0.583825 0.726246 0.0924606 0.177065 0.201797
5 0.430596 0.846088 0.10774 0.227727 0.197919
2 0.438628 0.191634 0.0347824 0.0509518 0.197495
5 0.429161 0.846313 0.106436 0.228603 0.19687
5 0.583882 0.726405 0.0927521 0.177176 0.196558
2 0.0456095 0.940874 0.0908958 0.117795 0.196175
2 0.283745 0.198074 0.0546705 0.0452061 0.195906
5 0.391707 0.093212 0.0364583 0.0466653 0.194443
2 0.58976 0.899109 0.123971 0.194689 0.191197
2 0.583626 0.725775 0.0924559 0.176947 0.190017
5 0.35521 0.151043 0.0478018 0.110282 0.189593
0 0.101565 0.369385 0.0172002 0.0517731 0.182142
2 0.434768 0.646494 0.0833971 0.157804 0.18085
0 0.12872 0.203294 0.0120132 0.0274744 0.17882
5 0.390041 0.0898475 0.042057 0.0538188 0.177065
2 0.580926 0.20471 0.0350573 0.0455978 0.176025
2 0.439034 0.192397 0.0338114 0.0509788 0.175112
2 0.434838 0.646507 0.0829881 0.157484 0.174971
0 0.0378045 0.393622 0.0215443 0.0639455 0.17158
2 0.282902 0.200435 0.0539058 0.0426952 0.170525
5 0.434933 0.64611 0.083402 0.156706 0.169697
0 0.905697 0.164777 0.00930519 0.018654 0.169647
2 0.592502 0.900811 0.133729 0.197521 0.165599
2 0.580939 0.20948 0.0364707 0.0419919 0.159998
5 0.414876 0.132706 0.0462443 0.0671279 0.159217
5 0.438443 0.19204 0.0354363 0.0507222 0.157617
5 0.583739 0.726481 0.0924784 0.177393 0.153945
0 0.937675 0.164113 0.00848236 0.0185763 0.153734
5 0.429981 0.845925 0.106945 0.228661 0.153226
0 0.128745 0.19077 0.0147831 0.0517769 0.15296
0 0.374859 0.289046 0.0158746 0.0509922 0.152825
2 0.434909 0.645588 0.0828358 0.157838 0.152713
0 0.0378298 0.396874 0.0221843 0.0674404 0.15201
0 0.101861 0.365378 0.0154242 0.0567043 0.151784
5 0.414481 0.136276 0.0478227 0.0760225 0.15022
0 0.943557 0.234919 0.015308 0.0526516 0.148016
5 0.473459 0.0880874 0.0302137 0.043024 0.147979
5 0.353893 0.171136 0.0427229 0.0713034 0.147293
2 0.438507 0.191602 0.0339693 0.0517585 0.144735
5 0.392861 0.0963081 0.0333549 0.0436878 0.143913
2 0.581312 0.206017 0.0352724 0.0474362 0.143367
0 0.373873 0.298638 0.0176403 0.0441918 0.142001
5 0.35304 0.167964 0.0417538 0.0726246 0.139182
5 0.41349 0.139307 0.0450645 0.0727341 0.13881
2 0.589133 0.900318 0.12823 0.198898 0.136816
0 0.0371593 0.390387 0.020587 0.0614995 0.132143
5 0.58092 0.0382569 0.0232941 0.0414302 0.131359
5 0.58353 0.725906 0.0920298 0.177264 0.130718
0 0.100262 0.369496 0.0188739 0.0533484 0.129729
5 0.583629 0.726118 0.0919377 0.177978 0.128828
5 0.434754 0.645855 0.0839137 0.157968 0.128562
5 0.583546 0.725927 0.0924147 0.176985 0.127351
2 0.220802 0.896066 0.139279 0.206236 0.12347
0 0.374668 0.297087 0.0183555 0.0470606 0.123024
5 0.0328521 0.330523 0.0524964 0.0962075 0.120144
0 0.94355 0.234526 0.0157784 0.0523496 0.119739
5 0.583366 0.725877 0.093397 0.178004 0.119132
2 0.438151 0.191201 0.0361444 0.049554 0.118729
5 0.583618 0.725704 0.0929176 0.177453 0.112114
2 0.226721 0.154162 0.0299419 0.0313284 0.110947
0 0.0394583 0.394163 0.0217549 0.0682678 0.109561
0 0.12844 0.189096 0.0161878 0.0529045 0.108833
2 0.226072 0.155987 0.0291675 0.0290521 0.106777
0 0.0384648 0.403624 0.0203688 0.0535834 0.103545
0 0.1805 0.2411 0.0108729 0.046609 0.102738
0 0.039016 0.396433 0.020616 0.0665764 0.102328
5 0.472317 0.0878773 0.0334164 0.0450555 0.101784
5 0.228044 0.153124 0.0338079 0.0329854 0.101201
0 0.935073 0.164306 0.0112045 0.0204014 0.100991
5 0.389854 0.0878566 0.0431916 0.0609489 0.100582
5 0.0318089 0.329034 0.0547221 0.0965915 0.0999549
5 0.226123 0.154214 0.0278811 0.0311229 0.0997692
5 0.227628 0.152916 0.0341392 0.0331583 0.0985
0 0.100169 0.364202 0.0185782 0.0603949 0.0978355
0 0.760057 0.124819 0.0132948 0.0169502 0.0977015
5 0.761427 0.0679547 0.0410765 0.0562466 0.0976496
5 0.471801 0.0880284 0.0340233 0.0449759 0.0968742
0 0.62035 0.0718061 0.0106176 0.0242101 0.0960804
0 0.90606 0.163139 0.012278 0.0203215 0.0958834
5 0.389922 0.0845292 0.0443802 0.056934 0.0943659
0 0.0809817 0.204923 0.0113819 0.0227345 0.094208
5 0.438623 0.192429 0.0350198 0.0490315 0.0936176
5 0.0309228 0.329983 0.0548685 0.0980698 0.093518
0 0.0376071 0.406059 0.0208551 0.0517083 0.0916181
2 0.225351 0.155515 0.0295718 0.0301003 0.0914386
2 0.582 0.0522837 0.0220842 0.0161296 0.0896865
2 0.66763 0.102519 0.0162996 0.0258007 0.0895234
2 0.0351275 0.368134 0.0181862 0.023373 0.0892766
5 0.416299 0.134538 0.0481036 0.0710784 0.0885813
2 0.583559 0.726378 0.0925324 0.177843 0.0884761
0 0.456454 0.290464 0.00808172 0.0380966 0.086888
0 0.720646 0.0451276 0.0118792 0.030739 0.0848265
2 0.213477 0.875382 0.0902397 0.0936409 0.0838654
0 0.79337 0.148667 0.0118321 0.0303558 0.0828824
5 0.0300964 0.335213 0.053501 0.0879613 0.0815949
5 0.393966 0.0888108 0.0420757 0.0602346 0.0789573
5 0.471806 0.0883593 0.0346266 0.0445927 0.0782732
5 0.761295 0.0689042 0.0415674 0.057951 0.0774821
0 0.759406 0.123986 0.0129669 0.0174691 0.0770181
0 0.793815 0.150128 0.0104897 0.0275962 0.075605
0 0.0376075 0.390343 0.0203313 0.0587643 0.0751535
2 0.591589 0.901186 0.133295 0.196894 0.0746624
0 0.375517 0.2902 0.0167306 0.0517407 0.0744798
5 0.22701 0.152963 0.0339345 0.0327325 0.0741205
5 0.353933 0.17159 0.0430017 0.0698038 0.0737187
0 0.180796 0.237928 0.0106649 0.0413027 0.0711314
2 0.580969 0.203667 0.0357363 0.0462743 0.0710145
5 0.389738 0.0915327 0.0417598 0.0530249 0.0690092
5 0.353843 0.159964 0.0446753 0.0834067 0.0676985
2 0.27121 0.207856 0.0290939 0.0273403 0.0673138
2 0.221985 0.895219 0.138988 0.20524 0.0622344
2 0.0234288 0.36584 0.0279092 0.026619 0.061235
0 0.620532 0.0734081 0.00947342 0.0214041 0.0608254
5 0.390055 0.0846258 0.044505 0.0568282 0.0607572
5 0.413935 0.132131 0.0451303 0.0648827 0.0599704
2 0.730362 0.219978 0.0266849 0.0257412 0.0583664
2 0.0235439 0.364362 0.0301624 0.0298561 0.0581746
0 0.881937 0.169223 0.00991344 0.0133596 0.0579047
2 0.219654 0.898455 0.143122 0.202509 0.0558487
0 0.935842 0.163682 0.0127579 0.0215643 0.0550469
0 0.0788775 0.215673 0.0145371 0.0450996 0.0549798
5 0.29945 0.162959 0.0303227 0.0474865 0.0541251
0 0.0371169 0.383605 0.0194675 0.0492923 0.0536084
2 0.212605 0.878817 0.0883735 0.0847822 0.0535609
5 0.227055 0.152022 0.0358931 0.0347443 0.0532222
5 0.473399 0.0864824 0.0351187 0.0474802 0.0526614
0 0.179544 0.243559 0.0121088 0.0486499 0.0509691
2 0.66785 0.103431 0.0145294 0.0246193 0.0509683
2 0.283817 0.197918 0.0547241 0.043949 0.0509021
0 0.443425 0.81711 0.0209538 0.0215145 0.0508497
0 0.720711 0.0468207 0.0140581 0.0333511 0.0505633
5 0.580857 0.0370845 0.0207048 0.0407237 0.0497253
5 0.357247 0.130599 0.0452797 0.0996392 0.0478177
5 0.298928 0.163828 0.0291019 0.0470814 0.0440958
2 0.00526045 0.922736 0.0103482 0.0254627 0.0429111
2 0.347519 0.286292 0.0159252 0.0230636 0.0422515
5 0.032236 0.327545 0.056965 0.101756 0.0422243
2 0.162632 0.894701 0.2584 0.209361 0.0421945
2 0.00613906 0.925673 0.012085 0.0340946 0.0418589
2 0.0365153 0.948481 0.0684513 0.102787 0.0412979
5 0.354185 0.176547 0.0426278 0.0600687 0.0402293
5 0.032979 0.329384 0.0449216 0.0882555 0.0400872
5 0.0274443 0.328894 0.0529713 0.102112 0.0392053
3 0.987852 0.254888 0.0202873 0.0318965 0.0388298
2 0.438545 0.190291 0.0337069 0.0534244 0.0383347
2 0.219904 0.896182 0.142142 0.206727 0.0373338
2 0.989508 0.25143 0.0203327 0.037647 0.0372534
2 0.0475095 0.129137 0.0520846 0.0195599 0.0366328
5 0.419314 0.137606 0.0534111 0.0762286 0.0366194
5 0.0140135 0.325574 0.0278738 0.103071 0.0364894
0 0.123766 0.177526 0.01591 0.0293367 0.0362113
0 0.126918 0.178568 0.0165279 0.0340428 0.0357142
2 0.731096 0.220082 0.0275449 0.0264281 0.0350254
0 0.938289 0.16423 0.0140533 0.0195689 0.0349885
2 0.0418737 0.949217 0.0660274 0.101269 0.0348546
2 0.729971 0.220988 0.0288424 0.0261158 0.034284
0 0.669008 0.131504 0.0162645 0.0342611 0.0339411
5 0.427727 0.0429436 0.0496018 0.0858873 0.0329726
5 0.27547 0.144254 0.020415 0.0396032 0.032835
5 0.298272 0.171071 0.0319596 0.0347707 0.0327271
2 0.230529 0.153158 0.0394553 0.0337275 0.0324376
2 0.72917 0.221059 0.0284315 0.0262151 0.0324267
2 0.0226343 0.363754 0.0304537 0.029801 0.0322473
5 0.357285 0.155575 0.0502256 0.0865092 0.0319215
5 0.390557 0.0955074 0.0372654 0.0444747 0.0318669
0 0.456398 0.294956 0.00943747 0.0311892 0.0316832
2 0.0465658 0.128749 0.0493684 0.0162496 0.0316515
0 0.00736722 0.293962 0.0133692 0.0532257 0.0315239
5 0.296928 0.173079 0.0331901 0.0337801 0.0312897
2 0.288844 0.192503 0.0464458 0.0378142 0.0310347
2 0.837251 0.0110985 0.0296795 0.0213209 0.0307001
5 0.580944 0.0396359 0.0259886 0.0399491 0.0304302
2 0.2282 0.857884 0.118032 0.127176 0.0303095
0 0.457173 0.280265 0.0102335 0.0561672 0.0295973
2 0.731521 0.219818 0.0287592 0.0266724 0.0293356
2 0.0492423 0.950087 0.0809839 0.0996899 0.0289533
5 0.438218 0.0665279 0.0279787 0.040284 0.0283849
5 0.638256 0.0243033 0.0233496 0.0296989 0.0283714
5 0.472933 0.0865562 0.0337183 0.0481759 0.0282417
2 0.706132 0.272873 0.0374712 0.0302864 0.0281682
2 0.227626 0.859958 0.12482 0.131855 0.0281289
0 0.991114 0.256236 0.0168758 0.0302148 0.0279722
2 0.212172 0.880048 0.0870448 0.081856 0.027557
0 0.0810147 0.204539 0.010291 0.0245752 0.0275381
0 0.757333 0.0246496 0.0144586 0.0270883 0.0271661
0 0.987887 0.255448 0.0195137 0.0318761 0.0271285
2 0.0491155 0.129866 0.0547049 0.0230549 0.0270955
2 0.84612 0.011441 0.0480869 0.0220901 0.0268931
