5 0.895724 0.457813 0.208027 0.575154 0.925046
5 0.896354 0.454327 0.20693 0.566888 0.908015
5 0.895929 0.457732 0.206888 0.574506 0.907481
5 0.896186 0.452829 0.206496 0.564083 0.901645
5 0.89624 0.452279 0.207062 0.564078 0.898596
5 0.896163 0.458649 0.207306 0.577512 0.888781
5 0.896153 0.424441 0.206648 0.506403 0.867032
5 0.895107 0.462575 0.209062 0.590132 0.853888
5 0.89572 0.462296 0.207841 0.587225 0.846099
5 0.89558 0.461541 0.208415 0.589399 0.812891
2 0.413317 0.246982 0.120714 0.115672 0.613505
2 0.41347 0.247233 0.12103 0.115111 0.612009
2 0.413417 0.246881 0.120175 0.115779 0.608734
2 0.412996 0.246928 0.120005 0.11553 0.582083
2 0.669665 0.576231 0.117441 0.226617 0.575589
2 0.413416 0.246853 0.119995 0.115004 0.57264
2 0.413289 0.247172 0.120092 0.114778 0.565962
2 0.413017 0.246547 0.120147 0.115082 0.555219
2 0.412974 0.246846 0.120187 0.11534 0.549541
2 0.669127 0.576148 0.119501 0.225078 0.530401
2 0.412742 0.247052 0.11956 0.114678 0.527003
2 0.745501 0.406011 0.119729 0.177588 0.51266
2 0.745601 0.404391 0.119457 0.178018 0.511826
2 0.777543 0.0540157 0.0802757 0.0464327 0.507648
2 0.623675 0.372882 0.0924246 0.149221 0.492196
2 0.623762 0.372678 0.0933958 0.149641 0.491712
2 0.777777 0.0538189 0.0800993 0.0470784 0.490079
2 0.777639 0.0534718 0.0797455 0.0461063 0.489048
2 0.668706 0.575661 0.117652 0.226241 0.476316
2 0.623667 0.372968 0.0929653 0.150477 0.465968
2 0.668951 0.575655 0.118227 0.226809 0.464598
2 0.669742 0.575395 0.116385 0.225248 0.462901
2 0.777324 0.0538276 0.0792379 0.0463208 0.444521
2 0.623742 0.373213 0.0930722 0.150696 0.443865
2 0.745436 0.40559 0.119577 0.178186 0.443839
2 0.669171 0.576422 0.120144 0.225704 0.442824
2 0.668959 0.575936 0.119306 0.226014 0.438529
2 0.623763 0.372994 0.0934174 0.150422 0.424314
2 0.77782 0.0540804 0.0803421 0.0477842 0.41386
2 0.745579 0.40504 0.119578 0.177794 0.411244
2 0.745682 0.404777 0.118994 0.178092 0.405979
2 0.777735 0.0541342 0.0800831 0.0472838 0.392916
2 0.777273 0.0535228 0.0793082 0.0474016 0.388223
0 0.0903184 0.201851 0.0231749 0.0772513 0.381371
2 0.745407 0.40453 0.119647 0.177163 0.380679
2 0.745595 0.405774 0.119905 0.177697 0.377374
0 0.0911298 0.203742 0.0239378 0.0798631 0.375821
2 0.62395 0.37252 0.0929562 0.150563 0.375705
2 0.97836 0.0552471 0.0427393 0.0508058 0.373473
2 0.668884 0.577045 0.116994 0.227308 0.349313
0 0.0911884 0.2031 0.0228882 0.081481 0.348753
2 0.623605 0.372974 0.0934114 0.150851 0.346784
2 0.668504 0.576474 0.118726 0.224514 0.335189
0 0.687944 0.177128 0.0286356 0.0879632 0.323493
2 0.623891 0.372738 0.0924672 0.151819 0.320529
0 0.688095 0.177183 0.0285871 0.0877011 0.319003
0 0.0900126 0.202823 0.0216725 0.078538 0.3144
0 0.6881 0.17737 0.0281317 0.0873302 0.313246
5 0.623451 0.37354 0.0933416 0.151933 0.311682
2 0.668375 0.576405 0.118046 0.226224 0.311287
0 0.688036 0.177901 0.0279531 0.0860959 0.303316
2 0.745303 0.401878 0.118304 0.174431 0.303107
0 0.0906676 0.203247 0.024692 0.079835 0.297201
2 0.745258 0.404629 0.119898 0.177251 0.29548
2 0.929939 0.0668892 0.0771433 0.0512053 0.2942
2 0.978538 0.0554294 0.0423103 0.0503339 0.272462
2 0.777792 0.0541519 0.080176 0.0469296 0.272124
2 0.979704 0.0549529 0.0398186 0.0514211 0.270894
2 0.929828 0.0668126 0.0781061 0.051161 0.268921
0 0.68856 0.176642 0.0272482 0.0883983 0.261308
5 0.493198 0.599378 0.113872 0.252132 0.25927
2 0.777741 0.0536944 0.0793471 0.046042 0.25512
0 0.688028 0.177056 0.0279573 0.0895113 0.254968
5 0.492704 0.603827 0.115475 0.25662 0.254721
2 0.493237 0.599657 0.11396 0.274131 0.248319
2 0.981081 0.0562059 0.037291 0.050139 0.247435
0 0.35792 0.171109 0.0225791 0.0745461 0.246672
0 0.0896261 0.202484 0.0228452 0.0781407 0.245923
0 0.357027 0.170641 0.0194616 0.0721292 0.24488
2 0.979964 0.0554911 0.0394321 0.0517342 0.244215
2 0.670638 0.574232 0.115941 0.223108 0.241397
2 0.493825 0.598711 0.114062 0.274261 0.235583
0 0.688035 0.177153 0.0281476 0.0891577 0.229089
0 0.0909207 0.203766 0.0244838 0.0811965 0.225906
0 0.502296 0.0447376 0.0189443 0.0438142 0.21844
2 0.9321 0.0676041 0.0804539 0.0509542 0.214393
5 0.493225 0.599234 0.113902 0.252471 0.211735
2 0.97711 0.0552294 0.0448246 0.0522653 0.204362
0 0.502534 0.044079 0.0190126 0.0430822 0.203023
0 0.688817 0.176561 0.0274706 0.0891405 0.202565
2 0.777573 0.0541752 0.0789853 0.0466276 0.196699
2 0.745455 0.406677 0.119016 0.17815 0.190257
2 0.93029 0.0671946 0.0783936 0.0507137 0.189664
0 0.688585 0.177076 0.0279922 0.0896025 0.187671
2 0.930307 0.067448 0.0779873 0.0502722 0.186031
2 0.492899 0.593233 0.114173 0.279843 0.184123
2 0.934079 0.067628 0.0826107 0.0502978 0.184095
2 0.77783 0.0535811 0.0803611 0.047535 0.180223
2 0.492663 0.60059 0.114962 0.277205 0.179887
7 0.667319 0.576629 0.118596 0.224998 0.177979
2 0.777849 0.0548254 0.0791721 0.0464347 0.170642
2 0.981626 0.0578691 0.0360645 0.0475779 0.167762
2 0.493669 0.591718 0.114206 0.282225 0.166284
2 0.976821 0.0547617 0.0461292 0.0518941 0.164431
0 0.35676 0.168897 0.0166103 0.0691099 0.15493
2 0.932031 0.0678124 0.0751522 0.0495372 0.151296
5 0.493153 0.600556 0.113357 0.250469 0.149575
2 0.932473 0.0677193 0.0816429 0.0509829 0.148306
2 0.493475 0.60272 0.115101 0.270926 0.14826
2 0.93332 0.0676252 0.0843105 0.0509649 0.141765
0 0.843893 0.111364 0.023378 0.0640571 0.135917
0 0.0918865 0.20622 0.022851 0.0765563 0.133261
0 0.327545 0.189826 0.0203377 0.0769874 0.129058
0 0.0893031 0.200546 0.0197784 0.0737968 0.128873
0 0.687457 0.183031 0.0264114 0.0762755 0.127342
0 0.613895 0.122401 0.017934 0.0518394 0.126541
0 0.615211 0.127834 0.0200287 0.0646347 0.12189
2 0.929982 0.0670553 0.0791832 0.0509334 0.120777
0 0.731669 0.147127 0.0142657 0.0498483 0.119465
9 0.131897 0.0264594 0.0103117 0.0198584 0.117007
2 0.931614 0.067643 0.074979 0.050677 0.116448
0 0.329064 0.173665 0.0164454 0.0415507 0.115815
0 0.615906 0.115907 0.0161249 0.040835 0.115745
2 0.976182 0.0552985 0.0471342 0.0523655 0.114779
2 0.287784 0.0633783 0.032653 0.0236717 0.11393
0 0.0916339 0.221024 0.022421 0.0467036 0.112742
0 0.328672 0.175341 0.0181898 0.0459452 0.112499
0 0.0889447 0.191308 0.0207487 0.055986 0.11175
0 0.733099 0.149032 0.0157969 0.0495677 0.106709
0 0.502615 0.0410751 0.0180482 0.0386074 0.106448
0 0.615253 0.118156 0.0185474 0.0436123 0.105275
0 0.731712 0.144353 0.0136957 0.0468048 0.103935
9 0.131076 0.0247821 0.0113614 0.0184671 0.101931
0 0.613935 0.127706 0.0204155 0.0632476 0.101474
0 0.683453 0.0275766 0.0189002 0.0542054 0.0999658
2 0.979826 0.0549628 0.0395649 0.0513072 0.0998896
0 0.6389 0.132868 0.0122323 0.0329098 0.0980352
0 0.615462 0.134297 0.0200241 0.0567438 0.0977299
2 0.6689 0.576021 0.117104 0.222487 0.0977274
2 0.289079 0.0632035 0.0340957 0.0237371 0.0974395
0 0.359215 0.173356 0.0211153 0.072413 0.0967212
0 0.558513 0.0646585 0.0142331 0.0587802 0.0944422
0 0.735491 0.164797 0.0203063 0.0767452 0.0938468
0 0.327228 0.189998 0.0204108 0.0786714 0.0928682
2 0.212103 0.0761416 0.0444977 0.0417384 0.0922705
0 0.358842 0.171833 0.0246353 0.0744094 0.0905667
0 0.613852 0.130702 0.0190791 0.0594891 0.0898461
0 0.682633 0.0263331 0.0215691 0.0526662 0.0888378
0 0.61417 0.12972 0.0203216 0.0645243 0.0879394
0 0.0924902 0.223225 0.0214103 0.0434702 0.0873085
2 0.290166 0.060715 0.0378695 0.0266933 0.0858532
0 0.501096 0.0447867 0.020842 0.0442199 0.0850927
0 0.688783 0.1772 0.0245443 0.0907356 0.0847488
2 0.413555 0.247518 0.120676 0.114776 0.0841505
0 0.557994 0.0678608 0.0174526 0.0618987 0.0820569
2 0.289634 0.0599201 0.0386036 0.0241266 0.0812552
0 0.0891211 0.1848 0.019374 0.0433334 0.0809281
0 0.637614 0.137567 0.0153697 0.0403428 0.0799043
0 0.357653 0.171775 0.0200186 0.0739434 0.0798353
0 0.558719 0.0572083 0.0120952 0.0430695 0.0786794
0 0.356491 0.171019 0.0206171 0.0735099 0.0763927
2 0.198255 0.0854577 0.0228276 0.0322455 0.075359
2 0.287701 0.0611026 0.0335409 0.0254249 0.0752404
0 0.327287 0.192076 0.0191656 0.0774063 0.0740766
2 0.218432 0.0718053 0.0315369 0.0474008 0.0738082
2 0.248479 0.0804488 0.0212853 0.0182949 0.0720732
0 0.32713 0.185656 0.0198795 0.0682765 0.0716761
0 0.737571 0.166762 0.0212381 0.0754099 0.0713197
0 0.839212 0.115169 0.0391928 0.0643923 0.0698352
0 0.0920854 0.224458 0.0213521 0.0438224 0.0698318
0 0.842323 0.102254 0.017886 0.046095 0.0692247
7 0.385441 0.0742388 0.0977686 0.0583576 0.0691594
2 0.210397 0.0826608 0.0470274 0.0359694 0.0684041
9 0.377474 0.426104 0.033655 0.0584295 0.0672899
2 0.492401 0.582904 0.115342 0.300723 0.067116
0 0.341892 0.170872 0.0246789 0.0713954 0.0662917
2 0.980535 0.057283 0.0381824 0.0467275 0.0651324
0 0.638055 0.136241 0.0154802 0.0396478 0.0622836
0 0.613756 0.119477 0.0191286 0.0455746 0.0619302
0 0.326022 0.173741 0.0170642 0.0441765 0.0616429
7 0.384709 0.0770084 0.0952972 0.046771 0.0611975
3 0.838951 0.119876 0.0401642 0.0544642 0.0594723
0 0.636194 0.133982 0.0159896 0.0362968 0.0594308
0 0.557457 0.0659018 0.0179211 0.0604651 0.0593264
0 0.329474 0.168817 0.0152414 0.0376611 0.0592482
0 0.638752 0.131426 0.0125574 0.0302736 0.0591497
0 0.783079 0.239433 0.014658 0.0559178 0.057518
7 0.38519 0.0695204 0.0970947 0.0645947 0.0572737
0 0.752786 0.162571 0.0220356 0.0804861 0.0571676
0 0.635759 0.133301 0.0158916 0.0384008 0.0568765
7 0.385438 0.0728717 0.0960239 0.0570449 0.0563144
0 0.499561 0.0471548 0.017054 0.0421536 0.0557657
0 0.616198 0.19679 0.0297169 0.0669022 0.0547781
0 0.327207 0.191716 0.0200394 0.0792526 0.0536414
0 0.088419 0.183611 0.0191633 0.0411072 0.0521865
7 0.385203 0.0752124 0.0977103 0.057002 0.0520896
0 0.356794 0.161096 0.0155322 0.0560246 0.0510841
0 0.68714 0.184632 0.0257172 0.0729147 0.049371
0 0.781963 0.229186 0.0133821 0.0365044 0.0491527
0 0.682755 0.0370936 0.0116879 0.0374628 0.0488882
0 0.34989 0.165483 0.0217817 0.0543141 0.0484635
0 0.635319 0.136236 0.019585 0.0411701 0.047839
0 0.612177 0.197683 0.0229882 0.0639478 0.0478311
7 0.385855 0.069882 0.0985888 0.064841 0.0474985
7 0.385474 0.0696432 0.0981554 0.0658208 0.0470749
2 0.220957 0.0751027 0.0278579 0.0415199 0.0464582
0 0.613557 0.118064 0.0194693 0.0439761 0.0463885
0 0.00747038 0.217102 0.0148225 0.0623037 0.0459276
2 0.428443 0.215126 0.0708053 0.0523263 0.0436125
0 0.838975 0.112302 0.03503 0.0668161 0.0433617
2 0.209322 0.0850636 0.0452908 0.0338188 0.0433003
0 0.7529 0.158836 0.0185522 0.0747337 0.0431736
3 0.838461 0.127508 0.0385263 0.037893 0.0425583
0 0.614213 0.199416 0.0253835 0.0622009 0.0425575
7 0.385746 0.073101 0.0984475 0.059401 0.0418428
2 0.249541 0.0811233 0.0238027 0.0217716 0.041614
0 0.332464 0.1798 0.0221958 0.085352 0.0405825
5 0.378056 0.425364 0.0330248 0.0566194 0.0402472
2 0.493662 0.585912 0.113356 0.297782 0.039915
2 0.220474 0.0744034 0.0314194 0.0382084 0.0395091
0 0.688157 0.176484 0.0249628 0.0886867 0.0392701
3 0.837768 0.127044 0.0380848 0.0392925 0.0385395
0 0.752425 0.162928 0.0230177 0.0804587 0.0384385
0 0.44448 0.213994 0.0237068 0.0332691 0.0379503
7 0.384789 0.0782257 0.0951253 0.0474924 0.0378672
0 0.684189 0.0281114 0.0175114 0.0540279 0.0367984
0 0.360453 0.177569 0.0203867 0.0642328 0.0366112
3 0.838884 0.128294 0.0398113 0.0395615 0.036575
0 0.613881 0.196387 0.0263773 0.0667744 0.036152
0 0.341006 0.169714 0.0302732 0.0766542 0.0359434
0 0.359277 0.171633 0.0247043 0.0729995 0.0358999
3 0.8389 0.12587 0.0400913 0.0441806 0.0355796
2 0.240429 0.0567454 0.0263045 0.0362653 0.0355297
0 0.738462 0.166838 0.0237699 0.0744491 0.0354736
2 0.428547 0.215294 0.0721167 0.0535448 0.0353313
0 0.091187 0.222836 0.02316 0.0437862 0.0350215
7 0.00749577 0.217234 0.0148814 0.0627347 0.0348429
9 0.377961 0.426121 0.0329625 0.0571516 0.0345648
2 0.211321 0.0735225 0.0463697 0.0479239 0.0344263
0 0.689506 0.153515 0.0195678 0.0455134 0.034325
5 0.377954 0.425746 0.0323325 0.0573833 0.0335539
9 0.377927 0.426262 0.032795 0.0574257 0.0331242
2 0.605491 0.158263 0.0533295 0.0230231 0.0330567
7 0.38551 0.0773394 0.0956373 0.0462411 0.0321403
0 0.783738 0.25659 0.0179493 0.0883206 0.031805
0 0.618327 0.197103 0.0288401 0.064456 0.0316987
0 0.842091 0.118308 0.035767 0.0574683 0.0314268
2 0.412967 0.246556 0.119896 0.114919 0.0313382
2 0.429869 0.209279 0.0656754 0.0421081 0.0312688
2 0.239905 0.0538703 0.0263378 0.0394103 0.031029
0 0.783698 0.265524 0.0222647 0.105107 0.0308042
0 0.741386 0.0176304 0.0177443 0.0352542 0.0305997
2 0.162467 0.0825753 0.0138792 0.0306963 0.0303372
2 0.210611 0.0820042 0.0461075 0.0347773 0.0299314
0 0.681195 0.0233945 0.0221044 0.046789 0.0298297
2 0.839221 0.114008 0.0415436 0.06843 0.0298264
0 0.691283 0.144475 0.0127726 0.0254482 0.0297126
0 0.7824 0.265899 0.021916 0.108423 0.0296279
2 0.222507 0.0674676 0.0277961 0.0394104 0.0294586
0 0.839944 0.106622 0.0262165 0.0566159 0.0290443
0 0.352315 0.168442 0.0274206 0.079103 0.0282308
0 0.617098 0.143912 0.0194168 0.0415949 0.0280653
2 0.296034 0.0598273 0.0386784 0.0257617 0.028063
0 0.502078 0.0500643 0.0183149 0.0492838 0.027852
0 0.748734 0.156137 0.0256706 0.0710153 0.0276024
2 0.220937 0.068426 0.0242966 0.038279 0.0275622
0 0.750403 0.14868 0.0200892 0.0561787 0.0274783
0 0.557916 0.069502 0.0186595 0.0640018 0.0269386
2 0.219859 0.063319 0.0219616 0.0366057 0.0267087
2 0.195484 0.0890973 0.0176923 0.0307534 0.0265635
0 0.738064 0.176409 0.0194701 0.0566395 0.0265533
0 0.740543 0.163549 0.0290052 0.0794125 0.0265436
0 0.00488654 0.216962 0.00960805 0.0607963 0.0263969
2 0.236134 0.0588716 0.0210956 0.0327088 0.0263876
7 0.945222 0.0628786 0.107156 0.0541612 0.0256536
0 0.349004 0.159281 0.0244024 0.0478571 0.0253362
0 0.844656 0.113335 0.0306171 0.0662714 0.0252895
0 0.738668 0.173472 0.0201897 0.0615227 0.0252469
0 0.145579 0.133314 0.0168811 0.0359758 0.0250187
2 0.431121 0.206615 0.0670375 0.036411 0.0249269
0 0.785886 0.0187059 0.0196075 0.02998 0.0246856
2 0.20928 0.0782648 0.0458986 0.0460138 0.0238395
0 0.42255 0.214494 0.0579433 0.0501769 0.0237073
0 0.61151 0.200634 0.0203498 0.0580371 0.0232202
0 0.360372 0.188957 0.0181649 0.0421743 0.022548
0 0.738773 0.181273 0.0184201 0.0466909 0.0223062
0 0.557418 0.0686231 0.0193902 0.0653379 0.0221439
0 0.00438392 0.217141 0.00876784 0.0609437 0.0217616
0 0.150875 0.127167 0.0184397 0.0341747 0.0216298
2 0.290448 0.0547533 0.0442364 0.0373103 0.0213183
7 0.382368 0.0789852 0.0906928 0.0483514 0.0212994
2 0.936195 0.0667273 0.0798483 0.0489108 0.0212776
0 0.842716 0.112296 0.0309759 0.0691321 0.0210644
0 0.091161 0.224037 0.0230323 0.0452279 0.0208911
2 0.239016 0.0543397 0.0244062 0.035317 0.0207315
5 0.783618 0.266667 0.0235884 0.107147 0.020596
2 0.2149 0.0707494 0.0366334 0.0471106 0.0205608
5 0.377997 0.425658 0.0322776 0.0575953 0.0205161
0 0.0045946 0.216866 0.00918919 0.0596753 0.0202861
0 0.0283444 0.101274 0.0148149 0.0313955 0.0202081
