2 0.274608 0.651893 0.136074 0.100591 0.757885
2 0.275166 0.652034 0.137024 0.100418 0.754196
2 0.275117 0.652018 0.136422 0.100304 0.704038
2 0.274711 0.65183 0.135405 0.100457 0.688883
2 0.274921 0.652152 0.135678 0.100447 0.669974
2 0.275122 0.65148 0.1354 0.100247 0.66609
2 0.274783 0.652421 0.135821 0.100558 0.659848
2 0.275273 0.651779 0.134995 0.100949 0.652536
2 0.274636 0.651498 0.136637 0.100464 0.628803
0 0.364476 0.504279 0.0235015 0.0724035 0.610545
0 0.364407 0.503675 0.0233175 0.0727959 0.603917
2 0.274778 0.651628 0.137718 0.0995157 0.575544
2 0.845186 0.525332 0.0717083 0.0495586 0.571765
0 0.364664 0.504353 0.0243607 0.0724131 0.566428
0 0.364419 0.503934 0.0245255 0.073368 0.564206
0 0.364811 0.504373 0.0227186 0.0745314 0.544054
2 0.845218 0.525692 0.0717655 0.0496949 0.531956
2 0.845512 0.525398 0.07164 0.050561 0.525771
2 0.845125 0.525998 0.0714005 0.0484346 0.521659
0 0.615805 0.492161 0.0304344 0.0615467 0.517816
2 0.2702 0.501321 0.0971326 0.0728092 0.510626
2 0.270572 0.501186 0.0962777 0.0725698 0.499707
2 0.844909 0.520686 0.0720871 0.0572128 0.491647
0 0.617493 0.491546 0.0236084 0.0606774 0.485812
2 0.270899 0.501456 0.0961061 0.0728138 0.477406
2 0.271021 0.501349 0.0956027 0.0721416 0.467082
2 0.845555 0.522866 0.0715633 0.0558108 0.456628
2 0.844569 0.521868 0.0717546 0.0558132 0.454904
0 0.364598 0.504109 0.0227739 0.0723538 0.450516
0 0.364837 0.504209 0.0226427 0.0735462 0.447949
0 0.616827 0.492042 0.0294933 0.0631971 0.44635
2 0.272613 0.501822 0.0947024 0.0722342 0.429191
1 0.613816 0.504322 0.0296032 0.0395009 0.417578
2 0.845285 0.523736 0.0716352 0.0540262 0.409091
0 0.36417 0.504119 0.0236208 0.072033 0.403954
1 0.615214 0.498884 0.0320229 0.0499782 0.40149
2 0.271197 0.500306 0.093559 0.0727366 0.396717
0 0.364699 0.501748 0.0228355 0.0688713 0.392976
0 0.615699 0.491804 0.0323193 0.0629848 0.386431
2 0.272608 0.501692 0.0946639 0.0724085 0.385535
0 0.36406 0.502221 0.0230401 0.0691086 0.352566
0 0.176112 0.515528 0.0251636 0.0732474 0.337717
0 0.177069 0.515241 0.0256567 0.0766296 0.328914
9 0.172986 0.42912 0.0143551 0.030146 0.321684
2 0.274722 0.500753 0.0888752 0.0730246 0.318665
0 0.615187 0.49259 0.0326492 0.0628105 0.316034
2 0.845296 0.528162 0.0710407 0.0434174 0.311105
0 0.364761 0.504127 0.0232736 0.0741117 0.309585
0 0.177747 0.516018 0.0273523 0.0770325 0.305369
2 0.269117 0.501529 0.0999741 0.0737137 0.303559
2 0.844174 0.529268 0.069817 0.0416424 0.289448
2 0.27617 0.500829 0.0848947 0.0728203 0.281798
0 0.195392 0.523649 0.0175355 0.0623856 0.280288
0 0.195454 0.524035 0.0175535 0.0613507 0.273402
0 0.175863 0.512715 0.0239213 0.0739828 0.259907
0 0.19562 0.524951 0.0175143 0.0618827 0.258105
0 0.175968 0.516756 0.0246547 0.0736132 0.254986
0 0.617981 0.488056 0.0220658 0.0566732 0.225607
2 0.274811 0.651936 0.136208 0.101209 0.21953
0 0.617643 0.492508 0.0314474 0.0606493 0.213706
0 0.616306 0.490306 0.025609 0.0637096 0.211178
0 0.0136238 0.530779 0.0201949 0.0359859 0.210397
9 0.172947 0.428894 0.0141315 0.0293345 0.190826
0 0.19578 0.527547 0.0168747 0.0594539 0.189493
0 0.176422 0.513539 0.0239754 0.0764347 0.184195
0 0.0139315 0.531021 0.020167 0.0361063 0.169594
0 0.616647 0.493439 0.0316937 0.0614692 0.165218
0 0.364937 0.505998 0.0211434 0.0695574 0.158146
2 0.546765 0.860401 0.0258064 0.0205605 0.15411
1 0.615179 0.494398 0.0330364 0.0586267 0.152077
2 0.546476 0.860954 0.0265532 0.0204773 0.149839
0 0.0114276 0.530056 0.0225245 0.0370548 0.14242
0 0.236954 0.519819 0.0217892 0.0667772 0.142082
0 0.0130995 0.530399 0.0216003 0.0394643 0.141781
0 0.0137705 0.530689 0.0203537 0.0362816 0.140053
1 0.616694 0.504302 0.0344887 0.0396238 0.135719
0 0.0124679 0.5287 0.0229378 0.0416508 0.130138
0 0.226764 0.508979 0.0181484 0.0407125 0.129722
0 0.175605 0.511002 0.0228008 0.0710997 0.128053
0 0.237475 0.52446 0.0201891 0.0557564 0.127831
0 0.226971 0.508942 0.017477 0.0422309 0.125573
0 0.227867 0.509998 0.0178338 0.041121 0.125489
0 0.613807 0.491232 0.0313538 0.0629669 0.119217
0 0.0121215 0.530772 0.0223555 0.0358459 0.113491
0 0.184575 0.516031 0.039464 0.0805384 0.107063
0 0.619341 0.491774 0.0277434 0.0611563 0.10706
2 0.270438 0.503481 0.0991429 0.073915 0.103733
2 0.546919 0.860827 0.0251219 0.0210369 0.101842
0 0.180367 0.524544 0.0314286 0.0615194 0.0993641
0 0.226055 0.510488 0.0170659 0.0382805 0.0967558
2 0.702874 0.770122 0.0182384 0.020981 0.0961012
2 0.399155 0.479081 0.0216775 0.0319965 0.0952143
0 0.18458 0.517157 0.0397444 0.0798008 0.0923688
0 0.0124817 0.530835 0.0219207 0.0363258 0.0892019
2 0.54663 0.861249 0.0254885 0.0210052 0.0889013
2 0.814624 0.702094 0.0210163 0.0165731 0.0868206
0 0.17882 0.528747 0.0292743 0.0519276 0.0829001
9 0.360338 0.417087 0.01107 0.0204936 0.0817585
0 0.566481 0.493162 0.0362765 0.0755386 0.0750811
0 0.176309 0.509583 0.0230538 0.0694457 0.0749787
6 0.500419 0.787293 0.988672 0.425414 0.0731051
0 0.616603 0.492382 0.0343017 0.0618835 0.0715556
0 0.184874 0.514193 0.0386605 0.0837734 0.068163
2 0.417519 0.944975 0.0292356 0.0209154 0.0681466
2 0.653896 0.796565 0.02197 0.0189781 0.0672354
0 0.235993 0.510718 0.0230016 0.0515052 0.0656489
0 0.227873 0.507288 0.0207419 0.0424438 0.0640775
0 0.566139 0.494028 0.0367302 0.0738966 0.0633521
0 0.194255 0.521071 0.0192927 0.0642815 0.0596855
2 0.398183 0.479207 0.0203514 0.0299482 0.0582491
9 0.172995 0.43011 0.0164164 0.0315488 0.0579512
2 0.398529 0.478795 0.0199207 0.0299007 0.0562373
2 0.844696 0.527948 0.0704247 0.0440119 0.055428
9 0.173818 0.429285 0.0170712 0.0304241 0.0553083
0 0.234028 0.520885 0.0257162 0.0588997 0.052078
0 0.365732 0.501585 0.0211494 0.0714125 0.0500046
6 0.496585 0.778381 0.984818 0.443239 0.0494437
0 0.239075 0.542789 0.0139006 0.0189754 0.0485628
2 0.398749 0.479601 0.0214879 0.0321367 0.0471823
9 0.3592 0.41946 0.00975819 0.0264139 0.0456413
0 0.93159 0.408669 0.01208 0.026911 0.0446828
2 0.844717 0.526505 0.0710718 0.0472904 0.0419718
0 0.935277 0.408797 0.0112726 0.0257565 0.0411144
0 0.442197 0.470951 0.0135029 0.031522 0.0408225
0 0.228245 0.506386 0.0195913 0.042489 0.0400657
0 0.565742 0.491733 0.0370786 0.0768599 0.0394756
9 0.547522 0.43962 0.0240696 0.040989 0.0364709
9 0.810176 0.306829 0.0146111 0.0321493 0.035819
0 0.398101 0.481084 0.0227376 0.0337238 0.0333083
0 0.93269 0.409109 0.0126358 0.0273941 0.0329633
0 0.234143 0.535454 0.0223435 0.0270211 0.0316935
2 0.845422 0.526911 0.0711079 0.048458 0.0307741
2 0.701333 0.769915 0.0224178 0.0219461 0.0307434
2 0.603412 0.825024 0.0246535 0.0213455 0.0301995
0 0.606382 0.488529 0.0211069 0.0595091 0.0292813
2 0.270435 0.501029 0.0953062 0.0735535 0.0290899
6 0.502136 0.787701 0.992289 0.424598 0.0283633
9 0.173781 0.429366 0.0169193 0.0298534 0.0283405
1 0.364354 0.510869 0.0209967 0.0597849 0.027773
6 0.500873 0.776822 0.987604 0.446356 0.0273756
2 0.398552 0.48041 0.0220904 0.0329918 0.0268489
2 0.704532 0.771378 0.0263302 0.0240618 0.0264457
2 0.416223 0.944543 0.0321304 0.0218296 0.0259539
0 0.619773 0.487005 0.026705 0.0527047 0.0257661
0 0.441939 0.469191 0.0128422 0.0326433 0.0254673
2 0.565831 0.401562 0.0850304 0.0405688 0.0254021
2 0.842097 0.499947 0.0418123 0.0259564 0.0249689
2 0.813794 0.702733 0.0236494 0.0192856 0.0248376
2 0.485158 0.900298 0.0275381 0.0215275 0.0245092
0 0.567602 0.490153 0.0383134 0.0771149 0.0237294
0 0.0710308 0.569372 0.0171538 0.0164625 0.022657
2 0.651922 0.795956 0.025152 0.0207208 0.0222387
2 0.743645 0.744514 0.0277407 0.023016 0.0218175
2 0.993327 0.608133 0.0124861 0.0211005 0.0217756
2 0.543999 0.861047 0.0307864 0.0227356 0.0216868
2 0.546716 0.859913 0.0267921 0.0221668 0.0215028
2 0.565154 0.400409 0.0858337 0.040397 0.0203806
2 0.486335 0.900601 0.0254326 0.0197765 0.0200273
2 0.779813 0.72377 0.0211029 0.0201197 0.0197174
9 0.35936 0.418444 0.0102356 0.0281857 0.0197142
2 0.726756 0.759966 0.0671499 0.0528374 0.0192276
2 0.109168 0.508091 0.0518907 0.0340557 0.0190155
2 0.850669 0.686856 0.0210073 0.0180625 0.0187796
0 0.00594521 0.520133 0.0117904 0.0578215 0.0187747
2 0.114828 0.508206 0.0417814 0.0333504 0.018716
2 0.106983 0.505411 0.0572713 0.0394848 0.0182874
9 0.808789 0.302492 0.013904 0.0246715 0.018054
2 0.340617 0.493925 0.0252131 0.0321458 0.017797
2 0.851152 0.68527 0.0216728 0.0189136 0.0177004
2 0.780867 0.723138 0.0177902 0.0185068 0.0172823
0 0.234129 0.506447 0.0263173 0.0464255 0.0171058
0 0.236366 0.529835 0.0185636 0.0455816 0.0170827
2 0.728584 0.754689 0.0649594 0.0449237 0.0170184
9 0.809189 0.302842 0.014134 0.0261259 0.0167606
13 0.612963 0.62761 0.0663969 0.0565708 0.0165898
2 0.108787 0.507105 0.0543578 0.0355472 0.0163598
2 0.565352 0.400576 0.0852848 0.0395871 0.0161406
2 0.814469 0.70122 0.0231407 0.0199196 0.0157911
9 0.359582 0.421116 0.0108502 0.0291868 0.0157511
0 0.919455 0.40836 0.00939789 0.0279849 0.0156742
2 0.799635 0.71196 0.056258 0.0427233 0.015485
0 0.305456 0.482304 0.0226379 0.0260665 0.0153751
2 0.417579 0.94542 0.03093 0.0219471 0.0149565
9 0.800787 0.0726228 0.054558 0.144469 0.0148552
0 0.565749 0.491841 0.035183 0.0761377 0.0146059
2 0.992104 0.610126 0.0149883 0.0238232 0.014429
0 0.363059 0.498092 0.021192 0.0668959 0.0143964
2 0.728636 0.756346 0.0706531 0.0522724 0.0141705
9 0.551817 0.288514 0.0237213 0.0519978 0.0140309
0 0.176645 0.496043 0.0217393 0.0484129 0.0139345
2 0.230664 0.501365 0.0245818 0.0482313 0.0138016
9 0.364523 0.398333 0.0182856 0.0401191 0.0137915
13 0.613624 0.62643 0.0660826 0.0552294 0.013488
2 0.745472 0.746975 0.0332119 0.0290747 0.0134189
2 0.108308 0.508099 0.0527528 0.0345489 0.013368
0 0.533117 0.478162 0.00968533 0.0369776 0.0131518
2 0.278186 0.501659 0.0826144 0.0722387 0.0129719
2 0.601862 0.824327 0.0269373 0.0229584 0.0129163
0 0.0125275 0.520397 0.0248494 0.0580624 0.0128282
13 0.61321 0.627068 0.0662394 0.0557615 0.0126678
9 0.173921 0.430418 0.0180067 0.0326094 0.0125855
1 0.182754 0.537003 0.0369023 0.0427879 0.0123169
2 0.653166 0.797161 0.0244304 0.0202978 0.0123064
9 0.551954 0.287974 0.0236504 0.0509136 0.0120717
2 0.850763 0.685347 0.0218349 0.0193175 0.0119242
6 0.504838 0.773436 0.990324 0.453127 0.0118717
2 0.108008 0.505853 0.0548415 0.0362402 0.0117613
0 0.19773 0.526213 0.020931 0.0623348 0.0116527
7 0.270481 0.502335 0.0983012 0.0753992 0.0116301
0 0.571468 0.496908 0.0263622 0.0653137 0.0115846
2 0.544121 0.860084 0.0306179 0.022139 0.0115212
2 0.913741 0.651974 0.0211855 0.0200104 0.0114031
9 0.629318 0.630681 0.031688 0.0535933 0.0112581
2 0.117833 0.507254 0.0355152 0.0338179 0.0111964
2 0.746175 0.748769 0.035129 0.0337942 0.0110921
0 0.00845978 0.516999 0.0167601 0.0618347 0.0110815
0 0.930062 0.405551 0.0144655 0.0319744 0.0110567
0 0.175877 0.499993 0.0230598 0.0573047 0.0110312
0 0.492784 0.483738 0.0105862 0.0281696 0.010956
9 0.544579 0.440574 0.0277323 0.0390267 0.0107196
9 0.769421 0.320824 0.0132605 0.0170393 0.0105948
2 0.84337 0.500682 0.0432995 0.0280572 0.0105494
9 0.801542 0.072561 0.0544895 0.144456 0.0105223
0 0.94185 0.410603 0.0102116 0.0241294 0.0104546
9 0.555214 0.449717 0.0096633 0.0242176 0.0103886
2 0.910002 0.6544 0.0198143 0.0184328 0.0103611
2 0.114275 0.506522 0.0429598 0.0359592 0.0102701
9 0.55193 0.288962 0.0238276 0.0523786 0.0102423
2 0.727257 0.756227 0.0686819 0.0483694 0.0101424
13 0.613161 0.627855 0.0668227 0.0569607 0.0100572
2 0.602894 0.824036 0.0237364 0.0228645 0.0100265
2 0.742962 0.747211 0.0316425 0.0280931 0.00987918
9 0.582358 0.289856 0.0222186 0.0498971 0.00964059
2 0.703359 0.771403 0.0295031 0.0255537 0.00959624
13 0.613392 0.627541 0.0667001 0.0569063 0.0095923
2 0.107192 0.505411 0.0584751 0.0403782 0.00954344
2 0.709783 0.769849 0.0348859 0.0255415 0.00952083
0 0.198163 0.530683 0.0201882 0.0541951 0.00940175
0 0.396865 0.490768 0.0188373 0.0520763 0.00938885
2 0.800157 0.714768 0.0531853 0.0394098 0.0093553
2 0.924237 0.646905 0.0438129 0.0304173 0.00935015
2 0.464698 0.483412 0.0154621 0.0132863 0.00928455
0 0.19582 0.535371 0.016741 0.0467484 0.00897765
2 0.797561 0.716608 0.0543987 0.0373299 0.00897616
2 0.281258 0.479037 0.0615551 0.029265 0.0089402
2 0.92618 0.648347 0.0459972 0.0260543 0.00875824
6 0.501018 0.759481 0.994778 0.481038 0.00874416
0 0.197638 0.521804 0.0207146 0.0558514 0.00844643
9 0.552065 0.288533 0.0238812 0.0510373 0.00842421
2 0.728538 0.756212 0.0702808 0.0535574 0.00840511
2 0.485621 0.899503 0.0271053 0.0229176 0.00835729
0 0.343369 0.489835 0.0276021 0.0327599 0.00831423
2 0.416619 0.945961 0.0318787 0.0224461 0.00820622
0 0.592627 0.476051 0.0167067 0.0418883 0.00820169
2 0.313549 0.489735 0.0236876 0.03599 0.00818951
7 0.567469 0.432858 0.100912 0.0870133 0.0081585
0 0.654387 0.790148 0.02227 0.0300295 0.00812745
2 0.339824 0.492732 0.0238506 0.0316742 0.00804178
2 0.566265 0.402183 0.0840677 0.0361101 0.00798151
9 0.54571 0.438409 0.0291178 0.0415443 0.00796051
0 0.395894 0.482679 0.0231853 0.033515 0.00791926
0 0.181416 0.516893 0.0421588 0.0808773 0.00784251
2 0.798926 0.71301 0.0538804 0.0396404 0.00768411
2 0.566332 0.401337 0.0838551 0.0389641 0.00763086
9 0.800886 0.0717567 0.0559902 0.142416 0.00761408
0 0.529888 0.475735 0.0147509 0.0425364 0.00756025
2 0.850024 0.687444 0.0215504 0.0194513 0.00753043
0 0.292646 0.629709 0.0207793 0.0222669 0.00751356
2 0.127385 0.430566 0.0560695 0.0301579 0.00749245
2 0.744947 0.747624 0.031876 0.0303428 0.00744813
9 0.801062 0.0722731 0.0547266 0.144015 0.00743865
2 0.965034 0.62803 0.0233891 0.0156839 0.00728415
9 0.17166 0.42937 0.0209152 0.0320313 0.00723359
2 0.880776 0.667354 0.0157663 0.0149325 0.00714997
9 0.582629 0.289563 0.0237875 0.0533978 0.00707338
0 0.127283 0.510387 0.0164865 0.0278935 0.00702341
2 0.799556 0.716387 0.0610354 0.0510648 0.00697236
9 0.597935 0.623399 0.0343548 0.0469301 0.00695694
2 0.10481 0.504502 0.0624292 0.041872 0.00692869
0 0.496534 0.491068 0.0150995 0.0437857 0.0069265
9 0.582432 0.290348 0.0220797 0.051029 0.0067983
0 0.442317 0.488793 0.0119387 0.05857 0.00679825
0 0.567338 0.490222 0.0377539 0.0790284 0.00679795
2 0.930994 0.644644 0.0322601 0.0238044 0.00678967
2 0.278213 0.477109 0.0616196 0.025564 0.00669503
0 0.58662 0.477925 0.012751 0.0389702 0.00668866
2 0.128951 0.429541 0.0570102 0.0295221 0.00663624
0 0.108166 0.433139 0.0171922 0.0282727 0.00659459
0 0.583775 0.48097 0.0187712 0.0365688 0.00640503
0 0.0563963 0.492799 0.0156778 0.0298316 0.00636094
9 0.629775 0.631678 0.0315944 0.0542237 0.00635509
7 0.569777 0.428467 0.0983269 0.0859254 0.00624291
0 0.922909 0.408722 0.0151684 0.0292199 0.00619243
13 0.612963 0.627751 0.0646896 0.0583479 0.00612262
2 0.565004 0.400774 0.0863741 0.0370156 0.0059711
9 0.630212 0.630943 0.0325465 0.0535633 0.0059448
0 0.337788 0.494443 0.0203847 0.0308687 0.00588562
9 0.407262 0.430249 0.0150097 0.0219255 0.00585626
2 0.708794 0.770408 0.0366158 0.0284608 0.00585068
2 0.245944 0.49466 0.0514362 0.0511414 0.005801
