2 0.554079 0.713925 0.232103 0.2489 0.88507
2 0.242265 0.635497 0.251829 0.193551 0.882425
2 0.553619 0.714193 0.233212 0.248783 0.880109
2 0.554884 0.714238 0.230631 0.24645 0.87618
2 0.553943 0.714465 0.231694 0.249152 0.872852
2 0.553965 0.713615 0.231683 0.248409 0.87221
2 0.553757 0.714846 0.231945 0.247748 0.870339
2 0.241579 0.635096 0.250914 0.192547 0.868374
2 0.241907 0.635371 0.251324 0.194265 0.859498
2 0.553764 0.713702 0.232246 0.248363 0.845048
2 0.242014 0.635213 0.252355 0.193854 0.844855
2 0.241874 0.635042 0.25107 0.192584 0.84373
2 0.241869 0.635 0.2516 0.192624 0.837925
2 0.24231 0.635801 0.251703 0.192686 0.835018
2 0.554484 0.713612 0.232066 0.248953 0.834207
2 0.242203 0.63528 0.251967 0.193431 0.828529
2 0.445551 0.624993 0.221483 0.211196 0.822433
2 0.443683 0.625567 0.222051 0.210946 0.817496
2 0.444973 0.62572 0.222517 0.210591 0.815181
2 0.16188 0.856824 0.323734 0.277699 0.811434
2 0.160964 0.856759 0.321927 0.277283 0.810553
2 0.242699 0.635934 0.252014 0.193389 0.804229
2 0.445226 0.625167 0.224258 0.211401 0.796463
2 0.445441 0.626178 0.224032 0.211494 0.775711
2 0.161071 0.856926 0.321996 0.276468 0.775079
2 0.554948 0.714843 0.231985 0.247305 0.764956
2 0.161757 0.85642 0.323513 0.277574 0.760885
2 0.160495 0.856796 0.320989 0.27642 0.759238
2 0.162261 0.856366 0.324445 0.276181 0.749931
0 0.287924 0.338513 0.0277403 0.121615 0.747065
0 0.28809 0.338665 0.0271502 0.121511 0.718373
2 0.396143 0.899642 0.519758 0.199961 0.696239
0 0.342753 0.341155 0.0261801 0.106909 0.694563
0 0.287657 0.338509 0.0270776 0.122279 0.690187
2 0.162513 0.856123 0.324667 0.27957 0.68438
0 0.342604 0.341124 0.0263949 0.107335 0.675396
2 0.0283802 0.793565 0.0564537 0.131516 0.674218
0 0.342389 0.341253 0.0266992 0.108049 0.672736
2 0.0283695 0.793323 0.0565955 0.132135 0.671932
0 0.287656 0.338597 0.0273114 0.122378 0.671908
0 0.288024 0.338349 0.0273574 0.122693 0.670455
2 0.445266 0.625281 0.223932 0.212217 0.664493
2 0.397064 0.89941 0.52182 0.200755 0.66436
2 0.0284781 0.79328 0.0565468 0.131585 0.658556
0 0.287612 0.338447 0.0280988 0.122248 0.657708
2 0.444854 0.625777 0.223037 0.208849 0.654341
2 0.0286969 0.793173 0.0572386 0.131789 0.653421
2 0.39209 0.899831 0.536777 0.199804 0.640369
0 0.261502 0.250042 0.0274088 0.0796885 0.637367
2 0.54532 0.169895 0.0557621 0.041995 0.626268
2 0.0284589 0.793393 0.0567932 0.13234 0.622721
2 0.0286043 0.793427 0.0571136 0.131251 0.621158
2 0.444777 0.625334 0.221981 0.210064 0.614453
2 0.0287115 0.792198 0.0572509 0.130769 0.613281
2 0.396153 0.900255 0.529024 0.198809 0.597303
2 0.391618 0.900478 0.538355 0.198383 0.59306
0 0.288357 0.340078 0.0262329 0.122653 0.590502
2 0.0286947 0.792857 0.0571531 0.131463 0.587838
0 0.26166 0.250736 0.0270678 0.0795515 0.580357
0 0.261578 0.249938 0.0271951 0.0802561 0.579746
2 0.54563 0.170114 0.0561117 0.0411661 0.571541
2 0.161676 0.856212 0.323352 0.277841 0.568798
2 0.163634 0.855945 0.326812 0.278118 0.567622
2 0.554733 0.715103 0.233246 0.24979 0.564394
0 0.287374 0.338287 0.0266239 0.122179 0.560585
2 0.402837 0.900258 0.514838 0.198545 0.55706
0 0.262141 0.249986 0.0261135 0.0792776 0.555728
0 0.288532 0.340278 0.0265377 0.122347 0.552248
2 0.444943 0.624915 0.22286 0.208505 0.552069
2 0.545914 0.170936 0.0564364 0.0399491 0.54894
2 0.161681 0.856077 0.323362 0.279076 0.546427
0 0.261821 0.248638 0.0272645 0.0762624 0.545253
0 0.343031 0.340303 0.0251326 0.104908 0.537188
0 0.342474 0.343184 0.0262645 0.102455 0.529509
2 0.39873 0.899907 0.516418 0.199606 0.527532
2 0.545645 0.170718 0.0558706 0.0397029 0.525995
2 0.54599 0.170658 0.0560188 0.0404799 0.525575
2 0.545616 0.169959 0.0561605 0.041803 0.507892
2 0.400787 0.901326 0.51954 0.196477 0.503042
0 0.343036 0.340843 0.0249191 0.107043 0.498231
2 0.545763 0.170603 0.0562704 0.0407049 0.486833
2 0.0283556 0.792451 0.0565343 0.131256 0.48424
0 0.262215 0.248702 0.026022 0.0762153 0.478696
2 0.405351 0.900155 0.51061 0.198962 0.467429
0 0.288226 0.33766 0.0245585 0.12175 0.451092
0 0.288668 0.338291 0.0243019 0.122091 0.448541
0 0.343177 0.338342 0.0247071 0.100869 0.437462
2 0.546553 0.169298 0.0574127 0.0405255 0.421692
0 0.342116 0.340924 0.0274528 0.107876 0.419567
0 0.262244 0.249743 0.0258292 0.0792256 0.41367
0 0.261584 0.249169 0.0286566 0.0795815 0.400059
2 0.928834 0.147743 0.0651997 0.0703233 0.395498
5 0.714955 0.156527 0.0733917 0.0690192 0.38493
2 0.92841 0.149332 0.0664871 0.0702611 0.381167
0 0.261762 0.249626 0.0267201 0.0811124 0.380119
2 0.545997 0.170759 0.0572257 0.0413198 0.378843
2 0.928545 0.149121 0.0653191 0.0684332 0.353593
2 0.928307 0.148634 0.0656435 0.0721308 0.344192
2 0.928657 0.147342 0.0646706 0.0676774 0.339686
2 0.928005 0.148608 0.0644932 0.0701109 0.33258
0 0.358672 0.183404 0.0189903 0.0644241 0.329988
0 0.358855 0.184302 0.0178416 0.0636063 0.328504
2 0.927856 0.14951 0.0651922 0.0719103 0.327549
2 0.929077 0.148125 0.066168 0.0689216 0.32659
0 0.343027 0.341117 0.0260823 0.106661 0.324554
0 0.179965 0.22607 0.0199194 0.0603636 0.321934
2 0.928882 0.147041 0.0648666 0.0670146 0.317744
5 0.715177 0.154464 0.0723097 0.0655776 0.310915
0 0.180041 0.22552 0.0207609 0.0584344 0.300759
0 0.179902 0.226306 0.0200516 0.0626576 0.300736
0 0.0379663 0.248533 0.0218669 0.0749461 0.297174
2 0.775273 0.753141 0.226435 0.290983 0.296527
0 0.038562 0.248397 0.0218366 0.071417 0.295838
5 0.715135 0.156064 0.0727991 0.0685167 0.286474
0 0.261538 0.249837 0.0287023 0.0807411 0.285416
2 0.929128 0.147092 0.0664837 0.06705 0.275895
2 0.776151 0.753054 0.228526 0.291496 0.275429
5 0.713903 0.156838 0.0738131 0.0681896 0.264648
0 0.0372966 0.246981 0.022706 0.0736403 0.264425
2 0.774216 0.752849 0.223963 0.293712 0.262189
2 0.775234 0.75285 0.226904 0.293578 0.25566
0 0.342987 0.340307 0.0261381 0.105357 0.253604
0 0.358253 0.184649 0.0174786 0.0634183 0.249505
0 0.0383899 0.249262 0.0204971 0.0755446 0.249493
5 0.661677 0.148453 0.0526588 0.0695792 0.241235
0 0.0382671 0.248049 0.0219012 0.0762416 0.239712
2 0.334624 0.899508 0.386279 0.200318 0.23804
5 0.715105 0.155631 0.0733751 0.0686563 0.237487
2 0.928727 0.148605 0.0666267 0.0697472 0.234884
0 0.358808 0.181633 0.020835 0.0606379 0.233112
0 0.0372486 0.247293 0.0231929 0.0738153 0.230077
2 0.0283982 0.791551 0.0567357 0.129052 0.229165
2 0.306753 0.898853 0.343875 0.201423 0.228757
5 0.663217 0.148302 0.0553796 0.0699701 0.220675
0 0.0387421 0.248611 0.0209601 0.0711079 0.213293
0 0.344439 0.341781 0.0277122 0.106331 0.212057
2 0.546494 0.16946 0.056023 0.0402645 0.210406
2 0.546548 0.169454 0.0572006 0.0393447 0.209023
5 0.664093 0.148453 0.058967 0.070283 0.206166
0 0.340947 0.154387 0.0145829 0.0390269 0.20571
2 0.445741 0.625978 0.225016 0.210161 0.204435
0 0.0380218 0.247792 0.0213965 0.0763486 0.203529
2 0.307312 0.899152 0.338658 0.201696 0.201896
2 0.714678 0.156432 0.0722198 0.0685559 0.195227
0 0.179841 0.226033 0.0213102 0.0586703 0.194484
2 0.776705 0.753201 0.227255 0.289609 0.194304
0 0.0370931 0.247486 0.0225946 0.074056 0.191458
2 0.714559 0.156371 0.0726008 0.0679884 0.191348
0 0.358795 0.182661 0.0198408 0.0608539 0.190558
2 0.0287125 0.792232 0.0571937 0.131074 0.187216
0 0.341264 0.156347 0.0142646 0.0382036 0.184904
5 0.714664 0.156537 0.0728205 0.0696279 0.182078
0 0.288327 0.334625 0.026051 0.111009 0.172604
5 0.714966 0.156373 0.0723852 0.0691918 0.165234
0 0.341186 0.149576 0.0149225 0.0489286 0.164896
2 0.71444 0.156295 0.0722071 0.0698181 0.162353
0 0.0182174 0.253204 0.0232316 0.0893957 0.159083
0 0.10256 0.271673 0.0214193 0.0907743 0.155138
5 0.660965 0.148907 0.0514456 0.0695822 0.153017
2 0.0284939 0.790707 0.0569348 0.133247 0.151867
0 0.358582 0.179419 0.0187917 0.055339 0.146385
0 0.0366124 0.24928 0.0228928 0.0760607 0.143123
2 0.774455 0.752566 0.225084 0.292271 0.142865
5 0.62185 0.145793 0.0326067 0.036366 0.142505
2 0.773345 0.75092 0.222658 0.291939 0.142388
2 0.926458 0.150383 0.0615898 0.0695377 0.134835
5 0.714923 0.155984 0.0733988 0.0687986 0.132248
2 0.311217 0.899686 0.332775 0.199852 0.131447
0 0.358739 0.184995 0.0207677 0.0659782 0.131432
5 0.662522 0.147502 0.0509092 0.0688306 0.131133
5 0.714296 0.155781 0.0718601 0.0685263 0.130742
0 0.0200796 0.244545 0.0216553 0.070309 0.13048
2 0.546168 0.170319 0.0554579 0.0374405 0.129029
2 0.312811 0.899494 0.327648 0.199356 0.127388
0 0.179212 0.225855 0.0230736 0.0589799 0.125641
2 0.77918 0.752466 0.226795 0.286426 0.125146
5 0.622644 0.143331 0.0329363 0.0393487 0.122811
2 0.771939 0.748683 0.21835 0.288044 0.118966
0 0.0205187 0.245736 0.0219381 0.0743294 0.117981
5 0.661646 0.148196 0.0524662 0.0698043 0.117702
2 0.586582 0.16252 0.035842 0.0413147 0.11641
0 0.358502 0.170081 0.0207054 0.0476129 0.116299
0 0.0338774 0.244453 0.0240376 0.0706097 0.115949
5 0.622515 0.143517 0.0333597 0.0387105 0.114021
5 0.621979 0.145634 0.032554 0.0358269 0.110234
5 0.662866 0.14809 0.0562604 0.070771 0.107788
5 0.662712 0.147401 0.0532978 0.0681523 0.105723
0 0.359493 0.183761 0.0213357 0.0631754 0.105489
2 0.586581 0.164195 0.0349132 0.0414353 0.104704
0 0.0211752 0.243732 0.0214676 0.0718291 0.103197
0 0.179663 0.226417 0.0213759 0.0608787 0.0997565
0 0.340739 0.154696 0.0129073 0.0430453 0.0986633
2 0.545624 0.171077 0.0563477 0.0405335 0.0970041
0 0.102714 0.27092 0.0211831 0.0897449 0.0964242
0 0.359723 0.184168 0.020915 0.0650739 0.0950601
2 0.587336 0.163516 0.0403828 0.0405011 0.0934672
2 0.242098 0.635589 0.250676 0.193272 0.0923057
8 0.779536 0.450519 0.235041 0.901038 0.0917582
0 0.00717044 0.288703 0.0142878 0.0712213 0.0916787
2 0.908546 0.0791126 0.0357113 0.0236831 0.0875487
2 0.0285465 0.792418 0.057093 0.135512 0.0862654
0 0.178684 0.224906 0.0231971 0.0608569 0.0846331
2 0.934498 0.100702 0.0401682 0.0314325 0.0844205
2 0.775599 0.751076 0.228362 0.292764 0.0823146
2 0.820245 0.174975 0.0387009 0.0356411 0.0794503
0 0.00755269 0.292554 0.0151054 0.0776969 0.0768055
0 0.262738 0.240306 0.0241405 0.0593892 0.0765978
2 0.819364 0.17695 0.0386488 0.0367071 0.0752115
0 0.00748797 0.301517 0.0149759 0.0942758 0.0750806
2 0.934734 0.100419 0.0415083 0.0314446 0.0748656
0 0.102698 0.273038 0.019834 0.0900927 0.0739716
8 0.777777 0.470625 0.233188 0.868739 0.0738895
2 0.817654 0.17654 0.0343403 0.0381021 0.0716417
0 0.102671 0.272886 0.0208793 0.0886299 0.0715006
2 0.0283984 0.790021 0.0567967 0.125606 0.0709398
0 0.990084 0.175876 0.0191902 0.11775 0.0706877
0 0.257425 0.250616 0.0339707 0.0826664 0.0704668
0 0.00740986 0.30418 0.0148197 0.107095 0.0701353
0 0.257463 0.249163 0.0346552 0.0826002 0.0685154
0 0.178325 0.225492 0.0232782 0.0616226 0.0671511
0 0.040351 0.244081 0.0185829 0.0657096 0.0671447
0 0.0144663 0.261526 0.0243694 0.101646 0.0669636
2 0.872831 0.140786 0.0372944 0.0449282 0.0668267
5 0.648224 0.148101 0.0776388 0.0689852 0.0658694
0 0.34011 0.150055 0.0145026 0.0479271 0.0651142
0 0.26113 0.251842 0.0289957 0.0886994 0.0645796
2 0.776829 0.752598 0.228017 0.289473 0.0637028
5 0.776747 0.472991 0.234669 0.859454 0.0626968
2 0.868091 0.147346 0.0421766 0.039994 0.0619941
9 0.452511 0.0688138 0.0131899 0.0185703 0.0618363
0 0.103012 0.261763 0.021698 0.0776125 0.0616312
0 0.0142202 0.24554 0.0232599 0.075778 0.0612953
0 0.990524 0.162791 0.0181194 0.143564 0.0605287
0 0.360293 0.185624 0.0212625 0.0663273 0.0604904
2 0.543105 0.169427 0.0507996 0.0421837 0.0601841
8 0.781057 0.454226 0.233534 0.90697 0.0592686
0 0.260047 0.267 0.027909 0.0493454 0.0588337
2 0.93464 0.0994846 0.0396038 0.0318262 0.0585414
0 0.990437 0.171134 0.0184158 0.128786 0.0584326
0 0.105069 0.270208 0.0231057 0.0966797 0.0582638
0 0.359433 0.181033 0.0228381 0.0584759 0.0573175
0 0.0124017 0.258103 0.0232608 0.0958199 0.057067
2 0.587096 0.16221 0.0353405 0.0396869 0.0563805
0 0.0387365 0.247182 0.0216999 0.079243 0.0560613
2 0.910565 0.0796442 0.0397797 0.0260039 0.0548398
5 0.621133 0.146738 0.035265 0.0367754 0.0544205
0 0.990311 0.165082 0.0186094 0.133184 0.0533808
2 0.444366 0.625833 0.222752 0.211389 0.0530993
2 0.927023 0.145927 0.060791 0.0653568 0.0528757
2 0.821415 0.175745 0.0429752 0.0380848 0.0524265
0 0.104993 0.270615 0.0232037 0.096673 0.05231
0 0.0100808 0.300018 0.0200429 0.0968773 0.0517167
0 0.179948 0.228974 0.0221348 0.0722788 0.0508925
0 0.261227 0.248829 0.0292163 0.0812667 0.0507045
0 0.105946 0.264603 0.0222781 0.0853836 0.0504515
2 0.870763 0.144774 0.0390001 0.0392359 0.0504291
5 0.620841 0.146385 0.0351572 0.0380278 0.0485918
5 0.621471 0.146388 0.0340084 0.0363415 0.0483623
0 0.25393 0.257766 0.0282385 0.0696895 0.0483048
8 0.78238 0.45196 0.234011 0.873531 0.0482843
2 0.816841 0.174355 0.0352509 0.0381605 0.0476694
2 0.83039 0.159287 0.0636023 0.0613089 0.0470575
8 0.777962 0.479853 0.235471 0.869753 0.0467615
5 0.670243 0.147916 0.0640675 0.0653816 0.0467313
2 0.818715 0.174107 0.0298018 0.0334959 0.046685
0 0.00763586 0.309226 0.0152717 0.115444 0.0466374
3 0.212502 0.209086 0.0292893 0.0331767 0.0459821
2 0.931142 0.102748 0.0482349 0.0343474 0.0445929
2 0.816713 0.176054 0.034457 0.0380592 0.0440325
2 0.935345 0.0998497 0.0409798 0.0314752 0.04321
2 0.873413 0.13179 0.0396374 0.0613968 0.0426362
2 0.854231 0.155667 0.0195805 0.0520185 0.0420782
2 0.871713 0.145336 0.0366508 0.0398723 0.0413844
2 0.871465 0.134804 0.0404915 0.055926 0.0410302
0 0.0683107 0.228306 0.0152346 0.0552757 0.0406973
0 0.262683 0.236894 0.0246912 0.0520486 0.0405427
0 0.00746778 0.273221 0.0149356 0.0925023 0.0404791
2 0.832994 0.155853 0.0623856 0.0564286 0.0393575
0 0.10271 0.272986 0.0210305 0.0802823 0.0392898
2 0.951825 0.103314 0.0816294 0.0452842 0.0391414
2 0.831261 0.156885 0.0650518 0.0637196 0.0390639
2 0.160304 0.857329 0.320608 0.275873 0.0380473
2 0.830214 0.158159 0.0613009 0.0693643 0.0380277
2 0.872741 0.135645 0.0426285 0.0508938 0.0377748
0 0.990423 0.168104 0.0185406 0.13021 0.0376918
2 0.515539 0.943899 0.289427 0.111201 0.0375246
5 0.716109 0.153932 0.0710427 0.0639533 0.0372897
36 0.341753 0.346502 0.0239113 0.0978244 0.037247
0 0.431396 0.122369 0.0160247 0.0439107 0.036857
0 0.344364 0.3403 0.0277586 0.105003 0.036816
2 0.618005 0.170157 0.043278 0.0262107 0.0364878
5 0.620881 0.144282 0.0372797 0.0438167 0.0363669
0 0.00937989 0.308505 0.0187598 0.110696 0.0362925
0 0.989972 0.16441 0.0195097 0.137992 0.0361531
0 0.988203 0.189348 0.0222538 0.0943 0.0355582
2 0.833361 0.154594 0.0632568 0.0577032 0.0352265
9 0.450417 0.0692312 0.0153408 0.0196574 0.0351851
2 0.831088 0.16845 0.0587505 0.0437343 0.0349773
2 0.709876 0.159649 0.0610591 0.0631432 0.0348402
5 0.65978 0.148549 0.0480007 0.0694114 0.0346848
