2 0.315833 0.338545 0.0863116 0.0601089 0.839515
2 0.589565 0.495406 0.156742 0.0954055 0.830847
2 0.589313 0.495222 0.156767 0.0955988 0.786744
2 0.899317 0.764865 0.140931 0.188512 0.780098
2 0.589207 0.495146 0.15674 0.095374 0.778953
2 0.589196 0.495371 0.156293 0.0961905 0.762562
2 0.588686 0.495453 0.154784 0.0960974 0.760747
2 0.898728 0.765366 0.140738 0.188813 0.75417
2 0.589465 0.495349 0.155788 0.0952408 0.75022
2 0.316167 0.338217 0.0853067 0.0603565 0.746674
2 0.899065 0.765759 0.140144 0.188836 0.742476
2 0.899277 0.765205 0.140822 0.188397 0.740971
2 0.316189 0.338566 0.0842748 0.0609085 0.735956
2 0.315709 0.338571 0.0860106 0.0605591 0.733339
2 0.587059 0.495294 0.153311 0.0948608 0.730951
2 0.589484 0.494962 0.157236 0.0956814 0.72439
2 0.898407 0.764686 0.141732 0.188269 0.722889
2 0.898732 0.765153 0.140824 0.188916 0.716236
2 0.898888 0.764768 0.141258 0.188746 0.7063
2 0.316008 0.33842 0.0848531 0.0605536 0.701225
2 0.589962 0.495132 0.156568 0.0950169 0.698976
2 0.315647 0.338337 0.0864489 0.0602759 0.697277
2 0.589755 0.495625 0.155239 0.0966423 0.695707
2 0.315507 0.338717 0.0859357 0.0596339 0.694041
2 0.0779279 0.34556 0.0836331 0.0532023 0.685205
2 0.898795 0.764836 0.141494 0.189082 0.679395
2 0.898818 0.764927 0.141218 0.188445 0.651447
2 0.0780742 0.346056 0.0825548 0.0537241 0.651428
2 0.0785157 0.345846 0.0813295 0.0533386 0.645904
2 0.316037 0.338494 0.0861629 0.0605127 0.632463
2 0.0779393 0.345931 0.0840346 0.0536489 0.624019
2 0.0780009 0.345941 0.0842553 0.052732 0.613042
2 0.315337 0.338425 0.0842028 0.0614971 0.609651
0 0.0654022 0.659259 0.0334941 0.125365 0.598943
2 0.315833 0.33823 0.0854375 0.0600544 0.597252
2 0.0782161 0.34623 0.0842131 0.0535687 0.591875
0 0.0656624 0.659554 0.0315168 0.125024 0.556996
0 0.0656172 0.659974 0.033551 0.12812 0.556566
0 0.0658665 0.659787 0.0347765 0.127559 0.550668
2 0.0789346 0.345659 0.0823006 0.0535814 0.549026
2 0.0163925 0.339174 0.0327668 0.0497874 0.520434
0 0.0655096 0.660267 0.0331281 0.127516 0.509255
2 0.0784016 0.346064 0.081641 0.0540233 0.491927
2 0.016338 0.340081 0.0325532 0.048746 0.473661
0 0.065771 0.660523 0.0366174 0.1278 0.458194
0 0.0658276 0.659247 0.0306803 0.12428 0.430478
2 0.0164572 0.338721 0.0328432 0.0505044 0.421863
2 0.0163637 0.340426 0.0326088 0.0472494 0.407316
0 0.065066 0.65947 0.0310168 0.124671 0.393482
2 0.0781774 0.346659 0.0813474 0.0534337 0.390315
0 0.0649976 0.66006 0.0315874 0.125373 0.375685
2 0.0162858 0.340475 0.0325715 0.049134 0.340215
2 0.0788466 0.346223 0.082549 0.0533819 0.319351
0 0.0655649 0.66352 0.031145 0.117775 0.315925
2 0.775983 0.307708 0.0328918 0.0430261 0.279664
0 0.0652996 0.661327 0.0317231 0.12279 0.26092
2 0.0156951 0.342899 0.0313901 0.0446343 0.243016
2 0.830518 0.30023 0.0483894 0.0232945 0.217763
2 0.0780123 0.345902 0.0831576 0.0542863 0.215489
2 0.831275 0.299438 0.0502375 0.0246106 0.214692
0 0.774902 0.323344 0.0369404 0.0760509 0.207543
9 0.0906085 0.212751 0.0123638 0.0265261 0.205662
2 0.898509 0.764705 0.141172 0.188783 0.204889
2 0.0167881 0.342376 0.0333618 0.0492238 0.18641
2 0.830291 0.298616 0.0489075 0.0240197 0.186202
2 0.77589 0.308283 0.033794 0.045361 0.18405
2 0.77573 0.307611 0.0327429 0.0441311 0.183239
0 0.745202 0.341072 0.0211701 0.0502484 0.1761
2 0.830727 0.299448 0.048255 0.0245465 0.171631
2 0.011321 0.349671 0.022642 0.0331448 0.170062
2 0.775516 0.307144 0.0328323 0.0426217 0.162365
2 0.0163394 0.337785 0.0326452 0.050537 0.160287
2 0.775416 0.307229 0.0332336 0.0450136 0.15349
7 0.263539 0.747067 0.516712 0.280758 0.148909
2 0.0172683 0.339509 0.0343841 0.0450504 0.138769
2 0.316117 0.338207 0.08693 0.0604584 0.136589
2 0.782933 0.307503 0.0468112 0.0446601 0.136075
7 0.262951 0.746028 0.516463 0.280107 0.13531
2 0.0174464 0.340813 0.0345941 0.0470304 0.13171
0 0.740067 0.343082 0.0237572 0.0519669 0.126793
2 0.0781565 0.345693 0.0855701 0.054326 0.12201
7 0.261885 0.745681 0.521158 0.282631 0.119353
0 0.744759 0.341776 0.0198885 0.0482568 0.116906
9 0.0855029 0.208676 0.014974 0.0367464 0.114594
0 0.744886 0.342258 0.0225946 0.048729 0.114352
7 0.26408 0.775357 0.512664 0.221443 0.108996
7 0.258131 0.79458 0.514948 0.182323 0.107651
7 0.259581 0.744258 0.517684 0.281495 0.103709
2 0.830288 0.299498 0.0471968 0.0252156 0.100829
9 0.334132 0.18713 0.0274721 0.0422728 0.0939999
0 0.775121 0.308043 0.0328399 0.0452215 0.0912871
0 0.948655 0.315672 0.0174114 0.0708385 0.0862419
0 0.775548 0.307416 0.034692 0.0449882 0.0852902
0 0.775749 0.323542 0.0352301 0.0769579 0.0852054
0 0.74134 0.343669 0.0245998 0.0503547 0.0841607
2 0.784579 0.307588 0.0499073 0.044176 0.0836886
0 0.954291 0.315581 0.0284992 0.0740663 0.0821625
2 0.775065 0.307314 0.0336916 0.0449547 0.0814497
0 0.948242 0.319751 0.0170921 0.0630368 0.0812582
9 0.067711 0.229499 0.011289 0.0299795 0.0803787
1 0.754024 0.3445 0.0252368 0.0404174 0.0796369
2 0.89927 0.765232 0.14094 0.188318 0.0751568
0 0.068565 0.288788 0.0134711 0.0429103 0.0740888
0 0.856448 0.322399 0.0142189 0.047125 0.0739504
12 0.0658959 0.640439 0.0290159 0.0830406 0.0716166
9 0.335179 0.187494 0.0278422 0.0423761 0.0708559
2 0.775526 0.306061 0.0343975 0.0428576 0.0699484
0 0.216741 0.332172 0.014578 0.025781 0.0695655
0 0.0685923 0.289373 0.0135153 0.0421808 0.0686664
0 0.730227 0.338157 0.020233 0.0423927 0.0676614
0 0.246219 0.311926 0.013829 0.0255519 0.0665219
0 0.733886 0.344 0.0266384 0.0484828 0.0641456
9 0.333643 0.185066 0.024191 0.037884 0.0640485
7 0.429991 0.744508 0.178855 0.275786 0.0634186
0 0.247393 0.313432 0.0135493 0.0279291 0.0633822
0 0.774111 0.327362 0.0315413 0.0692668 0.0631744
0 0.955717 0.31775 0.0310753 0.0707878 0.0631193
0 0.776722 0.325956 0.0310729 0.0721542 0.0628401
0 0.219372 0.331038 0.0159503 0.0256906 0.0625061
9 0.203096 0.0628706 0.0193515 0.0381137 0.0616299
2 0.845191 0.301322 0.016629 0.020471 0.0615951
2 0.316031 0.338798 0.0841732 0.0601068 0.060765
0 0.489725 0.778467 0.0541931 0.137372 0.0606379
2 0.829748 0.298801 0.0537977 0.0310108 0.0605512
0 0.731231 0.341988 0.0206368 0.0461672 0.0582805
7 0.259361 0.773515 0.516535 0.220055 0.057895
0 0.854413 0.324904 0.0139322 0.0433208 0.0558566
9 0.333605 0.183375 0.0230558 0.035648 0.0552604
2 0.82882 0.299758 0.0522652 0.0283216 0.0550931
0 0.948915 0.313949 0.0190117 0.0692554 0.0546777
2 0.0129179 0.325457 0.0257004 0.0258925 0.0544663
7 0.430251 0.745549 0.179717 0.275883 0.0524002
7 0.258798 0.796364 0.514133 0.175303 0.0521027
0 0.952073 0.314792 0.0245623 0.0722516 0.0512803
0 0.490267 0.777804 0.0536988 0.136246 0.0509609
1 0.7778 0.342683 0.0251917 0.038583 0.048884
0 0.75741 0.343278 0.0197016 0.0400085 0.0487124
1 0.774086 0.342077 0.0292106 0.0414375 0.0480847
9 0.0807672 0.20796 0.0114079 0.038785 0.0469899
0 0.0653614 0.665396 0.0325086 0.118748 0.0468959
0 0.745818 0.339521 0.0231299 0.0498343 0.0466161
9 0.337646 0.188668 0.0320427 0.0442282 0.0453614
7 0.269535 0.74625 0.503145 0.277716 0.0449967
7 0.430218 0.748819 0.179878 0.268771 0.044545
9 0.09077 0.21375 0.0133327 0.0280056 0.0442885
2 0.829688 0.299373 0.0522335 0.0304474 0.0430141
9 0.718188 0.277224 0.0152341 0.0246277 0.0421286
7 0.430372 0.746432 0.179856 0.27781 0.0413576
7 0.265637 0.746474 0.511406 0.278748 0.0410115
7 0.258181 0.79704 0.512569 0.174446 0.0409784
0 0.420367 0.665987 0.0379598 0.117065 0.0407821
2 0.0164664 0.335916 0.0326773 0.0548136 0.0405259
0 0.476834 0.784194 0.0301622 0.122731 0.0395366
2 0.315414 0.338694 0.0832721 0.0608287 0.0387508
0 0.757876 0.339173 0.0198452 0.0462562 0.0382431
0 0.767961 0.339836 0.0309208 0.0489735 0.0381659
12 0.0655131 0.643398 0.0286804 0.0915361 0.0378525
0 0.420017 0.666653 0.0379376 0.11733 0.0377839
0 0.853328 0.323776 0.0169653 0.0470495 0.0372689
0 0.953367 0.326265 0.0265953 0.0522956 0.0370738
9 0.0680279 0.228156 0.0123679 0.031176 0.0370596
9 0.718576 0.278527 0.0158561 0.0261418 0.0369575
0 0.0689388 0.291677 0.0157584 0.0461415 0.0367172
9 0.203238 0.0609011 0.026106 0.0445168 0.0365982
9 0.203336 0.0641123 0.0184334 0.0334738 0.0345019
0 0.958088 0.315586 0.0366894 0.0747496 0.0340429
0 0.250861 0.313224 0.0142318 0.0268611 0.0338477
1 0.956121 0.329463 0.0308628 0.0494484 0.0337872
0 0.958671 0.316231 0.0370209 0.0746134 0.0334622
9 0.131373 0.24818 0.0110484 0.0271363 0.0333978
0 0.950503 0.312963 0.0215342 0.0699057 0.0332296
9 0.334838 0.18655 0.0269097 0.0412376 0.0327238
9 0.0853921 0.210073 0.0176053 0.034876 0.0323995
0 0.490552 0.778017 0.0534084 0.137773 0.0320704
0 0.869971 0.311364 0.0276907 0.0492465 0.0314778
0 0.870289 0.311621 0.0264801 0.0463401 0.031159
9 0.0187853 0.255992 0.0114613 0.0236706 0.0305946
0 0.252457 0.314751 0.0129316 0.026541 0.0305229
2 0.781528 0.307689 0.043556 0.0445226 0.0303164
2 0.590522 0.495032 0.156116 0.0937466 0.0298401
0 0.476676 0.78338 0.0301494 0.12842 0.0295704
0 0.765006 0.32279 0.0217199 0.0694699 0.0293632
12 0.0660557 0.634873 0.0286418 0.0725691 0.0285016
0 0.867635 0.314699 0.0302635 0.0487433 0.0283794
2 0.0786489 0.346634 0.0856401 0.0531822 0.028206
0 0.219928 0.330601 0.0168848 0.0270929 0.0281213
0 0.488365 0.788336 0.057024 0.156156 0.0275484
0 0.420204 0.666047 0.0379765 0.117367 0.0267811
0 0.96138 0.313846 0.0432915 0.0757426 0.0267491
0 0.219273 0.331564 0.0170679 0.0265181 0.0266582
0 0.427786 0.306943 0.0181994 0.0455486 0.0258823
2 0.0557197 0.337054 0.0581446 0.0373921 0.0258483
0 0.261003 0.314416 0.011236 0.0224152 0.0257584
2 0.830333 0.304527 0.0533943 0.0339699 0.0252753
12 0.065744 0.634026 0.0274947 0.0747868 0.0250007
0 0.849334 0.322997 0.0177301 0.0472739 0.024569
0 0.113824 0.319731 0.013852 0.0196931 0.0244515
0 0.0326897 0.301638 0.0148724 0.0249241 0.0243454
9 0.336451 0.18825 0.0301665 0.0464287 0.0239449
1 0.970816 0.332055 0.0253401 0.0434729 0.0239197
0 0.239699 0.31127 0.0121493 0.0224067 0.0236745
9 0.217809 0.179783 0.0106008 0.0240453 0.0229607
2 0.0183484 0.343452 0.0360747 0.0449475 0.0228452
9 0.089343 0.209628 0.0206106 0.0437088 0.0228256
0 0.947907 0.29253 0.0155895 0.0252998 0.0228064
1 0.970849 0.326121 0.033461 0.053345 0.0227308
0 0.490728 0.782688 0.0522935 0.143006 0.022475
7 0.267781 0.711241 0.52978 0.3609 0.0216061
0 0.0367537 0.293423 0.0135808 0.0278442 0.0211463
0 0.113299 0.318245 0.0119882 0.0194871 0.0208444
0 0.733525 0.334768 0.0158708 0.0400287 0.0202942
9 0.0682227 0.231223 0.0100574 0.0301721 0.0201684
0 0.744188 0.34514 0.0305875 0.0513862 0.0198663
2 0.831398 0.307967 0.0542713 0.0407087 0.0198585
0 0.267293 0.312589 0.00940142 0.0260766 0.0196115
0 0.848261 0.318571 0.0195629 0.0520552 0.0194982
0 0.490771 0.781669 0.051452 0.142101 0.0193466
2 0.474662 0.316435 0.0747604 0.0312519 0.0192644
0 0.870969 0.311994 0.0261002 0.0468097 0.0189776
9 0.403331 0.0378196 0.024471 0.0470678 0.018487
0 0.863512 0.315688 0.0334116 0.052555 0.0183407
0 0.872526 0.314273 0.0217796 0.0468169 0.0181931
1 0.751724 0.344064 0.0386677 0.0454478 0.0178727
0 0.419679 0.666506 0.0381603 0.118029 0.0177912
0 0.0108288 0.765135 0.0216346 0.0997046 0.0176771
9 0.201281 0.061912 0.0244161 0.0429007 0.0174344
13 0.251234 0.7983 0.499578 0.172085 0.0168613
0 0.4984 0.786932 0.0374441 0.115997 0.0168364
0 0.970499 0.323048 0.0346395 0.057832 0.0168273
2 0.462697 0.309897 0.0962733 0.0475486 0.0167875
0 0.0110162 0.764497 0.0219591 0.101723 0.0162639
0 0.0657612 0.28715 0.0124259 0.0383225 0.0162531
9 0.990198 0.0289425 0.0191299 0.0561957 0.0160752
7 0.463179 0.305147 0.102708 0.0476877 0.0160005
7 0.265666 0.745741 0.517494 0.280966 0.0159938
0 0.0324882 0.299204 0.015921 0.0288375 0.0158555
0 0.47615 0.782862 0.0269897 0.145768 0.0157729
2 0.828874 0.305117 0.0582855 0.0372359 0.0157407
0 0.735455 0.345496 0.029802 0.0526263 0.0157362
7 0.25829 0.799 0.514142 0.180316 0.0156699
0 0.426445 0.305881 0.0216602 0.0448224 0.0154986
0 0.772311 0.307906 0.035107 0.0460625 0.0154896
9 0.403222 0.034918 0.0243468 0.0458633 0.0154428
7 0.250924 0.798449 0.499152 0.17188 0.0151562
0 0.4764 0.785027 0.0285143 0.137463 0.0150894
0 0.0107483 0.7655 0.0214905 0.100402 0.0149485
2 0.830882 0.308581 0.054644 0.0414491 0.0149249
2 0.110063 0.347126 0.0213019 0.0309951 0.0148738
0 0.474711 0.794229 0.0332571 0.150875 0.0146916
0 0.977758 0.322898 0.0248999 0.0511504 0.0146866
0 0.474975 0.78666 0.0332102 0.135394 0.0146854
0 0.142751 0.291332 0.00842137 0.0240043 0.0143373
2 0.478473 0.310482 0.0813128 0.034491 0.0143079
9 0.431313 0.0348113 0.0865448 0.0690214 0.0142919
0 0.267901 0.314137 0.0116891 0.0272039 0.014231
0 0.041768 0.302541 0.0119539 0.0269051 0.01402
9 0.431561 0.0340702 0.0857773 0.0681404 0.0140136
9 0.0719932 0.212342 0.0155206 0.036709 0.0139348
0 0.111784 0.321143 0.0169506 0.0229772 0.0139162
1 0.727129 0.343167 0.0259945 0.0411724 0.0138174
0 0.644986 0.301789 0.011882 0.0221733 0.0137646
9 0.0887666 0.210005 0.0147512 0.0358632 0.0135506
0 0.859166 0.318982 0.0270603 0.0520438 0.0135225
2 0.018137 0.341904 0.0362739 0.0569618 0.0133787
0 0.849979 0.323245 0.0197062 0.0488678 0.0132632
0 0.42274 0.729502 0.0426681 0.244235 0.0127156
9 0.131357 0.250929 0.0113509 0.030032 0.0126711
7 0.462296 0.305909 0.101262 0.0490508 0.0125532
0 0.42728 0.302414 0.0168156 0.0413535 0.0125225
9 0.440131 0.0337433 0.060565 0.0670615 0.0124486
9 0.43995 0.0348658 0.061647 0.0688162 0.012274
0 0.642626 0.293656 0.0126989 0.0364238 0.0121675
9 0.247898 0.0665315 0.0190768 0.0322665 0.0121176
2 0.828071 0.294532 0.0448708 0.0338847 0.0121094
9 0.442402 0.0336331 0.0565403 0.0665708 0.0120411
0 0.773252 0.307924 0.0377502 0.0465505 0.0117988
7 0.420787 0.671103 0.836233 0.455643 0.0117808
0 0.0103386 0.764059 0.0206771 0.0993448 0.0116987
0 0.992103 0.308044 0.0150469 0.072484 0.0116377
0 0.801406 0.309277 0.0170818 0.0395704 0.0114832
0 0.441049 0.735872 0.0807395 0.258464 0.0114379
2 0.808667 0.305962 0.0219023 0.0375785 0.0113081
0 0.977276 0.325514 0.0252541 0.0494967 0.0111834
9 0.201517 0.0624564 0.0243517 0.0423456 0.0111653
9 0.44074 0.0356616 0.102018 0.0713232 0.0110391
0 0.0685514 0.281953 0.0125726 0.0323807 0.0109151
2 0.827771 0.293132 0.0416561 0.0330354 0.0108407
1 0.727975 0.344534 0.0295983 0.0409826 0.0107721
7 0.264955 0.799389 0.508011 0.180696 0.01077
9 0.247518 0.0659391 0.0211769 0.0348439 0.0107369
2 0.0775408 0.345874 0.0820443 0.0534481 0.0106862
2 0.222655 0.31012 0.0375492 0.0300288 0.0106644
0 0.0122489 0.764226 0.0244977 0.0995203 0.0106289
7 0.462515 0.308628 0.103838 0.0431093 0.0105629
2 0.468904 0.317516 0.0709652 0.033343 0.0105361
0 0.873029 0.314691 0.0240057 0.0467455 0.0105011
9 0.898697 0.0931004 0.0224142 0.0619745 0.0104918
2 0.509579 0.313158 0.0192412 0.0227662 0.0104723
0 0.948086 0.28782 0.0157911 0.0255271 0.0103588
0 0.00950698 0.765093 0.019014 0.0994986 0.0102166
