5 0.149281 0.514239 0.214459 0.308774 0.876607
5 0.148751 0.514287 0.214628 0.308993 0.866274
5 0.148237 0.51503 0.215434 0.308067 0.851868
5 0.148055 0.514386 0.213181 0.309297 0.831197
5 0.147726 0.515311 0.2167 0.30948 0.817921
5 0.415693 0.319967 0.0638416 0.140181 0.794581
5 0.416519 0.319923 0.0653626 0.141161 0.785963
5 0.149364 0.513709 0.213711 0.309923 0.782493
5 0.148228 0.514127 0.21306 0.308429 0.778459
5 0.148943 0.514565 0.217965 0.308067 0.772945
5 0.416727 0.320711 0.0663883 0.141733 0.756498
2 0.93358 0.379374 0.0620056 0.0597101 0.747027
5 0.271898 0.238108 0.0471075 0.0686193 0.742907
5 0.416736 0.320329 0.0656562 0.141972 0.741404
5 0.415709 0.320517 0.0640411 0.138805 0.738048
5 0.147596 0.514995 0.215744 0.309062 0.734014
5 0.416187 0.320206 0.064492 0.139698 0.733751
5 0.416624 0.320179 0.0664192 0.141586 0.707195
2 0.933273 0.379251 0.0611176 0.0583631 0.69027
2 0.933545 0.379792 0.0612812 0.0602585 0.678592
5 0.271911 0.238392 0.0478176 0.0711672 0.673608
2 0.280181 0.7653 0.107706 0.174428 0.664007
2 0.132282 0.797295 0.116772 0.173768 0.663189
2 0.205538 0.923781 0.144002 0.151424 0.652638
5 0.417344 0.743189 0.0905348 0.168184 0.6507
2 0.0552112 0.938685 0.109001 0.121594 0.647371
2 0.132608 0.797456 0.116558 0.173167 0.645704
2 0.933409 0.379967 0.0614138 0.0588934 0.645123
2 0.933055 0.380629 0.0619793 0.0588738 0.637823
2 0.132752 0.79728 0.116793 0.17384 0.635245
2 0.325492 0.641748 0.086785 0.135616 0.631322
2 0.933473 0.380072 0.0625706 0.0605203 0.622692
5 0.27181 0.238118 0.0474444 0.0680622 0.617823
2 0.932818 0.380347 0.0612741 0.0594704 0.616594
2 0.280355 0.765254 0.107934 0.173971 0.616511
5 0.448152 0.584597 0.0760853 0.148536 0.611009
2 0.280067 0.76531 0.107108 0.173913 0.610987
2 0.325412 0.64181 0.0869195 0.135977 0.608972
2 0.325089 0.640958 0.0863566 0.134143 0.602821
2 0.280131 0.765015 0.107268 0.174215 0.601656
5 0.0662617 0.533074 0.131406 0.295349 0.595704
2 0.132557 0.797296 0.117124 0.173005 0.594826
5 0.271577 0.238073 0.047682 0.0693072 0.590357
2 0.205375 0.923724 0.144327 0.151636 0.587818
2 0.39359 0.931695 0.128241 0.136531 0.587325
5 0.272273 0.238347 0.0469664 0.0692989 0.586478
5 0.44835 0.584396 0.0768002 0.147989 0.584231
2 0.394973 0.931492 0.125294 0.136634 0.581402
2 0.393429 0.931529 0.127646 0.136183 0.578813
2 0.205458 0.923879 0.143619 0.151586 0.578395
2 0.93345 0.380668 0.0617538 0.0597548 0.577723
2 0.394409 0.931358 0.126313 0.136312 0.576675
2 0.932339 0.379792 0.0609585 0.0588944 0.576263
2 0.132014 0.796432 0.117317 0.174561 0.57609
2 0.394436 0.931343 0.126125 0.136614 0.574638
2 0.0551286 0.93848 0.109247 0.121937 0.573483
2 0.132377 0.797057 0.117385 0.173763 0.572754
2 0.325366 0.641634 0.086201 0.134954 0.570934
2 0.326085 0.641699 0.0866252 0.13578 0.566425
2 0.933222 0.380625 0.0616919 0.0597205 0.564557
0 0.510843 0.48473 0.0201092 0.0788754 0.555322
2 0.0550234 0.939336 0.109755 0.12115 0.554362
2 0.279994 0.764639 0.107669 0.172392 0.553728
2 0.32566 0.641539 0.0872992 0.13602 0.552623
2 0.280401 0.765022 0.107519 0.17548 0.547506
5 0.0659471 0.535997 0.131894 0.301072 0.542617
2 0.205412 0.923983 0.143655 0.151585 0.542258
2 0.132271 0.797237 0.116117 0.174275 0.54203
5 0.554334 0.738444 0.0824909 0.167288 0.539453
2 0.205709 0.92372 0.142858 0.151177 0.538561
2 0.930792 0.290837 0.0612194 0.0411138 0.536846
2 0.204341 0.924249 0.145856 0.150498 0.53429
5 0.417387 0.743438 0.0902846 0.167365 0.534279
2 0.933003 0.378793 0.0609638 0.0589977 0.533381
2 0.393938 0.931419 0.126968 0.136189 0.532348
5 0.554489 0.738481 0.0826927 0.16678 0.531515
5 0.414854 0.320827 0.062128 0.139548 0.528291
2 0.930856 0.291107 0.0603462 0.0394198 0.525536
0 0.510904 0.485532 0.0198652 0.0800689 0.524965
2 0.931466 0.291143 0.0624455 0.0410496 0.512893
2 0.0551953 0.938602 0.109905 0.121757 0.511732
5 0.417079 0.743603 0.0910521 0.168239 0.506903
2 0.0554336 0.938458 0.110331 0.121989 0.502606
2 0.280336 0.765419 0.108962 0.171415 0.502517
5 0.0658666 0.533708 0.131733 0.29963 0.49999
2 0.279838 0.764511 0.108031 0.172743 0.499698
2 0.132189 0.797487 0.11662 0.173605 0.498229
2 0.280018 0.764764 0.107753 0.174441 0.495933
2 0.203998 0.924012 0.146053 0.151637 0.494393
5 0.417082 0.743243 0.0902002 0.168112 0.494202
2 0.132334 0.797487 0.11638 0.174866 0.494024
5 0.448447 0.585158 0.0770027 0.148889 0.492506
5 0.554509 0.738792 0.082723 0.16636 0.487431
0 0.510007 0.484492 0.0195735 0.079822 0.487423
2 0.325484 0.642042 0.0860661 0.135721 0.479456
0 0.51006 0.483308 0.0180206 0.0773992 0.479374
5 0.55443 0.73879 0.0830779 0.166594 0.475498
2 0.394212 0.930929 0.127314 0.137163 0.469143
5 0.417104 0.743496 0.0907387 0.167563 0.466493
0 0.510969 0.486328 0.0200624 0.0786039 0.463609
5 0.0659688 0.535176 0.131938 0.302008 0.462178
2 0.0551741 0.938571 0.109932 0.121928 0.460615
5 0.448012 0.584279 0.0763958 0.14763 0.460249
5 0.448115 0.585255 0.0763922 0.149242 0.456471
2 0.204887 0.9245 0.146275 0.150366 0.455856
0 0.509867 0.484891 0.0192844 0.0802995 0.450712
2 0.0555413 0.93843 0.110528 0.122 0.443816
5 0.297891 0.482801 0.0606315 0.0859991 0.432893
2 0.132513 0.797372 0.116923 0.173625 0.431455
5 0.298081 0.482077 0.0604387 0.0875624 0.430733
2 0.280167 0.765024 0.10795 0.174941 0.429684
5 0.417205 0.743231 0.0902171 0.167586 0.428749
5 0.0659045 0.535847 0.131809 0.303201 0.425783
5 0.55447 0.738089 0.0826567 0.16627 0.424932
0 0.510654 0.485941 0.0199864 0.0799294 0.424273
2 0.325274 0.641514 0.0857288 0.134596 0.417984
5 0.448146 0.584476 0.076783 0.147649 0.417651
0 0.510266 0.484775 0.0192513 0.0804981 0.411522
0 0.510575 0.48487 0.0195799 0.0797404 0.405623
2 0.930116 0.290929 0.0619709 0.0430529 0.404576
5 0.554252 0.737856 0.0817154 0.167381 0.403516
5 0.298035 0.482761 0.0613725 0.0868708 0.40338
5 0.0589375 0.721821 0.117875 0.153246 0.394072
5 0.298037 0.482313 0.0599905 0.0865297 0.37799
5 0.554384 0.739038 0.0828187 0.166354 0.374909
2 0.932649 0.290513 0.0625752 0.0410019 0.373894
5 0.0592948 0.721609 0.118517 0.155188 0.373776
5 0.147467 0.514301 0.213808 0.307191 0.372889
5 0.554609 0.739209 0.0843019 0.167242 0.371197
2 0.93243 0.290809 0.061824 0.0436072 0.36951
5 0.416849 0.743635 0.0907027 0.167788 0.366919
2 0.395645 0.931189 0.124586 0.136776 0.365955
2 0.394537 0.931001 0.126905 0.136987 0.362066
5 0.554384 0.73893 0.0831615 0.166898 0.361802
5 0.415145 0.32023 0.066804 0.141131 0.361061
0 0.863786 0.274888 0.014349 0.0458185 0.359817
0 0.885603 0.333617 0.0167816 0.0493454 0.359227
5 0.271874 0.238471 0.0484406 0.0679364 0.358854
2 0.32527 0.642071 0.0863912 0.135486 0.356797
0 0.863917 0.27697 0.0131794 0.0409227 0.354143
5 0.447565 0.584722 0.0771259 0.147144 0.352632
2 0.262992 0.56048 0.0709954 0.108683 0.347679
5 0.0589457 0.721836 0.117763 0.15494 0.338792
5 0.416418 0.31807 0.0672073 0.143355 0.337889
5 0.554715 0.739149 0.0838278 0.166857 0.334367
5 0.416882 0.743543 0.0912865 0.168371 0.33407
2 0.0555523 0.938598 0.109834 0.122199 0.331588
5 0.298355 0.482748 0.0590726 0.0884212 0.331384
5 0.447851 0.584263 0.076742 0.147053 0.330317
2 0.055553 0.938425 0.110361 0.122439 0.32416
5 0.416254 0.319652 0.0677342 0.141708 0.322606
5 0.297968 0.482902 0.0601905 0.0862537 0.319278
5 0.0757256 0.531229 0.117034 0.286188 0.317268
2 0.557452 0.921137 0.109972 0.156421 0.315523
2 0.262264 0.563938 0.0707505 0.101095 0.312308
5 0.0660686 0.531819 0.132001 0.298529 0.310556
2 0.206344 0.92413 0.145113 0.15172 0.302525
5 0.271769 0.237127 0.0466118 0.0678635 0.301932
5 0.272637 0.238403 0.046862 0.0693258 0.301471
5 0.297918 0.482472 0.0603763 0.0859314 0.295846
2 0.263039 0.561938 0.0715054 0.106777 0.295185
5 0.271698 0.238125 0.0471164 0.0689484 0.294229
2 0.930954 0.29154 0.0646584 0.0445723 0.292673
0 0.510762 0.48703 0.0199177 0.0784553 0.291659
2 0.557214 0.921211 0.109669 0.156344 0.289609
2 0.931486 0.291175 0.0616905 0.0406225 0.288976
0 0.88554 0.335059 0.0154419 0.0480349 0.286721
5 0.0591084 0.722018 0.118217 0.154115 0.284636
0 0.86418 0.27573 0.0126034 0.043936 0.27787
0 0.86377 0.276868 0.0110451 0.0384865 0.276502
2 0.262661 0.561466 0.0720935 0.111202 0.274197
2 0.394759 0.931214 0.126926 0.136887 0.269202
0 0.885748 0.330748 0.0159546 0.0448972 0.259185
5 0.271781 0.23842 0.0475079 0.0704801 0.258772
5 0.196869 0.645293 0.0993434 0.184669 0.258242
5 0.417217 0.74352 0.0905973 0.168159 0.254722
5 0.0652127 0.534711 0.1303 0.305304 0.246707
5 0.272061 0.23556 0.0454227 0.0647402 0.245858
2 0.262838 0.562267 0.0704909 0.107413 0.24413
2 0.262905 0.560081 0.071443 0.110155 0.243703
5 0.19651 0.644838 0.099322 0.184674 0.243074
5 0.0590058 0.721979 0.117626 0.15303 0.242858
2 0.355698 0.556221 0.0728573 0.0992298 0.241141
2 0.355293 0.555434 0.073241 0.102127 0.236464
5 0.0594987 0.721885 0.118732 0.154163 0.234764
2 0.396592 0.439317 0.0488572 0.0797887 0.234443
0 0.838 0.322354 0.0167706 0.0481031 0.234201
2 0.416999 0.743174 0.0913423 0.166838 0.232326
5 0.196444 0.645428 0.0994423 0.183104 0.230977
0 0.863958 0.275901 0.0136278 0.0434771 0.226297
5 0.397648 0.438307 0.0508146 0.0807832 0.225364
2 0.94658 0.319911 0.0421444 0.0448094 0.222168
5 0.0589815 0.721735 0.117629 0.153763 0.218003
5 0.196538 0.645034 0.0993286 0.18344 0.216303
5 0.0592037 0.721844 0.118051 0.154413 0.215849
3 0.947989 0.31889 0.0433411 0.0527405 0.214447
2 0.555319 0.898815 0.100319 0.111646 0.21169
0 0.837061 0.322542 0.0180435 0.0527977 0.211504
2 0.555143 0.898569 0.101698 0.111306 0.211001
0 0.886064 0.332675 0.0180363 0.048463 0.210771
0 0.885795 0.33214 0.0151943 0.0461814 0.210338
2 0.557631 0.921074 0.111337 0.156717 0.207441
5 0.220085 0.234381 0.0296484 0.0353116 0.20482
5 0.29795 0.482998 0.0600582 0.0857359 0.203396
5 0.298152 0.48317 0.0601286 0.085626 0.202838
2 0.206589 0.923946 0.14064 0.150907 0.202741
0 0.885778 0.334459 0.0163204 0.0485756 0.192794
2 0.262627 0.559782 0.0716941 0.101421 0.191883
2 0.0590132 0.721775 0.11791 0.152591 0.190503
0 0.88592 0.333892 0.0177326 0.0497298 0.18057
5 0.219977 0.234712 0.0289695 0.0359519 0.177191
0 0.837799 0.325178 0.0173286 0.0515812 0.176607
2 0.261249 0.568853 0.0668859 0.0940603 0.17269
7 0.196318 0.648777 0.0992069 0.176748 0.171753
5 0.397793 0.438201 0.0499027 0.0804159 0.168591
2 0.535646 0.145708 0.0178295 0.0207235 0.167403
2 0.263031 0.561042 0.0714874 0.1099 0.167166
5 0.196541 0.64776 0.0991927 0.178576 0.165807
0 0.837464 0.325986 0.0182816 0.0534127 0.164747
5 0.255702 0.378281 0.0995065 0.180106 0.162247
5 0.271653 0.233942 0.0458903 0.0631606 0.159298
2 0.558541 0.921709 0.111225 0.156303 0.156546
5 0.0298991 0.565264 0.0595774 0.238956 0.156296
2 0.354505 0.554886 0.0731292 0.104979 0.156083
2 0.397212 0.438884 0.0490599 0.0797794 0.154834
2 0.556422 0.921212 0.10988 0.156525 0.15344
0 0.73061 0.195137 0.0132323 0.0317379 0.15213
2 0.947276 0.318999 0.0433983 0.0482878 0.151493
5 0.0331588 0.565664 0.0662268 0.239159 0.148971
0 0.837947 0.323582 0.0189934 0.0550735 0.14722
5 0.0314251 0.565031 0.0627825 0.239561 0.146578
0 0.862469 0.275908 0.0148335 0.0426496 0.145301
2 0.557441 0.921136 0.110138 0.156496 0.145051
5 0.126247 0.535812 0.171727 0.258586 0.143317
5 0.397497 0.438898 0.0503201 0.0803648 0.143154
5 0.35194 0.277961 0.0663059 0.117284 0.14283
2 0.204907 0.924191 0.146086 0.151114 0.141682
7 0.196838 0.644794 0.0983368 0.184083 0.139707
7 0.557149 0.921615 0.11026 0.156673 0.138352
3 0.946311 0.320136 0.0405373 0.0499825 0.137208
0 0.836191 0.318785 0.0165367 0.0480343 0.13652
5 0.413734 0.312666 0.0645535 0.102511 0.134894
2 0.556347 0.921202 0.106184 0.156634 0.133989
5 0.352271 0.272731 0.0687719 0.125582 0.133133
2 0.556008 0.899438 0.103485 0.112684 0.130212
5 0.125389 0.525023 0.172542 0.239574 0.128251
5 0.344329 0.276337 0.0573674 0.101468 0.127806
0 0.95287 0.33753 0.0207037 0.0383993 0.125937
5 0.196403 0.648782 0.0994132 0.176633 0.125668
7 0.196104 0.654506 0.0991076 0.165854 0.123786
2 0.928109 0.292491 0.0552685 0.0362613 0.123253
5 0.261606 0.37183 0.115492 0.190948 0.122964
2 0.55534 0.897895 0.100184 0.109944 0.122456
2 0.353463 0.555192 0.0741634 0.10243 0.122081
0 0.732779 0.198402 0.015398 0.037662 0.12179
5 0.0337299 0.565887 0.0674288 0.239057 0.12173
0 0.836929 0.324981 0.0174419 0.0537034 0.121537
0 0.862826 0.275695 0.0152752 0.0440876 0.120471
5 0.297877 0.482365 0.0600631 0.0885106 0.117427
3 0.948086 0.316535 0.0436253 0.0522075 0.117211
0 0.863074 0.275127 0.0157002 0.045094 0.117069
0 0.885896 0.334446 0.018041 0.049092 0.116336
2 0.94805 0.325272 0.0437298 0.0437172 0.114046
5 0.218966 0.235346 0.0263402 0.0332724 0.113459
2 0.354185 0.560891 0.073864 0.0955395 0.112883
0 0.868574 0.255002 0.00996475 0.0148149 0.112873
2 0.356183 0.556324 0.0732659 0.102757 0.112279
2 0.355998 0.556663 0.0730525 0.102149 0.111578
5 0.197216 0.643247 0.0989461 0.185121 0.111572
5 0.412879 0.324859 0.0603051 0.0954549 0.110283
2 0.26223 0.566987 0.0699168 0.0961548 0.10925
5 0.289417 0.361305 0.0958617 0.219607 0.10797
5 0.39711 0.42022 0.049693 0.117268 0.106273
5 0.065397 0.507712 0.130794 0.245593 0.105692
2 0.556613 0.921207 0.110122 0.156488 0.103877
2 0.354566 0.555276 0.0723439 0.103676 0.103627
5 0.271634 0.237726 0.0473424 0.0688505 0.103463
0 0.948275 0.32075 0.0425568 0.0515983 0.102959
0 0.905759 0.259171 0.0104076 0.0368523 0.102852
2 0.944405 0.320934 0.0370459 0.0448876 0.101529
5 0.397201 0.422857 0.0495255 0.111969 0.100905
0 0.838293 0.320164 0.0156389 0.0457866 0.100361
2 0.556784 0.899923 0.106656 0.114239 0.0997943
5 0.413247 0.323443 0.0597746 0.0838495 0.0997247
5 0.0664597 0.537947 0.132752 0.30499 0.0991071
2 0.355822 0.556245 0.0729313 0.101247 0.0988257
5 0.0399929 0.567524 0.0799859 0.240117 0.0984366
0 0.510332 0.483445 0.0190263 0.07938 0.0978231
2 0.557499 0.920823 0.107959 0.155263 0.0972669
5 0.353944 0.272832 0.0700901 0.124885 0.096728
5 0.0675112 0.547658 0.134784 0.325636 0.0965191
2 0.263474 0.560271 0.0712402 0.110517 0.0961075
2 0.659488 0.185036 0.0157068 0.0235105 0.0950691
5 0.349671 0.275704 0.0640445 0.120931 0.0939369
0 0.947659 0.331419 0.0349895 0.0352818 0.0931624
5 0.0649272 0.436147 0.128473 0.102159 0.0925008
5 0.0329573 0.566872 0.0659147 0.241227 0.0922721
2 0.557914 0.920992 0.11075 0.157023 0.091718
2 0.536136 0.145787 0.0185488 0.0228881 0.0908229
0 0.511266 0.494205 0.0173954 0.063456 0.0903705
