2 0.529431 0.167964 0.0436434 0.0456291 0.741026
2 0.588895 0.434199 0.0990419 0.12028 0.732791
2 0.588499 0.432943 0.0987949 0.118796 0.723171
2 0.529476 0.167899 0.0429051 0.0455125 0.718704
2 0.588944 0.433453 0.0990072 0.119727 0.718541
2 0.715764 0.430258 0.0830082 0.1126 0.707499
2 0.588562 0.433463 0.0992531 0.11903 0.707429
2 0.507167 0.240552 0.0566627 0.0666626 0.704901
2 0.589214 0.433627 0.0987911 0.118589 0.702942
2 0.529257 0.168424 0.0428603 0.044469 0.700872
2 0.900031 0.0967767 0.0247368 0.0333185 0.696687
2 0.529164 0.168062 0.0432785 0.0445325 0.695523
2 0.716129 0.430882 0.0829386 0.11286 0.689185
2 0.58877 0.433551 0.0988172 0.119714 0.686051
2 0.58856 0.433125 0.0984591 0.119555 0.681012
2 0.508003 0.241122 0.0547667 0.0661958 0.679841
2 0.715878 0.430557 0.0828225 0.111808 0.677736
2 0.899953 0.0972579 0.0246765 0.0326449 0.673584
2 0.715943 0.430748 0.0832246 0.112559 0.667746
2 0.529564 0.168219 0.0438622 0.0438115 0.667341
2 0.507427 0.24122 0.0562189 0.0658618 0.658065
2 0.529531 0.168218 0.0430485 0.0447581 0.65285
2 0.715949 0.430272 0.0836232 0.112821 0.649322
2 0.148299 0.517462 0.145243 0.162292 0.643626
2 0.529586 0.168567 0.0444201 0.0443936 0.640089
2 0.588721 0.433379 0.0979597 0.119272 0.636035
2 0.588891 0.433451 0.0984277 0.118435 0.633065
2 0.716154 0.430924 0.082876 0.111451 0.631765
2 0.148455 0.517308 0.145888 0.162962 0.630625
2 0.900334 0.0964602 0.0250137 0.034271 0.624217
2 0.529735 0.167886 0.0438133 0.0454999 0.620773
2 0.715843 0.430794 0.0826015 0.111602 0.617696
2 0.507685 0.241157 0.0562315 0.0660038 0.614348
2 0.588891 0.432825 0.0993433 0.119725 0.610097
2 0.715977 0.430528 0.0830167 0.112379 0.602971
2 0.768469 0.190912 0.0391792 0.0475709 0.598307
2 0.148054 0.517357 0.145095 0.16255 0.589278
2 0.89979 0.0966932 0.0251301 0.0337307 0.586617
2 0.857519 0.103902 0.0271961 0.0304241 0.581086
2 0.659627 0.174307 0.0409156 0.0457658 0.578873
2 0.50745 0.241088 0.0559231 0.0650288 0.578277
2 0.866233 0.222167 0.0422642 0.0633858 0.578251
2 0.529497 0.167983 0.0437418 0.0443822 0.578138
2 0.148088 0.517338 0.145573 0.16207 0.572
2 0.716008 0.430607 0.0827648 0.112424 0.570494
2 0.865941 0.221577 0.0425226 0.0642152 0.56788
2 0.507258 0.240649 0.0548998 0.0663733 0.567378
2 0.829069 0.095129 0.0236956 0.0267858 0.565146
2 0.147806 0.516964 0.145984 0.163478 0.559925
2 0.715987 0.430853 0.0828758 0.11308 0.554778
2 0.865497 0.222053 0.0424139 0.0636261 0.549567
2 0.529281 0.168843 0.043594 0.0442707 0.54811
2 0.147769 0.517312 0.146016 0.162817 0.542316
2 0.507082 0.241289 0.0558487 0.0660969 0.539437
2 0.148021 0.517388 0.145825 0.162821 0.539072
2 0.147736 0.517654 0.146136 0.164326 0.537885
2 0.659711 0.17477 0.040372 0.045754 0.523935
2 0.865863 0.221352 0.0421982 0.0645624 0.521134
2 0.855959 0.103447 0.028867 0.0298651 0.514821
2 0.865807 0.221442 0.0430096 0.0645582 0.512067
2 0.147774 0.517648 0.146595 0.163868 0.510631
2 0.953597 0.124037 0.0339226 0.0460822 0.494752
2 0.763694 0.0684296 0.0227146 0.0264499 0.494535
2 0.468278 0.332717 0.0780107 0.0941794 0.49256
2 0.953781 0.124565 0.0333633 0.0470731 0.492153
2 0.147919 0.517365 0.145977 0.162804 0.489232
2 0.768312 0.190906 0.0380016 0.0496639 0.488794
2 0.468202 0.332905 0.0778517 0.0932692 0.48877
2 0.768067 0.192202 0.0379263 0.047878 0.482185
2 0.806021 0.117374 0.0276194 0.038926 0.477149
2 0.659728 0.173728 0.0415548 0.0459433 0.468558
2 0.68893 0.103796 0.0383513 0.0396255 0.467147
2 0.507548 0.241588 0.0542284 0.0660572 0.46573
2 0.805743 0.118582 0.0289499 0.0404377 0.464283
2 0.805973 0.118331 0.0283812 0.0392225 0.458523
2 0.857385 0.104216 0.0269127 0.0301327 0.458102
2 0.660061 0.174613 0.0386038 0.0465941 0.457204
2 0.763457 0.068506 0.0224506 0.0261457 0.455992
2 0.304756 0.331409 0.102476 0.117577 0.455378
2 0.467884 0.332938 0.0783001 0.0935906 0.454303
2 0.660473 0.175054 0.0406956 0.0460323 0.448304
2 0.642295 0.133913 0.0436453 0.0519808 0.448216
2 0.865356 0.230131 0.0416809 0.0479419 0.447284
2 0.879913 0.0714842 0.0225353 0.0286102 0.441488
2 0.768236 0.190244 0.0396821 0.0481761 0.434891
2 0.46823 0.332406 0.0775484 0.093523 0.434028
2 0.866307 0.221402 0.042646 0.0645985 0.432089
2 0.304303 0.331438 0.101715 0.118406 0.431454
2 0.768538 0.191358 0.0386066 0.0474776 0.42752
2 0.468179 0.332772 0.0777195 0.0932182 0.425935
2 0.659868 0.175869 0.0400431 0.044201 0.422473
2 0.857404 0.103667 0.0274288 0.0310476 0.421905
2 0.304238 0.331536 0.10151 0.118137 0.418162
2 0.866975 0.221501 0.0422382 0.0646398 0.4166
2 0.856205 0.103921 0.028603 0.0315477 0.415338
2 0.806526 0.11909 0.0294828 0.0388408 0.413882
2 0.954345 0.123339 0.0309055 0.0466927 0.407295
2 0.767589 0.19189 0.0372581 0.047108 0.407021
2 0.304086 0.331511 0.101623 0.117992 0.406923
2 0.857646 0.103989 0.0272781 0.0308865 0.403033
2 0.659711 0.174236 0.0422611 0.0464304 0.402665
2 0.805405 0.11825 0.0295511 0.0389442 0.400587
2 0.769349 0.190663 0.0403351 0.048945 0.394096
2 0.954231 0.123501 0.0314512 0.0460784 0.390604
2 0.767822 0.19067 0.0381203 0.0484211 0.387742
2 0.304163 0.331225 0.101946 0.117082 0.387684
2 0.767881 0.190351 0.0386152 0.0486943 0.386192
2 0.304851 0.331273 0.102618 0.118926 0.385655
2 0.866129 0.221839 0.0427435 0.064937 0.37956
2 0.962362 0.421331 0.0743431 0.122745 0.375631
2 0.768193 0.189801 0.0395369 0.0482852 0.3711
2 0.644148 0.136789 0.0451623 0.0583262 0.368005
2 0.900527 0.0960499 0.0261093 0.0350742 0.365019
2 0.805506 0.116426 0.0284599 0.0403269 0.365014
2 0.68354 0.110465 0.0281689 0.0281168 0.357112
2 0.962445 0.421349 0.074227 0.122306 0.355721
2 0.641925 0.133252 0.0432547 0.0489441 0.353388
2 0.71647 0.125648 0.0244092 0.0274716 0.352227
2 0.529431 0.167895 0.0441519 0.0440454 0.351876
2 0.767345 0.194194 0.0366907 0.0421706 0.346462
2 0.643814 0.138335 0.0438632 0.0573487 0.346176
2 0.962585 0.421057 0.0740467 0.122209 0.341468
2 0.643246 0.138172 0.0427754 0.0581137 0.341083
2 0.529394 0.168742 0.0438187 0.0446027 0.339725
2 0.468307 0.332823 0.0778395 0.0935143 0.339175
2 0.506986 0.241562 0.05551 0.0649114 0.337685
2 0.954059 0.124163 0.0314407 0.0448443 0.336819
2 0.304072 0.331262 0.101758 0.117134 0.335322
2 0.304756 0.331628 0.102282 0.118333 0.331844
2 0.643253 0.137739 0.0430464 0.0594874 0.327719
2 0.468127 0.332878 0.0781536 0.093193 0.326128
2 0.687613 0.103566 0.036285 0.0408758 0.321049
2 0.688904 0.102618 0.0377804 0.0435683 0.313452
2 0.806285 0.118462 0.029417 0.039201 0.312426
2 0.686232 0.107084 0.0338304 0.0336184 0.312381
2 0.866916 0.220128 0.0416925 0.0625794 0.311884
2 0.30435 0.331677 0.101855 0.118681 0.309409
2 0.962426 0.421224 0.0742317 0.122339 0.302179
2 0.7181 0.122088 0.0289948 0.0324155 0.301391
2 0.962436 0.421221 0.0746424 0.123047 0.299162
2 0.642005 0.129513 0.0430151 0.0425714 0.294677
2 0.507287 0.241442 0.0562553 0.0655707 0.294576
2 0.658454 0.176117 0.0395662 0.0452769 0.292389
2 0.805657 0.117373 0.028933 0.0402104 0.290148
2 0.805255 0.116438 0.0291812 0.0412667 0.286577
2 0.962381 0.421327 0.0743427 0.122233 0.286159
2 0.954065 0.12399 0.0311943 0.0455323 0.283842
2 0.86552 0.229736 0.0420828 0.0485658 0.281802
2 0.642964 0.137429 0.0445943 0.0582596 0.279048
2 0.962373 0.421316 0.074798 0.122568 0.267843
2 0.304476 0.330623 0.101992 0.118602 0.260109
2 0.688902 0.102996 0.0373848 0.0421645 0.254048
2 0.962677 0.421134 0.0737917 0.122657 0.250651
2 0.763797 0.0691565 0.0238735 0.0267033 0.248643
2 0.642308 0.138505 0.0420923 0.0573081 0.248459
2 0.763571 0.0681012 0.0239805 0.0271147 0.247199
2 0.643401 0.136553 0.0449556 0.0607672 0.234799
2 0.715997 0.127607 0.0231091 0.0277481 0.232988
2 0.855757 0.102096 0.0295296 0.0344407 0.229462
2 0.468278 0.332916 0.0786611 0.0934208 0.223886
2 0.644132 0.134762 0.0464177 0.0531348 0.223113
2 0.954058 0.125438 0.0301041 0.0430475 0.22078
2 0.857357 0.104817 0.0269566 0.0305131 0.22044
2 0.96243 0.421149 0.0746279 0.12239 0.217374
2 0.508226 0.240654 0.0550427 0.0670565 0.211542
2 0.764162 0.0689908 0.0240684 0.0274284 0.207914
2 0.764676 0.0685496 0.0223515 0.0268156 0.194195
2 0.688724 0.100593 0.0381287 0.0456094 0.194109
2 0.962518 0.421219 0.0742256 0.122679 0.189757
2 0.468598 0.333184 0.0778418 0.0900282 0.180472
2 0.879025 0.0719619 0.0231148 0.028406 0.179348
2 0.642047 0.151099 0.0353584 0.0345644 0.178177
2 0.805025 0.119465 0.0293793 0.0403024 0.173552
2 0.688747 0.101633 0.0386049 0.0448141 0.170755
2 0.644083 0.138026 0.0389658 0.0591844 0.168202
2 0.660144 0.170649 0.0398666 0.0401213 0.167132
2 0.857422 0.105151 0.0262764 0.0293241 0.165428
2 0.954934 0.123017 0.0334076 0.0478561 0.164351
2 0.918371 0.0541703 0.019389 0.0206408 0.164176
2 0.900134 0.0962222 0.0263533 0.0354107 0.16188
2 0.719065 0.121624 0.0307051 0.0322589 0.159749
2 0.82784 0.0959543 0.0266327 0.030453 0.155556
2 0.763334 0.0678475 0.0238262 0.0271625 0.15319
2 0.468734 0.332078 0.0762629 0.0898088 0.150589
2 0.900695 0.0968555 0.0278446 0.0369304 0.148648
2 0.717962 0.122255 0.0287656 0.0272863 0.147176
2 0.856429 0.104661 0.0291969 0.0315808 0.142677
2 0.828174 0.0950467 0.0234272 0.0268037 0.14068
2 0.689329 0.102265 0.0393558 0.0415481 0.132298
2 0.76984 0.190924 0.0408098 0.0488391 0.131376
2 0.953648 0.125618 0.0302732 0.0426705 0.1313
2 0.79976 0.0559578 0.0193424 0.0291304 0.124033
2 0.955293 0.122573 0.0285162 0.0461573 0.122427
2 0.955266 0.110981 0.0270981 0.0232824 0.122199
2 0.659572 0.174857 0.0423912 0.0464177 0.121589
2 0.66185 0.173294 0.0447385 0.0464947 0.11446
2 0.879181 0.0713354 0.0239908 0.0309152 0.106695
2 0.647036 0.137025 0.0443954 0.0551903 0.106471
2 0.653995 0.183908 0.0279645 0.0297511 0.105178
2 0.829725 0.0940794 0.0235212 0.029834 0.104353
2 0.66246 0.17612 0.0480797 0.0506089 0.103384
2 0.866414 0.218859 0.0420918 0.0604626 0.101844
2 0.794149 0.0371616 0.0238653 0.0223294 0.0957035
2 0.720656 0.119904 0.0288722 0.0322759 0.093083
2 0.954325 0.124031 0.0337652 0.0458432 0.0930794
2 0.718338 0.119114 0.0298069 0.0313193 0.0886205
2 0.719008 0.122215 0.0308388 0.0337808 0.0857489
2 0.879126 0.0335732 0.0165726 0.0226948 0.0852908
2 0.828012 0.0965796 0.0282921 0.0289208 0.0826127
2 0.85587 0.101172 0.0304163 0.0350731 0.0804016
2 0.792127 0.0357608 0.0203383 0.0215787 0.0801357
2 0.642624 0.151329 0.0362572 0.0332478 0.075528
2 0.949475 0.0411817 0.0178799 0.0270437 0.0755057
2 0.46917 0.322226 0.0755011 0.0703813 0.0721011
2 0.900233 0.0977049 0.0287281 0.0354906 0.0698941
2 0.80016 0.0534726 0.0199003 0.0331975 0.063466
2 0.797949 0.0493868 0.0254912 0.0427267 0.0559955
2 0.689346 0.098029 0.0392487 0.0495998 0.053414
2 0.468509 0.312857 0.0726698 0.0522913 0.0409375
2 0.789421 0.039353 0.0186664 0.0256855 0.0396594
2 0.656036 0.160851 0.0341551 0.0241261 0.0356952
2 0.879927 0.070031 0.0213697 0.0298656 0.0354057
2 0.717655 0.12655 0.0242676 0.0305171 0.0346337
2 0.868412 0.216443 0.0422249 0.0532011 0.0341519
2 0.949852 0.0403767 0.0184935 0.029978 0.0334201
2 0.46998 0.313314 0.0726961 0.0537556 0.0322886
2 0.799627 0.0588042 0.0188498 0.0263129 0.0319527
2 0.657274 0.167288 0.0359457 0.0324779 0.030351
2 0.95635 0.119804 0.0302277 0.0417487 0.0266904
2 0.768822 0.189746 0.0396931 0.0468067 0.0251231
2 0.640516 0.154845 0.0288364 0.0299892 0.0247089
2 0.812837 0.103509 0.0199158 0.0197221 0.0245967
2 0.464483 0.33259 0.0696148 0.0913877 0.0245679
2 0.688696 0.0977956 0.0401081 0.0510657 0.0244103
2 0.920144 0.0506964 0.0225861 0.0275714 0.0211971
2 0.719102 0.119023 0.0309413 0.0302415 0.0200845
2 0.464336 0.320764 0.067363 0.0666784 0.0192161
2 0.459287 0.33317 0.0609102 0.0894021 0.0168135
2 0.949371 0.0361861 0.0197166 0.0371995 0.016397
0 0.701012 0.074123 0.0170251 0.0197473 0.0162221
2 0.853227 0.00757534 0.0220545 0.0151507 0.0160359
2 0.826531 0.0936473 0.0315079 0.0328169 0.0154523
2 0.893378 0.0943075 0.0299812 0.0339334 0.0152074
2 0.469531 0.309446 0.0712767 0.0466591 0.0146055
2 0.807477 0.113507 0.0322058 0.0487363 0.0144599
2 0.473092 0.309128 0.0646528 0.0448403 0.0137708
2 0.866683 0.211156 0.0371788 0.0461005 0.013249
2 0.679055 0.101822 0.0578447 0.0450139 0.0131562
2 0.865555 0.232338 0.0415081 0.0434109 0.0129967
2 0.507452 0.24099 0.0565888 0.0651944 0.0128056
0 0.342326 0.00859968 0.0312969 0.0171994 0.0125257
5 0.842353 0.0388471 0.10496 0.0774339 0.0124843
2 0.949656 0.035566 0.0200054 0.0385197 0.012237
2 0.895401 0.0979597 0.03354 0.0368204 0.0122148
2 0.880942 0.0704765 0.0224873 0.0292142 0.0121525
2 0.789997 0.0362438 0.0195929 0.0230246 0.0118757
2 0.809387 0.0191558 0.0132751 0.0129648 0.011199
0 0.700251 0.0793217 0.0179325 0.0279722 0.0105947
2 0.692154 0.0911713 0.0314049 0.0483184 0.0104133
2 0.850756 0.00819883 0.0210564 0.0163977 0.0103485
0 0.698075 0.0735606 0.0189806 0.0180181 0.00998468
2 0.638448 0.134407 0.041465 0.0474627 0.00995814
2 0.799879 0.057413 0.0199526 0.0302057 0.00994943
2 0.861202 0.006829 0.0286047 0.013658 0.0099479
2 0.878929 0.0350162 0.0184616 0.0250166 0.00993026
2 0.64902 0.141335 0.046026 0.0416619 0.00930888
2 0.886912 0.0269158 0.030595 0.0375474 0.00927093
0 0.019036 0.0375722 0.038072 0.0751444 0.00925478
2 0.456859 0.335132 0.0553501 0.0859077 0.00921615
2 0.715617 0.431766 0.0835815 0.107933 0.00903758
2 0.855015 0.0939118 0.0334417 0.0468242 0.00885667
0 0.0199872 0.0380121 0.0395656 0.0754995 0.00864452
2 0.0723213 0.0618295 0.0586347 0.0202978 0.0084454
2 0.463274 0.311812 0.0597717 0.0490886 0.00836973
2 0.902513 0.0332859 0.0184872 0.0192781 0.00829663
5 0.792517 0.0397739 0.0193244 0.0254324 0.00823374
2 0.869695 0.209801 0.0411015 0.0396906 0.00815432
0 0.336532 0.00959236 0.0442008 0.0191847 0.0079188
2 0.949766 0.0427992 0.0187305 0.0303687 0.00776481
2 0.639348 0.125994 0.0397375 0.0473475 0.00753238
2 0.663 0.163628 0.043062 0.0259725 0.00751498
2 0.402531 0.00489957 0.0440618 0.00979913 0.00739998
2 0.922701 0.0520234 0.0254654 0.0261623 0.00721635
2 0.0712202 0.0591652 0.0678081 0.0306271 0.0072038
2 0.949532 0.0423269 0.0188747 0.0303305 0.00714932
2 0.893087 0.0134018 0.0169498 0.0186336 0.00703224
2 0.4556 0.336365 0.0515866 0.0843717 0.00700851
2 0.899299 0.0328332 0.0190266 0.0244861 0.00683684
2 0.404269 0.0044033 0.0475152 0.0088066 0.00680544
2 0.45517 0.338451 0.0496109 0.0792034 0.00664976
2 0.815435 0.0147814 0.0182661 0.0183801 0.00646958
2 0.925816 0.0302758 0.0172573 0.0205808 0.00642197
0 0.0136981 0.0369102 0.0271525 0.0734946 0.00595997
5 0.804656 0.0458342 0.0370934 0.0514425 0.0059423
2 0.86755 0.221335 0.0448036 0.0643128 0.00592001
0 0.132805 0.0468931 0.0119411 0.0172733 0.00582959
0 0.0197747 0.0373933 0.0390982 0.0739068 0.00579855
2 0.768895 0.0688432 0.0351112 0.0307611 0.00576591
2 0.800055 0.0327098 0.0293194 0.0255768 0.00572159
2 0.646335 0.118078 0.0474182 0.051338 0.00559595
