7 0.842597 0.449275 0.178485 0.2461 0.719204
7 0.842514 0.448574 0.178576 0.246986 0.714658
7 0.842822 0.448809 0.179883 0.246022 0.643004
7 0.84248 0.448726 0.179633 0.246479 0.606609
7 0.842918 0.450168 0.178253 0.245828 0.5848
7 0.842742 0.448649 0.17957 0.245586 0.527644
7 0.843158 0.449177 0.178896 0.246912 0.471965
7 0.843142 0.449681 0.178698 0.246054 0.466525
7 0.84251 0.44914 0.179885 0.246844 0.447823
2 0.400203 0.321443 0.046175 0.0679209 0.441532
2 0.63019 0.282527 0.0513876 0.0589721 0.439385
2 0.423072 0.245244 0.0544768 0.0705841 0.438206
2 0.399824 0.321225 0.0468761 0.0670511 0.433721
2 0.400519 0.32111 0.046289 0.0671319 0.433399
2 0.400021 0.320899 0.0465217 0.066599 0.432
2 0.399891 0.320716 0.0462049 0.0648261 0.423619
2 0.400173 0.321134 0.0473525 0.0678045 0.400307
7 0.842436 0.448723 0.178603 0.247443 0.398362
2 0.630851 0.28199 0.049176 0.0584771 0.397954
2 0.630128 0.281296 0.0512711 0.0582106 0.393915
2 0.422766 0.245085 0.0546775 0.0698247 0.392944
2 0.62995 0.282569 0.0517558 0.0577957 0.38667
2 0.630724 0.281814 0.0501244 0.0583439 0.386223
2 0.423211 0.244987 0.0549076 0.070296 0.383563
2 0.512839 0.710156 0.0882847 0.181937 0.377945
2 0.399771 0.320654 0.047021 0.0658924 0.372322
2 0.513207 0.710678 0.088277 0.181965 0.37197
2 0.820021 0.187875 0.032177 0.0376059 0.37107
2 0.422888 0.245372 0.0552521 0.0703102 0.370966
2 0.820613 0.188414 0.0328785 0.0368608 0.370774
2 0.347902 0.198787 0.0370522 0.0360616 0.370485
2 0.630431 0.281813 0.0509546 0.0580462 0.367425
2 0.629873 0.282755 0.05212 0.0583592 0.361592
2 0.819776 0.188831 0.032045 0.036054 0.3594
2 0.994076 0.256544 0.0109406 0.0401018 0.358103
2 0.81954 0.188805 0.0341066 0.0360376 0.35073
2 0.819561 0.187855 0.0341862 0.0376984 0.334516
2 0.513017 0.710985 0.0875185 0.182768 0.33373
2 0.422706 0.245145 0.0550408 0.0700357 0.33001
5 0.464838 0.458003 0.0597401 0.104163 0.324934
2 0.819062 0.189267 0.0320766 0.0359619 0.317658
2 0.513439 0.710847 0.0885285 0.181906 0.314033
2 0.513029 0.710704 0.0867308 0.181805 0.309027
2 0.422224 0.245081 0.0533795 0.0704642 0.301507
2 0.399661 0.320899 0.0458222 0.0643908 0.300439
2 0.381137 0.170507 0.0283504 0.0279628 0.296963
2 0.399933 0.330234 0.0460598 0.0526135 0.296253
2 0.63077 0.282076 0.0510712 0.0579808 0.295158
2 0.423067 0.243642 0.0551639 0.069411 0.294291
2 0.512847 0.710807 0.0877533 0.182257 0.292201
2 0.993943 0.257368 0.0113523 0.0385036 0.290061
2 0.820183 0.189053 0.0325584 0.0359295 0.288478
2 0.34835 0.197408 0.0365356 0.0401333 0.28677
2 0.538353 0.0984828 0.020159 0.0279022 0.284177
2 0.161313 0.680884 0.115853 0.167778 0.27811
2 0.631193 0.28438 0.0487801 0.054739 0.271202
2 0.422996 0.2456 0.0552171 0.070322 0.264747
2 0.161829 0.68055 0.117067 0.16746 0.261501
5 0.464977 0.457874 0.0602593 0.104349 0.260111
2 0.42243 0.245236 0.0555636 0.070615 0.259745
2 0.161376 0.681014 0.116806 0.166957 0.247723
2 0.422124 0.245638 0.0557369 0.0706431 0.245523
5 0.46446 0.458023 0.0593448 0.10462 0.243912
5 0.583388 0.0658164 0.0273699 0.0443441 0.240818
2 0.349292 0.196444 0.0375127 0.0409463 0.240724
2 0.464772 0.458574 0.0605675 0.104915 0.23629
7 0.16178 0.680433 0.117078 0.167512 0.234614
2 0.346663 0.202067 0.0318977 0.0312284 0.232101
2 0.513407 0.711132 0.0880141 0.182577 0.231536
5 0.161407 0.680554 0.116662 0.168228 0.231271
2 0.348407 0.19724 0.0359825 0.0397123 0.224002
2 0.994665 0.25491 0.00994949 0.0430095 0.222492
2 0.161473 0.680538 0.116184 0.168163 0.221549
0 0.927173 0.189331 0.0133652 0.0375102 0.217802
2 0.270411 0.240481 0.0526355 0.0719586 0.212914
5 0.161016 0.68066 0.116743 0.168674 0.209856
5 0.161422 0.680474 0.116595 0.167695 0.208554
7 0.161513 0.680501 0.116345 0.167789 0.206752
2 0.348747 0.197915 0.0390694 0.0397191 0.204216
2 0.268656 0.246103 0.0501502 0.0656897 0.202137
2 0.512859 0.71078 0.0870834 0.181396 0.201957
2 0.631248 0.283774 0.0499289 0.0546574 0.200509
2 0.464869 0.458581 0.0609823 0.105211 0.198777
2 0.270491 0.242093 0.0510063 0.0716694 0.197926
2 0.422629 0.244074 0.0558427 0.0698958 0.193263
2 0.38113 0.172144 0.0272487 0.0261502 0.193191
2 0.349551 0.1958 0.038644 0.0343444 0.191825
2 0.400276 0.327495 0.0465729 0.0564786 0.191473
2 0.269698 0.242649 0.051148 0.0727978 0.190984
5 0.464846 0.458006 0.0602704 0.10259 0.189924
2 0.470741 0.12297 0.0266264 0.0336383 0.189478
5 0.464993 0.458636 0.0610275 0.104949 0.18345
2 0.538105 0.0986748 0.0206145 0.0276583 0.18177
0 0.925682 0.189814 0.0148937 0.0370918 0.175943
0 0.923895 0.19294 0.0138752 0.0320067 0.173809
2 0.349402 0.198688 0.0385921 0.035738 0.164445
2 0.470919 0.124178 0.0261113 0.0334341 0.16169
2 0.381741 0.170477 0.0290776 0.028236 0.158115
2 0.992159 0.256135 0.0150675 0.0439759 0.156672
5 0.582928 0.06548 0.0274537 0.0464161 0.154371
5 0.4646 0.457862 0.0597351 0.105027 0.151576
2 0.51338 0.710936 0.0874237 0.181699 0.151065
2 0.16189 0.680401 0.115664 0.166836 0.144568
2 0.470738 0.123036 0.0274 0.035504 0.143816
2 0.399421 0.319947 0.0448944 0.0645294 0.142765
2 0.399258 0.320026 0.0437733 0.0640274 0.140418
2 0.630092 0.282542 0.0513317 0.0591497 0.138126
2 0.538235 0.0994942 0.0206241 0.0271024 0.137078
2 0.259875 0.191536 0.0297731 0.0402654 0.136704
0 0.925492 0.191578 0.0156897 0.0348943 0.134817
5 0.582954 0.064573 0.0279037 0.0435633 0.133738
0 0.902819 0.178397 0.0114494 0.019268 0.133533
2 0.634517 0.289695 0.0433253 0.0428866 0.131229
5 0.513112 0.71125 0.0863948 0.180111 0.128837
2 0.271022 0.24033 0.0517006 0.0759279 0.124747
2 0.819583 0.190461 0.0325401 0.0347072 0.120769
2 0.381684 0.170572 0.0292746 0.0284292 0.119819
2 0.270431 0.242021 0.0539963 0.0726128 0.118382
0 0.925069 0.190359 0.0167187 0.0371416 0.115922
2 0.268769 0.248675 0.0501929 0.0611693 0.111303
2 0.538598 0.0991534 0.0189268 0.02693 0.109869
5 0.583594 0.0668251 0.0261183 0.0440418 0.102562
2 0.224507 0.164773 0.0307205 0.0357297 0.1024
2 0.269278 0.249603 0.0516066 0.0598687 0.100348
2 0.260259 0.188526 0.0291013 0.042792 0.0997796
2 0.278519 0.222018 0.0440855 0.0393796 0.0937874
2 0.970318 0.550941 0.0509949 0.0232342 0.0931806
5 0.259973 0.189938 0.0286058 0.0406829 0.0925772
0 0.924227 0.193813 0.0153076 0.0312357 0.0920214
2 0.224213 0.16478 0.0298572 0.0344314 0.0911113
0 0.170898 0.209371 0.00961657 0.0245533 0.0903471
2 0.26838 0.2498 0.0495477 0.0586253 0.0897217
2 0.470849 0.123874 0.0264641 0.035428 0.08932
2 0.260521 0.188266 0.0294038 0.0445772 0.088274
0 0.121125 0.246306 0.0122474 0.0381864 0.086828
0 0.121149 0.248166 0.0111305 0.035146 0.0780168
2 0.284106 0.219801 0.0350514 0.0385715 0.0768918
9 0.718091 0.0593335 0.0143511 0.0343965 0.0764318
2 0.223507 0.165506 0.0290916 0.0352336 0.0676028
0 0.296289 0.172487 0.0118732 0.0348911 0.067362
7 0.463733 0.45798 0.0603152 0.104992 0.0668265
5 0.464556 0.458601 0.0612644 0.105035 0.0661699
2 0.267799 0.248977 0.0480732 0.0605998 0.065963
0 0.559832 0.396799 0.0154991 0.0347343 0.0653131
5 0.260461 0.189466 0.0291542 0.0426806 0.0652928
2 0.267057 0.259491 0.0458736 0.0405662 0.0650064
2 0.404946 0.149963 0.0238041 0.0201057 0.0644574
2 0.96998 0.551113 0.050935 0.0231698 0.0640324
2 0.223862 0.165028 0.0309044 0.0355264 0.0632428
0 0.755171 0.137251 0.00922842 0.0203928 0.0627239
0 0.0649594 0.317137 0.0155048 0.0332047 0.0622403
2 0.630257 0.281323 0.0507494 0.0578416 0.0616199
2 0.970044 0.551138 0.0499306 0.022974 0.0610435
5 0.583661 0.0674213 0.0267237 0.0438322 0.0586661
2 0.276814 0.220871 0.0443439 0.0405269 0.058013
2 0.347001 0.199453 0.0348866 0.0357085 0.0578213
0 0.0664571 0.318793 0.0136944 0.0332907 0.0576623
0 0.194065 0.221262 0.0106812 0.0377949 0.0567772
0 0.0661739 0.317341 0.0152846 0.0340709 0.0563263
5 0.583245 0.0647177 0.0282082 0.0454631 0.0556543
9 0.0575199 0.257106 0.0146625 0.0359941 0.0549208
2 0.268441 0.248733 0.0492126 0.0560981 0.054684
0 0.559815 0.395467 0.0147032 0.0327105 0.0545021
5 0.266806 0.134852 0.0225309 0.0372512 0.0527202
2 0.633906 0.291939 0.0432177 0.0391444 0.0526616
2 0.664809 0.117203 0.0169241 0.0258379 0.0526409
2 0.819765 0.191524 0.0312832 0.0323326 0.052396
5 0.404974 0.144998 0.0245401 0.029723 0.0520702
7 0.463349 0.458712 0.0587016 0.103228 0.0514245
9 0.280769 0.153651 0.0121223 0.0204502 0.050689
2 0.258563 0.189491 0.0332913 0.0421329 0.0505611
5 0.582837 0.0655623 0.0282967 0.045012 0.0503054
5 0.265512 0.135391 0.0213643 0.0355959 0.0501257
2 0.349744 0.194982 0.0388946 0.0404282 0.0500075
0 0.66508 0.117393 0.0149614 0.0241683 0.0498929
2 0.381183 0.171102 0.0283264 0.0287455 0.0497641
2 0.970132 0.55107 0.050486 0.023296 0.049325
2 0.345638 0.202645 0.0326999 0.0296756 0.0482509
0 0.193847 0.225335 0.0104069 0.0340834 0.0479046
0 0.295912 0.174409 0.012218 0.0375861 0.0478615
5 0.538447 0.100275 0.0205841 0.0283864 0.0465742
5 0.583049 0.0668276 0.0285127 0.0461134 0.0458811
5 0.266961 0.134253 0.0218606 0.034987 0.0454101
2 0.260875 0.190958 0.0285417 0.0408088 0.0453913
2 0.820803 0.186126 0.0315006 0.0394377 0.0449367
2 0.431519 0.266299 0.0341938 0.0331348 0.0441945
2 0.349625 0.195375 0.0388385 0.0421044 0.0440652
0 0.0571669 0.262408 0.0146489 0.0457017 0.0433345
2 0.992076 0.254612 0.0152073 0.0463196 0.0428075
5 0.404476 0.137765 0.0263557 0.0417978 0.0421898
0 0.902941 0.17725 0.0123711 0.0200451 0.0413496
2 0.58623 0.234352 0.0238949 0.0232059 0.0412094
2 0.82104 0.185659 0.0320633 0.0409989 0.0410164
2 0.34563 0.294583 0.0188121 0.0318212 0.0408363
0 0.629825 0.101753 0.0114616 0.0217224 0.0405419
2 0.273173 0.225162 0.0505567 0.0475873 0.0387038
2 0.423335 0.131706 0.0238338 0.0320769 0.0384904
0 0.792383 0.143966 0.00814991 0.0235474 0.0381225
9 0.718622 0.0606214 0.0141818 0.0355121 0.037983
0 0.754329 0.13521 0.0115089 0.0239941 0.0379749
2 0.26253 0.260547 0.0366504 0.0384636 0.0372339
5 0.37895 0.169493 0.0333156 0.0310665 0.0370383
2 0.464489 0.458568 0.0612963 0.106 0.0367292
2 0.117022 0.196618 0.0181795 0.0164773 0.0364235
2 0.560253 0.378141 0.0214638 0.0570531 0.0362809
0 0.171291 0.209507 0.0101659 0.0257292 0.0361599
2 0.586175 0.234075 0.0240009 0.0224625 0.0360035
5 0.624384 0.0820307 0.0228434 0.04807 0.0353351
0 0.0657465 0.319635 0.0153119 0.0343106 0.0348135
0 0.121672 0.241157 0.0132837 0.0324214 0.0347392
2 0.662116 0.11571 0.0231075 0.0320045 0.034327
2 0.639768 0.23379 0.0299541 0.0239712 0.0335527
2 0.661868 0.156027 0.0303199 0.0353096 0.033245
2 0.0404452 0.619825 0.035956 0.0188959 0.0331247
5 0.22153 0.16791 0.0322265 0.039546 0.0328848
0 0.560562 0.381744 0.0202232 0.0605625 0.0324381
9 0.818109 0.0977268 0.0125046 0.0342777 0.0323904
0 0.664965 0.116554 0.0184868 0.02741 0.0322751
5 0.578166 0.0617738 0.0235233 0.0382973 0.0320081
2 0.638815 0.236522 0.0313456 0.0284528 0.0318849
2 0.272447 0.234446 0.0535814 0.0641539 0.0317805
2 0.663798 0.119068 0.0198664 0.0303627 0.0317242
2 0.261066 0.194815 0.0280684 0.0339027 0.0307517
5 0.404978 0.136611 0.0247237 0.0440698 0.0305606
5 0.404483 0.141425 0.026038 0.0390519 0.0296595
2 0.258337 0.18894 0.0334526 0.0420182 0.0294317
5 0.260728 0.134037 0.0351949 0.0387694 0.029245
2 0.35 0.196937 0.0417184 0.0372329 0.0287706
2 0.560255 0.38613 0.018406 0.0534353 0.0286822
5 0.538241 0.0994675 0.0196742 0.0280983 0.0284906
9 0.0576382 0.25424 0.0144108 0.0325519 0.0281758
2 0.280718 0.218621 0.038568 0.0406551 0.0281371
0 0.470332 0.121726 0.0266472 0.0349019 0.0280844
2 0.969862 0.550893 0.0508356 0.0234638 0.0278832
5 0.301285 0.06178 0.0287023 0.0451049 0.0272545
2 0.561876 0.369344 0.0221757 0.023446 0.0270455
5 0.404508 0.137381 0.026837 0.0425123 0.0262269
0 0.193777 0.211968 0.0111744 0.0240196 0.0261966
5 0.513226 0.711494 0.0893974 0.183303 0.0260327
9 0.818351 0.0970877 0.0131784 0.0360932 0.0258533
0 0.344828 0.151603 0.0130687 0.0285653 0.0256978
0 0.344935 0.144783 0.0138299 0.0292525 0.0254836
2 0.470494 0.127953 0.0270863 0.0344946 0.0249533
0 0.791707 0.136096 0.00979443 0.0285869 0.0249309
9 0.908813 0.0138894 0.0151958 0.0274163 0.0247926
2 0.273033 0.225407 0.0508627 0.04648 0.0245598
5 0.265511 0.134863 0.0256058 0.0371524 0.0242723
5 0.623969 0.077435 0.0228802 0.0395396 0.0238575
2 0.273899 0.221088 0.0475945 0.041433 0.0237165
2 0.400214 0.34065 0.0442924 0.0363539 0.0235869
2 0.468869 0.12217 0.0313639 0.0343581 0.0233698
5 0.471925 0.120733 0.0308631 0.0387159 0.0233323
5 0.410559 0.0950246 0.0326437 0.0490033 0.0231115
5 0.583065 0.0627199 0.0285809 0.0439051 0.0229709
2 0.346695 0.293922 0.020433 0.0325851 0.0229651
0 0.529536 0.0417976 0.0124607 0.0283839 0.0229543
0 0.089515 0.234085 0.0113236 0.0361408 0.0228777
2 0.0398097 0.620479 0.037354 0.0201548 0.0227299
5 0.407798 0.0942962 0.0264077 0.0377901 0.0226903
2 0.661293 0.659752 0.0182652 0.0219082 0.0226146
9 0.979782 0.0236931 0.0137175 0.02085 0.0224467
5 0.220349 0.16678 0.0358823 0.036773 0.0223636
5 0.464417 0.45816 0.0597623 0.103004 0.0223508
9 0.818355 0.0967623 0.0135103 0.0365349 0.0222166
0 0.68208 0.0686809 0.0105577 0.023313 0.0221905
9 0.300751 0.0612349 0.0270613 0.0448288 0.0220277
0 0.930724 0.17549 0.0110477 0.0182181 0.0219585
0 0.603458 0.195774 0.00915089 0.0187937 0.021868
2 0.269896 0.241077 0.0518611 0.0759414 0.0217143
5 0.48756 0.0874957 0.018416 0.0304827 0.0217051
2 0.107187 0.196231 0.0114484 0.0174142 0.0216843
2 0.422516 0.244792 0.0537752 0.0708583 0.0216824
5 0.432624 0.0507566 0.0173974 0.0333057 0.0216033
2 0.223559 0.164041 0.0364608 0.0339183 0.0215856
2 0.0890716 0.151482 0.0269615 0.0188172 0.0215482
2 0.724568 0.234493 0.023941 0.0252627 0.0210292
7 0.842506 0.448228 0.178322 0.247029 0.0209169
2 0.488057 0.0839518 0.0210104 0.032516 0.0208281
2 0.260735 0.186994 0.0285259 0.0459746 0.0207402
2 0.468375 0.124302 0.0338053 0.0347004 0.0206504
0 0.995162 0.250907 0.00893593 0.04826 0.0205517
0 0.530082 0.0456081 0.0134193 0.0264381 0.0203365
5 0.267169 0.132229 0.0218174 0.0324832 0.0203323
9 0.183167 0.0546101 0.0147594 0.0280256 0.0200364
2 0.970119 0.550796 0.050568 0.023298 0.0200118
5 0.581307 0.0636507 0.0309685 0.0408948 0.0198818
7 0.380457 0.165967 0.0312316 0.0361586 0.0198762
2 0.260829 0.186249 0.0281958 0.0481406 0.019752
9 0.790408 0.12323 0.0101444 0.0208749 0.0197046
2 0.725312 0.233737 0.0246849 0.0266555 0.0195364
5 0.379593 0.15208 0.0341166 0.0622262 0.0195278
2 0.466148 0.492369 0.0460074 0.0361492 0.0194755
2 0.188552 0.302814 0.0318882 0.0303205 0.0192734
2 0.102067 0.615893 0.048483 0.04755 0.0190495
5 0.407317 0.114373 0.0250608 0.0321547 0.0190057
9 0.167845 0.176065 0.0161869 0.0297155 0.018994
9 0.979883 0.0248252 0.0153418 0.0203125 0.0189741
2 0.267503 0.256395 0.0487838 0.0465454 0.0186994
2 0.85546 0.179656 0.014241 0.0163908 0.0186756
0 0.561426 0.39362 0.0173144 0.0334341 0.0183492
