2 0.479296 0.306028 0.0906834 0.05153 0.852415
2 0.321105 0.303284 0.0848938 0.0592837 0.848218
2 0.480927 0.306495 0.0887388 0.0523989 0.844071
2 0.0828911 0.323668 0.0830369 0.0497424 0.828961
2 0.480939 0.306111 0.0876865 0.05318 0.818813
2 0.480651 0.306252 0.0877968 0.0533039 0.812461
2 0.0830507 0.323773 0.0816618 0.0501996 0.787961
2 0.321512 0.303869 0.0843761 0.0600026 0.781429
2 0.48083 0.306055 0.0883181 0.0537713 0.777232
2 0.321439 0.302877 0.0851101 0.0588585 0.777075
2 0.321519 0.304264 0.0842052 0.060499 0.77592
2 0.481114 0.306197 0.088108 0.0536909 0.774304
2 0.186198 0.325197 0.0959715 0.0576134 0.773001
2 0.480896 0.306532 0.0884102 0.0528623 0.770203
2 0.321336 0.3036 0.0847873 0.0597804 0.752865
2 0.321351 0.303836 0.0842536 0.0599283 0.739099
2 0.185988 0.325338 0.0954931 0.0569868 0.737781
2 0.082794 0.324831 0.0825425 0.047731 0.735636
2 0.479051 0.306171 0.0899532 0.0517061 0.734701
2 0.0823796 0.324991 0.082975 0.0475608 0.730388
2 0.186237 0.325168 0.0970223 0.057562 0.726706
2 0.480865 0.306343 0.0887473 0.0526674 0.72235
2 0.186221 0.325735 0.09674 0.0573963 0.7131
2 0.186461 0.325801 0.0970191 0.0570227 0.698419
0 0.0428503 0.635626 0.0330558 0.133253 0.672958
2 0.321193 0.303849 0.0851702 0.0606483 0.667006
2 0.185313 0.325644 0.0982461 0.0579326 0.665424
2 0.322125 0.302951 0.0834344 0.058838 0.664977
2 0.0824673 0.323922 0.0828766 0.0496079 0.661093
2 0.0828106 0.32367 0.082401 0.0499641 0.652782
2 0.186281 0.325488 0.097224 0.0586577 0.633605
0 0.0433588 0.636195 0.0337653 0.134536 0.623886
0 0.0432778 0.636877 0.0345225 0.137009 0.622124
2 0.481229 0.306357 0.0892202 0.0541811 0.606694
2 0.0827151 0.324641 0.0830293 0.0488091 0.601657
0 0.36883 0.645895 0.03239 0.10713 0.597982
0 0.0435791 0.634922 0.0354349 0.132672 0.597112
2 0.0831928 0.324517 0.0815014 0.0491176 0.596241
0 0.0434677 0.638231 0.0347365 0.138675 0.594354
2 0.186539 0.325851 0.0961324 0.0572013 0.593974
2 0.0124247 0.467821 0.0247911 0.0639471 0.580173
2 0.0124094 0.470213 0.0248188 0.0597052 0.575383
0 0.36829 0.646467 0.0326935 0.110239 0.563283
2 0.012698 0.468949 0.025396 0.0630711 0.555879
0 0.0840623 0.704976 0.0357522 0.142693 0.552414
0 0.0433527 0.635104 0.0348859 0.132023 0.528935
0 0.368267 0.648115 0.0323551 0.113312 0.52436
0 0.368505 0.647124 0.0327057 0.111958 0.522579
0 0.0436482 0.635554 0.0362586 0.127574 0.511556
2 0.012535 0.470156 0.0249663 0.0605124 0.487674
0 0.0438407 0.634984 0.0361924 0.128571 0.487398
2 0.0122163 0.469756 0.0243996 0.0609633 0.482635
2 0.0126702 0.470315 0.0251718 0.0608318 0.479915
2 0.0124766 0.469129 0.0248895 0.061469 0.476869
2 0.0125635 0.470049 0.0249245 0.0609126 0.472502
0 0.0839478 0.709105 0.0352614 0.15106 0.462138
0 0.36913 0.650182 0.0321113 0.114462 0.45594
0 0.0841823 0.707785 0.035815 0.150973 0.453937
2 0.321064 0.302857 0.0847005 0.0594288 0.449476
0 0.368639 0.646256 0.0319824 0.104295 0.444396
2 0.0833774 0.327131 0.0839492 0.043699 0.439266
0 0.368481 0.645679 0.0329821 0.107811 0.43832
2 0.0188303 0.324807 0.037254 0.0423844 0.433672
2 0.0189855 0.325534 0.0375154 0.0406353 0.426928
2 0.0179332 0.32466 0.0358663 0.0425825 0.425312
2 0.185239 0.325518 0.0984625 0.056475 0.415751
0 0.0843783 0.685286 0.0326681 0.102059 0.410265
0 0.866828 0.314634 0.0247498 0.0534923 0.399838
0 0.866567 0.315612 0.0254772 0.0532423 0.396831
2 0.0120082 0.470882 0.0239321 0.0603468 0.395119
2 0.0128819 0.471131 0.0257023 0.0601168 0.391305
0 0.0840865 0.692601 0.0326111 0.113412 0.390524
2 0.482189 0.306855 0.0900229 0.0523459 0.389871
2 0.0179171 0.324913 0.0358342 0.0414147 0.385317
0 0.368501 0.64932 0.032145 0.118921 0.378412
2 0.0192795 0.324242 0.0380457 0.0426463 0.356797
2 0.0120747 0.462026 0.0240065 0.0745876 0.341187
2 0.0176574 0.32483 0.0352916 0.0425786 0.340537
0 0.0845474 0.695269 0.0336577 0.107924 0.308602
0 0.866167 0.315574 0.0269459 0.0553108 0.305866
0 0.0841941 0.710993 0.0370436 0.154593 0.303522
0 0.866872 0.313009 0.0249317 0.0526501 0.295255
0 0.867351 0.315849 0.0267479 0.0556044 0.287094
0 0.0444076 0.639284 0.0355844 0.143238 0.283838
2 0.0121608 0.463581 0.0243216 0.0720127 0.279863
2 0.0167489 0.325366 0.0334233 0.0406062 0.269202
2 0.321485 0.303827 0.0848811 0.0606863 0.260554
0 0.780622 0.283682 0.0221613 0.0467929 0.258522
0 0.780672 0.284314 0.0224395 0.046699 0.249955
0 0.779107 0.282316 0.0204594 0.0469858 0.249199
0 0.865963 0.315307 0.0253353 0.0536816 0.240542
0 0.368108 0.653428 0.0315141 0.126814 0.239943
0 0.0839994 0.678914 0.0325679 0.0898459 0.23539
2 0.011886 0.462182 0.0237031 0.0751437 0.233947
0 0.75412 0.287569 0.0199765 0.0453267 0.233737
0 0.438004 0.600786 0.0193944 0.0607367 0.231621
2 0.0190729 0.325047 0.0381459 0.0413815 0.225511
0 0.866278 0.314306 0.0253376 0.0538251 0.224781
2 0.321527 0.303256 0.0837304 0.0595728 0.22442
0 0.084592 0.684941 0.0325313 0.0853283 0.221723
0 0.438679 0.601137 0.0190104 0.0609245 0.216567
2 0.0187349 0.323186 0.0373391 0.0458708 0.208983
0 0.084898 0.698664 0.0363346 0.131719 0.196211
2 0.0168856 0.326412 0.0337713 0.0404919 0.195134
2 0.0826017 0.323716 0.0824636 0.050813 0.191581
0 0.368345 0.644273 0.0324898 0.105088 0.18335
2 0.480388 0.305675 0.0898481 0.0507188 0.18036
0 0.042627 0.634494 0.0329847 0.130003 0.178119
0 0.754602 0.288286 0.0219784 0.04532 0.167369
0 0.754617 0.287185 0.0209438 0.0462975 0.161131
0 0.0842808 0.710277 0.0392687 0.155087 0.159411
0 0.866824 0.315856 0.0276516 0.0570522 0.156688
2 0.224268 0.293644 0.0198371 0.0275187 0.151281
0 0.865269 0.31579 0.0258543 0.0556382 0.139509
0 0.369549 0.639312 0.0299258 0.082653 0.129988
0 0.781613 0.283631 0.0246681 0.0480042 0.123943
2 0.219411 0.294323 0.0290913 0.0280872 0.123923
0 0.866435 0.313831 0.0255909 0.0540274 0.114052
0 0.75502 0.289531 0.0250584 0.04566 0.112056
2 0.185106 0.325851 0.0973 0.0573172 0.105947
2 0.841432 0.243256 0.0401161 0.0221377 0.103689
0 0.781023 0.285302 0.0232187 0.0470624 0.101963
2 0.0151073 0.327194 0.0300253 0.0395154 0.101842
2 0.186452 0.32487 0.0953059 0.0574315 0.0980967
9 0.0939558 0.187451 0.0116851 0.0270603 0.0954323
0 0.438285 0.601452 0.0197165 0.0623423 0.0935482
0 0.756328 0.28759 0.0260556 0.0472441 0.0927205
0 0.750353 0.289293 0.0188412 0.04611 0.0907862
2 0.221056 0.292046 0.0255019 0.0315091 0.0897672
0 0.0835765 0.682149 0.0321162 0.0935092 0.0891475
0 0.749609 0.290577 0.0198004 0.0481934 0.0879675
0 0.438401 0.601348 0.0195663 0.0639191 0.0873218
2 0.0181719 0.321961 0.0363438 0.0488978 0.0847993
2 0.218495 0.292799 0.0245296 0.0285048 0.083403
2 0.0192807 0.321631 0.0380778 0.0456735 0.0831235
0 0.253499 0.28096 0.0121581 0.0293626 0.0807289
0 0.776586 0.285274 0.0219418 0.0461071 0.0799599
2 0.0831554 0.323745 0.0823907 0.0494699 0.0778944
0 0.777688 0.283085 0.021593 0.0471424 0.0775084
0 0.781348 0.281916 0.0234987 0.0491733 0.0767151
2 0.214368 0.294931 0.0240176 0.0274292 0.074885
2 0.0211284 0.325024 0.0417891 0.0426833 0.0742152
0 0.438412 0.600353 0.0195251 0.0609505 0.0705578
0 0.0441839 0.636154 0.0362785 0.133368 0.0689126
0 0.869957 0.314769 0.0314903 0.0521713 0.0686388
2 0.838918 0.242107 0.0458302 0.0239767 0.0663539
2 0.223927 0.290448 0.0221472 0.0329849 0.0652455
0 0.870061 0.313648 0.0301016 0.0499587 0.0599203
0 0.748631 0.287303 0.0179031 0.0468925 0.0598773
2 0.21693 0.293501 0.035027 0.031213 0.0596553
0 0.771484 0.28692 0.0198717 0.0449605 0.0596192
2 0.850455 0.243706 0.0208527 0.0215092 0.0585339
0 0.0833243 0.683372 0.0312848 0.0719097 0.0581707
0 0.4384 0.601773 0.0199158 0.0630493 0.055268
0 0.438834 0.600639 0.0199152 0.0621609 0.052848
0 0.36916 0.650426 0.0317101 0.120055 0.0513316
2 0.186394 0.32586 0.0959744 0.0572897 0.0489582
0 0.43829 0.602131 0.0197665 0.0643525 0.0488662
0 0.253044 0.27933 0.0124509 0.0300532 0.0462468
0 0.438628 0.598944 0.0199989 0.0586124 0.0450703
0 0.870198 0.311556 0.0310041 0.0476493 0.0418312
2 0.217308 0.297503 0.0342834 0.0329236 0.0413646
0 0.921338 0.302194 0.0261284 0.038195 0.0411056
0 0.783516 0.281841 0.0271971 0.0515347 0.0387699
0 0.0152726 0.737991 0.0305453 0.106202 0.0386231
0 0.255952 0.28202 0.0124961 0.0302933 0.0384787
0 0.783163 0.28395 0.0262515 0.0471478 0.0377968
2 0.0835286 0.324127 0.0801373 0.0488161 0.0375121
7 0.273706 0.758471 0.515207 0.16934 0.0364393
9 0.0924063 0.188374 0.0130669 0.0295137 0.0362824
2 0.0826234 0.324871 0.0827528 0.0480781 0.0356857
2 0.835386 0.241199 0.0509815 0.0252068 0.0356241
2 0.894388 0.235257 0.0621742 0.0265553 0.0352293
0 0.438675 0.599143 0.0200804 0.0598392 0.0351523
7 0.277266 0.758 0.503552 0.166766 0.03425
0 0.268189 0.283051 0.0115722 0.0315985 0.0338574
2 0.218621 0.295846 0.0318773 0.0298968 0.0337176
0 0.0856981 0.693166 0.0329809 0.109164 0.0331468
7 0.277478 0.75956 0.507369 0.16695 0.0321413
0 0.370707 0.641059 0.0287927 0.0838217 0.031951
2 0.0214123 0.326487 0.0423068 0.0401918 0.0312525
2 0.424752 0.483766 0.0398296 0.0240522 0.0312501
2 0.425972 0.485483 0.033921 0.0189606 0.0312227
2 0.320848 0.303067 0.0845935 0.0604896 0.0310575
2 0.894444 0.247863 0.0646126 0.0422709 0.0303395
0 0.922115 0.302436 0.0254057 0.0372738 0.0301493
2 0.425569 0.483169 0.044511 0.0280979 0.0298385
2 0.950855 0.225852 0.0272831 0.0262592 0.0298338
0 0.0841844 0.689913 0.0323515 0.102387 0.0293182
2 0.322971 0.302511 0.0803914 0.0580389 0.029274
7 0.288502 0.759593 0.480823 0.163689 0.0291903
0 0.0140377 0.738743 0.0280755 0.104676 0.0289151
2 0.897806 0.245481 0.0699133 0.0435455 0.0283514
2 0.192663 0.293391 0.0371518 0.0198196 0.0283437
2 0.012275 0.460495 0.0241811 0.0749329 0.0268947
0 0.920929 0.303531 0.0269081 0.0367396 0.0267617
2 0.204165 0.293142 0.0593547 0.0281352 0.0266084
26 0.0395247 0.613774 0.0259109 0.052011 0.0264094
9 0.95321 0.224833 0.0196392 0.023906 0.0263106
2 0.898436 0.229029 0.0505566 0.0173746 0.0259283
0 0.740375 0.27564 0.0164648 0.0561348 0.025909
2 0.425129 0.485555 0.0354509 0.0186068 0.0250915
26 0.0414021 0.611083 0.0277525 0.0609856 0.0246725
0 0.0143086 0.7392 0.0286172 0.105868 0.0245507
24 0.371627 0.639465 0.0263956 0.0609322 0.0239297
2 0.911041 0.226914 0.0255657 0.0186074 0.0236518
2 0.26898 0.760272 0.523229 0.175538 0.0234969
0 0.763165 0.288857 0.0322081 0.0442086 0.0228555
2 0.837004 0.240759 0.0487831 0.0265038 0.0219485
2 0.188675 0.295418 0.0390861 0.0182959 0.0219435
2 0.877866 0.248981 0.031641 0.0373081 0.0219418
2 0.0153073 0.464302 0.0306146 0.0795733 0.021741
9 0.204481 0.0293592 0.0248736 0.0451397 0.021611
2 0.425542 0.486109 0.0339154 0.019769 0.020807
0 0.0161294 0.739053 0.032045 0.105952 0.0203991
0 0.9224 0.303835 0.0247368 0.0358242 0.0203584
2 0.892183 0.24929 0.0605728 0.0408649 0.0199267
0 0.78141 0.277196 0.0208564 0.0500776 0.0196106
2 0.952545 0.225188 0.021221 0.0247466 0.0196012
0 0.740297 0.265902 0.0187386 0.0515643 0.0194011
2 0.83114 0.2421 0.0628463 0.0237321 0.0193878
0 0.0112426 0.739276 0.0224853 0.10327 0.0190618
2 0.916268 0.247957 0.107996 0.0475723 0.0187632
0 0.0142866 0.739884 0.0285732 0.103874 0.0184125
2 0.425123 0.486187 0.0348143 0.0196857 0.0183768
0 0.791955 0.266187 0.0196922 0.0305045 0.0182442
9 0.133183 0.227108 0.0118686 0.0320792 0.0181596
2 0.506003 0.271415 0.0285761 0.0244399 0.0180313
26 0.0412987 0.606724 0.0284667 0.0735796 0.0180103
13 0.276982 0.759101 0.526262 0.164114 0.017973
9 0.204778 0.0277131 0.0278518 0.050278 0.017917
2 0.335316 0.295701 0.0567386 0.0455466 0.0179073
0 0.439211 0.621131 0.0210365 0.105564 0.0177689
9 0.374334 0.0124759 0.0901149 0.0247837 0.0177049
0 0.071597 0.242996 0.0099395 0.03342 0.0168464
9 0.204057 0.029282 0.0237287 0.0445901 0.0167521
9 0.373373 0.0123351 0.0916295 0.0244819 0.0167001
0 0.0440576 0.637794 0.0352048 0.125554 0.0163063
2 0.893986 0.251476 0.0655256 0.0469398 0.0161773
2 0.914568 0.224528 0.0189821 0.0184719 0.0161761
2 0.269727 0.760025 0.524829 0.173055 0.016054
0 0.262347 0.283332 0.010504 0.026167 0.0160419
0 0.439155 0.625617 0.0206322 0.112063 0.015843
2 0.0191172 0.32635 0.0382345 0.0406183 0.0155679
0 0.00905883 0.740945 0.0181177 0.100183 0.0154129
2 0.423948 0.483019 0.0415722 0.0243819 0.0153302
0 0.922387 0.304847 0.0245697 0.0343907 0.0152744
0 0.920877 0.304562 0.0277302 0.0353608 0.0152348
7 0.441626 0.7566 0.177941 0.158186 0.0152219
0 0.00983055 0.741638 0.0196611 0.0997854 0.0151956
2 0.33897 0.294796 0.0510826 0.0446165 0.0151326
0 0.269442 0.283175 0.0135185 0.0315485 0.0150896
2 0.335616 0.295573 0.0580589 0.0444581 0.0149907
0 0.438993 0.623749 0.0206735 0.111481 0.0148404
2 0.835179 0.239986 0.0534168 0.0279253 0.0146068
0 0.801238 0.264395 0.0140587 0.0273894 0.0145513
2 0.831096 0.240877 0.0621719 0.0247772 0.0143126
2 0.916602 0.248589 0.106988 0.0505293 0.013869
0 0.895933 0.422728 0.0135052 0.0271901 0.0137126
9 0.736793 0.204364 0.0142414 0.0337464 0.0132881
2 0.481195 0.306534 0.0880386 0.0528759 0.0132024
0 0.221758 0.270962 0.0147942 0.0210641 0.0130387
0 0.0619483 0.736002 0.0543812 0.10623 0.0129289
2 0.48219 0.305118 0.0848642 0.0507811 0.0127581
0 0.756241 0.284482 0.0394799 0.0540757 0.0126188
9 0.953783 0.207922 0.0194271 0.0306381 0.012368
0 0.895601 0.426115 0.0141685 0.0325791 0.0121999
2 0.92069 0.249729 0.116917 0.0521835 0.0120871
2 0.511672 0.278308 0.066348 0.033643 0.0120519
2 0.482607 0.274812 0.0915777 0.0424747 0.0119691
9 0.344582 0.151114 0.0241353 0.0428947 0.0119201
1 0.735614 0.282682 0.0226591 0.036427 0.0118623
0 0.760032 0.289712 0.0442219 0.0514748 0.01177
2 0.917424 0.250718 0.110472 0.0481137 0.011493
2 0.513059 0.272705 0.0401314 0.0248355 0.0114043
9 0.817948 0.16293 0.0096838 0.020864 0.0113848
2 0.226126 0.290509 0.027637 0.0251281 0.0113512
2 0.916189 0.247214 0.106001 0.0552867 0.0113355
0 0.868617 0.313325 0.026823 0.0597781 0.011323
0 0.800903 0.26209 0.0159149 0.031785 0.0112785
2 0.892323 0.238766 0.0572025 0.0289943 0.0112457
0 0.795425 0.259366 0.0187544 0.0384545 0.0111346
2 0.877966 0.251563 0.033083 0.0432142 0.0111237
2 0.837689 0.240174 0.049045 0.0280935 0.0110835
2 0.50906 0.275328 0.0522055 0.0296402 0.0110742
2 0.517751 0.273554 0.0417778 0.0270938 0.0110144
7 0.28395 0.758448 0.494093 0.168965 0.0109096
9 0.204268 0.0279316 0.0305076 0.0494619 0.0108582
9 0.371364 0.0123179 0.0944965 0.024438 0.0107532
2 0.492657 0.303439 0.114745 0.0551475 0.0106459
2 0.98993 0.3057 0.0193855 0.032281 0.010629
0 0.0146842 0.734609 0.0293683 0.116027 0.0105878
9 0.0266659 0.202266 0.0113897 0.0289972 0.0103173
26 0.372101 0.639255 0.0241208 0.05842 0.0102092
0 0.869479 0.315225 0.0327785 0.0532737 0.010034
2 0.912586 0.226077 0.0241259 0.0184474 0.010016
2 0.915525 0.251206 0.111197 0.0493919 0.00992422
9 0.373278 0.0131261 0.092972 0.0255265 0.00991057
7 0.282072 0.75882 0.497241 0.168573 0.00990188
13 0.281313 0.75848 0.51761 0.164122 0.00964286
