2 0.455378 0.294011 0.0642639 0.0630556 0.784961
2 0.684429 0.183749 0.0344102 0.0379307 0.688489
2 0.45534 0.293592 0.0638058 0.0623174 0.682055
2 0.684693 0.183493 0.0348412 0.0381044 0.667247
2 0.684298 0.183987 0.0344395 0.0385109 0.657839
2 0.535647 0.211794 0.0446442 0.0508049 0.647766
2 0.580399 0.221897 0.0474958 0.0477396 0.643027
2 0.684766 0.182679 0.0359211 0.0370393 0.635458
2 0.561618 0.309847 0.0583891 0.0801878 0.63384
2 0.580268 0.221695 0.0475 0.049273 0.627688
2 0.818386 0.189214 0.0351742 0.042783 0.627484
2 0.580563 0.221738 0.047508 0.0492784 0.619431
2 0.455084 0.293563 0.0641912 0.0629297 0.600932
2 0.580665 0.221872 0.0477339 0.0475489 0.595559
2 0.580983 0.221133 0.0469841 0.049151 0.594139
2 0.536035 0.211628 0.0441971 0.0510292 0.592245
5 0.776577 0.380114 0.0730814 0.128726 0.592234
2 0.535695 0.211508 0.0428604 0.0504259 0.588609
2 0.455079 0.293934 0.0628292 0.0625045 0.586157
5 0.776948 0.380073 0.0736809 0.128264 0.585039
2 0.561966 0.310103 0.0583021 0.081056 0.57809
2 0.455607 0.293668 0.0637899 0.0631193 0.575858
2 0.535656 0.211459 0.0435373 0.0507973 0.572331
2 0.695253 0.142794 0.0333599 0.0425018 0.570587
2 0.694796 0.142068 0.032712 0.0414466 0.560503
5 0.776218 0.379908 0.072683 0.13014 0.56001
2 0.818203 0.189788 0.0336155 0.0418144 0.559721
2 0.818354 0.189524 0.0343546 0.0430752 0.559077
2 0.686242 0.1837 0.0335897 0.0383014 0.557015
2 0.580701 0.221552 0.0483212 0.0483131 0.556486
2 0.684483 0.183524 0.0347092 0.0387856 0.552307
2 0.535547 0.211656 0.0437515 0.0503999 0.549848
2 0.580503 0.221981 0.0470396 0.0477162 0.54849
2 0.455554 0.293339 0.0639357 0.0633878 0.544972
2 0.455278 0.293861 0.063763 0.0634686 0.544472
2 0.45545 0.293273 0.0651454 0.0633876 0.539954
2 0.561947 0.309628 0.0584209 0.0813351 0.536804
2 0.561512 0.310221 0.0584068 0.0823486 0.530769
2 0.535977 0.212098 0.0431879 0.0500039 0.530182
2 0.561803 0.310492 0.0581226 0.08133 0.529074
2 0.744916 0.164044 0.0278679 0.0299044 0.525861
2 0.818522 0.190448 0.0326204 0.0406468 0.516038
2 0.561706 0.310023 0.0585962 0.0812898 0.511498
2 0.818693 0.189447 0.0344379 0.0429723 0.50168
2 0.817647 0.191137 0.0328844 0.0387992 0.498469
2 0.818431 0.190723 0.0344179 0.0410912 0.497821
2 0.455588 0.294397 0.0630263 0.0624822 0.496762
2 0.580527 0.221732 0.0479516 0.049125 0.491687
2 0.580403 0.221983 0.0470756 0.0488582 0.488345
2 0.783698 0.114835 0.0307247 0.0298293 0.482097
2 0.535879 0.211456 0.0429117 0.0508324 0.479154
5 0.777049 0.380174 0.0732814 0.1286 0.475301
2 0.534965 0.211514 0.0439149 0.0513859 0.474101
2 0.53474 0.211932 0.0428673 0.0506521 0.470915
2 0.693949 0.143276 0.0301268 0.0416679 0.46673
2 0.818282 0.190082 0.034124 0.0427084 0.456253
2 0.78358 0.116077 0.0294402 0.0254159 0.453884
2 0.695073 0.14304 0.0331387 0.0426689 0.450223
2 0.818528 0.189924 0.033902 0.0423414 0.445625
2 0.562157 0.309508 0.058371 0.0817487 0.440343
2 0.580198 0.221316 0.0487612 0.0497471 0.437485
2 0.782315 0.113167 0.0314755 0.0291541 0.436032
6 0.107251 0.666779 0.213323 0.202762 0.410904
2 0.784433 0.115241 0.0283398 0.0262636 0.405539
2 0.683971 0.183733 0.0352114 0.0396579 0.405274
5 0.776772 0.380155 0.0727873 0.128351 0.402905
2 0.745174 0.16224 0.0286332 0.0326394 0.402826
5 0.776781 0.380371 0.0731937 0.129018 0.401656
2 0.694381 0.142803 0.0316923 0.0416286 0.391236
2 0.74531 0.162371 0.0292384 0.0341294 0.384999
6 0.10705 0.669602 0.213746 0.208899 0.378026
2 0.561847 0.309855 0.0575527 0.0804668 0.361717
6 0.10748 0.666499 0.213721 0.202735 0.360732
5 0.776758 0.380017 0.073762 0.12829 0.355398
2 0.744462 0.113446 0.0213209 0.0339038 0.35466
2 0.783182 0.112828 0.0312172 0.0309008 0.344356
2 0.684216 0.18314 0.0356791 0.0391665 0.335779
2 0.744811 0.11256 0.0213394 0.0337448 0.335286
2 0.694303 0.143378 0.032785 0.0432228 0.333485
2 0.745343 0.113462 0.0249628 0.0352916 0.326292
5 0.776771 0.380434 0.0735229 0.128635 0.319197
2 0.693748 0.143184 0.0315033 0.0420796 0.313917
2 0.0854654 0.0975822 0.0769419 0.0326777 0.312551
5 0.776351 0.380073 0.0729799 0.128678 0.311329
2 0.536913 0.21185 0.0453093 0.0509056 0.296377
2 0.693063 0.142117 0.0329578 0.0410007 0.290217
2 0.535061 0.21144 0.0435554 0.0509762 0.28985
2 0.818779 0.19036 0.0342644 0.0400928 0.285565
2 0.745186 0.162528 0.0270815 0.0360336 0.281552
2 0.745232 0.162432 0.0288217 0.0326987 0.277784
2 0.694226 0.142213 0.0320846 0.0415489 0.275068
6 0.107372 0.674599 0.21458 0.219481 0.269673
2 0.804692 0.0783014 0.0193802 0.0190581 0.261869
2 0.744959 0.162326 0.0294676 0.0335897 0.257748
2 0.74451 0.16421 0.0283427 0.0318697 0.232325
6 0.107638 0.670215 0.214845 0.210902 0.229754
2 0.782083 0.112203 0.0324368 0.0295601 0.225448
2 0.0841145 0.0980841 0.0780817 0.0335417 0.224575
2 0.0890642 0.0968334 0.0686997 0.0309308 0.201504
6 0.1073 0.738464 0.214599 0.34787 0.201228
2 0.0837363 0.0994119 0.0828804 0.0354461 0.197597
6 0.107445 0.736417 0.213929 0.343855 0.191671
2 0.335192 0.0563251 0.0389154 0.0220694 0.187922
2 0.535623 0.209862 0.0430223 0.053957 0.180533
2 0.0814639 0.100118 0.0869846 0.037454 0.178219
2 0.455379 0.293377 0.0639561 0.0640074 0.176153
6 0.107262 0.736387 0.214167 0.342977 0.175816
2 0.686023 0.182902 0.0363543 0.0373895 0.166973
2 0.335625 0.0558924 0.0402121 0.0229302 0.163464
2 0.58087 0.222274 0.0466936 0.0480511 0.150006
6 0.1075 0.701842 0.215 0.275771 0.148808
6 0.106942 0.736792 0.213694 0.348651 0.132065
2 0.746037 0.113068 0.024474 0.0345742 0.131123
2 0.782497 0.114986 0.0323779 0.0278603 0.124489
2 0.683922 0.182766 0.0365827 0.0390338 0.123289
6 0.106873 0.736982 0.213746 0.34752 0.116521
2 0.334153 0.0568416 0.0404583 0.0222212 0.11275
2 0.69318 0.143742 0.030373 0.0431877 0.109449
6 0.106366 0.739014 0.212731 0.354136 0.108944
2 0.809476 0.0766462 0.0288319 0.0206893 0.105014
2 0.273039 0.0664306 0.030348 0.0147943 0.103834
2 0.273415 0.0659444 0.0309336 0.0139345 0.0998526
2 0.0865341 0.0988225 0.0768277 0.0386329 0.0996416
6 0.107288 0.718097 0.214577 0.308621 0.0992996
2 0.746101 0.112653 0.0247674 0.0347966 0.098507
2 0.0869758 0.0990899 0.0747025 0.0346427 0.0957356
5 0.776416 0.379828 0.0726 0.128649 0.0952949
2 0.818399 0.18839 0.034531 0.0435348 0.090799
2 0.816648 0.105399 0.0188787 0.018762 0.0868842
2 0.562275 0.305856 0.0571507 0.0747114 0.0863972
2 0.0927685 0.0978905 0.0652187 0.0340213 0.0863821
2 0.0111912 0.106219 0.0223134 0.0344529 0.0847259
6 0.107275 0.673684 0.214544 0.220406 0.083342
2 0.782516 0.108837 0.0342728 0.0371829 0.0799488
2 0.562354 0.305013 0.0570751 0.0717087 0.0794418
2 0.561381 0.311997 0.0561641 0.0760375 0.0779609
2 0.0869098 0.0925863 0.0713729 0.0296564 0.0768733
6 0.108685 0.66559 0.212892 0.201597 0.0733881
2 0.817472 0.0774017 0.0163197 0.0212071 0.07111
79 0.89589 0.9698 0.0198929 0.0587788 0.0703675
6 0.108526 0.665907 0.215694 0.204958 0.0679033
5 0.358475 0.0322704 0.101717 0.0638555 0.065688
6 0.109233 0.665496 0.21315 0.201509 0.0654341
2 0.146874 0.0893041 0.0487792 0.020393 0.0610375
2 0.336804 0.056192 0.0476067 0.0281217 0.0577977
2 0.011277 0.107533 0.0225209 0.0370866 0.0544185
2 0.818087 0.0760275 0.0169989 0.0223686 0.0541479
5 0.357985 0.0330631 0.100692 0.0620662 0.053489
6 0.107953 0.665931 0.214348 0.205372 0.052124
5 0.358205 0.0329189 0.101993 0.0632564 0.0496128
2 0.534822 0.211265 0.0438335 0.0509258 0.048772
2 0.879755 0.103767 0.0157459 0.0154736 0.0468743
79 0.895531 0.969924 0.0198734 0.0591286 0.0464432
2 0.149346 0.0892822 0.0549939 0.0186755 0.0463068
2 0.942148 0.0970003 0.0159061 0.0218283 0.0445857
2 0.082227 0.100202 0.0838185 0.0395818 0.0437564
0 0.0683599 0.0607057 0.0251734 0.0676256 0.0432451
2 0.537503 0.211945 0.0428022 0.0512135 0.0419691
5 0.358464 0.0327976 0.100515 0.0646254 0.0418651
2 0.142007 0.0876703 0.0363194 0.0187919 0.0416436
2 0.155519 0.0881706 0.064102 0.0190152 0.0403417
5 0.35897 0.0327636 0.101943 0.0652888 0.0398396
2 0.333873 0.0575598 0.0465628 0.0264945 0.0391412
2 0.0797481 0.0975927 0.079066 0.0343932 0.0391224
2 0.0111096 0.105231 0.0221818 0.0338444 0.0386567
2 0.0862871 0.0960643 0.0748935 0.0352128 0.037447
2 0.167549 0.0859379 0.0400831 0.0136073 0.0371707
2 0.742911 0.113865 0.0258715 0.0344945 0.0366938
2 0.804337 0.0778159 0.0228336 0.0188263 0.0365201
2 0.454412 0.294901 0.0632116 0.0616407 0.0351459
2 0.0764736 0.103598 0.0958353 0.0452262 0.0348322
5 0.358701 0.0348225 0.0995559 0.0637234 0.0343719
2 0.0794358 0.0993365 0.0849557 0.0366464 0.0337876
2 0.94222 0.0974761 0.0154055 0.021144 0.0333784
2 0.062622 0.108012 0.12432 0.0543715 0.0329849
5 0.941709 0.0852531 0.0203545 0.0470462 0.0329446
6 0.111422 0.665613 0.206105 0.199443 0.032811
0 0.0689889 0.0562913 0.0242181 0.0618955 0.0323437
2 0.153227 0.0900628 0.0592479 0.0247669 0.031914
2 0.742984 0.112882 0.026346 0.0360323 0.0314521
2 0.53272 0.0176884 0.0720789 0.0353767 0.0306918
7 0.0624207 0.0826697 0.124575 0.103635 0.0300085
2 0.916476 0.0941362 0.0167336 0.0218397 0.0300008
2 0.744831 0.159996 0.0292847 0.0369354 0.0290486
2 0.0625805 0.109681 0.12411 0.0551016 0.0283389
2 0.814575 0.111321 0.0209286 0.0280583 0.0279589
2 0.0115911 0.10646 0.0230366 0.0354203 0.0273164
2 0.780443 0.109501 0.0371324 0.0365625 0.0266313
7 0.0575122 0.0770476 0.114862 0.0977921 0.0252736
7 0.044001 0.078704 0.0876771 0.0926241 0.0250355
7 0.0413339 0.0709133 0.0826679 0.0737621 0.0241064
6 0.0621139 0.0828427 0.124228 0.110191 0.0240238
2 0.818831 0.18886 0.0345385 0.044347 0.0239678
2 0.32843 0.0596348 0.0597771 0.029271 0.0238265
7 0.0600399 0.0785706 0.11989 0.0953674 0.0238181
2 0.83804 0.0752405 0.0184593 0.0209695 0.0238012
2 0.137086 0.0872129 0.0248831 0.0198737 0.0236912
2 0.0656213 0.104212 0.116954 0.0473597 0.0233457
6 0.112363 0.665781 0.203669 0.199718 0.0231452
7 0.0410327 0.0749075 0.0820655 0.0795726 0.0216121
79 0.895619 0.970224 0.0203203 0.0586121 0.0214889
2 0.531879 0.0178006 0.0704519 0.0356012 0.0212285
2 0.814945 0.109528 0.0226925 0.0273242 0.0211283
0 0.0693172 0.0561713 0.0260911 0.0634017 0.0211246
2 0.207922 0.0807968 0.0222934 0.00727037 0.020936
2 0.175202 0.0844826 0.0319458 0.01216 0.0207072
2 0.0623775 0.110417 0.124615 0.0555937 0.0203698
0 0.943514 0.0705643 0.0166546 0.0249658 0.0202579
7 0.0407134 0.078308 0.0812978 0.0912947 0.0197191
5 0.356547 0.0379771 0.104752 0.0681134 0.0191694
2 0.156231 0.0901934 0.068482 0.0200578 0.0189436
2 0.332974 0.0576649 0.0466564 0.0253349 0.0188285
6 0.061646 0.0818575 0.122859 0.112731 0.0187422
2 0.527355 0.222884 0.0284659 0.0280631 0.0183128
2 0.744581 0.165982 0.0284779 0.033963 0.0182929
0 0.0711315 0.0696817 0.0759043 0.0886946 0.0182213
2 0.834607 0.0739366 0.0234406 0.0254564 0.0180286
0 0.0543656 0.0728697 0.0561867 0.0821679 0.0179563
0 0.0121456 0.105399 0.0239354 0.0350689 0.0173471
2 0.835395 0.07764 0.0150108 0.017121 0.0173282
7 0.0406795 0.0767741 0.0813589 0.0784852 0.0172164
0 0.0699931 0.0551677 0.0276097 0.0643128 0.0168908
6 0.107306 0.66567 0.211794 0.200898 0.0164119
2 0.0623386 0.0819798 0.124677 0.108533 0.0163278
2 0.743989 0.114785 0.0234989 0.034447 0.0157578
2 0.532914 0.0181895 0.0716078 0.0355635 0.0149914
2 0.254741 0.068198 0.0145302 0.0156567 0.0149058
2 0.810277 0.0773514 0.0270544 0.0251824 0.0147904
2 0.818211 0.0724887 0.0453815 0.0319747 0.0147744
2 0.0631483 0.104719 0.123198 0.0497579 0.0145913
5 0.358628 0.0375082 0.0959716 0.0593157 0.014571
2 0.580686 0.220357 0.0468191 0.0448503 0.0144588
79 0.8954 0.97015 0.0225746 0.0590136 0.014447
2 0.841012 0.0719317 0.0264044 0.028567 0.0141669
2 0.536575 0.213273 0.0441984 0.0516714 0.0140668
2 0.835675 0.105532 0.0165901 0.033295 0.013823
2 0.535909 0.21151 0.0422413 0.0519726 0.01371
2 0.741852 0.166837 0.0245761 0.0339681 0.0134814
0 0.0704822 0.0548167 0.0274521 0.0664604 0.0133278
7 0.532889 0.0177459 0.0719472 0.0354918 0.0130657
2 0.809785 0.113356 0.0195305 0.0256482 0.0129865
7 0.0406921 0.0705532 0.0813842 0.0671531 0.0129404
6 0.062318 0.082122 0.124636 0.113396 0.0126794
2 0.766584 0.113708 0.0497963 0.0344756 0.012408
2 0.455304 0.293675 0.0653673 0.0640894 0.0123397
2 0.0968913 0.0916899 0.0580035 0.0298338 0.0123368
0 0.0543424 0.0782399 0.0559897 0.0714093 0.0122588
2 0.817379 0.110886 0.0209209 0.0320661 0.0121974
2 0.747149 0.156443 0.0331913 0.0425886 0.0121444
2 0.817952 0.187194 0.032609 0.0418338 0.012062
2 0.745211 0.111346 0.0224107 0.0370821 0.0118441
5 0.358854 0.0311674 0.0982375 0.0605739 0.0116405
2 0.0833637 0.0949534 0.0781392 0.0390233 0.0115314
2 0.783565 0.10916 0.0357863 0.0390108 0.0114334
5 0.358796 0.0305347 0.099487 0.0583384 0.0114327
2 0.757509 0.15652 0.0481162 0.0446678 0.0113721
6 0.109403 0.665289 0.209217 0.198578 0.010786
2 0.879086 0.0984333 0.0202282 0.0275598 0.0107798
2 0.532477 0.0180896 0.0705381 0.0357735 0.0107583
0 0.0492706 0.0988831 0.0453 0.0357304 0.0105985
0 0.454433 0.022089 0.0254049 0.0434046 0.0105704
2 0.826302 0.105738 0.0374699 0.0372228 0.0102998
6 0.106756 0.745191 0.212655 0.36697 0.0102353
0 0.0346579 0.101909 0.0221039 0.0313383 0.0101346
2 0.822312 0.190172 0.0393429 0.041789 0.0100475
2 0.112178 0.664824 0.203021 0.197602 0.00993371
6 0.0621666 0.0815843 0.123815 0.114719 0.00985174
5 0.358569 0.035071 0.0974516 0.055985 0.00975012
6 0.207608 0.0758963 0.413141 0.130993 0.00973267
0 0.0694058 0.0668274 0.0307618 0.0903181 0.00965992
7 0.929493 0.0826828 0.0467356 0.0527696 0.00965236
2 0.163104 0.0903148 0.0838072 0.0205581 0.00934616
0 0.0105763 0.115544 0.0210996 0.0525502 0.00931696
2 0.0149865 0.107995 0.0299729 0.0401191 0.00929504
2 0.185844 0.0837084 0.0648072 0.0156776 0.00918409
2 0.53334 0.0183185 0.0734225 0.0366369 0.00893964
7 0.917401 0.0861037 0.0191423 0.0386307 0.0089066
7 0.358957 0.0333687 0.0975401 0.0534947 0.00867525
2 0.918543 0.073453 0.0157532 0.0212904 0.00865902
7 0.041205 0.0742134 0.0823695 0.0881144 0.00855271
2 0.515876 0.0183927 0.0371128 0.0363035 0.0085503
2 0.341434 0.0573567 0.0709403 0.0272616 0.00846895
5 0.357489 0.0374764 0.0963716 0.0576741 0.00843968
0 0.834672 0.212507 0.0202129 0.042409 0.00824773
2 0.831941 0.110845 0.0242611 0.0339494 0.00816513
0 0.0667602 0.0616037 0.0284108 0.0594485 0.00805852
13 0.0625335 0.112419 0.12468 0.0592457 0.00802226
79 0.89081 0.969775 0.0287193 0.0591633 0.00799617
6 0.20436 0.0752387 0.406606 0.133295 0.00795599
2 0.51456 0.0171394 0.0345165 0.0342788 0.00794374
2 0.0618587 0.108782 0.123475 0.0452931 0.00786239
0 0.0392081 0.0991526 0.027764 0.0340023 0.00785116
2 0.285391 0.0645231 0.0575708 0.0188447 0.00774257
0 0.0476256 0.0985984 0.0409843 0.0327411 0.00752325
7 0.0413316 0.0705229 0.0824193 0.081406 0.0074863
7 0.822294 0.0698986 0.0572016 0.0358265 0.00740071
5 0.919763 0.0856855 0.0252586 0.0388483 0.00735687
2 0.533166 0.0178582 0.0721302 0.0357164 0.00735389
2 0.164036 0.089253 0.0847217 0.0272286 0.00727098
5 0.882464 0.0679578 0.0651838 0.0894975 0.00727072
