2 0.487782 0.269116 0.0578787 0.059858 0.776166
2 0.111968 0.519354 0.151037 0.129868 0.750425
2 0.112495 0.519372 0.151149 0.129626 0.74455
2 0.487921 0.268917 0.0582495 0.0600266 0.733231
2 0.488149 0.269922 0.0575827 0.0603336 0.732114
2 0.344018 0.42282 0.101795 0.103175 0.727999
2 0.111658 0.51957 0.151587 0.129515 0.724316
2 0.112104 0.519457 0.151207 0.129833 0.722078
2 0.11106 0.518818 0.150743 0.12929 0.716345
2 0.344514 0.423041 0.103067 0.103931 0.714954
2 0.111904 0.519371 0.150524 0.128964 0.703794
2 0.111419 0.51902 0.150386 0.130029 0.69912
2 0.344045 0.42268 0.102274 0.103265 0.689502
2 0.488005 0.269412 0.0579298 0.0598631 0.689061
2 0.343863 0.422933 0.101382 0.104095 0.688156
2 0.487675 0.269043 0.0593082 0.0607252 0.6801
2 0.487879 0.269295 0.0569922 0.0608541 0.67875
2 0.344002 0.422186 0.101212 0.103626 0.669283
2 0.710315 0.189143 0.0343038 0.0379333 0.666227
2 0.739968 0.143939 0.0266478 0.0278604 0.665681
2 0.344467 0.422797 0.103301 0.103725 0.661244
2 0.112061 0.519346 0.150521 0.128899 0.638615
2 0.576841 0.256075 0.0548065 0.0564354 0.624425
2 0.344332 0.422505 0.102523 0.103859 0.618414
2 0.577162 0.255436 0.0550154 0.0565523 0.612843
2 0.112053 0.518956 0.150453 0.131656 0.610767
2 0.488112 0.269637 0.0573856 0.0612763 0.609305
2 0.57729 0.255508 0.0552656 0.0566198 0.604862
2 0.487588 0.269425 0.0580587 0.0611541 0.598802
2 0.57708 0.256021 0.054286 0.0562099 0.594442
2 0.649406 0.177802 0.0332248 0.0349588 0.586836
2 0.853641 0.136906 0.021521 0.0273042 0.572216
2 0.344453 0.422326 0.102718 0.103894 0.571543
2 0.975602 0.29583 0.0435045 0.0621095 0.561861
2 0.650364 0.176665 0.0349013 0.0354467 0.560436
2 0.739603 0.143994 0.0266916 0.0276336 0.550474
2 0.577409 0.255695 0.0553138 0.0569869 0.543943
2 0.976325 0.296372 0.0467976 0.0625591 0.540699
2 0.921987 0.190532 0.0297855 0.0437662 0.533984
2 0.710026 0.189741 0.0339388 0.036992 0.531047
2 0.739637 0.144171 0.0270727 0.0278396 0.529543
2 0.576807 0.255557 0.0552792 0.0557291 0.524722
2 0.739669 0.143585 0.0277821 0.0288086 0.52133
2 0.921941 0.190428 0.0300238 0.043411 0.521127
2 0.65015 0.176795 0.0339522 0.0352219 0.519168
2 0.577424 0.256011 0.0555537 0.057347 0.517982
2 0.97635 0.295918 0.0457233 0.0619244 0.516738
2 0.649039 0.177669 0.0329638 0.0336305 0.516075
2 0.576776 0.254569 0.0551918 0.0536997 0.511738
2 0.975352 0.29569 0.0434807 0.0610708 0.510342
2 0.892205 0.137377 0.0225201 0.0266533 0.50301
2 0.588368 0.552097 0.119179 0.150016 0.501506
2 0.710774 0.188414 0.034042 0.0384851 0.497043
2 0.976439 0.29616 0.0467117 0.0616653 0.496062
2 0.85382 0.136078 0.0226616 0.0288083 0.495411
2 0.921803 0.190113 0.0298103 0.0432481 0.486279
2 0.649672 0.177205 0.0334727 0.0339389 0.47928
2 0.739628 0.144154 0.0264759 0.0278852 0.478067
2 0.710732 0.188853 0.0349492 0.0378434 0.477214
2 0.976141 0.295631 0.0461782 0.0619425 0.469686
2 0.588407 0.552454 0.119724 0.148407 0.468982
2 0.976329 0.295665 0.0458424 0.0613994 0.463139
2 0.782233 0.0958368 0.0193512 0.0311955 0.458669
2 0.740055 0.143567 0.0257343 0.0289981 0.458065
2 0.780729 0.0965341 0.0168931 0.0302754 0.456673
2 0.578247 0.256309 0.0570684 0.0561344 0.454318
2 0.649761 0.17713 0.0331208 0.0345452 0.451685
2 0.588146 0.551442 0.119048 0.149659 0.45034
2 0.921807 0.189912 0.0293232 0.0426563 0.439735
2 0.975093 0.295735 0.0434208 0.0616522 0.439484
2 0.768251 0.850746 0.1605 0.297553 0.438604
5 0.587836 0.551512 0.119469 0.149806 0.432884
2 0.922444 0.189981 0.0300365 0.0432311 0.430367
2 0.588306 0.551878 0.118974 0.14923 0.424426
2 0.922217 0.189639 0.0297239 0.043012 0.42288
2 0.587964 0.55145 0.117933 0.148586 0.415989
2 0.892707 0.137007 0.0223173 0.0272062 0.398198
2 0.588116 0.551328 0.119275 0.14987 0.393974
2 0.648945 0.178076 0.0323601 0.0336864 0.392462
2 0.580027 0.299743 0.0651255 0.0646494 0.387417
2 0.588258 0.551851 0.119221 0.150124 0.3837
2 0.768216 0.849389 0.159823 0.300042 0.375438
2 0.710402 0.189104 0.0340218 0.0374599 0.3738
2 0.0825807 0.0951163 0.0778161 0.0331775 0.373156
2 0.588491 0.551929 0.119203 0.149528 0.370188
2 0.739449 0.14345 0.027371 0.0285503 0.3513
2 0.70967 0.190338 0.034144 0.0382342 0.349328
2 0.694215 0.170405 0.0335541 0.0364568 0.349026
2 0.649733 0.177566 0.0330364 0.0347378 0.342907
2 0.58084 0.299302 0.0659199 0.0651267 0.341321
2 0.0788933 0.0954299 0.0848109 0.0337811 0.336657
2 0.112455 0.51976 0.15019 0.128145 0.325771
2 0.768427 0.85078 0.15927 0.297878 0.32219
2 0.588178 0.551903 0.119316 0.149795 0.319715
2 0.57955 0.299909 0.0624067 0.0649863 0.31649
2 0.768587 0.851016 0.159165 0.296916 0.313436
2 0.581021 0.300071 0.0649484 0.0640638 0.310197
2 0.580339 0.3 0.0645435 0.0645233 0.30745
2 0.853426 0.136861 0.022263 0.0282294 0.300338
2 0.580515 0.30019 0.0638577 0.0664426 0.293468
2 0.0848006 0.0939444 0.0733547 0.0309285 0.280801
2 0.693887 0.177187 0.0321047 0.0235947 0.277097
2 0.693923 0.173349 0.0300155 0.0301772 0.276121
2 0.922553 0.190728 0.0286278 0.0426127 0.274876
2 0.694436 0.170436 0.0329016 0.0378116 0.270544
2 0.768662 0.850765 0.159018 0.297995 0.267838
2 0.579974 0.300525 0.0652884 0.0652674 0.267735
2 0.76876 0.850944 0.159332 0.297024 0.267714
2 0.768603 0.851216 0.159339 0.296566 0.263475
2 0.900797 0.254238 0.0426863 0.063405 0.261348
2 0.853533 0.135076 0.0240217 0.0298246 0.251112
2 0.577644 0.256083 0.0567344 0.0560577 0.243767
2 0.69419 0.170722 0.02899 0.0340466 0.24353
2 0.580624 0.300602 0.0640213 0.066882 0.24223
2 0.853479 0.135761 0.0226856 0.0298053 0.227397
2 0.768865 0.850934 0.159062 0.297054 0.224201
2 0.976733 0.295945 0.0446524 0.0606704 0.223124
2 0.580687 0.299807 0.0643845 0.0645427 0.219184
7 0.900957 0.254586 0.0429121 0.0647771 0.211999
2 0.332733 0.0540781 0.0440035 0.0236035 0.196197
2 0.111645 0.520594 0.148177 0.127544 0.196052
2 0.893212 0.136081 0.024745 0.0284571 0.196007
7 0.900607 0.254905 0.0428545 0.0642424 0.192288
2 0.332965 0.0539284 0.0436618 0.0240433 0.186958
2 0.0781175 0.0939602 0.0871481 0.0335152 0.183481
2 0.901021 0.255537 0.0432468 0.0657464 0.181364
2 0.829991 0.100944 0.0207994 0.021831 0.180821
2 0.0708136 0.096741 0.102403 0.037324 0.1808
2 0.976082 0.295934 0.0457224 0.0623705 0.177105
2 0.901345 0.252465 0.042672 0.0613177 0.175495
2 0.0793857 0.0964293 0.0844722 0.0360749 0.174178
2 0.0774066 0.0961047 0.0888228 0.0383917 0.173605
2 0.332481 0.0546292 0.0492492 0.0236337 0.173211
2 0.709831 0.189406 0.0354277 0.0390618 0.162808
2 0.879412 0.110204 0.0184265 0.0210565 0.160083
2 0.69404 0.169848 0.0349802 0.0378286 0.151271
2 0.580909 0.299034 0.0631371 0.062609 0.149953
2 0.768782 0.850845 0.159262 0.297732 0.147571
2 0.0834464 0.0917588 0.0744704 0.0289576 0.147081
2 0.976736 0.295701 0.0451149 0.0639175 0.145821
2 0.784256 0.0953543 0.0261683 0.0321698 0.140161
2 0.0772171 0.0952678 0.0835142 0.0335395 0.140048
2 0.769062 0.851029 0.160124 0.297353 0.139015
2 0.90156 0.249844 0.0429401 0.0595934 0.138585
0 0.533453 0.0236365 0.0161707 0.0220202 0.13139
2 0.415632 0.0404008 0.0319818 0.0205948 0.129163
2 0.694785 0.169245 0.0343878 0.0347421 0.129
2 0.0737871 0.0966856 0.0941935 0.0399083 0.12489
2 0.901486 0.252042 0.0426163 0.0598947 0.124797
0 0.533489 0.024337 0.0164549 0.0205556 0.123873
2 0.78363 0.0954653 0.0242172 0.0325677 0.120418
2 0.650219 0.17561 0.0343294 0.0376583 0.120037
2 0.891924 0.137412 0.0236422 0.0267087 0.118877
2 0.909726 0.105855 0.0183685 0.0244781 0.116505
2 0.789107 0.0953345 0.034058 0.0321426 0.112807
2 0.830532 0.0984882 0.0229565 0.0264816 0.108932
2 0.0742171 0.0939271 0.0939448 0.0337959 0.10832
2 0.447015 0.0377958 0.0249802 0.0195806 0.106367
2 0.922494 0.189317 0.0300953 0.0429981 0.105966
2 0.901546 0.252723 0.0433937 0.0620762 0.103679
2 0.788187 0.0949226 0.0328766 0.0319 0.102397
2 0.0750986 0.552277 0.0724954 0.0611713 0.0990172
2 0.652521 0.176131 0.0394581 0.0364552 0.0956618
2 0.415437 0.0409279 0.0318559 0.0219163 0.0914553
2 0.0659743 0.0971572 0.108655 0.0390636 0.0910073
2 0.344634 0.423334 0.102052 0.103685 0.0905379
2 0.695865 0.169966 0.0364119 0.0384447 0.0895345
2 0.652387 0.17653 0.0386145 0.0365632 0.0890745
2 0.910237 0.105969 0.0197147 0.0265241 0.086985
2 0.0756035 0.551845 0.0719118 0.0617587 0.0842197
2 0.447558 0.0369486 0.0249685 0.0196416 0.0833935
2 0.0858682 0.096861 0.0718774 0.0357142 0.0784061
2 0.651026 0.175211 0.0352465 0.0373246 0.0783573
2 0.0613619 0.102141 0.121286 0.050458 0.0770642
2 0.271594 0.0643282 0.0281034 0.0150732 0.0768001
2 0.709329 0.185885 0.0410297 0.0423084 0.0754095
5 0.910474 0.105877 0.0195471 0.0252717 0.0731783
2 0.0105499 0.100389 0.0210088 0.0321967 0.0718446
2 0.789564 0.0946748 0.035568 0.0335086 0.0717954
2 0.487777 0.269044 0.0584122 0.0609119 0.067643
2 0.696737 0.177271 0.0324518 0.0291138 0.067601
2 0.713255 0.189222 0.0406095 0.0418132 0.0668348
2 0.447427 0.037174 0.0252907 0.0199891 0.0657685
2 0.0761805 0.555277 0.0683861 0.0555183 0.0657201
2 0.0099919 0.100619 0.0199405 0.0310393 0.0654603
2 0.920426 0.18963 0.0336876 0.0438368 0.0634952
2 0.812346 0.0908593 0.0186094 0.0269535 0.0624494
2 0.487972 0.269343 0.056008 0.0610644 0.0607415
2 0.0611131 0.102996 0.121587 0.0507218 0.060311
2 0.576884 0.256237 0.0551552 0.0549878 0.0597982
2 0.0749472 0.547251 0.0739962 0.0724813 0.0596265
2 0.922499 0.189611 0.0301941 0.0437777 0.0585677
2 0.923773 0.190932 0.0320595 0.0427072 0.0565399
2 0.447258 0.0374061 0.0253532 0.0195294 0.0545201
2 0.901264 0.250611 0.0418602 0.0566394 0.0545178
2 0.579912 0.300667 0.0628244 0.067206 0.0544524
2 0.692166 0.170564 0.0393214 0.0397054 0.0523496
2 0.0762092 0.553692 0.069222 0.0577593 0.0513632
2 0.812644 0.0887971 0.020425 0.029164 0.0513611
2 0.812598 0.0888995 0.020257 0.029101 0.0508196
2 0.4272 0.040572 0.056545 0.0230394 0.0494154
2 0.854318 0.132182 0.0248583 0.036536 0.0476808
2 0.812795 0.0909732 0.017305 0.024937 0.0467114
2 0.708527 0.192178 0.0335847 0.0378391 0.0455142
2 0.0754506 0.555481 0.0702064 0.0552387 0.044408
2 0.0608225 0.103371 0.121264 0.0504596 0.0433713
2 0.0881841 0.0958609 0.06756 0.0354475 0.0424743
2 0.344189 0.42202 0.101155 0.102417 0.0419243
2 0.272064 0.0648643 0.0276059 0.0158144 0.0418311
7 0.0601013 0.0754329 0.119771 0.0934901 0.0391898
2 0.813614 0.0913314 0.0191975 0.0309599 0.0375797
9 0.832108 0.0681643 0.014642 0.0233103 0.0371245
0 0.533121 0.0284139 0.0208836 0.0275931 0.0365965
2 0.076959 0.556322 0.0660631 0.0522731 0.03492
2 0.901175 0.256104 0.043219 0.0656513 0.0344286
2 0.487709 0.270574 0.0562495 0.0587687 0.0341372
2 0.910244 0.105568 0.019751 0.0259274 0.0332359
2 0.0608856 0.0991566 0.11991 0.044244 0.033043
7 0.414629 0.0249943 0.0976979 0.0499887 0.0324449
2 0.837479 0.101013 0.0336731 0.0244823 0.0324291
2 0.709165 0.190225 0.0356134 0.0390299 0.0318424
7 0.0490804 0.0758485 0.0979631 0.0925294 0.0314783
2 0.0608128 0.0812682 0.121264 0.0848977 0.0313086
2 0.910372 0.105649 0.0205679 0.0272116 0.030568
2 0.891477 0.136773 0.0245596 0.026355 0.0284563
5 0.414201 0.0253415 0.0982623 0.050683 0.0284186
7 0.413234 0.0254915 0.0984221 0.0509829 0.0279854
2 0.648271 0.178929 0.0359674 0.0330875 0.0274026
0 0.0650285 0.0558948 0.0285986 0.0595587 0.0273446
2 0.878601 0.111234 0.0189764 0.0210848 0.0267091
7 0.0605782 0.0757779 0.120851 0.0963112 0.0265658
2 0.57699 0.253853 0.0547096 0.0530561 0.0261561
7 0.0599094 0.073571 0.119513 0.0930686 0.0257263
7 0.344534 0.422906 0.102928 0.104443 0.0256906
2 0.0641252 0.10182 0.115046 0.0503195 0.0256031
2 0.650582 0.17283 0.0359428 0.043559 0.0238646
2 0.157827 0.0859022 0.0472391 0.0153378 0.0237632
2 0.271579 0.0632201 0.0281526 0.0165257 0.0234822
5 0.413684 0.025989 0.0990377 0.051978 0.0234459
2 0.650029 0.173036 0.0347008 0.0423402 0.0226979
2 0.326473 0.0545266 0.0600005 0.0258805 0.0225989
0 0.0550476 0.0683288 0.056148 0.0860878 0.0222945
2 0.060407 0.103218 0.120511 0.047356 0.0219522
0 0.0660128 0.0552785 0.0293525 0.0616846 0.0214497
0 0.535065 0.0238815 0.0211268 0.0216363 0.0210827
2 0.347755 0.0561218 0.0846612 0.0282154 0.021051
2 0.271785 0.0631787 0.0279289 0.0173514 0.020854
2 0.333094 0.0490388 0.0545062 0.03402 0.0208061
2 0.0764033 0.55407 0.0700714 0.0569128 0.0207777
2 0.064953 0.0981463 0.108636 0.0421732 0.0202618
2 0.0613558 0.0999299 0.121795 0.0470843 0.0198288
2 0.577943 0.255929 0.057037 0.057943 0.0196516
2 0.264314 0.0659023 0.0424487 0.0160301 0.0196464
2 0.488046 0.269576 0.0584286 0.0606589 0.0192736
2 0.927061 0.191327 0.0396263 0.0468903 0.0189693
0 0.0111723 0.100864 0.0222144 0.0365206 0.0189194
0 0.131687 0.0823516 0.0163527 0.0220818 0.0187818
0 0.0663331 0.0542234 0.0282352 0.0589356 0.0186417
7 0.0597052 0.0785279 0.11941 0.104042 0.0185575
2 0.920995 0.189605 0.0329073 0.0438087 0.0184974
2 0.332203 0.0527473 0.0465609 0.0257204 0.0182153
2 0.834002 0.0973972 0.0301491 0.0293938 0.0181356
2 0.577215 0.254098 0.0538801 0.0539836 0.0179433
2 0.162672 0.085723 0.0596862 0.0143667 0.0177556
2 0.0608608 0.103841 0.121722 0.0541827 0.0177348
2 0.571795 0.302514 0.0484004 0.0589938 0.0175173
2 0.584541 0.281543 0.0539897 0.0281173 0.0173513
2 0.0740352 0.546803 0.0725483 0.0741398 0.0170825
0 0.00949527 0.0920835 0.0189827 0.0479042 0.0168735
2 0.583669 0.281789 0.0570528 0.0292632 0.0165681
0 0.535382 0.0256596 0.0215687 0.0201634 0.0163979
2 0.0104815 0.105048 0.0209151 0.0405306 0.0163152
2 0.487838 0.270409 0.0569612 0.0585985 0.0158801
0 0.0650924 0.0541189 0.0255856 0.0546525 0.0158324
2 0.920895 0.190266 0.0334126 0.0448468 0.0151466
2 0.330615 0.0560438 0.0637606 0.0261926 0.0149786
2 0.0111373 0.100295 0.0218013 0.0315969 0.0149701
2 0.55989 0.268553 0.0189701 0.0320797 0.0148093
2 0.0736403 0.0950655 0.0831789 0.0340997 0.0143545
0 0.0358982 0.0954118 0.024401 0.0331948 0.0142128
5 0.384848 0.029247 0.15726 0.0584939 0.0139531
5 0.385536 0.0315245 0.153678 0.0630489 0.0139074
7 0.417583 0.024282 0.0913639 0.048564 0.0137833
2 0.270423 0.0624214 0.034994 0.0176499 0.0137091
2 0.327668 0.0568653 0.0637313 0.0286039 0.0135453
2 0.852378 0.132464 0.024559 0.0351856 0.0134586
2 0.976081 0.295892 0.0456333 0.0626024 0.0134118
2 0.577305 0.307957 0.0580736 0.0428995 0.0132662
7 0.901941 0.249229 0.0431889 0.0600625 0.0128243
2 0.332036 0.0525734 0.0501516 0.0260662 0.0127853
12 0.768146 0.850245 0.158152 0.299509 0.0127722
7 0.414811 0.0261287 0.0952987 0.0519466 0.0127207
2 0.794972 0.286481 0.0261293 0.0388178 0.0126358
2 0.835765 0.130218 0.021711 0.0263415 0.0126177
7 0.414456 0.0260711 0.0944546 0.0508322 0.0122139
2 0.712922 0.18923 0.0402175 0.0415987 0.0122013
2 0.0712878 0.100739 0.100466 0.0464563 0.0122006
5 0.38526 0.0316402 0.155459 0.0625594 0.0121629
2 0.322803 0.057194 0.06701 0.0282339 0.0119219
2 0.994849 0.320056 0.00947533 0.0462285 0.0118926
