5 0.828359 0.365272 0.256745 0.282007 0.932769
5 0.828326 0.364724 0.255439 0.283235 0.913854
5 0.828469 0.364687 0.256889 0.28244 0.912993
5 0.828485 0.364952 0.256045 0.282847 0.894916
5 0.828512 0.36477 0.257157 0.28371 0.885548
5 0.828022 0.364332 0.256398 0.283973 0.876096
5 0.828199 0.364918 0.255906 0.283406 0.872596
5 0.828577 0.364597 0.25665 0.283126 0.856035
5 0.828224 0.364558 0.256941 0.284658 0.822396
5 0.803439 0.221567 0.155343 0.122007 0.782946
5 0.803682 0.221121 0.156215 0.121546 0.776153
5 0.829135 0.365083 0.256598 0.28394 0.766254
5 0.802948 0.221708 0.157055 0.124224 0.741542
5 0.804926 0.221311 0.156597 0.118901 0.738864
5 0.804515 0.220793 0.156739 0.119673 0.704188
5 0.803986 0.220154 0.155215 0.118513 0.685372
2 0.0619724 0.417807 0.0882632 0.0906933 0.643112
2 0.0620332 0.417886 0.0879579 0.0904747 0.64013
2 0.0619631 0.417761 0.0884234 0.0905739 0.634705
2 0.0617427 0.417936 0.0881805 0.0904495 0.614069
2 0.0619429 0.417708 0.0888095 0.0908309 0.605827
2 0.689238 0.0986694 0.021002 0.0243254 0.581892
2 0.062156 0.417714 0.0884192 0.0904882 0.576452
5 0.802967 0.222083 0.156066 0.121382 0.57641
2 0.200976 0.289685 0.0610005 0.0687014 0.559809
5 0.804415 0.221114 0.156774 0.119152 0.551608
2 0.200812 0.290431 0.0615759 0.0690537 0.54021
2 0.0616323 0.417797 0.0878248 0.0903439 0.538225
2 0.326864 0.199204 0.0427334 0.0505453 0.527294
2 0.201126 0.289592 0.06133 0.0692888 0.522446
2 0.200844 0.289541 0.061362 0.0695744 0.516966
2 0.201262 0.290022 0.0619378 0.0691564 0.514541
2 0.0620003 0.417772 0.0875384 0.0902823 0.513729
2 0.326837 0.199101 0.0424207 0.0502435 0.512837
0 0.0540847 0.309976 0.01447 0.0585038 0.509262
2 0.200591 0.289948 0.0610304 0.068127 0.508259
0 0.0539256 0.309424 0.0148129 0.0581476 0.493389
2 0.592622 0.125681 0.0245989 0.0380909 0.487372
5 0.348421 0.303992 0.0503818 0.0931968 0.486458
2 0.326684 0.199403 0.0425063 0.0492047 0.485388
2 0.326843 0.199237 0.0430471 0.0498873 0.483592
2 0.0613792 0.417567 0.0872235 0.0893979 0.480332
5 0.803336 0.220457 0.154511 0.119736 0.47845
2 0.464855 0.0895744 0.0214748 0.0209076 0.463672
0 0.961404 0.241923 0.016925 0.0530111 0.458478
2 0.326605 0.199096 0.0424682 0.0492019 0.455281
0 0.961597 0.241251 0.0150394 0.0508875 0.455266
0 0.961068 0.242439 0.01773 0.0534378 0.451367
2 0.326793 0.199915 0.0429784 0.0495045 0.444049
2 0.0621583 0.417746 0.0878004 0.0925653 0.443864
2 0.20042 0.289671 0.0611508 0.0693257 0.441892
2 0.326706 0.199789 0.0434505 0.0482217 0.430269
2 0.688912 0.0998022 0.0203712 0.0226205 0.428769
2 0.436405 0.0913901 0.0179398 0.0180215 0.427228
5 0.804849 0.220836 0.158042 0.118594 0.422768
0 0.0539124 0.311859 0.0150364 0.0569292 0.422601
2 0.2007 0.291022 0.0611925 0.0689841 0.408582
7 0.938939 0.160874 0.041663 0.0465889 0.379072
2 0.460476 0.148414 0.0283089 0.0362862 0.374434
5 0.348685 0.303917 0.0503335 0.0946881 0.373966
7 0.938654 0.16046 0.0417816 0.0468701 0.373353
2 0.460163 0.148317 0.0288235 0.0366884 0.373231
2 0.20126 0.29004 0.0609776 0.068481 0.372317
2 0.460007 0.148004 0.0297369 0.0338482 0.371473
2 0.460216 0.149063 0.0274744 0.0359141 0.361786
0 0.154537 0.217758 0.012151 0.0363735 0.354896
2 0.546501 0.14153 0.0260471 0.0330328 0.354567
0 0.935187 0.236601 0.0160852 0.0496197 0.350462
2 0.201726 0.2878 0.0606153 0.0646536 0.349407
2 0.437082 0.0911713 0.0191405 0.0205614 0.34632
2 0.592602 0.127144 0.0242836 0.0349986 0.33992
2 0.59232 0.12527 0.0257906 0.0376063 0.339589
0 0.960796 0.241278 0.0162048 0.0511808 0.328698
0 0.934775 0.23787 0.0161631 0.0485993 0.322414
0 0.0535147 0.30874 0.0148224 0.0571259 0.319797
0 0.961029 0.241741 0.017355 0.0520226 0.316978
2 0.32678 0.199347 0.0425787 0.0490007 0.315747
7 0.348652 0.303965 0.0503 0.0946268 0.312557
0 0.154351 0.216431 0.0141176 0.0370417 0.305606
2 0.460257 0.148909 0.0279453 0.0364109 0.296801
2 0.464655 0.0880369 0.0232128 0.023449 0.280073
0 0.935271 0.237322 0.0160393 0.048823 0.279511
2 0.46026 0.147933 0.0290768 0.0345796 0.277912
7 0.938523 0.1606 0.0414482 0.0463918 0.274209
7 0.348456 0.304019 0.0505384 0.0946745 0.273203
2 0.715402 0.15429 0.0252365 0.0255044 0.268582
5 0.348482 0.304198 0.0504692 0.0949807 0.268547
2 0.326657 0.199846 0.0425192 0.0482741 0.268369
2 0.545642 0.1423 0.0259979 0.0328418 0.268162
7 0.938692 0.160799 0.0420156 0.0467784 0.268056
7 0.938605 0.1608 0.041312 0.0473997 0.266243
0 0.961871 0.242288 0.0184233 0.0532187 0.264639
2 0.545239 0.14278 0.026445 0.0319131 0.261523
0 0.980859 0.166565 0.0148026 0.041003 0.25862
0 0.961421 0.242333 0.0194145 0.053362 0.257883
0 0.961678 0.239862 0.0162731 0.0484944 0.254655
7 0.938878 0.16041 0.0417332 0.0467734 0.249812
7 0.938774 0.159903 0.0414522 0.0467851 0.247743
7 0.34813 0.30452 0.0504811 0.0956503 0.245552
5 0.347916 0.304327 0.0503942 0.0937614 0.243208
0 0.934395 0.235239 0.0154057 0.0478743 0.242096
2 0.200653 0.291255 0.0610239 0.0677445 0.239662
2 0.546282 0.142355 0.0256455 0.0322353 0.236606
5 0.590556 0.0752395 0.0263992 0.0358251 0.227085
2 0.714927 0.153585 0.025443 0.0271164 0.226562
0 0.93527 0.240564 0.0155281 0.0428662 0.222467
2 0.200789 0.289659 0.0611937 0.0680472 0.213321
2 0.326489 0.199342 0.0438383 0.0486108 0.208935
0 0.153801 0.218979 0.0132911 0.036357 0.206521
2 0.464368 0.0893648 0.0241539 0.0217335 0.204248
2 0.436868 0.089779 0.0203918 0.0226254 0.200931
0 0.961965 0.24205 0.0176117 0.0524532 0.20074
2 0.715132 0.14822 0.0254917 0.0370908 0.199984
2 0.688454 0.100688 0.0230125 0.0238487 0.193958
7 0.347917 0.304026 0.050306 0.0949313 0.187219
0 0.93625 0.23969 0.0183449 0.0507427 0.186689
2 0.592042 0.127594 0.0250944 0.0346636 0.186166
5 0.801481 0.22184 0.160192 0.124949 0.185603
7 0.34824 0.304073 0.0496855 0.0948413 0.184743
0 0.994087 0.263841 0.0111568 0.0691263 0.181236
0 0.935877 0.236456 0.0189072 0.0495623 0.175165
2 0.592301 0.128966 0.0241877 0.0334075 0.17131
2 0.546552 0.140919 0.0255156 0.0330832 0.170189
2 0.591638 0.126775 0.0238113 0.0374327 0.168792
0 0.993957 0.257502 0.0113152 0.079542 0.168054
0 0.978653 0.232352 0.0145489 0.0426079 0.159082
2 0.436595 0.0897641 0.0208952 0.0219335 0.157001
2 0.688692 0.0991068 0.0230307 0.0263199 0.151404
0 0.99472 0.235191 0.0097847 0.0407933 0.149438
2 0.326526 0.199184 0.0434769 0.0498228 0.145837
5 0.265741 0.120737 0.0246294 0.0353054 0.14494
0 0.980548 0.160399 0.0142063 0.028967 0.142268
0 0.936358 0.23982 0.0187305 0.0451806 0.140954
5 0.348935 0.302696 0.04886 0.0910058 0.138996
0 0.0211722 0.245062 0.0136369 0.0366013 0.137784
2 0.561 0.116781 0.0212246 0.0295673 0.136178
7 0.938359 0.160217 0.0420177 0.0471935 0.134882
2 0.560254 0.117444 0.0198696 0.0329127 0.130451
0 0.994391 0.27004 0.0104717 0.058383 0.128545
2 0.884762 0.225076 0.0253082 0.0344199 0.125602
0 0.994686 0.232121 0.00991478 0.0376719 0.123913
2 0.714723 0.149286 0.0264133 0.0345836 0.115253
2 0.061383 0.418803 0.0852617 0.0869719 0.115219
2 0.561013 0.118328 0.0210627 0.0328162 0.114894
0 0.936049 0.237509 0.0182003 0.0481039 0.11428
2 0.544734 0.142182 0.0284221 0.0333648 0.1137
0 0.978799 0.233907 0.0153687 0.0401284 0.111973
0 0.98018 0.168127 0.0120255 0.0376659 0.108244
2 0.66445 0.102032 0.0193594 0.0251573 0.104405
2 0.265443 0.121241 0.0240928 0.0354114 0.103845
5 0.266096 0.121258 0.0246921 0.0366938 0.103697
2 0.463923 0.0890259 0.022369 0.0193537 0.103419
0 0.0218518 0.2485 0.0155947 0.0419765 0.103247
0 0.936154 0.236552 0.0196047 0.0514122 0.102005
0 0.978703 0.228908 0.0151302 0.052567 0.0989538
2 0.437113 0.0909775 0.0186797 0.0193965 0.0977878
2 0.264888 0.121665 0.0243875 0.0348106 0.0946941
0 0.993987 0.252217 0.0110931 0.0757174 0.0933497
2 0.544343 0.141741 0.0317992 0.0348792 0.0928508
5 0.591935 0.0600768 0.0237183 0.0307593 0.0918306
2 0.591307 0.125618 0.0241917 0.0415745 0.090186
7 0.348511 0.304332 0.0503309 0.0951016 0.0900103
0 0.890863 0.231655 0.015447 0.0321537 0.0850102
0 0.962173 0.239889 0.0173588 0.0488082 0.0838484
2 0.464633 0.0886811 0.0233073 0.0224039 0.0833031
5 0.802806 0.222951 0.156902 0.125243 0.0811829
2 0.191293 0.293695 0.0423455 0.063332 0.0798374
2 0.590344 0.0809997 0.0252699 0.0256359 0.0798125
2 0.221102 0.155259 0.0287296 0.0275383 0.0793677
2 0.560793 0.117356 0.0223322 0.0344274 0.077863
5 0.222233 0.149854 0.0298356 0.036993 0.0770551
2 0.560174 0.116493 0.0194145 0.0330229 0.0763139
0 0.805699 0.36202 0.0182844 0.0244943 0.0754581
2 0.550768 0.133451 0.0293856 0.0215916 0.0742349
0 0.894417 0.192993 0.011138 0.0323407 0.0738513
2 0.204741 0.283788 0.0561727 0.0575532 0.0737648
2 0.664929 0.102699 0.0186414 0.0240193 0.0733583
0 0.890376 0.231719 0.0169504 0.033674 0.0726289
2 0.592082 0.122043 0.0247026 0.0391619 0.0721194
0 0.0553307 0.30929 0.0170935 0.0604328 0.0717149
2 0.716071 0.148562 0.0266876 0.0386764 0.0712575
2 0.201071 0.289977 0.0614158 0.0694621 0.0700412
0 0.806378 0.364185 0.0206452 0.0267529 0.0699324
2 0.716118 0.149104 0.0258379 0.0351922 0.0692989
0 0.0536723 0.307265 0.0151707 0.0572593 0.0690191
0 0.994333 0.271949 0.0106215 0.0557559 0.0689806
5 0.590648 0.0718429 0.0263541 0.0416248 0.0678721
0 0.781838 0.142484 0.0109255 0.0239489 0.0660288
2 0.266239 0.12016 0.0261417 0.0365878 0.0645637
5 0.744131 0.0417935 0.0706499 0.0823525 0.0642483
0 0.933748 0.236004 0.0202702 0.0527394 0.0638262
2 0.459725 0.148118 0.0300268 0.0376198 0.0636668
2 0.544026 0.142601 0.0318989 0.0340739 0.0628769
2 0.459648 0.14791 0.0297592 0.0364839 0.0626003
5 0.59086 0.0777874 0.0250344 0.0299287 0.0622474
2 0.880339 0.211274 0.0268528 0.0225118 0.0621933
5 0.219737 0.148661 0.0346316 0.0407401 0.0613688
0 0.894598 0.190101 0.0127731 0.0367685 0.060181
0 0.632543 0.0916109 0.00916472 0.0155889 0.0599098
2 0.539629 0.0746287 0.0189593 0.020153 0.0594168
5 0.266678 0.121747 0.0249979 0.0366409 0.058592
2 0.362052 0.486384 0.0354189 0.0766255 0.0579183
0 0.99242 0.259017 0.0146652 0.0821082 0.0576201
5 0.589593 0.0674981 0.0281872 0.0444037 0.0566315
7 0.590245 0.0805923 0.0255497 0.0269253 0.0565834
2 0.102255 0.604847 0.0534702 0.0514652 0.0557002
2 0.101822 0.604603 0.054521 0.050625 0.0555089
5 0.264947 0.121119 0.0243537 0.0353909 0.0532975
5 0.745256 0.0420019 0.0670574 0.0828335 0.0521516
7 0.937864 0.160205 0.0433762 0.0459927 0.0508331
7 0.938133 0.160138 0.0427336 0.0471513 0.0498197
2 0.221373 0.150347 0.0308399 0.0369982 0.0495455
0 0.0207035 0.242781 0.0126911 0.031493 0.0493601
0 0.890949 0.230671 0.0159985 0.0335962 0.048908
5 0.632416 0.0525608 0.0384921 0.0279023 0.0488176
2 0.66458 0.10217 0.0198927 0.0263726 0.0486696
2 0.594124 0.126462 0.0269293 0.0385333 0.0484547
2 0.714983 0.146734 0.0266867 0.0392551 0.0468567
2 0.880265 0.220005 0.031395 0.0318686 0.0466333
0 0.902271 0.165629 0.0133307 0.0228109 0.0459267
5 0.590957 0.0696608 0.0259569 0.0469672 0.0456552
2 0.101919 0.603197 0.0525249 0.0483511 0.0447236
7 0.222865 0.148963 0.0304128 0.0385937 0.044139
0 0.821728 0.17907 0.010968 0.0298787 0.0438097
5 0.753221 0.0419347 0.0502945 0.0780355 0.0437712
2 0.362246 0.486243 0.0362264 0.076749 0.043724
5 0.753239 0.0425355 0.0518965 0.0739029 0.0429862
5 0.347871 0.303042 0.0500464 0.0961866 0.0429024
0 0.0518865 0.310034 0.0199108 0.06023 0.0420044
0 0.909118 0.406905 0.0259378 0.0420563 0.0413612
2 0.592194 0.128768 0.0252874 0.0336639 0.0412011
5 0.520428 0.0571073 0.021269 0.0373603 0.0404146
2 0.102901 0.605799 0.0551864 0.056239 0.0403758
2 0.888859 0.2318 0.0198101 0.0325316 0.0402498
2 0.539113 0.0729658 0.0181726 0.022401 0.0400515
0 0.978175 0.224535 0.0119465 0.048954 0.0397076
0 0.890489 0.232036 0.0166515 0.0329393 0.0386498
5 0.742951 0.0414905 0.073559 0.0828378 0.0383335
0 0.0238943 0.248995 0.017844 0.0379888 0.0380359
5 0.748583 0.0440076 0.060881 0.0865524 0.03784
5 0.746107 0.0416748 0.0720978 0.0833496 0.0370792
2 0.0446772 0.68431 0.0687017 0.0568407 0.0366645
0 0.720122 0.0491615 0.0152395 0.0345592 0.0363309
0 0.756355 0.121896 0.0136732 0.0136804 0.036266
0 0.227288 0.212258 0.0138181 0.0260918 0.03593
2 0.632307 0.0505593 0.0390544 0.0311226 0.0354173
5 0.667177 0.135262 0.0264652 0.0482777 0.0351956
2 0.287975 0.159271 0.0214168 0.0450124 0.0349812
5 0.753358 0.0553614 0.0493284 0.0513854 0.0349011
5 0.302338 0.0481094 0.0285775 0.0460782 0.0347432
0 0.888605 0.232673 0.0202381 0.0346905 0.0347201
2 0.101995 0.604396 0.0547471 0.0539549 0.0339731
0 0.220495 0.235702 0.00903463 0.029355 0.0338106
0 0.908998 0.408695 0.0267853 0.0420607 0.033797
5 0.74622 0.0427595 0.065399 0.084857 0.0336163
7 0.938087 0.160524 0.0412806 0.0477619 0.0334239
5 0.26619 0.120269 0.0265967 0.0357988 0.0330278
0 0.960121 0.243558 0.0178223 0.0535747 0.0330237
2 0.102893 0.60392 0.055232 0.0536709 0.0330001
2 0.544131 0.141057 0.0312159 0.0351138 0.0328488
2 0.289749 0.159074 0.024566 0.0454201 0.0327137
56 0.604466 0.958664 0.113488 0.0817072 0.0323319
2 0.275837 0.543195 0.015461 0.011541 0.0315367
2 0.290858 0.155987 0.0279863 0.0510447 0.0312015
2 0.585395 0.221787 0.0275998 0.0249009 0.0311679
56 0.604843 0.958651 0.114091 0.0820721 0.0306047
2 0.219613 0.158919 0.0308671 0.0228548 0.0304936
56 0.604987 0.95851 0.114902 0.0820206 0.0304855
5 0.520134 0.0541216 0.0217983 0.0348533 0.0299944
2 0.28894 0.158945 0.0245977 0.0449121 0.0297785
56 0.604528 0.958779 0.114001 0.0814457 0.029609
0 0.89756 0.170321 0.0141029 0.0217707 0.0296016
0 0.70877 0.336686 0.0116555 0.0335594 0.0294115
0 0.992243 0.265695 0.0149097 0.0691494 0.0292582
12 0.375912 0.856715 0.181662 0.285035 0.0292526
0 0.769083 0.399364 0.0158348 0.033263 0.029044
0 0.22749 0.210538 0.0131776 0.0248536 0.0287918
0 0.747182 0.121991 0.011775 0.0188172 0.0281773
0 0.682369 0.054498 0.0117427 0.0227826 0.0281413
56 0.60445 0.9587 0.113999 0.0815788 0.0280329
5 0.348374 0.302548 0.0480617 0.0905843 0.027994
2 0.0954641 0.602836 0.0681738 0.0537071 0.0278879
5 0.756508 0.0574073 0.0465285 0.0436517 0.0278447
2 0.0384616 0.687138 0.0602565 0.0575665 0.0277037
5 0.669738 0.134227 0.0223138 0.0459733 0.0276257
5 0.301725 0.0475204 0.0283283 0.0460719 0.0272508
2 0.072765 0.526792 0.0204359 0.0175203 0.0272233
0 0.903024 0.162968 0.0139473 0.0208822 0.0271417
56 0.60499 0.958698 0.115807 0.0819458 0.0271385
2 0.58618 0.221949 0.0265435 0.0252491 0.0271291
0 0.0234012 0.248118 0.0184131 0.037896 0.0270266
2 0.102186 0.602567 0.0520819 0.0478687 0.0268543
2 0.219298 0.15242 0.0341489 0.0350971 0.0267797
5 0.756087 0.0597353 0.0437965 0.0401657 0.0264029
5 0.626472 0.0642068 0.024967 0.0447993 0.0262748
0 0.908738 0.404404 0.0248028 0.04685 0.0261751
2 0.103063 0.603647 0.0503016 0.0491043 0.0261163
2 0.401042 0.224734 0.0178659 0.0201475 0.0259475
2 0.0427256 0.68655 0.0670145 0.0589505 0.0258902
2 0.100634 0.601993 0.051642 0.0467146 0.0255132
