5 0.734547 0.505818 0.257479 0.165735 0.906036
5 0.734339 0.506496 0.257372 0.16499 0.889662
5 0.734339 0.506171 0.258863 0.164897 0.877091
5 0.734412 0.506167 0.258253 0.163939 0.869693
5 0.73443 0.505622 0.258272 0.163151 0.866744
5 0.734566 0.505927 0.257515 0.166108 0.866193
5 0.734491 0.505555 0.258051 0.163916 0.860258
2 0.219484 0.644387 0.134104 0.109351 0.857589
5 0.734893 0.505738 0.259129 0.166029 0.855214
2 0.219527 0.644172 0.133946 0.108857 0.843804
2 0.218971 0.644252 0.13422 0.109756 0.82794
2 0.219528 0.644984 0.133747 0.109137 0.827456
5 0.734731 0.506401 0.257667 0.164443 0.814453
2 0.218797 0.643698 0.135295 0.109601 0.7935
2 0.219401 0.644932 0.133887 0.108954 0.793185
2 0.219279 0.645048 0.13354 0.108462 0.781618
2 0.218872 0.643964 0.134769 0.109361 0.780701
7 0.404661 0.58096 0.107416 0.112571 0.769801
2 0.219133 0.644364 0.134283 0.109683 0.766219
2 0.0957831 0.940504 0.191435 0.118101 0.765635
2 0.0957709 0.940712 0.19102 0.117782 0.75707
2 0.096194 0.940479 0.192336 0.11835 0.755632
7 0.404518 0.581197 0.107756 0.112781 0.746624
2 0.0963176 0.940399 0.192165 0.118309 0.73953
7 0.404153 0.580663 0.106687 0.111817 0.739124
2 0.219214 0.644471 0.134864 0.108759 0.736972
7 0.404258 0.580954 0.107348 0.112395 0.724811
7 0.404626 0.581057 0.107028 0.112143 0.703041
7 0.404236 0.580932 0.106483 0.112024 0.700889
2 0.0959199 0.940991 0.19184 0.117541 0.693827
7 0.404322 0.580993 0.106929 0.112114 0.690332
7 0.404174 0.58091 0.106201 0.112355 0.685008
2 0.0958094 0.940733 0.191619 0.118448 0.659562
2 0.0961185 0.940652 0.192237 0.1178 0.658168
2 0.589904 0.700749 0.12916 0.0939697 0.649738
7 0.404566 0.581089 0.106538 0.11241 0.648033
2 0.839649 0.778256 0.125308 0.114738 0.638441
2 0.589913 0.700823 0.129282 0.0946062 0.626326
2 0.545433 0.851278 0.174502 0.104139 0.613522
2 0.839568 0.777741 0.125724 0.115573 0.607169
2 0.589893 0.701314 0.12878 0.0949867 0.603294
2 0.545429 0.850753 0.175002 0.103665 0.601152
2 0.839443 0.778274 0.126133 0.114909 0.598815
2 0.839512 0.778454 0.125337 0.115116 0.587914
2 0.545826 0.851043 0.176148 0.104271 0.586872
2 0.545584 0.851017 0.174314 0.103694 0.585722
2 0.545259 0.851458 0.174794 0.105207 0.581172
2 0.839432 0.777804 0.125366 0.115453 0.569973
2 0.83913 0.778132 0.126327 0.116818 0.56771
2 0.589478 0.70125 0.128483 0.0950648 0.566749
2 0.84 0.778517 0.12527 0.115676 0.565726
2 0.0431861 0.499427 0.0752711 0.084236 0.558891
2 0.5457 0.851517 0.17507 0.105521 0.557508
2 0.0431254 0.49939 0.0754149 0.0832575 0.553367
2 0.589373 0.700906 0.128164 0.0944129 0.545404
2 0.839281 0.778781 0.125087 0.115605 0.544483
2 0.839265 0.778304 0.125787 0.115543 0.534081
2 0.589888 0.701371 0.127693 0.0961866 0.530872
2 0.544966 0.850851 0.175167 0.104439 0.529651
2 0.0959274 0.940119 0.191744 0.118813 0.519715
2 0.589963 0.701693 0.128374 0.0963875 0.517163
2 0.83937 0.778119 0.126018 0.11628 0.504267
2 0.545912 0.850149 0.174668 0.103909 0.501568
2 0.0423044 0.499313 0.0775046 0.0832741 0.499121
2 0.239047 0.487407 0.103033 0.0735379 0.495864
2 0.0423739 0.498913 0.0768456 0.0838957 0.491772
2 0.379557 0.811121 0.15991 0.14569 0.483538
2 0.0416085 0.498414 0.0788264 0.0849741 0.482293
2 0.590256 0.701833 0.129011 0.0955664 0.472152
2 0.380949 0.811881 0.161949 0.146093 0.466423
2 0.378649 0.811312 0.159067 0.147803 0.462224
2 0.238862 0.487536 0.103169 0.0740486 0.460809
2 0.379836 0.811812 0.162152 0.148509 0.451485
2 0.0429969 0.49886 0.0753866 0.0824291 0.435766
2 0.238635 0.487235 0.102883 0.0730497 0.4324
2 0.381025 0.81131 0.162425 0.144961 0.421051
2 0.137327 0.536248 0.0636997 0.0814592 0.420838
2 0.238645 0.48701 0.102564 0.07354 0.413828
2 0.0425841 0.499112 0.0773764 0.0838266 0.41021
0 0.396585 0.483978 0.0228617 0.0591566 0.407456
2 0.0415038 0.498608 0.0798075 0.0855262 0.406909
2 0.545731 0.858206 0.176098 0.117863 0.405234
0 0.396734 0.485183 0.0223757 0.0596745 0.403829
2 0.137143 0.538853 0.0624856 0.0763396 0.39997
2 0.136756 0.549223 0.060227 0.0556414 0.398932
7 0.238477 0.487268 0.1031 0.0738518 0.395574
7 0.238488 0.487852 0.103002 0.0742652 0.389755
0 0.397164 0.484958 0.0222456 0.0604696 0.380186
2 0.13787 0.535773 0.0644379 0.0812603 0.370324
2 0.042883 0.499141 0.0763087 0.0830402 0.369712
2 0.238495 0.486887 0.103087 0.0732354 0.359069
2 0.13748 0.53608 0.063514 0.0806845 0.353359
2 0.137496 0.536708 0.0636593 0.0797725 0.342859
7 0.238709 0.48735 0.103529 0.0734169 0.340367
2 0.136594 0.549717 0.0597685 0.0539768 0.32868
2 0.380347 0.811354 0.159477 0.143649 0.325833
2 0.379985 0.810868 0.15875 0.143827 0.324943
7 0.238269 0.487047 0.103109 0.0732925 0.323884
5 0.675771 0.895688 0.380689 0.208295 0.314829
0 0.397966 0.484735 0.0242246 0.0596642 0.310482
2 0.38038 0.811142 0.162864 0.147719 0.296522
2 0.136707 0.543423 0.0612573 0.0653916 0.294069
5 0.67456 0.896137 0.384066 0.207 0.292162
0 0.398107 0.485045 0.0239809 0.0601864 0.288363
2 0.545141 0.856479 0.176522 0.115292 0.286685
7 0.405392 0.580568 0.106387 0.112778 0.284273
0 0.393992 0.483527 0.0187656 0.0592747 0.283961
2 0.380727 0.811211 0.160961 0.143462 0.275519
2 0.136249 0.546979 0.0606253 0.0572943 0.269672
5 0.67515 0.895647 0.380052 0.207602 0.266407
5 0.675284 0.895919 0.383109 0.207462 0.263793
2 0.137251 0.536006 0.065474 0.0789568 0.252806
0 0.396372 0.483695 0.0230227 0.0597929 0.224309
5 0.539439 0.431793 0.0989565 0.109855 0.218041
5 0.678779 0.895543 0.376174 0.208623 0.213108
2 0.0433003 0.497503 0.074192 0.0809666 0.211167
7 0.404377 0.581522 0.107813 0.112288 0.209258
2 0.0432491 0.499384 0.0756923 0.0857521 0.206364
2 0.043226 0.497311 0.0749341 0.0782421 0.203621
0 0.398353 0.485086 0.0242367 0.0605936 0.200181
2 0.138483 0.535355 0.0650568 0.0820837 0.199209
2 0.544633 0.856244 0.177367 0.115525 0.198874
2 0.237117 0.487155 0.103834 0.0736645 0.187442
5 0.679198 0.895684 0.377083 0.207951 0.182099
0 0.39849 0.484504 0.0223803 0.0601439 0.168284
2 0.590024 0.701186 0.128472 0.0945396 0.166099
2 0.136699 0.535683 0.0632896 0.0778479 0.163686
2 0.590146 0.702209 0.129212 0.0970541 0.162167
0 0.395828 0.483482 0.0227317 0.0603867 0.14593
5 0.676888 0.89567 0.378233 0.207659 0.145809
5 0.674399 0.896384 0.38361 0.206558 0.140486
2 0.137559 0.535566 0.0643513 0.0818007 0.134692
9 0.14139 0.413532 0.0127206 0.027453 0.123014
0 0.317158 0.492953 0.0246239 0.0653601 0.12188
2 0.381167 0.811534 0.163403 0.14584 0.121327
2 0.0955902 0.940325 0.19118 0.118385 0.11862
9 0.141607 0.413673 0.0128254 0.0281801 0.115913
5 0.539434 0.430635 0.100077 0.109182 0.105164
2 0.237083 0.487415 0.105369 0.0732201 0.10029
2 0.504091 0.923933 0.0716232 0.0493177 0.099444
2 0.0430181 0.495378 0.0733442 0.0760197 0.0950687
5 0.541592 0.430846 0.0972758 0.108972 0.0844408
5 0.540033 0.431238 0.099631 0.11034 0.0830341
7 0.241232 0.488011 0.108718 0.0746214 0.0818809
5 0.540514 0.43077 0.0999553 0.109433 0.0798891
5 0.539099 0.43107 0.101736 0.109436 0.0793707
5 0.539623 0.432491 0.0996537 0.111253 0.0758664
2 0.507245 0.919839 0.0650082 0.0453953 0.0733424
5 0.572195 0.895912 0.592864 0.207926 0.0727218
0 0.319183 0.493398 0.0251044 0.067693 0.0714335
0 0.318569 0.491692 0.0243565 0.066702 0.0712141
5 0.734976 0.506823 0.256529 0.16512 0.0708347
0 0.314621 0.491933 0.0239099 0.0658218 0.0705706
0 0.31744 0.493837 0.0226637 0.066437 0.0669282
2 0.136972 0.549813 0.060225 0.0541903 0.0650073
5 0.547756 0.896015 0.64616 0.207493 0.0641291
0 0.393665 0.480299 0.0187057 0.0566322 0.0628881
2 0.132074 0.495415 0.0432579 0.0407013 0.060201
2 0.367859 0.465363 0.0175293 0.0284107 0.0595334
5 0.674393 0.896206 0.382221 0.206439 0.0594372
5 0.539778 0.431147 0.0993809 0.109606 0.0564208
5 0.540963 0.432021 0.0981714 0.110876 0.0525063
2 0.386809 0.811639 0.178391 0.152959 0.0513499
0 0.315206 0.494461 0.0239539 0.0623617 0.0467049
0 0.321747 0.489059 0.0179694 0.0662533 0.0460397
2 0.13625 0.54946 0.0587933 0.0542448 0.0451747
7 0.235276 0.487391 0.106986 0.0747181 0.0446856
2 0.508498 0.91942 0.0556445 0.0391136 0.0440934
2 0.509058 0.91844 0.0581812 0.0401535 0.041693
5 0.562547 0.431627 0.0530104 0.111241 0.0408374
2 0.136979 0.549303 0.0599418 0.0553879 0.0400492
2 0.0432293 0.49971 0.0755609 0.0818983 0.039832
0 0.317685 0.483968 0.0185101 0.0580518 0.0386914
2 0.508182 0.918976 0.0642191 0.0470274 0.0376591
2 0.110514 0.491087 0.0868731 0.0484299 0.037626
2 0.134707 0.513599 0.0525741 0.034001 0.0360569
2 0.130259 0.491246 0.0401927 0.0346449 0.0359971
2 0.106933 0.489391 0.0866698 0.0467617 0.0344636
0 0.309378 0.478064 0.0135025 0.038434 0.0339497
5 0.695657 0.510588 0.179172 0.152131 0.0335911
7 0.52337 0.895222 0.702536 0.209197 0.0323997
9 0.514256 0.431996 0.028334 0.0478912 0.032086
9 0.895517 0.397275 0.00977287 0.0214746 0.0317087
9 0.515251 0.432851 0.0265247 0.0431734 0.0315918
2 0.506724 0.922792 0.0746733 0.0527538 0.0315329
5 0.540424 0.431263 0.10107 0.112953 0.0314771
2 0.504983 0.923827 0.0719429 0.0506424 0.0308389
0 0.335257 0.480641 0.0245208 0.0333256 0.0307685
5 0.734842 0.506385 0.255355 0.162942 0.0303577
2 0.00595252 0.487409 0.0117906 0.0713858 0.0302886
2 0.767281 0.814063 0.0459764 0.0304049 0.030234
2 0.786949 0.696504 0.0249123 0.0215946 0.0301531
0 0.702859 0.560194 0.0145331 0.0361996 0.0295084
2 0.767558 0.815174 0.0483076 0.0270409 0.0290706
9 0.514553 0.430756 0.0273455 0.0473827 0.0286018
2 0.0960576 0.940909 0.192115 0.117615 0.0281674
2 0.0430617 0.499613 0.0754565 0.0847263 0.0278585
0 0.310604 0.480332 0.0164688 0.0449034 0.0275528
2 0.00612265 0.488929 0.0122453 0.0743134 0.0272366
0 0.752906 0.49621 0.0158091 0.0341809 0.026962
2 0.368193 0.466639 0.0171145 0.0301072 0.0267274
2 0.506983 0.924451 0.0656561 0.054887 0.0264942
2 0.136857 0.514086 0.0534604 0.034824 0.0263991
0 0.318227 0.48989 0.0220702 0.0660303 0.0263079
2 0.132045 0.493567 0.0418641 0.0317795 0.0262462
2 0.135958 0.51111 0.0502552 0.0302706 0.0258876
7 0.526393 0.89526 0.693612 0.208655 0.0258281
5 0.562447 0.417575 0.0513043 0.0830113 0.0256057
2 0.768285 0.815177 0.0463232 0.0275747 0.0246242
0 0.711525 0.501904 0.0189195 0.0267861 0.0241837
2 0.767098 0.815024 0.0483519 0.0275198 0.0238889
9 0.513668 0.431091 0.0303879 0.0494497 0.0237465
2 0.512588 0.917768 0.0663168 0.042664 0.0236748
5 0.54057 0.43205 0.0983173 0.11101 0.0232368
2 0.504537 0.926448 0.0714205 0.0533695 0.0231245
0 0.713897 0.501239 0.0176916 0.0291386 0.0230018
0 0.752095 0.499076 0.0151053 0.0332073 0.0223423
2 0.132274 0.504231 0.0506023 0.0382221 0.0216234
2 0.787776 0.696575 0.0258449 0.0216795 0.0212937
2 0.504539 0.916531 0.0730802 0.0435677 0.0211339
2 0.7184 0.858751 0.0552946 0.0316837 0.0209381
9 0.115138 0.36167 0.012928 0.0218659 0.0205989
0 0.336759 0.479524 0.0240479 0.0330276 0.0205051
0 0.538024 0.482553 0.0264597 0.0793506 0.0202014
5 0.560378 0.427497 0.0543422 0.10214 0.0201916
7 0.580041 0.894027 0.585244 0.21085 0.019721
0 0.336363 0.47901 0.0201165 0.0315365 0.0194243
2 0.71849 0.859443 0.0547514 0.0317196 0.0191864
2 0.434469 0.787862 0.271611 0.19384 0.0191112
2 0.365887 0.466465 0.0242292 0.0309078 0.0187633
2 0.787446 0.697979 0.0268442 0.0231638 0.0185243
2 0.767461 0.814761 0.0442863 0.0270409 0.0184267
2 0.719581 0.745225 0.0236847 0.0201719 0.0182393
2 0.136611 0.511289 0.0509457 0.0322839 0.0182277
5 0.69547 0.510817 0.177114 0.152256 0.0178179
2 0.549741 0.87913 0.169049 0.132172 0.0177927
2 0.786284 0.698677 0.0267397 0.0245641 0.0176998
2 0.708958 0.741326 0.0293098 0.0200107 0.0172995
2 0.132086 0.496265 0.0426239 0.034488 0.0172507
2 0.367769 0.467399 0.0193377 0.0309444 0.0168735
0 0.337106 0.478835 0.0229835 0.0324809 0.0168457
9 0.515289 0.440311 0.0295532 0.0647792 0.0163363
9 0.761666 0.0997719 0.0223816 0.0366411 0.0162306
2 0.132665 0.514916 0.054319 0.0367968 0.0159131
0 0.565144 0.464341 0.0114288 0.0414192 0.0158149
0 0.318674 0.501734 0.0206543 0.0490698 0.0157803
0 0.555487 0.443182 0.0152601 0.021418 0.0157175
2 0.501331 0.917566 0.0728012 0.0412546 0.0154425
5 0.698969 0.509949 0.184528 0.153612 0.015308
0 0.890426 0.438347 0.0149834 0.0303951 0.0152241
2 0.0891916 0.487861 0.02786 0.0401229 0.0151846
9 0.513297 0.431286 0.0337646 0.0506941 0.0151652
9 0.761175 0.0994892 0.0214123 0.0375991 0.0151219
7 0.529461 0.87492 0.722726 0.249649 0.0150271
2 0.551702 0.882909 0.165843 0.12554 0.014922
0 0.822079 0.489588 0.0169418 0.0304804 0.0148726
2 0.699362 0.751268 0.0640674 0.0402324 0.0145655
2 0.766882 0.815469 0.047504 0.0273348 0.0143754
2 0.814799 0.6778 0.0193829 0.0144213 0.0141721
2 0.554616 0.895298 0.735655 0.208673 0.0141272
2 0.00550981 0.47326 0.0107473 0.0445503 0.0140263
2 0.718909 0.859443 0.0556041 0.030315 0.0137686
2 0.131259 0.489456 0.041443 0.0283924 0.0136387
0 0.890795 0.437674 0.0148218 0.0311321 0.0134449
2 0.141615 0.511417 0.0619524 0.0329019 0.0132793
0 0.831863 0.488233 0.0134718 0.0305683 0.0131906
2 0.0898051 0.488496 0.0278487 0.0392174 0.0130001
2 0.338734 0.476409 0.0307841 0.0348752 0.0129533
2 0.811548 0.800918 0.0707422 0.0485039 0.0129532
2 0.0839703 0.487554 0.0337133 0.0387177 0.0128882
5 0.793591 0.498151 0.14024 0.147183 0.0127374
2 0.0151436 0.470497 0.0298307 0.03408 0.0126829
0 0.49709 0.467341 0.0138161 0.0381222 0.0126497
2 0.499139 0.913333 0.0790647 0.0476395 0.0125565
0 0.55899 0.462771 0.0195774 0.049951 0.0125175
0 0.317957 0.47451 0.0132084 0.0451908 0.0123928
0 0.50204 0.466948 0.0145376 0.0408854 0.0123865
5 0.694198 0.510523 0.176559 0.151216 0.0120118
0 0.33583 0.480231 0.0237717 0.0321366 0.0119885
0 0.557776 0.469069 0.0161145 0.0378771 0.0119672
2 0.518126 0.918554 0.103573 0.0523602 0.011919
0 0.766181 0.549937 0.0198376 0.0478989 0.0118258
2 0.983317 0.593066 0.0227379 0.0203106 0.0116842
9 0.142052 0.412698 0.0141617 0.0288128 0.0116715
0 0.565301 0.466423 0.0108972 0.0399233 0.0113815
0 0.734674 0.505839 0.0140508 0.0253725 0.0113663
2 0.503286 0.91448 0.0817177 0.0591282 0.0113593
2 0.503772 0.922361 0.0756675 0.0455315 0.0110718
9 0.114979 0.361512 0.0133853 0.0237059 0.0110277
2 0.718888 0.859687 0.0543987 0.0305094 0.0109677
0 0.822885 0.488672 0.0180431 0.0346082 0.0109391
2 0.865033 0.657601 0.037344 0.0288311 0.0108939
0 0.546788 0.441018 0.0119175 0.027368 0.0108697
0 0.540248 0.493367 0.0209215 0.0575786 0.0107046
0 0.752653 0.493307 0.0172263 0.0373329 0.0105609
2 0.0194619 0.472079 0.0197826 0.0305727 0.0105311
9 0.764577 0.10053 0.0270703 0.0379443 0.0104449
9 0.142036 0.41608 0.014872 0.0341173 0.0104301
2 0.0815824 0.486642 0.0421295 0.0412462 0.0103918
2 0.718232 0.859771 0.0548348 0.0298096 0.0103885
