2 0.677932 0.320212 0.0898024 0.114036 0.813827
2 0.67808 0.319943 0.0901154 0.114229 0.807274
2 0.678331 0.320024 0.0889232 0.114063 0.786368
2 0.678978 0.319555 0.0893539 0.11303 0.772657
2 0.677593 0.320043 0.0894952 0.113456 0.77146
2 0.678511 0.319862 0.0890157 0.11368 0.756119
2 0.677919 0.319823 0.0887966 0.113273 0.750453
2 0.678804 0.31928 0.0888121 0.112739 0.727782
2 0.678616 0.319281 0.0893423 0.113408 0.726343
0 0.0434849 0.313753 0.0340968 0.109687 0.5627
0 0.544924 0.163916 0.0207223 0.0715114 0.556924
0 0.0431953 0.313376 0.0353725 0.110593 0.544575
0 0.544517 0.163544 0.0202364 0.0719631 0.54354
0 0.0435941 0.314528 0.0331642 0.108893 0.537354
0 0.0430043 0.316163 0.0324496 0.107189 0.499621
0 0.566336 0.163287 0.0165012 0.0693077 0.465684
2 0.109642 0.612068 0.132103 0.216034 0.46131
0 0.565524 0.16071 0.0182692 0.0734912 0.45335
7 0.109239 0.611108 0.132626 0.214684 0.417674
0 0.544784 0.162809 0.0209607 0.0740158 0.413093
2 0.677332 0.320116 0.0886143 0.114315 0.407546
7 0.108352 0.611142 0.132993 0.214348 0.40448
7 0.108425 0.611812 0.132195 0.214944 0.404122
0 0.0433397 0.315375 0.0325048 0.104107 0.387415
0 0.0438773 0.314028 0.0334518 0.0992305 0.380278
2 0.109471 0.611652 0.132003 0.215537 0.377708
7 0.108495 0.611943 0.13085 0.215837 0.37729
0 0.56554 0.16065 0.0204348 0.0745949 0.361501
0 0.545222 0.167179 0.0185205 0.0656184 0.354781
0 0.0309406 0.233812 0.0198577 0.058098 0.34523
0 0.0434839 0.31678 0.0317481 0.0966815 0.344116
0 0.0434351 0.318235 0.0320347 0.0971369 0.343127
0 0.0309071 0.232731 0.0195104 0.0557571 0.343003
7 0.108126 0.611749 0.130963 0.214866 0.342545
0 0.0434954 0.316681 0.0324663 0.0994298 0.330916
5 0.86051 0.129993 0.0961632 0.166657 0.328398
5 0.871886 0.125094 0.074118 0.14996 0.327294
5 0.85779 0.130715 0.102014 0.164073 0.324555
0 0.956433 0.145783 0.0200739 0.0770811 0.324142
0 0.565314 0.160223 0.0208698 0.0745964 0.314705
0 0.956675 0.145398 0.022271 0.0776409 0.31036
5 0.852554 0.139357 0.11564 0.190287 0.303409
0 0.565447 0.161672 0.0211583 0.0756244 0.300393
0 0.0311697 0.232861 0.0195586 0.0560877 0.296122
0 0.565312 0.174426 0.016288 0.0497938 0.291239
7 0.108181 0.611572 0.133048 0.21398 0.280999
5 0.849899 0.141139 0.12016 0.188491 0.273856
5 0.849162 0.139461 0.126267 0.208661 0.272633
0 0.224159 0.22653 0.0229257 0.0695998 0.267752
5 0.874582 0.123817 0.0686245 0.149789 0.261105
0 0.955652 0.14338 0.0193764 0.0729764 0.25601
0 0.565653 0.162685 0.0203335 0.0744226 0.252554
2 0.109873 0.612093 0.132736 0.215905 0.250029
0 0.0431301 0.31883 0.0319342 0.0939878 0.247954
5 0.860907 0.127854 0.0962299 0.162628 0.243785
9 0.465689 0.0622954 0.011658 0.0248629 0.242799
0 0.223831 0.22507 0.0220932 0.0700975 0.241502
0 0.224154 0.224876 0.0228982 0.0640931 0.227436
0 0.543723 0.161553 0.0204911 0.0755662 0.227161
0 0.544974 0.161704 0.0215689 0.0744294 0.224438
0 0.0430469 0.311521 0.0325565 0.105323 0.221813
0 0.223821 0.223654 0.0218828 0.0659964 0.216548
1 0.0839577 0.311715 0.0322779 0.0597866 0.212877
9 0.465864 0.0634864 0.0122816 0.0262939 0.20679
0 0.565265 0.160667 0.0226058 0.0763988 0.202573
0 0.957491 0.147646 0.0205833 0.0757251 0.199978
0 0.95762 0.145218 0.0221207 0.081097 0.198714
5 0.850184 0.126125 0.126446 0.224859 0.19107
5 0.853361 0.135007 0.121809 0.21 0.188906
0 0.958075 0.142619 0.0214619 0.0750951 0.184237
2 0.677265 0.319926 0.0913355 0.114324 0.172777
0 0.54428 0.161885 0.0209829 0.076391 0.171886
2 0.99221 0.138156 0.0148224 0.0486941 0.166021
0 0.0312857 0.234389 0.0197589 0.0585567 0.157088
1 0.085023 0.311265 0.0354018 0.0594915 0.151245
1 0.0885435 0.310018 0.0408227 0.0622201 0.150644
2 0.992826 0.152013 0.0137236 0.0228064 0.150356
0 0.971085 0.13052 0.0185383 0.0553967 0.147651
5 0.855144 0.123454 0.119657 0.225824 0.143912
0 0.544095 0.160852 0.0229562 0.0768902 0.142763
2 0.842278 0.186789 0.0844704 0.101267 0.141856
2 0.988225 0.115767 0.0231281 0.0937353 0.139545
1 0.083652 0.310628 0.0325728 0.0587886 0.139345
1 0.140573 0.292806 0.0361577 0.0536778 0.136468
0 0.0709948 0.227636 0.0201089 0.0559678 0.136066
2 0.842835 0.185793 0.0827814 0.101304 0.135399
0 0.565085 0.155194 0.0204573 0.0666045 0.131804
5 0.877881 0.118852 0.0680862 0.160074 0.131006
0 0.0313292 0.23552 0.0216354 0.0614728 0.129777
2 0.985483 0.115252 0.0285889 0.0934468 0.126212
0 0.563023 0.162873 0.0206809 0.073562 0.12116
0 0.56247 0.162038 0.0226704 0.074242 0.120904
2 0.990955 0.128261 0.017432 0.0644422 0.118701
2 0.843341 0.186975 0.0826431 0.0996509 0.115897
5 0.848429 0.158657 0.125543 0.261732 0.114376
5 0.850721 0.120445 0.127969 0.235857 0.110464
0 0.405935 0.120075 0.0171671 0.0633688 0.109203
0 0.955035 0.133998 0.0184872 0.055974 0.107876
0 0.223846 0.226179 0.0218728 0.0629633 0.107767
1 0.140447 0.288953 0.0347992 0.048424 0.105999
5 0.85389 0.12865 0.113503 0.167228 0.105474
5 0.862052 0.104388 0.110661 0.20254 0.100247
1 0.0879664 0.310211 0.0379805 0.0595825 0.0964015
0 0.406287 0.120321 0.0173193 0.0634985 0.0957342
1 0.0869757 0.31031 0.0394321 0.0629866 0.0949193
0 0.971606 0.134899 0.0161972 0.0557894 0.0948763
9 0.463864 0.065867 0.0166932 0.0290338 0.0943922
0 0.563779 0.16226 0.0225912 0.0745555 0.0941758
0 0.223696 0.222706 0.0220536 0.0613919 0.0935135
0 0.031594 0.240124 0.0196743 0.0704668 0.0885279
2 0.866622 0.187024 0.0383886 0.0971343 0.0860162
1 0.0896321 0.309614 0.0376211 0.0580771 0.0817113
2 0.866074 0.186656 0.0388174 0.0995313 0.0813963
0 0.0709791 0.225648 0.0193492 0.0523279 0.0810833
0 0.0671472 0.27812 0.0285245 0.0797505 0.0806207
0 0.562842 0.161833 0.0214068 0.0721476 0.0786
0 0.0690257 0.242398 0.0272819 0.0845957 0.0780652
5 0.879239 0.100089 0.0821728 0.195617 0.0770885
1 0.134131 0.296528 0.0237065 0.0584253 0.0767104
2 0.989716 0.115027 0.0197945 0.0892997 0.0766461
2 0.841776 0.188329 0.0837673 0.0957049 0.0743963
0 0.0726169 0.287971 0.0283838 0.096171 0.0735078
5 0.841682 0.141975 0.14026 0.193581 0.0718551
5 0.851403 0.154935 0.121738 0.254561 0.0696222
2 0.985742 0.114571 0.0280346 0.0809211 0.0695504
2 0.984706 0.114133 0.0300972 0.0951059 0.0683338
5 0.877773 0.123379 0.0621119 0.148243 0.0680453
2 0.841604 0.186444 0.0831989 0.100435 0.0676433
0 0.0619815 0.277749 0.0238118 0.0788448 0.0665661
0 0.243513 0.190681 0.0183674 0.0345047 0.0658423
0 0.970174 0.122989 0.0174355 0.0427977 0.0657524
0 0.243692 0.191567 0.0194585 0.0346335 0.0654892
0 0.0708586 0.226358 0.0205154 0.0554845 0.0637336
0 0.405753 0.121097 0.0174308 0.0616074 0.0631135
9 0.4587 0.0676657 0.01359 0.0272213 0.0624413
7 0.107902 0.611113 0.131485 0.213464 0.0623656
5 0.850692 0.140855 0.106165 0.189539 0.0623479
5 0.885553 0.1184 0.0767422 0.146958 0.0622546
2 0.840775 0.18768 0.0852543 0.100483 0.0621025
0 0.0714618 0.229503 0.0234402 0.0600063 0.0609935
0 0.563135 0.174838 0.0192949 0.0512068 0.0602422
7 0.107941 0.612201 0.129468 0.215417 0.0601783
0 0.0435295 0.315564 0.0340154 0.0923906 0.0598734
0 0.0622315 0.275569 0.0219912 0.0706865 0.0580756
9 0.462375 0.0653865 0.0187412 0.0281027 0.057959
1 0.0901876 0.30904 0.0366969 0.0588546 0.0573141
2 0.979005 0.123062 0.0240788 0.0710908 0.0573103
0 0.958604 0.154962 0.0204781 0.0644055 0.0548998
0 0.957686 0.149093 0.0251455 0.0892424 0.0546463
0 0.0702774 0.241668 0.0278052 0.0837685 0.0538156
2 0.985122 0.114261 0.0290215 0.0879641 0.0532837
0 0.966545 0.143389 0.016288 0.0747913 0.0531047
2 0.866524 0.186667 0.0390793 0.0986013 0.0528736
1 0.135732 0.293712 0.0257516 0.0566853 0.0523329
0 0.0655484 0.275853 0.0250277 0.0714759 0.0522431
5 0.886079 0.112383 0.0775398 0.1527 0.0520252
0 0.0774548 0.289413 0.023208 0.0812377 0.0508946
5 0.884817 0.0953087 0.0800497 0.184217 0.0501963
0 0.0699216 0.248939 0.0290746 0.0959024 0.0500965
2 0.864202 0.187687 0.0324322 0.0965178 0.0497131
0 0.0704643 0.232011 0.0265241 0.0616384 0.0495281
0 0.076433 0.298918 0.0268714 0.0840283 0.0471583
5 0.881134 0.0909718 0.0875072 0.181283 0.0461581
2 0.866304 0.190568 0.0369619 0.0902155 0.0456876
0 0.0695561 0.278343 0.0313326 0.0831328 0.0453282
5 0.84201 0.142769 0.131285 0.192598 0.044506
2 0.985843 0.115309 0.0273811 0.0839428 0.0440172
2 0.9882 0.110738 0.0229195 0.0812932 0.0435199
2 0.985172 0.108399 0.0290031 0.0724379 0.0419661
2 0.985119 0.0986176 0.0292637 0.0594418 0.0416124
0 0.606136 0.124771 0.014723 0.0404347 0.0406324
0 0.383988 0.162741 0.0223257 0.0623153 0.0399357
5 0.857906 0.117185 0.121129 0.23196 0.0399067
0 0.0299269 0.231583 0.0194595 0.0559824 0.0395449
0 0.245172 0.192499 0.0194827 0.0350599 0.0383835
0 0.594188 0.0730247 0.0116194 0.0366368 0.0373364
0 0.542305 0.157628 0.0152148 0.0692251 0.0370162
0 0.0625931 0.267042 0.0181897 0.0525356 0.0363744
0 0.082084 0.304341 0.029751 0.0678799 0.0362817
3 0.14067 0.290091 0.0368114 0.0683741 0.0352294
0 0.0704413 0.287664 0.0347919 0.094313 0.0350634
0 0.241913 0.19122 0.0171307 0.034283 0.0347008
0 0.407057 0.119529 0.0159584 0.0610372 0.0346938
0 0.0718531 0.227639 0.0224574 0.0570682 0.0340767
1 0.13229 0.298085 0.0192185 0.058038 0.0340625
0 0.223526 0.216284 0.0238184 0.0521459 0.0329763
0 0.406112 0.121128 0.0177576 0.0628686 0.0329442
5 0.864707 0.0947243 0.117385 0.189103 0.0325158
2 0.845263 0.184454 0.0812267 0.0954349 0.0321606
1 0.0769008 0.31111 0.0243139 0.0603655 0.0318318
0 0.606708 0.125719 0.0165602 0.0420181 0.0315466
2 0.218657 0.198118 0.032259 0.0340384 0.0313035
2 0.214754 0.192442 0.0382021 0.0340961 0.0312329
5 0.884934 0.120966 0.0740585 0.146654 0.0309539
0 0.0936978 0.5761 0.0337961 0.0296555 0.0307127
0 0.075734 0.311608 0.0223876 0.0608226 0.0302999
0 0.594342 0.0712047 0.0130942 0.0401316 0.0298761
2 0.979554 0.133074 0.0240948 0.0533563 0.0296442
0 0.969476 0.118145 0.0162657 0.0407484 0.0288064
2 0.214394 0.198558 0.034315 0.0362505 0.0283747
2 0.217029 0.189683 0.0348333 0.0274988 0.0283473
0 0.406348 0.1217 0.0182055 0.0614904 0.0281955
3 0.140048 0.282552 0.0333397 0.0466842 0.028115
1 0.0863238 0.30388 0.0462831 0.0729949 0.0279786
0 0.0640574 0.263129 0.0196331 0.0436784 0.0275742
2 0.864902 0.203689 0.0328671 0.0641438 0.0269104
0 0.0910042 0.306047 0.0322641 0.0575189 0.0260729
0 0.223285 0.209528 0.0233043 0.0329422 0.0260003
5 0.835485 0.155145 0.151345 0.248178 0.0258667
2 0.992425 0.0843485 0.0143391 0.0279183 0.0254495
0 0.06388 0.261457 0.0204 0.0441128 0.0247151
0 0.0409539 0.32064 0.0296587 0.0933177 0.0242958
0 0.955083 0.146185 0.0279598 0.0773353 0.0240477
5 0.855918 0.120694 0.116711 0.174261 0.0237719
0 0.541757 0.159043 0.0280517 0.076557 0.0236482
2 0.839593 0.202445 0.0764044 0.069339 0.0225862
2 0.220372 0.197031 0.0389947 0.0415128 0.0223807
0 0.0977115 0.57204 0.0430291 0.0374104 0.0221541
9 0.128896 0.0560129 0.0129067 0.037744 0.0217383
0 0.0827557 0.578134 0.0269892 0.0274773 0.0216718
2 0.861363 0.202692 0.0266609 0.0662124 0.0209632
0 0.077108 0.267757 0.0177094 0.0378786 0.0207423
5 0.885982 0.103466 0.161944 0.194986 0.0204867
2 0.877711 0.155572 0.0565187 0.0895016 0.0203663
0 0.028022 0.23272 0.025519 0.0581523 0.0202983
0 0.0279461 0.232722 0.0267206 0.0588075 0.020147
0 0.137886 0.277674 0.0293185 0.0659246 0.0201138
0 0.883478 0.0803525 0.0205393 0.0178125 0.0193516
0 0.106728 0.568339 0.0531237 0.043594 0.0193049
0 0.0359423 0.275975 0.0262489 0.13161 0.0191395
0 0.955003 0.148184 0.0288502 0.0749637 0.0187467
5 0.919155 0.0912329 0.16169 0.182305 0.0187229
0 0.2218 0.225354 0.0331271 0.0823286 0.0185381
5 0.876961 0.117519 0.0594109 0.130053 0.0183775
9 0.451444 0.0695772 0.0181875 0.0256265 0.0183422
0 0.072205 0.226247 0.0228339 0.0578239 0.0182264
0 0.219819 0.202856 0.0323007 0.0376731 0.0182261
0 0.135643 0.285468 0.0248214 0.0500972 0.0180545
0 0.226773 0.237555 0.0178497 0.0639661 0.0179897
0 0.606266 0.123814 0.0156879 0.0397714 0.0178883
0 0.0920303 0.574032 0.0454567 0.0363109 0.0177643
0 0.95486 0.145307 0.0257183 0.0757382 0.0176885
9 0.453859 0.0723362 0.0149736 0.0231753 0.0174305
0 0.953965 0.142524 0.0240891 0.0705188 0.017415
7 0.108272 0.610479 0.133154 0.21182 0.0173072
0 0.383413 0.162118 0.0215401 0.0618183 0.0172396
3 0.139809 0.29163 0.0375161 0.0683979 0.016894
0 0.101963 0.574552 0.0331747 0.0307167 0.016844
0 0.564237 0.150704 0.0217219 0.0550125 0.0168178
9 0.128914 0.0503223 0.0123987 0.0301344 0.016502
5 0.849403 0.115612 0.135605 0.230762 0.0161825
2 0.96818 0.132406 0.0368357 0.0617434 0.0160486
3 0.149798 0.288396 0.0219785 0.0427485 0.015978
0 0.0581107 0.291711 0.0185138 0.0476531 0.0158618
0 0.222613 0.233714 0.0255228 0.0739338 0.0157178
0 0.0750655 0.26523 0.0201596 0.0370508 0.0155755
0 0.225428 0.219294 0.0380571 0.0883489 0.0155544
5 0.843267 0.142943 0.109108 0.190104 0.0154376
5 0.835932 0.131971 0.153539 0.235634 0.0152271
2 0.81973 0.26908 0.02047 0.0319061 0.0152077
0 0.779635 0.123327 0.0224636 0.0830331 0.0152076
0 0.140434 0.276282 0.0339972 0.0614456 0.015201
0 0.0277146 0.231913 0.0289341 0.0573883 0.015011
0 0.591629 0.0710895 0.0159207 0.038108 0.0146499
2 0.98715 0.136527 0.0235512 0.0555466 0.0144508
1 0.140494 0.296368 0.034739 0.0599055 0.0144503
0 0.0797566 0.288099 0.052527 0.107025 0.0144416
1 0.097759 0.309122 0.0273355 0.0535588 0.0143696
9 0.780428 0.0977474 0.0156712 0.0259913 0.0142385
2 0.860511 0.207131 0.0246338 0.0589704 0.0142291
0 0.227807 0.194586 0.0192567 0.0319985 0.0140011
1 0.0984297 0.30765 0.0247713 0.0548976 0.0137077
9 0.780818 0.10741 0.018177 0.0492482 0.0135436
0 0.0650877 0.241481 0.0300798 0.0811868 0.0132047
5 0.834613 0.151094 0.10261 0.173399 0.0131165
2 0.877429 0.156602 0.0558907 0.066243 0.0131066
5 0.877275 0.149736 0.0591164 0.0985809 0.0130317
0 0.780479 0.122216 0.0219152 0.0807352 0.0130191
2 0.867361 0.185031 0.0392414 0.094876 0.0129829
0 0.957081 0.117059 0.0146957 0.0280389 0.0129264
0 0.381001 0.146127 0.0142174 0.0316664 0.0128011
5 0.846718 0.159752 0.12486 0.276555 0.0126413
5 0.838805 0.129025 0.148115 0.169362 0.0125559
0 0.382459 0.161184 0.0197831 0.0599648 0.0124879
2 0.87669 0.154708 0.0587673 0.0931052 0.0124789
0 0.54084 0.161311 0.0294567 0.0740014 0.0124393
0 0.779958 0.128456 0.0155369 0.0727706 0.012429
1 0.144624 0.294497 0.0326512 0.0567989 0.0116741
5 0.879233 0.106978 0.166172 0.213723 0.011601
0 0.593596 0.0696304 0.0138521 0.0412146 0.0108943
0 0.54039 0.173032 0.0281036 0.0515044 0.010818
5 0.90387 0.100165 0.163543 0.19923 0.0107469
2 0.838024 0.209782 0.0727493 0.0590643 0.0107229
2 0.198634 0.193317 0.0163615 0.0216599 0.0106275
2 0.839872 0.191124 0.0771717 0.0904693 0.0105125
9 0.463768 0.0682682 0.0172617 0.0352076 0.010129
2 0.868182 0.199418 0.0379494 0.0658247 0.0100213
3 0.139939 0.285515 0.0356774 0.0798593 0.00999573
2 0.818398 0.268197 0.0254837 0.036157 0.00995502
0 0.875875 0.084513 0.0470007 0.046156 0.00994565
