2 0.702381 0.0809278 0.0284131 0.0282187 0.788224
2 0.395497 0.261724 0.082351 0.0925972 0.737205
2 0.701951 0.0814263 0.0281069 0.0277696 0.703252
2 0.394414 0.260771 0.0820158 0.093189 0.688655
2 0.39464 0.261186 0.0816678 0.0932412 0.672383
2 0.702211 0.0816679 0.0276964 0.0277523 0.654518
2 0.951292 0.158051 0.0361218 0.0519768 0.654091
2 0.951136 0.15774 0.0358442 0.0518761 0.652476
2 0.394928 0.260702 0.0815328 0.0939921 0.650746
2 0.395042 0.261552 0.0818246 0.0930519 0.650238
2 0.394543 0.261101 0.0817947 0.0930251 0.647881
2 0.100917 0.483568 0.151204 0.1342 0.644143
2 0.394749 0.260651 0.0825088 0.0941545 0.627623
2 0.701699 0.0817337 0.0302353 0.028216 0.585221
2 0.702137 0.0812032 0.028088 0.0284266 0.579537
2 0.641825 0.163057 0.0424141 0.054902 0.579006
2 0.100218 0.482898 0.15173 0.134697 0.574834
2 0.951098 0.158157 0.0358765 0.0537142 0.573058
2 0.101297 0.484095 0.150871 0.134407 0.570002
2 0.641699 0.163237 0.0418936 0.054401 0.567055
2 0.951101 0.157842 0.0355705 0.0521335 0.56254
2 0.702046 0.0809564 0.02959 0.0285827 0.54623
2 0.951492 0.155154 0.033926 0.0468178 0.544787
2 0.099822 0.483058 0.152109 0.135656 0.542906
2 0.100614 0.483695 0.152165 0.134397 0.528885
2 0.100026 0.48304 0.151923 0.134605 0.523075
2 0.951151 0.157473 0.035775 0.051545 0.522424
2 0.100993 0.483754 0.151279 0.134083 0.516938
2 0.838343 0.0742292 0.0215614 0.0250513 0.511316
2 0.10065 0.483714 0.151135 0.134702 0.509543
2 0.951658 0.157392 0.0372231 0.0518873 0.497416
2 0.904438 0.0908819 0.0297131 0.0444161 0.480582
2 0.658108 0.0853736 0.0283709 0.0295933 0.479335
2 0.951117 0.157335 0.0358063 0.0512237 0.479178
2 0.658161 0.0852141 0.0267526 0.028574 0.473541
2 0.888836 0.159733 0.0368534 0.0494534 0.466384
2 0.889003 0.159445 0.0373304 0.0491724 0.461806
2 0.641971 0.162933 0.0422882 0.05375 0.459001
2 0.843832 0.401225 0.0701612 0.120261 0.452402
2 0.904527 0.0912016 0.029874 0.0449912 0.451372
2 0.844235 0.401192 0.0700703 0.120004 0.443684
2 0.838258 0.0752231 0.0213871 0.0251508 0.443435
2 0.657489 0.085764 0.0275078 0.0285559 0.443149
2 0.888732 0.159693 0.0371439 0.0483603 0.426074
2 0.843495 0.401272 0.0707172 0.120214 0.421158
2 0.903846 0.0918814 0.0306372 0.0441 0.420711
2 0.100291 0.483605 0.152132 0.133932 0.398874
2 0.642113 0.163256 0.0421612 0.0557987 0.397366
2 0.844151 0.40098 0.0699074 0.119178 0.392958
2 0.837744 0.075039 0.0209356 0.0253555 0.383732
2 0.844405 0.401073 0.0699743 0.119315 0.375415
2 0.888801 0.160252 0.0367413 0.0482477 0.345859
2 0.950918 0.157139 0.0341545 0.0505343 0.342582
2 0.954779 0.0389351 0.0165085 0.0222965 0.340353
2 0.844148 0.401244 0.0712318 0.119547 0.334409
2 0.888499 0.159496 0.0369658 0.0495991 0.328774
2 0.436346 0.206251 0.0505833 0.0497278 0.32678
2 0.436841 0.207355 0.0475863 0.0496758 0.325713
2 0.837609 0.0740166 0.0213339 0.0257522 0.322904
2 0.879054 0.0657924 0.0232376 0.0309112 0.311709
2 0.658142 0.0848083 0.0275486 0.0293143 0.3032
2 0.641531 0.163494 0.0413797 0.0546985 0.299006
2 0.395387 0.261885 0.0830503 0.0938205 0.29893
2 0.641436 0.163311 0.0421377 0.0550949 0.298053
2 0.879002 0.0662922 0.0229002 0.0304311 0.296989
2 0.101161 0.483551 0.150797 0.134127 0.287877
2 0.95508 0.0354761 0.0178444 0.0276533 0.284634
2 0.701868 0.0810795 0.0292837 0.0283231 0.283061
2 0.844749 0.400981 0.0705408 0.119657 0.276308
2 0.641769 0.163248 0.0432508 0.0557891 0.276235
2 0.641589 0.163834 0.0408308 0.0544732 0.266622
2 0.844317 0.401404 0.0697498 0.119329 0.264436
2 0.395219 0.26202 0.0806346 0.0933179 0.263806
2 0.641551 0.163888 0.0412708 0.0547494 0.263161
2 0.64198 0.163571 0.0424809 0.0562467 0.261018
2 0.0998808 0.483115 0.15189 0.133886 0.25889
2 0.903763 0.0914939 0.0302437 0.0447367 0.250952
2 0.888855 0.160483 0.0362854 0.0487248 0.246699
2 0.437188 0.20693 0.0486398 0.0486093 0.232675
2 0.657869 0.0850088 0.0277728 0.0293476 0.227678
2 0.438586 0.206336 0.0468443 0.0482778 0.224407
2 0.904231 0.090576 0.029903 0.0455789 0.220103
2 0.436598 0.206775 0.0525392 0.050561 0.212436
2 0.888603 0.160508 0.0368179 0.0484143 0.209982
2 0.641756 0.163699 0.0425198 0.0543326 0.206391
2 0.841646 0.132292 0.0359245 0.0527902 0.204248
2 0.780202 0.0255392 0.0152988 0.021215 0.203884
2 0.951241 0.163955 0.0348442 0.0407896 0.197779
2 0.435681 0.207251 0.0501399 0.0485804 0.19225
2 0.737407 0.0487627 0.0263263 0.0294732 0.192227
2 0.739934 0.0763116 0.021336 0.0197346 0.185889
2 0.84365 0.401403 0.0698593 0.120143 0.179541
2 0.732219 0.0431978 0.0180378 0.0215024 0.177184
2 0.950921 0.162642 0.0345078 0.0439716 0.17466
2 0.904216 0.0910206 0.03032 0.0453441 0.17195
2 0.43832 0.206815 0.0468628 0.0498349 0.171658
2 0.440559 0.206121 0.044022 0.0486657 0.167399
2 0.700563 0.082193 0.0320171 0.0292496 0.167256
2 0.889611 0.159658 0.0381851 0.0493782 0.167013
2 0.739946 0.0765759 0.0217203 0.0204567 0.161764
2 0.432156 0.20721 0.0565517 0.0495129 0.158294
2 0.879744 0.0646463 0.0245321 0.0308573 0.156264
2 0.437133 0.204683 0.0472507 0.0444036 0.152678
2 0.903852 0.0913415 0.0300739 0.0452719 0.147224
2 0.879224 0.0657228 0.0229593 0.0314815 0.144307
2 0.73986 0.0713736 0.0238758 0.0316286 0.141879
8 0.369453 0.899541 0.237085 0.200122 0.129714
2 0.439051 0.206655 0.0456738 0.0490993 0.125761
2 0.656843 0.0856727 0.0290237 0.029134 0.125744
8 0.368404 0.89989 0.235304 0.199964 0.120173
2 0.841238 0.132318 0.0351192 0.0551501 0.119473
8 0.372135 0.899709 0.242511 0.199847 0.119184
2 0.889723 0.160642 0.0373684 0.0485356 0.118309
2 0.641812 0.162122 0.0420345 0.0562288 0.117914
2 0.904682 0.0901415 0.0313795 0.0473351 0.112078
2 0.841234 0.132936 0.0361412 0.0519406 0.111112
2 0.809348 0.0397921 0.0183939 0.021127 0.105481
2 0.841082 0.132597 0.0360941 0.0539258 0.104738
2 0.656624 0.0868846 0.0288132 0.028725 0.103512
2 0.433199 0.208138 0.0524971 0.0514644 0.100339
5 0.84164 0.132542 0.0365368 0.0518835 0.0997818
8 0.36886 0.89927 0.236462 0.20042 0.0997582
2 0.888966 0.161027 0.0355295 0.0484809 0.0989156
5 0.841415 0.132968 0.0361259 0.0525609 0.092236
8 0.369423 0.899476 0.236989 0.200063 0.0917392
2 0.739507 0.0557272 0.0238478 0.027988 0.0905485
2 0.888961 0.161105 0.0349152 0.0481832 0.0898782
2 0.395035 0.260837 0.0816712 0.0931536 0.0895526
8 0.370586 0.900041 0.240172 0.199815 0.0885953
2 0.896687 0.0147925 0.0272186 0.029585 0.0877627
2 0.904305 0.0898213 0.0300507 0.0475888 0.0862591
2 0.855862 0.0523237 0.0207703 0.0226002 0.0841795
7 0.841133 0.133084 0.0360508 0.0524078 0.083817
2 0.879959 0.0668966 0.0253616 0.0315399 0.0834469
28 0.363619 0.900148 0.223213 0.19961 0.0825832
8 0.368232 0.89972 0.23664 0.200155 0.0812483
28 0.364567 0.900102 0.225304 0.199403 0.0810377
5 0.842027 0.132569 0.0361961 0.0524296 0.078075
2 0.780647 0.0233003 0.015287 0.0256673 0.0755526
8 0.370781 0.899666 0.24021 0.199936 0.0754006
2 0.900224 0.0199891 0.0192612 0.0287252 0.074848
2 0.742178 0.0755522 0.0267315 0.030237 0.0729984
2 0.440027 0.2068 0.0563478 0.0522902 0.071732
2 0.904662 0.0908175 0.0316391 0.0466618 0.0686864
2 0.898974 0.0182955 0.0217373 0.0323276 0.0671111
2 0.739724 0.0615239 0.0264145 0.0364723 0.0622058
28 0.363485 0.900057 0.222318 0.199887 0.0582586
7 0.84052 0.136286 0.0349846 0.0468973 0.0576287
2 0.89884 0.0176961 0.0229563 0.0337738 0.0573574
2 0.73751 0.0490003 0.0242184 0.031319 0.0566964
7 0.90397 0.0930582 0.0298302 0.0441065 0.0560793
2 0.76356 0.0731926 0.020671 0.0265316 0.0559651
2 0.739519 0.0732012 0.0234762 0.0272327 0.0545241
2 0.889124 0.159234 0.0374245 0.0497681 0.0535843
2 0.839247 0.0711909 0.0227608 0.0306994 0.0534264
28 0.365467 0.900732 0.227764 0.197644 0.0528955
2 0.0620982 0.525038 0.0650716 0.0498158 0.0513209
2 0.0634629 0.525362 0.0612146 0.0490802 0.0500787
2 0.44287 0.20603 0.0617785 0.0513188 0.0498888
28 0.363906 0.900548 0.224856 0.198113 0.0495373
2 0.7704 0.020944 0.0146317 0.0230312 0.048888
2 0.394868 0.261474 0.0795835 0.0928849 0.047348
2 0.930398 0.0228851 0.0164234 0.0297147 0.0454274
2 0.879496 0.0654462 0.0237267 0.032511 0.0453942
2 0.658527 0.083289 0.0273926 0.0317941 0.0453101
2 0.0610027 0.524487 0.0666434 0.0502405 0.0451554
2 0.809991 0.0381688 0.0188511 0.0236674 0.0419685
2 0.855691 0.0521339 0.0195904 0.0230068 0.0407027
2 0.953401 0.15779 0.0368042 0.0530515 0.0380298
2 0.429643 0.207571 0.0643559 0.0557108 0.0370596
2 0.952172 0.160606 0.0371799 0.0489542 0.0358871
2 0.064633 0.526198 0.0598725 0.0470473 0.0348514
2 0.658925 0.0831506 0.0280291 0.0319048 0.0346366
2 0.754513 0.0753198 0.0377182 0.0271523 0.0313445
2 0.898895 0.017525 0.0300692 0.0350278 0.0310602
2 0.9307 0.0244963 0.0140665 0.0269095 0.0305969
2 0.0628294 0.525873 0.063072 0.0481375 0.0301463
2 0.841767 0.133712 0.0359924 0.051366 0.0297377
2 0.75234 0.0734179 0.0448984 0.029132 0.0282321
2 0.0636123 0.52526 0.0601584 0.0475266 0.0272197
2 0.776735 0.0222348 0.0237613 0.0267198 0.0267737
2 0.812129 0.0411444 0.0258209 0.0244669 0.0266648
5 0.90231 0.018549 0.0377602 0.0370981 0.0264744
2 0.899869 0.0186353 0.0214674 0.0326618 0.0260277
2 0.433921 0.20182 0.0490822 0.0366971 0.0258682
2 0.953459 0.03592 0.0231085 0.0293066 0.0252406
2 0.437753 0.2089 0.0358084 0.0507314 0.0241036
2 0.95168 0.148954 0.0320019 0.038477 0.0231968
2 0.114631 0.471887 0.124951 0.107499 0.0230642
0 0.397379 0.826421 0.0443063 0.0521076 0.0209482
0 0.397495 0.826411 0.043604 0.0518227 0.0205251
5 0.895308 0.0143646 0.0267262 0.0287293 0.019675
2 0.762098 0.0739399 0.0224943 0.0282334 0.0186072
2 0.854651 0.215924 0.0164806 0.0382324 0.0181815
2 0.762695 0.071861 0.0229446 0.0313632 0.0177181
2 0.951314 0.151013 0.0323463 0.0431303 0.017529
2 0.395095 0.26031 0.0809223 0.0933581 0.0175013
2 0.955413 0.00776963 0.0147715 0.0151035 0.0166799
0 0.397686 0.825358 0.0416488 0.0498901 0.0166188
5 0.932798 0.021133 0.0251545 0.0420527 0.0157591
5 0.841608 0.132332 0.036198 0.0525787 0.0156141
2 0.784392 0.219317 0.0272938 0.0377376 0.0152166
2 0.0633098 0.525363 0.0627219 0.0473269 0.0150195
6 0.0578974 0.741543 0.11496 0.213894 0.0149667
0 0.397575 0.825306 0.0410951 0.0499947 0.0148626
2 0.952285 0.157394 0.0378847 0.0529831 0.0138058
2 0.737519 0.0470371 0.0260086 0.0306045 0.0137234
2 0.730618 0.0458092 0.0285336 0.0284302 0.013458
0 0.398235 0.82547 0.0412023 0.0499014 0.0129264
2 0.416607 0.223485 0.052477 0.0280258 0.0125034
2 0.87908 0.0665647 0.0245838 0.0317342 0.0121691
2 0.731902 0.0413071 0.0169613 0.022165 0.0121526
2 0.928691 0.0163341 0.0196922 0.0326682 0.0111978
2 0.157252 0.467508 0.0308893 0.0375891 0.0109809
2 0.809297 0.0178443 0.0145973 0.0133429 0.0108365
2 0.409229 0.228434 0.0454414 0.0322686 0.0107462
2 0.846614 0.0624399 0.0221375 0.0374324 0.010724
2 0.854823 0.216128 0.0161434 0.038068 0.0106894
0 0.256345 0.00767235 0.0237217 0.0153447 0.0105893
2 0.0638877 0.526453 0.0605349 0.0466244 0.0105243
2 0.703897 0.0809008 0.0330751 0.029597 0.0104425
0 0.398243 0.824779 0.0402863 0.0501774 0.0104259
2 0.157552 0.465577 0.0331031 0.0429224 0.00983066
2 0.920526 0.0212002 0.0192444 0.034375 0.00961779
0 0.398473 0.825521 0.0407571 0.0499569 0.0095221
2 0.838932 0.0757706 0.0242935 0.0279546 0.00946629
2 0.858839 0.0618552 0.0178822 0.0290093 0.00943199
6 0.0591821 0.746428 0.117739 0.228066 0.00937612
0 0.398837 0.824988 0.0405291 0.0500666 0.0088153
2 0.84076 0.135576 0.0346466 0.0479204 0.00878363
2 0.832008 0.0720904 0.0347973 0.0267855 0.00874364
2 0.061701 0.525068 0.0638043 0.0515718 0.00861243
6 0.0583828 0.747966 0.116766 0.231583 0.00857839
2 0.75856 0.0690144 0.0339194 0.0366287 0.00800235
6 0.0552914 0.693559 0.110185 0.114832 0.00783581
2 0.742438 0.0439722 0.0234715 0.0300915 0.00771071
0 0.397244 0.826427 0.0457231 0.0508881 0.0076599
2 0.0607361 0.516503 0.0689709 0.0667019 0.00756888
2 0.842635 0.40436 0.0679441 0.11235 0.00749072
0 0.396729 0.826053 0.045867 0.0504883 0.00722722
2 0.913076 0.0196119 0.0450628 0.0356582 0.00709061
7 0.90475 0.0921802 0.0324236 0.0446335 0.00704032
2 0.0606862 0.5215 0.0673639 0.0572871 0.00696698
2 0.750454 0.0654536 0.0482696 0.0454821 0.00692523
6 0.0569691 0.729053 0.113902 0.189619 0.006751
13 0.0500075 0.0647312 0.100015 0.0468854 0.00651322
2 0.759552 0.074774 0.0281525 0.0330744 0.00649297
6 0.0556968 0.699121 0.110516 0.124428 0.00649274
2 0.838489 0.0693465 0.0227211 0.0358563 0.0064602
2 0.157422 0.463949 0.0324372 0.0462833 0.00640126
2 0.89339 0.0122191 0.0293049 0.0244383 0.0062658
79 0.878918 0.935879 0.0298565 0.128243 0.00618162
2 0.065366 0.525595 0.059476 0.0464397 0.00615851
0 0.0205319 0.0324834 0.0406237 0.0644503 0.00600319
2 0.953137 0.0303309 0.0230259 0.0348886 0.00595487
2 0.70772 0.0783799 0.0418835 0.0341613 0.00594933
5 0.955344 0.0273382 0.0208166 0.0441571 0.00593255
13 0.0500511 0.0638792 0.100102 0.0466003 0.00591738
2 0.954945 0.0228533 0.017289 0.0433709 0.00588619
79 0.878885 0.934809 0.0319828 0.130382 0.00571953
2 0.641889 0.162865 0.0428501 0.0533736 0.0056586
2 0.0811188 0.0501458 0.033897 0.0195687 0.00564888
0 0.398675 0.826609 0.0462541 0.050869 0.00558686
0 0.268522 0.00768197 0.0300632 0.0153222 0.00553536
2 0.784418 0.219481 0.0282595 0.0390533 0.00535323
2 0.833185 0.0128955 0.0283375 0.0244663 0.00533884
2 0.856032 0.215039 0.0197544 0.0390528 0.00532278
0 0.855225 0.215934 0.0172024 0.0391865 0.00529346
2 0.726175 0.0565328 0.0277058 0.0221692 0.00528722
0 0.0202629 0.0332237 0.0403468 0.0664475 0.00521618
2 0.85238 0.0505139 0.0249998 0.0276064 0.00521229
7 0.882611 0.0652581 0.030607 0.0348371 0.00519382
0 0.017134 0.0327154 0.0335125 0.0641409 0.00511172
2 0.811918 0.037893 0.0245218 0.0270374 0.00506779
6 0.0586114 0.741608 0.117223 0.212338 0.0050179
2 0.753949 0.0307196 0.0245079 0.012894 0.00501048
0 0.829297 0.0159038 0.0139801 0.0209375 0.00498316
2 0.689001 0.0805143 0.0583746 0.0320666 0.00497857
0 0.156994 0.4546 0.034695 0.0654655 0.00493002
2 0.92369 0.00870042 0.0258186 0.0174008 0.00492498
5 0.819293 0.332308 0.0298363 0.0739792 0.00488695
2 0.406171 0.228138 0.0489221 0.0291788 0.00483706
6 0.055621 0.692646 0.110305 0.110766 0.00482793
6 0.0549115 0.691124 0.10962 0.110947 0.00466143
2 0.406216 0.233541 0.056565 0.0410614 0.00461493
2 0.118261 0.45855 0.118705 0.0817872 0.00457281
5 0.932732 0.0221422 0.0194345 0.0406881 0.0045605
6 0.0585915 0.79093 0.116517 0.318488 0.00452947
2 0.889086 0.0135785 0.0204172 0.0263436 0.00445011
79 0.880206 0.936246 0.0300037 0.125909 0.00444652
2 0.157184 0.4669 0.0307908 0.0397404 0.00439829
6 0.0576529 0.794391 0.115306 0.32339 0.00433624
6 0.0565342 0.773734 0.113068 0.284884 0.00431548
6 0.0589016 0.76372 0.117803 0.25812 0.00429223
2 0.820217 0.0164461 0.0190273 0.0209328 0.00428583
2 0.0601393 0.51011 0.0691667 0.081072 0.00421811
2 0.440703 0.208407 0.0472004 0.0526775 0.00415864
2 0.118637 0.459112 0.114282 0.082309 0.00415777
7 0.904769 0.0894317 0.0322025 0.0483661 0.00414486
2 0.439696 0.197937 0.0424866 0.036071 0.00414432
