2 0.857341 0.108735 0.0294189 0.0399643 0.78537
2 0.607463 0.152678 0.0453253 0.0434411 0.765391
2 0.607203 0.152976 0.0453842 0.0441798 0.720791
2 0.507067 0.846828 0.194803 0.297606 0.711073
2 0.507706 0.846527 0.196531 0.297415 0.699285
2 0.85729 0.109375 0.0287516 0.0389353 0.69383
2 0.502449 0.241204 0.0658399 0.0666439 0.667404
2 0.607443 0.152402 0.0461168 0.0431283 0.665102
2 0.857632 0.109514 0.0295418 0.0396804 0.638178
2 0.502446 0.241126 0.0657597 0.0670393 0.634143
2 0.190981 0.414264 0.125014 0.11422 0.626874
2 0.190809 0.414086 0.124873 0.114458 0.621817
2 0.60515 0.409097 0.0968105 0.112219 0.618268
2 0.909026 0.0837288 0.0238365 0.0317852 0.61535
2 0.50196 0.240978 0.0650577 0.0671701 0.615168
2 0.502749 0.240804 0.065683 0.0668394 0.612079
2 0.607621 0.152068 0.0457309 0.0436248 0.611591
2 0.508152 0.846172 0.196252 0.298115 0.60781
2 0.190551 0.41449 0.124355 0.114667 0.607419
2 0.605465 0.409411 0.0968094 0.112312 0.606835
2 0.605441 0.409338 0.095704 0.112095 0.603922
2 0.506945 0.846216 0.194639 0.297758 0.602132
2 0.605152 0.408946 0.0964258 0.111462 0.598817
2 0.50776 0.846618 0.196575 0.298457 0.596611
2 0.90951 0.0829815 0.0236332 0.0320817 0.589995
2 0.605141 0.40934 0.0967008 0.112613 0.589111
2 0.857319 0.110134 0.0286469 0.0391821 0.588313
2 0.190392 0.414082 0.125231 0.114729 0.58182
2 0.606858 0.152588 0.0456511 0.0436265 0.580092
2 0.856918 0.109771 0.0288574 0.0394319 0.579383
2 0.902159 0.144735 0.035511 0.0552206 0.576426
2 0.607383 0.151565 0.046537 0.0429448 0.57486
2 0.507685 0.846275 0.195986 0.29818 0.570712
2 0.605757 0.409328 0.0962307 0.11187 0.570506
2 0.508169 0.846185 0.195787 0.297263 0.560536
2 0.190555 0.414172 0.124505 0.113622 0.559941
2 0.502337 0.240774 0.0658895 0.0665326 0.555195
2 0.190859 0.413733 0.125496 0.113997 0.555052
2 0.502907 0.240868 0.0655161 0.0666278 0.553975
2 0.857182 0.109796 0.029702 0.0397747 0.546746
2 0.190537 0.414109 0.124913 0.113567 0.544096
2 0.857697 0.109447 0.0299393 0.040024 0.541286
2 0.50269 0.241281 0.0657331 0.0671713 0.541161
2 0.190517 0.413669 0.125798 0.113896 0.540042
2 0.901981 0.14397 0.0357498 0.0568783 0.539482
2 0.604075 0.203164 0.0496574 0.0604103 0.537819
2 0.604995 0.202224 0.050598 0.0617027 0.531659
2 0.901653 0.144223 0.0359602 0.056345 0.528827
2 0.604342 0.202406 0.049399 0.0602633 0.521361
2 0.190789 0.413417 0.124225 0.114396 0.52104
2 0.507582 0.847318 0.194987 0.298349 0.520757
2 0.502239 0.24084 0.0663795 0.067503 0.520336
2 0.605316 0.4098 0.0962811 0.113074 0.518884
2 0.5078 0.846941 0.195366 0.298333 0.514471
2 0.902315 0.144698 0.0354919 0.0551125 0.511208
2 0.479219 0.219023 0.0552732 0.057902 0.504183
2 0.50199 0.240519 0.0677879 0.0670424 0.49995
2 0.190311 0.41497 0.12413 0.114168 0.499133
2 0.607406 0.152806 0.0455144 0.0443857 0.49497
2 0.605177 0.202665 0.0498646 0.0611998 0.494083
2 0.605598 0.409484 0.0963944 0.111481 0.491189
2 0.908968 0.0834066 0.0232967 0.0321734 0.488448
2 0.604897 0.202442 0.0507361 0.0624886 0.488178
2 0.902586 0.143452 0.0366686 0.0565609 0.487156
2 0.60535 0.409501 0.0959499 0.111945 0.476669
67 0.965428 0.668419 0.0680553 0.208103 0.473514
2 0.503182 0.240348 0.0660486 0.0682398 0.469538
2 0.605715 0.202623 0.0487396 0.0624775 0.466662
2 0.423307 0.213761 0.0623159 0.0688097 0.46653
2 0.423261 0.213694 0.0605528 0.0674338 0.460956
2 0.480318 0.218623 0.0568686 0.0588538 0.458065
67 0.965473 0.669279 0.0678871 0.209695 0.453106
2 0.908737 0.0823489 0.0248466 0.0320565 0.452696
2 0.902165 0.143526 0.0365347 0.0574162 0.450313
2 0.604803 0.203208 0.0505628 0.0615594 0.447287
2 0.902452 0.143919 0.0365772 0.0563997 0.447106
2 0.723545 0.112067 0.0289145 0.0267628 0.435328
2 0.606916 0.153715 0.047104 0.0442908 0.435321
2 0.422906 0.214383 0.0615111 0.0680322 0.433182
2 0.90917 0.0829393 0.0235849 0.0324872 0.429113
2 0.889076 0.0376045 0.0241489 0.0417507 0.426158
2 0.605259 0.408705 0.0968601 0.112295 0.423635
2 0.502265 0.241169 0.0645248 0.06642 0.417232
2 0.888589 0.0401748 0.0247093 0.0392819 0.39448
2 0.85727 0.109206 0.0305994 0.0398178 0.390096
67 0.965846 0.668778 0.0678032 0.208746 0.388948
2 0.856804 0.109877 0.0302853 0.0394203 0.380114
2 0.423822 0.213383 0.0611875 0.0672208 0.379671
2 0.507559 0.846781 0.195132 0.296886 0.377782
2 0.422058 0.218748 0.0602604 0.0585767 0.375735
2 0.888771 0.0434473 0.0249958 0.0319152 0.375564
2 0.422253 0.216498 0.0589113 0.0633703 0.374962
67 0.965796 0.668592 0.0679361 0.209087 0.374384
2 0.604499 0.202624 0.0500462 0.0612459 0.372964
2 0.761011 0.0573844 0.0231812 0.0240721 0.367399
2 0.889475 0.0370704 0.0246655 0.0421946 0.363659
2 0.604395 0.202509 0.0493776 0.0604804 0.362047
2 0.723873 0.109724 0.0303867 0.0323707 0.361322
2 0.422755 0.214025 0.0605835 0.0657185 0.356129
2 0.502345 0.240798 0.0651426 0.066502 0.355646
2 0.973061 0.297258 0.0529266 0.0821731 0.350642
2 0.518026 0.16375 0.0372694 0.0525499 0.349826
67 0.964931 0.667796 0.0690651 0.207609 0.348538
67 0.965542 0.66869 0.0678902 0.210249 0.347065
2 0.90212 0.143165 0.0358757 0.0573995 0.345006
2 0.724304 0.110179 0.02988 0.0287298 0.344209
2 0.972895 0.297222 0.0531631 0.0830399 0.322464
2 0.478962 0.217752 0.0571295 0.0593219 0.315202
2 0.90291 0.143826 0.0372746 0.0557573 0.307461
2 0.972405 0.296509 0.0512802 0.0803389 0.305703
67 0.764733 0.757563 0.128232 0.231324 0.300981
2 0.605345 0.202226 0.0494453 0.0613389 0.300858
2 0.889053 0.0382834 0.0243443 0.0407921 0.297574
2 0.846514 0.0651666 0.0203396 0.021732 0.295082
2 0.724352 0.109305 0.0308374 0.0311859 0.293948
2 0.478495 0.225024 0.0527933 0.0468418 0.291324
2 0.423185 0.212817 0.0619003 0.0652297 0.288533
2 0.972635 0.296721 0.0516569 0.0813421 0.287976
67 0.764275 0.757341 0.128901 0.231317 0.284194
2 0.479658 0.218787 0.0591286 0.0587092 0.280329
2 0.518792 0.163271 0.0387925 0.0520005 0.278115
2 0.518707 0.163268 0.03886 0.0526902 0.273761
2 0.973204 0.297376 0.0530376 0.0835429 0.27264
2 0.908884 0.0827554 0.0246902 0.0320161 0.269471
2 0.606454 0.153198 0.0461731 0.0436012 0.264471
67 0.965883 0.66835 0.0677757 0.210727 0.263113
2 0.909345 0.0823888 0.0241316 0.0327081 0.262956
2 0.519218 0.163003 0.0390156 0.053022 0.262129
2 0.761168 0.0573168 0.0237848 0.0263416 0.254702
2 0.722752 0.110931 0.028083 0.0297417 0.24594
2 0.761212 0.0563053 0.0264907 0.0253953 0.237476
2 0.973151 0.297386 0.0532404 0.0838199 0.232677
2 0.761236 0.0578718 0.0236347 0.0251373 0.231466
2 0.480209 0.217909 0.0607214 0.0609545 0.229971
67 0.764771 0.757006 0.128269 0.228346 0.228516
67 0.764958 0.756986 0.127559 0.229428 0.222988
2 0.518176 0.163302 0.0379065 0.0520913 0.222215
2 0.764341 0.756084 0.126297 0.229369 0.221273
2 0.476639 0.228387 0.0475178 0.0406162 0.216722
2 0.482364 0.215592 0.0521285 0.0532944 0.21505
67 0.763436 0.759258 0.130388 0.236016 0.211051
67 0.965381 0.669081 0.0687691 0.211829 0.210223
2 0.902308 0.14538 0.034816 0.0545577 0.208815
67 0.764183 0.75978 0.128395 0.23495 0.208166
2 0.763982 0.755763 0.126501 0.231603 0.204087
2 0.519319 0.163481 0.0386757 0.0526342 0.202607
2 0.507286 0.847444 0.193934 0.293668 0.20203
2 0.973257 0.29724 0.0526329 0.0817876 0.201697
2 0.856678 0.108611 0.0307594 0.0404826 0.201557
2 0.518919 0.16305 0.0377893 0.0532035 0.199609
2 0.476515 0.227486 0.0488041 0.0420599 0.196677
2 0.423647 0.211846 0.0612303 0.0654824 0.195096
2 0.973048 0.296815 0.0532417 0.0813546 0.194086
2 0.422139 0.221113 0.0594232 0.0548172 0.191802
67 0.965868 0.667481 0.0671738 0.208499 0.190909
2 0.423051 0.212531 0.0618092 0.0666879 0.183958
2 0.42374 0.212835 0.0588393 0.0663893 0.183306
2 0.479136 0.21647 0.0530784 0.0580767 0.183196
2 0.888914 0.0372237 0.0251354 0.0420204 0.173227
2 0.972809 0.296505 0.0533892 0.0838705 0.168464
2 0.927645 0.0230371 0.0146458 0.0262758 0.158552
2 0.761128 0.0580116 0.0244981 0.0272382 0.155623
2 0.764906 0.758082 0.129999 0.231603 0.154419
2 0.764735 0.758559 0.12803 0.226372 0.153997
2 0.7255 0.103788 0.0324753 0.0413012 0.153477
2 0.478351 0.220888 0.0525904 0.0522996 0.150717
2 0.517807 0.16374 0.0384071 0.0531133 0.149817
2 0.607081 0.153913 0.0458962 0.0442779 0.148209
2 0.526881 0.161457 0.023532 0.0496195 0.144139
2 0.726146 0.102059 0.0319695 0.0449252 0.138887
2 0.846392 0.0646513 0.0210972 0.0227324 0.131646
2 0.809277 0.0342523 0.0255752 0.0296217 0.121763
7 0.518148 0.163181 0.0383347 0.0527949 0.120389
2 0.725226 0.104798 0.032316 0.0380393 0.120126
2 0.478502 0.22351 0.0507662 0.0465047 0.115257
2 0.425796 0.211674 0.056439 0.0640888 0.111049
2 0.973261 0.296769 0.0519047 0.0809514 0.105331
2 0.419427 0.227844 0.0535769 0.0419675 0.0945471
2 0.78226 0.0580113 0.0210525 0.0256042 0.0942512
2 0.421507 0.224727 0.0586202 0.0475282 0.093148
2 0.97201 0.295999 0.0494284 0.0797736 0.0902058
2 0.609169 0.15286 0.0473372 0.0446364 0.089788
2 0.857287 0.106343 0.0283916 0.0447267 0.0862875
2 0.298356 0.468752 0.124355 0.125418 0.0839101
2 0.477994 0.213569 0.0567362 0.0595471 0.0808879
2 0.473147 0.228375 0.0406328 0.0402079 0.0788903
2 0.903194 0.14431 0.0369345 0.0552532 0.0778997
2 0.501923 0.24081 0.0642792 0.0673426 0.0777301
2 0.727367 0.0958385 0.0294243 0.0422684 0.075066
2 0.890962 0.025919 0.0218657 0.0236604 0.0737516
2 0.727597 0.0582282 0.0204683 0.0295709 0.0733599
2 0.299021 0.468608 0.120557 0.124191 0.0713994
2 0.297537 0.469507 0.122961 0.127371 0.0667693
2 0.846913 0.0654392 0.0213642 0.0225208 0.0659874
2 0.298853 0.467836 0.123392 0.123673 0.060703
2 0.810568 0.0336231 0.0267429 0.0345864 0.0602293
2 0.784286 0.0288107 0.018141 0.0217193 0.0592069
2 0.515506 0.164824 0.033133 0.0514157 0.0558918
2 0.597495 0.210736 0.0353937 0.0448356 0.0552121
5 0.965607 0.668296 0.0678318 0.211713 0.0551394
2 0.814617 0.0244436 0.0321142 0.0294815 0.0549354
2 0.607599 0.152954 0.0462738 0.0453168 0.0537231
2 0.762565 0.0546853 0.0283033 0.0298697 0.0530226
2 0.760982 0.0555189 0.0248581 0.0270645 0.0529963
2 0.297775 0.468584 0.119143 0.124629 0.0527633
2 0.297889 0.468899 0.125167 0.126074 0.0516837
2 0.429378 0.195407 0.046873 0.0325191 0.0499313
2 0.430059 0.195652 0.0464195 0.0325166 0.0499048
2 0.811665 0.0356634 0.0211195 0.0283904 0.0498635
2 0.790624 0.0581219 0.0388945 0.0334278 0.049298
2 0.927951 0.0216888 0.0147347 0.0269866 0.0485904
2 0.478801 0.208151 0.0605385 0.0753881 0.0466513
2 0.302182 0.470818 0.120481 0.128639 0.0459038
2 0.414049 0.22722 0.0430192 0.0434159 0.0453457
2 0.725326 0.100915 0.032513 0.0478664 0.0447407
2 0.606027 0.153939 0.0468142 0.0432895 0.0437454
2 0.785937 0.0238338 0.0211363 0.0311329 0.0437431
2 0.811318 0.0284582 0.032201 0.0406333 0.0428817
2 0.846568 0.064265 0.0224253 0.0246854 0.0426469
2 0.605925 0.199321 0.0494055 0.0584844 0.0399832
2 0.730085 0.0595382 0.0248671 0.0324656 0.0396
2 0.728793 0.0644634 0.0221771 0.0280035 0.0389589
2 0.781062 0.0604966 0.0207678 0.0263541 0.0388035
2 0.810393 0.0362305 0.0249863 0.0285592 0.0354093
2 0.520057 0.162782 0.0404314 0.054205 0.0351666
2 0.785228 0.0579592 0.0298157 0.0265737 0.0349581
2 0.764387 0.758136 0.130146 0.229055 0.0349107
5 0.965845 0.667574 0.067848 0.212822 0.0321514
2 0.595629 0.217281 0.0311687 0.0336452 0.0317613
2 0.84372 0.0631148 0.0218704 0.0226622 0.031745
2 0.605599 0.202624 0.0498455 0.0633914 0.0313258
2 0.72727 0.0992804 0.0386955 0.0498453 0.0306333
2 0.518462 0.163082 0.038764 0.052869 0.0303474
2 0.480142 0.206867 0.0561946 0.0753364 0.0302608
2 0.599445 0.212086 0.0399821 0.0407604 0.0294252
2 0.890298 0.0398791 0.024234 0.0374537 0.0291932
2 0.726838 0.0583429 0.022753 0.029448 0.0291537
67 0.965791 0.669572 0.0678343 0.211685 0.0284443
2 0.753502 0.0538968 0.0389663 0.0315965 0.0282229
2 0.60886 0.152685 0.0478447 0.0450365 0.0281753
2 0.428895 0.195079 0.0475283 0.0314231 0.0281015
2 0.477901 0.200508 0.0564854 0.063043 0.0278052
2 0.306221 0.441859 0.100124 0.069257 0.0272718
2 0.480201 0.225678 0.0559942 0.0465795 0.0260572
2 0.78673 0.0226749 0.0210896 0.0324728 0.0258675
2 0.297325 0.469578 0.124449 0.128196 0.0257648
2 0.902878 0.143448 0.0373035 0.056366 0.0253685
2 0.756395 0.0573966 0.0364655 0.0296391 0.0253613
2 0.786855 0.0268702 0.0237421 0.0294429 0.0241992
2 0.798496 0.0659327 0.0247995 0.0281278 0.0237856
2 0.603064 0.208318 0.0479064 0.0511035 0.0236588
2 0.604169 0.202502 0.0503946 0.0593584 0.0234266
2 0.481113 0.221463 0.0596294 0.0532766 0.023407
2 0.902173 0.136512 0.0348721 0.0443991 0.0231795
2 0.30162 0.471952 0.131152 0.132857 0.0230228
2 0.729255 0.0917782 0.040661 0.0480906 0.0229642
2 0.430224 0.193983 0.0442327 0.0301023 0.0222882
2 0.729266 0.0815534 0.0269602 0.0294483 0.0222724
2 0.29859 0.469271 0.125037 0.12702 0.0213626
67 0.964918 0.668291 0.0689949 0.205898 0.0213602
2 0.811574 0.0353327 0.0216833 0.0317591 0.0208112
2 0.595589 0.2181 0.0329608 0.0337942 0.0207695
2 0.460425 0.202085 0.083975 0.0554855 0.0205289
2 0.408254 0.230295 0.0338204 0.0389326 0.0200715
2 0.40892 0.228715 0.0313721 0.0405054 0.0200049
2 0.727549 0.0657554 0.0237816 0.0331299 0.0194633
2 0.80148 0.0627 0.0187838 0.0252118 0.0189314
2 0.770699 0.0305353 0.0435434 0.0253223 0.0187078
2 0.889206 0.0363106 0.025362 0.0440663 0.0178485
2 0.728143 0.0840619 0.0282847 0.026449 0.0173947
2 0.410956 0.22754 0.0388854 0.0424496 0.0171336
0 0.927908 0.0167068 0.01632 0.0332778 0.0171324
2 0.430345 0.193782 0.0439135 0.0297316 0.0170176
7 0.518025 0.163754 0.0373726 0.0518942 0.0170166
2 0.727963 0.0517806 0.0192015 0.0223713 0.0169762
2 0.801322 0.0658115 0.0189211 0.0246287 0.0166384
2 0.430783 0.193776 0.0442404 0.031076 0.0163792
2 0.596291 0.216089 0.0344662 0.0345562 0.0160598
2 0.926583 0.0220775 0.0184761 0.0303932 0.0160544
2 0.480708 0.181386 0.0430435 0.0333315 0.0155974
2 0.480188 0.20074 0.0562304 0.0333399 0.0153126
2 0.483066 0.180386 0.0384335 0.0293652 0.0151998
2 0.758336 0.0328792 0.0176471 0.0195674 0.0151597
2 0.303859 0.442321 0.0953263 0.0691059 0.0151295
5 0.815779 0.0270846 0.0407143 0.0471721 0.0148401
2 0.773773 0.0286821 0.0464324 0.0338134 0.0146514
2 0.30754 0.441395 0.0979527 0.0682974 0.0142659
2 0.520074 0.161531 0.0410357 0.0566434 0.0140084
2 0.477074 0.183633 0.0518666 0.0370106 0.0139495
2 0.76498 0.757542 0.12762 0.22964 0.0134756
2 0.843303 0.00881903 0.0209414 0.0172473 0.0128751
2 0.607858 0.2005 0.0513376 0.0579927 0.0126408
5 0.623119 0.500253 0.746686 0.99296 0.0126122
7 0.518264 0.163454 0.0375945 0.0558048 0.0126008
2 0.902591 0.137607 0.035022 0.0457387 0.0125014
2 0.60558 0.402267 0.0948673 0.0953854 0.0123379
2 0.731266 0.0830817 0.031353 0.0358475 0.011503
2 0.606951 0.200795 0.0545029 0.0581931 0.011369
2 0.77829 0.0324129 0.0441868 0.0445535 0.0111594
2 0.309252 0.441561 0.0955781 0.0673155 0.0110527
