2 0.682627 0.924503 0.15539 0.149583 0.851815
2 0.683018 0.924709 0.15551 0.14966 0.851775
2 0.682932 0.924924 0.155141 0.149624 0.842422
2 0.682695 0.924713 0.155303 0.149994 0.840751
2 0.682638 0.924564 0.154727 0.150115 0.834787
2 0.682484 0.924583 0.155212 0.149863 0.829894
2 0.682791 0.924854 0.155018 0.149152 0.827402
2 0.682371 0.924203 0.155045 0.150514 0.812571
2 0.682609 0.923915 0.154075 0.150939 0.776948
2 0.219008 0.624388 0.125686 0.0957602 0.739125
2 0.644746 0.650408 0.113048 0.115261 0.71819
2 0.682847 0.925056 0.156356 0.149826 0.713265
2 0.644928 0.650938 0.112899 0.112892 0.686038
2 0.219244 0.624634 0.126364 0.0959995 0.683115
2 0.644771 0.650328 0.112631 0.114726 0.681624
2 0.64484 0.650658 0.11248 0.113619 0.67811
2 0.644446 0.65089 0.113499 0.115106 0.675595
2 0.644697 0.649954 0.113332 0.114683 0.664056
2 0.218993 0.624674 0.126247 0.094948 0.649062
2 0.644534 0.650361 0.113538 0.116065 0.647597
2 0.21875 0.625169 0.125795 0.0952744 0.643965
2 0.644454 0.650597 0.113096 0.114586 0.639387
2 0.218956 0.624745 0.125776 0.09594 0.62373
2 0.218558 0.624962 0.125867 0.0953865 0.616706
2 0.644495 0.65108 0.112883 0.113276 0.616556
2 0.218437 0.624251 0.125639 0.0960287 0.611362
2 0.21846 0.624348 0.125498 0.0961292 0.596849
2 0.219073 0.62315 0.126623 0.0968535 0.591574
2 0.0698774 0.961581 0.137581 0.0760233 0.547348
2 0.250176 0.499489 0.100175 0.0730686 0.536441
2 0.0701481 0.962086 0.138483 0.0746666 0.525697
2 0.0701596 0.961943 0.138925 0.0755033 0.525269
2 0.0701384 0.96204 0.138638 0.0752998 0.520555
2 0.0691802 0.961752 0.137864 0.0759077 0.47228
2 0.250238 0.499296 0.100555 0.0723301 0.470964
2 0.250072 0.498773 0.100461 0.0721544 0.46869
2 0.0697698 0.962043 0.137988 0.074885 0.45562
2 0.250095 0.499259 0.100706 0.0721594 0.453658
2 0.249981 0.49948 0.100696 0.0717909 0.448868
2 0.250166 0.499331 0.10065 0.072107 0.43514
2 0.250081 0.499156 0.100617 0.0719191 0.421324
2 0.0693432 0.962036 0.138093 0.0748732 0.420286
2 0.250095 0.498825 0.104541 0.0723658 0.418989
2 0.644603 0.649935 0.112976 0.114246 0.416008
2 0.250063 0.49933 0.100579 0.0718142 0.40972
2 0.0696736 0.96189 0.138374 0.0755594 0.40249
0 0.0700712 0.517007 0.0219017 0.0678347 0.357782
2 0.682602 0.84153 0.0416237 0.0285593 0.355668
0 0.67533 0.47593 0.0173903 0.065571 0.347803
0 0.0537962 0.511726 0.0233213 0.0748842 0.340377
0 0.0546546 0.509957 0.0205058 0.072474 0.333146
2 0.68472 0.841189 0.0377026 0.0274838 0.32678
2 0.994694 0.453373 0.00988884 0.0395711 0.319717
0 0.0705702 0.517468 0.0208559 0.0681875 0.312342
0 0.0177862 0.505174 0.019472 0.0600831 0.311099
2 0.250259 0.498898 0.10305 0.072114 0.310969
0 0.752861 0.454114 0.0161311 0.0567173 0.309589
7 0.967667 0.624079 0.0636574 0.0918341 0.307303
2 0.967777 0.626161 0.0635303 0.08407 0.30396
0 0.055633 0.50929 0.0183168 0.0702831 0.302941
0 0.0698191 0.518004 0.021425 0.0687298 0.301964
2 0.0693449 0.962116 0.137443 0.0746792 0.293937
0 0.0468437 0.509664 0.023004 0.0723339 0.293819
0 0.0183961 0.505162 0.017275 0.0589781 0.293175
2 0.277486 0.89016 0.193493 0.157968 0.286133
0 0.0454226 0.508305 0.0196635 0.0692875 0.276265
0 0.749104 0.4541 0.0147185 0.0565943 0.27301
7 0.968146 0.619657 0.0631683 0.101024 0.272825
2 0.277446 0.89191 0.194709 0.159853 0.263687
0 0.651096 0.471983 0.0147309 0.0557911 0.258946
0 0.674379 0.465437 0.014212 0.0428007 0.255938
0 0.681228 0.477598 0.0280264 0.0681561 0.255932
2 0.679899 0.842364 0.0490804 0.0310612 0.253399
7 0.967954 0.606716 0.0635792 0.126932 0.250235
7 0.967548 0.607643 0.0639814 0.125178 0.24783
0 0.0703771 0.517283 0.0202728 0.0669482 0.245353
0 0.0435038 0.507967 0.0176942 0.0680738 0.243958
0 0.0153973 0.501731 0.0251043 0.067321 0.240098
2 0.277121 0.892686 0.193776 0.159985 0.23674
2 0.276807 0.891751 0.193606 0.160388 0.236616
2 0.968052 0.626007 0.0632328 0.0816925 0.236287
2 0.644402 0.650497 0.113674 0.116898 0.233969
2 0.967311 0.626537 0.0647707 0.085075 0.232736
2 0.968007 0.626609 0.0630714 0.0877987 0.2317
7 0.967786 0.624209 0.0635418 0.0913282 0.230162
0 0.752166 0.457852 0.0150459 0.04918 0.224138
2 0.58411 0.825807 0.023744 0.0207338 0.210726
0 0.674073 0.461821 0.0137407 0.034507 0.205953
0 0.684004 0.478034 0.0238273 0.0656323 0.203284
0 0.749329 0.454696 0.0145546 0.0561893 0.20143
2 0.684745 0.841582 0.037314 0.027446 0.199278
0 0.752344 0.453456 0.016498 0.056954 0.199232
0 0.685099 0.479708 0.0222862 0.0638479 0.198626
2 0.967961 0.62653 0.0635307 0.0888994 0.193348
0 0.650833 0.471293 0.0150362 0.0584694 0.188393
2 0.277195 0.889249 0.193866 0.156691 0.186142
9 0.15521 0.426068 0.013649 0.0281927 0.184969
0 0.0510166 0.511602 0.0266257 0.0784994 0.17955
0 0.682123 0.479466 0.0276695 0.0683876 0.178215
2 0.967524 0.62739 0.0636116 0.080365 0.17322
0 0.748376 0.453932 0.0132177 0.0556813 0.172251
0 0.6882 0.485881 0.0156108 0.0519936 0.171682
2 0.995046 0.456146 0.00935879 0.0371265 0.1704
0 0.651057 0.470924 0.0151312 0.0590586 0.170364
2 0.994929 0.451397 0.00952415 0.04217 0.169155
7 0.968046 0.623046 0.0634006 0.0940043 0.168339
0 0.651092 0.470717 0.016515 0.0585649 0.166909
0 0.676286 0.477711 0.0194838 0.0675287 0.158477
0 0.688595 0.487496 0.0163029 0.0542441 0.157181
7 0.967504 0.606721 0.0645367 0.127419 0.156705
0 0.651245 0.474063 0.0152472 0.052228 0.154056
2 0.685108 0.841078 0.0366055 0.0275852 0.152342
0 0.0485123 0.509704 0.0255787 0.0754887 0.15052
0 0.0191581 0.509129 0.0151377 0.0523602 0.150263
0 0.00702087 0.505942 0.0140417 0.0562652 0.147993
0 0.675368 0.477946 0.0184628 0.0704546 0.146972
2 0.967688 0.629135 0.0634926 0.0798921 0.144813
2 0.277271 0.892548 0.194438 0.161388 0.144472
2 0.681603 0.842086 0.0455094 0.0290112 0.143105
0 0.00566895 0.50949 0.0113366 0.0482895 0.1382
0 0.674947 0.473658 0.0169434 0.0609579 0.136931
2 0.584789 0.826596 0.0228625 0.0211554 0.125601
2 0.635089 0.795953 0.0237001 0.0221027 0.124968
0 0.0157759 0.502528 0.0261953 0.0626545 0.1242
0 0.0155769 0.505209 0.0225287 0.0593945 0.120502
2 0.684605 0.841639 0.0381441 0.0285755 0.11667
2 0.634682 0.796955 0.0252377 0.0228303 0.109082
0 0.651075 0.470995 0.016824 0.0591273 0.108048
2 0.218356 0.624709 0.125197 0.0957087 0.106701
0 0.060866 0.511867 0.0275197 0.0754169 0.106402
0 0.749444 0.45664 0.0155958 0.0536217 0.105869
2 0.381487 0.477698 0.0173285 0.0300232 0.104501
0 0.0682517 0.517862 0.0245705 0.0703709 0.103021
2 0.673858 0.843281 0.0611183 0.0324093 0.0998423
9 0.155249 0.426415 0.013291 0.0289591 0.0991467
2 0.991898 0.454168 0.0155941 0.0399323 0.098639
2 0.466902 0.899425 0.0294196 0.0209873 0.0970998
0 0.0556502 0.506447 0.0185515 0.0662569 0.0970371
0 0.751918 0.461041 0.0162344 0.0444057 0.0950878
0 0.6882 0.484626 0.0153481 0.050753 0.0930803
7 0.967469 0.604663 0.0645546 0.133238 0.090948
9 0.340883 0.417933 0.0110147 0.0239887 0.0865563
0 0.00532392 0.513184 0.0105237 0.0419963 0.0860987
2 0.276878 0.892014 0.195871 0.16185 0.085831
2 0.635223 0.796452 0.0238077 0.0221733 0.0856582
7 0.967544 0.607031 0.0639078 0.12997 0.0850807
0 0.1553 0.513788 0.0132256 0.0322901 0.0845498
2 0.0693946 0.962308 0.137567 0.0744484 0.0825673
0 0.0595964 0.510991 0.0291151 0.0765183 0.081392
2 0.528086 0.860228 0.0245916 0.019009 0.0796136
0 0.155234 0.514813 0.0135887 0.0315592 0.0794848
2 0.681652 0.767395 0.0240229 0.0230059 0.0764986
2 0.634983 0.797946 0.0250476 0.0246623 0.0753585
0 0.0205719 0.512181 0.0127739 0.0457125 0.0739907
0 0.00505283 0.519667 0.00998419 0.0467695 0.0731597
2 0.276815 0.887255 0.195649 0.153292 0.0727446
0 0.0595459 0.512671 0.0361734 0.0767877 0.0724562
0 0.751803 0.452412 0.0150647 0.0558165 0.0717089
0 0.547816 0.486217 0.0324904 0.0917515 0.0689143
0 0.650823 0.47054 0.0164236 0.0583603 0.0685132
2 0.275757 0.892285 0.1913 0.158511 0.0682124
2 0.0694487 0.96188 0.137492 0.0748356 0.0681777
0 0.685485 0.487173 0.0226909 0.0580112 0.0677075
2 0.636123 0.795181 0.0229233 0.026301 0.0675807
2 0.131539 0.506845 0.0614382 0.0443178 0.0669166
2 0.381546 0.478476 0.0178498 0.0321732 0.0659175
0 0.320022 0.490302 0.0174188 0.0321433 0.0658833
2 0.726053 0.747505 0.0267397 0.022646 0.0650872
2 0.677196 0.84295 0.0522525 0.0324528 0.064747
0 0.688707 0.48934 0.0171205 0.0560318 0.0642087
2 0.467257 0.898964 0.0295056 0.02183 0.0635544
0 0.0438997 0.506386 0.0187923 0.0672791 0.0634211
0 0.650727 0.473942 0.0164091 0.0518229 0.0625155
0 0.683814 0.477475 0.0252159 0.0656418 0.0598176
2 0.584209 0.825382 0.0232675 0.020941 0.0595341
2 0.730416 0.75288 0.0304497 0.0351738 0.0581797
2 0.466381 0.899283 0.0307505 0.02227 0.0522118
2 0.726596 0.748996 0.0299205 0.0255318 0.0518093
2 0.585099 0.828266 0.0232729 0.0231392 0.0510375
0 0.0456501 0.509185 0.0235935 0.0699829 0.0492979
2 0.135285 0.508538 0.0512639 0.0412729 0.0488585
0 0.0129662 0.501377 0.0259323 0.0674519 0.0482635
6 0.395339 0.829325 0.439263 0.339772 0.0452817
2 0.527513 0.860443 0.0259432 0.0195301 0.0446955
2 0.680537 0.843062 0.048048 0.0311674 0.0438973
0 0.749132 0.452875 0.0149445 0.0546513 0.0431209
0 0.778705 0.447578 0.0145323 0.0278738 0.042476
0 0.755117 0.454696 0.0197037 0.0511671 0.0420172
2 0.0695516 0.961775 0.137229 0.075528 0.0407376
0 0.319497 0.492647 0.0175179 0.0296067 0.0404381
2 0.728038 0.749905 0.0321124 0.0273004 0.0400885
2 0.384391 0.479296 0.0240978 0.0337309 0.0398576
0 0.38168 0.480627 0.022191 0.033658 0.0394412
2 0.67418 0.844582 0.0621168 0.0366688 0.0387772
2 0.530168 0.859621 0.0237722 0.0186417 0.0387664
0 0.778675 0.447973 0.0159794 0.0289089 0.03799
2 0.382816 0.480142 0.020044 0.0333289 0.0379645
2 0.797717 0.703792 0.0246571 0.0198242 0.0377291
0 0.684725 0.482062 0.0238853 0.0702054 0.0377181
2 0.526208 0.859932 0.0273849 0.0201981 0.0367352
2 0.13822 0.507643 0.045138 0.0429867 0.0365759
2 0.967544 0.626599 0.064492 0.08529 0.0362918
2 0.384167 0.479827 0.0254812 0.0335642 0.0358761
2 0.526063 0.860461 0.0283204 0.0204638 0.0358494
2 0.683301 0.764732 0.0253794 0.0269863 0.0355015
0 0.995008 0.440365 0.00931549 0.0599231 0.0350703
0 0.548118 0.485975 0.0329117 0.0913469 0.0350612
2 0.635084 0.800398 0.0247957 0.0338626 0.0346812
6 0.393879 0.827264 0.440073 0.344121 0.033855
2 0.136523 0.508734 0.0503653 0.0419788 0.0335758
2 0.797537 0.703511 0.0245615 0.0224214 0.0333538
5 0.549355 0.437472 0.10575 0.107337 0.0332946
2 0.983554 0.450113 0.0317549 0.0343548 0.0327987
0 0.556316 0.48332 0.0171593 0.0712608 0.0323269
2 0.384363 0.478878 0.0241683 0.0335344 0.0313688
2 0.725324 0.746897 0.0249791 0.0226744 0.0306961
5 0.54908 0.431969 0.101775 0.0962995 0.0305616
2 0.656923 0.6041 0.0739897 0.0283041 0.030196
0 0.548362 0.491876 0.031431 0.0793236 0.0301209
0 0.548174 0.486334 0.0324463 0.0893016 0.0291543
2 0.109593 0.506555 0.0277134 0.0404278 0.0290613
2 0.584839 0.825407 0.023301 0.02241 0.0288376
0 0.0457855 0.508058 0.0255193 0.0723711 0.0288015
5 0.549517 0.437876 0.103937 0.107472 0.028618
0 0.651206 0.463717 0.0158857 0.0468578 0.0282528
2 0.0697426 0.962062 0.139011 0.075429 0.0277491
0 0.574485 0.475602 0.0178765 0.0421932 0.0276546
2 0.618636 0.618432 0.107352 0.0559198 0.0275542
0 0.548015 0.488565 0.0333775 0.0892647 0.0268622
2 0.686521 0.843212 0.0463715 0.0310598 0.0265171
0 0.548031 0.485031 0.0336237 0.0933435 0.0262869
2 0.65533 0.614887 0.0814098 0.0498316 0.026188
0 0.0709495 0.517957 0.0247311 0.0658628 0.0260962
0 0.00468427 0.524478 0.00936854 0.0522897 0.0258245
0 0.576685 0.476243 0.0140268 0.0407835 0.0257181
0 0.871424 0.458353 0.0127697 0.0251415 0.0256723
5 0.548899 0.437505 0.103534 0.106707 0.0254878
6 0.27616 0.892883 0.193985 0.163337 0.0252383
0 0.55407 0.487397 0.0205694 0.0862642 0.0252033
0 0.0516422 0.521944 0.0248733 0.0701282 0.0248434
2 0.126168 0.504661 0.077462 0.0474525 0.0248234
3 0.351062 0.486495 0.0204068 0.0329683 0.0247467
2 0.544843 0.400809 0.0864603 0.0395827 0.024661
0 0.548036 0.487205 0.0332296 0.0892267 0.0244188
6 0.393728 0.826033 0.438194 0.347395 0.0238843
2 0.678428 0.768107 0.0266609 0.0221454 0.023838
2 0.984629 0.452557 0.0296715 0.0396645 0.0238098
2 0.676708 0.844635 0.0583695 0.0351288 0.0236057
2 0.137551 0.509001 0.0490911 0.0411375 0.0232832
2 0.544567 0.400338 0.0872673 0.0397696 0.0232789
2 0.546101 0.400703 0.083614 0.0393758 0.0219915
0 0.75563 0.452849 0.0212217 0.0524774 0.0216315
2 0.401112 0.943539 0.0228213 0.0225071 0.0215165
0 0.0144316 0.495234 0.0274933 0.0620413 0.0214119
2 0.278128 0.874379 0.190487 0.125229 0.0212376
0 0.774092 0.448239 0.0161762 0.0317598 0.0209314
2 0.641947 0.603874 0.0505164 0.0280598 0.0209313
5 0.550211 0.441697 0.10514 0.105941 0.0208244
5 0.548493 0.439701 0.108864 0.109077 0.0206915
2 0.6312 0.795479 0.0310534 0.0227442 0.0204329
2 0.444284 0.479026 0.0128559 0.0171144 0.0204225
2 0.967516 0.62115 0.0617008 0.0705545 0.0201239
2 0.982619 0.449701 0.0346207 0.0331413 0.0200727
2 0.624788 0.619156 0.123378 0.059621 0.0192651
5 0.547565 0.436065 0.0984346 0.104963 0.0191727
6 0.393313 0.817873 0.437663 0.363285 0.0191575
2 0.148292 0.509013 0.0503556 0.0400023 0.0189243
6 0.276999 0.894606 0.198932 0.164434 0.0189143
2 0.545554 0.399343 0.0904961 0.0370504 0.0187035
0 0.515754 0.477505 0.0142942 0.0392618 0.0185406
2 0.46763 0.899591 0.0313762 0.0233625 0.0181967
2 0.128253 0.507291 0.0605855 0.0395036 0.0181239
0 0.674535 0.46063 0.0159425 0.0377184 0.0174902
2 0.379583 0.479601 0.0253672 0.0353587 0.0173405
7 0.966428 0.621569 0.0667366 0.0979856 0.0168943
2 0.140311 0.507871 0.0481587 0.0434394 0.0168805
0 0.675326 0.46108 0.0179111 0.0382079 0.0168794
6 0.276022 0.893559 0.190899 0.158044 0.0166381
2 0.729206 0.751854 0.0352374 0.0310873 0.0164537
0 0.0481748 0.509554 0.0317374 0.0730072 0.0164217
2 0.127749 0.504978 0.0644481 0.0459764 0.0161461
2 0.764127 0.724947 0.0210278 0.0190326 0.0160158
2 0.99193 0.451595 0.0155699 0.0418951 0.015485
5 0.550273 0.439011 0.104129 0.108468 0.015352
2 0.683328 0.767675 0.0270937 0.0267481 0.0151444
2 0.682472 0.765715 0.0239342 0.0250843 0.0149032
2 0.46643 0.898895 0.0307382 0.0225832 0.0145902
0 0.591945 0.473652 0.01522 0.0434448 0.0142609
2 0.462857 0.460709 0.0295906 0.0368357 0.0141252
5 0.527255 0.438683 0.0298811 0.0483385 0.0141094
2 0.804248 0.700115 0.0387322 0.0285971 0.0140965
0 0.513073 0.47838 0.0127118 0.0342103 0.0139648
2 0.462912 0.453387 0.0277874 0.0249446 0.013954
2 0.124029 0.508635 0.0520535 0.0366213 0.0136571
0 0.51023 0.47545 0.0175686 0.0436677 0.0135681
0 0.0640669 0.509123 0.0259127 0.0713045 0.0135579
0 0.514293 0.476712 0.017553 0.0408527 0.0135083
2 0.463296 0.450623 0.0274313 0.0186878 0.0134344
0 0.650058 0.462414 0.0158705 0.0434875 0.0132414
0 0.509529 0.477212 0.0150678 0.0393705 0.013153
