0 0.0663413 0.604306 0.0330476 0.131117 0.690257
0 0.0658056 0.604613 0.0334971 0.130824 0.684231
0 0.0668701 0.604356 0.0350672 0.131413 0.683652
0 0.0668127 0.603953 0.0338951 0.134019 0.682753
0 0.0663098 0.604662 0.0331445 0.131405 0.668123
0 0.0669989 0.60443 0.0338545 0.130624 0.665883
0 0.0666827 0.603576 0.0342341 0.136052 0.637708
5 0.397179 0.279472 0.58141 0.127201 0.625205
0 0.0674954 0.605874 0.0340481 0.128952 0.603639
5 0.397505 0.281369 0.580392 0.128667 0.58939
0 0.0671036 0.604752 0.0345872 0.131422 0.580644
5 0.395383 0.27879 0.587495 0.126453 0.498368
0 0.150636 0.615582 0.0312434 0.11119 0.493948
0 0.150829 0.617704 0.0302422 0.101732 0.485438
5 0.396837 0.284252 0.584584 0.134928 0.483665
5 0.396153 0.282595 0.586618 0.134391 0.481035
0 0.151123 0.617203 0.0296442 0.102983 0.477872
0 0.15109 0.614896 0.0326464 0.110157 0.473501
5 0.394233 0.286671 0.587098 0.139204 0.466905
0 0.0659924 0.603874 0.0319469 0.13152 0.458211
0 0.150763 0.615936 0.0309192 0.112333 0.451943
0 0.150749 0.614908 0.030947 0.10752 0.450111
5 0.398987 0.284062 0.600105 0.137016 0.444987
5 0.396636 0.285982 0.599136 0.137882 0.415182
0 0.150506 0.615646 0.0317679 0.107069 0.399768
0 0.372386 0.625041 0.0287951 0.123249 0.382606
0 0.372459 0.620762 0.0285031 0.11468 0.370148
0 0.372681 0.613795 0.027327 0.10051 0.358854
0 0.118716 0.635032 0.0394554 0.0784241 0.347255
0 0.151384 0.619102 0.0284276 0.0969305 0.339115
5 0.398394 0.282079 0.600206 0.135484 0.332623
0 0.372273 0.620866 0.0277822 0.11485 0.325512
0 0.371619 0.626511 0.0303182 0.126575 0.319349
0 0.372176 0.626171 0.0288255 0.125251 0.308705
0 0.151028 0.613756 0.0316268 0.106529 0.307473
0 0.118405 0.633746 0.0388879 0.0798655 0.305139
5 0.204712 0.294403 0.211257 0.110994 0.303342
0 0.149125 0.614824 0.0324893 0.109489 0.280051
0 0.149475 0.615372 0.0334888 0.110348 0.273535
0 0.150644 0.620663 0.029364 0.0913019 0.264788
0 0.372573 0.613945 0.027481 0.101521 0.256187
0 0.118683 0.633584 0.0387978 0.0793917 0.25013
0 0.371702 0.624894 0.0279103 0.126411 0.24531
0 0.118415 0.633448 0.0393665 0.079035 0.244571
0 0.151047 0.619265 0.0311398 0.116736 0.239407
0 0.119224 0.635083 0.0411721 0.079377 0.236745
0 0.118484 0.635229 0.0353857 0.0754246 0.222998
5 0.204465 0.289146 0.210956 0.100578 0.221826
0 0.372976 0.61109 0.027457 0.0946239 0.21881
0 0.109045 0.635155 0.0209249 0.0752451 0.212209
0 0.118706 0.632829 0.0393336 0.0816122 0.207729
0 0.11076 0.634377 0.0238051 0.0748657 0.20726
5 0.205796 0.301318 0.209371 0.123635 0.20381
5 0.205659 0.288466 0.213077 0.0990589 0.201164
0 0.371024 0.626476 0.0320337 0.128202 0.199772
5 0.205369 0.288358 0.21129 0.100278 0.186317
5 0.402983 0.280436 0.606691 0.129963 0.182562
2 0.890053 0.208142 0.0696568 0.0535925 0.153043
0 0.152008 0.622633 0.0272202 0.0961708 0.152987
5 0.20604 0.290559 0.209434 0.102588 0.145782
0 0.108585 0.635111 0.020012 0.0737524 0.143228
0 0.113989 0.636033 0.0278743 0.072806 0.140811
0 0.0659369 0.603275 0.0319136 0.131943 0.13044
0 0.150606 0.613748 0.0314776 0.105574 0.129711
0 0.74382 0.252237 0.017242 0.042626 0.129393
2 0.898504 0.208851 0.0872898 0.052005 0.110862
2 0.892182 0.210331 0.0759935 0.0534415 0.109945
0 0.755133 0.253419 0.0146077 0.0411555 0.105155
0 0.745416 0.253549 0.0181723 0.0432432 0.100266
0 0.372974 0.607477 0.0269232 0.0857711 0.0992764
2 0.586322 0.310967 0.0606844 0.0364203 0.097023
0 0.1244 0.631353 0.0337093 0.0769163 0.0964214
0 0.755956 0.253884 0.0168775 0.0415635 0.0960196
0 0.0681098 0.606311 0.0342202 0.127911 0.0943123
2 0.894625 0.208987 0.0791237 0.0550871 0.09238
0 0.121309 0.628774 0.0323802 0.0794185 0.0883125
2 0.586753 0.311188 0.0616935 0.0373086 0.0879583
0 0.756674 0.254359 0.0195292 0.0436851 0.0838176
2 0.893916 0.208778 0.0776306 0.0555888 0.0829301
2 0.588151 0.31163 0.0656709 0.0381138 0.0800037
0 0.767297 0.254058 0.0205176 0.0358221 0.0780183
2 0.585724 0.310904 0.0612762 0.0369298 0.0778646
0 0.00917555 0.292483 0.0183323 0.0352188 0.073091
2 0.718344 0.190505 0.0161803 0.0278587 0.0723217
2 0.895732 0.211337 0.0823313 0.053748 0.071524
0 0.00791294 0.293673 0.0157387 0.0319643 0.0690313
58 0.370509 0.311916 0.035399 0.0240293 0.0689418
2 0.593768 0.311031 0.0768297 0.0395086 0.0659981
0 0.747048 0.254783 0.0203476 0.0448782 0.0649275
2 0.826051 0.204056 0.0547482 0.0268464 0.0635821
2 0.828141 0.204264 0.049165 0.0276986 0.0620622
0 0.770526 0.255026 0.021081 0.0342826 0.0597626
2 0.828594 0.204356 0.0497643 0.0274714 0.0583399
2 0.718177 0.189127 0.0165055 0.0298944 0.0557257
0 0.126603 0.632604 0.0312255 0.0781527 0.0549927
2 0.586286 0.311004 0.0611977 0.0370769 0.0548472
2 0.890394 0.212033 0.0702023 0.0531207 0.0538003
58 0.371031 0.311665 0.0344999 0.0238289 0.0512661
5 0.394995 0.281443 0.59285 0.120135 0.0508922
2 0.89275 0.213204 0.0758822 0.0528511 0.0506394
2 0.586467 0.311019 0.0611792 0.0374624 0.0501598
5 0.0570633 0.295921 0.114127 0.126865 0.0498987
2 0.900895 0.21091 0.0925293 0.0538839 0.048823
2 0.827523 0.203184 0.0505939 0.0294531 0.0481093
5 0.206174 0.299861 0.207451 0.11732 0.0480651
0 0.726722 0.251413 0.0282516 0.0340855 0.0477808
0 0.107277 0.629167 0.0166824 0.0624403 0.0477566
0 0.123728 0.631941 0.0357433 0.077323 0.0468219
2 0.898562 0.211243 0.0877251 0.0496215 0.0465478
0 0.0275584 0.294823 0.0164891 0.0288322 0.0461632
36 0.37157 0.654441 0.021385 0.0691626 0.045483
2 0.82759 0.194953 0.0497168 0.0467291 0.0451596
0 0.0409335 0.294578 0.0164327 0.0278909 0.0443165
36 0.371977 0.65744 0.0199635 0.0642273 0.0433272
1 0.726181 0.255673 0.0279177 0.0356155 0.0429775
2 0.591746 0.311628 0.0734324 0.0413388 0.0420069
2 0.596508 0.312859 0.081255 0.0409781 0.0413909
2 0.904783 0.190437 0.0276466 0.0175726 0.041168
5 0.511755 0.274183 0.349822 0.117685 0.0410467
5 0.206332 0.290695 0.209201 0.102064 0.0407311
2 0.827915 0.200204 0.0488607 0.0363189 0.0392637
0 0.600979 0.262908 0.0304819 0.0496961 0.0390682
2 0.892813 0.212546 0.0784264 0.0511023 0.0385777
0 0.00992409 0.292259 0.017013 0.0333354 0.0379258
2 0.826463 0.200122 0.0527639 0.0345623 0.037003
0 0.0418538 0.294987 0.0180046 0.0276873 0.0366823
0 0.0337214 0.295038 0.0200927 0.0284472 0.0365956
0 0.730086 0.176019 0.0205597 0.043529 0.0359349
1 0.727176 0.257803 0.029976 0.0401909 0.0353445
0 0.759207 0.252747 0.0240686 0.0414235 0.0347402
0 0.0669383 0.606296 0.0332846 0.126643 0.034412
0 0.0930642 0.293574 0.016528 0.0243631 0.0342431
0 0.0085446 0.295952 0.0170892 0.0360635 0.0339151
5 0.0578106 0.296736 0.115621 0.124688 0.033735
2 0.925438 0.212831 0.142088 0.0562905 0.0336538
5 0.514324 0.275721 0.34555 0.118289 0.0328919
2 0.597582 0.311274 0.0834381 0.0381496 0.0324452
0 0.501223 0.320725 0.0224138 0.0265556 0.0323756
5 0.20644 0.291397 0.207767 0.101749 0.0319704
0 0.730604 0.174953 0.0164346 0.044181 0.0318368
0 0.0138882 0.291792 0.020947 0.0352135 0.0314752
2 0.829258 0.202213 0.0511909 0.0326513 0.0311144
0 0.119123 0.636858 0.0342981 0.0781407 0.0310289
0 0.0572397 0.292603 0.0200023 0.0334192 0.0300459
2 0.909081 0.190695 0.0389595 0.0226433 0.0299976
0 0.77212 0.255568 0.0268528 0.0325768 0.0294249
0 0.00651508 0.719966 0.0130302 0.0932972 0.0288363
0 0.00763868 0.722965 0.0152774 0.0900743 0.0287909
0 0.0570195 0.604838 0.0506212 0.131714 0.0282225
0 0.0144731 0.717521 0.0289462 0.101053 0.0281177
1 0.725414 0.254743 0.0282192 0.0343335 0.0280702
2 0.59633 0.310903 0.081556 0.0397456 0.027634
0 0.760612 0.254374 0.0234061 0.0411898 0.0272232
2 0.887695 0.21526 0.06462 0.0503724 0.0270844
0 0.599805 0.262331 0.0312051 0.0494336 0.0264467
0 0.501325 0.321482 0.0232479 0.0262181 0.0258717
58 0.370764 0.312384 0.0338951 0.0222434 0.0258058
0 0.730732 0.175954 0.0163034 0.0452642 0.0257451
0 0.0589364 0.293877 0.0191614 0.0311121 0.0255774
0 0.75392 0.251212 0.0174328 0.0437957 0.0254502
0 0.122287 0.600819 0.0151685 0.0239374 0.0252316
0 0.372152 0.624521 0.0281754 0.125048 0.0249374
5 0.0934339 0.296632 0.186583 0.125137 0.0249249
5 0.401163 0.283105 0.601554 0.130964 0.0247932
0 0.593779 0.264326 0.0239788 0.0439266 0.0245377
0 0.0928792 0.290586 0.0162941 0.0298961 0.0241639
0 0.744477 0.251 0.0214939 0.044386 0.0241055
0 0.149237 0.625913 0.0292696 0.0859926 0.0240728
0 0.0575769 0.290887 0.0197825 0.0355252 0.0238298
2 0.90846 0.188039 0.0223179 0.0188286 0.0238172
0 0.870047 0.181534 0.0172709 0.0207809 0.0237789
0 0.016837 0.293438 0.0162112 0.0319963 0.0237216
5 0.205826 0.289108 0.213268 0.100965 0.0236041
2 0.903255 0.207824 0.0921909 0.0531946 0.0233433
0 0.0220976 0.294176 0.0184272 0.0303331 0.023289
0 0.729952 0.195881 0.0302037 0.0915388 0.0225987
2 0.888977 0.205222 0.0642471 0.0406869 0.0225698
2 0.44026 0.75452 0.033186 0.0200947 0.0225661
0 0.718483 0.195061 0.0167228 0.0470253 0.0224249
0 0.776495 0.258611 0.0193876 0.0266275 0.0219518
5 0.514363 0.273822 0.345908 0.116855 0.0216799
2 0.892671 0.215538 0.077047 0.0512138 0.0216147
2 0.586723 0.309818 0.0614033 0.0385389 0.0216045
1 0.734958 0.254884 0.0213938 0.0448785 0.0213944
0 0.72689 0.180176 0.027169 0.0570909 0.0210874
0 0.770891 0.254719 0.0243671 0.0356989 0.0210347
2 0.87066 0.217875 0.0315067 0.047028 0.0209221
0 0.0128761 0.721056 0.0257522 0.0978477 0.0205681
0 0.0368907 0.291696 0.0142629 0.0304912 0.019956
0 0.668256 0.270954 0.0269371 0.0403399 0.0196833
0 0.666727 0.270238 0.0227211 0.038634 0.019641
36 0.371947 0.659467 0.0221771 0.0606174 0.0196182
0 0.0284082 0.29194 0.018719 0.0333323 0.0193918
0 0.152046 0.611808 0.0284448 0.100418 0.0190358
0 0.0130702 0.71982 0.0261405 0.0993914 0.0187298
36 0.372059 0.654322 0.0225604 0.0700938 0.018394
0 0.0970126 0.341061 0.0248808 0.0440494 0.0183776
0 0.0139422 0.71805 0.0271561 0.0947284 0.0181341
2 0.824895 0.1963 0.0575257 0.0426626 0.0180128
1 0.725658 0.257471 0.0310328 0.0392988 0.0180027
2 0.904112 0.215363 0.103253 0.0536155 0.0179097
0 0.598347 0.265049 0.0326378 0.0474206 0.0178743
2 0.924246 0.209612 0.13985 0.0640742 0.017674
58 0.371432 0.312229 0.0333535 0.0229199 0.0175811
1 0.725823 0.252047 0.0284719 0.0317839 0.0170195
0 0.719912 0.188673 0.0208461 0.0525817 0.0168522
2 0.910676 0.186952 0.0259489 0.0248257 0.016836
0 0.0709688 0.177015 0.0119238 0.0330289 0.0167259
0 0.0410079 0.291905 0.0179191 0.031495 0.0166796
0 0.728455 0.175219 0.0259878 0.0438576 0.0164901
2 0.927146 0.211672 0.144111 0.0612289 0.0162197
0 0.50112 0.321792 0.0233953 0.027337 0.0159557
7 0.438308 0.724895 0.173708 0.161845 0.0159015
0 0.601619 0.263012 0.0352941 0.0477636 0.0158387
0 0.070886 0.177446 0.0110872 0.0320186 0.0157604
2 0.924509 0.216134 0.143439 0.056005 0.015753
58 0.369317 0.311017 0.0401157 0.0265616 0.0154676
5 0.514034 0.273848 0.344494 0.116736 0.0150281
26 0.128227 0.630603 0.0284761 0.0742214 0.0149221
2 0.928203 0.211282 0.143595 0.0619587 0.0148713
5 0.479191 0.274525 0.27457 0.115081 0.0147762
0 0.0972017 0.335642 0.0272496 0.0545293 0.0147633
5 0.435084 0.280992 0.183598 0.0986082 0.0147448
0 0.0138237 0.719704 0.0276473 0.0969479 0.0146171
0 0.0623543 0.291061 0.0114187 0.0313639 0.0145538
0 0.603418 0.263419 0.0284559 0.0443144 0.0143998
0 0.719645 0.198727 0.0168413 0.0568183 0.0143881
0 0.501232 0.321327 0.0243301 0.0267721 0.0143324
5 0.205789 0.311035 0.212457 0.142584 0.0143027
1 0.736412 0.25215 0.0178637 0.0441201 0.0142531
0 0.661996 0.269178 0.0170013 0.0364511 0.0141917
2 0.823744 0.19353 0.0585285 0.0488772 0.014158
2 0.38789 0.781983 0.0503211 0.0357566 0.0138927
0 0.889772 0.388465 0.0138889 0.0340281 0.0136777
0 0.599994 0.262882 0.034083 0.047129 0.013676
0 0.0971374 0.343374 0.0254737 0.0485805 0.0134214
0 0.73116 0.175581 0.0160824 0.0460696 0.0132918
0 0.666689 0.269334 0.0210487 0.0381063 0.0132271
2 0.871699 0.216802 0.0388758 0.0519825 0.013181
13 0.660286 0.317584 0.0543217 0.0314137 0.012909
5 0.127533 0.296367 0.254479 0.124351 0.0128022
0 0.88946 0.387744 0.0130692 0.0328479 0.0127487
0 0.666813 0.270495 0.0262 0.0386405 0.0123178
5 0.161291 0.30006 0.321841 0.130802 0.0122661
2 0.891693 0.190117 0.0599136 0.0225599 0.0122528
0 0.45835 0.745346 0.0108904 0.0375273 0.0118619
2 0.262553 0.73824 0.523511 0.186506 0.0118399
0 0.0646573 0.294499 0.0123064 0.0283384 0.0117455
0 0.643519 0.261506 0.0173967 0.0297008 0.0114658
5 0.385314 0.275468 0.602818 0.118995 0.0114321
0 0.00793185 0.725144 0.0158637 0.0868116 0.0113784
2 0.722112 0.178458 0.0255419 0.0509964 0.0112538
0 0.643387 0.268293 0.0236006 0.0390902 0.0111243
2 0.984965 0.228174 0.0294891 0.049615 0.0109449
2 0.925754 0.216688 0.144209 0.059127 0.0108827
36 0.366202 0.660603 0.0257021 0.0577454 0.0106461
2 0.559263 0.313317 0.140201 0.0425406 0.0105187
0 0.146795 0.607937 0.022437 0.0835946 0.0105117
13 0.660288 0.327114 0.0565992 0.02719 0.0104836
2 0.388476 0.782594 0.0507502 0.0352905 0.0104254
0 0.993231 0.192108 0.0126926 0.0472838 0.0103707
0 0.152247 0.628428 0.0357102 0.136095 0.0103006
13 0.661065 0.325545 0.053513 0.0203837 0.0102909
0 0.654538 0.267217 0.0135641 0.0366352 0.0100101
2 0.439717 0.754086 0.0360225 0.0193402 0.00996147
2 0.92703 0.211778 0.144513 0.0644896 0.00995574
2 0.593298 0.309126 0.0798841 0.0386312 0.00981676
0 0.115546 0.62214 0.0322131 0.0635669 0.00981158
2 0.261773 0.733748 0.52103 0.1723 0.00969444
2 0.587147 0.31418 0.0644026 0.0453815 0.00951321
7 0.82128 0.18552 0.0640617 0.0646836 0.00951074
0 0.571341 0.27707 0.0225675 0.0262815 0.00944814
36 0.371316 0.661703 0.0220253 0.057567 0.00936348
0 0.0931135 0.313972 0.0250615 0.064806 0.00926454
2 0.539409 0.797644 0.0458775 0.0366528 0.00926389
0 0.0837494 0.295396 0.0155168 0.0236043 0.00921558
5 0.426938 0.280239 0.169355 0.0959013 0.00919056
0 0.00868412 0.315661 0.0173181 0.0700907 0.0091753
13 0.660858 0.318598 0.0537624 0.0303733 0.00915837
0 0.098064 0.3409 0.0265295 0.0494055 0.00915692
0 0.129302 0.618744 0.0597496 0.1078 0.00884583
13 0.661755 0.325722 0.0541906 0.020385 0.00874654
2 0.530548 0.797116 0.0246912 0.0283499 0.00864951
0 0.0706737 0.179384 0.0127126 0.0360219 0.00864213
34 0.0126248 0.724802 0.0252495 0.0871431 0.00863932
5 0.451522 0.276817 0.223864 0.10779 0.00859579
0 0.634248 0.261364 0.0140589 0.028816 0.00856467
36 0.371301 0.627687 0.0247609 0.123847 0.00849829
2 0.37958 0.783567 0.0324043 0.0324945 0.0084814
0 0.992574 0.195101 0.0141003 0.0482118 0.00837372
58 0.36898 0.31255 0.0400235 0.0245009 0.00835324
5 0.420719 0.282147 0.152174 0.0908905 0.00832624
2 0.539675 0.797414 0.0451647 0.0360834 0.00825174
0 0.643173 0.270794 0.0240558 0.0364262 0.00822876
2 0.263046 0.739085 0.523325 0.191574 0.00819512
0 0.183192 0.164447 0.0150678 0.0271887 0.00812694
0 0.172886 0.306798 0.0174636 0.020075 0.00805795
2 0.540119 0.797652 0.0468544 0.0363027 0.00803667
13 0.500966 0.494855 0.209399 0.0588335 0.00799123
0 0.0618527 0.290474 0.0196508 0.0355223 0.00797116
