5 0.780709 0.756974 0.436876 0.482968 0.943398
5 0.781928 0.756164 0.436145 0.485919 0.937652
5 0.7804 0.757422 0.436666 0.482552 0.923883
5 0.781809 0.756627 0.436027 0.485794 0.923765
5 0.317072 0.330236 0.178898 0.151483 0.923476
5 0.780839 0.75746 0.435799 0.483435 0.922917
5 0.780896 0.756598 0.437139 0.483376 0.920595
5 0.316613 0.33035 0.178086 0.151643 0.913849
5 0.316905 0.330008 0.179221 0.150065 0.91347
5 0.781027 0.756578 0.43625 0.484464 0.903776
5 0.317782 0.329425 0.175562 0.151101 0.901012
5 0.316759 0.329967 0.178063 0.151036 0.89942
5 0.537841 0.350001 0.246568 0.169505 0.89321
5 0.780746 0.757438 0.435582 0.485124 0.8923
5 0.781535 0.757055 0.435972 0.485889 0.888346
5 0.538271 0.350477 0.244653 0.167629 0.879159
2 0.918779 0.501709 0.16086 0.126446 0.877014
5 0.538047 0.35081 0.246057 0.167922 0.874308
5 0.537444 0.350655 0.246187 0.169884 0.866596
5 0.103871 0.384903 0.156506 0.166913 0.865838
5 0.537445 0.3504 0.244672 0.16949 0.863361
2 0.919735 0.501102 0.16053 0.127001 0.862997
5 0.537235 0.349744 0.24555 0.169931 0.853413
2 0.919218 0.501455 0.160924 0.12641 0.850451
2 0.812944 0.534443 0.175933 0.139797 0.846213
5 0.317862 0.32989 0.177731 0.150327 0.845709
5 0.537734 0.350916 0.247073 0.169046 0.83691
5 0.781279 0.757079 0.436902 0.485259 0.836263
5 0.316253 0.330691 0.179079 0.14951 0.832566
5 0.537756 0.351167 0.246319 0.170363 0.828632
5 0.537617 0.350174 0.24549 0.169755 0.824743
5 0.103469 0.384464 0.158291 0.166485 0.822533
2 0.919254 0.501289 0.160592 0.128053 0.820479
2 0.918981 0.501496 0.161234 0.126226 0.81918
2 0.918271 0.50152 0.16258 0.126934 0.819031
2 0.919332 0.501471 0.160574 0.126619 0.817999
2 0.812818 0.533668 0.175304 0.140783 0.816562
5 0.31699 0.330206 0.177724 0.151266 0.816025
2 0.813246 0.53405 0.17566 0.139653 0.806068
2 0.919092 0.501291 0.161158 0.127056 0.804309
5 0.103652 0.384639 0.158939 0.166378 0.801437
2 0.812954 0.533635 0.17466 0.140417 0.797215
5 0.103566 0.384476 0.159133 0.167069 0.786536
2 0.812213 0.533017 0.175239 0.141588 0.778017
2 0.812924 0.533827 0.17443 0.140553 0.764219
2 0.812828 0.533059 0.174053 0.14073 0.763449
2 0.811609 0.533644 0.178422 0.139722 0.763254
2 0.55353 0.437898 0.11931 0.087244 0.762376
2 0.55364 0.438701 0.119711 0.0858063 0.76161
2 0.812664 0.533232 0.174307 0.14159 0.760634
5 0.10349 0.38455 0.158799 0.167861 0.746424
2 0.198924 0.594069 0.115283 0.136613 0.746192
2 0.198703 0.594439 0.115168 0.137273 0.743082
2 0.553912 0.437537 0.119322 0.0890166 0.740853
2 0.273816 0.521895 0.113339 0.123302 0.739021
2 0.918953 0.501794 0.16114 0.127248 0.73885
2 0.198702 0.594259 0.115342 0.137421 0.738001
5 0.103615 0.384665 0.160341 0.16712 0.734091
2 0.918968 0.501175 0.160258 0.126236 0.729481
5 0.103227 0.384208 0.157013 0.167272 0.728955
5 0.103339 0.384342 0.15831 0.167352 0.717881
2 0.198803 0.593978 0.115246 0.137219 0.717353
2 0.198635 0.593642 0.115635 0.137704 0.714768
2 0.553855 0.439184 0.118437 0.0863878 0.70895
2 0.553397 0.438544 0.117784 0.0866096 0.704518
2 0.55367 0.439225 0.119468 0.085208 0.695682
2 0.554001 0.43886 0.118754 0.0868669 0.688573
2 0.813364 0.533514 0.173116 0.142192 0.681961
2 0.553548 0.438915 0.119215 0.0856484 0.679477
2 0.274491 0.521842 0.113264 0.123253 0.671463
2 0.553807 0.438795 0.118143 0.0858791 0.671278
2 0.198612 0.594408 0.115281 0.13709 0.669017
2 0.812862 0.533911 0.175801 0.137681 0.666673
2 0.274898 0.521354 0.113173 0.12325 0.664025
5 0.317076 0.329227 0.175601 0.151448 0.659942
2 0.199301 0.594278 0.11639 0.136846 0.657274
2 0.274283 0.521637 0.113401 0.123537 0.655831
2 0.274653 0.521433 0.113528 0.122898 0.646599
2 0.553621 0.438479 0.11768 0.0862634 0.634502
2 0.274594 0.522097 0.112613 0.122379 0.626984
2 0.198596 0.594001 0.115668 0.138651 0.608447
2 0.274668 0.521711 0.114255 0.123049 0.603657
2 0.274668 0.521654 0.113473 0.123074 0.570782
2 0.19861 0.59414 0.116341 0.138526 0.569486
2 0.275236 0.52116 0.114072 0.124949 0.543734
2 0.274774 0.521508 0.113917 0.124361 0.531524
2 0.198937 0.593995 0.115891 0.138003 0.428043
2 0.547986 0.206528 0.0494389 0.0355432 0.393352
2 0.514705 0.1909 0.0474985 0.0327971 0.327328
2 0.547626 0.206075 0.0496202 0.0355226 0.310921
2 0.548112 0.206567 0.0493509 0.035784 0.301002
2 0.199459 0.593994 0.116954 0.137245 0.29315
2 0.517068 0.191559 0.0504755 0.032383 0.274284
2 0.54824 0.20673 0.0496791 0.0350521 0.273765
2 0.518408 0.192108 0.0467089 0.031076 0.260922
2 0.516598 0.191506 0.0488064 0.031578 0.246919
2 0.553176 0.438117 0.117872 0.0871979 0.234379
2 0.521081 0.193413 0.053204 0.0312988 0.229388
2 0.548241 0.205456 0.0484944 0.0377693 0.224284
2 0.5488 0.206182 0.0493413 0.0358113 0.223288
5 0.316987 0.329643 0.178527 0.150321 0.220169
2 0.548205 0.206187 0.0497902 0.0366493 0.217799
5 0.536409 0.348729 0.245888 0.172486 0.201477
2 0.274053 0.522198 0.113092 0.12196 0.185197
2 0.513418 0.190721 0.0431051 0.0319579 0.18447
5 0.00902819 0.37667 0.0178447 0.105814 0.173945
2 0.545269 0.203468 0.0469505 0.0407671 0.164837
0 0.45493 0.210217 0.0222033 0.0295007 0.160328
2 0.518399 0.192838 0.051349 0.0309735 0.160135
0 0.407153 0.200578 0.0121027 0.029788 0.158189
2 0.991637 0.397446 0.0161263 0.0598569 0.157605
3 0.456412 0.211094 0.0229149 0.027898 0.156997
0 0.565598 0.403169 0.0264587 0.0360059 0.148857
0 0.407308 0.200299 0.0120529 0.0301318 0.14869
0 0.563966 0.409661 0.0385128 0.0513298 0.148253
0 0.565778 0.409585 0.0324533 0.0484224 0.147965
2 0.992237 0.39729 0.014797 0.0580945 0.14044
2 0.991629 0.398528 0.0161636 0.0580654 0.136035
2 0.99232 0.395836 0.0147057 0.0584269 0.134839
2 0.992218 0.398405 0.0148058 0.0607154 0.125765
5 0.317538 0.329578 0.175687 0.150627 0.123188
2 0.549498 0.206847 0.0480265 0.0338313 0.118253
2 0.546785 0.207207 0.0473524 0.0325332 0.114268
2 0.00862892 0.382227 0.0170257 0.0886855 0.107574
2 0.545497 0.206082 0.0466473 0.0333676 0.10505
5 0.00876381 0.375041 0.0173383 0.107643 0.104023
0 0.45728 0.210955 0.0275658 0.030375 0.0989548
0 0.560755 0.399652 0.0357048 0.0312951 0.0965334
0 0.567656 0.410142 0.0298806 0.0472831 0.0954625
5 0.00926071 0.367421 0.0184805 0.121961 0.0936396
2 0.367647 0.173397 0.0278379 0.0155692 0.0886004
2 0.521421 0.193184 0.0576591 0.0330098 0.0856618
2 0.514933 0.192817 0.0433767 0.0324211 0.0804007
0 0.566945 0.410293 0.037653 0.0518526 0.0756791
7 0.00908777 0.376833 0.0180347 0.0979156 0.0738953
2 0.00828436 0.412802 0.0165177 0.0298407 0.0738852
0 0.364111 0.190455 0.0135505 0.0406466 0.0732736
7 0.0270297 0.296087 0.0540593 0.0670784 0.0691288
2 0.992239 0.395459 0.0147804 0.059449 0.0681746
5 0.027614 0.341281 0.0552281 0.171755 0.0662618
2 0.532327 0.199558 0.0683872 0.0392401 0.0633652
0 0.4478 0.204196 0.0160582 0.0325454 0.0617186
2 0.503248 0.189718 0.0264171 0.0284 0.0598608
2 0.528012 0.197355 0.0573738 0.0378157 0.0583229
2 0.0254119 0.377117 0.0267721 0.038585 0.057487
0 0.551096 0.396743 0.0305861 0.0282642 0.0573982
5 0.514643 0.648522 0.94725 0.688319 0.0562148
0 0.564342 0.411898 0.0342226 0.0467728 0.0557007
0 0.854265 0.201925 0.0190056 0.0261403 0.0490152
0 0.362945 0.193061 0.0155463 0.0384581 0.0488472
5 0.00888791 0.377321 0.0177041 0.0989208 0.0487615
2 0.549201 0.207504 0.0479898 0.0325908 0.0482411
0 0.408316 0.201225 0.0130821 0.0300173 0.0480766
0 0.306088 0.186417 0.0096406 0.0213261 0.0472701
0 0.480176 0.388867 0.0146497 0.0234512 0.0468559
0 0.365145 0.200299 0.0111729 0.0231904 0.0464004
2 0.365679 0.175284 0.031273 0.0188841 0.0451776
2 0.841366 0.197209 0.03904 0.0261782 0.0449942
0 0.291059 0.183565 0.00918994 0.029341 0.0449439
0 0.359592 0.189604 0.0138515 0.0417245 0.0439921
0 0.129954 0.393834 0.0198895 0.0309739 0.0433079
7 0.0265875 0.294717 0.0528662 0.0632237 0.0428177
9 0.282259 0.186528 0.0129803 0.0279165 0.0425617
2 0.0219179 0.81576 0.0429783 0.11547 0.0422353
7 0.0270404 0.295678 0.0538138 0.0656446 0.0421848
0 0.362818 0.199347 0.0143219 0.0306592 0.0421477
0 0.306714 0.187916 0.00910344 0.0207466 0.0420683
2 0.0275442 0.29511 0.0532026 0.0630331 0.0412275
5 0.0271368 0.295653 0.0539026 0.0662068 0.0405792
0 0.853476 0.199478 0.0208998 0.0254692 0.039577
2 0.499097 0.191672 0.0175841 0.023903 0.0384169
0 0.44251 0.195198 0.0179363 0.0281344 0.0378625
0 0.567502 0.411149 0.0353931 0.0496281 0.0377001
9 0.702829 0.109523 0.0195148 0.0277694 0.0375814
5 0.53711 0.349238 0.247927 0.168277 0.0365362
5 0.103939 0.384354 0.158451 0.16731 0.0364995
9 0.164475 0.180268 0.0141223 0.0235408 0.0364381
0 0.453662 0.198011 0.0330186 0.0492634 0.0346804
9 0.609255 0.112141 0.0236448 0.0276333 0.0345285
0 0.454079 0.208393 0.026759 0.0322798 0.0343196
0 0.456644 0.191894 0.026751 0.0310881 0.0342759
0 0.480659 0.388081 0.0142354 0.0239872 0.033456
9 0.702597 0.111071 0.0204943 0.0276137 0.0331754
2 0.0221616 0.817883 0.0421171 0.110884 0.0331429
2 0.917889 0.274672 0.0523846 0.0496622 0.0324259
5 0.02777 0.330438 0.0549273 0.141959 0.0322367
2 0.834652 0.196197 0.0239923 0.024574 0.0322314
2 0.441475 0.190471 0.0157421 0.0257805 0.0320944
5 0.00905345 0.374735 0.0180343 0.102424 0.0306876
9 0.704328 0.11116 0.0230724 0.0282872 0.0303472
9 0.608333 0.112201 0.022518 0.0277716 0.030289
11 0.728463 0.166871 0.0291473 0.0270213 0.0300027
2 0.918838 0.501255 0.161113 0.126415 0.029953
2 0.0269915 0.292414 0.0526828 0.0567404 0.0298734
2 0.0225554 0.783554 0.0449136 0.181266 0.0290391
9 0.930854 0.127807 0.0221321 0.0453169 0.0289444
0 0.569461 0.405205 0.0429712 0.0416154 0.0288564
2 0.916665 0.272655 0.055632 0.0525615 0.0284892
2 0.0152757 0.791494 0.0300118 0.0511489 0.0284207
2 0.444387 0.189973 0.0224395 0.0319119 0.0280501
0 0.285419 0.191483 0.0150994 0.0389426 0.0277747
2 0.919712 0.284336 0.0440239 0.0337308 0.0277411
2 0.024634 0.783982 0.0480774 0.180146 0.0276087
2 0.0276729 0.295107 0.0530442 0.0639802 0.0275771
7 0.0273596 0.29708 0.0547192 0.0691644 0.0273401
0 0.848812 0.199367 0.0156481 0.0241763 0.0270308
0 0.408171 0.198797 0.0140291 0.0308041 0.0269769
9 0.701989 0.109194 0.0207775 0.0304641 0.0268831
5 0.0276677 0.295637 0.0552676 0.0677021 0.0268304
9 0.9195 0.284961 0.0419796 0.0335817 0.0267347
2 0.0235281 0.380582 0.0215416 0.0331139 0.0263875
5 0.0277276 0.317757 0.0552695 0.113559 0.0247474
0 0.46727 0.380397 0.0232597 0.0421837 0.0247092
2 0.0156011 0.757852 0.0312023 0.114768 0.024668
2 0.022818 0.365952 0.0324582 0.0598075 0.0245524
2 0.92012 0.278172 0.0466625 0.0426845 0.024513
2 0.0230892 0.798371 0.0446043 0.151121 0.024391
9 0.835897 0.122691 0.0181316 0.0256339 0.0243863
2 0.903781 0.470439 0.136166 0.0654931 0.0241827
9 0.932002 0.128675 0.0223793 0.046758 0.0241184
0 0.341185 0.194556 0.00966468 0.0191066 0.024072
9 0.918911 0.283272 0.0431559 0.0355053 0.0240627
0 0.854251 0.207476 0.0173592 0.0351229 0.02399
9 0.944137 0.124562 0.0173464 0.0421175 0.0238032
2 0.558853 0.204078 0.0302436 0.0324501 0.0237453
2 0.915671 0.274267 0.0533894 0.050174 0.0237249
9 0.919723 0.285009 0.0435669 0.0337787 0.0236915
0 0.356768 0.178453 0.0147622 0.0203092 0.0235133
9 0.835528 0.123805 0.0188789 0.0237631 0.0234496
9 0.608877 0.112162 0.0227148 0.0273846 0.0232389
0 0.457355 0.210367 0.0274647 0.031017 0.0230632
0 0.523723 0.342687 0.0198656 0.0362895 0.0230573
9 0.702083 0.110639 0.0216174 0.0316981 0.0228049
3 0.457528 0.210807 0.0271809 0.029687 0.0225311
0 0.477352 0.338358 0.0146627 0.0225585 0.0223724
5 0.537501 0.350262 0.24769 0.16933 0.0223075
9 0.608531 0.111766 0.0249119 0.0276476 0.0222946
0 0.360778 0.195769 0.0137168 0.0320113 0.0222141
0 0.289998 0.189859 0.0114429 0.0338475 0.0220294
0 0.793154 0.200824 0.0130724 0.0301727 0.0213496
0 0.553929 0.41012 0.0565315 0.0522993 0.0212984
0 0.525347 0.343909 0.0182216 0.0350637 0.0211946
2 0.84398 0.196227 0.0422001 0.0287481 0.0211935
0 0.605689 0.199588 0.0118889 0.029105 0.0208905
0 0.284301 0.194023 0.0149585 0.0374718 0.0207914
5 0.104513 0.384625 0.155683 0.166707 0.0205516
0 0.323776 0.318832 0.0233957 0.0352524 0.0204376
9 0.978993 0.116164 0.0402447 0.0342087 0.0196792
9 0.927866 0.124114 0.0227459 0.0494643 0.0196415
9 0.977796 0.11679 0.0415722 0.0340015 0.0195951
0 0.99288 0.393801 0.0134567 0.0628603 0.0194931
2 0.274181 0.521989 0.113758 0.123996 0.0193486
1 0.73215 0.215809 0.0136591 0.0326504 0.0193081
5 0.0274347 0.293571 0.0545342 0.0649619 0.0191435
9 0.153033 0.135187 0.0185657 0.0350215 0.0190698
2 0.908432 0.469782 0.122253 0.0637159 0.0189628
2 0.0155356 0.792947 0.0300779 0.0545327 0.0187065
9 0.78027 0.144186 0.0197853 0.0279691 0.0187039
0 0.472686 0.334486 0.014204 0.0212641 0.0186788
2 0.0161192 0.794583 0.0306886 0.0553785 0.0185653
5 0.0209545 0.360049 0.0368521 0.0764285 0.0184442
0 0.916305 0.208634 0.0145617 0.0223763 0.0183364
5 0.027641 0.328559 0.0552559 0.135779 0.0182255
2 0.987836 0.399931 0.0236584 0.05903 0.018207
9 0.218422 0.275885 0.032831 0.0355958 0.0180738
9 0.153024 0.136199 0.019644 0.0366674 0.0179171
9 0.60891 0.112222 0.0244278 0.0271332 0.0178938
0 0.733097 0.201941 0.0136965 0.0365189 0.0178326
0 0.470965 0.380848 0.0224754 0.0411624 0.0175804
2 0.831211 0.445518 0.0251438 0.0186951 0.0175762
2 0.457761 0.183814 0.0199672 0.0239786 0.0174732
2 0.372152 0.174637 0.0239993 0.0167791 0.0174294
9 0.867116 0.121277 0.0131191 0.0290997 0.0172092
0 0.742692 0.195479 0.0146664 0.0267297 0.0171884
1 0.782507 0.209272 0.0181484 0.0354541 0.0164897
11 0.72861 0.167123 0.0298147 0.0285179 0.0164673
2 0.914495 0.272583 0.056809 0.051786 0.0164282
2 0.439875 0.194332 0.0221576 0.0283578 0.01616
0 0.324822 0.314121 0.0212252 0.024876 0.0161454
5 0.506979 0.639562 0.968437 0.715589 0.0161365
9 0.289705 0.178456 0.0114285 0.0301471 0.0159158
2 0.548985 0.203512 0.0495358 0.0412538 0.0157697
2 0.367337 0.176578 0.0317509 0.0206781 0.015676
0 0.780873 0.200252 0.0144297 0.0291988 0.0155602
0 0.473978 0.336629 0.016894 0.0210156 0.0152662
2 0.919047 0.283536 0.0428617 0.0337713 0.0152412
2 0.984139 0.394245 0.0310686 0.0631181 0.0152016
9 0.542643 0.11161 0.0183365 0.0237275 0.015197
9 0.839261 0.116315 0.0229813 0.0328602 0.0151769
0 0.130174 0.398499 0.0224492 0.0396372 0.015169
9 0.543122 0.112394 0.020714 0.0254135 0.0151103
9 0.282021 0.20254 0.017069 0.0255424 0.0149321
1 0.732325 0.210224 0.0151531 0.0430317 0.0149179
9 0.831883 0.116102 0.0178328 0.0325753 0.0148649
5 0.509589 0.651696 0.966652 0.68695 0.0148453
9 0.702816 0.107466 0.0216214 0.0327601 0.0148319
2 0.977265 0.395313 0.0409599 0.0321036 0.0147746
9 0.786553 0.144764 0.0208313 0.0291629 0.0147279
0 0.282239 0.19422 0.0224226 0.0439344 0.0146623
1 0.738279 0.214008 0.0249829 0.0341532 0.0146374
