5 0.689684 0.0699277 0.10411 0.13843 0.800551
5 0.689719 0.069918 0.104726 0.138899 0.766422
5 0.688957 0.0703301 0.105322 0.138967 0.760681
5 0.861937 0.399517 0.2753 0.616631 0.758498
5 0.689306 0.0698407 0.104752 0.138649 0.756181
5 0.690233 0.0702203 0.103652 0.139253 0.745749
2 0.354439 0.0730083 0.0409255 0.054931 0.738807
5 0.689954 0.0705919 0.104013 0.139061 0.736177
2 0.471034 0.142229 0.0545783 0.0741811 0.716207
5 0.68773 0.0704356 0.107796 0.138538 0.706952
5 0.614284 0.321857 0.0815394 0.149455 0.693104
2 0.354366 0.0735096 0.0417372 0.0540932 0.683428
5 0.688259 0.0700644 0.107296 0.139082 0.683351
2 0.354512 0.073245 0.0414397 0.0544147 0.682572
5 0.615003 0.321703 0.0807308 0.14869 0.677661
2 0.354564 0.0731773 0.0416295 0.054948 0.674925
5 0.688281 0.0706636 0.106697 0.139472 0.66877
5 0.861762 0.402191 0.274158 0.625475 0.660036
2 0.354069 0.0735027 0.0408387 0.0550269 0.637594
5 0.862472 0.418435 0.27499 0.654822 0.626494
5 0.861734 0.398866 0.276107 0.6134 0.608841
2 0.471193 0.141935 0.0547035 0.07445 0.60799
5 0.861949 0.418529 0.275165 0.656387 0.59706
2 0.470523 0.141598 0.0533172 0.0751424 0.593292
5 0.614193 0.322221 0.0810706 0.149417 0.58675
5 0.689109 0.0705406 0.104457 0.139116 0.582655
2 0.354291 0.0736223 0.0411695 0.0556125 0.578009
2 0.470915 0.141838 0.0531191 0.0746416 0.568985
2 0.471372 0.142182 0.0538797 0.0738595 0.562905
5 0.613968 0.322497 0.0836262 0.150035 0.556991
2 0.747347 0.407361 0.11479 0.176173 0.553789
2 0.747632 0.407544 0.114777 0.175668 0.54721
2 0.470791 0.142138 0.053442 0.0748351 0.530931
2 0.354253 0.0735981 0.0413396 0.0545405 0.52782
2 0.470648 0.142119 0.0540883 0.0743356 0.525639
2 0.470888 0.14166 0.0527952 0.074533 0.52355
2 0.747033 0.407398 0.115288 0.176714 0.520461
5 0.614699 0.321998 0.0807159 0.148736 0.517205
2 0.747527 0.406086 0.113647 0.175538 0.514823
2 0.747686 0.40643 0.114351 0.176036 0.506676
5 0.61431 0.32224 0.0824379 0.149512 0.504013
2 0.470799 0.141789 0.0537468 0.0749524 0.500623
2 0.354305 0.0738094 0.0402257 0.054673 0.497103
2 0.748054 0.405942 0.113481 0.174921 0.494434
2 0.747624 0.406501 0.11408 0.175851 0.489823
2 0.470926 0.141621 0.0531566 0.0742004 0.489752
2 0.747716 0.406704 0.113915 0.177256 0.482674
6 0.86027 0.400532 0.278483 0.668806 0.481506
2 0.74725 0.406501 0.115157 0.176022 0.475391
5 0.861399 0.418692 0.276412 0.656917 0.460591
6 0.861199 0.398991 0.27693 0.655818 0.457583
5 0.457128 0.037728 0.0401504 0.0617823 0.446636
2 0.354515 0.0728851 0.0415333 0.0553496 0.445926
2 0.354331 0.0731483 0.0413362 0.055595 0.439259
6 0.861143 0.397005 0.276561 0.660023 0.432849
5 0.862066 0.404009 0.275867 0.657949 0.400865
2 0.746826 0.4082 0.115408 0.173975 0.398869
2 0.57652 0.124781 0.0457345 0.0666086 0.396463
2 0.576781 0.125473 0.0459576 0.0683654 0.392504
5 0.457885 0.0385281 0.0407599 0.0631905 0.38832
2 0.576939 0.125291 0.0467695 0.068025 0.36442
5 0.457444 0.038087 0.0398458 0.0624552 0.363512
5 0.61449 0.321795 0.0799994 0.148382 0.35544
2 0.470696 0.142066 0.0539208 0.0740321 0.349574
2 0.576422 0.125126 0.0464984 0.0672742 0.346729
5 0.614204 0.321726 0.0802242 0.148851 0.341284
2 0.471394 0.141392 0.0526247 0.0728904 0.330174
5 0.614403 0.321761 0.0814601 0.149181 0.31466
2 0.614249 0.322172 0.0795758 0.148132 0.309936
5 0.456575 0.0384728 0.0423986 0.0646226 0.286183
5 0.456887 0.0371295 0.0406065 0.0671838 0.271309
0 0.940509 0.0964095 0.0155487 0.0309069 0.26716
2 0.577425 0.124632 0.045843 0.067089 0.256471
0 0.940757 0.0965863 0.0152237 0.031559 0.247121
5 0.457408 0.0377303 0.0402702 0.0673775 0.228147
5 0.456671 0.0355403 0.0406189 0.0687479 0.22128
2 0.539596 0.0506537 0.0334707 0.0452228 0.213988
0 0.985981 0.0930325 0.0197895 0.066268 0.212221
5 0.692167 0.0694319 0.101285 0.138864 0.211797
2 0.594233 0.0556841 0.0326489 0.0573322 0.203246
2 0.59434 0.0496477 0.0310368 0.0542516 0.203172
2 0.540428 0.0503073 0.031146 0.0460958 0.199528
2 0.539937 0.0502357 0.0296845 0.0456097 0.198384
2 0.54065 0.053268 0.0319576 0.0445307 0.197311
2 0.594003 0.0530258 0.03242 0.0592447 0.197228
0 0.985357 0.0944526 0.018829 0.0736033 0.181667
2 0.540035 0.0488086 0.02831 0.0432548 0.180839
2 0.984266 0.0576981 0.0307838 0.0405612 0.173829
5 0.457983 0.0341878 0.0388505 0.0579612 0.167803
2 0.540969 0.0363866 0.0252012 0.022185 0.166778
0 0.986658 0.0922347 0.0214085 0.0625745 0.159074
2 0.540058 0.0519066 0.0283745 0.0488767 0.156777
2 0.591971 0.0528526 0.0338775 0.0589445 0.154865
2 0.540022 0.0527532 0.0292743 0.0480509 0.152872
2 0.98431 0.0569945 0.0305794 0.040456 0.1498
2 0.576472 0.12047 0.044673 0.0601638 0.148538
0 0.940241 0.115047 0.0175224 0.065639 0.147664
2 0.541133 0.0564164 0.0301863 0.0390294 0.14587
2 0.576833 0.124907 0.0458978 0.0663903 0.144711
2 0.592835 0.0533122 0.0360911 0.0597779 0.144334
0 0.986785 0.0906462 0.0246199 0.0626407 0.144143
2 0.593093 0.051293 0.0341692 0.056709 0.138427
2 0.576827 0.119822 0.0449697 0.0589833 0.131471
2 0.984369 0.0592723 0.0304489 0.0413983 0.129798
2 0.594342 0.053356 0.0333218 0.059514 0.120789
5 0.457825 0.0394112 0.0397306 0.0635819 0.120262
2 0.59236 0.0533781 0.032798 0.0588396 0.120034
2 0.594278 0.0575624 0.0331182 0.0543566 0.118866
2 0.984197 0.0600933 0.030669 0.0396004 0.11725
2 0.593219 0.0547228 0.0364996 0.0604259 0.114085
0 0.0648691 0.129272 0.0164142 0.0467806 0.108049
0 0.851857 0.094038 0.0205925 0.039591 0.108033
2 0.577684 0.125906 0.0453048 0.0663443 0.10605
2 0.594652 0.0511394 0.0312501 0.0559493 0.102853
0 0.851205 0.0947462 0.0194841 0.0396436 0.0990487
5 0.457034 0.0369519 0.040576 0.0620381 0.0990276
0 0.0651096 0.130366 0.0173082 0.0490465 0.0969181
0 0.762122 0.0371212 0.0194548 0.0676047 0.0919593
0 0.987589 0.0900688 0.023451 0.0654398 0.0917459
0 0.986631 0.0916475 0.0260561 0.0730605 0.0896634
0 0.940333 0.094632 0.0161236 0.0327361 0.0891148
1 0.9311 0.124345 0.0244772 0.04216 0.0876078
2 0.621295 0.0202572 0.0281498 0.0340313 0.0870703
5 0.457897 0.036965 0.0382318 0.0609888 0.0856216
0 0.0102223 0.073037 0.0203984 0.076163 0.0846031
2 0.539804 0.0417783 0.0275702 0.0328115 0.0831247
2 0.593485 0.0408622 0.0298056 0.0374271 0.0824524
2 0.622721 0.0202266 0.0267401 0.0349483 0.0814481
0 0.987771 0.0884253 0.0232222 0.0574319 0.0808317
0 0.988502 0.08618 0.0222557 0.0549174 0.0787566
0 0.986074 0.0920066 0.0272924 0.0693726 0.077137
0 0.88191 0.0929462 0.023048 0.0534868 0.0752886
0 0.00992285 0.0724988 0.0197041 0.0778789 0.0719423
0 0.803632 0.0246476 0.0122437 0.0304043 0.0713561
2 0.594095 0.0695666 0.0323561 0.0324316 0.0702526
2 0.458285 0.0458176 0.0364416 0.0526452 0.0700682
2 0.45962 0.0585435 0.0349549 0.0347092 0.0684438
0 0.849904 0.0952284 0.020422 0.0394436 0.0670468
2 0.594069 0.0698052 0.0314837 0.0319569 0.066661
9 0.142497 0.0121065 0.0205734 0.0242129 0.065392
0 0.760432 0.037344 0.0194375 0.0650843 0.0647359
0 0.940257 0.0942375 0.0163767 0.0281855 0.0634513
0 0.920765 0.0859057 0.0131704 0.0221383 0.0632626
0 0.850046 0.0960187 0.0207016 0.0396868 0.0626775
0 0.940654 0.119006 0.0165167 0.060708 0.0621465
0 0.920164 0.0841483 0.0136185 0.0241121 0.0616858
0 0.80748 0.402006 0.0227207 0.0425272 0.061345
0 0.850788 0.0953771 0.019558 0.0404351 0.0608772
0 0.803598 0.0218307 0.0144239 0.0334736 0.0607643
0 0.0649154 0.131019 0.017757 0.050227 0.0607254
0 0.00897754 0.0732077 0.017757 0.0791692 0.0606599
0 0.940771 0.113287 0.01929 0.0638543 0.0604641
2 0.576638 0.110986 0.0430984 0.0421941 0.0602672
0 0.762255 0.0349896 0.018165 0.0631899 0.0601729
67 0.390543 0.416757 0.0337118 0.0584145 0.0601658
2 0.752575 0.364444 0.0857432 0.0916741 0.0601292
2 0.0100886 0.0734716 0.0200549 0.0776128 0.0589006
0 0.0108542 0.0706848 0.0216819 0.0818348 0.0584854
2 0.573544 0.103473 0.0339527 0.0272138 0.0573624
2 0.593551 0.0687024 0.0339809 0.038572 0.057088
9 0.390312 0.416124 0.0345761 0.0589109 0.0567768
2 0.470165 0.14125 0.053186 0.0752462 0.05651
2 0.576095 0.109204 0.0413786 0.038475 0.0556911
2 0.983108 0.0625643 0.0337849 0.0335302 0.0548427
2 0.0108965 0.0718095 0.021793 0.0822015 0.0542869
0 0.807807 0.400332 0.0218777 0.0412553 0.0514851
5 0.455838 0.0366348 0.0420466 0.0680004 0.0507124
0 0.901641 0.0554779 0.0133242 0.0347329 0.0501276
0 0.00992424 0.0676375 0.0197312 0.0891693 0.0493528
2 0.576548 0.119192 0.0453552 0.0537055 0.0493113
0 0.0115533 0.0707281 0.0230113 0.0819363 0.0490417
2 0.575067 0.107129 0.0390201 0.0337347 0.0483348
0 0.760137 0.0391501 0.0193569 0.0634219 0.0483097
0 0.850423 0.0929525 0.0234627 0.0412213 0.0482082
67 0.390596 0.416324 0.0331923 0.058312 0.0475621
0 0.940822 0.125863 0.0159378 0.0479253 0.0470983
2 0.753171 0.363699 0.0820049 0.0892533 0.0469087
0 0.761562 0.0384271 0.0209509 0.0666526 0.0467749
0 0.98693 0.0668905 0.0252911 0.0316424 0.0467692
0 0.927959 0.124131 0.0187462 0.0365177 0.0466137
2 0.57752 0.125803 0.0456827 0.0658643 0.0466118
0 0.938482 0.109799 0.0213772 0.0552917 0.044759
2 0.985356 0.0634782 0.0283096 0.0348391 0.0442552
0 0.872192 0.106258 0.020253 0.0349156 0.0438642
0 0.760427 0.032926 0.0181505 0.0616283 0.0428736
0 0.0108736 0.0716663 0.0216792 0.0802315 0.0427047
9 0.145046 0.0137789 0.0167011 0.0250115 0.0422399
2 0.458662 0.0505197 0.0368963 0.045665 0.0422356
0 0.0110883 0.0719093 0.0221166 0.0808024 0.0420717
0 0.760974 0.0321241 0.0158525 0.061003 0.0406613
2 0.751347 0.36524 0.0825553 0.0917434 0.0400727
0 0.872528 0.102099 0.0236744 0.0411134 0.0400043
2 0.574763 0.114166 0.0426109 0.0497861 0.0394085
0 0.901666 0.0536479 0.0132153 0.0370799 0.0393275
0 0.87732 0.102391 0.0289989 0.0431745 0.0388284
2 0.62101 0.0188355 0.0296629 0.0358731 0.0384699
5 0.485491 0.0186673 0.0240709 0.0371481 0.0370932
5 0.458587 0.0241071 0.0366512 0.0378653 0.0366324
0 0.0644275 0.128647 0.019679 0.048786 0.036477
2 0.574883 0.115058 0.0425829 0.0507848 0.035469
0 0.0648387 0.130063 0.0194996 0.0512513 0.0341642
0 0.987635 0.0937383 0.0238182 0.0765786 0.0340082
2 0.7525 0.359061 0.0797945 0.0793446 0.0338612
2 0.229384 0.0663771 0.0363867 0.0338164 0.0332366
2 0.755644 0.37764 0.0923659 0.113 0.033231
0 0.0642431 0.129192 0.0195425 0.0493577 0.0331589
1 0.933073 0.125952 0.0286961 0.0462126 0.0329963
2 0.541966 0.0194362 0.0245007 0.0315889 0.0328658
3 0.872266 0.110665 0.0178669 0.0259182 0.0326975
2 0.624679 0.0189225 0.0239757 0.0359826 0.0326183
0 0.886126 0.0663024 0.0174559 0.0352007 0.0321513
2 0.576298 0.126351 0.0475885 0.0637776 0.0321201
0 0.807454 0.404981 0.0249435 0.0494034 0.0320744
0 0.882575 0.0688219 0.0152554 0.0386986 0.0319166
0 0.145217 0.0424859 0.0163749 0.0730058 0.0313225
0 0.883112 0.0763484 0.0155037 0.0393549 0.0308891
0 0.897446 0.0623832 0.0124851 0.0344647 0.0307288
2 0.982641 0.0582154 0.0347173 0.042446 0.0304245
3 0.876094 0.108121 0.02477 0.0328393 0.0299982
2 0.751398 0.371342 0.0831097 0.0867089 0.0293835
67 0.390455 0.416386 0.0339087 0.058261 0.029098
0 0.893258 0.0663788 0.0133459 0.0310234 0.0288263
2 0.484764 0.0174582 0.0218053 0.0339761 0.0284574
0 0.883003 0.0702818 0.0143673 0.0341978 0.0281451
2 0.226774 0.0663805 0.0400866 0.0340861 0.0280586
2 0.457427 0.0521364 0.0392887 0.0430776 0.0278651
67 0.390404 0.416067 0.0334031 0.0580253 0.027644
2 0.540936 0.0509903 0.0349291 0.0481355 0.0270419
0 0.064852 0.128669 0.018555 0.0479309 0.0264217
0 0.760573 0.0245514 0.0151564 0.0489427 0.0258759
0 0.0107724 0.0723269 0.0215447 0.0800486 0.0258418
0 0.8671 0.060582 0.0129202 0.0280744 0.0257166
2 0.459174 0.0589005 0.035358 0.0354039 0.0256523
2 0.752361 0.358283 0.0817578 0.0789175 0.0256297
5 0.622849 0.0184307 0.0322182 0.0368614 0.0255167
2 0.754936 0.367986 0.080069 0.0890683 0.0247415
0 0.742054 0.0106165 0.0102244 0.021233 0.0247271
0 0.795096 0.269543 0.0144275 0.0385642 0.0246966
0 0.939465 0.0946009 0.01966 0.0303811 0.0246586
0 0.144822 0.0461712 0.0176509 0.0673848 0.0243878
2 0.752852 0.374346 0.0841145 0.0822413 0.0243469
0 0.763158 0.0284916 0.0158552 0.0563914 0.0242928
0 0.881113 0.0982707 0.0296253 0.035389 0.0242256
0 0.759855 0.0277003 0.018771 0.0553936 0.0240938
0 0.805762 0.0170011 0.0143843 0.0340021 0.0235987
0 0.74319 0.0145107 0.0107738 0.0285619 0.0234095
2 0.755993 0.360149 0.0738821 0.0796004 0.0230828
0 0.065275 0.126579 0.0183986 0.0513197 0.022885
0 0.143881 0.0131386 0.0255348 0.0262773 0.0226416
2 0.984812 0.0613094 0.0297548 0.0365782 0.0221993
0 0.0639728 0.130075 0.0190605 0.0501736 0.0221737
2 0.227847 0.0675008 0.0405541 0.0339396 0.0216119
2 0.746908 0.366813 0.100789 0.0950577 0.0215751
2 0.755058 0.373538 0.0826307 0.0815901 0.0215254
2 0.621394 0.0183425 0.0296899 0.0366849 0.0214718
2 0.227806 0.0648962 0.0393868 0.034147 0.0214052
0 0.887058 0.0917984 0.0187956 0.03817 0.0210462
0 0.80719 0.397861 0.0219687 0.0409248 0.0210311
5 0.598764 0.0191534 0.0604856 0.0383069 0.0209511
0 0.869353 0.0636319 0.0124191 0.0328295 0.0201308
67 0.390696 0.415882 0.034081 0.0587994 0.0200644
2 0.701412 0.347836 0.0172602 0.0234723 0.0199437
0 0.899802 0.0549447 0.0149408 0.0399652 0.0198856
2 0.589977 0.0366688 0.0312478 0.0302638 0.0193551
2 0.976528 0.0662695 0.0230003 0.025848 0.0192641
2 0.926996 0.0713472 0.0242399 0.0347486 0.0187558
0 0.940445 0.120107 0.0217163 0.0596613 0.0186695
0 0.854051 0.0808475 0.0272074 0.0654551 0.0186348
9 0.138629 0.00998897 0.0225404 0.0199779 0.0179678
0 0.881871 0.0882744 0.0249748 0.0563991 0.0175892
1 0.9273 0.125449 0.020562 0.0388764 0.0175374
2 0.486299 0.0178396 0.0242208 0.0354404 0.0174152
0 0.921032 0.0723528 0.0232842 0.0470539 0.0172435
0 0.144176 0.0393609 0.0218085 0.0748424 0.0172193
0 0.914806 0.0850414 0.0127598 0.0196528 0.0171588
2 0.572785 0.109689 0.0387445 0.040192 0.0171244
2 0.701704 0.351524 0.0192716 0.0310765 0.0170087
0 0.756936 0.00601703 0.0123466 0.0120341 0.0165057
2 0.618624 0.0190503 0.0313494 0.0358283 0.0164676
0 0.794761 0.272707 0.0152484 0.0397574 0.0164602
5 0.485791 0.016657 0.0243418 0.0333139 0.0159811
2 0.540653 0.0489224 0.0349752 0.0486569 0.0159513
2 0.751457 0.353586 0.0762295 0.0687737 0.0159496
2 0.755419 0.356374 0.074713 0.0758351 0.0158029
0 0.145994 0.0402817 0.0172596 0.0771365 0.015788
2 0.580281 0.108889 0.0354521 0.0296732 0.0151842
2 0.75666 0.387019 0.088394 0.101915 0.0151564
2 0.457424 0.0592116 0.0403908 0.0373532 0.0149486
2 0.583073 0.0168281 0.02598 0.0328978 0.0149032
0 0.868844 0.0850713 0.0319668 0.0727578 0.0148936
2 0.470762 0.142762 0.0525597 0.0729445 0.0148334
2 0.484281 0.0204525 0.0214441 0.0346047 0.0147857
0 0.859818 0.0685151 0.0174473 0.0419532 0.0147693
2 0.924573 0.0673434 0.0296776 0.0374655 0.0146856
0 0.734146 0.0111395 0.0199888 0.0222791 0.0145628
0 0.870091 0.0471166 0.0151802 0.0453795 0.0145226
0 0.793441 0.264641 0.0157732 0.041408 0.014506
5 0.486056 0.0172372 0.0242127 0.034455 0.0144682
2 0.624642 0.0182848 0.0280584 0.0365696 0.0143595
9 0.390149 0.416162 0.0343763 0.0578611 0.0140637
