2 0.751457 0.0766917 0.105307 0.0632847 0.762654
2 0.751651 0.0768003 0.106343 0.0632047 0.751629
2 0.751575 0.076811 0.105884 0.0625183 0.732797
2 0.751536 0.0762912 0.105353 0.0640345 0.724822
2 0.752028 0.0768433 0.106263 0.0636082 0.708971
2 0.751387 0.0769042 0.105309 0.0626345 0.69965
2 0.751542 0.0770466 0.107112 0.0631775 0.697579
2 0.751919 0.0769753 0.105726 0.0629882 0.651448
2 0.751758 0.0764647 0.105387 0.0633975 0.618334
0 0.135223 0.245674 0.0298735 0.0904211 0.602718
0 0.134682 0.2459 0.0288496 0.0893259 0.602535
0 0.135228 0.244543 0.0302525 0.0885471 0.598137
0 0.134809 0.244978 0.0287199 0.0904064 0.578997
0 0.134947 0.247612 0.0302693 0.0880741 0.578667
0 0.0193144 0.218228 0.0291311 0.086448 0.562861
0 0.016614 0.218301 0.0304877 0.0900118 0.556136
0 0.0172328 0.2175 0.0298945 0.0870428 0.550685
0 0.0193558 0.21712 0.0298309 0.0857359 0.547967
67 0.486812 0.760891 0.167836 0.476857 0.544423
0 0.0182798 0.217256 0.0263488 0.0849363 0.523094
67 0.486452 0.762272 0.167676 0.4744 0.521752
0 0.13537 0.245648 0.0302876 0.0896576 0.51958
0 0.0174268 0.217703 0.0302748 0.0875193 0.496748
2 0.270812 0.138237 0.0772052 0.0681603 0.493422
0 0.134844 0.244082 0.0297751 0.0861634 0.490479
67 0.487033 0.76225 0.166968 0.474243 0.455715
0 0.13606 0.245907 0.0317906 0.0877741 0.443716
2 0.271242 0.138044 0.0770418 0.0682806 0.441703
2 0.270711 0.138337 0.0781889 0.0702838 0.441092
67 0.625288 0.344063 0.0898354 0.149137 0.425228
0 0.0205219 0.217111 0.0301981 0.0854227 0.416421
2 0.74036 0.334798 0.109726 0.151582 0.411418
2 0.27172 0.139229 0.0750439 0.0700225 0.410751
2 0.27086 0.138948 0.0774157 0.0705607 0.404849
2 0.740494 0.334982 0.109898 0.153002 0.402549
2 0.270724 0.138497 0.0777992 0.0695175 0.397665
2 0.740398 0.334571 0.110546 0.155098 0.396425
2 0.270952 0.138018 0.0775077 0.0693067 0.389226
0 0.134845 0.24598 0.0290283 0.0922716 0.38706
2 0.750217 0.0771861 0.102252 0.062828 0.386879
2 0.740325 0.335439 0.109202 0.153153 0.379187
2 0.740191 0.335663 0.1105 0.150032 0.36806
2 0.740175 0.334918 0.110001 0.153502 0.367228
0 0.0189847 0.220147 0.029802 0.0808491 0.355929
9 0.124708 0.0108105 0.0174804 0.0216211 0.354808
67 0.625234 0.344556 0.0904455 0.149819 0.35393
2 0.271185 0.137907 0.0768833 0.0694196 0.352728
67 0.625658 0.344085 0.0895443 0.149554 0.344095
67 0.486563 0.760392 0.168066 0.47821 0.342104
39 0.76311 0.947247 0.172278 0.104536 0.319348
67 0.488588 0.439947 0.102109 0.193178 0.310965
67 0.486455 0.761426 0.168079 0.476005 0.303178
2 0.740113 0.335083 0.11029 0.155398 0.294242
2 0.625593 0.343955 0.0886287 0.14946 0.293639
9 0.124919 0.0114123 0.0175913 0.0228245 0.292028
2 0.74025 0.3353 0.110299 0.153993 0.28444
0 0.358899 0.199775 0.0273266 0.0882992 0.276189
67 0.487709 0.761703 0.166425 0.47491 0.273636
2 0.625262 0.343687 0.0898808 0.150392 0.265868
39 0.763874 0.947056 0.173664 0.104655 0.265712
0 0.357939 0.205506 0.0286341 0.0795862 0.261818
67 0.486471 0.762358 0.169061 0.474517 0.261246
67 0.625842 0.343777 0.0887573 0.14893 0.256803
2 0.740022 0.335237 0.109694 0.153891 0.254698
2 0.751681 0.0770691 0.106198 0.0630195 0.253325
39 0.764299 0.946964 0.173504 0.10532 0.252316
2 0.626213 0.343603 0.0871433 0.149134 0.24644
9 0.124839 0.0113562 0.0178636 0.0222713 0.246199
0 0.0201557 0.217532 0.029078 0.0845253 0.245991
2 0.625711 0.343588 0.0886052 0.150439 0.241497
2 0.97177 0.0404566 0.0559116 0.0431574 0.238532
67 0.485528 0.759351 0.171278 0.480558 0.228386
67 0.486568 0.763111 0.17068 0.471761 0.226627
2 0.271639 0.139294 0.0764423 0.0696309 0.219784
2 0.270999 0.139418 0.0781545 0.0699742 0.212787
39 0.764119 0.946661 0.173357 0.106052 0.211892
67 0.480871 0.440592 0.119007 0.195457 0.202561
67 0.479959 0.440588 0.121426 0.194697 0.202223
2 0.971501 0.0409073 0.0561188 0.0419662 0.197137
2 0.739888 0.333783 0.109673 0.153279 0.196277
39 0.764693 0.947296 0.175287 0.104748 0.19422
67 0.489791 0.43567 0.0974943 0.182916 0.189403
2 0.841047 0.614259 0.17898 0.302999 0.189251
39 0.764793 0.946719 0.174248 0.105365 0.188195
39 0.765523 0.946562 0.174718 0.105704 0.185109
39 0.764153 0.94723 0.174383 0.104838 0.18505
2 0.974027 0.0424072 0.0511585 0.0362939 0.184654
0 0.360675 0.200442 0.0228192 0.083869 0.181595
67 0.488523 0.884298 0.1638 0.229913 0.181087
0 0.0163857 0.216754 0.0234589 0.0843855 0.180032
67 0.660715 0.559643 0.139667 0.290712 0.176356
2 0.625859 0.343442 0.0879345 0.148888 0.175169
67 0.480558 0.44027 0.118752 0.193929 0.174579
39 0.765076 0.946467 0.174704 0.106055 0.174536
2 0.973935 0.0428163 0.0521292 0.0355762 0.168715
2 0.973343 0.0422635 0.0527119 0.0374972 0.168425
67 0.62474 0.345155 0.0918256 0.151015 0.167586
9 0.125506 0.0127732 0.0167439 0.0234726 0.162777
67 0.660581 0.561125 0.138734 0.291825 0.158804
0 0.01685 0.218247 0.0311037 0.0867969 0.157245
67 0.485474 0.759788 0.171558 0.479847 0.156729
67 0.488603 0.885841 0.164568 0.228278 0.153872
67 0.488083 0.883762 0.163306 0.232477 0.153338
0 0.241431 0.236091 0.0357185 0.090196 0.153087
7 0.379176 0.14657 0.0883161 0.0858183 0.151974
0 0.357685 0.200043 0.0287812 0.0926381 0.151897
67 0.479491 0.441654 0.121205 0.197643 0.147276
0 0.357701 0.198797 0.0292148 0.0960957 0.147079
67 0.481623 0.441012 0.116387 0.195841 0.146724
0 0.224953 0.238973 0.0478598 0.0966375 0.146078
0 0.0182351 0.224307 0.0279387 0.0744832 0.145868
39 0.840138 0.613796 0.17861 0.300142 0.144399
67 0.488441 0.884968 0.164581 0.230063 0.143279
67 0.483695 0.438423 0.111485 0.191709 0.143183
0 0.243819 0.233106 0.0381858 0.0861336 0.142756
0 0.826814 0.0370097 0.022028 0.0445993 0.141896
67 0.488347 0.884044 0.164159 0.230936 0.138888
67 0.485311 0.764038 0.170361 0.471925 0.137656
0 0.356093 0.203679 0.0324835 0.0839396 0.136612
2 0.974542 0.0440334 0.0501976 0.0354379 0.131462
2 0.66136 0.559683 0.139515 0.285384 0.13015
7 0.39906 0.144407 0.0488317 0.0775656 0.128029
0 0.233058 0.239324 0.036607 0.0909407 0.126477
39 0.765701 0.947208 0.176193 0.105107 0.124561
7 0.378522 0.148752 0.0898748 0.088776 0.124013
0 0.359572 0.1923 0.0242963 0.0756182 0.122185
0 0.343467 0.167366 0.0186107 0.0572197 0.121752
0 0.227705 0.238378 0.0548613 0.0902008 0.121652
0 0.93321 0.148618 0.0221287 0.0494523 0.120084
2 0.840675 0.613583 0.179101 0.302211 0.119218
0 0.34416 0.166783 0.0202241 0.0553847 0.118436
0 0.225172 0.23912 0.0523735 0.091883 0.116349
0 0.828345 0.0377968 0.017794 0.0439787 0.11614
67 0.487445 0.883996 0.164955 0.232008 0.115656
0 0.354856 0.195066 0.0347013 0.100685 0.114641
7 0.377068 0.147624 0.0925864 0.0879535 0.113651
39 0.840139 0.613271 0.179199 0.298794 0.112226
5 0.740257 0.336763 0.108721 0.147424 0.105601
2 0.974109 0.0366513 0.0511162 0.0487133 0.104438
2 0.737677 0.272124 0.0409849 0.0320447 0.104143
0 0.93472 0.149659 0.0209057 0.0503401 0.104011
7 0.39855 0.144145 0.0472719 0.0771909 0.102197
7 0.399709 0.143806 0.0452542 0.0755679 0.10165
67 0.625164 0.344679 0.0899484 0.149949 0.101249
6 0.878336 0.391697 0.24257 0.543439 0.0999791
0 0.934295 0.149266 0.0205992 0.0511227 0.0993243
5 0.878333 0.393766 0.24253 0.549797 0.0993137
7 0.378941 0.144914 0.088111 0.0831048 0.098967
5 0.878303 0.39219 0.242339 0.543511 0.09808
5 0.878211 0.393893 0.243242 0.549388 0.0978642
0 0.909792 0.138716 0.017458 0.0498502 0.0978083
0 0.933607 0.148542 0.0213205 0.0476588 0.0977847
67 0.4795 0.441154 0.1207 0.196289 0.0976677
0 0.356177 0.210943 0.0315896 0.0699083 0.0969877
0 0.239223 0.231858 0.0467839 0.0835803 0.0963891
7 0.378843 0.149251 0.0898855 0.0913237 0.0951069
2 0.971572 0.0370527 0.0568558 0.0482462 0.094365
0 0.934747 0.150133 0.0215698 0.0521586 0.0943646
2 0.84064 0.613791 0.178776 0.301745 0.0927552
2 0.972676 0.0383773 0.0539057 0.0452447 0.0911447
7 0.391706 0.143432 0.064715 0.0768927 0.0908861
0 0.923264 0.145365 0.0432503 0.056373 0.0901943
67 0.488543 0.883599 0.162273 0.232801 0.0901803
2 0.332728 0.019999 0.0329019 0.0358543 0.0889226
0 0.136585 0.247916 0.0261347 0.0852004 0.0877159
0 0.345097 0.164706 0.0219634 0.0552033 0.0876474
0 0.0203714 0.216842 0.0296982 0.0853698 0.0869788
2 0.737687 0.266975 0.033955 0.0224273 0.0867104
7 0.382798 0.142916 0.0827941 0.0768377 0.0854597
7 0.401019 0.144048 0.0446251 0.0736749 0.0827709
2 0.737585 0.27215 0.0414783 0.0316543 0.0823102
0 0.934996 0.149203 0.0206844 0.0488052 0.0821077
0 0.292661 0.0707625 0.011368 0.0314252 0.0801141
67 0.662097 0.545065 0.138053 0.259305 0.0798622
0 0.932418 0.147122 0.0222996 0.0471749 0.0794026
0 0.015331 0.21701 0.0281088 0.0853837 0.0774024
0 0.909338 0.138241 0.0161976 0.0504842 0.0769616
0 0.825708 0.0392556 0.0219765 0.0440109 0.0757043
6 0.879154 0.396454 0.241469 0.555998 0.0756015
0 0.357983 0.215475 0.0280711 0.060291 0.0754088
7 0.399588 0.143918 0.0465612 0.0753007 0.0746314
0 0.827646 0.0356649 0.0208149 0.0450475 0.0743776
2 0.972655 0.0452367 0.0537567 0.0324024 0.0742826
0 0.132983 0.243921 0.031677 0.0895457 0.0724807
2 0.737935 0.268772 0.0332235 0.026055 0.0718495
6 0.879266 0.392063 0.241091 0.546487 0.0716276
0 0.237805 0.24154 0.0290798 0.0838619 0.0705938
0 0.143637 0.208624 0.0214876 0.0707257 0.0704335
39 0.762289 0.94679 0.168589 0.105537 0.0696303
2 0.840307 0.615238 0.179199 0.303667 0.0689339
0 0.233966 0.24232 0.0284214 0.0876656 0.0680554
0 0.933468 0.146418 0.0226759 0.0546253 0.0678374
0 0.0658874 0.0651366 0.0205555 0.0356213 0.0666536
39 0.840517 0.613656 0.178116 0.301454 0.0663955
5 0.878479 0.392399 0.242512 0.554307 0.0658
2 0.975043 0.0436014 0.0490536 0.0341738 0.0655383
0 0.197924 0.214181 0.0204666 0.064247 0.0643973
0 0.915805 0.141864 0.0296961 0.0558267 0.0635503
7 0.399519 0.143946 0.0485565 0.0749195 0.0626215
39 0.840393 0.613209 0.178678 0.30137 0.0626181
0 0.825165 0.0369656 0.0273045 0.0438847 0.0605454
2 0.207521 0.0713612 0.0475452 0.0313101 0.0601179
0 0.245385 0.230507 0.0370705 0.0794085 0.0600979
2 0.220996 0.0719334 0.0188355 0.0261375 0.0594226
2 0.839479 0.600615 0.176529 0.27756 0.0590357
7 0.379466 0.147474 0.0870437 0.0868782 0.0589609
2 0.206816 0.0714665 0.045729 0.0314734 0.0589001
0 0.202373 0.223143 0.0195216 0.0776954 0.0582959
67 0.662137 0.544828 0.137643 0.258438 0.0582618
67 0.479829 0.440938 0.122287 0.198018 0.057827
0 0.248074 0.222885 0.0325427 0.0626281 0.0572904
0 0.163478 0.20405 0.0284897 0.0936128 0.056509
2 0.206925 0.0713688 0.0482052 0.0309025 0.0558777
0 0.24536 0.210094 0.0347291 0.0780768 0.0558694
0 0.163717 0.205695 0.0243397 0.0906304 0.0548573
0 0.245456 0.214807 0.036724 0.0819962 0.0546752
0 0.168163 0.201686 0.0260851 0.0938389 0.0545151
0 0.205028 0.226183 0.0210444 0.072943 0.0544347
2 0.333919 0.0194605 0.0356989 0.0368432 0.0542144
67 0.662169 0.54479 0.137481 0.258531 0.0540908
5 0.878169 0.393048 0.242649 0.550327 0.0540095
0 0.0661435 0.0627429 0.0193703 0.0319539 0.0535752
0 0.136959 0.24386 0.029363 0.0914892 0.0533029
0 0.188621 0.186805 0.0182499 0.0755404 0.053198
2 0.388529 0.17673 0.0190132 0.0234185 0.0528126
0 0.364877 0.189942 0.0212583 0.0548745 0.0524339
0 0.244751 0.224007 0.0374471 0.0797134 0.0524183
0 0.19707 0.206394 0.0201094 0.0677273 0.0519993
0 0.0148318 0.217513 0.0287429 0.08615 0.0517019
0 0.922567 0.142314 0.0419203 0.0585675 0.0510467
7 0.269878 0.139728 0.079374 0.0692876 0.050997
0 0.382245 0.185031 0.0257617 0.0417235 0.0509893
0 0.144592 0.209416 0.0210268 0.0748512 0.0502026
2 0.662207 0.543075 0.138361 0.255987 0.0494089
0 0.909532 0.137523 0.0161835 0.0502952 0.0490269
0 0.225536 0.234018 0.0553907 0.0858855 0.0484597
0 0.166569 0.201254 0.0280299 0.0921645 0.0484468
0 0.0080376 0.223658 0.0160752 0.0804887 0.0482005
0 0.198823 0.219453 0.019909 0.0756132 0.0471367
2 0.878253 0.390765 0.242981 0.558723 0.0469488
0 0.164419 0.20276 0.0285005 0.0912371 0.0469169
67 0.484059 0.75717 0.178564 0.48566 0.0468204
0 0.189082 0.176361 0.0153565 0.0562816 0.0464624
0 0.911664 0.138788 0.0212166 0.0531663 0.046339
0 0.935545 0.148637 0.0208828 0.0479716 0.0459888
6 0.878723 0.392387 0.242554 0.547238 0.0455113
0 0.029223 0.145236 0.0215603 0.0374692 0.0454075
0 0.141683 0.20332 0.0178612 0.0608749 0.0448945
0 0.200737 0.221455 0.0184975 0.080821 0.0448823
0 0.187568 0.188537 0.0196184 0.0740557 0.0448349
0 0.825778 0.0359629 0.0258881 0.0452411 0.0447017
2 0.735433 0.274405 0.0447571 0.0394704 0.0444637
2 0.227915 0.227517 0.0629309 0.0841652 0.0442911
0 0.190057 0.181745 0.0198732 0.0655073 0.0441631
2 0.334423 0.0202133 0.0323967 0.0348587 0.0438846
0 0.909941 0.137071 0.017292 0.0485306 0.0437793
0 0.190566 0.193631 0.0241866 0.0863556 0.0433801
0 0.165113 0.20236 0.0265634 0.0911869 0.0425158
0 0.360939 0.180199 0.0188334 0.0405808 0.0421999
2 0.245452 0.20961 0.0408292 0.0977949 0.0418249
0 0.824018 0.0374652 0.0264206 0.0434256 0.0415651
0 0.194258 0.192045 0.02272 0.0804821 0.0415585
2 0.321945 0.0303825 0.0121111 0.0154026 0.0410283
2 0.33803 0.0190371 0.0243018 0.03409 0.0409876
0 0.23717 0.165242 0.0209447 0.0548816 0.0409628
2 0.386998 0.176877 0.0208902 0.0242146 0.0406676
67 0.661143 0.552634 0.138991 0.273932 0.0403181
2 0.234213 0.222116 0.0586201 0.0861355 0.0402884
2 0.839217 0.604301 0.177366 0.284777 0.0400632
2 0.245372 0.16078 0.0347041 0.0449272 0.0394908
0 0.236348 0.162245 0.0185228 0.0505838 0.0394213
41 0.839742 0.612097 0.177077 0.298351 0.0391691
2 0.661457 0.547418 0.139674 0.263078 0.0389524
0 0.249156 0.215403 0.0306696 0.0709055 0.03886
2 0.365374 0.0253632 0.0340036 0.0490197 0.0387238
0 0.204268 0.229488 0.0161841 0.0697855 0.0380862
2 0.345863 0.16335 0.0248598 0.0602445 0.0376758
0 0.246302 0.210244 0.0359291 0.0785066 0.037656
6 0.486436 0.506026 0.962159 0.987947 0.0376197
0 0.228282 0.252145 0.0345487 0.0727217 0.0370593
0 0.0290479 0.140583 0.0221442 0.0459186 0.0369277
0 0.00722647 0.222321 0.0144529 0.0808663 0.0367772
2 0.227471 0.236562 0.0593965 0.0917544 0.0366764
0 0.359004 0.208552 0.0294389 0.0671774 0.0364616
0 0.387662 0.175194 0.0206049 0.0255505 0.0363135
0 0.0216556 0.234917 0.0259439 0.0494833 0.0362287
0 0.34791 0.180524 0.0249519 0.0816112 0.0361333
0 0.915077 0.141736 0.0278301 0.0576242 0.0356561
0 0.366639 0.184552 0.0190617 0.0518811 0.0352069
0 0.0215295 0.237602 0.0273954 0.0458499 0.0348279
7 0.377867 0.149028 0.0915547 0.0895354 0.0346642
0 0.225089 0.234167 0.0536023 0.085029 0.034646
67 0.485753 0.763555 0.170135 0.472891 0.0344934
0 0.187982 0.202756 0.0207574 0.0841787 0.034482
0 0.190036 0.166922 0.0136279 0.0407122 0.0340962
0 0.164212 0.202918 0.0275711 0.0912678 0.0339388
2 0.362462 0.0260454 0.0321971 0.0468512 0.0338759
0 0.0653971 0.0665972 0.0219898 0.0398629 0.0338589
2 0.0648218 0.0627189 0.0230532 0.0322106 0.0330175
2 0.385779 0.173776 0.0233847 0.0276807 0.0324072
