5 0.851817 0.421598 0.122598 0.31082 0.88002
2 0.138287 0.571559 0.155302 0.151217 0.831462
5 0.851519 0.420881 0.122805 0.309469 0.830835
5 0.851597 0.421267 0.122364 0.311508 0.82862
5 0.85103 0.421265 0.123737 0.311199 0.825198
5 0.851931 0.421755 0.12318 0.310645 0.807456
2 0.138557 0.571398 0.155758 0.152268 0.802775
5 0.851464 0.421551 0.124301 0.310844 0.797739
2 0.138223 0.571889 0.155854 0.149852 0.790829
2 0.138249 0.572133 0.155834 0.15073 0.772848
2 0.138142 0.572147 0.154085 0.15029 0.76097
2 0.138036 0.571546 0.155012 0.151486 0.759851
2 0.138161 0.57152 0.155133 0.150098 0.75419
2 0.397111 0.324207 0.078415 0.0731598 0.750041
5 0.852027 0.421071 0.124477 0.310784 0.745551
2 0.396738 0.324714 0.078226 0.0726148 0.740283
5 0.85077 0.421094 0.12307 0.311007 0.731878
2 0.397179 0.324113 0.0787234 0.0734526 0.720379
2 0.397255 0.324357 0.0779781 0.0736615 0.702797
2 0.397139 0.324329 0.077966 0.0740054 0.682547
2 0.39718 0.32437 0.0788137 0.0724734 0.67432
5 0.851196 0.420982 0.12337 0.310255 0.669702
5 0.853027 0.421699 0.12577 0.310169 0.664381
2 0.397423 0.324154 0.078944 0.0743741 0.655337
2 0.137947 0.571113 0.154197 0.151242 0.639451
2 0.564615 0.499727 0.103666 0.122224 0.637223
2 0.138176 0.571535 0.154337 0.15117 0.628392
2 0.863039 0.18637 0.0297562 0.042475 0.62757
2 0.309265 0.494331 0.136091 0.146813 0.624716
2 0.308983 0.494765 0.137948 0.149173 0.621778
2 0.309471 0.495181 0.13672 0.14864 0.621305
2 0.564848 0.499902 0.10444 0.122157 0.619991
2 0.564536 0.499837 0.104207 0.122461 0.619552
2 0.30902 0.49437 0.137802 0.149256 0.616549
2 0.137412 0.571483 0.153605 0.151405 0.612443
2 0.309127 0.494276 0.137805 0.147792 0.602252
2 0.564532 0.5 0.104614 0.121828 0.593018
2 0.396921 0.324563 0.0791851 0.0725614 0.590095
2 0.0506257 0.503073 0.100575 0.125652 0.585827
2 0.309087 0.494236 0.138088 0.148684 0.583957
2 0.564649 0.499723 0.103979 0.121837 0.575608
2 0.863374 0.186676 0.0294214 0.041884 0.572725
2 0.711668 0.16798 0.0288721 0.0346369 0.57132
2 0.564324 0.499893 0.104062 0.122587 0.562827
2 0.564206 0.499856 0.104184 0.124123 0.558442
2 0.050734 0.503857 0.101378 0.126545 0.557684
2 0.308842 0.493408 0.137375 0.145698 0.553815
2 0.309077 0.493387 0.137789 0.147444 0.552755
2 0.711259 0.168043 0.029023 0.0323446 0.543587
2 0.309187 0.494861 0.137946 0.149814 0.543016
2 0.0511066 0.503853 0.101944 0.12505 0.53817
2 0.564701 0.499787 0.104053 0.122988 0.534183
2 0.0507422 0.504197 0.101181 0.125898 0.532964
2 0.0506293 0.502776 0.100409 0.123962 0.530636
2 0.565002 0.500073 0.105087 0.122679 0.52826
2 0.67182 0.169956 0.0305353 0.0312194 0.520245
2 0.863243 0.186641 0.0290543 0.0414823 0.507163
2 0.863135 0.186231 0.0294498 0.0420215 0.497599
2 0.759104 0.117262 0.0201008 0.0245733 0.493397
5 0.651171 0.5921 0.245439 0.415899 0.48228
5 0.649856 0.59048 0.243579 0.414677 0.476802
2 0.564696 0.50008 0.104667 0.123899 0.474264
2 0.0504275 0.503269 0.100769 0.125101 0.470346
2 0.863165 0.18645 0.0299191 0.0422423 0.469556
2 0.863215 0.186564 0.0294699 0.0419286 0.466631
2 0.0864851 0.0954882 0.0692775 0.0318003 0.457093
5 0.653427 0.59306 0.245637 0.414028 0.456677
2 0.542763 0.224058 0.0502817 0.0593037 0.454973
2 0.71175 0.167601 0.0291378 0.0337267 0.445313
2 0.0502891 0.50408 0.100442 0.125059 0.43652
2 0.711284 0.167511 0.0299215 0.0344144 0.434843
2 0.541578 0.225662 0.0486198 0.0560748 0.40665
2 0.671467 0.169598 0.0303085 0.0313506 0.40619
2 0.0504118 0.504827 0.100703 0.12494 0.391488
2 0.711429 0.167235 0.0292983 0.0342269 0.390029
2 0.308838 0.493888 0.134868 0.145645 0.379482
2 0.62193 0.221103 0.0433483 0.054389 0.370044
2 0.542106 0.225192 0.0500315 0.0580785 0.352714
2 0.711239 0.167374 0.0289922 0.033909 0.340175
2 0.0509921 0.504943 0.101805 0.124613 0.339139
2 0.0503172 0.505865 0.100457 0.122362 0.338691
2 0.863237 0.186733 0.0295166 0.0436527 0.336948
2 0.622576 0.218081 0.0426907 0.0474699 0.334947
2 0.0850136 0.0959987 0.0710537 0.0323602 0.332593
2 0.0863841 0.0948302 0.0690535 0.0307009 0.330753
2 0.622401 0.217561 0.0423373 0.0465087 0.330415
5 0.651275 0.591715 0.24562 0.415609 0.326665
2 0.760731 0.117149 0.0214199 0.0263612 0.326541
2 0.673322 0.166995 0.0313917 0.039239 0.325769
2 0.542274 0.224396 0.0505654 0.0599307 0.324035
2 0.672745 0.166048 0.0317151 0.038102 0.322915
5 0.651153 0.592008 0.246909 0.414783 0.320454
2 0.542054 0.225214 0.0499592 0.0566932 0.311432
2 0.622637 0.220646 0.0430996 0.0526205 0.30632
2 0.541637 0.225808 0.0486601 0.0552902 0.304987
5 0.651045 0.591318 0.247836 0.415372 0.304824
2 0.136938 0.571679 0.157667 0.151198 0.298845
2 0.672886 0.165804 0.032379 0.0399284 0.293346
2 0.07601 0.0977172 0.0908913 0.0359961 0.283605
2 0.710891 0.167111 0.0298388 0.0343962 0.280038
2 0.672297 0.167704 0.0316193 0.0357745 0.276744
2 0.900674 0.12257 0.0194195 0.0227512 0.276443
5 0.652745 0.593011 0.245257 0.414445 0.275888
2 0.603957 0.264372 0.0603023 0.0678887 0.275753
2 0.672049 0.167561 0.0312408 0.0346196 0.275154
2 0.863217 0.187089 0.0299191 0.0433452 0.273658
5 0.65164 0.592587 0.243902 0.413435 0.269629
2 0.900913 0.121838 0.0192366 0.0243418 0.26939
2 0.962892 0.142517 0.0187927 0.0238642 0.262811
2 0.604462 0.263641 0.0606558 0.0670523 0.259959
2 0.542945 0.223509 0.051247 0.060405 0.259332
2 0.542601 0.224577 0.0504023 0.0588493 0.258851
2 0.0847279 0.0974093 0.0731385 0.0349528 0.258712
2 0.863138 0.186745 0.0298584 0.0403937 0.256301
2 0.605043 0.261955 0.0601516 0.0618229 0.25372
2 0.781103 0.119927 0.0222028 0.0237163 0.252951
2 0.541768 0.225175 0.0495024 0.0556086 0.23989
2 0.397129 0.324031 0.0796312 0.0727291 0.239783
2 0.622695 0.217732 0.0425937 0.0472433 0.232742
2 0.604501 0.267895 0.0606539 0.0743073 0.221775
2 0.901095 0.122405 0.0191673 0.0240958 0.211823
2 0.333191 0.0561276 0.0418022 0.0211277 0.201848
5 0.652127 0.592323 0.252571 0.414198 0.200875
2 0.541422 0.229704 0.0473345 0.0487567 0.19628
2 0.605023 0.26708 0.0615442 0.076426 0.188722
2 0.0857703 0.0945127 0.0715125 0.032007 0.188195
2 0.333338 0.0562726 0.0426436 0.0212477 0.186358
2 0.674189 0.16598 0.0331734 0.0399043 0.173458
2 0.0859854 0.0925769 0.069946 0.0286799 0.17277
2 0.944627 0.122269 0.0188528 0.0284746 0.172249
2 0.622731 0.219126 0.0425058 0.0493487 0.169479
5 0.66169 0.588984 0.230349 0.412613 0.158794
2 0.759186 0.116463 0.0197313 0.0260943 0.158183
2 0.900865 0.121592 0.0184412 0.0257986 0.15745
7 0.603889 0.268742 0.0599292 0.0764067 0.154954
2 0.0812248 0.0971921 0.079408 0.0378924 0.153597
7 0.6046 0.269099 0.0609438 0.0773733 0.151469
2 0.779589 0.119042 0.0365484 0.030941 0.148835
2 0.333307 0.0558242 0.0420329 0.0220626 0.146181
2 0.622533 0.220067 0.0431396 0.0503953 0.144129
2 0.622388 0.218955 0.0424351 0.0484668 0.139514
2 0.0869961 0.0976776 0.0692841 0.0353798 0.136396
2 0.880643 0.109792 0.0201849 0.0224049 0.134292
2 0.963382 0.142417 0.0192383 0.0246003 0.133491
2 0.622544 0.221201 0.0435746 0.052597 0.131717
7 0.604753 0.269593 0.0614952 0.0785608 0.129231
2 0.544171 0.22427 0.0497147 0.0576413 0.127939
2 0.541884 0.224153 0.0478278 0.055577 0.125169
5 0.705182 0.462285 0.131958 0.15682 0.124684
2 0.671169 0.168779 0.0315449 0.034278 0.121403
5 0.705318 0.466283 0.131057 0.163779 0.119741
2 0.0834559 0.0959156 0.0718527 0.0329311 0.116794
2 0.604739 0.267766 0.0611415 0.0757 0.11397
2 0.054016 0.473218 0.0932748 0.0658133 0.106816
2 0.0669668 0.0990212 0.107211 0.0399216 0.104204
5 0.705144 0.45813 0.130957 0.147515 0.103758
2 0.759792 0.11756 0.0222454 0.0270725 0.100634
2 0.944353 0.121582 0.019392 0.0296726 0.0996293
5 0.705462 0.458328 0.13245 0.148609 0.0976796
0 0.0656271 0.0553701 0.029342 0.067296 0.097074
2 0.541597 0.233824 0.0475349 0.0405719 0.0930743
0 0.0575632 0.0670598 0.0444149 0.0896185 0.0927392
2 0.590302 0.294932 0.0309026 0.0322212 0.09177
2 0.782141 0.122558 0.0206682 0.0208542 0.0903849
2 0.780533 0.117304 0.0315413 0.0284714 0.0835728
0 0.0660098 0.05332 0.0286586 0.061892 0.0807683
2 0.76274 0.116933 0.0275301 0.0277622 0.0783273
2 0.541723 0.229718 0.0479551 0.0484727 0.0781918
2 0.670105 0.169539 0.0300623 0.0318953 0.0757172
0 0.0664602 0.0540953 0.0302076 0.0659248 0.0752646
2 0.623508 0.218863 0.0438887 0.0496022 0.0752187
7 0.604014 0.269008 0.0590578 0.0771662 0.0701128
5 0.704575 0.468823 0.132091 0.170018 0.0692713
0 0.0642432 0.0559877 0.0297906 0.0636687 0.0687879
2 0.60446 0.261716 0.0601501 0.0602108 0.0659005
2 0.622675 0.217622 0.042938 0.0482892 0.0657538
2 0.272013 0.0664141 0.0280285 0.013987 0.0651419
0 0.0667726 0.053097 0.0305138 0.0678507 0.060345
5 0.705027 0.467015 0.130612 0.166079 0.0599574
7 0.406204 0.0274402 0.101607 0.0548804 0.0599247
2 0.787122 0.120634 0.03379 0.0258683 0.0598559
2 0.396748 0.324877 0.0760969 0.0719125 0.0590596
2 0.588612 0.295679 0.0275459 0.0307567 0.0590083
2 0.0538085 0.477891 0.0941617 0.0768312 0.0586198
2 0.878494 0.111823 0.0166151 0.0191542 0.0583086
2 0.0839384 0.0945888 0.0743888 0.0328068 0.0577998
2 0.565119 0.500228 0.105087 0.123318 0.0568145
2 0.074209 0.0985297 0.092484 0.0396031 0.0556275
5 0.704658 0.456817 0.131118 0.144592 0.0534259
2 0.3099 0.496208 0.134998 0.150501 0.0533897
2 0.962731 0.141498 0.0200241 0.0264007 0.0531353
0 0.064986 0.0543766 0.0277062 0.058876 0.0525986
2 0.834845 0.0975127 0.0228313 0.0186257 0.0522183
2 0.060722 0.104668 0.121344 0.0526282 0.0504768
2 0.836833 0.101585 0.0183346 0.0202376 0.0499048
0 0.0100433 0.10183 0.0200225 0.0308779 0.0487721
2 0.167774 0.0847744 0.0351544 0.0129116 0.048367
7 0.608363 0.250892 0.0667892 0.105011 0.0467665
2 0.589902 0.29426 0.029705 0.0316818 0.0466231
5 0.40478 0.028223 0.103236 0.056446 0.0464105
5 0.704054 0.456688 0.130468 0.143164 0.0462566
2 0.060849 0.106031 0.121284 0.0535723 0.0461693
7 0.608028 0.246435 0.0683296 0.104996 0.0455703
0 0.00977234 0.101592 0.0195011 0.0305551 0.0446708
5 0.705043 0.468465 0.131986 0.168515 0.0445261
2 0.273028 0.0660865 0.0251795 0.0136126 0.0442055
2 0.595493 0.278961 0.0417571 0.0601906 0.0440196
2 0.0435564 0.52086 0.0870394 0.0894004 0.0432412
2 0.0879541 0.0972244 0.0664117 0.0355591 0.0429469
2 0.590949 0.293518 0.03169 0.0317342 0.0420729
7 0.0598427 0.0764148 0.119144 0.093811 0.0418677
2 0.823289 0.0937108 0.0176895 0.0120011 0.0412937
2 0.415974 0.041992 0.0475034 0.0240368 0.0410471
7 0.406303 0.0273872 0.0993382 0.0546848 0.0406435
0 0.946094 0.0773257 0.0124401 0.0184678 0.0385319
2 0.413523 0.0417294 0.042883 0.0230844 0.0375294
2 0.0617815 0.103603 0.11938 0.0505331 0.0372828
7 0.621969 0.222898 0.0437062 0.057593 0.0362804
2 0.0553597 0.473729 0.091834 0.0656611 0.0353742
2 0.538834 0.223077 0.04067 0.0512427 0.0351532
0 0.0530739 0.067839 0.0576003 0.0895665 0.0337259
5 0.990046 0.104263 0.0191727 0.208358 0.0336124
2 0.604184 0.244597 0.0454431 0.0278551 0.0325717
2 0.671303 0.165971 0.0347462 0.0397292 0.0324595
2 0.943897 0.120839 0.0193432 0.0321447 0.0322726
0 0.0681956 0.0524546 0.0322651 0.0666505 0.0319065
2 0.893478 0.10418 0.0143808 0.0223655 0.0315524
7 0.384151 0.0293311 0.144084 0.0586623 0.0314768
5 0.651936 0.591731 0.243293 0.415287 0.0313915
7 0.398614 0.0292074 0.116192 0.0584148 0.0312577
2 0.156921 0.0865743 0.0604822 0.0163744 0.0308995
5 0.70543 0.45246 0.132298 0.136641 0.0306987
0 0.533743 0.0252037 0.0202407 0.0249161 0.0306181
7 0.405664 0.0280265 0.0999541 0.0560529 0.0303999
2 0.0604843 0.10636 0.120773 0.0525359 0.0301138
2 0.759095 0.118557 0.0201113 0.0267223 0.0299214
0 0.0358502 0.0956962 0.0238844 0.0349816 0.0293651
2 0.538099 0.22636 0.0447212 0.0523131 0.0293457
2 0.806956 0.0775033 0.0126623 0.0166932 0.0292704
2 0.33231 0.0570579 0.0425275 0.0229342 0.0291269
2 0.833572 0.0687299 0.0197842 0.0202516 0.029122
2 0.62113 0.225747 0.0463672 0.0616245 0.0290253
2 0.173774 0.0828519 0.0225348 0.0119051 0.0289729
2 0.754364 0.438767 0.0347203 0.0868252 0.0286682
2 0.345626 0.0578989 0.0765794 0.026177 0.028655
2 0.0702397 0.102305 0.102128 0.0465159 0.028514
5 0.990297 0.11346 0.0188784 0.221089 0.0280816
2 0.0606743 0.0786511 0.121044 0.0992434 0.0279647
79 0.890586 0.972302 0.0190746 0.0539974 0.0275727
0 0.0598263 0.0731959 0.118224 0.0960752 0.027546
7 0.0604406 0.0772096 0.120613 0.0957945 0.0275403
2 0.839656 0.519286 0.0949905 0.113934 0.0274089
0 0.0735016 0.0660204 0.0945938 0.0919775 0.0270972
2 0.839252 0.514354 0.097431 0.121501 0.0264693
2 0.837228 0.0980363 0.0202011 0.0218164 0.0258111
2 0.837691 0.102101 0.0186954 0.0219861 0.0251126
2 0.838685 0.513888 0.0971264 0.122758 0.0248752
2 0.792918 0.126046 0.0162682 0.0169168 0.0245412
2 0.964854 0.141775 0.019022 0.0249187 0.0243548
5 0.705315 0.451513 0.130867 0.134841 0.0239678
2 0.839203 0.513773 0.0956997 0.123063 0.0239549
5 0.408226 0.0276004 0.0953466 0.054245 0.0234505
2 0.0607317 0.10216 0.120918 0.0491236 0.0232173
7 0.608223 0.252428 0.069899 0.109302 0.0231851
7 0.0443481 0.0765957 0.0884952 0.0917203 0.0230571
0 0.0680617 0.0524518 0.0323739 0.064322 0.0223483
6 0.0599649 0.0796183 0.119274 0.109948 0.0223419
6 0.0597586 0.0805897 0.119517 0.107542 0.02233
2 0.838819 0.514031 0.0959251 0.122978 0.0222374
7 0.384116 0.0304805 0.145241 0.0604222 0.0217621
5 0.407583 0.0276643 0.0977958 0.0550339 0.0215832
2 0.753305 0.438353 0.0369135 0.0867465 0.0215233
2 0.539036 0.231438 0.0453775 0.0436914 0.0213196
2 0.805849 0.121925 0.0290762 0.0238326 0.0212101
2 0.317731 0.498197 0.130328 0.154978 0.0209741
5 0.852477 0.393523 0.121005 0.254741 0.020886
2 0.33231 0.0579287 0.0459014 0.0250557 0.0206252
0 0.381074 0.0332297 0.0160942 0.0405258 0.0205736
5 0.990555 0.115125 0.0182756 0.221942 0.0202549
2 0.708894 0.167636 0.0350422 0.0357943 0.0200855
0 0.0646193 0.0531282 0.0264298 0.0596396 0.0198807
0 0.0343176 0.0965888 0.0237358 0.0359493 0.0195649
5 0.944228 0.121928 0.0209183 0.0291103 0.0194793
79 0.890548 0.972458 0.0196669 0.0543991 0.0193759
58 0.533534 0.0260716 0.0197215 0.0225328 0.0191141
7 0.384681 0.0301386 0.144181 0.0602771 0.0189382
0 0.535018 0.0254349 0.0248507 0.025844 0.0189284
2 0.962447 0.140398 0.0198196 0.0266078 0.0187435
5 0.852831 0.394061 0.122324 0.25507 0.0187233
2 0.839114 0.520451 0.0957585 0.113257 0.0180427
2 0.150761 0.0858061 0.0440674 0.0156981 0.0176476
0 0.0113868 0.10147 0.0225072 0.0350206 0.0174902
0 0.0556087 0.0708634 0.108491 0.0937502 0.0171695
2 0.15615 0.0932581 0.0712674 0.0335841 0.0169096
5 0.704615 0.469002 0.132449 0.167779 0.0166494
2 0.77002 0.118099 0.0413586 0.0286494 0.0164924
2 0.0607046 0.105149 0.121409 0.0534721 0.0163217
7 0.673315 0.162887 0.0332066 0.0435228 0.016277
2 0.537897 0.237915 0.0428877 0.0330882 0.0159322
2 0.262374 0.0684237 0.0461476 0.0153533 0.0158817
