2 0.386554 0.361946 0.0885826 0.0723866 0.841496
2 0.506583 0.399386 0.105496 0.0885695 0.801047
2 0.506238 0.398697 0.105146 0.0892739 0.799315
2 0.506214 0.399043 0.105785 0.0888957 0.797997
2 0.507017 0.400144 0.105592 0.0880249 0.789418
2 0.386821 0.361597 0.0885053 0.0727097 0.78733
2 0.38683 0.361638 0.0888463 0.0720531 0.785598
2 0.506493 0.399201 0.105022 0.088568 0.765238
2 0.545071 0.3631 0.105657 0.0827126 0.758875
2 0.386482 0.361712 0.0891572 0.0725281 0.757761
2 0.386678 0.362144 0.0884893 0.0728866 0.753612
2 0.545206 0.363346 0.106434 0.0830794 0.750903
2 0.506576 0.399216 0.10658 0.089246 0.742197
2 0.545304 0.363328 0.106558 0.0827029 0.737684
2 0.60994 0.494947 0.142792 0.121697 0.735003
2 0.50675 0.399425 0.106047 0.0888488 0.73306
2 0.545447 0.363124 0.104976 0.0833564 0.732021
2 0.386895 0.362294 0.0884187 0.0734975 0.727331
2 0.544768 0.363324 0.106281 0.0834232 0.723818
2 0.609658 0.495214 0.142956 0.120836 0.712817
2 0.545105 0.363627 0.106835 0.0844172 0.710321
2 0.609988 0.49536 0.141882 0.119389 0.698482
5 0.900786 0.447074 0.197947 0.283811 0.696595
2 0.609627 0.495026 0.142175 0.120275 0.695575
2 0.386861 0.36186 0.0895585 0.0726014 0.692969
2 0.608615 0.495256 0.142597 0.120906 0.683106
2 0.506372 0.398581 0.106209 0.0893851 0.675882
2 0.610194 0.495435 0.143992 0.121124 0.669421
5 0.900536 0.448854 0.198328 0.289269 0.661899
2 0.610073 0.495378 0.1436 0.121067 0.65774
2 0.387155 0.36241 0.0883055 0.0723305 0.656255
2 0.545722 0.363169 0.105593 0.0832079 0.645075
2 0.386687 0.361476 0.0892338 0.0730107 0.641468
5 0.897072 0.449308 0.205395 0.291023 0.641138
5 0.90103 0.443766 0.196674 0.27766 0.631212
2 0.609822 0.49501 0.142573 0.121895 0.619223
5 0.900384 0.441032 0.198328 0.274554 0.596718
2 0.387437 0.362084 0.0888413 0.0732165 0.591134
5 0.90091 0.44669 0.196984 0.283817 0.58653
5 0.900597 0.446417 0.197665 0.286055 0.580335
2 0.609433 0.495189 0.142966 0.122458 0.566079
2 0.545443 0.363115 0.10531 0.0832453 0.563677
2 0.609667 0.495 0.1427 0.122196 0.541102
2 0.408512 0.218074 0.0505029 0.0370537 0.534464
0 0.0816631 0.491528 0.0249662 0.0789811 0.532335
5 0.900958 0.443768 0.197302 0.279238 0.530707
2 0.408691 0.218056 0.0508669 0.036593 0.528072
0 0.0810616 0.492085 0.0232247 0.0777147 0.523297
2 0.675288 0.458738 0.134366 0.108172 0.5191
2 0.67691 0.458132 0.132805 0.109937 0.51852
2 0.67535 0.458408 0.133432 0.109819 0.517218
2 0.408429 0.217556 0.0509007 0.0359305 0.507247
2 0.67457 0.458503 0.132542 0.108225 0.501901
2 0.670486 0.395862 0.118626 0.0785542 0.486626
2 0.408649 0.219042 0.0516428 0.0398372 0.484622
2 0.675902 0.458304 0.131059 0.110523 0.48235
0 0.079966 0.490017 0.0216185 0.0737569 0.478423
2 0.675546 0.458313 0.133845 0.109375 0.475002
2 0.671256 0.399577 0.121304 0.088355 0.471431
0 0.0808575 0.491404 0.0236323 0.0794359 0.459756
2 0.675755 0.458803 0.132177 0.109762 0.457319
2 0.675223 0.458342 0.134575 0.108578 0.457056
2 0.387049 0.362899 0.0895346 0.070951 0.455975
2 0.408365 0.219391 0.0508292 0.0404514 0.450375
0 0.0816478 0.492485 0.0253833 0.0800137 0.44896
2 0.672097 0.4009 0.122112 0.0880421 0.447005
0 0.0812254 0.491884 0.0241448 0.0798024 0.446714
5 0.900798 0.443118 0.197652 0.275409 0.44612
2 0.408706 0.216864 0.050014 0.0356504 0.445364
2 0.672996 0.401216 0.123411 0.090634 0.443379
2 0.409139 0.217456 0.050165 0.0366636 0.440454
2 0.660005 0.390223 0.0994553 0.0665894 0.429006
2 0.408439 0.218106 0.0504022 0.037817 0.425362
2 0.671978 0.402924 0.122773 0.0915507 0.398769
2 0.408633 0.216782 0.0501919 0.0349538 0.393422
2 0.506977 0.400383 0.105721 0.0909047 0.38552
2 0.675214 0.458433 0.131576 0.109495 0.376105
2 0.552222 0.189246 0.0490581 0.033895 0.369017
2 0.408358 0.21889 0.0516068 0.0404515 0.366456
5 0.895561 0.44513 0.207751 0.284104 0.362454
2 0.660704 0.389122 0.100701 0.0666262 0.351584
0 0.0823452 0.492292 0.0250114 0.0815502 0.351415
2 0.672534 0.403745 0.123205 0.095064 0.345805
2 0.667456 0.392855 0.113472 0.0744404 0.344047
5 0.887651 0.579851 0.22341 0.244546 0.338597
2 0.313399 0.193926 0.0426352 0.0320663 0.334054
2 0.386914 0.362164 0.0890155 0.0725216 0.33132
7 0.887581 0.580945 0.223722 0.242085 0.32912
2 0.507136 0.400071 0.105915 0.0887805 0.314901
7 0.887889 0.580881 0.223838 0.24272 0.311508
2 0.31456 0.19516 0.0411423 0.0267144 0.292348
5 0.900793 0.434517 0.197219 0.260088 0.289748
2 0.552014 0.189077 0.0494241 0.034197 0.287293
2 0.552064 0.1897 0.0481349 0.0332218 0.286021
2 0.551771 0.189133 0.0496345 0.0342058 0.284782
2 0.506371 0.399327 0.104374 0.0886579 0.276869
2 0.314739 0.19615 0.041426 0.0272315 0.273435
2 0.552514 0.189083 0.0483417 0.0347881 0.268823
7 0.887273 0.580722 0.225044 0.243858 0.260018
7 0.887636 0.580635 0.224144 0.24344 0.258858
2 0.673839 0.400513 0.127808 0.0893262 0.258218
7 0.887371 0.579551 0.223956 0.242553 0.256919
2 0.552033 0.189693 0.0487907 0.0330032 0.250264
7 0.887068 0.579412 0.225505 0.242916 0.247557
7 0.887464 0.578906 0.224005 0.241481 0.243706
2 0.386634 0.361723 0.0889653 0.0729053 0.235067
2 0.314844 0.196704 0.0409971 0.0284842 0.234516
5 0.887876 0.578092 0.222946 0.243314 0.229237
2 0.552411 0.189129 0.0489095 0.0343416 0.227254
2 0.545831 0.364818 0.111142 0.0818534 0.216072
2 0.541069 0.363392 0.117202 0.080904 0.203732
0 0.079414 0.485349 0.0208133 0.0666238 0.197517
2 0.40848 0.215158 0.0492487 0.0328288 0.193218
2 0.520588 0.173642 0.0532792 0.0339741 0.181269
2 0.311079 0.19046 0.0431121 0.0267614 0.178268
2 0.314396 0.196516 0.0426999 0.0276231 0.17793
2 0.31493 0.196255 0.0403132 0.0261277 0.175887
2 0.544241 0.363521 0.108844 0.0820087 0.167245
0 0.0823744 0.496887 0.0254287 0.0755543 0.160136
2 0.512133 0.173869 0.0367249 0.0304695 0.156493
2 0.309052 0.187109 0.0384764 0.0232656 0.146238
2 0.522153 0.174504 0.0541199 0.0332735 0.145334
2 0.312959 0.193253 0.044452 0.0321937 0.144729
5 0.708173 0.867689 0.295985 0.264294 0.136638
2 0.652388 0.391928 0.083001 0.0588948 0.135843
2 0.645526 0.394138 0.0706104 0.055276 0.135395
5 0.718431 0.868045 0.316666 0.263347 0.129277
0 0.0810373 0.491091 0.0263922 0.0795557 0.128179
2 0.551427 0.187702 0.0489269 0.0331882 0.116613
2 0.525037 0.174754 0.0492529 0.0323417 0.110853
2 0.458396 0.17006 0.0273298 0.028862 0.107984
5 0.888107 0.504066 0.223787 0.399376 0.105306
2 0.52214 0.174619 0.0533598 0.0337659 0.103169
7 0.673757 0.414327 0.128014 0.116054 0.100942
0 0.98598 0.657625 0.0273607 0.0857724 0.0971769
2 0.672424 0.402408 0.121197 0.0934938 0.0968124
2 0.646468 0.393169 0.0720388 0.0561852 0.0964084
5 0.708865 0.867447 0.298216 0.264214 0.0963177
2 0.40799 0.220145 0.0515969 0.0412741 0.0960571
5 0.718857 0.867355 0.318515 0.264095 0.0935352
0 0.985697 0.65779 0.027973 0.0852764 0.09221
2 0.645194 0.391924 0.0689076 0.0599558 0.0905554
7 0.673942 0.433003 0.128938 0.155958 0.0861979
5 0.901013 0.421913 0.197973 0.234496 0.0852934
2 0.314462 0.196628 0.0412909 0.0283488 0.0829549
2 0.519769 0.175703 0.051304 0.0350358 0.0828217
2 0.364717 0.160839 0.0196375 0.0214245 0.0815941
2 0.644735 0.393599 0.0673728 0.0602587 0.0802571
2 0.545627 0.363449 0.108646 0.0832309 0.0792526
9 0.705845 0.0879889 0.01884 0.0288051 0.0777919
0 0.985606 0.657938 0.0279713 0.0851334 0.0772457
2 0.507504 0.174433 0.0265072 0.0291668 0.0771089
2 0.521313 0.174519 0.0543577 0.0346991 0.0752333
2 0.649095 0.391181 0.0760257 0.056998 0.0751372
2 0.0339622 0.170844 0.0178258 0.0197423 0.0710979
2 0.300804 0.186285 0.0241391 0.0202643 0.0691113
5 0.716381 0.867415 0.315029 0.263956 0.0688145
2 0.363153 0.161642 0.0218043 0.0202296 0.0679256
2 0.445559 0.177258 0.017127 0.0199281 0.0677598
2 0.646812 0.394591 0.0680538 0.0541327 0.0675088
5 0.0143531 0.189988 0.0286258 0.163904 0.0667046
0 0.0849459 0.494829 0.0308433 0.0774475 0.0665856
5 0.014046 0.193483 0.0280446 0.177808 0.0665323
0 0.985099 0.658446 0.0288742 0.0831955 0.0654686
2 0.364342 0.161615 0.0206036 0.0196375 0.0649169
9 0.981343 0.0922878 0.0352959 0.0352872 0.0645582
2 0.673585 0.415693 0.12664 0.11884 0.064502
0 0.936691 0.174837 0.0141472 0.0302199 0.0627724
0 0.080307 0.490593 0.0246338 0.0763605 0.0610808
2 0.733646 0.867338 0.349817 0.264078 0.060299
2 0.44706 0.172764 0.020165 0.0275639 0.0582602
5 0.0140158 0.190334 0.0279303 0.190854 0.058254
2 0.665114 0.392738 0.110571 0.0726047 0.0581226
2 0.660165 0.392249 0.105246 0.0727609 0.0578461
0 0.985819 0.657983 0.0277035 0.0854505 0.0572341
0 0.0837446 0.505255 0.0276125 0.0593618 0.0570099
2 0.644786 0.396248 0.0685592 0.0563875 0.0566469
2 0.359866 0.16287 0.0170012 0.0173007 0.0547249
2 0.552042 0.190512 0.0488081 0.034033 0.0546881
0 0.919799 0.184953 0.0167791 0.0243909 0.0543298
0 0.987001 0.657289 0.0252789 0.0850866 0.0539219
9 0.981885 0.0907402 0.0352482 0.0324213 0.0539084
2 0.658407 0.388262 0.0944439 0.0604462 0.0526228
5 0.702064 0.86771 0.282139 0.264401 0.0499118
2 0.535529 0.175977 0.027711 0.027983 0.0491574
9 0.98193 0.0910347 0.0354622 0.0345318 0.0488368
0 0.0809794 0.492834 0.0271339 0.0814819 0.0486372
9 0.705664 0.0890959 0.0180231 0.0281345 0.0470753
2 0.459571 0.16871 0.0249331 0.0281487 0.0468302
9 0.793418 0.121229 0.0139725 0.0274423 0.0444946
0 0.936322 0.177674 0.0145035 0.0313316 0.0442629
5 0.713156 0.867694 0.304458 0.264342 0.0440117
0 0.0290663 0.809801 0.0393947 0.102129 0.0433714
2 0.658384 0.39155 0.0920586 0.0577282 0.0433391
5 0.734531 0.86753 0.348001 0.264045 0.0428366
2 0.683015 0.459409 0.117321 0.104175 0.0423925
2 0.551508 0.189772 0.0496435 0.0291709 0.04238
2 0.408566 0.221597 0.0509758 0.0453125 0.0420337
2 0.52338 0.174792 0.0527303 0.0336776 0.0419025
0 0.936337 0.177497 0.0152718 0.0325268 0.0410995
0 0.026336 0.802993 0.0435093 0.119314 0.0409835
2 0.409332 0.218653 0.0499058 0.0377657 0.0400497
0 0.0304512 0.809254 0.0384606 0.101885 0.0383289
2 0.70413 0.420399 0.0578236 0.0566143 0.0377339
2 0.461401 0.169272 0.021846 0.027093 0.0377099
2 0.675883 0.459212 0.134565 0.108203 0.037524
2 0.986397 0.655209 0.026712 0.0921309 0.0373409
0 0.807657 0.618525 0.0226517 0.0449913 0.037129
9 0.221207 0.261821 0.0276586 0.0262566 0.0368584
0 0.0697625 0.15856 0.0119658 0.026547 0.0364833
0 0.849508 0.396437 0.0196259 0.0456876 0.0362499
5 0.0141741 0.193829 0.0280767 0.192925 0.0360198
2 0.699368 0.412841 0.0668672 0.0656129 0.0358032
0 0.989851 0.541073 0.0195213 0.137022 0.0355016
2 0.703262 0.867333 0.287046 0.264313 0.0351337
2 0.534967 0.342298 0.076919 0.0401377 0.0351199
0 0.0281955 0.808859 0.0357846 0.0989382 0.0350702
2 0.880549 0.48472 0.0863335 0.0502495 0.0348961
2 0.460417 0.169528 0.023402 0.0275201 0.0348177
2 0.883169 0.540349 0.215292 0.161839 0.034497
2 0.313111 0.193978 0.0451604 0.0313956 0.0343495
2 0.3743 0.162452 0.0255125 0.0233345 0.0343007
2 0.659073 0.386346 0.0928303 0.0581109 0.0339412
9 0.156838 0.12077 0.0173609 0.0272946 0.0338451
0 0.735602 0.188173 0.0183483 0.044297 0.0336744
2 0.704804 0.419744 0.0564751 0.0566222 0.0336728
2 0.0136348 0.405577 0.0210574 0.0349226 0.0333576
7 0.673985 0.431936 0.127123 0.154953 0.0330819
2 0.986513 0.656233 0.0264753 0.0903576 0.0329453
0 0.853213 0.393446 0.0231424 0.0383753 0.032206
5 0.509141 0.608211 0.980877 0.78004 0.0320772
9 0.788357 0.118329 0.015626 0.0232555 0.03179
0 0.0850753 0.495306 0.0313442 0.0752028 0.0315653
2 0.704044 0.420047 0.0584868 0.0576325 0.0314407
2 0.702574 0.423586 0.0610863 0.0607136 0.0311845
0 0.807784 0.616517 0.0215519 0.0391324 0.0311085
2 0.014444 0.405315 0.0219755 0.0339239 0.0310661
0 0.0292364 0.810556 0.038208 0.102045 0.0309927
2 0.503073 0.17309 0.0230633 0.0269234 0.0307595
0 0.986614 0.646224 0.0261227 0.0641203 0.0307363
2 0.40798 0.225794 0.0487835 0.0494688 0.0306491
0 0.0174193 0.266877 0.011957 0.0350765 0.0305445
0 0.990353 0.542071 0.0186035 0.166913 0.030449
2 0.985664 0.643197 0.0281801 0.114116 0.0302114
9 0.980808 0.0923605 0.0359388 0.0349559 0.0300698
2 0.175102 0.469099 0.0645046 0.0483507 0.0300171
2 0.667571 0.432759 0.0842583 0.0548096 0.0290183
2 0.880833 0.484601 0.0846523 0.0490868 0.028776
2 0.533918 0.342351 0.0767767 0.040722 0.0283932
0 0.0509387 0.149745 0.0134809 0.0264462 0.0283869
9 0.781598 0.121132 0.0156551 0.0259966 0.0283255
0 0.0265451 0.809501 0.0419149 0.106112 0.0281496
2 0.0138214 0.405288 0.0214685 0.0332447 0.0279813
0 0.737658 0.174542 0.0182295 0.047546 0.027302
0 0.937526 0.174344 0.0154514 0.0302437 0.0269919
0 0.734028 0.189397 0.0138893 0.043026 0.0269243
2 0.460335 0.16866 0.0234333 0.0284303 0.026883
0 0.734669 0.169224 0.0246571 0.0821898 0.0268242
7 0.0146843 0.187807 0.0292259 0.162149 0.0267476
2 0.884344 0.553676 0.220141 0.189571 0.0266289
0 0.0858705 0.515938 0.022402 0.0375745 0.0261273
9 0.865592 0.105463 0.0302597 0.0438685 0.0259416
9 0.859152 0.107481 0.0219606 0.0405271 0.025825
2 0.667241 0.432644 0.0842653 0.0551889 0.0255918
0 0.0994236 0.496601 0.0583624 0.0740391 0.0253916
2 0.174744 0.469011 0.0639368 0.0480927 0.0249897
5 0.507473 0.634449 0.981891 0.728134 0.0248873
2 0.535883 0.342181 0.072714 0.0400883 0.0247861
0 0.735986 0.18675 0.0171389 0.0467702 0.0247106
2 0.409148 0.215837 0.0493305 0.0337029 0.0244464
0 0.852325 0.389682 0.0216982 0.0361555 0.0242686
2 0.882276 0.481473 0.074662 0.0423788 0.0238107
2 0.362094 0.161751 0.0218156 0.0199067 0.0236575
0 0.937335 0.175375 0.0162846 0.0314965 0.0235022
2 0.552193 0.190564 0.0493652 0.0340772 0.0234639
2 0.662142 0.432973 0.100714 0.0561271 0.0232639
0 0.936624 0.175002 0.0139576 0.0323198 0.0232287
0 0.029445 0.810255 0.0390466 0.101424 0.023103
2 0.665237 0.381096 0.079015 0.0436445 0.0227075
2 0.883882 0.482546 0.0814083 0.0456202 0.0221799
0 0.718113 0.426285 0.0298869 0.0458673 0.0221667
9 0.981853 0.0912284 0.0352901 0.0329249 0.0220019
0 0.0301517 0.812873 0.0372663 0.0968584 0.0219726
2 0.663835 0.380381 0.082721 0.047034 0.0212389
2 0.772298 0.867907 0.427168 0.263213 0.0208933
0 0.0795319 0.488479 0.0229775 0.0726765 0.0206101
2 0.772343 0.867408 0.43395 0.263894 0.0203293
9 0.22163 0.261267 0.0277226 0.0264005 0.0201356
0 0.050124 0.14806 0.0148082 0.0251914 0.0201281
0 0.0850211 0.516231 0.0229582 0.0399327 0.0200658
0 0.734947 0.192223 0.0153773 0.0378612 0.0200187
0 0.0490411 0.148716 0.0146735 0.0276202 0.0197641
2 0.704034 0.418185 0.0572287 0.0558376 0.019512
5 0.0153567 0.186953 0.0306749 0.169328 0.019454
2 0.0131877 0.40496 0.0221073 0.0327795 0.0192732
0 0.047832 0.146943 0.0142208 0.0244419 0.0192425
0 0.921934 0.186872 0.0161037 0.0252769 0.0191574
2 0.521019 0.173199 0.0542469 0.0377454 0.0190505
0 0.0855389 0.156092 0.0124184 0.0273551 0.0188381
2 0.034538 0.171348 0.0189734 0.0219189 0.0187975
