2 0.273501 0.626042 0.133122 0.157028 0.795991
2 0.2734 0.625978 0.131915 0.156519 0.787326
2 0.663028 0.206224 0.0539005 0.0380274 0.765643
2 0.2734 0.626144 0.132572 0.15657 0.763799
2 0.516485 0.842011 0.223423 0.249489 0.758865
2 0.516515 0.841843 0.223853 0.249351 0.756675
2 0.148759 0.530654 0.0925731 0.117133 0.745855
2 0.582354 0.582258 0.163399 0.152623 0.734885
2 0.663649 0.206229 0.0558405 0.0388167 0.734321
2 0.583309 0.582464 0.164615 0.151895 0.731198
2 0.582356 0.5821 0.164446 0.15217 0.730302
2 0.27337 0.625886 0.133696 0.156974 0.725208
2 0.273232 0.626078 0.133609 0.156448 0.724927
2 0.582797 0.582111 0.164681 0.151747 0.723114
2 0.494211 0.227402 0.0623178 0.0345827 0.721034
2 0.663528 0.20609 0.0554403 0.0384596 0.716983
2 0.493846 0.227119 0.0617335 0.0346441 0.707786
2 0.273212 0.625868 0.132518 0.157243 0.706129
2 0.663265 0.206379 0.0540196 0.0375764 0.705412
2 0.273563 0.625644 0.133046 0.155993 0.696951
2 0.516264 0.841876 0.22396 0.249101 0.696862
2 0.664593 0.206345 0.0571396 0.0387318 0.694428
2 0.516413 0.841543 0.224432 0.248296 0.693618
2 0.516117 0.841819 0.223766 0.24797 0.692394
2 0.516794 0.842871 0.223353 0.249604 0.686463
2 0.148274 0.530722 0.0921407 0.116437 0.684905
2 0.14839 0.530796 0.0932221 0.116177 0.683499
2 0.582381 0.582105 0.163926 0.152466 0.678064
2 0.581941 0.582065 0.16402 0.151951 0.67567
2 0.494059 0.226949 0.0623411 0.0339211 0.67377
2 0.516523 0.842558 0.223379 0.248698 0.673499
2 0.111831 0.254428 0.0303251 0.0417966 0.6592
2 0.273492 0.625786 0.132494 0.1563 0.658333
2 0.662833 0.205975 0.0545689 0.0378987 0.657317
2 0.663506 0.205888 0.0545845 0.0382731 0.653834
2 0.148894 0.530425 0.0919076 0.117284 0.652344
2 0.149063 0.530597 0.0940839 0.116608 0.649921
2 0.111172 0.254004 0.031761 0.0415801 0.649574
2 0.148868 0.530622 0.0924798 0.11649 0.642886
2 0.148381 0.530768 0.0927361 0.116166 0.638612
2 0.493764 0.226464 0.0610607 0.0350864 0.635928
2 0.51675 0.842107 0.224255 0.248113 0.634939
2 0.582151 0.581373 0.164537 0.152933 0.633905
2 0.148193 0.530854 0.0918229 0.116455 0.631426
2 0.665316 0.205472 0.0577799 0.0395453 0.621261
2 0.516498 0.842845 0.22328 0.24879 0.62081
2 0.49408 0.226888 0.0623304 0.0336845 0.613774
2 0.581901 0.581599 0.16444 0.153539 0.612275
2 0.273339 0.625896 0.13188 0.1558 0.611281
2 0.581926 0.581549 0.165325 0.153345 0.607412
2 0.493934 0.22619 0.0610684 0.0352954 0.604021
2 0.494291 0.227122 0.061938 0.0331161 0.59512
2 0.151023 0.530335 0.0971033 0.117024 0.586223
2 0.111224 0.254017 0.0319318 0.0422153 0.565483
2 0.111309 0.253746 0.0334252 0.0425689 0.559581
2 0.111156 0.254104 0.0329862 0.0423315 0.558885
2 0.111078 0.254112 0.0321286 0.0414067 0.55366
2 0.493889 0.227429 0.061117 0.0331026 0.540834
2 0.37016 0.164984 0.0368567 0.0220374 0.540393
2 0.273302 0.625838 0.132435 0.156905 0.536496
2 0.494236 0.226033 0.0617867 0.0360323 0.534139
2 0.582177 0.581235 0.163469 0.152374 0.533279
2 0.662601 0.205825 0.0536514 0.0381982 0.531186
2 0.665441 0.205959 0.0576967 0.0390635 0.517655
2 0.0685683 0.440708 0.0657705 0.0850245 0.516956
2 0.516584 0.84192 0.224013 0.247991 0.510297
2 0.259434 0.245303 0.032446 0.0335265 0.503444
2 0.369618 0.16489 0.0366875 0.0222854 0.495297
2 0.665634 0.206005 0.0593569 0.0394804 0.49299
7 0.789654 0.696137 0.216261 0.197612 0.48696
2 0.259419 0.244128 0.0323898 0.0342501 0.473432
2 0.369541 0.165013 0.0365045 0.0214805 0.46715
2 0.0686976 0.440179 0.0654649 0.086825 0.454192
2 0.259388 0.244716 0.0333712 0.0325887 0.451097
7 0.789658 0.695034 0.216599 0.196377 0.439686
2 0.259194 0.244068 0.0328932 0.0347459 0.435786
2 0.25944 0.243323 0.0334919 0.0350315 0.43498
7 0.789723 0.695889 0.214072 0.197924 0.42917
2 0.11234 0.253574 0.0316982 0.0425565 0.413096
2 0.11232 0.25294 0.0321835 0.0435028 0.402039
7 0.789531 0.695069 0.215679 0.195744 0.401624
2 0.369039 0.16511 0.0361767 0.0211668 0.39589
7 0.789481 0.695823 0.215377 0.196513 0.394246
2 0.370318 0.164375 0.0365525 0.021228 0.393535
2 0.0687971 0.440883 0.066418 0.0845682 0.39165
2 0.0686628 0.440732 0.0658944 0.0853753 0.390336
2 0.259283 0.245092 0.0321298 0.0344478 0.389862
7 0.788657 0.695305 0.212608 0.19667 0.384677
2 0.0684881 0.440907 0.0658108 0.0846896 0.382023
2 0.0689097 0.442203 0.0655713 0.0829611 0.372249
2 0.068474 0.440239 0.0662419 0.0869362 0.37028
7 0.789713 0.695511 0.215523 0.195352 0.363256
7 0.789506 0.695489 0.214108 0.195887 0.363002
2 0.370129 0.165206 0.0365757 0.0223994 0.362451
7 0.789371 0.695002 0.214244 0.196255 0.360922
2 0.493319 0.226381 0.0621547 0.0349971 0.349359
2 0.256357 0.245016 0.0410497 0.0367875 0.340196
2 0.259324 0.243709 0.0336001 0.0345774 0.332546
2 0.551686 0.19525 0.050833 0.031877 0.326362
2 0.551564 0.194659 0.0501797 0.0328231 0.305663
2 0.789618 0.695414 0.215846 0.196768 0.300531
2 0.5518 0.195224 0.0504042 0.0330077 0.300091
2 0.369086 0.165041 0.0366159 0.022663 0.286538
2 0.510063 0.177786 0.0312873 0.029004 0.284191
2 0.512101 0.178244 0.0354511 0.031738 0.279865
2 0.551875 0.194688 0.050762 0.0332912 0.279119
2 0.013084 0.408304 0.0241933 0.0349235 0.264918
2 0.551769 0.195074 0.0506817 0.0317919 0.263051
2 0.494008 0.228661 0.0621416 0.035473 0.259277
0 0.802062 0.227117 0.0206791 0.038488 0.220254
2 0.551704 0.194158 0.049967 0.0336583 0.213074
2 0.0688892 0.443852 0.0654881 0.0789938 0.210279
0 0.801345 0.227832 0.0222967 0.0378847 0.210136
2 0.462524 0.17366 0.0238335 0.0263853 0.208842
2 0.256452 0.243426 0.0398696 0.0362627 0.206258
2 0.663309 0.206205 0.0539564 0.0375094 0.199653
2 0.552244 0.19502 0.0489729 0.0315974 0.182472
2 0.50522 0.178591 0.0206203 0.0273277 0.178551
2 0.0129083 0.407173 0.0205645 0.0346633 0.177974
2 0.0684955 0.444619 0.0657511 0.0794815 0.170002
0 0.80076 0.228614 0.0240503 0.0373749 0.159093
2 0.462214 0.173493 0.0233047 0.026972 0.157813
0 0.800598 0.225877 0.0240088 0.0407312 0.157794
0 0.800659 0.22704 0.0244312 0.038874 0.156299
2 0.370829 0.16467 0.0395434 0.0217516 0.154037
9 0.705225 0.0958975 0.0167082 0.0254091 0.153879
2 0.0131619 0.407725 0.0210695 0.0340667 0.153108
2 0.175465 0.474462 0.0667242 0.0502932 0.146098
2 0.109536 0.253331 0.0363125 0.0425913 0.144175
0 0.836671 0.217995 0.0163633 0.0444425 0.140385
2 0.0128999 0.407541 0.0210365 0.0348151 0.134526
2 0.462597 0.173795 0.0248834 0.0261925 0.132417
2 0.0127545 0.407124 0.0206713 0.0341525 0.131805
2 0.175933 0.475212 0.0661358 0.0452475 0.131337
2 0.461272 0.175175 0.025419 0.027503 0.123961
0 0.836436 0.219628 0.0153934 0.0419189 0.120261
2 0.460854 0.173515 0.0244281 0.0298887 0.119277
2 0.446369 0.181235 0.0182849 0.0207811 0.11876
2 0.0686891 0.443976 0.0657564 0.0782866 0.1143
2 0.109099 0.253432 0.037805 0.0425237 0.10899
2 0.0187422 0.275586 0.0371849 0.0611715 0.10792
2 0.273226 0.625676 0.131616 0.157229 0.106338
0 0.838429 0.21696 0.0164356 0.04458 0.105539
2 0.175789 0.475308 0.0693661 0.0512442 0.100187
2 0.0182258 0.275034 0.0363404 0.0604149 0.092905
2 0.99334 0.314028 0.0125078 0.0281177 0.0927342
0 0.837198 0.220759 0.0150917 0.0397752 0.0911545
2 0.993539 0.316985 0.0121494 0.0302246 0.0902188
0 0.800382 0.228223 0.0250026 0.0375433 0.0882712
2 0.17585 0.473842 0.0670436 0.0495876 0.08751
2 0.0131144 0.407054 0.0213881 0.034486 0.0851495
2 0.176176 0.475411 0.0670166 0.0519785 0.083054
9 0.705233 0.0959761 0.0170443 0.0266391 0.0829912
0 0.836852 0.216327 0.018449 0.0454219 0.0818442
2 0.552134 0.193661 0.0489511 0.0347643 0.0818332
2 0.518985 0.178575 0.0225176 0.0321162 0.0808735
2 0.508167 0.177848 0.0280359 0.0329665 0.0769806
2 0.972447 0.222835 0.0551055 0.0368112 0.0749601
2 0.50256 0.227674 0.0447395 0.0294737 0.0731261
2 0.534911 0.179062 0.0269568 0.0245531 0.0708109
0 0.77602 0.669943 0.0319819 0.0532331 0.0686941
0 0.836561 0.225278 0.0125698 0.0326245 0.0681345
2 0.50653 0.176934 0.0274023 0.0277374 0.0679496
2 0.534571 0.177478 0.0248282 0.0271025 0.0638486
0 0.919285 0.195583 0.015889 0.0234975 0.0635443
2 0.0174981 0.275558 0.034932 0.0610146 0.0614998
2 0.0192157 0.275796 0.038231 0.0607722 0.0606666
2 0.972636 0.221737 0.0541473 0.0341439 0.0606177
2 0.0126589 0.407216 0.0220031 0.0339527 0.0602241
9 0.198025 0.18617 0.0235249 0.0230294 0.0565985
2 0.176531 0.474352 0.0676487 0.0498287 0.0550481
0 0.838571 0.219938 0.0158764 0.0403209 0.0535117
0 0.797801 0.228051 0.0238391 0.0370452 0.0526308
2 0.552361 0.194871 0.0521435 0.0312543 0.0521724
2 0.516245 0.176293 0.0422519 0.0330928 0.0516254
0 0.026465 0.811501 0.0399903 0.109485 0.0506321
2 0.459547 0.176031 0.0246689 0.0307274 0.050519
2 0.00631069 0.278861 0.0125344 0.0506562 0.0498754
0 0.743237 0.65103 0.035128 0.0363967 0.0488261
2 0.00532645 0.289699 0.0104404 0.0286622 0.0487165
2 0.148861 0.53048 0.0922899 0.117519 0.0481906
5 0.0377232 0.206833 0.032221 0.0366849 0.0472292
2 0.0167117 0.274408 0.0334234 0.0620444 0.0469385
2 0.503549 0.178088 0.0212326 0.027111 0.0467525
5 0.0381644 0.21102 0.0356606 0.0450141 0.0465327
2 0.109848 0.253648 0.035858 0.0428654 0.0455027
2 0.0683191 0.446445 0.0653391 0.0752588 0.0451287
9 0.0293346 0.825939 0.0348757 0.0795555 0.0448377
2 0.0166296 0.2747 0.0332591 0.0605249 0.0435411
2 0.901488 0.248757 0.029303 0.0354012 0.0431778
9 0.198559 0.186373 0.0227433 0.0241854 0.0428552
2 0.173028 0.475671 0.0740092 0.0549898 0.0421959
0 0.792684 0.651981 0.104903 0.107989 0.0418787
0 0.777755 0.6679 0.0359806 0.0571948 0.0418366
2 0.01917 0.275312 0.0382369 0.0629873 0.0418366
9 0.0281086 0.813949 0.0375625 0.0994232 0.0413361
2 0.455573 0.176737 0.0377893 0.0284431 0.040508
2 0.790758 0.653084 0.110249 0.11103 0.0400016
0 0.838328 0.216495 0.0182364 0.0448561 0.0398408
2 0.0213177 0.271652 0.0424684 0.05432 0.0398342
2 0.972027 0.225918 0.0554562 0.0395995 0.0390678
5 0.0367887 0.206249 0.0325157 0.035778 0.0387778
2 0.0610333 0.410764 0.029869 0.0289155 0.0387516
2 0.551545 0.19281 0.0523105 0.0337983 0.0385344
2 0.17612 0.473662 0.0665118 0.0501875 0.0381576
9 0.0288954 0.824258 0.0364685 0.0817343 0.0366609
0 0.777982 0.669933 0.035254 0.0536169 0.0365873
0 0.520862 0.179697 0.0178265 0.0332517 0.0362649
2 0.0579146 0.418932 0.0381146 0.0443288 0.0360699
2 0.0224967 0.78375 0.0300317 0.0421461 0.0353167
2 0.972576 0.225318 0.0548479 0.0394689 0.0349881
2 0.555634 0.192566 0.042417 0.0349314 0.0348771
2 0.0222146 0.78088 0.0292316 0.03857 0.0344921
2 0.0228049 0.784307 0.0298581 0.045608 0.0343653
2 0.769005 0.654304 0.154887 0.11501 0.0340303
2 0.0606031 0.411561 0.0300327 0.0315484 0.0340171
5 0.0382192 0.208674 0.0346321 0.0405291 0.033965
0 0.754252 0.657566 0.043076 0.0496355 0.0339065
2 0.536596 0.178272 0.0264078 0.0260601 0.0337327
0 0.74129 0.650797 0.0373267 0.0343065 0.0334681
2 0.540409 0.183355 0.0273534 0.0210619 0.0334657
2 0.079179 0.21616 0.020353 0.0268388 0.0333902
2 0.0172379 0.275647 0.0342884 0.0595323 0.03269
2 0.493037 0.228956 0.0596758 0.0287669 0.0325914
2 0.498451 0.227239 0.0524054 0.0302643 0.0323155
0 0.801993 0.228037 0.0243931 0.0372234 0.0321861
0 0.804283 0.225338 0.0208567 0.0359422 0.0317251
9 0.0291125 0.825163 0.035732 0.0782333 0.0316661
9 0.197614 0.184971 0.0242703 0.0237692 0.0312411
2 0.0576897 0.414796 0.0368803 0.0387039 0.0311666
9 0.198819 0.185688 0.0213094 0.0237698 0.0308818
2 0.993488 0.324666 0.0123508 0.0478023 0.0307917
9 0.0292551 0.826585 0.0357787 0.0771988 0.0304745
0 0.919709 0.198814 0.0132813 0.0234564 0.0303503
2 0.899962 0.246681 0.0316784 0.0395061 0.0299684
0 0.0599557 0.418841 0.0351004 0.0427212 0.0295867
2 0.0198377 0.271304 0.0378091 0.0535865 0.029578
0 0.747929 0.655569 0.0298321 0.0394283 0.0294136
2 0.254802 0.244722 0.0433593 0.0323179 0.0290969
0 0.770784 0.668638 0.0190911 0.0463202 0.0290617
0 0.779141 0.668733 0.0322327 0.0541157 0.0286287
2 0.490975 0.789821 0.164201 0.142618 0.0282592
0 0.292775 0.168488 0.0129826 0.0252774 0.0281713
9 0.0288299 0.82473 0.0371711 0.079171 0.0279926
2 0.493653 0.228444 0.0611996 0.0346787 0.0277774
0 0.745881 0.653312 0.0427328 0.0449835 0.0274518
5 0.0375209 0.213374 0.0356718 0.0472552 0.0273613
0 0.788307 0.650834 0.0662055 0.104672 0.0273605
2 0.976971 0.222121 0.0453051 0.036797 0.0272743
2 0.979893 0.225628 0.0393932 0.0403739 0.02722
9 0.704685 0.0940223 0.0195917 0.0283485 0.0266869
2 0.898488 0.248193 0.0362606 0.0364479 0.0265487
2 0.898919 0.246728 0.0353226 0.0374514 0.0265329
5 0.0103531 0.183392 0.0205152 0.110551 0.0258309
2 0.0570531 0.422305 0.0408859 0.0512982 0.0257504
2 0.372285 0.258978 0.0494959 0.0205698 0.0255809
2 0.163367 0.487361 0.0949292 0.0775902 0.0251722
2 0.462828 0.171136 0.0244995 0.0327628 0.0251098
2 0.0221696 0.780476 0.0287519 0.035913 0.0250231
0 0.993395 0.333561 0.0123047 0.069311 0.0241184
2 0.945104 0.755496 0.0283325 0.026893 0.0238165
2 0.0780421 0.213832 0.0239753 0.0316589 0.0233966
2 0.894684 0.24531 0.0420851 0.0389158 0.0232586
2 0.971567 0.223908 0.0563324 0.0424558 0.0228722
2 0.373484 0.2604 0.0468191 0.0202034 0.0228056
2 0.783283 0.653022 0.123493 0.11042 0.0226535
9 0.0294306 0.825275 0.0363402 0.0772989 0.0225801
2 0.490818 0.789943 0.163939 0.142578 0.022303
2 0.77554 0.654132 0.139523 0.112669 0.0222933
0 0.803931 0.650586 0.0677059 0.103226 0.0222538
5 0.0111073 0.183136 0.0222147 0.108944 0.0221605
9 0.0471909 0.149303 0.0151846 0.0227135 0.0221348
9 0.118104 0.142795 0.0171896 0.0371461 0.0221105
2 0.970251 0.22428 0.0586355 0.0418347 0.0217201
9 0.93833 0.103454 0.0188093 0.0435122 0.021223
2 0.551812 0.191858 0.0504277 0.02928 0.0210419
2 0.222431 0.263255 0.0318064 0.032024 0.020539
0 0.564495 0.564701 0.0218355 0.0381462 0.0204285
2 0.0373532 0.205782 0.0313483 0.0347846 0.0203409
2 0.494043 0.227112 0.0618803 0.0315722 0.0201998
2 0.897467 0.245897 0.0374474 0.0408312 0.0201684
5 0.0368088 0.205812 0.0310141 0.0350736 0.0199878
9 0.611929 0.0975108 0.0202732 0.0292539 0.0199807
2 0.689618 0.185313 0.0208187 0.0192048 0.019877
9 0.026333 0.811086 0.0390432 0.109987 0.0198448
2 0.462354 0.171333 0.0260638 0.0333948 0.0197612
2 0.787266 0.651729 0.115591 0.109033 0.0195559
10 0.836841 0.429954 0.0222 0.0187817 0.01941
9 0.707612 0.0953647 0.0233801 0.0275759 0.0192457
2 0.0769327 0.214199 0.0253397 0.0334925 0.0192198
0 0.803042 0.654412 0.0855772 0.101077 0.0191337
2 0.111539 0.25216 0.0317904 0.045368 0.0188832
0 0.742392 0.651049 0.0359669 0.0377366 0.0183559
0 0.0513377 0.154784 0.0146162 0.028903 0.018348
0 0.741261 0.651722 0.0369394 0.0369596 0.0179825
5 0.0751098 0.147512 0.146501 0.0774591 0.0174944
2 0.0834675 0.211968 0.0322912 0.0340981 0.0174039
9 0.610998 0.0974264 0.0189623 0.0282606 0.0172798
2 0.360561 0.255046 0.0260943 0.0146817 0.0172609
9 0.703443 0.0948472 0.0222952 0.0290302 0.0171795
