5 0.441658 0.602687 0.25863 0.21051 0.940947
5 0.441229 0.603707 0.25851 0.211751 0.930785
5 0.441681 0.602975 0.25729 0.210943 0.922547
5 0.441891 0.602997 0.256698 0.210621 0.920524
5 0.440906 0.603517 0.258858 0.210334 0.912168
5 0.441096 0.603355 0.256878 0.210299 0.892985
2 0.755114 0.921729 0.165138 0.155216 0.889517
5 0.441235 0.602792 0.258067 0.210187 0.882613
2 0.755441 0.921812 0.165363 0.155019 0.875647
5 0.441155 0.603167 0.25924 0.210537 0.873784
5 0.440686 0.603138 0.258136 0.210999 0.868536
2 0.755317 0.922083 0.163977 0.155675 0.865533
5 0.0951062 0.594132 0.190206 0.243022 0.851599
5 0.0947725 0.593095 0.189389 0.246647 0.844382
2 0.755307 0.921705 0.164605 0.1561 0.843698
2 0.754563 0.921745 0.164846 0.155658 0.842635
5 0.0951331 0.593282 0.190266 0.244984 0.841453
5 0.441007 0.603141 0.257544 0.20978 0.835302
5 0.0953741 0.592632 0.190059 0.245639 0.831346
5 0.0950454 0.594844 0.189981 0.240588 0.829718
2 0.755122 0.921983 0.165294 0.155587 0.828134
5 0.0950617 0.592689 0.189806 0.245754 0.821134
5 0.0953539 0.593581 0.19025 0.245017 0.808068
5 0.0949837 0.594537 0.189967 0.243683 0.801835
5 0.0950378 0.594711 0.1899 0.242558 0.800206
5 0.0955193 0.59327 0.191039 0.24471 0.795998
2 0.755057 0.921886 0.164803 0.155602 0.793742
2 0.755091 0.921607 0.164211 0.155558 0.731213
2 0.755339 0.922093 0.163638 0.154628 0.681417
5 0.598004 0.472278 0.105073 0.11063 0.594573
2 0.294352 0.537775 0.09519 0.0643391 0.586096
2 0.293763 0.538376 0.0958982 0.0645537 0.573425
2 0.293989 0.537768 0.0965479 0.0655878 0.551785
2 0.198065 0.568231 0.0317085 0.0456244 0.532516
2 0.754989 0.922007 0.165168 0.155985 0.523464
2 0.293866 0.537955 0.0963754 0.0650311 0.515433
2 0.29329 0.538066 0.095421 0.0649147 0.497077
2 0.294109 0.538484 0.0962734 0.0656524 0.487584
9 0.202455 0.470719 0.0126689 0.0285393 0.485253
2 0.293402 0.538162 0.0960655 0.0656824 0.480842
2 0.198299 0.56929 0.0304778 0.0443173 0.430958
2 0.198493 0.568568 0.0300933 0.0458097 0.424173
2 0.198446 0.570283 0.0291461 0.043211 0.403357
2 0.293631 0.53774 0.0944645 0.0673277 0.402302
2 0.294027 0.537822 0.0958391 0.0666386 0.388613
2 0.198459 0.568269 0.0308086 0.0452114 0.386411
2 0.755029 0.92143 0.164638 0.155577 0.348866
2 0.198393 0.567721 0.0295413 0.0478237 0.340669
2 0.19845 0.569928 0.0297047 0.0447508 0.274844
2 0.970136 0.714015 0.0586617 0.14653 0.259322
2 0.970383 0.709693 0.058691 0.154921 0.248691
0 0.73206 0.49035 0.0157006 0.0487606 0.236454
0 0.611877 0.500167 0.0253076 0.0659438 0.234726
7 0.970288 0.716377 0.0588993 0.141255 0.232787
2 0.970471 0.709331 0.0585329 0.15717 0.230996
5 0.597967 0.471347 0.103444 0.109081 0.230869
0 0.73186 0.490694 0.0156582 0.0494229 0.22223
7 0.970083 0.717887 0.0586845 0.137283 0.217637
7 0.970436 0.717178 0.0585247 0.138507 0.216145
5 0.597595 0.470773 0.10434 0.109052 0.215454
2 0.293343 0.53833 0.0957582 0.0656189 0.214612
2 0.970508 0.710045 0.0580524 0.157025 0.21046
2 0.199278 0.567807 0.0312637 0.0480703 0.19712
5 0.598258 0.471481 0.103612 0.110395 0.193313
0 0.612088 0.498954 0.0250337 0.0648554 0.176201
7 0.970317 0.722096 0.0583031 0.128715 0.175565
9 0.202738 0.470647 0.0140696 0.0292301 0.172547
2 0.635464 0.856034 0.02287 0.0200554 0.169367
7 0.970049 0.703642 0.0593554 0.165505 0.169131
2 0.197702 0.563234 0.0324539 0.055031 0.153986
2 0.636268 0.857198 0.0214624 0.0195869 0.151519
5 0.597629 0.471193 0.102962 0.109878 0.15011
9 0.202587 0.470234 0.013512 0.0304185 0.148517
0 0.731732 0.489617 0.0158556 0.0468168 0.142765
5 0.598118 0.471154 0.103638 0.109577 0.135925
2 0.580362 0.890478 0.0215317 0.0188293 0.135784
0 0.732337 0.489728 0.015342 0.0470531 0.130984
5 0.597835 0.471023 0.102559 0.108701 0.125185
5 0.597632 0.471426 0.104586 0.109628 0.121496
5 0.597495 0.471528 0.103535 0.112211 0.118927
0 0.612147 0.497895 0.0254696 0.0659518 0.11277
5 0.59778 0.471284 0.102107 0.110158 0.1064
2 0.637038 0.855657 0.0214252 0.021841 0.105227
0 0.61186 0.497032 0.025515 0.0693386 0.10123
0 0.888428 0.528419 0.0232891 0.0403996 0.099062
2 0.971703 0.703816 0.0560986 0.168247 0.0968763
2 0.198081 0.562536 0.032206 0.0554642 0.0958211
2 0.148087 0.484923 0.0763382 0.0340117 0.0945329
2 0.971198 0.707197 0.0566717 0.160331 0.0929781
2 0.148708 0.485141 0.0790982 0.0337427 0.0904573
0 0.611567 0.498858 0.0243593 0.0640936 0.0888197
2 0.199295 0.568841 0.0315985 0.0472671 0.0868663
0 0.732624 0.489206 0.0147449 0.0466301 0.0862233
0 0.310855 0.572984 0.0232422 0.0683889 0.0836717
0 0.310243 0.573055 0.0235373 0.0686579 0.0822551
0 0.888018 0.527459 0.0242527 0.0428217 0.081168
5 0.602673 0.471717 0.0932501 0.109473 0.0795171
0 0.522286 0.639183 0.0194605 0.0582008 0.0792044
3 0.887878 0.530658 0.0235542 0.03661 0.0757842
2 0.152504 0.484405 0.0709347 0.0315856 0.0745412
3 0.888076 0.528386 0.0238392 0.0408365 0.072907
0 0.610739 0.499749 0.0236567 0.0644175 0.072447
2 0.294397 0.538499 0.0963453 0.0657867 0.0723283
0 0.0097057 0.64694 0.0194114 0.105197 0.0714918
0 0.732065 0.491233 0.0169369 0.0497702 0.0675862
2 0.149481 0.483226 0.0729862 0.0334659 0.0651304
5 0.598145 0.472705 0.105513 0.111946 0.0650569
0 0.887232 0.52884 0.0232773 0.0408396 0.062694
3 0.888186 0.530145 0.0232815 0.0372187 0.0583117
5 0.59748 0.471173 0.101251 0.110445 0.0582763
0 0.613973 0.501663 0.0241846 0.0651956 0.0572355
5 0.597659 0.47136 0.102732 0.108065 0.055775
2 0.150242 0.484874 0.0719688 0.0342009 0.0544272
2 0.198038 0.569378 0.0293534 0.0469221 0.0528882
2 0.684233 0.825193 0.0261043 0.0192194 0.0526532
2 0.14762 0.48539 0.0787563 0.0349302 0.0518327
0 0.310034 0.574414 0.0229455 0.0661455 0.0494993
2 0.196367 0.568513 0.0346058 0.0470161 0.0483875
0 0.312142 0.569215 0.0259561 0.0757244 0.0480566
3 0.888109 0.529372 0.0235462 0.0389879 0.0462134
0 0.0102123 0.647285 0.0203952 0.105981 0.0437631
0 0.477781 0.587671 0.0184134 0.0379873 0.0429148
0 0.614235 0.494255 0.0319543 0.0714697 0.0416947
2 0.149214 0.483036 0.0780677 0.0282945 0.0401804
0 0.310972 0.555168 0.0206168 0.0332764 0.0393338
0 0.473098 0.592524 0.0143337 0.0294378 0.0389513
0 0.61006 0.501539 0.0218731 0.0616239 0.0382804
2 0.582232 0.889536 0.0230859 0.0211271 0.0374016
0 0.608478 0.506737 0.0204926 0.0744317 0.0373831
0 0.310909 0.57181 0.0247033 0.0725947 0.0373439
2 0.295845 0.538552 0.0983432 0.0635341 0.0372181
0 0.0118867 0.647541 0.0237546 0.108787 0.037011
0 0.522045 0.639386 0.0197386 0.060171 0.0358186
2 0.454653 0.519125 0.123474 0.0371399 0.0350538
9 0.20115 0.470401 0.0161982 0.0293499 0.0341173
2 0.578598 0.891279 0.0251773 0.0191502 0.0338734
2 0.149556 0.485203 0.074763 0.0345669 0.0319599
0 0.521989 0.637608 0.018256 0.0567314 0.0319284
9 0.200936 0.470718 0.0171241 0.0296236 0.0319269
2 0.684685 0.823507 0.0259838 0.0210758 0.0318061
0 0.00824965 0.640575 0.0164945 0.0919264 0.0315414
9 0.38672 0.45836 0.0109543 0.0289825 0.0303343
0 0.469485 0.594667 0.0142775 0.0301679 0.0287581
0 0.609223 0.488592 0.0222379 0.0786902 0.0279432
2 0.311951 0.539024 0.0542611 0.0645187 0.0278419
0 0.0128288 0.651251 0.0256564 0.115957 0.0277572
0 0.0112973 0.650969 0.0225273 0.11228 0.0276707
0 0.489147 0.586462 0.0178909 0.0323838 0.0269164
0 0.907104 0.435808 0.015358 0.0436348 0.0267256
2 0.151403 0.482064 0.06922 0.0314089 0.0266153
0 0.488487 0.582109 0.0170078 0.0346941 0.0263318
2 0.299027 0.537244 0.0835468 0.0646687 0.0258703
2 0.305477 0.51421 0.0660459 0.0246176 0.0256528
0 0.00584671 0.60851 0.0114944 0.0278879 0.0254629
3 0.88852 0.529506 0.0227665 0.038147 0.0244958
0 0.619755 0.510422 0.0152256 0.0488017 0.0242514
7 0.970145 0.700491 0.0592926 0.174523 0.0240342
0 0.0905892 0.58348 0.014202 0.0330477 0.0240133
0 0.0116639 0.645355 0.0231878 0.109017 0.0236436
0 0.0916173 0.585898 0.0143111 0.0313972 0.0229488
0 0.451336 0.603685 0.0184002 0.0227268 0.0226622
2 0.686421 0.825998 0.0247145 0.0196827 0.0225604
2 0.150642 0.483068 0.0760323 0.0323162 0.0223631
2 0.75492 0.922183 0.164262 0.155633 0.0222154
0 0.0120127 0.637634 0.0240254 0.0960134 0.0221782
0 0.0688584 0.591042 0.0124057 0.0352981 0.0212344
0 0.888188 0.524908 0.0238285 0.047912 0.0206815
0 0.447483 0.603469 0.0171782 0.0241604 0.020374
2 0.453868 0.518355 0.127702 0.0352074 0.0194088
0 0.311087 0.574475 0.0242299 0.0682398 0.0188652
0 0.473076 0.58912 0.0170289 0.0335369 0.0186166
0 0.517362 0.565946 0.0169521 0.0307326 0.018593
2 0.686667 0.823702 0.0252502 0.0224335 0.0176919
0 0.490118 0.573348 0.0173925 0.0270451 0.0176142
0 0.316689 0.553249 0.0332385 0.0439605 0.0174035
2 0.299484 0.538014 0.0844017 0.0616976 0.0172142
2 0.971401 0.739034 0.0571979 0.0929611 0.0171051
0 0.0130268 0.622221 0.0260537 0.0785421 0.0170919
0 0.426919 0.505053 0.0159218 0.0129203 0.0169066
0 0.485617 0.585299 0.0201515 0.0376873 0.016796
2 0.812178 0.752034 0.0214758 0.0185556 0.0167188
2 0.305551 0.514638 0.0668677 0.0256401 0.0156415
2 0.580715 0.889174 0.0225513 0.0212561 0.0156145
0 0.907345 0.438638 0.0149197 0.0436882 0.0154962
9 0.437379 0.412703 0.0135438 0.020068 0.0154716
9 0.669077 0.139346 0.0223432 0.0484449 0.0154004
5 0.446633 0.516202 0.117958 0.0328308 0.0148948
2 0.305724 0.515091 0.068539 0.0268919 0.0147659
2 0.156172 0.4826 0.0622426 0.0340144 0.0147512
2 0.451315 0.51849 0.117985 0.036337 0.0146198
0 0.0507956 0.678042 0.0178651 0.0498461 0.0145923
0 0.00649669 0.600317 0.0128206 0.0304681 0.0145358
0 0.420654 0.58781 0.017635 0.0312177 0.014369
0 0.477169 0.590114 0.0202595 0.0378675 0.0143375
5 0.447084 0.516945 0.116474 0.0338433 0.014297
9 0.668285 0.139332 0.0231278 0.0480899 0.0142388
2 0.460296 0.51928 0.13334 0.0383198 0.0142109
0 0.51587 0.574011 0.0200521 0.0237604 0.0138419
2 0.631521 0.855825 0.0303203 0.0184074 0.0137704
0 0.523381 0.637169 0.0196833 0.056286 0.0137472
2 0.454537 0.518975 0.121139 0.0356288 0.0135812
0 0.924162 0.436674 0.01562 0.0295546 0.013517
2 0.447629 0.518549 0.118355 0.0326145 0.0135084
0 0.0691362 0.586305 0.0130265 0.0346601 0.0131797
0 0.0505201 0.67813 0.0197722 0.0514956 0.0131168
2 0.810767 0.752839 0.0241268 0.0205103 0.0127747
2 0.29584 0.538428 0.0978123 0.0646645 0.012329
2 0.45282 0.519437 0.114442 0.0380114 0.0120072
0 0.446082 0.59806 0.0196389 0.0317406 0.0118608
2 0.591282 0.433313 0.0867441 0.0344925 0.0118562
2 0.636501 0.85867 0.022965 0.022229 0.0116169
0 0.391106 0.625896 0.0166822 0.0372898 0.0115318
9 0.580429 0.47339 0.012796 0.0320911 0.0115207
0 0.392367 0.621201 0.014977 0.0269077 0.0111041
2 0.788018 0.781361 0.0224292 0.0164928 0.0109133
9 0.827069 0.075936 0.0537342 0.147141 0.0108167
2 0.784482 0.772659 0.0307175 0.0295141 0.0106126
0 0.92574 0.436452 0.0161488 0.0263063 0.0105958
0 0.924025 0.439039 0.0156395 0.0329494 0.0105114
2 0.63533 0.853006 0.023358 0.0244173 0.0104383
2 0.443845 0.52046 0.1039 0.0304103 0.0103054
9 0.198799 0.470087 0.020811 0.0310276 0.0100351
0 0.907412 0.44222 0.0141123 0.0385465 0.0100348
2 0.592033 0.432739 0.0857615 0.0351656 0.0100299
0 0.962696 0.464272 0.0108704 0.0186481 0.0100194
0 0.925814 0.435366 0.014535 0.0251934 0.00999917
0 0.96216 0.465731 0.0146606 0.0203018 0.00983072
2 0.196534 0.568858 0.0350641 0.0477961 0.00982684
9 0.579357 0.313271 0.0226717 0.0614478 0.00972293
0 0.0683231 0.593183 0.015701 0.0396264 0.0097135
0 0.0823434 0.588825 0.0154799 0.0327621 0.00966159
2 0.294504 0.538309 0.0960369 0.0651775 0.00965315
0 0.376798 0.60074 0.0160888 0.0314045 0.00953085
9 0.667821 0.139615 0.0255784 0.0493685 0.00948893
0 0.11964 0.572388 0.0230035 0.0377703 0.00926157
2 0.195543 0.563527 0.0364904 0.0581553 0.00921784
2 0.148155 0.484865 0.0780728 0.0353701 0.00921727
0 0.330587 0.519238 0.0199268 0.0202824 0.00919251
0 0.598151 0.512995 0.0276559 0.0923369 0.00911072
0 0.735267 0.489985 0.0220112 0.0511359 0.00905629
2 0.785356 0.776964 0.0264218 0.0243275 0.00901152
2 0.195577 0.570406 0.0343187 0.0474817 0.00888778
0 0.532734 0.565518 0.0180435 0.0266861 0.008853
2 0.354427 0.527947 0.0444527 0.021067 0.00881349
0 0.0511756 0.679866 0.0199352 0.0543063 0.00877664
0 0.453204 0.597677 0.0194119 0.029589 0.00865935
2 0.145255 0.484876 0.0891061 0.0328339 0.00862751
0 0.377707 0.596801 0.0160898 0.0316843 0.00854114
0 0.00989035 0.649459 0.019706 0.109533 0.00851265
0 0.368385 0.526416 0.0212834 0.0188757 0.00822545
2 0.636013 0.852232 0.0230652 0.028091 0.00796929
0 0.0840708 0.585779 0.0170552 0.0341235 0.00791143
9 0.204584 0.471134 0.0194036 0.0293871 0.00789329
0 0.120347 0.563968 0.0254485 0.0508282 0.00789039
0 0.12656 0.560502 0.0216735 0.0523508 0.00788209
9 0.386663 0.45555 0.0125297 0.0251807 0.00786478
0 0.486699 0.576632 0.0174521 0.0277931 0.00779054
2 0.517239 0.934182 0.0276351 0.0218609 0.00775994
0 0.376144 0.632528 0.0161642 0.0338463 0.00762782
9 0.826312 0.0752296 0.0571774 0.150309 0.00762025
2 0.591888 0.456166 0.0886143 0.0787134 0.00749879
0 0.0133495 0.614843 0.026657 0.0829382 0.00747279
7 0.293325 0.537766 0.0960524 0.0656017 0.00744224
2 0.305604 0.516335 0.0708355 0.0279057 0.00742414
7 0.97089 0.732722 0.0573872 0.105611 0.00733826
0 0.603321 0.520989 0.0141037 0.0768677 0.00726924
0 0.629212 0.501565 0.0166619 0.0483895 0.007269
0 0.368927 0.524828 0.0214641 0.0192146 0.0072573
7 0.972153 0.712039 0.0550713 0.0993801 0.00721498
2 0.582611 0.890494 0.0272723 0.0212269 0.00717603
0 0.512555 0.570339 0.0188412 0.0283218 0.00711401
2 0.323207 0.543079 0.042328 0.0506243 0.00711074
0 0.614769 0.47601 0.0321768 0.108065 0.00700089
0 0.126403 0.557424 0.0225265 0.0572426 0.00693224
2 0.789702 0.768846 0.0350779 0.0386079 0.0068887
0 0.324035 0.56087 0.0315998 0.0867558 0.0068731
9 0.579967 0.476681 0.0126369 0.0301521 0.00685919
0 0.962832 0.46471 0.0152298 0.0184095 0.00683071
2 0.879971 0.705954 0.0191391 0.0149586 0.00681241
9 0.826624 0.0777927 0.0524508 0.14606 0.00681184
2 0.435648 0.520854 0.0934851 0.0261919 0.00668141
2 0.148962 0.483726 0.0776833 0.0335505 0.00659435
7 0.970707 0.724121 0.0581482 0.118208 0.0065063
2 0.464039 0.516517 0.0862873 0.0324518 0.00648881
0 0.52493 0.63874 0.0244627 0.0617302 0.00641601
0 0.627037 0.509839 0.0163146 0.0449506 0.00639348
9 0.953943 0.404125 0.012072 0.0347817 0.00633908
2 0.342304 0.541383 0.0762359 0.0454771 0.00626573
0 0.611873 0.468158 0.0281448 0.0754325 0.00623927
2 0.209767 0.547795 0.0454104 0.032288 0.00621995
2 0.19835 0.571507 0.0288132 0.0476171 0.00619926
0 0.0142083 0.602573 0.0283355 0.107391 0.00617761
0 0.375934 0.636014 0.0163901 0.0283415 0.00612281
2 0.201948 0.561207 0.0393056 0.0617169 0.00609726
0 0.421569 0.597045 0.0228 0.0477383 0.00606223
0 0.921479 0.444343 0.0157673 0.0443713 0.00602627
9 0.330512 0.121905 0.0292937 0.0567367 0.0060146
0 0.419741 0.58097 0.0170146 0.0313128 0.00598334
0 0.503855 0.590344 0.0176909 0.0203342 0.00597716
0 0.445474 0.607785 0.0197186 0.0259823 0.00593861
