2 0.551933 0.676543 0.228827 0.243163 0.92794
2 0.552249 0.67642 0.228829 0.243638 0.917653
2 0.552173 0.676068 0.228761 0.243319 0.90868
2 0.552243 0.677634 0.229075 0.243949 0.899443
2 0.552265 0.677511 0.228118 0.244022 0.894098
2 0.552274 0.675931 0.228945 0.24385 0.892242
2 0.552132 0.676692 0.229276 0.244067 0.880418
2 0.55202 0.67585 0.229514 0.242578 0.859547
2 0.552196 0.676301 0.229864 0.243217 0.85043
2 0.55224 0.6766 0.228446 0.245722 0.831762
2 0.16619 0.176144 0.100333 0.0759859 0.802468
2 0.165869 0.17624 0.100254 0.0764557 0.785864
2 0.165969 0.176114 0.100618 0.0762193 0.771067
2 0.165848 0.17627 0.100926 0.07612 0.756543
2 0.16612 0.176419 0.100289 0.0764721 0.747022
2 0.165872 0.176268 0.100739 0.0758742 0.708467
0 0.954625 0.509701 0.0555855 0.185702 0.667092
0 0.955007 0.509703 0.0555176 0.185943 0.65318
0 0.956319 0.509252 0.0550346 0.185695 0.650664
0 0.955702 0.509228 0.0575272 0.185538 0.615119
2 0.166019 0.176759 0.100133 0.0768917 0.60202
0 0.953803 0.509607 0.0559792 0.185802 0.599972
0 0.953751 0.509345 0.0568106 0.186276 0.592135
0 0.953686 0.509539 0.0563066 0.185027 0.589829
0 0.954268 0.509518 0.0562092 0.186014 0.578724
2 0.165738 0.175943 0.100843 0.0760576 0.543976
0 0.532339 0.339019 0.0356142 0.134178 0.542116
2 0.16557 0.17691 0.100264 0.0778538 0.534722
0 0.532562 0.334844 0.0354793 0.141963 0.526243
0 0.533085 0.334421 0.0350178 0.142165 0.513344
0 0.533702 0.334139 0.0347672 0.142471 0.480001
0 0.740274 0.141384 0.0231853 0.0775904 0.45568
0 0.404766 0.321887 0.0395152 0.10856 0.424332
0 0.575783 0.238198 0.021661 0.0780479 0.391709
0 0.532204 0.342241 0.0354506 0.131699 0.38417
0 0.739976 0.141902 0.02405 0.07607 0.382659
0 0.576158 0.237167 0.0221767 0.0751104 0.375267
0 0.751907 0.413507 0.0382264 0.146218 0.360815
0 0.418426 0.196208 0.0345987 0.0663381 0.3601
0 0.4047 0.334979 0.0403967 0.0881519 0.359266
0 0.740215 0.143336 0.0245626 0.0785282 0.355632
0 0.740792 0.142463 0.0249314 0.0826686 0.35335
0 0.532096 0.344506 0.0356146 0.120577 0.346947
0 0.739805 0.142466 0.0230549 0.0748601 0.344684
0 0.752523 0.412915 0.0419508 0.146704 0.337443
0 0.575874 0.242703 0.0223965 0.0861469 0.325787
0 0.575696 0.246329 0.0224789 0.0950353 0.324357
0 0.575943 0.236244 0.0215201 0.0720983 0.322827
0 0.576319 0.236097 0.0221495 0.0721044 0.308481
0 0.417223 0.196874 0.0336763 0.0651046 0.301341
0 0.955165 0.509829 0.0491526 0.187332 0.299037
0 0.419161 0.198542 0.0348781 0.0645046 0.297921
0 0.739675 0.142236 0.0239706 0.0739262 0.29545
0 0.0453561 0.290057 0.0311504 0.0848146 0.289433
0 0.417966 0.196074 0.0316896 0.0676212 0.284709
0 0.207516 0.310717 0.0366844 0.107244 0.284233
0 0.756466 0.385903 0.0194958 0.0881981 0.279706
0 0.208123 0.30926 0.0370978 0.106981 0.276245
0 0.756566 0.386149 0.0200709 0.0879075 0.273445
0 0.752587 0.413921 0.0439493 0.145533 0.271812
0 0.405041 0.300882 0.0372203 0.0648583 0.269358
0 0.75437 0.416449 0.0353764 0.13251 0.254069
0 0.739767 0.14319 0.0252373 0.0767002 0.250881
0 0.235969 0.296123 0.0243896 0.0959732 0.24988
0 0.208122 0.310966 0.0383133 0.108159 0.248682
0 0.207008 0.310069 0.0353973 0.108387 0.246975
0 0.532229 0.337675 0.035268 0.138059 0.239489
0 0.405015 0.324848 0.039185 0.114125 0.235379
0 0.044365 0.289979 0.0295561 0.0825474 0.233375
1 0.407751 0.353167 0.0557074 0.0702153 0.229315
0 0.752326 0.413043 0.0329351 0.145159 0.226047
0 0.756374 0.384839 0.0198919 0.0873425 0.225107
0 0.235207 0.297541 0.0251665 0.0975393 0.223526
1 0.417366 0.212526 0.035974 0.0397589 0.219473
0 0.401809 0.108102 0.0155657 0.0519837 0.218477
0 0.210865 0.310752 0.0438855 0.107456 0.213679
0 0.402438 0.107099 0.0160052 0.0524994 0.211469
0 0.756622 0.387479 0.0217886 0.0855837 0.208319
1 0.0460642 0.321105 0.0274289 0.0495661 0.208039
0 0.208036 0.310363 0.0387288 0.108002 0.207051
0 0.404876 0.30057 0.0378356 0.0662727 0.206796
0 0.752553 0.413077 0.0421903 0.14522 0.202521
0 0.404905 0.305303 0.0365132 0.0768882 0.202507
0 0.23526 0.296535 0.0226118 0.0949644 0.197231
1 0.407311 0.352575 0.0564899 0.0750463 0.196456
0 0.0459692 0.294404 0.0349088 0.094103 0.190387
0 0.209637 0.308547 0.0377014 0.104445 0.188632
2 0.168319 0.176886 0.0936401 0.0757944 0.187557
0 0.402646 0.105503 0.0178617 0.0515645 0.187533
0 0.576603 0.233784 0.0212656 0.0671392 0.186775
0 0.404947 0.297425 0.0353894 0.0617689 0.186109
0 0.739903 0.13993 0.023691 0.0712875 0.181525
0 0.209382 0.309558 0.0368664 0.105654 0.179704
0 0.404978 0.320948 0.0402404 0.105061 0.172357
0 0.576348 0.233681 0.0212531 0.0673638 0.171174
0 0.753119 0.415847 0.0445849 0.13757 0.169622
0 0.416831 0.195396 0.0319939 0.0661964 0.167511
2 0.169124 0.175158 0.0923719 0.0730476 0.1672
1 0.047034 0.317667 0.0285243 0.0510543 0.164621
0 0.418017 0.195836 0.0349615 0.065036 0.160787
1 0.412534 0.351754 0.0551127 0.070938 0.158873
1 0.0470394 0.319939 0.0286063 0.0524936 0.157902
0 0.234708 0.298676 0.0239454 0.0948884 0.157645
0 0.235733 0.296143 0.0234884 0.0978539 0.157612
0 0.0451412 0.293429 0.0362068 0.0928507 0.15717
0 0.236563 0.297303 0.022754 0.0997322 0.156119
0 0.234917 0.299272 0.0252536 0.102842 0.152911
0 0.417735 0.200074 0.0362708 0.0614823 0.15265
1 0.409406 0.353661 0.0537848 0.0675982 0.150119
0 0.0458511 0.291112 0.0321799 0.0888616 0.146656
1 0.413098 0.357086 0.0545321 0.0608974 0.145777
0 0.404419 0.297455 0.0354523 0.062587 0.145122
0 0.407114 0.337795 0.0444495 0.0882696 0.14385
2 0.166306 0.176781 0.0992898 0.0767957 0.141162
0 0.576562 0.228474 0.020948 0.0565541 0.140558
0 0.752306 0.413383 0.0449339 0.145612 0.139865
2 0.165238 0.177083 0.0997721 0.0762214 0.138478
0 0.0437795 0.291086 0.0319625 0.0904093 0.13724
0 0.754624 0.395151 0.0259367 0.109296 0.136079
0 0.205921 0.307748 0.0303658 0.0991613 0.131697
0 0.741007 0.138603 0.0251455 0.0887602 0.131425
0 0.214286 0.309594 0.0336457 0.100389 0.131042
0 0.0457416 0.290863 0.0336924 0.0857873 0.130783
0 0.53107 0.341807 0.0339444 0.132292 0.130227
1 0.0450856 0.324103 0.0263721 0.0479383 0.129518
2 0.716064 0.119202 0.0730334 0.0736155 0.129454
0 0.753259 0.419557 0.0433124 0.128628 0.127749
1 0.416435 0.212338 0.0347243 0.0369782 0.126406
0 0.740632 0.138486 0.0260714 0.0824711 0.126115
0 0.761535 0.142386 0.0190594 0.051461 0.126041
1 0.0465369 0.319855 0.0267228 0.0487251 0.125225
0 0.760958 0.147574 0.0201159 0.0536646 0.125069
1 0.417271 0.214786 0.0371713 0.0398126 0.119981
0 0.760915 0.144301 0.0196587 0.0520029 0.117369
0 0.404684 0.336449 0.0422915 0.0880881 0.116715
0 0.486367 0.111127 0.0157172 0.0590467 0.116412
0 0.486074 0.110764 0.0165703 0.0599956 0.114637
0 0.234674 0.297991 0.0242723 0.0998639 0.114385
8 0.979655 0.0848804 0.0406904 0.0402035 0.112902
1 0.574909 0.290617 0.0230299 0.0595928 0.109752
0 0.405481 0.332366 0.0437046 0.10446 0.107756
0 0.404239 0.325037 0.0418857 0.115521 0.10765
1 0.575218 0.287656 0.0231647 0.056486 0.105878
0 0.751798 0.41219 0.0395909 0.144646 0.105716
0 0.533771 0.353114 0.0403351 0.110315 0.105667
1 0.420614 0.214214 0.0323219 0.0385081 0.102909
1 0.57478 0.288095 0.0216393 0.0554532 0.101932
0 0.23614 0.297025 0.0247234 0.102143 0.101622
0 0.753207 0.425993 0.043556 0.119256 0.100276
0 0.307614 0.14567 0.0176517 0.052772 0.0994454
0 0.40416 0.336141 0.0397255 0.0848151 0.0982328
0 0.416978 0.202492 0.0349414 0.0547249 0.0976756
0 0.308216 0.155637 0.0158553 0.0364608 0.0971704
1 0.411449 0.353031 0.0630395 0.0697592 0.0963595
0 0.371463 0.137288 0.0174995 0.0573386 0.0958652
0 0.204402 0.31677 0.0307254 0.0954936 0.0952499
1 0.406336 0.349916 0.0458146 0.0675336 0.0950612
0 0.043559 0.2875 0.0291352 0.0787523 0.0947482
0 0.202345 0.310842 0.0277227 0.105589 0.0946864
8 0.948234 0.127524 0.0981468 0.215688 0.0939733
2 0.952338 0.187134 0.0922741 0.0993867 0.0933641
0 0.308315 0.157784 0.0171837 0.0362901 0.0932838
0 0.418832 0.201546 0.0355761 0.0608965 0.0925756
0 0.370572 0.136673 0.0165145 0.0565831 0.0921731
0 0.486533 0.111181 0.0159363 0.0591467 0.0921483
0 0.405676 0.297581 0.0360251 0.060157 0.0912637
0 0.370078 0.134804 0.0172153 0.058408 0.0890003
8 0.979956 0.0840773 0.0394058 0.0421755 0.088472
1 0.419153 0.216513 0.0347335 0.0389704 0.088424
3 0.417398 0.21508 0.0388101 0.0407022 0.0878432
1 0.574938 0.289477 0.0231462 0.0599133 0.0867806
0 0.202534 0.31005 0.0294068 0.106252 0.0867441
0 0.540247 0.34686 0.037429 0.111255 0.0865368
0 0.0433896 0.285714 0.0279425 0.0737871 0.0855187
0 0.485673 0.11138 0.0183968 0.0598467 0.0853688
0 0.76241 0.151728 0.0204054 0.0628268 0.0837349
0 0.402006 0.105617 0.0195258 0.0519511 0.0822933
0 0.046649 0.295925 0.0323933 0.0982274 0.0818735
0 0.763022 0.15398 0.0215665 0.067908 0.0816584
0 0.486858 0.110888 0.0181858 0.0597123 0.0803443
2 0.952459 0.186706 0.0922323 0.0974372 0.0799591
1 0.422419 0.361468 0.0374575 0.0491282 0.0795828
0 0.403839 0.296025 0.0292431 0.0601655 0.0772477
0 0.762656 0.147412 0.0210112 0.059305 0.0761249
2 0.713657 0.119045 0.0690578 0.072519 0.0757328
0 0.401658 0.107042 0.0179413 0.0532666 0.0748917
0 0.200283 0.330682 0.0244016 0.0682269 0.0743435
0 0.215583 0.308794 0.0542852 0.107837 0.0740995
8 0.949412 0.128313 0.0970299 0.216001 0.0739068
3 0.418411 0.203179 0.0371269 0.0546743 0.0736886
7 0.71748 0.117986 0.0754013 0.0747118 0.0736693
0 0.486852 0.110897 0.0173895 0.059545 0.073449
0 0.419901 0.196438 0.0333851 0.0695461 0.0728323
1 0.404198 0.353884 0.0429197 0.0637794 0.0725682
2 0.877734 0.091074 0.0402822 0.0731804 0.0720412
0 0.576473 0.224909 0.02094 0.050398 0.0704868
8 0.980248 0.078043 0.0388771 0.0534151 0.0688099
0 0.403913 0.314842 0.0401755 0.0968672 0.0685562
0 0.30892 0.155549 0.0154974 0.0355385 0.0685048
0 0.761632 0.153046 0.021348 0.0689194 0.0684079
8 0.94414 0.0454022 0.0567509 0.0547299 0.0681453
0 0.693985 0.135929 0.0257889 0.0389003 0.0674532
0 0.445009 0.150414 0.0131897 0.053036 0.0669632
8 0.952741 0.188493 0.0939926 0.101968 0.0669051
0 0.576956 0.235996 0.0244192 0.0741128 0.0666564
8 0.944966 0.0453828 0.057188 0.0533856 0.0659074
1 0.415759 0.360688 0.0509079 0.0506097 0.0658546
2 0.952502 0.187222 0.0928337 0.10226 0.0655069
1 0.409381 0.358891 0.0596739 0.0613275 0.0652487
0 0.0424548 0.303034 0.0343033 0.0819525 0.0643693
0 0.23621 0.274098 0.0202539 0.051241 0.0635066
0 0.402955 0.104885 0.0191235 0.0525092 0.0634049
8 0.943674 0.0493291 0.0548481 0.0493866 0.0632087
8 0.980196 0.071329 0.0387993 0.0653803 0.0626685
1 0.417716 0.216836 0.0393747 0.052016 0.061919
0 0.044967 0.314434 0.0243554 0.0392375 0.0615471
0 0.515858 0.150274 0.0157317 0.0392657 0.0614727
8 0.979472 0.0820375 0.0405029 0.0432705 0.0613154
0 0.40181 0.110438 0.0175418 0.0511403 0.0609995
8 0.979864 0.0848096 0.0395287 0.041683 0.0609816
0 0.0115892 0.338692 0.0231239 0.118578 0.0609012
0 0.200049 0.329964 0.0239898 0.0698625 0.0606942
1 0.410585 0.342035 0.0523678 0.0859817 0.06069
0 0.707871 0.126715 0.0414777 0.0574403 0.0598655
0 0.485944 0.11058 0.0155438 0.0565661 0.0598126
0 0.200449 0.331431 0.0243505 0.0671552 0.0594646
0 0.956278 0.508977 0.0624025 0.185887 0.0584517
0 0.71797 0.13569 0.014963 0.0375507 0.0583529
0 0.694136 0.136792 0.0251789 0.0373807 0.0582679
2 0.715439 0.119342 0.0728535 0.0754289 0.0577727
0 0.740975 0.146685 0.0234596 0.0765399 0.057694
0 0.75312 0.416355 0.037991 0.133743 0.0574978
0 0.507492 0.104327 0.0164814 0.0619172 0.0571176
8 0.95292 0.187732 0.0921272 0.101791 0.0567344
0 0.512586 0.133317 0.0187071 0.0704552 0.0564094
7 0.715644 0.118004 0.0716113 0.0754796 0.0561582
0 0.513187 0.62795 0.05847 0.0489148 0.0561021
0 0.403843 0.342824 0.0406626 0.0750104 0.0560959
1 0.404807 0.359278 0.0543151 0.0611662 0.0552799
2 0.706267 0.133595 0.0529827 0.0436035 0.055187
0 0.742397 0.130563 0.0257228 0.075876 0.0550661
0 0.543709 0.334072 0.0651855 0.148119 0.0549479
2 0.888536 0.0907574 0.061409 0.0747862 0.054915
0 0.305636 0.140365 0.0203657 0.0563915 0.0545308
1 0.0420494 0.3219 0.03091 0.047679 0.054342
2 0.717226 0.11813 0.073066 0.074614 0.0533313
0 0.576865 0.237129 0.0240476 0.0756457 0.0531019
0 0.400777 0.109308 0.0161476 0.0536564 0.0530127
0 0.515445 0.133618 0.0191588 0.0707852 0.0527662
0 0.530159 0.345078 0.0337748 0.120084 0.0525837
0 0.529031 0.631278 0.0233234 0.0272884 0.0521428
0 0.762506 0.150928 0.0184204 0.0702246 0.0515414
0 0.752902 0.431319 0.0438984 0.104354 0.0515164
1 0.046963 0.323259 0.0293462 0.0526804 0.0514976
0 0.369465 0.134236 0.0156375 0.0590242 0.0511091
0 0.762592 0.143393 0.0203445 0.0548114 0.0506188
0 0.76207 0.148616 0.0186512 0.0622289 0.0506112
0 0.213451 0.311127 0.0290609 0.101631 0.0498532
1 0.403332 0.348818 0.0406406 0.0628486 0.0495457
0 0.407757 0.318211 0.0337189 0.0489693 0.0492081
0 0.516625 0.1419 0.0163202 0.0556368 0.0490933
0 0.487132 0.11055 0.0187592 0.0605637 0.0488405
2 0.70417 0.134228 0.0477617 0.0429556 0.047956
0 0.233872 0.315386 0.0223396 0.0598212 0.0477893
0 0.0114023 0.338644 0.022704 0.116535 0.0474772
0 0.3874 0.149279 0.0165064 0.0632107 0.0472041
0 0.201051 0.304788 0.0246565 0.0927421 0.047075
1 0.0423949 0.320547 0.0315061 0.0490354 0.0467776
0 0.20125 0.330714 0.0237597 0.0686968 0.0463912
0 0.0471539 0.31642 0.0285992 0.0479237 0.0462517
1 0.408629 0.356828 0.0640052 0.070598 0.0461986
0 0.190668 0.120144 0.0223307 0.0414192 0.0459763
0 0.404722 0.335691 0.0461147 0.100799 0.045692
0 0.487322 0.110222 0.0166407 0.057498 0.0453704
0 0.515293 0.136695 0.016315 0.0678327 0.0451528
0 0.484796 0.110774 0.0179218 0.0605091 0.0448487
0 0.406298 0.307007 0.0352522 0.038121 0.0444822
0 0.386591 0.14793 0.0184311 0.0690353 0.0442224
0 0.538394 0.345718 0.0399674 0.112367 0.0436531
1 0.574514 0.291663 0.0230495 0.0607634 0.0435182
0 0.220568 0.302707 0.0191653 0.0790128 0.0434726
2 0.873334 0.110261 0.0310825 0.037794 0.0433946
0 0.307227 0.146687 0.0185619 0.0444539 0.0431793
0 0.514454 0.132388 0.0172797 0.0688464 0.0429149
0 0.189445 0.11974 0.0191648 0.0415029 0.0426772
0 0.5751 0.284375 0.0217323 0.0498525 0.0421088
1 0.409208 0.356408 0.0640657 0.0734912 0.0419367
2 0.00579663 0.16131 0.0115933 0.0247596 0.0418451
2 0.00575215 0.163474 0.0115043 0.0268185 0.0414933
0 0.236815 0.271512 0.0190224 0.0479037 0.041426
0 0.189381 0.11917 0.0179768 0.041656 0.0407849
0 0.529907 0.335358 0.0382402 0.141157 0.0405932
0 0.754123 0.429583 0.0417013 0.115225 0.0402984
0 0.386707 0.144626 0.0184868 0.0624787 0.0402253
8 0.951437 0.168753 0.0935368 0.134387 0.040175
0 0.514636 0.623988 0.0610283 0.0458059 0.0400015
2 0.170982 0.172814 0.0892435 0.0688712 0.039569
8 0.943443 0.0530074 0.0559467 0.040435 0.0390821
0 0.689759 0.135205 0.0208197 0.0380174 0.0390568
1 0.413065 0.361118 0.0543907 0.0543093 0.0385959
