2 0.284501 0.898286 0.256996 0.202773 0.929076
2 0.284241 0.89838 0.256033 0.202415 0.910885
2 0.284672 0.898119 0.256049 0.203043 0.909219
2 0.284424 0.898272 0.25692 0.20245 0.893176
2 0.285038 0.898183 0.256393 0.203068 0.891983
2 0.28419 0.898394 0.256598 0.202123 0.890784
2 0.284666 0.898397 0.255713 0.202498 0.883141
2 0.284582 0.898509 0.256696 0.202335 0.841694
2 0.28463 0.897868 0.257569 0.203967 0.831478
2 0.284265 0.89836 0.257103 0.203223 0.821654
2 0.0642677 0.210682 0.0722454 0.0536925 0.659196
2 0.0642639 0.211014 0.0721065 0.0531038 0.603971
2 0.453871 0.561944 0.17658 0.218221 0.541662
2 0.921173 0.342591 0.101347 0.132157 0.540702
2 0.921615 0.342631 0.101095 0.133007 0.522959
2 0.0634032 0.21078 0.0733983 0.0553736 0.513248
2 0.0639568 0.210827 0.072894 0.0537958 0.493776
2 0.0646038 0.210533 0.0701365 0.0542446 0.478803
2 0.921448 0.342833 0.101015 0.132605 0.463439
2 0.453133 0.559711 0.175298 0.221952 0.455987
2 0.452872 0.561571 0.176529 0.217279 0.45564
2 0.92134 0.342476 0.10158 0.132178 0.455626
2 0.0663103 0.210828 0.0668385 0.0530316 0.453184
2 0.453423 0.56266 0.176319 0.221898 0.440135
2 0.92129 0.342502 0.100918 0.131677 0.434058
2 0.453112 0.560043 0.176894 0.22125 0.425877
2 0.452609 0.558204 0.176644 0.224489 0.405934
2 0.921466 0.342582 0.101985 0.132523 0.405813
2 0.921282 0.342545 0.101433 0.13156 0.399167
2 0.0662151 0.209929 0.0679796 0.0526094 0.398153
2 0.0652282 0.210598 0.069621 0.0537361 0.362492
2 0.452619 0.558809 0.177389 0.224093 0.343681
2 0.930168 0.169812 0.0781876 0.0829941 0.339491
2 0.921445 0.342822 0.101865 0.131736 0.324811
7 0.333254 0.299952 0.0839675 0.0835716 0.313802
2 0.716228 0.119388 0.0465458 0.0407861 0.300677
7 0.332289 0.300117 0.085872 0.0838557 0.2972
2 0.0674447 0.210594 0.0648587 0.0532115 0.290091
2 0.929817 0.169684 0.0776695 0.0836155 0.281168
2 0.0623544 0.211629 0.0736898 0.05404 0.276474
7 0.332128 0.300307 0.086309 0.0837304 0.275537
2 0.0646924 0.210593 0.0706775 0.0545701 0.27404
2 0.32696 0.414774 0.0330332 0.0249687 0.267667
7 0.333485 0.300101 0.0837932 0.0834646 0.266724
2 0.930104 0.169979 0.0779533 0.0824056 0.259957
7 0.332668 0.300173 0.0851437 0.0838206 0.255365
2 0.9214 0.343491 0.101002 0.129366 0.251847
2 0.324931 0.416656 0.0332138 0.0280969 0.250587
2 0.168262 0.181503 0.0552575 0.0410878 0.24954
2 0.166142 0.180962 0.0498769 0.0401347 0.249528
2 0.930072 0.169791 0.0778866 0.0827237 0.248981
2 0.929937 0.169647 0.0781685 0.082615 0.248932
2 0.929822 0.170005 0.07812 0.0832109 0.243503
2 0.32551 0.415003 0.0333335 0.0240812 0.232461
2 0.453136 0.557794 0.175136 0.230165 0.224159
2 0.331954 0.300901 0.0867949 0.0835171 0.220758
2 0.929807 0.171141 0.0787554 0.0811552 0.214716
2 0.491737 0.980441 0.195923 0.0385078 0.21009
2 0.166438 0.180842 0.0509583 0.0395462 0.210068
2 0.493069 0.980676 0.1913 0.0380013 0.197886
6 0.575852 0.155721 0.110319 0.133709 0.195439
2 0.492912 0.980026 0.196987 0.0394291 0.193348
2 0.326175 0.414404 0.034221 0.0253148 0.192668
2 0.716802 0.119125 0.0467344 0.0400557 0.190195
2 0.167211 0.181247 0.0520919 0.0391732 0.184784
7 0.332998 0.298179 0.08455 0.0857313 0.184679
2 0.92999 0.171423 0.07887 0.0822818 0.179247
2 0.325603 0.415103 0.0316078 0.0229719 0.177691
6 0.754565 0.224544 0.49087 0.446692 0.176766
2 0.164931 0.180204 0.0504992 0.0386956 0.174339
6 0.334252 0.162087 0.629599 0.321717 0.168792
2 0.166549 0.180761 0.0488966 0.0380335 0.163037
2 0.717922 0.118879 0.0453146 0.0399476 0.161832
6 0.330707 0.274671 0.659385 0.546116 0.155876
6 0.57622 0.156653 0.109628 0.13479 0.15541
2 0.326253 0.414333 0.0336966 0.0246124 0.149623
6 0.575799 0.156644 0.110093 0.132814 0.148572
7 0.331937 0.301072 0.085465 0.0844435 0.146225
2 0.717305 0.118161 0.0462331 0.0415678 0.145705
2 0.930256 0.169146 0.0793945 0.082415 0.145006
2 0.717078 0.119092 0.0448071 0.0390494 0.143953
2 0.333581 0.29949 0.0824627 0.081861 0.143231
2 0.714844 0.119757 0.0439447 0.0404225 0.142396
2 0.165103 0.179841 0.0512821 0.0387553 0.140748
6 0.575907 0.156219 0.109795 0.132377 0.134066
2 0.494006 0.980367 0.191207 0.0386829 0.133565
5 0.576119 0.156053 0.109547 0.13267 0.132302
5 0.576037 0.155824 0.109899 0.132175 0.130084
2 0.559336 0.377248 0.0826956 0.0665293 0.130031
2 0.162356 0.181832 0.0499449 0.040148 0.129748
7 0.335322 0.298673 0.0793553 0.0828099 0.128767
6 0.575814 0.156306 0.109976 0.132231 0.12828
2 0.492976 0.979718 0.191192 0.0399033 0.123549
2 0.1701 0.181983 0.0645468 0.0428254 0.122702
2 0.165383 0.179673 0.0505177 0.0365182 0.122442
5 0.479185 0.366024 0.754009 0.637223 0.121723
6 0.326427 0.223018 0.649671 0.432864 0.120968
2 0.334936 0.300631 0.0803715 0.0799151 0.119961
2 0.452666 0.557924 0.173911 0.227064 0.119073
6 0.325374 0.2323 0.646906 0.462395 0.114313
2 0.491093 0.980633 0.198211 0.0381659 0.11237
7 0.335891 0.299597 0.0783765 0.0796658 0.110979
2 0.71688 0.119362 0.0483744 0.0406761 0.110702
7 0.330671 0.298253 0.0890822 0.0868355 0.110502
2 0.921139 0.342581 0.101274 0.132791 0.109772
2 0.454232 0.563284 0.173567 0.216241 0.10793
6 0.547749 0.352856 0.833636 0.705711 0.105742
6 0.754056 0.259883 0.491888 0.519765 0.101872
2 0.990618 0.093181 0.0181721 0.0669394 0.101803
2 0.493114 0.978967 0.191982 0.0408401 0.100529
6 0.533639 0.355924 0.848042 0.704989 0.100413
6 0.343464 0.266958 0.686927 0.525856 0.0996262
5 0.576481 0.1558 0.1087 0.134016 0.0987078
5 0.576036 0.155877 0.109236 0.133274 0.0979836
2 0.990756 0.090799 0.0177341 0.0684836 0.0975397
5 0.2852 0.621127 0.570399 0.705099 0.0959783
6 0.754224 0.22186 0.491191 0.440379 0.0941506
5 0.461651 0.401873 0.873001 0.751709 0.0928356
2 0.990787 0.0974405 0.0176825 0.0565737 0.0923969
6 0.754493 0.233107 0.491013 0.466214 0.0922755
2 0.559636 0.374782 0.0820924 0.0697563 0.089919
2 0.559394 0.374424 0.0870846 0.0720735 0.0893934
2 0.716958 0.118629 0.0476356 0.0393076 0.0871824
5 0.990578 0.0907992 0.0181934 0.0686312 0.084077
5 0.322623 0.552011 0.645246 0.689605 0.0838261
2 0.559159 0.373769 0.0914829 0.0758316 0.0822937
5 0.576853 0.155791 0.10825 0.132341 0.0818054
6 0.281606 0.616472 0.563211 0.710766 0.0794047
2 0.716614 0.118903 0.0495364 0.0423372 0.0793379
2 0.446515 0.456558 0.0994247 0.0710218 0.0761603
2 0.495191 0.980489 0.185788 0.0384771 0.0743471
6 0.454134 0.352676 0.905951 0.700539 0.0741239
2 0.453686 0.5726 0.174465 0.195701 0.0721046
2 0.442508 0.45742 0.0929546 0.0718407 0.0718386
6 0.296245 0.613207 0.592491 0.704055 0.0704268
6 0.329426 0.147323 0.630183 0.27988 0.0684574
2 0.170067 0.181534 0.0635487 0.0456588 0.0675118
6 0.349283 0.159916 0.62051 0.318893 0.0633348
6 0.575542 0.157211 0.111824 0.13585 0.0627554
2 0.492858 0.979035 0.192893 0.0407497 0.0619109
6 0.413347 0.10409 0.500169 0.207674 0.0618421
5 0.375975 0.541032 0.751949 0.853028 0.0616419
6 0.750338 0.217242 0.499324 0.432063 0.0595151
2 0.559398 0.378589 0.0855534 0.066688 0.0593531
6 0.75187 0.218353 0.495531 0.435099 0.0586214
6 0.545911 0.343478 0.803069 0.675651 0.0576889
6 0.33171 0.278043 0.658406 0.555674 0.0576882
2 0.160563 0.179048 0.0477653 0.035777 0.0573222
2 0.447429 0.45596 0.10209 0.0693068 0.0565609
2 0.442096 0.500953 0.137712 0.114183 0.0559091
2 0.3346 0.30197 0.0792609 0.077355 0.055053
5 0.484274 0.362382 0.868063 0.696113 0.0543904
6 0.583188 0.362473 0.769902 0.642947 0.0534541
5 0.402979 0.471484 0.788325 0.802638 0.0523718
2 0.171195 0.179998 0.0674671 0.0465634 0.0520619
2 0.327992 0.413592 0.0367802 0.0275479 0.0518963
2 0.0188683 0.245269 0.0376947 0.0419366 0.0515779
2 0.328157 0.413162 0.0375173 0.0283426 0.0498224
6 0.362325 0.118965 0.594259 0.237329 0.0489012
2 0.729869 0.114411 0.0224354 0.0347958 0.0488891
6 0.333343 0.205903 0.653091 0.411806 0.0475962
2 0.56023 0.380523 0.0804186 0.0587999 0.0468604
2 0.989707 0.0947275 0.0197296 0.0632646 0.0463017
2 0.990675 0.0915606 0.0180027 0.0693579 0.045693
6 0.602439 0.343994 0.710998 0.687989 0.045691
2 0.245588 0.149974 0.0263368 0.0218552 0.0443927
2 0.01949 0.239187 0.0388663 0.0493284 0.043706
2 0.0198317 0.237676 0.0395568 0.054887 0.0423755
6 0.297125 0.610391 0.594251 0.700343 0.042249
6 0.40189 0.113721 0.507909 0.226387 0.0403869
2 0.989556 0.0907853 0.0199602 0.0698157 0.0399148
2 0.172778 0.180346 0.07095 0.0488553 0.0389574
2 0.443169 0.456353 0.0941 0.0699312 0.0387942
2 0.172539 0.181468 0.069466 0.0482544 0.0385684
2 0.858755 0.141156 0.044249 0.0452398 0.0382997
2 0.859771 0.141442 0.0446386 0.0439538 0.0377937
2 0.713305 0.12075 0.0463049 0.0397023 0.0371124
2 0.245125 0.150939 0.0234003 0.0191566 0.0364507
7 0.93002 0.171457 0.0786476 0.0818018 0.0359277
2 0.729979 0.230209 0.0734843 0.0753277 0.0358329
2 0.159824 0.182892 0.056874 0.0434422 0.0355272
2 0.453799 0.573236 0.174631 0.194867 0.0353496
7 0.333635 0.298486 0.082962 0.0852914 0.0350377
2 0.561049 0.379589 0.077656 0.0545151 0.034478
0 0.495633 0.980286 0.185502 0.0388729 0.0344711
2 0.0189598 0.246465 0.0378962 0.0443853 0.0338778
0 0.220867 0.14451 0.0213161 0.0317425 0.0337318
2 0.732069 0.23005 0.0767282 0.0757044 0.0322138
6 0.753324 0.232055 0.488068 0.462286 0.0316751
0 0.945417 0.312545 0.0185871 0.0381686 0.0315266
2 0.860762 0.141372 0.0466835 0.0452173 0.0315181
6 0.414618 0.280623 0.829235 0.55264 0.0312934
6 0.51171 0.378623 0.895705 0.733153 0.0312169
6 0.754105 0.277824 0.49179 0.555648 0.0311811
6 0.364287 0.574623 0.728575 0.784418 0.0308353
5 0.989232 0.0899352 0.020649 0.0715923 0.0308247
6 0.575113 0.15744 0.110732 0.133858 0.03047
0 0.333162 0.848328 0.0472819 0.0532816 0.0301423
0 0.332164 0.848886 0.0466474 0.0539093 0.0301137
2 0.274879 0.134278 0.0291569 0.033201 0.0299539
2 0.563529 0.379834 0.0773618 0.0530906 0.029848
2 0.0197416 0.232477 0.0393386 0.0623927 0.029108
2 0.447231 0.49827 0.144552 0.105369 0.0285799
2 0.453884 0.49979 0.153816 0.10867 0.0285574
2 0.455651 0.496833 0.120512 0.103721 0.0283567
2 0.515376 0.98086 0.139666 0.0374973 0.0281281
25 0.514647 0.981232 0.150745 0.0367596 0.0281265
2 0.452087 0.513928 0.162731 0.134868 0.0277028
2 0.45116 0.455297 0.107571 0.0733607 0.0275683
6 0.788039 0.203713 0.204224 0.179978 0.0257673
2 0.306363 0.32197 0.0332342 0.0367134 0.0253394
2 0.0194825 0.236882 0.0389639 0.0626022 0.0252905
2 0.329261 0.118938 0.0221584 0.019006 0.0252876
0 0.218714 0.151836 0.0182321 0.0447916 0.0251101
0 0.107636 0.150082 0.0114899 0.0388331 0.0247626
0 0.107595 0.149555 0.0113336 0.0384534 0.0245439
0 0.328453 0.849388 0.0450415 0.0572826 0.0243622
2 0.929551 0.171526 0.07705 0.0814564 0.0238563
2 0.443674 0.456312 0.0923936 0.0725935 0.0237131
6 0.318022 0.154082 0.628193 0.288625 0.0229567
2 0.0281459 0.244767 0.0562919 0.0549836 0.0222027
2 0.330572 0.0962008 0.025052 0.0202398 0.0219431
0 0.220956 0.142746 0.0221078 0.0339404 0.0216966
2 0.442407 0.459684 0.0946115 0.0714487 0.0214499
2 0.272189 0.131141 0.0326328 0.0266288 0.0213274
2 0.0229186 0.248695 0.0457699 0.0504894 0.0212812
2 0.513734 0.980629 0.148953 0.0379753 0.0212529
2 0.860802 0.141452 0.0469315 0.0464983 0.0211786
2 0.247249 0.151001 0.0294642 0.0209923 0.0206948
6 0.561204 0.186295 0.137426 0.19263 0.0205291
6 0.755748 0.214622 0.488504 0.426097 0.020405
2 0.919292 0.287206 0.0286407 0.0215588 0.0201809
2 0.703266 0.130591 0.0242989 0.0204565 0.0200393
2 0.247606 0.141808 0.0346542 0.0334871 0.0198243
2 0.0195666 0.232292 0.0390924 0.0570837 0.0197941
0 0.223375 0.143507 0.0222669 0.0359032 0.0195486
2 0.0686707 0.207963 0.0617641 0.0475639 0.0194915
2 0.561921 0.374314 0.0851261 0.0733021 0.0194735
25 0.516219 0.981073 0.141647 0.0370255 0.0193945
2 0.273666 0.139346 0.0322391 0.0365457 0.0190905
2 0.440327 0.49942 0.136644 0.115695 0.0189915
2 0.447569 0.510745 0.155073 0.127765 0.0188936
0 0.326552 0.852764 0.0457438 0.0610783 0.0184704
2 0.561325 0.375586 0.0917524 0.0709394 0.0184299
0 0.325871 0.849763 0.0403054 0.0547764 0.0182859
2 0.771604 0.0410702 0.0460247 0.048176 0.0182665
0 0.206655 0.169508 0.0123476 0.0269073 0.0179807
0 0.301204 0.319899 0.0216847 0.0327497 0.0179532
2 0.274997 0.139398 0.0313564 0.0352454 0.0177557
0 0.310057 0.316854 0.0331851 0.0358862 0.0177128
2 0.44426 0.497167 0.128936 0.104551 0.0176807
5 0.346809 0.561046 0.693617 0.781635 0.0175044
5 0.413152 0.426337 0.783799 0.723525 0.0173854
6 0.38057 0.116532 0.568788 0.231947 0.0173307
2 0.860119 0.141243 0.0450584 0.0456732 0.0173242
2 0.73118 0.22986 0.071146 0.0762093 0.0172898
6 0.785193 0.221148 0.215042 0.208502 0.0169647
0 0.512487 0.981859 0.149758 0.0355021 0.0168264
2 0.919485 0.286449 0.0273865 0.0209702 0.0166802
2 0.729678 0.231679 0.073719 0.0737967 0.0165627
2 0.452922 0.45042 0.111479 0.074811 0.0163932
6 0.322056 0.260063 0.642427 0.504356 0.0163688
9 0.17211 0.0418289 0.0274822 0.0737154 0.0163272
7 0.921351 0.34369 0.101228 0.129675 0.0159537
6 0.732942 0.268462 0.444868 0.51423 0.0157237
2 0.51182 0.980933 0.149651 0.0373098 0.0156862
2 0.435676 0.458045 0.0807309 0.0685898 0.0156436
2 0.665238 0.646331 0.0389887 0.0349581 0.0156222
0 0.991869 0.082724 0.015448 0.0523549 0.0154987
9 0.508985 0.264784 0.0231392 0.0247203 0.0152862
2 0.0329691 0.247928 0.0659381 0.0512362 0.0151696
2 0.30977 0.320967 0.0391416 0.0397669 0.0146632
2 0.437194 0.457044 0.0802767 0.0650175 0.0143789
2 0.306443 0.126825 0.0259047 0.0239435 0.0141675
0 0.94574 0.310955 0.020524 0.0416944 0.0140814
2 0.73124 0.231323 0.0767094 0.0749671 0.0138168
2 0.918436 0.286712 0.0306126 0.0221927 0.0137653
2 0.665328 0.645692 0.0350648 0.0307558 0.0137025
2 0.485625 0.984392 0.202061 0.030682 0.0136786
2 0.361343 0.380532 0.0602176 0.0453472 0.0134874
2 0.496132 0.978979 0.185265 0.0408857 0.0131609
0 0.0983086 0.151277 0.0135288 0.0365257 0.0129034
0 0.338044 0.847815 0.0389218 0.0491694 0.0128698
5 0.315507 0.577478 0.631014 0.708873 0.0128633
2 0.321205 0.0965892 0.0429813 0.0248951 0.0126693
2 0.665408 0.645873 0.0354107 0.0303572 0.0126598
2 0.441719 0.466293 0.104939 0.0656673 0.0125964
2 0.0169173 0.249423 0.0337671 0.0473906 0.0125419
6 0.786983 0.216055 0.212606 0.209284 0.0125394
2 0.260944 0.132033 0.0171509 0.0195291 0.0123513
6 0.380341 0.109035 0.525776 0.21698 0.0121236
2 0.0291555 0.225185 0.0338913 0.0298061 0.0120985
6 0.485841 0.414776 0.865554 0.727017 0.0119686
2 0.163418 0.182788 0.0739146 0.0496768 0.0119351
2 0.310483 0.32058 0.0407781 0.0414166 0.0119163
7 0.857737 0.141529 0.0448471 0.0470514 0.0118558
0 0.205047 0.173753 0.0123493 0.0290603 0.0118338
2 0.560093 0.3734 0.0970921 0.0751964 0.0117861
2 0.247772 0.147312 0.0320047 0.0264774 0.0117639
0 0.222752 0.145842 0.0244301 0.0367872 0.0116882
