5 0.499258 0.253138 0.325662 0.128088 0.926392
5 0.844248 0.252017 0.249615 0.117566 0.909152
5 0.49932 0.253186 0.325218 0.12912 0.909115
5 0.500059 0.253061 0.326315 0.128625 0.890312
5 0.499647 0.253647 0.323904 0.128229 0.888388
5 0.499531 0.253649 0.323875 0.12861 0.885024
5 0.500089 0.253819 0.326092 0.128229 0.880171
5 0.844768 0.251702 0.25028 0.116896 0.875748
5 0.844328 0.252815 0.249664 0.118745 0.868669
5 0.84415 0.251254 0.250103 0.118527 0.839656
5 0.84427 0.252158 0.250112 0.116326 0.837782
5 0.499341 0.253166 0.324966 0.129268 0.835215
5 0.49976 0.253108 0.325445 0.129597 0.830978
5 0.500317 0.253655 0.324678 0.129472 0.82144
5 0.843359 0.251956 0.249227 0.116802 0.817478
5 0.843908 0.251951 0.249995 0.117964 0.804057
5 0.844361 0.250677 0.24937 0.11696 0.79274
5 0.844413 0.250513 0.248507 0.116966 0.766277
0 0.0687137 0.58793 0.0369304 0.131495 0.703393
2 0.463809 0.437541 0.166571 0.111045 0.700563
0 0.374559 0.601092 0.0299569 0.116937 0.694369
5 0.844534 0.251526 0.24803 0.119235 0.692786
0 0.0694991 0.590177 0.0370871 0.128669 0.686101
0 0.0687394 0.587767 0.0362329 0.13093 0.679837
0 0.0689396 0.587945 0.0362783 0.130918 0.675062
2 0.463925 0.437742 0.167496 0.110989 0.668722
2 0.212745 0.3151 0.100506 0.0607347 0.660714
2 0.464453 0.437587 0.167168 0.110919 0.654516
0 0.0688277 0.588131 0.0360895 0.130999 0.654065
0 0.374642 0.600885 0.0302113 0.115736 0.650521
2 0.212199 0.31628 0.101172 0.0619089 0.648333
2 0.463721 0.437723 0.166442 0.110826 0.645693
0 0.126011 0.614318 0.0297186 0.0782389 0.644466
0 0.375246 0.603868 0.0293608 0.123386 0.643071
2 0.463728 0.437667 0.165737 0.111109 0.637159
2 0.158633 0.294582 0.0911522 0.0602392 0.624766
2 0.157139 0.294296 0.0879083 0.0616403 0.623458
0 0.0686371 0.588402 0.03677 0.131678 0.608393
2 0.464351 0.437494 0.16709 0.110348 0.602262
0 0.126114 0.614136 0.0299999 0.0785238 0.597306
2 0.21251 0.316065 0.101615 0.0634642 0.594936
5 0.843343 0.252209 0.249365 0.11899 0.59318
2 0.157714 0.295227 0.0883866 0.0584968 0.584381
2 0.463977 0.43774 0.166999 0.110583 0.581983
0 0.126206 0.613449 0.030452 0.0774847 0.580748
2 0.158211 0.293568 0.0903375 0.0606923 0.579604
2 0.464653 0.437155 0.166619 0.112059 0.57186
2 0.212182 0.317102 0.100874 0.0628361 0.571619
0 0.374739 0.596862 0.0297603 0.108584 0.571139
2 0.464077 0.437221 0.166181 0.110924 0.570947
2 0.157842 0.293038 0.0895655 0.0609529 0.570313
0 0.374661 0.596431 0.0297138 0.106726 0.561745
0 0.375121 0.60418 0.0304933 0.124502 0.551165
2 0.618321 0.288008 0.0924221 0.0528216 0.549685
0 0.126177 0.613189 0.029839 0.076844 0.547168
0 0.288747 0.970163 0.0446786 0.0587124 0.540672
2 0.464436 0.437509 0.167397 0.109614 0.538532
2 0.618654 0.288235 0.0922173 0.0518806 0.536385
2 0.212671 0.316069 0.101096 0.0619819 0.530273
2 0.212815 0.315951 0.101049 0.0631796 0.525875
0 0.28942 0.970035 0.0450068 0.0591114 0.521539
0 0.0690818 0.589126 0.0362421 0.132394 0.513133
2 0.156595 0.29494 0.0876025 0.0604576 0.512362
0 0.288285 0.970655 0.0457017 0.0580441 0.508934
2 0.617556 0.288865 0.0896172 0.0552104 0.506019
0 0.288245 0.970182 0.046106 0.0586926 0.49709
0 0.375036 0.605079 0.0297621 0.124198 0.472467
2 0.158104 0.295819 0.0897664 0.0600798 0.471179
2 0.618984 0.288523 0.0902136 0.053615 0.468732
0 0.125994 0.612416 0.0292884 0.0744284 0.453162
0 0.154494 0.594405 0.0316281 0.103992 0.444838
0 0.126033 0.612284 0.0297363 0.0757863 0.438647
2 0.211724 0.319063 0.0992094 0.0587832 0.434904
2 0.211947 0.31705 0.100202 0.0616093 0.42966
0 0.125216 0.613225 0.0316896 0.0783895 0.421354
0 0.289049 0.970056 0.045679 0.0588779 0.417906
2 0.620089 0.288928 0.0888176 0.0509006 0.414503
2 0.212176 0.316122 0.101663 0.0598596 0.411089
0 0.154278 0.594361 0.0314637 0.105006 0.408956
2 0.618131 0.289215 0.0933249 0.0545117 0.405176
0 0.289102 0.970548 0.0444355 0.0581379 0.393763
0 0.288751 0.970068 0.0445094 0.0583391 0.386422
0 0.125922 0.617481 0.0310237 0.0743423 0.385727
5 0.84414 0.251233 0.249369 0.117435 0.37321
2 0.618329 0.288188 0.092825 0.0546294 0.367807
0 0.289295 0.970327 0.0444741 0.0585945 0.36654
2 0.239533 0.269874 0.074954 0.055375 0.359711
0 0.154484 0.593864 0.0312471 0.103201 0.358596
0 0.374513 0.605368 0.0298961 0.124372 0.356281
0 0.375221 0.604829 0.0289826 0.124424 0.355375
0 0.374202 0.605479 0.0307715 0.125309 0.339009
0 0.374618 0.605539 0.0306472 0.124014 0.330232
0 0.0693841 0.588824 0.0364857 0.128951 0.329227
0 0.288346 0.970332 0.0450511 0.058321 0.323525
2 0.211442 0.318371 0.101317 0.057461 0.319102
2 0.619353 0.28762 0.0862005 0.0526101 0.315586
2 0.241207 0.268802 0.075176 0.0554954 0.302276
0 0.125297 0.613526 0.0328445 0.0785883 0.302036
2 0.621184 0.287797 0.0856705 0.0495399 0.299246
0 0.125462 0.617999 0.0299362 0.0736006 0.298232
2 0.23847 0.268876 0.0713333 0.0535345 0.298017
0 0.126411 0.613397 0.0339684 0.0774782 0.295833
2 0.239439 0.26794 0.0739166 0.0545584 0.282229
0 0.375296 0.604744 0.0295317 0.123848 0.269131
2 0.157185 0.296196 0.0872772 0.0599501 0.268863
2 0.618959 0.28886 0.0899137 0.0524315 0.262585
2 0.158144 0.293688 0.0929769 0.0624424 0.255971
0 0.154018 0.594123 0.0316617 0.102403 0.246417
2 0.237929 0.273929 0.072798 0.0581923 0.245155
2 0.307944 0.255746 0.0692369 0.0607562 0.244917
0 0.124806 0.613508 0.0319354 0.0785384 0.243766
2 0.237306 0.271214 0.0693823 0.0554499 0.242834
2 0.212218 0.315102 0.101367 0.0584317 0.235628
0 0.154491 0.595146 0.0314403 0.104606 0.226474
0 0.154027 0.593959 0.0318527 0.103168 0.214744
0 0.154512 0.594119 0.0304389 0.103057 0.206897
0 0.287354 0.969948 0.0449994 0.0591114 0.196801
2 0.239465 0.268537 0.0746503 0.0539276 0.194327
2 0.413711 0.328084 0.102177 0.0720446 0.190947
2 0.241847 0.263613 0.0697881 0.0468828 0.188867
0 0.125548 0.611683 0.0278563 0.0729156 0.187559
2 0.831728 0.179863 0.0521509 0.0255012 0.185722
2 0.238357 0.267636 0.0704588 0.0537796 0.184887
2 0.618142 0.289383 0.0939467 0.056022 0.184189
2 0.234199 0.271516 0.0639598 0.050196 0.182622
2 0.235113 0.275169 0.0678928 0.0553702 0.165997
0 0.373532 0.606164 0.0327739 0.127866 0.165065
2 0.211918 0.30861 0.0999936 0.0484439 0.16153
2 0.308291 0.256875 0.0696348 0.0602588 0.160136
0 0.155922 0.597716 0.0267005 0.0964668 0.155155
2 0.831565 0.179757 0.0493523 0.0242475 0.149345
2 0.307916 0.256011 0.070191 0.0607638 0.145341
2 0.0838435 0.288499 0.0461705 0.0452293 0.144609
2 0.306956 0.256373 0.0702201 0.0604946 0.144027
2 0.0847528 0.289167 0.0445369 0.0429976 0.142883
2 0.831589 0.179928 0.0498289 0.0246618 0.142839
0 0.069757 0.593704 0.0360908 0.119609 0.14109
0 0.287755 0.969954 0.0448223 0.0587215 0.140859
2 0.06781 0.286463 0.0772439 0.0530779 0.138493
2 0.0827694 0.287812 0.0454066 0.0478776 0.137607
2 0.413397 0.327004 0.100135 0.0688182 0.136262
2 0.413521 0.329064 0.101738 0.073838 0.136234
2 0.306915 0.256472 0.0704647 0.060526 0.133899
2 0.212914 0.307924 0.097562 0.0460526 0.133724
0 0.819158 0.248583 0.0147924 0.0280842 0.132535
0 0.153086 0.595068 0.0322479 0.101674 0.13229
2 0.0807991 0.286645 0.0457595 0.051392 0.129385
0 0.125798 0.611521 0.0291708 0.0716534 0.126967
0 0.218401 0.232735 0.0227393 0.0353801 0.122317
2 0.0841531 0.288721 0.0424022 0.0460165 0.121233
2 0.23312 0.280442 0.0655179 0.0618798 0.11646
0 0.154247 0.592954 0.0309398 0.0998284 0.115425
2 0.618625 0.289066 0.0936478 0.0541033 0.114614
2 0.0368361 0.295588 0.0342855 0.0304765 0.114228
2 0.164741 0.295319 0.0993428 0.056604 0.112439
2 0.238222 0.268689 0.0715105 0.0529277 0.112128
0 0.152819 0.591954 0.0300752 0.09714 0.11158
2 0.308818 0.255425 0.0701473 0.0603588 0.111347
2 0.0763675 0.285888 0.0530366 0.0531067 0.107033
0 0.0421847 0.224559 0.0183344 0.0496275 0.106559
2 0.0634449 0.28531 0.0853059 0.0550074 0.106405
2 0.0838196 0.291663 0.0410309 0.0395268 0.10323
2 0.078638 0.285259 0.0490157 0.0519866 0.10093
2 0.832506 0.178941 0.0559864 0.0279914 0.0973121
2 0.413347 0.329357 0.100682 0.0734597 0.0970505
2 0.245788 0.263004 0.0687154 0.0471799 0.0965058
0 0.817873 0.249521 0.0158384 0.0277206 0.0948866
2 0.0613452 0.286071 0.089614 0.0542695 0.0936639
2 0.0170803 0.280849 0.0341606 0.0511925 0.0916625
0 0.0419927 0.221414 0.0165343 0.0427205 0.0891399
2 0.015763 0.278451 0.0315025 0.0495765 0.086923
9 0.328867 0.102706 0.0238109 0.0452137 0.0868439
2 0.306259 0.256665 0.0698749 0.0606827 0.0864611
0 0.216914 0.234989 0.0220177 0.0406347 0.0847025
0 0.00619451 0.177569 0.0119986 0.0322056 0.0825814
2 0.306889 0.256495 0.0703962 0.0596814 0.0821763
2 0.0140476 0.281281 0.0280768 0.050535 0.0814269
2 0.0618288 0.286353 0.0839527 0.057697 0.081228
2 0.307057 0.25571 0.0677095 0.0615911 0.080869
2 0.312731 0.256711 0.0590287 0.0591496 0.0808653
2 0.030157 0.281327 0.0592134 0.0561931 0.0804758
0 0.219137 0.232023 0.0233762 0.0351385 0.0798958
2 0.209992 0.321403 0.0955163 0.0578258 0.0792262
0 0.157534 0.601944 0.0225341 0.0873405 0.0789306
2 0.240444 0.273735 0.0723485 0.0587154 0.0771987
2 0.0613564 0.285221 0.0885488 0.0554933 0.0761712
0 0.0054735 0.359 0.010947 0.0721774 0.074555
2 0.0366508 0.296111 0.0356318 0.0326396 0.0734075
2 0.0848567 0.291065 0.0425293 0.0377676 0.0733866
2 0.0148114 0.278572 0.0295384 0.0497636 0.0726448
0 0.435418 0.545973 0.0180464 0.0546028 0.0726225
2 0.0726317 0.285561 0.0457507 0.0549454 0.0714817
0 0.00587482 0.176478 0.0115823 0.0321617 0.0713891
2 0.409691 0.327287 0.101671 0.07313 0.0712484
0 0.00573114 0.361437 0.0114436 0.0730505 0.0711249
9 0.327619 0.103209 0.0253318 0.0458592 0.0689231
2 0.23983 0.270735 0.0812801 0.0567861 0.0687519
2 0.832241 0.179052 0.0520975 0.0267999 0.0685922
2 0.245832 0.266082 0.0701488 0.0518688 0.0668903
2 0.21229 0.319264 0.0998565 0.056228 0.0666704
2 0.0261816 0.288649 0.0521749 0.055255 0.0648294
0 0.68383 0.231354 0.0189543 0.0375087 0.0646957
2 0.0600798 0.287449 0.0881972 0.0508886 0.0642864
9 0.327786 0.103057 0.0247983 0.0456235 0.0631806
2 0.413361 0.329934 0.100769 0.0750422 0.0626031
9 0.32958 0.103566 0.0267002 0.0467385 0.0624085
0 0.0427768 0.225998 0.0191226 0.0509565 0.0623944
2 0.620103 0.289263 0.0890779 0.0503878 0.0618466
0 0.390453 0.296209 0.0221799 0.0364946 0.0610787
2 0.0379175 0.298135 0.0332886 0.0344369 0.0589889
0 0.377432 0.587431 0.0246271 0.0827163 0.0582422
9 0.328132 0.102874 0.0237114 0.0449766 0.0582419
2 0.210233 0.318376 0.0960896 0.0580017 0.0564803
7 0.263274 0.714526 0.524994 0.175857 0.0547695
2 0.0179013 0.281703 0.0356961 0.0497288 0.0546982
2 0.31562 0.255892 0.0544713 0.0593761 0.0530032
0 0.00564069 0.357737 0.0112814 0.0710583 0.0521866
0 0.687554 0.230745 0.0181486 0.0377718 0.0518563
5 0.498578 0.253236 0.323042 0.127693 0.0505624
2 0.0613406 0.285456 0.0840159 0.0565599 0.0504625
9 0.720118 0.168519 0.0144024 0.0358898 0.050053
2 0.41033 0.327296 0.0976956 0.0735756 0.0500002
2 0.0167548 0.277165 0.0335097 0.0482863 0.048978
2 0.234459 0.265795 0.0615409 0.0463218 0.0487805
0 0.215042 0.233964 0.0196435 0.0331105 0.0483276
7 0.263348 0.712671 0.525121 0.165135 0.0481839
2 0.0536441 0.285355 0.106785 0.058541 0.0480841
0 0.288095 0.970168 0.0465604 0.0586971 0.0477427
7 0.263456 0.714192 0.525087 0.177176 0.0474568
2 0.413511 0.332841 0.101932 0.0822011 0.0461728
2 0.412296 0.327488 0.0967103 0.0725394 0.0460535
2 0.0286996 0.285859 0.0499837 0.0491361 0.0458592
2 0.214938 0.302231 0.089634 0.0436276 0.0454149
5 0.112149 0.121123 0.224298 0.240917 0.0451408
2 0.0366514 0.29017 0.037615 0.0400393 0.0439488
2 0.831745 0.178853 0.0499165 0.0264784 0.0438682
2 0.242491 0.254986 0.0617367 0.0345744 0.0434106
0 0.682152 0.233377 0.0209131 0.0388306 0.0431024
0 0.686046 0.22606 0.0177923 0.0301638 0.0429222
2 0.211605 0.315143 0.106665 0.0672643 0.0423124
2 0.0866889 0.290905 0.0460915 0.0391816 0.041746
7 0.263259 0.713335 0.525259 0.170349 0.0407281
2 0.243226 0.253231 0.0608407 0.0314673 0.0406027
2 0.240255 0.254917 0.0621912 0.0361908 0.0401708
0 0.691096 0.233182 0.0119124 0.0386534 0.0400276
0 0.68523 0.231084 0.0190201 0.0363424 0.0396599
9 0.340869 0.121323 0.0144855 0.0354634 0.0393798
2 0.621785 0.28851 0.08489 0.0458478 0.0385414
2 0.416798 0.327064 0.088967 0.0698676 0.0383007
0 0.0109859 0.294381 0.0219718 0.0462608 0.0378765
9 0.720314 0.169086 0.0142453 0.0354558 0.0377259
2 0.307432 0.255707 0.0714633 0.060734 0.0375529
0 0.215427 0.23243 0.021437 0.0339822 0.0374868
5 0.308771 0.255435 0.0704114 0.0605273 0.0372532
2 0.893784 0.178817 0.0646359 0.0371311 0.0370367
0 0.153129 0.600652 0.0284443 0.0936772 0.0364258
0 0.91599 0.245083 0.0138474 0.0337081 0.036324
2 0.593946 0.278769 0.104787 0.0411328 0.0359363
2 0.157891 0.298306 0.0908447 0.0560285 0.035286
2 0.217167 0.307135 0.0886311 0.0436592 0.0347886
2 0.052302 0.28525 0.104604 0.058749 0.0346086
0 0.436155 0.549333 0.0196659 0.0602446 0.034415
2 0.077146 0.292885 0.0280272 0.039397 0.0344142
2 0.413908 0.332249 0.102002 0.0816955 0.0331804
0 0.042491 0.223248 0.0166176 0.04798 0.0326034
0 0.832426 0.25055 0.0116306 0.0247532 0.0323489
0 0.866851 0.244781 0.0200115 0.0331389 0.0322419
2 0.420964 0.326892 0.0829853 0.0717008 0.032039
2 0.15848 0.289174 0.091461 0.0689695 0.0317137
5 0.111413 0.11932 0.222827 0.237853 0.0315232
0 0.687777 0.224662 0.0164639 0.0270628 0.0313477
0 0.222305 0.231983 0.029328 0.0340848 0.0311449
0 0.310683 0.970392 0.0952724 0.0584272 0.0308585
2 0.412931 0.332368 0.102214 0.0820127 0.0307615
0 0.00819596 0.355345 0.0163919 0.0729579 0.0305962
5 0.112344 0.119891 0.223956 0.23874 0.030403
0 0.0139338 0.350005 0.027815 0.0663655 0.0299673
0 0.435148 0.544619 0.016792 0.0508266 0.0296692
0 0.0431119 0.228913 0.0183979 0.0476317 0.0289757
0 0.567606 0.243905 0.0140461 0.0242308 0.0288715
0 0.154958 0.593236 0.0320069 0.101 0.0286142
2 0.848602 0.288109 0.0994764 0.0414053 0.0283718
9 0.721294 0.169562 0.0167299 0.0365723 0.0283015
5 0.112253 0.104101 0.224507 0.208155 0.0281822
9 0.327825 0.103208 0.0262717 0.0464246 0.0281289
0 0.0426295 0.226876 0.0176223 0.0492547 0.028102
7 0.265332 0.712002 0.528851 0.160915 0.0279773
0 0.871678 0.2464 0.012957 0.0309807 0.0279601
7 0.263609 0.717156 0.526691 0.184114 0.0279262
9 0.340451 0.124584 0.0139259 0.030628 0.0278141
2 0.0908954 0.290626 0.0372588 0.0388338 0.0278132
2 0.0371356 0.298901 0.033971 0.0356793 0.0273321
0 0.00903525 0.357215 0.0180705 0.0667182 0.0268164
0 0.436945 0.575617 0.0215273 0.114087 0.0265558
2 0.0470559 0.283353 0.0798057 0.0563679 0.0263394
0 0.390734 0.296777 0.0246851 0.0394132 0.0261854
0 0.354546 0.254177 0.0142311 0.0349752 0.0256928
2 0.287376 0.266305 0.0278582 0.040514 0.0255972
0 0.916192 0.247733 0.0122204 0.0298248 0.0252713
2 0.909089 0.168897 0.0279568 0.0168181 0.0251484
