2 0.331772 0.383386 0.0876487 0.0830394 0.836067
2 0.331463 0.382786 0.0883576 0.0834643 0.800167
2 0.33162 0.382376 0.0888137 0.0834408 0.796692
2 0.331466 0.383256 0.0880318 0.083315 0.790501
2 0.331336 0.382933 0.0882873 0.0832735 0.787992
2 0.331501 0.382473 0.0885643 0.0833642 0.776821
2 0.786183 0.246147 0.0449013 0.0518188 0.770403
2 0.83515 0.278819 0.0459267 0.0577963 0.765427
2 0.632332 0.230853 0.0479001 0.0538263 0.762781
2 0.331737 0.383601 0.0881402 0.083713 0.747124
2 0.835214 0.278907 0.0459476 0.0551133 0.738083
2 0.835071 0.278867 0.0456522 0.0564948 0.730441
2 0.669545 0.61782 0.114899 0.160493 0.720999
2 0.834937 0.278783 0.0454004 0.0571524 0.717006
2 0.331525 0.383276 0.0881867 0.0835008 0.715877
2 0.786091 0.246464 0.0428754 0.0518249 0.714539
2 0.669445 0.618284 0.114243 0.160294 0.713883
2 0.533997 0.599392 0.130858 0.147398 0.713868
2 0.835172 0.278845 0.0454626 0.0570526 0.709893
2 0.534019 0.598909 0.130277 0.148805 0.694176
2 0.669302 0.617022 0.114753 0.159838 0.691995
2 0.786052 0.2467 0.0430108 0.0529807 0.684076
2 0.669465 0.617283 0.114925 0.160204 0.683288
5 0.760284 0.127318 0.0475925 0.0692063 0.679234
2 0.669459 0.617821 0.114409 0.160222 0.678942
2 0.786214 0.246528 0.0429094 0.0522691 0.672366
5 0.761287 0.126912 0.0506876 0.0685367 0.67054
2 0.669491 0.617498 0.114243 0.159964 0.660443
2 0.895775 0.330677 0.0477333 0.0694393 0.65746
2 0.669281 0.617486 0.115462 0.160323 0.647871
2 0.533692 0.599119 0.131065 0.148261 0.64754
2 0.89541 0.331327 0.0466763 0.0696231 0.646613
2 0.632226 0.230688 0.047148 0.0547197 0.644515
2 0.663341 0.182856 0.0354013 0.0427875 0.638994
2 0.533834 0.599289 0.130301 0.148747 0.623954
2 0.533602 0.599291 0.131587 0.148488 0.623176
2 0.533489 0.598811 0.131245 0.148485 0.618421
2 0.786243 0.246401 0.0423876 0.0512506 0.616586
2 0.786261 0.246815 0.0430271 0.0503975 0.615766
2 0.835076 0.278717 0.0455757 0.0574088 0.611307
2 0.632173 0.230756 0.0466077 0.0544931 0.606789
5 0.760768 0.126818 0.050135 0.0680079 0.605122
2 0.78637 0.246935 0.0426684 0.0500226 0.603938
2 0.533746 0.59871 0.130954 0.148837 0.591887
2 0.681995 0.202156 0.0356806 0.03775 0.585535
2 0.632141 0.231026 0.0467911 0.0540339 0.580307
2 0.833899 0.278813 0.0468342 0.0550726 0.579847
2 0.632718 0.230717 0.047356 0.0535654 0.578404
2 0.835161 0.278929 0.0459253 0.0570098 0.577135
2 0.669304 0.617207 0.113627 0.160664 0.559339
2 0.895632 0.329849 0.0475258 0.0690363 0.554765
2 0.682249 0.201648 0.0352917 0.0388416 0.549667
2 0.533448 0.599151 0.131773 0.148594 0.547582
2 0.713772 0.138584 0.0256283 0.0261828 0.547221
2 0.533626 0.598658 0.130206 0.148458 0.543279
5 0.760786 0.126663 0.0484269 0.0680405 0.541799
2 0.681936 0.202713 0.0348927 0.0373307 0.540002
2 0.330774 0.383293 0.0881716 0.0815399 0.533132
2 0.330673 0.383261 0.0892847 0.0823881 0.523173
2 0.63204 0.231253 0.0468506 0.0533545 0.518953
2 0.533489 0.598732 0.131823 0.14843 0.515783
2 0.713023 0.139126 0.0247746 0.0262958 0.505556
2 0.895577 0.330994 0.0465107 0.0687947 0.504797
2 0.669086 0.616642 0.114919 0.159889 0.487271
2 0.663469 0.182448 0.0356388 0.0424355 0.482708
2 0.798782 0.344481 0.0586996 0.102803 0.474474
2 0.847715 0.168631 0.0259331 0.0264986 0.473278
2 0.682503 0.203281 0.0328053 0.0361188 0.472802
2 0.895709 0.329025 0.0473061 0.0686119 0.471393
2 0.895923 0.330208 0.0475803 0.0689251 0.467583
2 0.663476 0.182474 0.0349487 0.0428691 0.466679
2 0.713116 0.138627 0.025038 0.026293 0.462794
2 0.68246 0.202779 0.0333642 0.0382885 0.460964
2 0.681686 0.202202 0.0372396 0.0380165 0.456479
2 0.896235 0.330371 0.0480152 0.0698867 0.452958
5 0.760645 0.128237 0.0481995 0.0659677 0.440816
2 0.15454 0.536414 0.164867 0.131106 0.43955
2 0.682186 0.203275 0.035738 0.0363804 0.436849
2 0.66919 0.617215 0.115247 0.160131 0.43486
2 0.0804633 0.112483 0.0939964 0.0399894 0.432097
2 0.632171 0.231054 0.0480792 0.053008 0.426047
2 0.798782 0.344463 0.058523 0.102997 0.42316
2 0.154354 0.53571 0.166259 0.129791 0.422527
2 0.896038 0.329807 0.047625 0.069005 0.420944
2 0.980401 0.432939 0.0386307 0.127638 0.419385
2 0.89652 0.33024 0.0479252 0.0692286 0.419325
2 0.1545 0.536534 0.163115 0.129491 0.419268
2 0.154222 0.536429 0.166067 0.129969 0.417588
2 0.896269 0.329572 0.0472046 0.0682235 0.416036
2 0.798295 0.344944 0.0586648 0.102171 0.415609
2 0.682172 0.201837 0.0358185 0.0391626 0.414415
2 0.631835 0.231647 0.0468754 0.0529505 0.409202
2 0.087096 0.110629 0.0796887 0.0357671 0.406269
5 0.76075 0.127378 0.0494524 0.0653508 0.404211
2 0.154421 0.536174 0.16446 0.12874 0.400592
2 0.66413 0.182234 0.035162 0.0432521 0.397252
2 0.15454 0.536312 0.163454 0.13022 0.387299
2 0.713614 0.138882 0.025054 0.0261997 0.386417
2 0.980248 0.4281 0.0387705 0.129797 0.381192
2 0.847994 0.170455 0.025835 0.0257318 0.379294
2 0.663006 0.18303 0.0334351 0.0424202 0.378851
2 0.083752 0.111827 0.0873711 0.038139 0.376404
2 0.980123 0.432767 0.0392166 0.129366 0.373599
2 0.0864181 0.110923 0.0819836 0.0363097 0.373069
5 0.760088 0.12825 0.0467854 0.067645 0.370517
2 0.929015 0.157084 0.0218597 0.03135 0.369635
2 0.980357 0.433273 0.0387909 0.128421 0.367862
2 0.79829 0.344806 0.058472 0.102136 0.367393
2 0.154119 0.536661 0.164798 0.130074 0.36258
2 0.847574 0.168223 0.0268261 0.0283366 0.360088
2 0.98037 0.432882 0.0387012 0.128182 0.357111
2 0.589392 0.298039 0.0540092 0.0589149 0.35339
2 0.663636 0.182252 0.0349846 0.0428655 0.348414
2 0.154866 0.53605 0.162379 0.128296 0.344455
2 0.785843 0.246956 0.0416542 0.051877 0.340685
2 0.928638 0.157572 0.02118 0.0303036 0.325535
2 0.980057 0.433711 0.0393513 0.129645 0.322205
2 0.632159 0.230977 0.0471233 0.0535611 0.315745
2 0.847435 0.169593 0.0258934 0.0272156 0.310267
2 0.0875708 0.110028 0.0788049 0.0357002 0.30301
2 0.6644 0.182752 0.0355593 0.0420682 0.295637
2 0.834637 0.278164 0.0466537 0.0564411 0.287262
2 0.798382 0.3448 0.0586273 0.103374 0.283574
6 0.0969878 0.720679 0.193515 0.297823 0.279865
2 0.798605 0.345243 0.0592099 0.104464 0.278816
2 0.895415 0.330015 0.0457382 0.0695616 0.269513
2 0.798074 0.346753 0.058428 0.100041 0.267777
2 0.786254 0.246466 0.0421071 0.0516949 0.260631
2 0.154691 0.536137 0.165705 0.132321 0.257499
2 0.798588 0.344213 0.0591763 0.104407 0.25643
2 0.330909 0.383479 0.0877369 0.081843 0.250956
2 0.979679 0.433015 0.0394115 0.127715 0.250669
6 0.0969818 0.724529 0.193964 0.310373 0.237785
2 0.589521 0.29343 0.0538029 0.0491581 0.237487
2 0.798443 0.344899 0.0582071 0.102905 0.231917
2 0.979507 0.433354 0.0398428 0.128986 0.229562
6 0.0965109 0.723001 0.192594 0.305257 0.228318
6 0.0967121 0.720016 0.193424 0.29879 0.228105
2 0.965587 0.149607 0.0222038 0.0337712 0.225694
6 0.0973661 0.720384 0.194499 0.298329 0.224756
2 0.965374 0.15139 0.0216793 0.0313763 0.224672
2 0.79862 0.344182 0.0593916 0.105017 0.22068
2 0.873215 0.132952 0.0222313 0.0245593 0.215661
2 0.847232 0.166432 0.0277973 0.0287022 0.214817
2 0.84778 0.166735 0.0284569 0.0298291 0.214299
2 0.0122261 0.115566 0.0242475 0.0303323 0.213592
2 0.588767 0.299417 0.0564379 0.062155 0.213196
2 0.0763633 0.113254 0.100704 0.0433572 0.212134
2 0.872727 0.132224 0.023192 0.0261972 0.211666
2 0.681861 0.200826 0.0318184 0.0383052 0.211575
2 0.334712 0.0701273 0.0430709 0.0219335 0.211163
6 0.096943 0.722735 0.193544 0.30512 0.206708
2 0.588465 0.298772 0.0550923 0.0588681 0.204077
5 0.407713 0.0403153 0.0992701 0.0600745 0.203484
2 0.0798985 0.110824 0.0968193 0.0369488 0.198518
2 0.682015 0.201829 0.0351591 0.0388054 0.198117
2 0.335807 0.069959 0.0451564 0.0208668 0.192707
2 0.0770758 0.113379 0.100832 0.0438519 0.187841
2 0.785833 0.246087 0.0436028 0.0520563 0.187758
5 0.760636 0.129809 0.0471977 0.0643019 0.187044
2 0.714794 0.138787 0.0276526 0.0265111 0.186711
2 0.589496 0.299231 0.0546788 0.062227 0.185474
5 0.40744 0.041034 0.099054 0.0608665 0.180559
2 0.0859772 0.111761 0.0826972 0.0382718 0.175115
6 0.097131 0.718333 0.193833 0.293427 0.174876
5 0.408339 0.0405189 0.0986792 0.0595367 0.173967
2 0.271958 0.0804303 0.0248799 0.0136548 0.172345
2 0.798196 0.352485 0.0561769 0.0883039 0.169339
2 0.336195 0.070204 0.0468897 0.0221726 0.163179
2 0.155684 0.535967 0.161523 0.127797 0.155573
2 0.927617 0.157598 0.0228125 0.0317579 0.155007
6 0.0969602 0.718381 0.193895 0.294529 0.149608
2 0.587866 0.299172 0.0564462 0.0579028 0.140795
2 0.0122811 0.115494 0.0244015 0.0298943 0.140223
5 0.387178 0.0406103 0.140013 0.0623499 0.139592
6 0.09903 0.717228 0.197373 0.293822 0.139232
2 0.273666 0.0803387 0.0366091 0.0141533 0.138954
2 0.798307 0.347604 0.0569252 0.0990437 0.138786
2 0.331661 0.382292 0.0892472 0.0836431 0.137712
2 0.012721 0.11622 0.0253828 0.0314382 0.136403
2 0.808642 0.108435 0.028372 0.0292376 0.134037
2 0.723266 0.203317 0.0186837 0.0194966 0.132981
5 0.382607 0.0404789 0.149655 0.0643178 0.132396
2 0.663846 0.181176 0.0353253 0.0455526 0.128967
2 0.330882 0.383552 0.0866796 0.0821425 0.124843
2 0.786012 0.246418 0.0440594 0.0506943 0.122281
2 0.809284 0.111873 0.0263999 0.022296 0.121351
2 0.928226 0.157504 0.0224846 0.0311151 0.118591
2 0.980385 0.431665 0.0386938 0.130945 0.109855
5 0.383676 0.0420704 0.14719 0.0630423 0.106569
2 0.589182 0.297963 0.0543672 0.0585726 0.10653
2 0.264325 0.0813975 0.0415267 0.0159395 0.105768
5 0.378312 0.0393634 0.159227 0.067236 0.101082
2 0.832084 0.113578 0.024291 0.024405 0.0998186
2 0.0129377 0.115651 0.0255766 0.0299812 0.0996511
2 0.0639895 0.114546 0.124595 0.0450738 0.0989989
2 0.0843318 0.109561 0.0808226 0.0344381 0.0982656
2 0.873316 0.134476 0.0223629 0.0226549 0.0962434
2 0.845273 0.167544 0.032375 0.0304583 0.0928026
2 0.728654 0.190152 0.0309303 0.0427616 0.0925217
7 0.041513 0.0889482 0.0818518 0.0863705 0.0910518
2 0.724986 0.196209 0.0237598 0.0321656 0.0904712
2 0.479647 0.0550166 0.026585 0.0123001 0.0868046
2 0.903462 0.136232 0.0174026 0.0186999 0.0852671
7 0.40814 0.0406746 0.0987485 0.0592384 0.0841561
5 0.408501 0.0410837 0.0978002 0.059911 0.0815836
2 0.979689 0.432991 0.0394667 0.128226 0.080667
7 0.0411389 0.0878957 0.0822019 0.0846866 0.0796713
7 0.0411741 0.0882552 0.0822465 0.0856613 0.0788448
2 0.847249 0.167643 0.0293247 0.0298615 0.0780942
7 0.0410366 0.0885208 0.0817384 0.0858233 0.0777893
2 0.631839 0.232232 0.0470226 0.0539971 0.0773955
7 0.0409017 0.0881318 0.0813362 0.0842573 0.0763481
2 0.336871 0.0714698 0.0499482 0.0224468 0.0761103
2 0.72425 0.1779 0.0250084 0.02881 0.0760098
2 0.980278 0.437256 0.0387596 0.118404 0.0746623
2 0.574774 0.321019 0.0424915 0.0362432 0.074633
2 0.725988 0.190109 0.0267057 0.0431667 0.0746017
2 0.872957 0.134247 0.0220655 0.0239464 0.0725932
2 0.589181 0.296976 0.0543414 0.0580369 0.0723224
2 0.632255 0.230914 0.0481222 0.0546757 0.071933
2 0.588827 0.298273 0.0556337 0.0574292 0.0716047
2 0.728134 0.186253 0.0320091 0.0483721 0.0710189
5 0.381386 0.0384992 0.159599 0.0659426 0.0694206
5 0.379493 0.0370429 0.161107 0.0687317 0.0678978
2 0.815314 0.112445 0.0357824 0.0262191 0.0655088
2 0.295018 0.0793468 0.0308483 0.0106428 0.0641069
7 0.0405377 0.0766169 0.0810754 0.0619351 0.0640273
2 0.589419 0.298465 0.0557628 0.0578632 0.0639226
5 0.378517 0.0373392 0.157335 0.0679035 0.0633582
5 0.755601 0.131967 0.0390141 0.0568323 0.0627174
2 0.0880368 0.108808 0.0776047 0.036133 0.0602634
2 0.571128 0.324473 0.0354883 0.032588 0.0599014
2 0.338074 0.0713117 0.0541038 0.0229627 0.0584195
2 0.0960629 0.690185 0.192126 0.239716 0.0581665
2 0.589859 0.287993 0.0524975 0.0396812 0.0581437
2 0.725081 0.174541 0.0263834 0.0269712 0.0567347
7 0.0403955 0.0854073 0.0807911 0.0788046 0.0553033
2 0.479666 0.056356 0.0282351 0.0151112 0.0539133
7 0.0619965 0.0901335 0.123993 0.0891594 0.0538444
2 0.580201 0.314678 0.0400404 0.0257608 0.0538059
5 0.812381 0.108182 0.0321351 0.0297943 0.0534259
7 0.0402616 0.0872375 0.0800598 0.0801874 0.0531563
2 0.83263 0.112054 0.0260607 0.0263103 0.0530265
2 0.119576 0.659058 0.238342 0.382958 0.0526576
2 0.0811358 0.114452 0.0923133 0.0439241 0.0523169
5 0.383465 0.0432815 0.147496 0.0659444 0.0522727
2 0.965937 0.15222 0.0221371 0.0297513 0.0520438
2 0.065465 0.116163 0.122704 0.0486415 0.0516601
2 0.730475 0.191973 0.0347346 0.0378244 0.0508163
2 0.980592 0.432984 0.038213 0.128055 0.050577
2 0.835761 0.278917 0.0471218 0.058553 0.050496
2 0.786965 0.246715 0.0431175 0.0522883 0.0497388
2 0.631267 0.2328 0.0452982 0.0514293 0.0493152
2 0.726394 0.170162 0.0285759 0.0242334 0.04919
0 0.534297 0.0404452 0.0179399 0.0200141 0.0484608
2 0.730088 0.189318 0.0320338 0.0381551 0.0481866
2 0.786062 0.246389 0.0430674 0.0513879 0.0472793
2 0.0958721 0.685457 0.191744 0.232709 0.0469141
7 0.410365 0.0402095 0.0936619 0.0581448 0.0468273
2 0.810573 0.108625 0.0302177 0.0313738 0.0460523
7 0.92863 0.153231 0.0223022 0.0391375 0.0456555
2 0.0125166 0.118486 0.0249383 0.0352238 0.0448877
2 0.804499 0.109165 0.0287693 0.02771 0.044124
2 0.095878 0.688763 0.191526 0.237152 0.0433819
2 0.669696 0.617805 0.114417 0.159799 0.0429793
7 0.0418949 0.0883687 0.0836169 0.0866683 0.0427989
2 0.809244 0.10611 0.0299191 0.0331148 0.0427315
5 0.381048 0.0382303 0.153864 0.065761 0.0424659
7 0.937953 0.142142 0.0446274 0.0604629 0.0422417
7 0.934089 0.141979 0.0369904 0.0617584 0.0422351
0 0.534929 0.0409211 0.0208303 0.0222043 0.0422308
7 0.119367 0.644364 0.237409 0.360062 0.0420968
2 0.796368 0.354244 0.0521393 0.0826169 0.0418598
5 0.92905 0.14743 0.0243813 0.0507423 0.0407379
7 0.410785 0.0401288 0.092641 0.0568775 0.0405529
2 0.664047 0.18287 0.0383355 0.0442464 0.0403959
7 0.0632325 0.0902891 0.126412 0.0867559 0.0401666
2 0.0972493 0.691768 0.19379 0.241764 0.039935
2 0.844759 0.164364 0.033807 0.0332487 0.039718
7 0.408999 0.0403031 0.0960241 0.0584053 0.0395372
2 0.338295 0.0720169 0.0579774 0.0248362 0.0392322
5 0.967588 0.140401 0.0234083 0.0551805 0.038859
6 0.119628 0.658719 0.238313 0.38855 0.0384146
5 0.398684 0.0387705 0.118898 0.0634548 0.0369155
2 0.632604 0.230481 0.0480698 0.0544055 0.0368619
6 0.118955 0.662759 0.237372 0.401338 0.0365758
6 0.0621668 0.0921315 0.123946 0.0939753 0.0364928
2 0.729993 0.186873 0.0361074 0.0465882 0.0360853
5 0.930515 0.142253 0.0267765 0.061774 0.035564
2 0.575349 0.316944 0.02971 0.0261453 0.0355482
7 0.405823 0.0404542 0.106356 0.0591477 0.0327692
2 0.095914 0.686654 0.191268 0.234336 0.0326722
2 0.902672 0.136844 0.0183949 0.0193321 0.0320434
2 0.336462 0.0713363 0.0521057 0.0242039 0.0310888
2 0.813321 0.106336 0.0337512 0.0356185 0.0303189
2 0.291644 0.0802039 0.0365275 0.0161019 0.0302924
2 0.895038 0.331607 0.0445658 0.0674283 0.0291654
6 0.0606487 0.0916488 0.121276 0.0923926 0.0285557
2 0.0888191 0.107051 0.0750811 0.0330176 0.0279804
