2 0.552238 0.712158 0.236169 0.251719 0.912269
2 0.552155 0.71242 0.234629 0.25024 0.903788
2 0.551845 0.712301 0.236472 0.251404 0.900137
2 0.552483 0.713233 0.23629 0.252541 0.874545
2 0.552104 0.712522 0.235771 0.250854 0.86528
2 0.552237 0.713502 0.235284 0.251034 0.865159
2 0.55157 0.711861 0.23586 0.25083 0.863164
2 0.552547 0.712289 0.235764 0.250689 0.854236
2 0.443684 0.622098 0.226729 0.21977 0.853581
2 0.443285 0.622682 0.226706 0.219084 0.852507
2 0.443498 0.623253 0.228045 0.218677 0.851435
2 0.444359 0.622991 0.227956 0.217818 0.835857
2 0.444258 0.622332 0.228655 0.220056 0.831886
2 0.444155 0.621929 0.226318 0.219688 0.829477
2 0.444087 0.62254 0.228112 0.22072 0.823819
2 0.443584 0.621978 0.22768 0.21992 0.796741
2 0.552735 0.712973 0.23562 0.249666 0.776138
0 0.0506601 0.461006 0.0386687 0.143116 0.72179
0 0.0846941 0.446839 0.0307846 0.131879 0.718195
2 0.776772 0.744673 0.230654 0.293183 0.715431
0 0.0507798 0.46101 0.0395502 0.143233 0.709965
0 0.0512253 0.461146 0.0372971 0.143616 0.707138
0 0.308386 0.339014 0.0311961 0.1033 0.703726
0 0.35501 0.353231 0.0305307 0.103081 0.697794
0 0.0499731 0.461603 0.0406992 0.143162 0.693386
0 0.051286 0.461721 0.0381762 0.143442 0.692039
2 0.776811 0.742462 0.229597 0.294004 0.68604
2 0.776629 0.744602 0.230295 0.29175 0.685081
2 0.776849 0.741475 0.230859 0.296602 0.67883
2 0.776596 0.744499 0.230669 0.291988 0.678716
0 0.35493 0.353612 0.0304619 0.103226 0.677546
2 0.776533 0.740839 0.230806 0.301167 0.673665
0 0.535233 0.409025 0.0443823 0.144769 0.664162
0 0.0515893 0.461543 0.0381844 0.143323 0.661053
0 0.534885 0.40889 0.0442228 0.144746 0.661017
2 0.776399 0.746065 0.230362 0.292626 0.655442
0 0.308354 0.338148 0.0319994 0.102791 0.647362
2 0.208166 0.237056 0.128429 0.0860793 0.64661
2 0.776631 0.740929 0.230436 0.294188 0.640599
0 0.0516755 0.461354 0.0359758 0.143892 0.638876
0 0.0851634 0.449211 0.0313885 0.134245 0.638163
2 0.208243 0.236212 0.128402 0.0853693 0.63468
2 0.208592 0.23681 0.128472 0.0855149 0.631875
0 0.308954 0.340918 0.0293514 0.100161 0.626763
2 0.208294 0.236141 0.128768 0.0857021 0.626538
0 0.355116 0.354042 0.0303234 0.102938 0.624134
0 0.355372 0.352618 0.0304508 0.104272 0.623207
2 0.207747 0.236087 0.128247 0.0853661 0.622217
2 0.445735 0.626785 0.229718 0.214281 0.61727
0 0.354899 0.356898 0.02903 0.0970341 0.609758
0 0.0851822 0.449371 0.0305514 0.133822 0.607448
2 0.208401 0.236869 0.128672 0.0857601 0.606696
0 0.439121 0.318881 0.0316185 0.107234 0.604539
2 0.208173 0.236485 0.128354 0.0848604 0.603174
0 0.535095 0.409601 0.0445963 0.143654 0.603002
2 0.208239 0.236371 0.128953 0.0850671 0.602325
0 0.0853015 0.448904 0.0313746 0.13472 0.6017
2 0.776132 0.742 0.22957 0.296469 0.601362
2 0.20779 0.23647 0.128563 0.0846397 0.60016
0 0.0860611 0.45025 0.0299622 0.132948 0.597758
0 0.0503333 0.461283 0.0409226 0.14265 0.593977
2 0.776759 0.741238 0.230965 0.299889 0.593405
2 0.208035 0.23675 0.127994 0.0852674 0.590898
0 0.354994 0.355148 0.0293486 0.0999263 0.590085
0 0.355099 0.35339 0.0308641 0.103053 0.586189
0 0.084387 0.444781 0.0309041 0.129049 0.586035
0 0.355969 0.353078 0.032629 0.105115 0.575466
0 0.438513 0.319433 0.0312795 0.106344 0.567268
0 0.535784 0.409821 0.0439006 0.145891 0.563371
0 0.308704 0.339129 0.0309429 0.103745 0.550352
0 0.438395 0.319103 0.0307844 0.106075 0.546259
0 0.439166 0.31856 0.0320921 0.108468 0.542624
0 0.4391 0.31888 0.031324 0.107679 0.540746
0 0.438474 0.319172 0.0304687 0.106795 0.528089
0 0.0516749 0.461435 0.0356135 0.144573 0.521768
0 0.38578 0.346764 0.03256 0.0917587 0.521031
0 0.357753 0.18262 0.0163749 0.0604325 0.518799
0 0.358069 0.182319 0.0163777 0.0610032 0.517148
2 0.563917 0.16126 0.0820147 0.0467837 0.516149
0 0.308843 0.339726 0.0309659 0.10445 0.515177
0 0.0847815 0.446453 0.0311332 0.131017 0.50898
0 0.438942 0.319319 0.032719 0.107659 0.501557
0 0.309259 0.339097 0.0307786 0.103755 0.495957
0 0.308848 0.340062 0.030295 0.105134 0.48865
0 0.30872 0.341984 0.0300287 0.0990703 0.487996
0 0.438076 0.318853 0.0300903 0.107417 0.487019
0 0.535144 0.409553 0.0452559 0.144452 0.483905
0 0.386112 0.34953 0.0320338 0.0866787 0.483429
0 0.308493 0.339001 0.0313332 0.10391 0.478382
0 0.386106 0.334225 0.030368 0.113161 0.4711
0 0.696881 0.373084 0.0271097 0.13391 0.46329
0 0.385959 0.350347 0.0330227 0.0840277 0.462022
0 0.358049 0.181789 0.0167544 0.0620939 0.459743
0 0.386185 0.348369 0.0324373 0.090964 0.458321
0 0.0847796 0.445855 0.029227 0.128204 0.458295
0 0.0512435 0.466477 0.037595 0.129775 0.455245
0 0.354573 0.360969 0.027813 0.0889637 0.454862
0 0.387037 0.349223 0.0329032 0.0945368 0.450423
2 0.561532 0.163276 0.0811995 0.0431058 0.447847
0 0.0511158 0.46565 0.0366006 0.132378 0.442681
0 0.695841 0.374023 0.0257532 0.133667 0.442362
0 0.0858329 0.44925 0.031506 0.136019 0.432391
2 0.562837 0.162665 0.0828197 0.044814 0.428793
0 0.0217551 0.325538 0.0268677 0.0997149 0.422462
0 0.385973 0.334878 0.030809 0.113077 0.422168
0 0.387185 0.353974 0.0301836 0.0856961 0.417503
0 0.0218958 0.32609 0.0267204 0.094823 0.408554
0 0.695354 0.409029 0.0245962 0.0618453 0.407992
0 0.531903 0.411213 0.0409246 0.144652 0.400208
2 0.102947 0.209664 0.0675071 0.0556086 0.387613
2 0.443842 0.622154 0.227978 0.226843 0.386585
0 0.695112 0.409332 0.0233862 0.0600368 0.380491
0 0.0847232 0.447508 0.0309507 0.131592 0.379823
0 0.358136 0.182819 0.0174365 0.0588371 0.379281
0 0.0518308 0.460974 0.0323998 0.135744 0.377353
61 0.0416525 0.953629 0.081813 0.0918953 0.375885
2 0.563509 0.162306 0.083558 0.0470902 0.372477
2 0.103691 0.214134 0.0664636 0.0476412 0.371044
61 0.0411417 0.953718 0.0816714 0.091531 0.364809
2 0.563879 0.162125 0.0831676 0.0464921 0.361703
0 0.387637 0.350936 0.0335531 0.0935736 0.360131
0 0.355867 0.351332 0.0306865 0.10289 0.358575
0 0.207218 0.331747 0.0303525 0.113035 0.355737
0 0.393551 0.193816 0.0212334 0.0614927 0.350649
61 0.0412233 0.953524 0.081972 0.0918348 0.346558
2 0.56467 0.160719 0.0811844 0.047271 0.344942
2 0.208278 0.236534 0.126819 0.0856569 0.344509
0 0.533863 0.409892 0.0445361 0.141978 0.343299
0 0.207452 0.332861 0.0302194 0.1081 0.341642
2 0.553322 0.713562 0.238272 0.253867 0.341091
5 0.715764 0.151375 0.0704393 0.0702461 0.340961
0 0.0213655 0.324936 0.0274073 0.096485 0.337605
0 0.126759 0.308473 0.0221829 0.0827549 0.334282
2 0.103026 0.211088 0.066972 0.0465099 0.332924
2 0.103043 0.209001 0.0675544 0.0558978 0.324585
0 0.696654 0.373168 0.0277024 0.134465 0.32437
0 0.438669 0.321929 0.0299831 0.100356 0.322656
2 0.104094 0.216692 0.0655297 0.0443342 0.31428
2 0.102693 0.209215 0.0683739 0.0569677 0.311499
0 0.126703 0.309177 0.0212877 0.0836688 0.311194
0 0.307832 0.340995 0.0305787 0.104209 0.310163
0 0.12686 0.308764 0.0219472 0.0830642 0.310121
0 0.386588 0.335855 0.0320025 0.115368 0.306471
2 0.564094 0.160897 0.0826008 0.0483625 0.305465
0 0.126721 0.308991 0.0226061 0.0830144 0.303553
61 0.0414043 0.952721 0.0823343 0.0934876 0.297204
0 0.393726 0.194323 0.0220361 0.0614251 0.297156
0 0.357544 0.181725 0.0165838 0.0601006 0.295725
61 0.0412042 0.953348 0.0810492 0.0922821 0.29293
2 0.10336 0.216156 0.0651591 0.0382726 0.289381
0 0.437932 0.318603 0.0289402 0.105743 0.287053
0 0.392856 0.193722 0.0200747 0.062746 0.284578
0 0.207791 0.331764 0.0309628 0.113954 0.283609
0 0.0223725 0.318613 0.025925 0.107022 0.279597
0 0.695347 0.375583 0.0258551 0.130189 0.273506
2 0.715116 0.152424 0.070565 0.0701814 0.272122
0 0.0222712 0.325168 0.0255458 0.0907617 0.265915
0 0.207876 0.336022 0.0294001 0.104262 0.264432
0 0.0521657 0.460586 0.0328037 0.133782 0.25966
61 0.0410147 0.953318 0.0812831 0.0923229 0.25857
61 0.0417168 0.953526 0.081882 0.0924004 0.25776
0 0.354498 0.352606 0.0299375 0.1056 0.254343
0 0.385505 0.335083 0.0275672 0.113085 0.249413
0 0.696202 0.372668 0.0279316 0.135219 0.246934
2 0.101983 0.208875 0.068886 0.0571223 0.246746
0 0.207552 0.331548 0.0300339 0.113403 0.246714
2 0.103043 0.209986 0.0686588 0.0570279 0.243654
0 0.357913 0.181501 0.0179323 0.0613571 0.242168
61 0.0411292 0.953678 0.0813057 0.0919903 0.241781
0 0.126565 0.308801 0.0221275 0.0820942 0.241145
0 0.050567 0.467918 0.0385967 0.128885 0.240347
0 0.208103 0.331763 0.0291071 0.112168 0.238031
0 0.068495 0.271651 0.0208709 0.0759402 0.237498
2 0.550033 0.164341 0.0566808 0.0412117 0.234833
2 0.71566 0.151781 0.0700626 0.0698818 0.23449
5 0.715259 0.151656 0.069164 0.0705881 0.234039
0 0.393439 0.194002 0.0211978 0.0643295 0.233397
0 0.0220723 0.324282 0.0258893 0.0976961 0.228975
61 0.0409982 0.953641 0.0811616 0.0915718 0.224446
0 0.695173 0.396127 0.0271376 0.0903729 0.222788
2 0.922264 0.143556 0.0513824 0.071591 0.218512
0 0.0212819 0.324564 0.0277854 0.102089 0.216187
0 0.695127 0.409892 0.0242191 0.0612036 0.214201
61 0.04109 0.953433 0.0816903 0.0924267 0.213579
0 0.0684171 0.271489 0.0211084 0.074346 0.211299
0 0.0503126 0.466615 0.0380859 0.132344 0.211133
5 0.715638 0.151625 0.0709169 0.0694125 0.205531
0 0.438548 0.322915 0.0301875 0.0988137 0.204207
0 0.0844274 0.443833 0.0287894 0.124422 0.200713
0 0.696061 0.365468 0.0270065 0.116733 0.200355
0 0.126646 0.30972 0.0219661 0.0838222 0.196001
0 0.354235 0.353357 0.0297681 0.0985552 0.1952
0 0.393099 0.192419 0.0196038 0.0620054 0.192774
0 0.533366 0.411833 0.0432522 0.138935 0.191481
0 0.383921 0.335618 0.0261414 0.11392 0.190702
0 0.206844 0.333068 0.0316134 0.115895 0.188711
0 0.0690854 0.27195 0.0200867 0.0761297 0.188046
0 0.438656 0.329689 0.0295847 0.0847551 0.187008
5 0.715758 0.151347 0.0699583 0.0704052 0.184855
0 0.533633 0.408778 0.047463 0.144327 0.184568
2 0.921508 0.143788 0.0523342 0.0726056 0.179795
0 0.127765 0.309985 0.0247802 0.0854818 0.176892
0 0.0857312 0.449691 0.0290453 0.133817 0.176707
0 0.309716 0.342909 0.0250018 0.0966118 0.176402
0 0.392838 0.195524 0.0225214 0.0625268 0.176387
0 0.126665 0.310006 0.0204074 0.0836856 0.175974
2 0.715883 0.150154 0.0692366 0.0671461 0.17244
5 0.716034 0.150949 0.0700525 0.0700931 0.169826
0 0.538221 0.450862 0.0401783 0.0624825 0.169751
0 0.308339 0.337847 0.0298029 0.0980832 0.1697
0 0.0695928 0.271061 0.0220108 0.0783715 0.169493
2 0.715499 0.151988 0.0699091 0.0702801 0.16945
9 0.448709 0.0661228 0.0132219 0.0200761 0.167321
0 0.535761 0.412893 0.0446464 0.136071 0.161299
0 0.0683851 0.270859 0.0214166 0.0731201 0.160668
0 0.126328 0.317665 0.0212828 0.100556 0.160258
0 0.0698434 0.269943 0.0223912 0.0816446 0.154865
0 0.387633 0.354527 0.0310609 0.0819026 0.154454
0 0.696212 0.372556 0.0273808 0.134302 0.152508
2 0.566753 0.160184 0.0760986 0.0450627 0.149012
2 0.937113 0.0922322 0.0335188 0.0294471 0.146795
0 0.0205937 0.323292 0.0346736 0.105121 0.143356
0 0.388225 0.361342 0.0304387 0.0734852 0.142547
0 0.696158 0.3622 0.0238298 0.11109 0.14211
2 0.921035 0.1433 0.0489796 0.0713594 0.142023
2 0.923466 0.142907 0.050367 0.0717434 0.140511
2 0.101821 0.207717 0.0665588 0.0550453 0.138826
0 0.019779 0.32562 0.0345739 0.102224 0.136807
26 0.289356 0.342466 0.0163242 0.0344877 0.136544
2 0.93557 0.0925926 0.0374832 0.0286229 0.136122
5 0.66156 0.144917 0.0475328 0.0689517 0.136059
0 0.0169997 0.326192 0.0319015 0.102746 0.135765
0 0.695096 0.40911 0.0233673 0.061401 0.135689
0 0.127514 0.310781 0.0242365 0.0862465 0.135221
0 0.393087 0.195725 0.0203547 0.0657285 0.132893
0 0.695511 0.409048 0.025696 0.0617362 0.132419
0 0.384694 0.333638 0.0215181 0.109919 0.131499
0 0.695602 0.409376 0.0249064 0.0603216 0.130772
0 0.533372 0.409031 0.0492357 0.144229 0.130382
2 0.548215 0.164882 0.0547569 0.0402785 0.129424
2 0.0991338 0.20906 0.0746837 0.0581344 0.128473
2 0.716511 0.150031 0.0692934 0.0660512 0.125857
2 0.103558 0.217869 0.0651742 0.0411749 0.125756
0 0.358012 0.180474 0.0181448 0.0623996 0.12517
2 0.922466 0.143165 0.0481052 0.0718822 0.124681
2 0.920007 0.143284 0.0502232 0.0718797 0.123788
0 0.943015 0.170293 0.0269773 0.0759146 0.122524
0 0.481048 0.175356 0.0158611 0.0425764 0.120644
2 0.923572 0.142917 0.0539658 0.0715328 0.119302
0 0.538161 0.451162 0.0406639 0.0610802 0.117685
0 0.538231 0.450735 0.0391079 0.0626897 0.117246
0 0.480737 0.176485 0.0145592 0.04155 0.116315
0 0.390464 0.195663 0.023436 0.0636758 0.111908
2 0.919794 0.144534 0.045977 0.0701991 0.110547
0 0.538292 0.450865 0.040081 0.0615173 0.109056
0 0.390221 0.196785 0.023693 0.0636733 0.107894
2 0.660609 0.159234 0.0438803 0.0416554 0.106678
0 0.0321283 0.269573 0.0387508 0.0723506 0.104474
7 0.714957 0.151884 0.0689173 0.069547 0.10242
0 0.0230752 0.306646 0.0249883 0.126364 0.101453
0 0.438099 0.318905 0.0276659 0.105823 0.100367
0 0.0306421 0.27819 0.0367252 0.070851 0.100012
2 0.660199 0.161107 0.0412626 0.0375999 0.0994929
0 0.388992 0.362899 0.0303757 0.0697449 0.0983499
0 0.694282 0.408261 0.0269676 0.0679924 0.0977374
0 0.486936 0.571548 0.051113 0.0519969 0.097609
0 0.384603 0.200227 0.0240104 0.0606278 0.0961782
0 0.438031 0.331586 0.0291466 0.0818134 0.095682
0 0.12741 0.316547 0.0242681 0.0994556 0.0954164
0 0.531903 0.409695 0.0392486 0.136393 0.0938642
9 0.453602 0.0688416 0.0140888 0.0237736 0.093708
0 0.0227718 0.316477 0.0260555 0.09056 0.0926653
0 0.480526 0.178834 0.0142895 0.0381367 0.0926609
0 0.0322988 0.275975 0.0355909 0.0616294 0.0923659
2 0.566147 0.160569 0.0768521 0.0448012 0.0915687
0 0.696957 0.357224 0.0255167 0.101174 0.0907249
2 0.918472 0.148213 0.0488224 0.0634385 0.0898693
0 0.536403 0.42609 0.0428864 0.110607 0.089224
26 0.289585 0.34029 0.0159163 0.0375754 0.0887581
0 0.0320656 0.272595 0.0360392 0.0608124 0.0868683
2 0.564422 0.156996 0.083534 0.0558393 0.0867324
0 0.308229 0.338045 0.029563 0.105285 0.086531
0 0.538271 0.45052 0.0398081 0.0604791 0.0860446
0 0.207519 0.337073 0.0301162 0.10056 0.0845286
0 0.00908471 0.257756 0.0178523 0.0532231 0.0842732
61 0.0392206 0.953706 0.0775585 0.091637 0.084155
0 0.354312 0.361924 0.0275228 0.0872848 0.0834173
2 0.546769 0.165559 0.0526712 0.0384866 0.081927
0 0.208073 0.340299 0.0284939 0.0947689 0.0816464
2 0.920567 0.143389 0.0467209 0.0710304 0.0811138
0 0.0671446 0.267037 0.0225551 0.0670036 0.0802367
2 0.66033 0.156912 0.0432623 0.0457721 0.0802274
2 0.097305 0.209841 0.0727774 0.0600598 0.0792119
2 0.938158 0.0910762 0.0319351 0.0312639 0.0785876
2 0.658859 0.158555 0.0408093 0.0430047 0.0778842
0 0.00834625 0.262021 0.0165301 0.0550748 0.0764741
0 0.487593 0.570386 0.0518038 0.0490106 0.0755976
2 0.659585 0.16128 0.0395311 0.0371658 0.0746759
0 0.468765 0.582741 0.0389763 0.0454968 0.0741216
2 0.83011 0.152277 0.0651688 0.0652824 0.0737729
