2 0.593851 0.532 0.0885171 0.0700676 0.839728
2 0.593802 0.531429 0.0880075 0.0705122 0.822434
2 0.593748 0.531815 0.0875959 0.0701138 0.803887
2 0.59387 0.531845 0.08764 0.0701981 0.797113
2 0.770897 0.847588 0.140106 0.142378 0.773467
2 0.594049 0.532388 0.0885091 0.0683012 0.753639
2 0.594138 0.532015 0.0882593 0.0700118 0.746918
2 0.593802 0.531958 0.0882803 0.0696396 0.741554
2 0.770734 0.847075 0.14017 0.142178 0.696762
2 0.770884 0.847436 0.139878 0.141895 0.695365
2 0.593895 0.532263 0.0880026 0.07058 0.694915
2 0.770736 0.846978 0.140643 0.142152 0.669612
2 0.251143 0.501036 0.102783 0.0716706 0.668694
2 0.770907 0.847488 0.140252 0.143047 0.667599
2 0.770715 0.847572 0.13945 0.141068 0.657291
2 0.251079 0.501155 0.101954 0.0727089 0.646222
2 0.251176 0.500983 0.102586 0.0718382 0.630187
2 0.770732 0.847514 0.140903 0.142286 0.621083
2 0.77047 0.846762 0.139983 0.141354 0.610043
2 0.594413 0.531383 0.0882467 0.0704889 0.605289
2 0.251249 0.50099 0.102612 0.0722445 0.603635
2 0.251409 0.500956 0.102684 0.07207 0.575038
2 0.251349 0.501035 0.102669 0.0723446 0.573484
2 0.770216 0.847113 0.141407 0.141861 0.566803
2 0.251153 0.500846 0.102653 0.0719543 0.550911
2 0.593841 0.532084 0.0881836 0.0712318 0.550799
2 0.251206 0.50091 0.102554 0.0722223 0.546643
2 0.0700898 0.962223 0.138177 0.0747805 0.546416
2 0.914487 0.862239 0.129288 0.145878 0.532077
2 0.770479 0.847232 0.14052 0.14204 0.530752
2 0.914389 0.861835 0.129751 0.14671 0.516123
2 0.0704226 0.962934 0.139016 0.0729916 0.514245
2 0.0704785 0.962951 0.139341 0.0735098 0.503183
2 0.0703712 0.962951 0.139173 0.0734852 0.487586
2 0.964377 0.622425 0.0701365 0.0853838 0.471884
2 0.251044 0.500132 0.107427 0.0722231 0.470672
2 0.914489 0.861657 0.128876 0.147667 0.469506
2 0.914523 0.862262 0.129667 0.147101 0.466753
2 0.593657 0.531967 0.0886669 0.0689774 0.449998
2 0.0700274 0.962957 0.138535 0.0730194 0.449612
2 0.0693179 0.962503 0.138193 0.0744278 0.435299
2 0.964259 0.622337 0.0704742 0.0854631 0.432749
0 0.0340744 0.524028 0.0233855 0.0737555 0.427835
2 0.964429 0.622292 0.0701431 0.0859046 0.427147
2 0.914309 0.86221 0.12867 0.147821 0.421516
2 0.277325 0.891334 0.192687 0.157592 0.415334
0 0.033707 0.522797 0.0242194 0.0729266 0.406918
2 0.964258 0.622342 0.07099 0.0856178 0.39491
2 0.964196 0.622118 0.0705872 0.0854656 0.391559
2 0.0695606 0.963099 0.138555 0.0727257 0.388055
2 0.964324 0.62208 0.0708164 0.0866892 0.384309
2 0.914079 0.86207 0.128685 0.147521 0.384077
2 0.964426 0.622022 0.0702217 0.0855156 0.375948
2 0.914261 0.861272 0.128528 0.147937 0.374247
2 0.277538 0.892357 0.19325 0.15854 0.374059
0 0.0335299 0.523695 0.022815 0.0736505 0.359831
2 0.914444 0.862168 0.129133 0.147688 0.356895
2 0.594073 0.532417 0.0880573 0.0685123 0.35293
2 0.276772 0.892513 0.191993 0.159526 0.350281
2 0.0698745 0.962942 0.138706 0.0734575 0.346362
2 0.914242 0.861665 0.129251 0.148669 0.34224
2 0.277418 0.893306 0.192084 0.159096 0.328551
5 0.551074 0.44076 0.100721 0.109847 0.324927
2 0.276924 0.890721 0.193404 0.157095 0.314135
2 0.964065 0.621513 0.0714098 0.0834597 0.274529
0 0.0345851 0.523983 0.0241673 0.073225 0.263449
2 0.964246 0.622111 0.0709232 0.0855547 0.250385
0 0.033199 0.524727 0.024815 0.0722116 0.248479
0 0.0336966 0.525778 0.0233243 0.0704462 0.239877
2 0.964212 0.622065 0.0715761 0.0829762 0.237163
2 0.277201 0.893212 0.192319 0.160386 0.232126
7 0.914016 0.863042 0.128743 0.145786 0.220682
5 0.550894 0.44116 0.100116 0.110792 0.194249
2 0.0694118 0.963364 0.137669 0.0722162 0.194102
0 0.0349298 0.523161 0.0247893 0.0727595 0.191947
9 0.394751 0.402977 0.0129161 0.0284327 0.184201
9 0.395091 0.40283 0.0127925 0.0295641 0.18418
0 0.0343819 0.522947 0.0239919 0.0742327 0.17452
2 0.58424 0.825935 0.0266941 0.0195862 0.1737
0 0.033422 0.529374 0.0211626 0.063155 0.165856
2 0.276593 0.89261 0.194243 0.160806 0.155497
2 0.682622 0.768226 0.0215094 0.0195297 0.155241
2 0.275712 0.892771 0.189257 0.157586 0.153844
11 0.155246 0.428094 0.0134106 0.0284215 0.149264
9 0.155451 0.428532 0.0129173 0.0282012 0.138185
0 0.0330202 0.521681 0.0205385 0.0709473 0.137813
2 0.0107411 0.58777 0.0214516 0.0726746 0.127492
2 0.132831 0.50894 0.0568702 0.0409193 0.126809
2 0.276188 0.890533 0.195546 0.157108 0.126643
2 0.0106168 0.585569 0.0211259 0.0745172 0.126473
9 0.340091 0.417785 0.010618 0.0239743 0.122247
5 0.550924 0.440158 0.100383 0.10715 0.119598
0 0.0104924 0.586857 0.0209044 0.0748354 0.118755
0 0.0223458 0.521522 0.0177722 0.0722321 0.11669
0 0.0108263 0.586571 0.0216526 0.073633 0.116639
2 0.912638 0.791324 0.0433769 0.0263737 0.114306
2 0.0699306 0.962756 0.138408 0.07318 0.11305
2 0.251327 0.50017 0.106244 0.0721384 0.110051
0 0.757518 0.459972 0.0153393 0.044875 0.109629
2 0.466415 0.900588 0.0313175 0.0230642 0.108838
2 0.585379 0.827417 0.0239881 0.0181084 0.10859
0 0.0106398 0.588069 0.021175 0.0702832 0.108524
0 0.705961 0.462823 0.0138319 0.0516592 0.107932
2 0.0108462 0.587338 0.0216923 0.0713796 0.101467
0 0.010887 0.589791 0.0217739 0.0673695 0.100464
2 0.528726 0.860362 0.0275052 0.0208084 0.100355
2 0.465854 0.900402 0.0327661 0.0242035 0.0986797
0 0.707626 0.463647 0.0160026 0.0531837 0.0986501
5 0.551357 0.440515 0.0998905 0.107895 0.0965687
0 0.0106268 0.589227 0.0212231 0.0687508 0.0963492
0 0.0212985 0.519483 0.0173116 0.0688679 0.0942857
0 0.0358501 0.531356 0.0205242 0.0586503 0.091208
5 0.551834 0.44023 0.0984638 0.108064 0.0888811
2 0.0110964 0.58508 0.0219977 0.0736238 0.0878894
0 0.756296 0.460333 0.0150063 0.0453774 0.0876482
5 0.550408 0.440018 0.0965501 0.109339 0.086298
0 0.708478 0.463609 0.0162775 0.0535242 0.0862171
2 0.528215 0.86072 0.0278456 0.0206627 0.0861895
6 0.581351 0.772016 0.814799 0.455967 0.0858345
5 0.551178 0.438772 0.0991237 0.105184 0.0851363
0 0.0257986 0.521697 0.0246251 0.0735721 0.0817864
6 0.577323 0.765321 0.830388 0.469358 0.0811285
2 0.156827 0.510748 0.0344442 0.0372586 0.0808189
2 0.917367 0.790097 0.0322926 0.0219063 0.0801721
5 0.550516 0.438703 0.0988865 0.105678 0.0793817
5 0.552976 0.441056 0.0957025 0.109489 0.0789771
0 0.010779 0.5886 0.021558 0.0683994 0.0777563
5 0.550717 0.43954 0.0999027 0.106588 0.0762019
2 0.72763 0.746724 0.0262686 0.0219803 0.075365
2 0.092089 0.507338 0.0495317 0.0374308 0.0733314
2 0.911969 0.791384 0.0461355 0.0282591 0.072508
2 0.527216 0.860491 0.0309193 0.0216133 0.0716585
0 0.757147 0.457333 0.0145851 0.0399187 0.0715331
0 0.0109623 0.585036 0.0219247 0.0749046 0.0714822
2 0.727506 0.747627 0.029328 0.0230904 0.0705616
12 0.38148 0.480411 0.0154224 0.0331655 0.0698206
0 0.38205 0.482201 0.0157812 0.0360882 0.0696845
5 0.551492 0.440595 0.0986995 0.109298 0.069394
2 0.130007 0.509694 0.0558726 0.0392633 0.0684588
2 0.466178 0.899961 0.0314535 0.0240532 0.0653353
0 0.157089 0.513982 0.0146971 0.0299633 0.0652239
2 0.124489 0.508316 0.0614897 0.0398136 0.0646696
0 0.509147 0.472663 0.0174448 0.0486002 0.064454
2 0.728735 0.748138 0.030619 0.0233139 0.0623612
0 0.508872 0.472109 0.0193342 0.0506304 0.0611356
5 0.551618 0.440084 0.100711 0.108088 0.0610432
2 0.917392 0.790439 0.0350597 0.025189 0.0580891
2 0.12573 0.508988 0.0624307 0.0396495 0.0566996
2 0.685434 0.76901 0.0271971 0.0220583 0.0555766
6 0.586356 0.781868 0.815598 0.435245 0.0550036
12 0.381177 0.480034 0.0156098 0.032972 0.0542204
5 0.550381 0.438687 0.0992553 0.105367 0.0520955
2 0.527228 0.860125 0.0301105 0.0215633 0.0514748
6 0.276352 0.893392 0.189865 0.158202 0.0514619
2 0.126646 0.509352 0.0622529 0.0402094 0.0514327
0 0.72094 0.461395 0.0102379 0.0435469 0.0511354
0 0.0334937 0.538074 0.0207443 0.0453539 0.0500513
2 0.137553 0.509442 0.0404897 0.0393774 0.049512
0 0.744703 0.464733 0.0135994 0.0476365 0.0491064
0 0.156958 0.514688 0.0150683 0.0303355 0.0488947
2 0.964493 0.622841 0.0699177 0.086174 0.0486322
2 0.77045 0.847133 0.140838 0.142125 0.0486299
2 0.010529 0.581549 0.0208763 0.0807114 0.0484016
2 0.0695698 0.962894 0.137907 0.0732948 0.0483724
0 0.711191 0.46365 0.0152164 0.0520004 0.048146
2 0.0908696 0.507987 0.0517931 0.0352958 0.0477704
2 0.964303 0.621515 0.0713934 0.0842434 0.0473018
2 0.916955 0.791823 0.0342424 0.0266798 0.0469357
0 0.0353972 0.538812 0.021843 0.0431488 0.0449685
6 0.275975 0.894515 0.193124 0.164735 0.0448577
9 0.155791 0.429899 0.013581 0.0324718 0.0446354
5 0.549925 0.438281 0.0977421 0.105096 0.0444615
6 0.586708 0.776612 0.821866 0.446775 0.0418896
2 0.0909296 0.507226 0.0513063 0.035668 0.0415444
2 0.79766 0.70342 0.0232006 0.0165699 0.0409513
0 0.0199683 0.513592 0.0144677 0.0562538 0.0401486
2 0.917627 0.789557 0.0331615 0.0224796 0.0397454
0 0.740526 0.457625 0.0131401 0.0465496 0.03963
6 0.573981 0.769297 0.841193 0.461405 0.0381451
2 0.797862 0.703182 0.0229794 0.0186161 0.0373494
0 0.711406 0.466943 0.0156583 0.0491547 0.0367349
0 0.0364636 0.52005 0.0216232 0.0687628 0.0361838
2 0.166222 0.513532 0.0349309 0.0323944 0.035851
2 0.584019 0.82517 0.026199 0.0211372 0.0357998
2 0.964464 0.623277 0.071073 0.0795645 0.0352697
2 0.0890856 0.50744 0.0546434 0.0353888 0.03405
0 0.706071 0.461473 0.0125021 0.0515783 0.0323976
0 0.011153 0.590861 0.0220432 0.0667009 0.0314036
2 0.684856 0.766414 0.0219721 0.0236198 0.0313261
0 0.717182 0.459491 0.0101324 0.043013 0.0309102
2 0.76313 0.725865 0.0215853 0.0167288 0.0308743
9 0.156213 0.428312 0.0159402 0.0315596 0.0306265
6 0.562051 0.760761 0.864417 0.478479 0.0305328
0 0.0282336 0.522302 0.0303812 0.0766559 0.0300057
2 0.0696407 0.96261 0.138577 0.0741676 0.0295964
0 0.71844 0.46368 0.0119646 0.0461212 0.0294254
2 0.467084 0.900893 0.0329025 0.0257637 0.0292051
2 0.729846 0.753054 0.0315647 0.0332132 0.0291004
2 0.530211 0.859969 0.0265059 0.020392 0.0290167
2 0.726149 0.746015 0.024381 0.0217876 0.0290132
2 0.635125 0.796552 0.0224749 0.0198818 0.0289521
2 0.465538 0.899821 0.0332769 0.0244595 0.0277222
2 0.917108 0.791084 0.0341354 0.0267693 0.0276427
2 0.14137 0.50948 0.0410812 0.0396761 0.0270976
0 0.759679 0.45857 0.0120124 0.040005 0.0260466
0 0.00865012 0.590743 0.0173002 0.0689644 0.0255907
2 0.63646 0.797166 0.025441 0.0208061 0.0253993
5 0.024214 0.511283 0.0430295 0.0763957 0.0251539
6 0.565237 0.766364 0.851896 0.467271 0.0251279
2 0.246863 0.501101 0.110509 0.0723716 0.0250849
0 0.739645 0.450962 0.013097 0.0385791 0.0249873
2 0.106344 0.508755 0.0225369 0.0342669 0.0236051
2 0.125661 0.508315 0.0615014 0.0413891 0.0232285
3 0.351952 0.489104 0.0202942 0.0309017 0.0232095
13 0.595104 0.629336 0.0672304 0.0561602 0.0231842
2 0.139818 0.508115 0.0335293 0.0392751 0.0230562
2 0.910543 0.793215 0.0487743 0.0318589 0.0227188
0 0.752615 0.462574 0.017964 0.0468068 0.0222375
2 0.0898042 0.506329 0.0535797 0.0348028 0.0220437
2 0.166487 0.514382 0.0354825 0.0312971 0.0219721
2 0.0227962 0.512004 0.0406579 0.0730965 0.0219407
2 0.0911338 0.505678 0.0517064 0.0376124 0.0218082
0 0.51257 0.47441 0.0184254 0.0448274 0.0217106
2 0.140397 0.510616 0.0432703 0.0388039 0.0212597
0 0.743654 0.472231 0.0164785 0.0436111 0.02059
2 0.105575 0.506656 0.0263965 0.0374811 0.0198962
0 0.737274 0.457056 0.0110302 0.0378755 0.019851
6 0.276448 0.895285 0.196096 0.162319 0.0196149
2 0.0229253 0.5016 0.0450684 0.0677098 0.0194398
2 0.142556 0.508515 0.0392777 0.0411076 0.0189051
2 0.585012 0.824616 0.0256149 0.0233791 0.018116
2 0.762289 0.726055 0.0234112 0.0165377 0.0180639
2 0.966095 0.393542 0.0187183 0.0210921 0.0177508
0 0.511371 0.472223 0.015353 0.0497303 0.0176845
0 0.597668 0.494841 0.0167297 0.0116982 0.0176565
13 0.595358 0.629015 0.0662153 0.0553271 0.0174947
0 0.508349 0.471532 0.0195461 0.0500364 0.017414
0 0.716148 0.466926 0.0127567 0.0479651 0.0173678
2 0.0707926 0.966836 0.1396 0.0657536 0.0163269
2 0.401537 0.944481 0.0197824 0.0209339 0.0162788
7 0.964551 0.621949 0.0702171 0.0833102 0.0162183
2 0.0883957 0.503406 0.0525667 0.0365823 0.015356
2 0.909513 0.794652 0.052014 0.0328707 0.015325
1 0.351083 0.489917 0.0219912 0.0299093 0.0151522
0 0.734582 0.453731 0.00956955 0.0318533 0.01514
2 0.762954 0.724271 0.0229089 0.0191788 0.0149958
0 0.737953 0.483929 0.0147766 0.0466751 0.0145327
2 0.0815821 0.506984 0.0640574 0.0342332 0.0144832
0 0.352192 0.488776 0.0201686 0.0303196 0.0144368
6 0.545759 0.750379 0.896836 0.499241 0.0143432
2 0.529629 0.860259 0.0325836 0.0241116 0.0142299
2 0.909924 0.794956 0.051708 0.0336222 0.0141609
2 0.10555 0.508033 0.023972 0.0355631 0.0140352
0 0.737424 0.450532 0.0109348 0.0353416 0.0139554
0 0.734717 0.457855 0.0121026 0.0347919 0.0137306
2 0.964034 0.624581 0.0713762 0.0792884 0.0136594
0 0.732888 0.455371 0.00740414 0.0286497 0.013358
2 0.353939 0.486359 0.0304416 0.0365801 0.0132921
2 0.679519 0.768564 0.0268878 0.0190426 0.0131961
2 0.635171 0.797827 0.0253054 0.0202276 0.0129716
2 0.0233578 0.505372 0.0461958 0.0717659 0.01294
2 0.33996 0.48949 0.0442884 0.0351024 0.0128744
2 0.382841 0.483115 0.0202955 0.0375727 0.0124665
7 0.964025 0.621834 0.0710205 0.0871594 0.012178
0 0.738082 0.489214 0.0167858 0.0584281 0.0121157
0 0.0124178 0.540363 0.0208217 0.0906065 0.0119551
2 0.466681 0.907457 0.0345325 0.0421169 0.0119389
0 0.515876 0.474168 0.0170732 0.0456046 0.0118811
2 0.4666 0.900063 0.033603 0.0257843 0.0114889
2 0.0699981 0.962229 0.13826 0.0745895 0.0111226
2 0.153044 0.509182 0.0589845 0.0409002 0.0110221
2 0.581667 0.826135 0.0303768 0.0188416 0.0107946
13 0.594809 0.625089 0.0631098 0.0525436 0.0106625
0 0.508988 0.481439 0.0140265 0.0303932 0.0105327
0 0.321442 0.495211 0.0186785 0.0296963 0.0103478
2 0.322876 0.490322 0.0212226 0.0260934 0.0102826
13 0.594495 0.628371 0.0653623 0.0612088 0.0102099
2 0.0731452 0.506094 0.0223602 0.0297096 0.0101267
13 0.595079 0.629699 0.0664135 0.0571854 0.00999897
0 0.00721244 0.548126 0.0143273 0.126672 0.00996245
2 0.730129 0.749923 0.0346218 0.0285147 0.00986768
12 0.569279 0.47655 0.0232576 0.0394173 0.0097073
2 0.0229482 0.504361 0.0458965 0.0717359 0.00959005
9 0.391646 0.409996 0.0147814 0.0446403 0.00951233
2 0.54573 0.404766 0.085276 0.0384474 0.00950431
2 0.385039 0.481752 0.0251143 0.038884 0.00943919
7 0.964125 0.618701 0.0711969 0.0888477 0.00935206
2 0.585476 0.828877 0.0269403 0.0267452 0.00921226
0 0.765875 0.448853 0.00998516 0.0219887 0.00909032
2 0.33628 0.492549 0.0484415 0.035219 0.00905711
2 0.763052 0.724134 0.0233413 0.0192551 0.00895856
2 0.864309 0.667869 0.0168335 0.0148035 0.00895586
2 0.954087 0.394403 0.0458878 0.0221174 0.00880722
13 0.595298 0.629752 0.0655493 0.0569759 0.0087385
2 0.530056 0.860048 0.0316965 0.0232796 0.00867825
12 0.569067 0.478022 0.0199553 0.0361214 0.00859893
2 0.546206 0.403777 0.0834327 0.0355941 0.00856339
9 0.681724 0.390845 0.0146023 0.038924 0.00852514
2 0.0221703 0.506778 0.0442849 0.0781748 0.00851409
2 0.604496 0.495458 0.0278454 0.0165556 0.00850287
