5 0.895789 0.455643 0.207829 0.579098 0.912817
5 0.896179 0.453496 0.20645 0.575718 0.893647
5 0.895459 0.459665 0.208455 0.590513 0.883898
5 0.896038 0.455282 0.207185 0.578912 0.877826
5 0.896113 0.459317 0.207062 0.589038 0.858953
2 0.882282 0.754017 0.233744 0.360187 0.847117
5 0.89606 0.461423 0.207586 0.598166 0.835339
5 0.896479 0.417612 0.205897 0.504602 0.824798
5 0.89609 0.462254 0.207255 0.595973 0.783591
5 0.896291 0.457537 0.20654 0.584739 0.779862
2 0.882322 0.754688 0.234159 0.359335 0.769098
2 0.882575 0.754199 0.234289 0.358791 0.749127
5 0.896473 0.461831 0.205917 0.593173 0.718416
2 0.882597 0.753788 0.234806 0.360392 0.693534
2 0.88234 0.753558 0.233906 0.361017 0.644882
2 0.882422 0.754597 0.235155 0.360312 0.630987
2 0.881817 0.755049 0.234786 0.358492 0.606508
5 0.488316 0.374255 0.079192 0.155387 0.508345
0 0.749151 0.165176 0.0338142 0.0792572 0.469486
2 0.882445 0.753076 0.233707 0.360767 0.460112
2 0.974893 0.0493017 0.0495827 0.0499256 0.45273
2 0.974824 0.0495915 0.0497467 0.0498108 0.443982
0 0.74873 0.16509 0.0325915 0.0795303 0.435421
2 0.975048 0.0496165 0.0491657 0.0487828 0.431831
2 0.975048 0.0494423 0.0492453 0.0494347 0.42118
2 0.623944 0.368248 0.0880388 0.147323 0.403085
2 0.623259 0.368599 0.089057 0.148236 0.401488
2 0.882515 0.7532 0.233128 0.360589 0.400568
2 0.623682 0.368283 0.0887194 0.148402 0.396735
2 0.974811 0.0495925 0.0493046 0.0494427 0.393813
0 0.74955 0.164093 0.0347983 0.0817627 0.391094
2 0.671033 0.554585 0.111537 0.196547 0.388997
2 0.62298 0.368935 0.0897005 0.148914 0.379795
2 0.881607 0.753241 0.234937 0.360965 0.377605
5 0.488226 0.374083 0.0788029 0.156103 0.372757
5 0.744199 0.402209 0.121156 0.183844 0.372001
2 0.622925 0.368542 0.0893395 0.14876 0.368753
2 0.670992 0.554794 0.111427 0.197161 0.355902
5 0.48863 0.37516 0.0786053 0.154588 0.355455
5 0.488193 0.374485 0.0786231 0.15481 0.353914
2 0.975144 0.0500261 0.049066 0.0489893 0.350764
2 0.974735 0.0495474 0.0493408 0.0495237 0.349716
2 0.670687 0.554406 0.110317 0.19458 0.347459
0 0.74895 0.165329 0.0320043 0.0791579 0.345392
67 0.523082 0.739041 0.131788 0.321626 0.341317
0 0.748727 0.164058 0.033865 0.0813623 0.335644
2 0.975415 0.0499795 0.0491694 0.0480557 0.334798
5 0.744519 0.402081 0.120314 0.183681 0.327821
0 0.74945 0.164783 0.0328777 0.0811298 0.326015
2 0.975243 0.0500932 0.0490286 0.0480631 0.321748
0 0.750899 0.163327 0.0374015 0.0799722 0.317525
0 0.75086 0.16403 0.0374916 0.0804083 0.309708
2 0.623669 0.368837 0.0892214 0.148428 0.3093
5 0.488601 0.374715 0.078791 0.155642 0.308696
0 0.749572 0.16416 0.034251 0.0808208 0.300376
2 0.743928 0.403126 0.120597 0.181198 0.299931
39 0.749721 0.896915 0.223236 0.20567 0.294729
5 0.488244 0.374092 0.0784781 0.157118 0.292794
2 0.670905 0.554685 0.112397 0.198876 0.291927
2 0.670961 0.554521 0.11035 0.194275 0.290432
5 0.622451 0.369741 0.0916883 0.150127 0.283892
67 0.523891 0.737122 0.13281 0.319642 0.28051
2 0.671151 0.555093 0.111802 0.19969 0.278376
2 0.975167 0.0490526 0.0490324 0.0499287 0.272307
2 0.624526 0.368058 0.0868094 0.148147 0.259353
5 0.744415 0.402718 0.120787 0.181739 0.257242
5 0.488106 0.374162 0.0791823 0.156777 0.250761
2 0.74463 0.401666 0.119143 0.184765 0.249856
5 0.74487 0.402115 0.11922 0.1841 0.248318
67 0.377153 0.422298 0.0336202 0.0615673 0.247806
2 0.744232 0.402288 0.119876 0.184027 0.242773
67 0.522886 0.737603 0.133634 0.319521 0.240719
39 0.750141 0.896441 0.22358 0.206498 0.237269
0 0.0408056 0.085185 0.0174565 0.04452 0.236754
39 0.749629 0.897219 0.221301 0.203952 0.232757
5 0.488159 0.373341 0.0789097 0.156988 0.230332
2 0.745066 0.401941 0.11811 0.184903 0.222969
5 0.744385 0.403322 0.119921 0.18218 0.221077
2 0.744463 0.402264 0.120924 0.185165 0.219681
5 0.488069 0.373862 0.0786552 0.157208 0.216472
0 0.750431 0.163549 0.0354153 0.0819353 0.204264
2 0.623728 0.368366 0.0892513 0.148528 0.203679
2 0.975493 0.0515944 0.0482754 0.0467223 0.193409
2 0.671126 0.555315 0.111291 0.19805 0.187662
2 0.670085 0.553211 0.110014 0.193611 0.185846
39 0.75253 0.896647 0.226134 0.205694 0.184959
2 0.622587 0.369123 0.0916771 0.148895 0.182725
0 0.0404856 0.0851889 0.0176975 0.0452458 0.171307
39 0.750913 0.897181 0.223103 0.20487 0.165909
67 0.523545 0.737439 0.134412 0.318889 0.162026
2 0.596463 0.154899 0.0339146 0.0152531 0.161825
67 0.523674 0.742076 0.133317 0.328469 0.161102
2 0.669475 0.546963 0.10762 0.179192 0.160471
67 0.523206 0.742609 0.132404 0.327978 0.159768
2 0.522486 0.737416 0.134373 0.317139 0.159149
0 0.0825256 0.348998 0.031904 0.0577231 0.15863
5 0.487763 0.372809 0.0792915 0.155703 0.154224
0 0.0852725 0.351267 0.02907 0.0572156 0.152668
2 0.574083 0.0812462 0.0363975 0.062303 0.149014
67 0.377303 0.422169 0.0332852 0.0610324 0.144946
0 0.083508 0.348385 0.0298189 0.0551113 0.140018
0 0.0408258 0.0842135 0.0169318 0.0438249 0.139682
0 0.0586096 0.0790652 0.0151263 0.0317898 0.138993
39 0.751651 0.89661 0.227237 0.206103 0.136776
67 0.377116 0.422041 0.0332778 0.060995 0.134765
2 0.522989 0.736959 0.132834 0.317449 0.134107
39 0.752648 0.896228 0.227771 0.206882 0.131729
0 0.059853 0.085367 0.0168169 0.0444854 0.127811
0 0.083401 0.347097 0.0331405 0.0686446 0.124083
2 0.596268 0.154718 0.0340729 0.0160594 0.12336
0 0.0821182 0.34795 0.0331927 0.0598545 0.120581
0 0.0824379 0.345681 0.0330442 0.0697312 0.120429
0 0.0887279 0.35232 0.0219796 0.0579391 0.120009
39 0.75272 0.896703 0.228932 0.206208 0.115961
2 0.52345 0.737757 0.135429 0.317637 0.114393
67 0.377355 0.422643 0.0337106 0.0605432 0.109151
67 0.377544 0.42269 0.0338383 0.0597114 0.10906
0 0.577592 0.0683325 0.0231098 0.0453105 0.108706
67 0.376652 0.422794 0.0346291 0.0610307 0.10677
39 0.751395 0.896672 0.225396 0.205836 0.104023
0 0.0803027 0.34598 0.0326354 0.0562528 0.10197
0 0.0588566 0.0769562 0.0136809 0.0284916 0.101649
0 0.422654 0.135664 0.0163898 0.0436246 0.100281
2 0.976171 0.0565739 0.047657 0.0361413 0.0982622
2 0.669632 0.549949 0.109388 0.184858 0.0967944
67 0.521794 0.736491 0.135377 0.31829 0.0966364
0 0.844884 0.0370042 0.0128174 0.0456562 0.094941
9 0.12934 0.0280593 0.0119781 0.0245375 0.0946899
0 0.421776 0.134121 0.0149891 0.0455904 0.0939206
0 0.574668 0.0711319 0.025281 0.0520078 0.0934369
0 0.789446 0.133445 0.0181814 0.0326565 0.0929557
0 0.844234 0.0379926 0.0123686 0.0451579 0.0925324
39 0.752791 0.896598 0.22895 0.206274 0.0914697
0 0.0833379 0.349127 0.0331235 0.062359 0.0904613
67 0.377442 0.42229 0.0329853 0.0608643 0.0890674
0 0.575077 0.0692619 0.0223726 0.0495044 0.0872554
0 0.789468 0.134936 0.0187654 0.034692 0.0860272
0 0.742877 0.148559 0.0213443 0.073124 0.0854185
0 0.74285 0.125327 0.0158693 0.0479244 0.0834141
0 0.0372351 0.0857522 0.0168831 0.0444703 0.0811868
0 0.742033 0.128378 0.0190207 0.0508677 0.0793863
0 0.757712 0.155317 0.0250023 0.0635904 0.0754578
0 0.790609 0.11593 0.021428 0.0642264 0.0735383
0 0.422529 0.149321 0.0211893 0.0637795 0.0722263
2 0.573991 0.0800637 0.0360323 0.0634864 0.0716167
0 0.743561 0.114256 0.0107409 0.0269115 0.0715363
2 0.28479 0.0593665 0.0338712 0.0264976 0.0709302
2 0.283881 0.0610439 0.0349598 0.0250455 0.0706651
2 0.285148 0.0594676 0.0364212 0.0274042 0.0705947
0 0.0867063 0.350896 0.0257903 0.0564093 0.0697558
0 0.0398232 0.0848118 0.0155872 0.0441651 0.0685518
0 0.576888 0.0668977 0.0172445 0.0433993 0.068059
0 0.790127 0.13388 0.019435 0.0347793 0.0671067
0 0.0389967 0.0847232 0.0211879 0.0455461 0.0669987
9 0.127819 0.0261599 0.0129543 0.0229537 0.0663484
0 0.118857 0.179209 0.0223041 0.0593021 0.0660689
2 0.520874 0.741933 0.138871 0.327459 0.0652396
7 0.0571839 0.238683 0.0277229 0.0771255 0.064753
0 0.0610078 0.0840656 0.015974 0.0401035 0.0639085
0 0.793621 0.10713 0.0175724 0.047165 0.0634131
0 0.576554 0.0706356 0.0294725 0.0501256 0.0632174
0 0.0385742 0.0859423 0.0189088 0.0449524 0.0622484
0 0.784317 0.0242057 0.0122224 0.0300653 0.0607726
2 0.573746 0.0903653 0.0353416 0.0521804 0.0591969
2 0.573857 0.0966771 0.0360167 0.0335024 0.0582082
0 0.429696 0.141022 0.0162882 0.0349252 0.0576176
0 0.0926536 0.402805 0.0232557 0.039535 0.0574258
0 0.118674 0.178266 0.0222492 0.0613089 0.0561284
67 0.377539 0.422276 0.0332008 0.0601061 0.0560765
2 0.282234 0.0591939 0.0284513 0.0250681 0.0557359
0 0.0911881 0.366874 0.0158059 0.0289602 0.0538193
0 0.503086 0.0326193 0.0104882 0.029374 0.0535003
0 0.430907 0.142719 0.0254397 0.0637334 0.052679
7 0.0571162 0.238631 0.0277213 0.0773081 0.0520464
0 0.118766 0.178853 0.0234606 0.0620202 0.0520355
2 0.573963 0.0931283 0.0360674 0.0287204 0.051987
0 0.783634 0.0238629 0.0128683 0.0305125 0.0514508
0 0.874472 0.0286208 0.0163517 0.0460111 0.051105
0 0.0923768 0.406583 0.0241429 0.0394633 0.0505514
0 0.631899 0.120911 0.0107708 0.0414696 0.0502618
0 0.0925338 0.405226 0.0237312 0.0385675 0.0500356
0 0.0401407 0.086159 0.0181355 0.0474991 0.0492173
0 0.0816563 0.34336 0.0314392 0.0785529 0.0485784
2 0.574024 0.0940676 0.0357523 0.029237 0.0473383
0 0.0786715 0.348638 0.0289155 0.0506218 0.0470155
0 0.424102 0.132576 0.0176718 0.0448558 0.0468864
5 0.377435 0.422275 0.0335869 0.0595406 0.0468115
0 0.747503 0.182612 0.0262897 0.0455554 0.0444692
0 0.0778319 0.314052 0.0133122 0.0229963 0.0442491
2 0.288724 0.059061 0.0280573 0.0250084 0.0432002
0 0.843993 0.0394206 0.0126812 0.0417411 0.0421619
0 0.631061 0.140265 0.0195007 0.0829126 0.0413902
2 0.670629 0.559278 0.115113 0.205599 0.041325
2 0.975023 0.0486223 0.0492619 0.0504513 0.0411787
0 0.0776463 0.314979 0.0147648 0.0222828 0.0409997
2 0.520738 0.742678 0.138378 0.328617 0.040311
2 0.975998 0.0548499 0.0472958 0.0406512 0.040007
2 0.573414 0.0963706 0.0362576 0.0334237 0.0399604
0 0.844465 0.0333629 0.0133228 0.0464223 0.0393408
0 0.739789 0.118731 0.017391 0.0355611 0.0392867
0 0.874228 0.0285021 0.0150818 0.0432082 0.038926
0 0.0807964 0.352608 0.0329169 0.0489388 0.0387475
0 0.79153 0.115835 0.0230398 0.0662615 0.0376669
0 0.678456 0.0452156 0.0142739 0.0290676 0.0373
0 0.0578819 0.238775 0.028832 0.0744558 0.0371538
0 0.118396 0.178358 0.0201899 0.0586403 0.0369994
0 0.0571118 0.24169 0.0278853 0.0715252 0.0364628
2 0.201167 0.0815039 0.0329871 0.0336612 0.0361783
0 0.793668 0.102737 0.0174158 0.0388733 0.0360414
0 0.220661 0.0676107 0.0140265 0.0271348 0.0354099
0 0.426488 0.134031 0.0231328 0.0481242 0.035206
2 0.573832 0.0946645 0.0378881 0.0293967 0.0351801
2 0.195852 0.0800399 0.0221382 0.0298717 0.0351721
10 0.117408 0.176553 0.0183547 0.05953 0.0351205
0 0.636756 0.0583485 0.0146296 0.0338988 0.0348421
0 0.118917 0.18018 0.0229969 0.058736 0.0348358
0 0.118135 0.395626 0.0224384 0.0340654 0.0348252
0 0.439127 0.157977 0.0161869 0.041256 0.0344938
0 0.631085 0.121564 0.0129315 0.0414632 0.0343263
0 0.81805 0.030806 0.00869827 0.035234 0.0339225
0 0.631778 0.163328 0.0278918 0.0476038 0.0339164
2 0.596358 0.156743 0.0314835 0.0177312 0.0338519
0 0.502921 0.0352341 0.0120293 0.0344007 0.0334198
2 0.204233 0.0800326 0.0388299 0.0356658 0.0332637
0 0.786145 0.0218883 0.0123785 0.0383909 0.0332621
0 0.743481 0.014526 0.0111166 0.028948 0.0331973
0 0.0922759 0.382015 0.0198538 0.0546165 0.0330066
2 0.205701 0.0780454 0.0442148 0.0364288 0.0325211
2 0.245847 0.0787527 0.0211627 0.0180709 0.0323925
0 0.639252 0.0643574 0.0130837 0.0246716 0.032359
0 0.748546 0.178671 0.0278248 0.052902 0.0316811
2 0.574448 0.0787516 0.0358435 0.0673614 0.0310854
0 0.574438 0.074529 0.0340505 0.0583843 0.0310474
0 0.0637203 0.0903204 0.0162731 0.0491813 0.030808
0 0.639529 0.0530637 0.0141679 0.0444279 0.0302714
5 0.623283 0.368627 0.0898769 0.149634 0.0300877
0 0.196085 0.0782596 0.0212406 0.0310315 0.0299841
0 0.438491 0.155699 0.0149278 0.0433548 0.0294671
0 0.057627 0.238648 0.0287801 0.0759542 0.0292419
0 0.0789187 0.34225 0.0291838 0.0610447 0.0288427
0 0.061491 0.0791568 0.0145818 0.0387312 0.0287494
0 0.196025 0.0838315 0.0237288 0.0361323 0.0284495
0 0.631666 0.118008 0.0171794 0.0377021 0.0279228
0 0.0629094 0.084136 0.0170576 0.039791 0.0275479
2 0.748415 0.896991 0.205081 0.205075 0.0270499
0 0.875171 0.029054 0.0162952 0.0447462 0.0268306
0 0.758342 0.144094 0.0211647 0.0435623 0.0267683
0 0.751341 0.162937 0.038789 0.0796238 0.0266798
0 0.0372369 0.0871117 0.0181249 0.0473272 0.0265941
0 0.875029 0.0291608 0.0161072 0.0452058 0.026246
0 0.217115 0.0615698 0.0143889 0.0343653 0.0259151
0 0.874006 0.0279223 0.0155725 0.042418 0.025521
7 0.0569861 0.238458 0.0282788 0.077314 0.0255063
0 0.746912 0.158526 0.0310932 0.0887743 0.0252358
67 0.377955 0.42206 0.0351519 0.0620211 0.025225
0 0.788045 0.133363 0.0219226 0.0338139 0.0247722
2 0.66955 0.549517 0.107609 0.185118 0.0242883
0 0.431443 0.150728 0.0226194 0.0460122 0.0241748
0 0.426896 0.132093 0.0228764 0.0459006 0.0234786
0 0.78949 0.122667 0.0233364 0.0486362 0.0233249
2 0.404486 0.0426419 0.0282919 0.0422524 0.022903
0 0.0606207 0.0968705 0.0177681 0.0589958 0.022882
0 0.214991 0.0680324 0.020683 0.0381166 0.0228532
0 0.763289 0.155251 0.017297 0.0423898 0.0226831
0 0.0907611 0.40448 0.0273371 0.0424912 0.0226433
0 0.631044 0.160166 0.0226561 0.0466129 0.0226073
0 0.631453 0.14609 0.0240182 0.0821963 0.0226026
0 0.632658 0.116506 0.00963678 0.0347103 0.0225323
0 0.0580282 0.238347 0.0291097 0.0750288 0.0221633
0 0.667299 0.0430196 0.0136862 0.0343178 0.021825
0 0.0561199 0.237606 0.02564 0.073944 0.0217432
0 0.631658 0.161604 0.0255908 0.0461046 0.0215759
0 0.0638056 0.0762339 0.014053 0.0262583 0.0215646
2 0.307043 0.0580416 0.0163321 0.0253461 0.0215225
0 0.0565548 0.239102 0.0294999 0.0757726 0.0213114
0 0.518801 0.321358 0.0113351 0.0183599 0.0211195
0 0.441193 0.165817 0.0155493 0.0254075 0.0210788
0 0.118019 0.394975 0.0219004 0.0348234 0.0209296
0 0.0905187 0.400831 0.0294985 0.0473219 0.0207888
0 0.786584 0.0236604 0.0111895 0.0357884 0.0207564
0 0.739009 0.129836 0.0237165 0.049334 0.0207032
0 0.800933 0.235573 0.0164501 0.0427653 0.0206583
2 0.40432 0.0445446 0.0294784 0.0390487 0.0205876
0 0.1175 0.39672 0.0243417 0.0362994 0.0204327
67 0.523787 0.746288 0.132394 0.308779 0.0204209
0 0.787796 0.135894 0.0201386 0.0366179 0.020305
0 0.743199 0.016557 0.014705 0.0326452 0.0202781
0 0.745551 0.169809 0.0329965 0.0669905 0.020075
0 0.675571 0.0432955 0.0196799 0.0329724 0.019949
0 0.061136 0.101408 0.0187483 0.060359 0.0199
7 0.487341 0.546589 0.92762 0.901555 0.0197992
0 0.875646 0.029588 0.0177465 0.046313 0.0195554
0 0.203843 0.0745108 0.0283266 0.0304451 0.0194889
0 0.503404 0.0310674 0.0118473 0.0314873 0.0194359
2 0.328665 0.0576797 0.0177975 0.0236115 0.0192302
0 0.090868 0.406531 0.0270846 0.0411345 0.0191429
0 0.670963 0.0440864 0.0188284 0.0334007 0.018977
2 0.9646 0.0521698 0.0280851 0.0391157 0.0189403
0 0.818873 0.0280563 0.0111595 0.0402179 0.0187762
2 0.404701 0.0534194 0.0250239 0.0240169 0.0186795
