2 0.558512 0.229373 0.0529138 0.0546767 0.831036
2 0.558306 0.229144 0.0537655 0.0552783 0.828972
2 0.101847 0.573173 0.160132 0.174166 0.809529
2 0.558176 0.229398 0.0530048 0.0548515 0.807344
2 0.101405 0.57325 0.16045 0.173262 0.803296
2 0.102211 0.573683 0.159853 0.173555 0.797465
2 0.558194 0.229302 0.0534853 0.0542764 0.794921
2 0.101137 0.573416 0.161622 0.173517 0.786855
2 0.39574 0.320467 0.0818325 0.0767372 0.776795
2 0.101605 0.573537 0.159753 0.173851 0.774725
2 0.101534 0.573137 0.160993 0.174083 0.768472
2 0.393361 0.762505 0.198246 0.226778 0.761797
2 0.395689 0.320495 0.0816749 0.077178 0.754786
2 0.39563 0.32057 0.0817435 0.0773033 0.752884
2 0.576328 0.282138 0.0618883 0.0663754 0.749136
2 0.39547 0.320421 0.0817217 0.0777287 0.745311
2 0.470693 0.307124 0.0792316 0.0938819 0.739613
2 0.558358 0.22863 0.0537242 0.0550439 0.739454
2 0.558492 0.229432 0.0534966 0.0542287 0.735885
2 0.100891 0.573123 0.161914 0.173273 0.731125
2 0.10096 0.572652 0.161361 0.173534 0.729495
2 0.395395 0.320806 0.0828803 0.0778725 0.723761
2 0.576681 0.281833 0.0621878 0.0657334 0.721578
2 0.470559 0.307095 0.0803835 0.0930234 0.719575
2 0.0994708 0.572849 0.164999 0.173351 0.719409
2 0.779482 0.218218 0.0439217 0.0540933 0.710676
2 0.576702 0.282158 0.061322 0.0660797 0.709533
2 0.627434 0.16868 0.0349186 0.036344 0.699861
2 0.627471 0.169591 0.0347395 0.0364211 0.696604
2 0.395883 0.320565 0.0826923 0.0774133 0.6936
2 0.471275 0.308133 0.0805004 0.0911919 0.686606
2 0.627094 0.168646 0.0348616 0.0365592 0.685315
2 0.470653 0.307128 0.079583 0.0941179 0.679793
2 0.627504 0.168878 0.034648 0.0370215 0.670972
2 0.57723 0.282351 0.0652261 0.0657483 0.670515
2 0.470955 0.307315 0.080538 0.0937017 0.670331
2 0.558482 0.228737 0.0533966 0.0552341 0.664516
2 0.55888 0.229886 0.0516882 0.0556631 0.657924
2 0.576508 0.28242 0.0613064 0.0660615 0.654342
2 0.779229 0.218551 0.0433777 0.0546241 0.649102
2 0.576874 0.281772 0.063225 0.0645781 0.640393
2 0.470388 0.307451 0.0800072 0.09305 0.640373
2 0.627583 0.169208 0.0345102 0.0360665 0.636529
2 0.779279 0.21868 0.0426999 0.0541836 0.632202
2 0.470861 0.307 0.0809301 0.0934593 0.62431
2 0.744915 0.111342 0.0224709 0.0262271 0.610649
2 0.558231 0.229327 0.0532528 0.0553914 0.610106
2 0.726519 0.134458 0.0272127 0.0321369 0.606983
2 0.39392 0.761398 0.196111 0.227944 0.606234
2 0.393359 0.762215 0.19639 0.228167 0.60448
2 0.39416 0.762115 0.196107 0.228097 0.597486
2 0.626885 0.168851 0.035275 0.0367284 0.594619
2 0.779636 0.218454 0.0432478 0.0541312 0.589497
2 0.488977 0.223052 0.0534122 0.0640503 0.589002
2 0.488901 0.223189 0.0532186 0.064019 0.588192
2 0.627295 0.169217 0.0345098 0.0355073 0.588107
2 0.393527 0.762248 0.195833 0.228136 0.583233
2 0.779501 0.219421 0.0428217 0.053632 0.579271
2 0.395615 0.321122 0.0812342 0.0761416 0.577889
2 0.469397 0.88814 0.218784 0.222331 0.576535
2 0.39382 0.762422 0.195485 0.22367 0.576516
2 0.489505 0.223088 0.0527927 0.0648961 0.574899
2 0.55819 0.230042 0.0532301 0.0525109 0.573416
2 0.72653 0.134129 0.0273741 0.03343 0.571835
2 0.488957 0.222913 0.0535027 0.0647125 0.568107
2 0.779342 0.217704 0.0436368 0.0550206 0.566314
2 0.470586 0.308675 0.0799395 0.0927948 0.563222
2 0.576724 0.281956 0.0635492 0.0650073 0.560639
2 0.393582 0.76183 0.194947 0.225218 0.559914
2 0.393954 0.761657 0.198265 0.228256 0.551365
2 0.779228 0.219475 0.0436451 0.0547576 0.551179
2 0.576956 0.281737 0.0619665 0.0643204 0.547787
2 0.745314 0.111082 0.0223675 0.0267822 0.545442
2 0.726451 0.134988 0.0271976 0.0334344 0.534716
2 0.779869 0.218927 0.0431217 0.0538737 0.523518
2 0.466899 0.887262 0.222719 0.222211 0.521174
2 0.469643 0.887477 0.215945 0.223777 0.520231
2 0.576185 0.280885 0.0622702 0.0655662 0.507845
2 0.793876 0.312897 0.0539808 0.0717123 0.507488
2 0.469379 0.887621 0.216097 0.224136 0.501882
2 0.794296 0.312716 0.0536031 0.0741365 0.498992
2 0.489288 0.2235 0.0523811 0.0649895 0.496982
2 0.488666 0.222936 0.0538772 0.0639031 0.488586
2 0.966005 0.0909904 0.0203598 0.0257404 0.488077
2 0.395467 0.321156 0.0810911 0.0756172 0.480563
2 0.394993 0.320932 0.0799965 0.075162 0.48056
2 0.627243 0.168382 0.0343088 0.0358854 0.476551
2 0.79437 0.312814 0.0538097 0.0721439 0.469968
2 0.77935 0.219023 0.043149 0.0536719 0.463681
2 0.394009 0.761327 0.196803 0.224577 0.462285
2 0.794196 0.312915 0.0542175 0.0719546 0.458949
2 0.725996 0.134657 0.0273029 0.0344514 0.45343
2 0.395424 0.320652 0.0804822 0.0756689 0.449944
2 0.794313 0.312788 0.053676 0.0720106 0.448249
7 0.834376 0.53124 0.086768 0.1398 0.442683
2 0.919607 0.136685 0.0275444 0.0397988 0.416728
2 0.794136 0.312641 0.0548752 0.073278 0.416721
2 0.469643 0.887644 0.215993 0.22327 0.413618
2 0.877516 0.121205 0.0198132 0.0301054 0.408747
2 0.627971 0.168477 0.0355292 0.0367626 0.397424
7 0.834298 0.531185 0.0863798 0.139301 0.394075
7 0.834346 0.530959 0.0867918 0.139024 0.392376
2 0.794 0.312719 0.0541874 0.0726516 0.390123
2 0.793936 0.312383 0.0538437 0.0727647 0.385571
2 0.793934 0.312563 0.0537577 0.0733146 0.384644
2 0.79411 0.312789 0.0534842 0.074338 0.383811
2 0.469285 0.887511 0.217646 0.22433 0.381978
2 0.471137 0.307411 0.0808662 0.0949491 0.380056
7 0.834361 0.530587 0.0868393 0.139004 0.376308
7 0.834214 0.5305 0.086026 0.138424 0.368731
7 0.834249 0.53034 0.0864674 0.138391 0.362935
7 0.834351 0.530378 0.0863728 0.13766 0.361275
2 0.469393 0.887623 0.215957 0.224045 0.340984
7 0.834239 0.530447 0.0871994 0.137584 0.338522
7 0.834552 0.530217 0.0865986 0.137644 0.335982
2 0.680723 0.13679 0.0295756 0.0399606 0.331851
7 0.834195 0.531019 0.0867695 0.139172 0.331682
2 0.489895 0.22298 0.0537762 0.0638705 0.32966
2 0.489268 0.223119 0.0528772 0.0650484 0.321948
2 0.943212 0.116255 0.0222286 0.029084 0.308319
2 0.919327 0.137611 0.0266882 0.0388684 0.301516
2 0.489436 0.22297 0.0529312 0.0638569 0.299014
2 0.680623 0.136688 0.0281149 0.0402462 0.278336
2 0.745982 0.110852 0.0231798 0.0267991 0.277835
2 0.87763 0.12068 0.0201393 0.0294892 0.260825
2 0.680544 0.137059 0.0279671 0.0404099 0.257596
2 0.876812 0.119713 0.0213547 0.0319989 0.255307
2 0.745832 0.11105 0.0231871 0.0257476 0.248723
2 0.627868 0.168926 0.0357344 0.0371117 0.243554
2 0.900231 0.0972491 0.0215467 0.0279503 0.239937
2 0.727085 0.135254 0.0310283 0.0341345 0.236755
2 0.681056 0.135653 0.0287138 0.0413527 0.235243
2 0.966039 0.0900212 0.020694 0.0263803 0.223126
2 0.779676 0.220422 0.0418756 0.0538601 0.218468
2 0.680629 0.137255 0.0287106 0.0396955 0.209087
2 0.801963 0.0577315 0.0148886 0.017691 0.207158
2 0.46979 0.887543 0.216617 0.224062 0.205382
67 0.469645 0.88746 0.216694 0.224187 0.196217
2 0.919291 0.137657 0.0271009 0.0385866 0.193738
2 0.308217 0.513912 0.149943 0.133571 0.191676
2 0.307707 0.514552 0.151291 0.133547 0.189878
2 0.943353 0.116014 0.0236916 0.02906 0.185601
2 0.308875 0.515044 0.149541 0.134977 0.183971
2 0.308646 0.51576 0.14949 0.136468 0.183446
2 0.308433 0.515039 0.150207 0.134489 0.181823
2 0.558579 0.22947 0.0524803 0.0548588 0.180377
2 0.308857 0.514602 0.150246 0.135099 0.175696
2 0.805859 0.0919616 0.0193087 0.0198198 0.174527
2 0.627976 0.168158 0.0366818 0.036693 0.17008
2 0.308704 0.515575 0.149581 0.136401 0.167033
2 0.899752 0.0981878 0.0212975 0.0258215 0.16635
2 0.680619 0.136749 0.0292318 0.0400827 0.162645
2 0.866368 0.105736 0.0250883 0.0261059 0.162561
2 0.469421 0.887599 0.216708 0.223994 0.159483
2 0.779349 0.217822 0.0441359 0.0546414 0.158921
2 0.869441 0.105583 0.0330318 0.0264755 0.157906
2 0.308399 0.514798 0.150224 0.133934 0.151966
2 0.39685 0.320141 0.0831945 0.0775187 0.148524
2 0.724279 0.13506 0.0301874 0.0351076 0.146683
2 0.779836 0.218143 0.043866 0.0534198 0.141882
2 0.680438 0.139637 0.0267532 0.0364751 0.141339
2 0.68048 0.141339 0.0274855 0.0334961 0.141319
2 0.681315 0.136299 0.0296038 0.0411723 0.138725
2 0.9185 0.137979 0.0266365 0.0410881 0.137531
2 0.871387 0.110706 0.033983 0.0327043 0.137401
2 0.779134 0.218539 0.0436588 0.0542133 0.123017
2 0.918569 0.137528 0.0290819 0.0395985 0.122047
2 0.869827 0.111104 0.0331173 0.0345445 0.120284
2 0.919306 0.139621 0.0268154 0.0370846 0.1166
62 0.970814 0.87174 0.0572605 0.249019 0.115729
2 0.965927 0.0915553 0.0223911 0.0268403 0.114491
2 0.918443 0.13899 0.029459 0.0403688 0.110728
0 0.0572129 0.0768732 0.113861 0.0984801 0.108396
2 0.90005 0.0981987 0.0212448 0.0283056 0.107696
2 0.681277 0.136868 0.0294817 0.0406197 0.10624
2 0.899899 0.0993334 0.0213551 0.0250663 0.0950019
2 0.0978406 0.573503 0.167166 0.172369 0.0944757
2 0.918821 0.136806 0.0291035 0.0400557 0.0937267
2 0.872993 0.115374 0.0280075 0.0385491 0.0911066
2 0.47026 0.308752 0.0784273 0.0912127 0.0894
0 0.057621 0.0795129 0.114894 0.102385 0.0891852
6 0.308161 0.514758 0.149666 0.134689 0.0883926
2 0.489597 0.222027 0.0505896 0.0626728 0.0875947
2 0.487945 0.223846 0.0523993 0.063502 0.0816652
62 0.968609 0.872911 0.0620846 0.251697 0.0799228
62 0.96869 0.873067 0.0619495 0.251885 0.0782772
62 0.971172 0.870626 0.0571457 0.248613 0.0748043
62 0.970989 0.872546 0.056905 0.246203 0.0723397
2 0.394135 0.321326 0.0797277 0.0741377 0.0713798
2 0.966384 0.0903773 0.0204681 0.025366 0.0710535
0 0.0573369 0.0780777 0.114386 0.100699 0.0691548
7 0.0569555 0.075737 0.113529 0.0969737 0.0690362
7 0.0561167 0.0758553 0.112063 0.0967933 0.0686941
2 0.16732 0.0766204 0.0457668 0.0156275 0.0683719
2 0.396456 0.319957 0.0821867 0.078194 0.067931
2 0.726446 0.132464 0.0286819 0.0359823 0.0664526
2 0.156292 0.0785129 0.0716885 0.0183122 0.0651538
7 0.0573074 0.0773496 0.114401 0.100551 0.0642659
62 0.968278 0.872848 0.0628004 0.25052 0.0635549
2 0.164198 0.0757994 0.0525481 0.0183663 0.0618561
2 0.726285 0.133892 0.0277195 0.0352611 0.0614646
2 0.167674 0.076226 0.045631 0.017255 0.0612077
2 0.919284 0.139462 0.0270927 0.0378871 0.0597216
2 0.576386 0.281096 0.0624471 0.0658123 0.0593004
2 0.0815844 0.0947993 0.054949 0.0198008 0.0586386
0 0.532079 0.00921024 0.0156817 0.0184205 0.0560941
0 0.0357041 0.0925124 0.0264788 0.0283163 0.0550294
2 0.170535 0.0746859 0.0392506 0.0168342 0.0546481
2 0.832022 0.0614431 0.0159737 0.0166913 0.0544375
2 0.944141 0.115828 0.0220501 0.0244166 0.053176
0 0.00920615 0.095689 0.0182546 0.029498 0.0527016
68 0.970427 0.870798 0.0580387 0.248734 0.0513887
2 0.919071 0.135028 0.0275169 0.0418992 0.0505203
2 0.167416 0.0755126 0.0449186 0.0167838 0.0503448
2 0.811305 0.0954318 0.0300904 0.0269262 0.0493846
2 0.680619 0.135888 0.0289091 0.0407161 0.0491147
7 0.0386546 0.0663161 0.0773092 0.0779963 0.0483634
2 0.919469 0.137627 0.0272003 0.037903 0.0480919
0 0.0575696 0.0798476 0.114755 0.102973 0.0478279
68 0.970229 0.872165 0.0584816 0.250333 0.0477624
2 0.869272 0.101046 0.0326561 0.0301856 0.046836
0 0.00950855 0.09683 0.0188843 0.0318769 0.0450251
2 0.87351 0.114774 0.0324425 0.0366362 0.0448742
2 0.801073 0.057115 0.0173416 0.0180323 0.0432082
2 0.811868 0.0939342 0.0301136 0.0217689 0.0431115
7 0.0568842 0.0752759 0.112869 0.0960512 0.0421167
2 0.471175 0.308467 0.079982 0.0897421 0.0410155
2 0.873142 0.0242234 0.032814 0.0233098 0.0409982
2 0.0811631 0.0945541 0.0571093 0.0196605 0.0402187
62 0.970653 0.870154 0.0582005 0.246691 0.0398707
2 0.15383 0.0795453 0.0719253 0.0213581 0.0385364
0 0.0093342 0.0934636 0.0186684 0.0334686 0.0383476
2 0.944411 0.116041 0.0254042 0.0297861 0.0372778
2 0.870166 0.113717 0.034869 0.0407318 0.0345989
68 0.970495 0.871233 0.0585094 0.248101 0.0341513
2 0.74555 0.10758 0.0228384 0.0311149 0.0330832
0 0.0492743 0.0666523 0.061551 0.0784392 0.0323654
0 0.532284 0.0108225 0.0184535 0.0211082 0.0323529
2 0.681778 0.135042 0.0300236 0.0418656 0.0323415
7 0.0564948 0.0735948 0.11299 0.0925284 0.0320823
0 0.0628291 0.0684586 0.0885882 0.0782028 0.0319852
0 0.0544045 0.0656571 0.0644071 0.0756186 0.0318838
2 0.488035 0.229154 0.0522848 0.0528745 0.0314488
2 0.965902 0.0904684 0.022467 0.0282671 0.0313717
0 0.0387868 0.0918594 0.0322206 0.0279638 0.0297346
62 0.967554 0.8728 0.0637642 0.252795 0.0296834
0 0.0624404 0.087054 0.0955916 0.0501495 0.0291945
2 0.101069 0.573534 0.161105 0.173601 0.0288554
2 0.872491 0.0260278 0.0318151 0.0214483 0.0287447
7 0.0571773 0.0789334 0.114313 0.102994 0.0284657
2 0.831904 0.0631424 0.0169706 0.0173737 0.0271231
2 0.0743264 0.094716 0.0731415 0.0250214 0.0256716
5 0.98881 0.0466534 0.0214905 0.0933069 0.0246764
2 0.740273 0.118203 0.0216047 0.0410429 0.0246085
2 0.867247 0.102409 0.0274891 0.0283663 0.0234105
7 0.0388975 0.0698707 0.0772934 0.0841058 0.0229939
0 0.044149 0.0866244 0.0462773 0.0376059 0.0229425
5 0.990946 0.0450064 0.0172604 0.0900128 0.0228871
2 0.154721 0.0866603 0.078109 0.0325638 0.0224165
0 0.0660339 0.0700142 0.0911985 0.0712055 0.0221304
2 0.487476 0.227473 0.0507351 0.0555834 0.0218844
7 0.0569255 0.0704102 0.111888 0.0872916 0.0217799
0 0.531921 0.0103364 0.0203755 0.0206728 0.0213473
0 0.0386289 0.0904604 0.0339085 0.0311414 0.0212407
2 0.0720038 0.10069 0.0805256 0.0317612 0.0210674
0 0.0574035 0.0750844 0.113882 0.0949721 0.0210588
2 0.794413 0.312171 0.0541939 0.0722067 0.0201553
2 0.492164 0.206846 0.0417976 0.0349076 0.0201523
2 0.493324 0.207088 0.0423401 0.0338099 0.0190438
2 0.558519 0.22895 0.0523576 0.054897 0.0188655
2 0.393576 0.321423 0.0774334 0.0735542 0.0188634
2 0.907022 0.0683986 0.0151005 0.0199418 0.0183532
2 0.0790825 0.0999436 0.0691559 0.0291946 0.0181173
2 0.153666 0.0872095 0.0804076 0.0329057 0.0181084
2 0.0986097 0.573465 0.16574 0.174504 0.0180328
5 0.989473 0.0643586 0.020344 0.127575 0.0175634
6 0.203299 0.0759244 0.403734 0.114734 0.0172609
7 0.0385129 0.0669077 0.0770258 0.0779127 0.0171762
7 0.0410952 0.0705499 0.0816828 0.0854964 0.0168359
2 0.84306 0.0583182 0.0226675 0.0223388 0.016833
2 0.94208 0.116677 0.0247154 0.0304169 0.016607
0 0.0570566 0.0808574 0.11393 0.100325 0.0165702
0 0.0562882 0.102792 0.112576 0.0558944 0.0160087
2 0.879108 0.0217607 0.0199404 0.0224897 0.0159218
2 0.794068 0.31229 0.0535704 0.0737742 0.0153207
2 0.843411 0.0673571 0.0129719 0.0218081 0.0153083
0 0.00959792 0.10643 0.0191097 0.0508103 0.014742
5 0.99005 0.0512448 0.019367 0.100836 0.0146054
2 0.90216 0.0903004 0.0264488 0.0432279 0.0144718
2 0.6269 0.169903 0.0353069 0.0389749 0.0144582
5 0.99029 0.0469069 0.018689 0.0926015 0.014457
2 0.810397 0.0991944 0.0297945 0.0325996 0.0144099
6 0.204988 0.075101 0.404176 0.112661 0.0143314
9 0.91791 0.0660635 0.018795 0.0213323 0.0142394
9 0.875677 0.0821419 0.020599 0.0312402 0.0142094
5 0.990682 0.0457306 0.0177927 0.0914613 0.0142031
2 0.496609 0.205481 0.0345588 0.0297404 0.0136933
0 0.0356341 0.100823 0.0704982 0.0473208 0.0136078
5 0.308553 0.520877 0.151695 0.148451 0.0135745
0 0.0108398 0.0952455 0.0211458 0.0317948 0.013427
