2 0.159766 0.444536 0.122123 0.0873299 0.86559
2 0.159582 0.444571 0.122085 0.0875187 0.852027
2 0.159749 0.44422 0.121812 0.087254 0.826672
2 0.159752 0.444521 0.122403 0.087152 0.817771
2 0.159599 0.444412 0.122389 0.087439 0.815185
2 0.281143 0.450107 0.122468 0.100874 0.811225
2 0.315646 0.363845 0.103763 0.0867611 0.810871
2 0.281329 0.449841 0.125001 0.0998888 0.810762
2 0.159903 0.444165 0.121383 0.0871012 0.810729
2 0.315779 0.36343 0.103834 0.0874196 0.810587
2 0.159926 0.444666 0.121447 0.0876678 0.808996
2 0.281486 0.450167 0.122744 0.10109 0.805397
2 0.280892 0.449718 0.122809 0.100992 0.804909
2 0.159606 0.444571 0.12177 0.0874181 0.795359
2 0.87014 0.223361 0.0539951 0.0457429 0.787757
2 0.31578 0.363376 0.10417 0.0872365 0.783211
2 0.159798 0.444609 0.122333 0.0879476 0.780541
2 0.160032 0.444536 0.121442 0.0874628 0.769497
2 0.280923 0.450008 0.122123 0.101387 0.768277
2 0.870096 0.22334 0.0547413 0.0460562 0.767488
2 0.438577 0.356427 0.0865877 0.0704603 0.767446
2 0.281387 0.450245 0.122165 0.100608 0.766418
2 0.315685 0.363815 0.103858 0.0870283 0.764455
2 0.770446 0.272974 0.0547993 0.0587311 0.760421
5 0.333123 0.170662 0.128398 0.0825676 0.758605
2 0.595104 0.266292 0.0546804 0.0565756 0.758183
2 0.316122 0.363317 0.104141 0.0872784 0.755032
2 0.315801 0.363817 0.104208 0.0865804 0.747823
2 0.316053 0.363798 0.103525 0.0870331 0.746325
2 0.870594 0.223624 0.0545944 0.0460968 0.7455
5 0.333135 0.171467 0.127377 0.0825545 0.744873
2 0.770742 0.272807 0.0556217 0.0594545 0.738786
5 0.333011 0.170979 0.128134 0.081973 0.734194
2 0.31605 0.363941 0.103906 0.0869682 0.733846
2 0.315459 0.364359 0.103336 0.0868442 0.729248
2 0.281753 0.45067 0.122581 0.100903 0.725698
5 0.333418 0.171894 0.127329 0.0839083 0.724075
2 0.770683 0.273067 0.055481 0.0594611 0.723056
2 0.87033 0.223507 0.0542358 0.0468969 0.719777
2 0.281558 0.450134 0.122178 0.10089 0.713194
2 0.770747 0.273134 0.0553265 0.0587972 0.701571
2 0.439291 0.355463 0.0864012 0.0699535 0.698777
2 0.839262 0.175407 0.0618584 0.0389839 0.694163
2 0.439352 0.35553 0.0864832 0.0685772 0.691163
5 0.331674 0.171012 0.12631 0.0836689 0.686611
5 0.333008 0.170985 0.128112 0.0821318 0.685506
2 0.439285 0.355411 0.0876137 0.0693851 0.68153
2 0.0285025 0.513626 0.0568594 0.0732744 0.679191
2 0.770427 0.273435 0.054427 0.0591599 0.675433
2 0.0286735 0.513927 0.0572635 0.0734594 0.671478
2 0.839385 0.175545 0.0614353 0.0390148 0.670075
2 0.0285359 0.513745 0.056854 0.07324 0.655718
2 0.59428 0.26619 0.0549479 0.0562226 0.655176
2 0.770299 0.273406 0.0544603 0.0591466 0.653094
2 0.280558 0.44992 0.122324 0.101394 0.652526
2 0.770017 0.273187 0.0540637 0.0592389 0.651777
5 0.332842 0.171321 0.128406 0.0822917 0.647863
2 0.59451 0.266111 0.0556704 0.0563799 0.646662
2 0.839594 0.175272 0.062882 0.0390033 0.643914
2 0.0287087 0.513949 0.0573224 0.0737001 0.640384
2 0.839931 0.175476 0.0627911 0.0389506 0.636468
2 0.594173 0.266244 0.054084 0.0560396 0.630614
2 0.419094 0.312826 0.0805034 0.0568217 0.62609
2 0.770027 0.27312 0.0539972 0.0594955 0.624482
5 0.331911 0.170715 0.129642 0.0821789 0.623896
2 0.399375 0.73326 0.155426 0.252131 0.619257
2 0.315938 0.362401 0.104882 0.0859816 0.611641
2 0.871032 0.223762 0.0556578 0.0466232 0.611202
2 0.15999 0.444104 0.122378 0.0870749 0.60851
2 0.43915 0.355794 0.0863351 0.0697212 0.604154
0 0.716815 0.238962 0.0166184 0.0431542 0.601639
2 0.839385 0.175502 0.0618622 0.0391502 0.596896
2 0.419009 0.315303 0.0809843 0.062576 0.592834
2 0.870458 0.223526 0.0543861 0.0455852 0.589854
0 0.140572 0.579905 0.0334336 0.0938828 0.589481
2 0.385521 0.209882 0.0635319 0.0453785 0.585239
2 0.0287228 0.513805 0.0572282 0.0745309 0.584278
2 0.0288232 0.513489 0.0574972 0.0745195 0.583875
5 0.332391 0.170706 0.126718 0.0821246 0.581791
2 0.595569 0.265413 0.0529793 0.057633 0.580547
2 0.871698 0.223157 0.0551603 0.0465439 0.579243
0 0.13985 0.581637 0.0340252 0.0953709 0.568501
0 0.141308 0.579921 0.034711 0.0933266 0.568278
2 0.351679 0.20554 0.0537966 0.0411131 0.565593
0 0.140271 0.580054 0.0337052 0.0944834 0.56235
2 0.399027 0.732827 0.155195 0.252758 0.556494
2 0.839425 0.175639 0.061611 0.0390751 0.55399
0 0.140354 0.581619 0.0334129 0.0952511 0.551799
2 0.870335 0.223031 0.0548508 0.0474587 0.548909
2 0.386069 0.21005 0.0608128 0.0451651 0.548842
2 0.385817 0.209962 0.0606116 0.0454272 0.546603
2 0.399437 0.732331 0.155678 0.252005 0.544072
2 0.839599 0.176148 0.0598465 0.039443 0.542653
2 0.311351 0.490742 0.0720529 0.0737827 0.535605
2 0.38583 0.210174 0.0623039 0.046676 0.534395
2 0.840031 0.175953 0.0600838 0.038254 0.532079
2 0.507729 0.272192 0.0576056 0.0637624 0.531363
2 0.351286 0.20555 0.052618 0.0402994 0.531052
2 0.418701 0.315366 0.080567 0.0622128 0.527957
2 0.439624 0.355032 0.0863685 0.0690733 0.527206
2 0.440017 0.354613 0.0857952 0.0697845 0.527189
2 0.0283042 0.514713 0.0566084 0.0728621 0.526256
2 0.641405 0.233241 0.0474102 0.0482448 0.525282
2 0.418622 0.312629 0.0789887 0.0556205 0.524539
0 0.140456 0.580087 0.0332665 0.0945882 0.521815
2 0.594812 0.266231 0.0533442 0.0561454 0.520224
2 0.508071 0.273126 0.0600721 0.0631512 0.519936
2 0.507553 0.272288 0.0585222 0.0634213 0.519664
2 0.507758 0.272475 0.0591268 0.0635708 0.517835
2 0.507803 0.273219 0.0588961 0.0631182 0.51353
0 0.140809 0.580188 0.0349417 0.0941158 0.513355
2 0.83856 0.175276 0.0597767 0.0381829 0.509389
2 0.594088 0.265291 0.0560724 0.0582655 0.507205
2 0.641814 0.233127 0.0477083 0.0483601 0.49846
2 0.31285 0.490984 0.0733613 0.074476 0.493841
0 0.441439 0.416185 0.0297068 0.0673896 0.489335
2 0.838589 0.17537 0.0595474 0.0382045 0.48731
2 0.152333 0.225199 0.0637531 0.0422977 0.487195
2 0.152276 0.224946 0.0644859 0.0424049 0.485811
2 0.312544 0.491057 0.0729875 0.0749694 0.485383
2 0.557601 0.249751 0.0493088 0.0491882 0.476507
2 0.641675 0.232867 0.0478067 0.0482749 0.4762
2 0.385348 0.210056 0.0617897 0.0453151 0.474922
2 0.593672 0.266417 0.0536222 0.0556355 0.466382
2 0.507582 0.272099 0.0601526 0.0645534 0.464992
2 0.151859 0.223814 0.0657038 0.0426999 0.462975
2 0.385842 0.210473 0.0615999 0.046932 0.459589
0 0.141432 0.580237 0.0338678 0.0931889 0.459208
2 0.768596 0.158585 0.0510591 0.0323051 0.458939
2 0.77055 0.273412 0.0539486 0.0595941 0.456181
2 0.508161 0.27342 0.0585264 0.0641128 0.454498
2 0.399515 0.732556 0.15517 0.250875 0.452872
2 0.416261 0.314575 0.0778889 0.0597791 0.452671
2 0.416992 0.314781 0.078965 0.0608059 0.450626
2 0.312632 0.490369 0.0730932 0.0737286 0.447521
2 0.399511 0.732575 0.154831 0.250255 0.446464
0 0.716926 0.239275 0.0165867 0.0443913 0.444944
2 0.0283888 0.514759 0.0566813 0.0720745 0.441847
2 0.594198 0.266057 0.0568131 0.0585347 0.440321
2 0.151742 0.224215 0.0652074 0.0442884 0.440278
2 0.352668 0.205861 0.0558193 0.0414328 0.437113
2 0.768513 0.158893 0.0506794 0.0327238 0.436907
2 0.64116 0.233244 0.0480046 0.0482441 0.434926
2 0.417266 0.314503 0.0775668 0.0603558 0.433335
2 0.399289 0.732217 0.155459 0.252131 0.429831
0 0.441547 0.414882 0.0303364 0.0667946 0.428427
2 0.549671 0.197735 0.0627558 0.0563417 0.427312
2 0.439525 0.354602 0.0873748 0.0686934 0.4265
2 0.399518 0.732641 0.155087 0.250403 0.424781
2 0.152359 0.224294 0.0638082 0.0431522 0.421715
2 0.507748 0.27214 0.0578651 0.0641191 0.420968
2 0.0285986 0.514719 0.0571973 0.0716781 0.420716
2 0.960265 0.180839 0.0566387 0.0371248 0.41819
2 0.973103 0.261439 0.0494131 0.0677839 0.415971
2 0.548147 0.198274 0.0644611 0.0584948 0.414749
2 0.557048 0.251455 0.0459276 0.0507064 0.413901
2 0.458247 0.184308 0.0495053 0.0384705 0.412397
2 0.599955 0.223096 0.0502918 0.0460044 0.412318
2 0.548901 0.198179 0.0636958 0.0578688 0.410401
2 0.151709 0.222988 0.0671814 0.0439171 0.409897
2 0.973095 0.259229 0.0498516 0.0634686 0.407071
2 0.101214 0.213264 0.0527679 0.0340946 0.404777
2 0.601156 0.221431 0.0496093 0.0427922 0.404733
2 0.152107 0.224175 0.0653951 0.0426401 0.40347
2 0.923354 0.237559 0.0336395 0.0534494 0.399122
0 0.139833 0.580429 0.0345835 0.0939186 0.399036
2 0.640532 0.232411 0.047994 0.0490366 0.393711
2 0.767742 0.15859 0.0514442 0.033329 0.391818
2 0.399914 0.732388 0.155926 0.250637 0.387969
2 0.385628 0.209102 0.0620874 0.0460518 0.38489
2 0.601901 0.222888 0.0515373 0.0453497 0.380374
2 0.352817 0.205072 0.0565727 0.0398516 0.378576
2 0.960312 0.180586 0.0564272 0.0354669 0.377411
0 0.442511 0.422611 0.0312051 0.0837815 0.373747
2 0.50793 0.273204 0.0590721 0.0621558 0.372464
2 0.601166 0.220957 0.0498216 0.0427179 0.371842
2 0.601249 0.222733 0.0492209 0.0451292 0.371586
2 0.353512 0.205861 0.0569059 0.0421088 0.360788
2 0.484483 0.194537 0.0505295 0.0304187 0.358516
2 0.439347 0.354734 0.0858635 0.0702965 0.355603
2 0.770749 0.273243 0.0544138 0.0592409 0.354234
2 0.678478 0.204764 0.0348789 0.044589 0.354161
2 0.458776 0.184053 0.049515 0.0379449 0.353133
2 0.97672 0.319129 0.0454487 0.108694 0.352066
1 0.123641 0.635785 0.0235532 0.0432232 0.35162
2 0.601252 0.222699 0.0489634 0.0457539 0.349568
2 0.386322 0.209692 0.0624636 0.0444998 0.342978
2 0.457877 0.18526 0.0496439 0.0377461 0.335829
2 0.870759 0.222705 0.0551094 0.0460083 0.335701
1 0.123276 0.637906 0.0234045 0.0392757 0.334993
2 0.0284796 0.514738 0.0568702 0.0712206 0.331002
0 0.441385 0.415485 0.0308546 0.0694196 0.329718
2 0.458225 0.184411 0.050368 0.0391264 0.329586
2 0.923338 0.23696 0.0342411 0.0546184 0.329316
2 0.768634 0.157844 0.0512186 0.032574 0.328389
2 0.485645 0.193625 0.0508867 0.0326482 0.326976
0 0.44151 0.417777 0.0310959 0.0755563 0.323148
0 0.442399 0.415089 0.0313413 0.0682658 0.322402
2 0.485002 0.193637 0.0523832 0.0300732 0.321375
2 0.48607 0.192581 0.0515247 0.0332817 0.32038
2 0.100371 0.212734 0.0517474 0.0350512 0.319211
0 0.717112 0.239785 0.0168123 0.0453054 0.317662
0 0.524762 0.364245 0.0280882 0.0716623 0.317132
0 0.441464 0.414231 0.0302589 0.0653629 0.316585
2 0.97686 0.322777 0.0455055 0.0976977 0.316406
2 0.100308 0.212775 0.0499984 0.034826 0.312768
2 0.679465 0.201368 0.0341218 0.0492454 0.311664
9 0.619508 0.0540095 0.0108509 0.0155972 0.306405
2 0.977009 0.31569 0.0453407 0.0961009 0.306124
0 0.524878 0.361684 0.0296713 0.0701562 0.305421
2 0.418895 0.311388 0.0785609 0.0527946 0.304195
0 0.441662 0.414353 0.0296995 0.0635299 0.303746
1 0.123782 0.626893 0.0252232 0.0604427 0.29967
2 0.923525 0.235194 0.0358162 0.0562848 0.299298
2 0.923328 0.23773 0.0342701 0.052707 0.299248
2 0.556675 0.251513 0.0475948 0.049461 0.297062
2 0.351765 0.204954 0.0553687 0.0403096 0.295208
2 0.151319 0.221707 0.0669747 0.0434168 0.295069
2 0.67934 0.203023 0.0328618 0.0476002 0.295055
2 0.974587 0.257798 0.0499241 0.0664978 0.293679
2 0.487415 0.193567 0.0527415 0.0340187 0.28931
2 0.977061 0.318109 0.04534 0.110781 0.289251
0 0.717029 0.238307 0.0170996 0.0431241 0.288555
2 0.557627 0.249893 0.0489148 0.0502859 0.286254
2 0.960111 0.179806 0.0564739 0.0347074 0.286185
2 0.641549 0.232934 0.0490486 0.0487588 0.285792
2 0.556549 0.250334 0.0499499 0.0504866 0.285725
2 0.977006 0.31819 0.0454464 0.110614 0.285378
3 0.271835 0.598135 0.0432971 0.0675859 0.283321
2 0.640707 0.232836 0.0469254 0.0488914 0.283041
2 0.548026 0.198897 0.0643371 0.0586662 0.280767
2 0.641335 0.233132 0.0484044 0.0484655 0.279296
2 0.770408 0.273501 0.0542263 0.0591894 0.278028
2 0.152978 0.225198 0.0630152 0.0428856 0.277177
2 0.977341 0.322848 0.0447285 0.10406 0.277134
2 0.923646 0.237624 0.0340117 0.0528905 0.27637
2 0.972498 0.261882 0.0478102 0.0610245 0.274742
2 0.976582 0.318147 0.0458059 0.108896 0.274272
2 0.973451 0.263102 0.0492077 0.0668633 0.27238
2 0.458663 0.184713 0.050317 0.0384966 0.27198
2 0.961457 0.180736 0.057119 0.0339125 0.271839
2 0.974338 0.259894 0.0507927 0.0717043 0.271305
2 0.417184 0.314483 0.0804103 0.0597651 0.26812
2 0.973969 0.25607 0.0511246 0.0597884 0.267312
2 0.629319 0.191188 0.0288095 0.0384328 0.266324
0 0.524206 0.367269 0.0270195 0.0659422 0.264674
2 0.100798 0.213044 0.0516751 0.0340826 0.263835
0 0.273741 0.545381 0.0315742 0.0544593 0.262292
2 0.44047 0.354667 0.0839659 0.0684891 0.259719
0 0.525625 0.362065 0.0287373 0.0705689 0.258297
2 0.960987 0.181268 0.0562057 0.0371131 0.256254
2 0.768008 0.159175 0.051086 0.0326203 0.255205
2 0.549898 0.197775 0.062882 0.0573131 0.25488
2 0.600387 0.221994 0.0511233 0.0438985 0.253311
0 0.273565 0.547696 0.0319353 0.0582514 0.250093
3 0.272097 0.596206 0.0413676 0.0740591 0.246033
2 0.281195 0.450558 0.12239 0.101602 0.24344
2 0.34955 0.206173 0.0496966 0.0398564 0.243078
2 0.679215 0.205221 0.0324778 0.0444922 0.24255
0 0.801135 0.210447 0.0194618 0.0387288 0.241145
2 0.959855 0.179515 0.0560612 0.0337313 0.240808
2 0.768585 0.159607 0.0508286 0.0332835 0.240347
2 0.972763 0.255675 0.0512955 0.0563444 0.239416
9 0.507914 0.0553545 0.0137365 0.0176169 0.238111
2 0.594791 0.267727 0.0536412 0.0567141 0.237874
2 0.596559 0.263853 0.0541447 0.0551894 0.237455
2 0.100074 0.213114 0.0506338 0.0342921 0.236189
0 0.716816 0.239269 0.0169892 0.0461222 0.236105
0 0.801269 0.209504 0.0194448 0.0371961 0.235914
2 0.556475 0.250035 0.0499578 0.049798 0.235275
2 0.601523 0.223329 0.0500505 0.0467259 0.232808
2 0.152397 0.225666 0.0626151 0.038272 0.232635
0 0.273474 0.553858 0.0328527 0.071738 0.23244
2 0.679539 0.202989 0.0347242 0.0493662 0.231832
2 0.960536 0.179936 0.0568041 0.0348199 0.228006
2 0.370581 0.207515 0.0889093 0.0439711 0.227353
2 0.768683 0.15814 0.0515705 0.0339224 0.225904
3 0.271349 0.599266 0.0420018 0.0665612 0.224319
2 0.38631 0.209572 0.0626186 0.0449725 0.223739
2 0.312417 0.490606 0.0744804 0.0725164 0.22343
0 0.442382 0.422367 0.0323206 0.0855635 0.223209
2 0.353556 0.205613 0.0533632 0.0405175 0.222171
0 0.525599 0.363964 0.0280001 0.0673592 0.22158
7 0.185906 0.194203 0.0762983 0.0660938 0.218242
1 0.123728 0.629146 0.0251259 0.0560676 0.21806
2 0.976825 0.321112 0.0457235 0.0975368 0.217677
2 0.558335 0.249797 0.0489037 0.049037 0.214502
2 0.768486 0.158021 0.0513679 0.0331193 0.212475
2 0.0537992 0.215637 0.0402816 0.0221719 0.211977
2 0.59981 0.223719 0.0500494 0.0461313 0.211206
0 0.140177 0.581886 0.0321424 0.0953829 0.209853
2 0.548717 0.198295 0.0628805 0.057707 0.207165
7 0.185365 0.193287 0.0765332 0.0656052 0.207044
2 0.0285312 0.515667 0.0570623 0.0718839 0.206621
2 0.870834 0.222131 0.0533501 0.0455478 0.202846
2 0.0991182 0.212186 0.046283 0.0308041 0.202707
0 0.273685 0.544602 0.0316311 0.0529305 0.200433
2 0.976797 0.32325 0.0452927 0.104871 0.200121
0 0.442503 0.415634 0.0312776 0.0676724 0.199699
2 0.768509 0.158697 0.0505589 0.0308393 0.199375
