2 0.738943 0.347317 0.115063 0.109926 0.71954
2 0.738951 0.347408 0.114591 0.10938 0.679535
2 0.738406 0.3465 0.115031 0.11054 0.61993
2 0.738584 0.346739 0.115043 0.110648 0.619438
2 0.738352 0.346739 0.115578 0.110828 0.604885
2 0.738703 0.346702 0.11429 0.109921 0.57261
2 0.738479 0.347309 0.11454 0.10972 0.56531
2 0.73831 0.347149 0.115329 0.110329 0.54926
2 0.738385 0.346585 0.11508 0.110248 0.547522
2 0.738639 0.348033 0.114134 0.108845 0.545408
2 0.0625337 0.522268 0.11915 0.0956493 0.521098
2 0.0623175 0.522531 0.118541 0.0970066 0.509454
2 0.0643122 0.521779 0.115035 0.0942773 0.478112
2 0.0630343 0.52136 0.117059 0.0939569 0.448644
6 0.509823 0.421174 0.825797 0.813226 0.446581
2 0.0688276 0.519262 0.106121 0.0898193 0.428736
6 0.545858 0.396657 0.84438 0.775846 0.382526
6 0.466828 0.424012 0.787142 0.760931 0.379777
2 0.900908 0.3031 0.118058 0.152227 0.371131
2 0.0627946 0.522393 0.118518 0.0965843 0.366035
2 0.901134 0.303372 0.117131 0.153033 0.358747
2 0.0669312 0.51937 0.110699 0.0904329 0.339939
2 0.0616085 0.52429 0.121773 0.100532 0.325138
2 0.0651392 0.521574 0.113794 0.094874 0.313344
2 0.901814 0.303347 0.117536 0.153074 0.305515
7 0.901827 0.303096 0.118295 0.153955 0.300455
2 0.901047 0.302842 0.117826 0.152831 0.29992
2 0.90139 0.302884 0.117809 0.153639 0.291083
2 0.0652304 0.520543 0.114372 0.0921827 0.2843
7 0.901435 0.303182 0.118001 0.153289 0.273509
6 0.553113 0.371049 0.800608 0.742097 0.272643
2 0.901096 0.303141 0.117434 0.152527 0.268384
2 0.901855 0.303429 0.11843 0.152482 0.265186
6 0.545191 0.37126 0.763548 0.658683 0.264572
6 0.467468 0.442807 0.886647 0.846441 0.264305
6 0.553254 0.386967 0.814062 0.760595 0.257426
6 0.559681 0.379726 0.817153 0.756435 0.237475
6 0.498102 0.415866 0.87922 0.772925 0.228149
2 0.0616359 0.525372 0.122353 0.104024 0.214339
2 0.021118 0.243807 0.042236 0.0518305 0.209311
2 0.0213312 0.248088 0.0426623 0.0597974 0.197589
2 0.0612597 0.525353 0.120153 0.103643 0.185607
2 0.711241 0.120667 0.0468 0.0362703 0.185197
2 0.0212271 0.248368 0.0424332 0.0610758 0.175067
2 0.0210685 0.243631 0.0421371 0.0512648 0.16858
2 0.0301591 0.215062 0.0591037 0.054563 0.158249
2 0.030324 0.208866 0.0562415 0.0417028 0.155046
2 0.0299029 0.208677 0.0569796 0.0414065 0.153663
2 0.0202218 0.241964 0.0404437 0.0495296 0.153111
2 0.0218818 0.241775 0.0427374 0.0490236 0.146173
2 0.0225545 0.247771 0.0442544 0.0593095 0.138588
2 0.0199474 0.242286 0.0398948 0.0494071 0.134393
6 0.420121 0.476279 0.808593 0.798833 0.133123
2 0.702463 0.120257 0.0303781 0.0307167 0.131403
6 0.0785715 0.170561 0.156463 0.121545 0.129796
2 0.0220845 0.244643 0.0441633 0.053928 0.129614
2 0.0260661 0.234699 0.0516004 0.0581037 0.127141
2 0.0300744 0.209257 0.0587983 0.0426025 0.118789
0 0.988911 0.536619 0.0213774 0.184212 0.115074
6 0.340867 0.127984 0.68011 0.25452 0.114183
0 0.988696 0.536885 0.0220821 0.1719 0.110212
9 0.50278 0.267934 0.0138331 0.0240594 0.109846
2 0.709841 0.118908 0.0451555 0.0408146 0.10859
7 0.901693 0.303446 0.117964 0.15247 0.103896
2 0.029591 0.224053 0.059182 0.0735196 0.103854
2 0.989542 0.533449 0.0204903 0.176423 0.102894
2 0.701808 0.118866 0.0289105 0.0282202 0.10098
6 0.340684 0.132692 0.679909 0.264029 0.100975
7 0.925782 0.131609 0.132449 0.196977 0.0968167
2 0.989373 0.533213 0.0208069 0.175658 0.0951839
0 0.0736966 0.209824 0.0395636 0.04722 0.0863951
7 0.926177 0.132565 0.131464 0.195562 0.0860838
2 0.827085 0.115634 0.0360859 0.0326922 0.0856607
2 0.702743 0.121508 0.0311352 0.0319889 0.0849186
2 0.829759 0.113755 0.0425156 0.0366141 0.0845354
2 0.82971 0.113888 0.0419945 0.0377468 0.0833317
7 0.92608 0.132408 0.131614 0.196092 0.082674
2 0.0300179 0.205494 0.056874 0.0352998 0.0825651
2 0.708248 0.120906 0.0425996 0.0366181 0.0814568
2 0.0200832 0.249509 0.0400393 0.0599762 0.0812245
5 0.926396 0.131809 0.131023 0.196226 0.0792871
0 0.0737907 0.210111 0.0407418 0.0479743 0.0790554
9 0.742145 0.0546061 0.0152931 0.0314353 0.0784599
2 0.0303039 0.205251 0.0558302 0.0353524 0.0766919
2 0.70977 0.115977 0.0451952 0.0389605 0.075558
6 0.0788726 0.180149 0.157745 0.138294 0.0745757
2 0.0311559 0.214752 0.0597179 0.053039 0.072823
2 0.989095 0.532217 0.0213394 0.17726 0.0718312
2 0.702263 0.116459 0.0297081 0.0301687 0.0705175
6 0.0792757 0.170015 0.15821 0.117066 0.0701455
5 0.926601 0.131828 0.130999 0.196044 0.0671049
2 0.710792 0.11045 0.047097 0.0559659 0.0644687
6 0.342214 0.126753 0.658824 0.253505 0.0620313
2 0.70188 0.121401 0.0297829 0.0326591 0.0605286
2 0.116254 0.205356 0.0530279 0.0459303 0.0603102
6 0.070618 0.169023 0.140228 0.115411 0.0601537
2 0.828872 0.114982 0.03972 0.0362431 0.0599937
0 0.0819028 0.173507 0.0363725 0.0701559 0.0596059
6 0.0797028 0.171225 0.158441 0.11748 0.0586512
0 0.0732283 0.210055 0.0398469 0.0488225 0.0585485
9 0.731939 0.0777525 0.0135921 0.0213367 0.0577313
2 0.71372 0.0856339 0.0435883 0.0394494 0.0573673
0 0.0725826 0.210802 0.0412916 0.0488725 0.0568411
0 0.0763043 0.190074 0.0392151 0.0831517 0.0551617
2 0.394148 0.0954673 0.0621855 0.0383711 0.0548225
6 0.0754332 0.16888 0.150622 0.12002 0.0529557
6 0.339599 0.123939 0.675203 0.246044 0.0528182
2 0.711645 0.0908057 0.0413469 0.0283503 0.05107
2 0.45525 0.071421 0.0443536 0.0398097 0.0499462
2 0.0209094 0.25107 0.0418189 0.0627832 0.0495993
2 0.123258 0.20521 0.0615993 0.0460885 0.0492006
6 0.255554 0.50941 0.508017 0.482979 0.0491391
2 0.830398 0.113994 0.0448032 0.0399799 0.0490816
6 0.347456 0.132157 0.692102 0.237326 0.0476967
2 0.444666 0.0777142 0.0233814 0.023877 0.0475263
0 0.985286 0.537243 0.0284811 0.179452 0.0473836
2 0.116587 0.205251 0.0495152 0.044165 0.0466917
0 0.0834851 0.173707 0.0413826 0.0767555 0.0459721
2 0.0608891 0.53279 0.121456 0.120869 0.0457988
2 0.0296829 0.216859 0.0591027 0.0581505 0.0447945
2 0.710201 0.118663 0.0473526 0.0461089 0.044254
0 0.220348 0.151863 0.0393449 0.0497547 0.0442175
0 0.0821948 0.174714 0.037807 0.0725648 0.0440221
2 0.122135 0.205319 0.0656704 0.0485318 0.0431211
2 0.988683 0.529953 0.0221483 0.18146 0.0422895
6 0.258834 0.531557 0.515341 0.586476 0.0421738
2 0.392663 0.0969677 0.05324 0.0378028 0.041876
2 0.830057 0.114455 0.0451223 0.0404335 0.0418483
2 0.395667 0.0974464 0.0589255 0.042531 0.0413775
2 0.395073 0.0969351 0.0585623 0.0388194 0.0410174
0 0.282474 0.125713 0.0272648 0.0313507 0.0407954
2 0.0274558 0.224384 0.054744 0.0774522 0.0405177
2 0.455655 0.0704909 0.0445628 0.0402363 0.039811
2 0.455874 0.0706208 0.0433174 0.039719 0.0389342
7 0.108582 0.170788 0.100881 0.111086 0.0381977
0 0.0806756 0.170798 0.0350063 0.063035 0.0371746
7 0.927527 0.130817 0.136538 0.197697 0.0370132
2 0.98971 0.534189 0.0201462 0.177054 0.0370048
2 0.455496 0.0710195 0.0437263 0.0397675 0.0369633
0 0.0685631 0.212776 0.0498365 0.0538532 0.0366892
2 0.712445 0.0999921 0.0495182 0.0720235 0.0363561
5 0.0788578 0.172947 0.157378 0.126152 0.0362762
2 0.402925 0.09302 0.0354749 0.0310706 0.0359741
2 0.351591 0.112761 0.0500634 0.0366108 0.0358469
0 0.0828605 0.168182 0.0380426 0.0625572 0.035586
2 0.155184 0.193909 0.0323561 0.0237252 0.0354888
6 0.249447 0.52047 0.497699 0.417199 0.0354515
6 0.0721629 0.167198 0.144326 0.114228 0.0350266
6 0.404698 0.473441 0.772707 0.725673 0.0347752
9 0.500122 0.272601 0.0187661 0.0337242 0.0346788
6 0.338516 0.136485 0.674967 0.252925 0.0346641
6 0.386159 0.528341 0.772318 0.786531 0.0346218
0 0.209489 0.155211 0.037589 0.057796 0.0345431
2 0.028776 0.209898 0.0574248 0.0415945 0.0345273
2 0.353171 0.110833 0.0474569 0.0341207 0.0341702
2 0.355504 0.109126 0.041162 0.0319037 0.0338969
2 0.733644 0.0549337 0.0237243 0.0326584 0.0338734
0 0.0833947 0.178533 0.0415732 0.0836738 0.0337858
0 0.293649 0.122977 0.0183996 0.0301872 0.0337344
0 0.992015 0.541255 0.0152147 0.166899 0.0334991
0 0.98911 0.535257 0.0211166 0.150284 0.0334167
0 0.280169 0.129083 0.0290345 0.0332033 0.0326693
6 0.0801285 0.171843 0.160257 0.124257 0.0325443
0 0.0755489 0.207189 0.0384082 0.0495436 0.0325156
6 0.0788775 0.176086 0.157613 0.131396 0.0324597
2 0.136079 0.20408 0.0847279 0.0465397 0.0322985
0 0.203492 0.154166 0.0301167 0.0560236 0.032111
2 0.115693 0.205559 0.0472468 0.0431317 0.0320989
9 0.502269 0.267706 0.0151533 0.026888 0.0319098
2 0.124471 0.204217 0.0610392 0.0452573 0.0317327
2 0.350613 0.116432 0.0501882 0.0438039 0.0314476
0 0.274223 0.133759 0.0275213 0.0372948 0.0310729
0 0.98711 0.537516 0.0250387 0.16761 0.0310574
2 0.710839 0.115755 0.0475439 0.045971 0.0308392
2 0.164564 0.191013 0.0520793 0.0327585 0.030747
2 0.11888 0.204781 0.0495249 0.0425259 0.0307329
2 0.0611191 0.536476 0.121644 0.131558 0.0305708
0 0.944877 0.252281 0.0156252 0.0343851 0.0305009
7 0.105689 0.171963 0.105465 0.110308 0.0302954
0 0.0817327 0.172004 0.0370439 0.0644387 0.0297672
6 0.34596 0.122072 0.662078 0.243492 0.0295156
2 0.556525 0.378879 0.0801025 0.0678299 0.0294664
9 0.739013 0.0610209 0.0165027 0.0239425 0.0292309
2 0.352039 0.111067 0.0472614 0.0329903 0.02894
2 0.831129 0.114037 0.0470484 0.0411786 0.0284524
0 0.0712261 0.212059 0.0453844 0.0554387 0.0283374
2 0.551551 0.378259 0.0913412 0.0706847 0.0277745
0 0.279438 0.131797 0.0361986 0.0408451 0.0273106
2 0.0608888 0.537627 0.121577 0.131657 0.0273062
2 0.553798 0.376414 0.0916729 0.073021 0.0269773
6 0.258092 0.527317 0.51324 0.475838 0.0269516
7 0.0856323 0.170733 0.145912 0.114362 0.0269487
7 0.108479 0.171711 0.101779 0.109916 0.0265355
2 0.455139 0.0712819 0.0468861 0.0420932 0.0263218
0 0.0825255 0.176151 0.0402001 0.0786231 0.0259318
2 0.554928 0.379533 0.0777983 0.0667932 0.0258438
2 0.0213641 0.251794 0.0426088 0.0650591 0.0256057
2 0.0296924 0.20541 0.057971 0.035823 0.0254156
0 0.0822883 0.182664 0.0421821 0.089658 0.0253884
2 0.225729 0.149267 0.0452611 0.0471844 0.0249415
2 0.410694 0.0887843 0.032859 0.0290443 0.0248782
2 0.455089 0.0711976 0.0441272 0.0388031 0.0244387
9 0.743287 0.0515372 0.0143801 0.0296809 0.0239238
2 0.113434 0.205724 0.0516116 0.0452181 0.0236515
2 0.0455822 0.247858 0.0881666 0.0578928 0.0235412
2 0.710261 0.116959 0.0506789 0.0454467 0.0231294
2 0.390731 0.0967987 0.0599654 0.0387272 0.0230704
2 0.169107 0.185001 0.0612686 0.048383 0.0229758
2 0.403641 0.0903304 0.0489434 0.0305068 0.0229549
7 0.108059 0.167686 0.101399 0.0996288 0.0228974
2 0.160248 0.196461 0.0704419 0.0338664 0.0228885
2 0.396519 0.0916616 0.0599791 0.0327782 0.0228118
6 0.566408 0.363495 0.819153 0.708404 0.0227615
6 0.840214 0.721459 0.319279 0.550478 0.022602
2 0.0672524 0.519184 0.10568 0.0908798 0.022385
6 0.0795661 0.175062 0.158989 0.13128 0.0223549
2 0.828417 0.115685 0.0410782 0.0371304 0.0222758
2 0.988513 0.527128 0.0220806 0.133236 0.0221989
2 0.712028 0.100047 0.0440732 0.0549627 0.0219611
9 0.172507 0.0509297 0.0204638 0.0623542 0.0219005
0 0.2215 0.1543 0.0451101 0.0537976 0.0218376
2 0.288039 0.130144 0.0487982 0.0447586 0.0217421
2 0.237376 0.149161 0.0525769 0.043014 0.0215891
6 0.344349 0.213079 0.668992 0.426158 0.0215309
2 0.286599 0.132831 0.0518253 0.0485972 0.0215305
2 0.98831 0.501939 0.022517 0.108697 0.0214808
6 0.181878 0.168182 0.363481 0.142007 0.0214013
2 0.732517 0.246776 0.07792 0.061556 0.0210935
7 0.108153 0.173544 0.102022 0.111523 0.0210093
6 0.265723 0.481091 0.531447 0.549045 0.020876
9 0.499588 0.271234 0.0204575 0.0315845 0.0201868
2 0.713245 0.087894 0.0455373 0.0462043 0.0201272
0 0.286199 0.12835 0.0395866 0.0392193 0.0201144
6 0.173397 0.172689 0.346794 0.134461 0.019996
2 0.989163 0.5049 0.0209509 0.0990119 0.0199025
2 0.155448 0.197414 0.0356497 0.0326381 0.0198391
2 0.219602 0.154011 0.0813339 0.0589242 0.019758
2 0.0203995 0.234284 0.040733 0.0375155 0.0197388
0 0.985575 0.540464 0.0279648 0.168164 0.0197133
7 0.928071 0.130242 0.137285 0.206352 0.0195675
9 0.170684 0.0447009 0.0285291 0.078316 0.0195066
5 0.927848 0.132099 0.136412 0.199829 0.0190044
2 0.827982 0.11654 0.0406788 0.0350982 0.0189839
2 0.0677788 0.519362 0.112139 0.0906157 0.0187922
2 0.732605 0.246194 0.0763536 0.0598447 0.0187115
7 0.105927 0.172102 0.104927 0.111033 0.0187008
6 0.243016 0.52749 0.484598 0.433975 0.0186249
2 0.714241 0.0940121 0.0369308 0.0235002 0.0185815
5 0.0735788 0.176036 0.146799 0.131875 0.0180799
2 0.0508731 0.210163 0.101342 0.0481659 0.0178368
2 0.711025 0.107055 0.0483057 0.061515 0.017591
0 0.0794558 0.181598 0.0384219 0.0817567 0.0175734
0 0.989333 0.50991 0.0205986 0.125372 0.0172888
2 0.456105 0.0689305 0.0443086 0.0380863 0.0172029
6 0.332629 0.504614 0.315471 0.227549 0.0171154
6 0.296457 0.160591 0.588302 0.168072 0.0169544
6 0.840608 0.720985 0.317652 0.554305 0.0167699
2 0.745856 0.249156 0.0451288 0.0464681 0.0167491
0 0.944586 0.250448 0.0153378 0.0372593 0.0166283
2 0.226992 0.150275 0.0528712 0.0473226 0.0165118
2 0.0484092 0.239462 0.0963638 0.0877798 0.0163876
2 0.395884 0.098411 0.0624248 0.0452555 0.0163781
9 0.171175 0.0257646 0.0283023 0.0373768 0.0163345
2 0.383018 0.098582 0.0291195 0.0351647 0.0162685
6 0.264855 0.499216 0.528718 0.4634 0.0161977
9 0.73295 0.0536996 0.0187696 0.0326334 0.0160041
2 0.988771 0.505473 0.0214741 0.101984 0.0158421
9 0.73139 0.0708257 0.0170294 0.0276467 0.0158233
6 0.182301 0.169834 0.362743 0.156916 0.0158055
0 0.0629252 0.21473 0.0658114 0.0519321 0.0155266
0 0.0692312 0.206775 0.0588982 0.0555491 0.0154928
2 0.828782 0.111249 0.045289 0.0405611 0.0153585
2 0.832224 0.115835 0.0532043 0.04229 0.015174
2 0.346846 0.111878 0.0375315 0.0299238 0.0151704
0 0.0918649 0.182922 0.0248097 0.0881127 0.0150094
0 0.198535 0.148728 0.0279654 0.0478719 0.0148533
9 0.494373 0.282457 0.0166344 0.0211188 0.0147169
5 0.0804371 0.172038 0.156731 0.117977 0.0144896
2 0.307625 0.125089 0.0259892 0.0373647 0.0140713
0 0.201124 0.146223 0.024359 0.0422771 0.013973
0 0.992983 0.579511 0.0131767 0.0903482 0.0138636
2 0.770921 0.211539 0.0428282 0.0466528 0.0138597
6 0.285519 0.162053 0.566874 0.18775 0.0137166
2 0.563853 0.372842 0.0915096 0.0820533 0.0135364
6 0.838521 0.719092 0.3221 0.559176 0.013476
2 0.714707 0.0852112 0.0436806 0.0393761 0.0134699
2 0.239472 0.148626 0.0623897 0.0450141 0.0134301
2 0.0426684 0.221488 0.0348693 0.0408484 0.0128657
9 0.171266 0.0443586 0.0263122 0.0751885 0.012848
0 0.916059 0.280091 0.017054 0.0314512 0.0127889
2 0.224217 0.168136 0.0467103 0.0474456 0.0127625
6 0.17468 0.176354 0.347972 0.141378 0.0125768
2 0.715427 0.080132 0.0423539 0.0367002 0.0125055
6 0.839291 0.721255 0.32042 0.550233 0.0124909
2 0.0376673 0.237872 0.0731718 0.0714076 0.0122413
2 0.22416 0.161667 0.0462067 0.0424204 0.012187
0 0.213342 0.157319 0.0399118 0.0579373 0.0121694
0 0.0652789 0.211739 0.064047 0.0576106 0.0119196
0 0.989264 0.506604 0.020681 0.0957315 0.0118931
2 0.0419335 0.232544 0.0835159 0.0823903 0.0118895
