2 0.0977733 0.674134 0.195541 0.227609 0.920686
2 0.0979499 0.673449 0.195701 0.227333 0.908366
2 0.0979059 0.673825 0.195704 0.226922 0.900713
2 0.325551 0.748478 0.281588 0.265886 0.900577
2 0.0976653 0.673986 0.195274 0.227666 0.897607
2 0.098025 0.675157 0.195892 0.227282 0.890385
2 0.326198 0.74788 0.282201 0.264545 0.8875
2 0.0973576 0.674043 0.19465 0.226647 0.885529
2 0.0982283 0.673748 0.196457 0.227715 0.885101
2 0.326299 0.747736 0.282874 0.264934 0.880263
2 0.0977003 0.673689 0.194283 0.225898 0.879805
2 0.326064 0.748216 0.281955 0.264297 0.877778
2 0.0977197 0.674381 0.195379 0.226193 0.874168
2 0.32622 0.747311 0.282312 0.265455 0.867235
2 0.326082 0.748844 0.282669 0.263953 0.860271
2 0.677964 0.319659 0.0892345 0.112847 0.834877
2 0.326441 0.747793 0.282704 0.265175 0.825164
5 0.676335 0.15618 0.195619 0.172725 0.819953
2 0.326657 0.747782 0.282244 0.26672 0.816546
2 0.0978786 0.672549 0.195136 0.22626 0.814988
5 0.676325 0.157998 0.194723 0.167468 0.813582
2 0.678125 0.319523 0.0889867 0.113169 0.801071
2 0.326654 0.747975 0.282161 0.266433 0.795632
2 0.677624 0.319243 0.0893361 0.112786 0.794871
2 0.677991 0.319599 0.0885031 0.112755 0.778194
5 0.675639 0.158387 0.195376 0.165815 0.772468
5 0.851115 0.487639 0.29677 0.535989 0.767659
2 0.326924 0.748186 0.282195 0.265383 0.761058
5 0.67643 0.157093 0.194508 0.16868 0.750406
2 0.677862 0.319294 0.0887816 0.112435 0.744239
5 0.852181 0.477194 0.295232 0.540626 0.742922
5 0.676221 0.157045 0.194673 0.169548 0.739904
5 0.851814 0.483812 0.295605 0.542676 0.739574
2 0.678237 0.31941 0.0884203 0.112071 0.736163
5 0.676888 0.156471 0.195415 0.170036 0.733376
2 0.678141 0.319543 0.0883616 0.112999 0.701416
5 0.852557 0.485829 0.294886 0.53357 0.696063
5 0.676258 0.156625 0.194147 0.16978 0.690848
2 0.677411 0.319064 0.0891233 0.11349 0.686448
2 0.678259 0.319682 0.0879265 0.1129 0.672945
2 0.678171 0.318916 0.0884951 0.112263 0.67016
5 0.852497 0.493468 0.295007 0.521241 0.654838
2 0.321493 0.259965 0.137502 0.134492 0.600621
5 0.851846 0.484573 0.295496 0.541639 0.59784
5 0.851164 0.493534 0.296625 0.525826 0.595068
5 0.85199 0.500087 0.295722 0.513142 0.586432
5 0.85244 0.50347 0.29512 0.505843 0.5698
5 0.676866 0.156251 0.196628 0.173448 0.561524
2 0.321301 0.259886 0.13755 0.133914 0.55526
5 0.0657721 0.473453 0.131544 0.356004 0.553459
2 0.32129 0.260459 0.136449 0.135432 0.546362
2 0.321314 0.259792 0.137493 0.134186 0.544525
5 0.851299 0.503774 0.296711 0.507639 0.533526
5 0.0651689 0.475318 0.130338 0.352017 0.514678
2 0.321141 0.259623 0.136161 0.134498 0.513434
2 0.321384 0.259867 0.137031 0.134393 0.509458
2 0.321101 0.259749 0.136933 0.134267 0.496499
2 0.161733 0.202662 0.12254 0.0620964 0.490558
2 0.321485 0.25979 0.13714 0.13442 0.481955
2 0.320915 0.25951 0.136694 0.1348 0.475118
2 0.161982 0.201778 0.12237 0.060873 0.451966
5 0.0656775 0.476581 0.131355 0.354541 0.451298
5 0.0666136 0.473395 0.132467 0.356259 0.447046
2 0.321418 0.259752 0.137206 0.134728 0.44663
2 0.163368 0.202021 0.119185 0.0592103 0.439172
5 0.095059 0.336284 0.18984 0.226989 0.42582
5 0.0951992 0.336415 0.190115 0.228048 0.423665
5 0.0954337 0.335806 0.189831 0.22356 0.401185
2 0.180209 0.198759 0.0854742 0.0539103 0.393609
2 0.178823 0.201028 0.087966 0.0590513 0.387876
5 0.0952533 0.336567 0.189498 0.224891 0.387167
5 0.0953823 0.335866 0.190527 0.225716 0.373087
5 0.676342 0.158627 0.194647 0.165169 0.364746
5 0.884277 0.0918252 0.0816269 0.179602 0.357785
5 0.879872 0.107192 0.0702473 0.151578 0.353767
5 0.882658 0.09222 0.0798512 0.181918 0.348165
2 0.160938 0.20258 0.123633 0.0625602 0.340425
2 0.181865 0.202707 0.0836005 0.0618095 0.339055
5 0.881401 0.0971162 0.0741343 0.169624 0.33309
5 0.882243 0.0955314 0.0750023 0.168572 0.331159
2 0.161182 0.202974 0.123558 0.0629487 0.322104
5 0.0673307 0.454172 0.134553 0.395687 0.316603
5 0.0663168 0.473401 0.132301 0.354895 0.312938
2 0.181473 0.202294 0.0834485 0.0613653 0.311105
5 0.67731 0.158106 0.193723 0.166876 0.308908
5 0.072161 0.449841 0.144322 0.401755 0.288192
5 0.880178 0.106881 0.0697727 0.14888 0.285832
2 0.175541 0.200564 0.0943003 0.0547544 0.27832
5 0.879454 0.107839 0.0680569 0.147979 0.272397
5 0.0954443 0.335145 0.190889 0.226955 0.266819
5 0.878943 0.109059 0.0691023 0.147455 0.256442
2 0.160925 0.206161 0.124026 0.0569774 0.251534
2 0.182498 0.202298 0.0842524 0.061725 0.241184
2 0.181602 0.201585 0.0842331 0.0594476 0.240246
5 0.0955322 0.336181 0.191064 0.226226 0.237145
5 0.88623 0.104581 0.0815685 0.146724 0.226684
5 0.886249 0.0882664 0.0877771 0.175287 0.217786
5 0.886965 0.0980301 0.0925243 0.193548 0.217078
9 0.462929 0.0633245 0.0162769 0.0288606 0.21539
2 0.18132 0.202514 0.0812722 0.0620984 0.204534
5 0.0963044 0.414156 0.192609 0.383103 0.195361
0 0.956194 0.151498 0.0202972 0.0786125 0.19106
0 0.955939 0.155093 0.0209862 0.0864269 0.190773
5 0.0978664 0.438928 0.195366 0.429096 0.187551
2 0.18208 0.199017 0.0833805 0.0526353 0.186886
0 0.956246 0.150623 0.0198826 0.0740376 0.186539
5 0.892987 0.0984544 0.0963242 0.158322 0.185743
5 0.0952823 0.439 0.189283 0.418804 0.184575
5 0.889118 0.10481 0.0897499 0.146407 0.166936
2 0.161326 0.202887 0.12411 0.0616542 0.161616
2 0.851185 0.186099 0.0651941 0.0967477 0.153371
5 0.890523 0.092221 0.0989031 0.182264 0.144087
5 0.0915866 0.445654 0.18265 0.408502 0.143791
2 0.866068 0.18726 0.0393919 0.0927614 0.1333
9 0.464469 0.0610449 0.0141879 0.0217972 0.128343
5 0.881807 0.090168 0.0849367 0.179704 0.127097
5 0.0958948 0.38976 0.190169 0.330381 0.124022
5 0.0951851 0.387919 0.189621 0.331076 0.123563
5 0.884418 0.106267 0.0767754 0.144636 0.119809
2 0.854552 0.186325 0.0585926 0.0967128 0.117632
5 0.76992 0.12061 0.122755 0.154166 0.116281
5 0.095579 0.335885 0.188477 0.22402 0.115617
9 0.462861 0.0623254 0.0171597 0.025221 0.109797
0 0.741144 0.184949 0.0150946 0.0465572 0.106266
2 0.761613 0.326208 0.0749855 0.0635892 0.104066
5 0.90293 0.091878 0.123368 0.18326 0.0997001
2 0.762596 0.323151 0.0544923 0.0566114 0.0974617
2 0.865843 0.186391 0.0394369 0.0940581 0.0936191
5 0.76973 0.120387 0.118839 0.153457 0.0935424
0 0.956114 0.141787 0.0198404 0.0568854 0.0918711
2 0.317764 0.630441 0.0538037 0.0323566 0.0892678
2 0.763385 0.322397 0.0563475 0.0567739 0.0885452
9 0.464125 0.0616272 0.0162952 0.022842 0.0879795
5 0.0637886 0.45178 0.127382 0.29915 0.086149
5 0.752029 0.0736573 0.0803478 0.064655 0.0857825
2 0.861653 0.187039 0.0303152 0.0913616 0.0842007
5 0.754911 0.120891 0.141728 0.155065 0.0831741
2 0.762489 0.322097 0.0545128 0.0567312 0.0831573
0 0.741612 0.186632 0.0161307 0.0492905 0.0812326
2 0.84445 0.186485 0.0770424 0.095785 0.0810962
2 0.758008 0.334556 0.0669215 0.0817042 0.0810727
2 0.761025 0.32574 0.0635012 0.0601248 0.0803432
5 0.878155 0.137306 0.0617672 0.0867801 0.0783456
2 0.84343 0.185443 0.0802284 0.0988991 0.0779127
2 0.865749 0.189627 0.0361267 0.0890595 0.0768405
2 0.760512 0.331436 0.0740687 0.0731393 0.0765509
2 0.318651 0.630367 0.052428 0.0328314 0.0751462
2 0.76164 0.323486 0.0605611 0.0595329 0.0743291
5 0.878159 0.138306 0.0612003 0.0864218 0.0734409
2 0.758273 0.332076 0.0652233 0.0742672 0.0734113
5 0.773914 0.120916 0.112815 0.151783 0.0731261
2 0.777965 0.322565 0.0893093 0.057484 0.0710672
2 0.863695 0.186467 0.0344349 0.0933362 0.0702942
5 0.983579 0.0948292 0.0320873 0.0692016 0.0663437
2 0.317074 0.631132 0.0552001 0.0336014 0.0659278
5 0.932628 0.093097 0.023057 0.0947323 0.0656316
5 0.752484 0.0711239 0.0783178 0.0575696 0.0655573
2 0.318977 0.630927 0.0513628 0.0322539 0.0643041
0 0.859897 0.190961 0.0249748 0.085461 0.0639443
5 0.872147 0.118463 0.0965368 0.232276 0.0635371
5 0.921363 0.0876845 0.15497 0.174911 0.0628745
5 0.767401 0.120422 0.121218 0.154675 0.0587774
2 0.318777 0.630887 0.0525275 0.032424 0.0569655
2 0.126056 0.212245 0.0526441 0.0390866 0.0567205
2 0.317413 0.630416 0.053985 0.0337941 0.0564641
5 0.87822 0.134761 0.0617386 0.0777066 0.0551732
0 0.67859 0.13999 0.0169184 0.0281189 0.0548293
2 0.778742 0.323192 0.0964291 0.0605628 0.0521462
0 0.70598 0.142368 0.0161 0.0325194 0.0516935
0 0.955959 0.150235 0.0223936 0.0786581 0.0502469
5 0.777433 0.118257 0.117728 0.150344 0.0494862
0 0.95681 0.141532 0.0214195 0.0605846 0.0486795
5 0.878874 0.136072 0.0623138 0.0792016 0.0481832
2 0.990724 0.134522 0.0177551 0.0515488 0.0477788
0 0.721282 0.143783 0.0153618 0.0220282 0.0471441
5 0.956999 0.0388502 0.0856392 0.0777004 0.0467603
5 0.903632 0.0891458 0.123465 0.176656 0.0460533
5 0.0952198 0.334574 0.18975 0.223201 0.0459981
9 0.460792 0.0658422 0.0153337 0.0283689 0.0458219
2 0.960149 0.0971604 0.033799 0.0365303 0.0452882
0 0.740635 0.180732 0.0144155 0.0406258 0.0451709
5 0.879935 0.125503 0.0660217 0.114382 0.0448468
2 0.0153724 0.235623 0.0305505 0.04468 0.0446438
5 0.955778 0.0854323 0.0380514 0.044011 0.0436141
2 0.0162454 0.238706 0.0295135 0.0361265 0.0434722
5 0.858579 0.0940213 0.124926 0.185056 0.0431167
5 0.860364 0.288971 0.279258 0.172594 0.0430447
2 0.957456 0.0945646 0.0371069 0.0327416 0.0426008
0 0.678988 0.137524 0.0163852 0.0269616 0.0424174
5 0.752476 0.0700297 0.0785569 0.0559299 0.0421705
2 0.207142 0.195279 0.0354215 0.0339217 0.0421405
2 0.983402 0.10382 0.0320168 0.058861 0.0420118
5 0.676521 0.156567 0.195688 0.170725 0.0418231
2 0.316304 0.631348 0.0563324 0.0350304 0.0414133
5 0.965534 0.0894542 0.0460754 0.0484468 0.0410316
2 0.985661 0.139357 0.0276302 0.044696 0.0407677
5 0.925298 0.0956424 0.0336792 0.105678 0.0406048
2 0.775673 0.172061 0.0215191 0.0258957 0.0402283
5 0.984149 0.107257 0.0312534 0.104463 0.0402207
2 0.792808 0.325414 0.137906 0.0641967 0.040208
2 0.171078 0.202816 0.0578915 0.0621588 0.0398627
5 0.773633 0.114099 0.119974 0.142679 0.0396458
5 0.963236 0.0873585 0.0528915 0.0485772 0.0395688
2 0.125375 0.212178 0.0526173 0.0399417 0.0395568
5 0.931799 0.0832592 0.0275938 0.0787128 0.039288
2 0.780098 0.321204 0.098505 0.0596633 0.0392071
5 0.957039 0.0384455 0.0844143 0.0759569 0.0390033
2 0.125633 0.212307 0.0531433 0.0397354 0.0385379
5 0.93042 0.0932192 0.0264359 0.0986287 0.0385358
2 0.846356 0.187176 0.0720913 0.0934475 0.0384325
5 0.754665 0.073069 0.0736307 0.0612129 0.0382176
0 0.70666 0.136297 0.0169321 0.0342376 0.038141
2 0.865401 0.200323 0.0335867 0.0693041 0.037985
2 0.990348 0.138037 0.0185516 0.0470877 0.0379825
2 0.778715 0.321381 0.0870717 0.056154 0.037888
5 0.87837 0.134103 0.0608753 0.0755982 0.0375512
5 0.956562 0.083132 0.0358707 0.0439167 0.0374955
0 0.931821 0.125097 0.0169012 0.0456004 0.0374183
2 0.129271 0.208861 0.0601352 0.0475874 0.0373135
2 0.990478 0.150338 0.0179974 0.0245526 0.0372679
5 0.988198 0.111408 0.0229157 0.0839432 0.0370846
5 0.883741 0.277128 0.232518 0.150296 0.036852
2 0.205251 0.205524 0.0330887 0.0408543 0.0366866
2 0.987129 0.143275 0.0244167 0.0413311 0.0366515
2 0.0129081 0.23648 0.0258161 0.0427111 0.0366062
2 0.206641 0.202538 0.0344403 0.037963 0.0365291
0 0.566424 0.170441 0.0164993 0.0423831 0.036318
5 0.773766 0.120515 0.118928 0.155315 0.0362745
0 0.738767 0.187226 0.0189182 0.0535639 0.0362628
5 0.985703 0.0789682 0.0277382 0.0722024 0.0362362
2 0.98938 0.114534 0.0204088 0.0936024 0.0347213
0 0.314034 0.241987 0.0174521 0.0251901 0.0345566
5 0.984455 0.115769 0.0305849 0.0964245 0.0342212
0 0.970409 0.11912 0.0186995 0.0334895 0.0339694
2 0.867888 0.186431 0.0389706 0.0881644 0.0338253
2 0.844013 0.187744 0.0791042 0.092701 0.033798
2 0.969524 0.104693 0.0296597 0.0527136 0.033734
0 0.740411 0.187531 0.0188311 0.050891 0.033656
0 0.955502 0.160222 0.0216068 0.0925076 0.0335612
2 0.204965 0.197519 0.0376522 0.0403457 0.0329123
5 0.933132 0.0873506 0.0248541 0.0846628 0.0325106
5 0.881469 0.135546 0.0684761 0.0772974 0.032484
5 0.956968 0.0365958 0.0846569 0.0731916 0.0324655
5 0.961027 0.0841047 0.0469557 0.0473286 0.0324163
2 0.794175 0.284668 0.0996637 0.100652 0.0323677
5 0.755131 0.0724074 0.077875 0.0590455 0.0322536
2 0.211336 0.190399 0.0408169 0.0307664 0.0321472
9 0.128299 0.0588746 0.0145751 0.045989 0.0315578
0 0.773775 0.172701 0.0227167 0.0252946 0.0313751
5 0.950373 0.0787547 0.0356823 0.0522531 0.0313324
0 0.695099 0.145985 0.0131435 0.0268619 0.0313147
5 0.0953661 0.425296 0.189325 0.404684 0.0311151
5 0.956355 0.0358562 0.08729 0.0717124 0.031073
2 0.791148 0.277927 0.0875114 0.0726356 0.0310387
2 0.966446 0.0949671 0.0255543 0.0274585 0.030759
0 0.864098 0.185264 0.0346937 0.0923618 0.0302979
0 0.369284 0.117936 0.0136204 0.0378142 0.0300739
5 0.870347 0.282354 0.259305 0.159363 0.0297612
0 0.736341 0.187496 0.0161955 0.0531439 0.0297266
2 0.791852 0.275361 0.0861107 0.0707413 0.0297173
9 0.128419 0.0573418 0.0137718 0.0402941 0.0296929
5 0.847781 0.139625 0.111934 0.189706 0.0292645
0 0.983484 0.135502 0.0290743 0.0502181 0.0292188
2 0.127498 0.208127 0.0554646 0.0492406 0.0288923
0 0.287302 0.701278 0.0333526 0.0329657 0.0287037
2 0.988708 0.0904255 0.0218422 0.0551419 0.0284937
2 0.00894179 0.242703 0.0178836 0.0304946 0.0283197
0 0.285144 0.701586 0.0380403 0.0348413 0.0281689
2 0.985851 0.11723 0.0277981 0.0934047 0.0279438
9 0.124536 0.10427 0.0168613 0.041058 0.0277409
2 0.205472 0.203265 0.0348806 0.0379042 0.0275943
2 0.12547 0.213026 0.0515414 0.0369472 0.0274228
0 0.95443 0.157768 0.0294466 0.0963721 0.0274052
2 0.763395 0.322578 0.0532302 0.0552748 0.0272263
0 0.38233 0.164188 0.0192915 0.0559502 0.0271095
2 0.318485 0.631045 0.0521515 0.0336556 0.0270686
2 0.948281 0.105781 0.0211903 0.0259028 0.0269935
0 0.707261 0.145607 0.0172931 0.0338613 0.0269894
2 0.175938 0.202079 0.0720742 0.0598365 0.0269379
2 0.831117 0.267692 0.0544054 0.0395258 0.0266421
5 0.857647 0.109417 0.121418 0.160639 0.0266289
2 0.206623 0.20435 0.0335407 0.0392426 0.0265089
2 0.781726 0.320813 0.093392 0.0557462 0.0264415
2 0.018882 0.24213 0.0226484 0.0301957 0.026399
5 0.0631524 0.458824 0.126202 0.313424 0.0260205
5 0.960909 0.0367328 0.078181 0.0734656 0.0259171
9 0.124898 0.097999 0.0152979 0.0290324 0.0257884
5 0.0638021 0.442501 0.127604 0.281728 0.0253087
2 0.79117 0.275527 0.0838357 0.0647141 0.0251201
2 0.877575 0.14013 0.0622231 0.0884031 0.0247513
5 0.900045 0.274972 0.19991 0.147277 0.0240977
2 0.81884 0.26551 0.0188667 0.0270316 0.0239337
5 0.956128 0.0247443 0.087744 0.0494885 0.0238673
5 0.965842 0.0892171 0.0673344 0.169633 0.0237182
2 0.181445 0.201727 0.0839903 0.0609671 0.0236978
2 0.984935 0.0993675 0.0283176 0.0511594 0.0236958
5 0.745411 0.0724328 0.0886831 0.0589346 0.0234198
5 0.984245 0.0984426 0.0310053 0.117964 0.0233714
5 0.0654145 0.481173 0.130435 0.348292 0.0233504
5 0.957927 0.0370641 0.0841466 0.0741283 0.0233302
