2 0.0871 0.735493 0.17401 0.256361 0.901898
2 0.087202 0.736523 0.174404 0.25716 0.895067
2 0.580976 0.673106 0.241431 0.248215 0.894355
2 0.605969 0.490248 0.185117 0.155571 0.891276
2 0.0869878 0.736909 0.173309 0.257997 0.886894
2 0.0869628 0.735836 0.173926 0.256533 0.883984
2 0.0871726 0.736311 0.173975 0.257117 0.876938
2 0.580979 0.674236 0.240398 0.248133 0.874188
2 0.0872939 0.735632 0.173841 0.256676 0.873587
2 0.0869882 0.735961 0.173404 0.25622 0.864859
2 0.087408 0.736273 0.174298 0.255731 0.86006
2 0.606173 0.489464 0.185087 0.156537 0.859159
2 0.936031 0.471532 0.126889 0.185611 0.853509
2 0.581496 0.673347 0.240116 0.247734 0.852934
2 0.93608 0.470873 0.127059 0.185726 0.85184
2 0.581683 0.673177 0.242749 0.249391 0.851495
2 0.0749534 0.926588 0.149641 0.146538 0.849843
2 0.676053 0.317127 0.0898241 0.111633 0.849445
2 0.0870158 0.736343 0.174032 0.255984 0.845201
2 0.935882 0.471844 0.127137 0.187507 0.840413
2 0.581399 0.674136 0.241852 0.248426 0.835897
2 0.9357 0.470827 0.127724 0.185373 0.832742
2 0.606164 0.488836 0.185909 0.155776 0.831327
2 0.459323 0.298759 0.120254 0.109026 0.830242
2 0.581955 0.674128 0.242446 0.249083 0.828515
2 0.936088 0.470781 0.127022 0.185343 0.824442
2 0.676082 0.317099 0.0899635 0.111292 0.823793
2 0.459646 0.298638 0.120588 0.109122 0.819334
2 0.459464 0.298689 0.120537 0.109601 0.81563
2 0.606483 0.48927 0.185329 0.156153 0.815576
2 0.459356 0.298276 0.11937 0.109616 0.814972
2 0.460132 0.298513 0.118848 0.109175 0.811446
2 0.935669 0.471148 0.127772 0.184243 0.810238
2 0.0870331 0.736106 0.173684 0.259341 0.80946
2 0.606352 0.489049 0.185511 0.155893 0.805241
2 0.0754511 0.92753 0.148986 0.144112 0.804644
2 0.0745747 0.92749 0.148278 0.14431 0.804519
2 0.074912 0.927511 0.148865 0.144786 0.799835
2 0.675978 0.316907 0.0898878 0.111031 0.797465
2 0.935777 0.471482 0.127593 0.18482 0.796208
2 0.606416 0.489264 0.185711 0.156381 0.793606
2 0.675854 0.316804 0.090021 0.110976 0.793127
2 0.164129 0.46348 0.165482 0.161657 0.79173
2 0.1643 0.463509 0.166374 0.161672 0.791639
2 0.16415 0.464149 0.166053 0.160134 0.786483
2 0.675754 0.316902 0.0901226 0.111337 0.785055
2 0.459821 0.298269 0.118712 0.109893 0.780805
2 0.163656 0.464558 0.166587 0.159901 0.779211
2 0.164523 0.463769 0.165984 0.161201 0.772823
2 0.459582 0.298942 0.119625 0.109571 0.7668
2 0.606485 0.488955 0.185678 0.156741 0.765617
2 0.45935 0.29837 0.119206 0.109966 0.762953
2 0.935943 0.47155 0.127139 0.185199 0.762761
2 0.676013 0.316821 0.0908634 0.112101 0.759901
2 0.58127 0.674699 0.242678 0.248934 0.759792
2 0.0742033 0.927768 0.148085 0.143692 0.737861
2 0.606855 0.488755 0.184138 0.155071 0.733774
2 0.0741247 0.927376 0.147336 0.144402 0.733667
2 0.676091 0.316758 0.0895452 0.110445 0.728113
2 0.164353 0.464313 0.166933 0.160325 0.726694
2 0.164058 0.4639 0.166879 0.160326 0.72062
2 0.581009 0.673048 0.240684 0.24675 0.710762
2 0.675848 0.317009 0.0900167 0.11154 0.70959
2 0.675939 0.316619 0.0896093 0.110588 0.701814
2 0.459915 0.298601 0.118829 0.109195 0.695352
2 0.58184 0.673148 0.242727 0.248939 0.691419
2 0.580778 0.673661 0.240729 0.246002 0.671982
2 0.606742 0.489456 0.185074 0.156744 0.651814
2 0.936171 0.47154 0.127309 0.184635 0.641806
2 0.165589 0.465898 0.170308 0.157909 0.634308
2 0.950155 0.31455 0.0994881 0.138565 0.625927
2 0.894625 0.279484 0.0937283 0.111974 0.6187
2 0.895774 0.279104 0.0947643 0.11434 0.617757
2 0.0738773 0.927711 0.147208 0.143523 0.612484
2 0.894987 0.279237 0.0946714 0.112636 0.602916
2 0.895673 0.280896 0.0955227 0.116057 0.598698
2 0.894015 0.279931 0.0937305 0.113272 0.577121
2 0.950099 0.314762 0.0989414 0.138265 0.572198
2 0.950211 0.315015 0.098867 0.13942 0.570648
2 0.0751589 0.927388 0.148576 0.144302 0.564487
2 0.67594 0.31713 0.0895033 0.110932 0.549102
2 0.895016 0.278511 0.0935877 0.111734 0.545014
2 0.894942 0.279544 0.0947838 0.113493 0.541956
2 0.949914 0.31456 0.0995995 0.139487 0.516596
2 0.894902 0.278433 0.0944658 0.111434 0.493028
2 0.950065 0.315012 0.0993607 0.138204 0.486248
2 0.0741972 0.927758 0.148119 0.144404 0.47768
2 0.9501 0.315319 0.0992794 0.139172 0.469479
2 0.895689 0.280422 0.0956905 0.115214 0.451391
2 0.950253 0.314826 0.0992611 0.140277 0.406701
5 0.659911 0.152751 0.20284 0.121232 0.393363
2 0.950245 0.315158 0.0986511 0.139571 0.385248
5 0.624982 0.153021 0.13322 0.120395 0.379868
2 0.204374 0.35058 0.137998 0.113893 0.370314
5 0.638821 0.152618 0.161102 0.121292 0.366956
2 0.0756995 0.927513 0.149578 0.144434 0.354129
5 0.660562 0.14112 0.203142 0.143397 0.343909
2 0.949846 0.31524 0.099835 0.139302 0.339938
2 0.210299 0.35006 0.126072 0.11313 0.337736
5 0.661359 0.139316 0.206247 0.146358 0.321682
2 0.212256 0.349846 0.122221 0.111993 0.311515
2 0.20902 0.350205 0.129393 0.113653 0.302331
2 0.950394 0.314778 0.0989182 0.140673 0.294361
2 0.210554 0.350105 0.126235 0.113294 0.285619
2 0.208877 0.350133 0.129503 0.114233 0.279593
5 0.622841 0.153085 0.129016 0.119053 0.275253
0 0.174082 0.288999 0.0174733 0.0492817 0.27422
2 0.204176 0.350151 0.138821 0.112867 0.267599
2 0.459686 0.298552 0.120575 0.109881 0.264817
5 0.662027 0.146146 0.206657 0.137587 0.263028
2 0.667608 0.198574 0.0981439 0.0984789 0.252897
5 0.662127 0.135208 0.206461 0.155046 0.249437
5 0.661947 0.133548 0.20535 0.159809 0.234801
0 0.173898 0.291135 0.017919 0.0510038 0.232228
5 0.661933 0.139012 0.20703 0.153847 0.228635
0 0.174127 0.291159 0.0185209 0.0498704 0.220669
5 0.63506 0.152854 0.15431 0.123122 0.220516
5 0.946026 0.0584407 0.0630295 0.114193 0.220006
0 0.174003 0.290488 0.0179897 0.0491826 0.206476
0 0.173976 0.291203 0.0182965 0.050017 0.205107
5 0.662049 0.133657 0.206587 0.159976 0.203754
5 0.626882 0.15407 0.136324 0.119207 0.200985
5 0.946882 0.0546916 0.0649307 0.108116 0.199023
2 0.667292 0.19647 0.0992567 0.10146 0.19391
2 0.667504 0.197198 0.0971325 0.100346 0.180918
0 0.0993055 0.314773 0.0185141 0.0467884 0.180425
2 0.211221 0.350175 0.122624 0.113057 0.179921
0 0.100047 0.312648 0.0200943 0.0505595 0.177293
2 0.668232 0.199171 0.0979187 0.095746 0.174914
5 0.663776 0.128484 0.209686 0.164633 0.174022
5 0.685414 0.0702107 0.161499 0.0471613 0.16879
2 0.935764 0.471463 0.128024 0.187793 0.164387
5 0.667011 0.196929 0.0971164 0.0997941 0.163247
2 0.200899 0.351023 0.144824 0.113358 0.161635
2 0.213166 0.350115 0.118448 0.112363 0.160903
0 0.117964 0.30176 0.0199414 0.0523956 0.16056
5 0.645636 0.152469 0.17471 0.122411 0.159507
0 0.0991463 0.316062 0.0176314 0.0443322 0.159319
2 0.667464 0.199461 0.0969897 0.0971105 0.159129
0 0.174103 0.291574 0.0180007 0.0534291 0.159094
5 0.686493 0.070808 0.162034 0.0482392 0.152651
5 0.619835 0.15403 0.122322 0.11832 0.152384
9 0.46135 0.0623652 0.016127 0.0249088 0.151868
0 0.0996348 0.313227 0.0196113 0.0495423 0.15169
5 0.947358 0.0557758 0.065052 0.109921 0.15115
0 0.117995 0.302263 0.0195614 0.0538991 0.149463
5 0.668488 0.193987 0.100479 0.101696 0.148678
2 0.666986 0.199118 0.0962139 0.0969937 0.145382
5 0.68454 0.0692434 0.160044 0.0462138 0.144924
2 0.988406 0.126587 0.0225445 0.069846 0.14345
2 0.212128 0.350272 0.121353 0.114173 0.13632
5 0.948949 0.0571532 0.0699421 0.114306 0.134637
2 0.936429 0.472448 0.126531 0.186207 0.133828
0 0.11785 0.301009 0.0196626 0.0511563 0.130236
2 0.879034 0.311071 0.0588963 0.054768 0.12972
5 0.617855 0.154309 0.118264 0.117999 0.129529
5 0.688187 0.0708241 0.158863 0.0490283 0.126927
2 0.987585 0.12924 0.0243256 0.0655838 0.12434
2 0.459611 0.298842 0.120065 0.110066 0.124106
0 0.153248 0.291362 0.0208229 0.0515104 0.120782
0 0.101075 0.299645 0.0224971 0.0746611 0.120004
0 0.0553121 0.308938 0.0217026 0.0931368 0.118765
5 0.618733 0.153601 0.121029 0.116834 0.11784
5 0.946975 0.0549817 0.0639496 0.10855 0.117129
5 0.946242 0.0560753 0.062487 0.107444 0.115612
5 0.661741 0.130046 0.204954 0.166827 0.11389
0 0.154066 0.292674 0.0217355 0.0524567 0.113089
2 0.987626 0.125949 0.0240543 0.067619 0.112462
0 0.161453 0.245641 0.0213287 0.04316 0.112188
0 0.134543 0.278254 0.0252023 0.0845813 0.1103
5 0.667984 0.195588 0.0973867 0.0993948 0.110048
0 0.101945 0.295969 0.0229085 0.0756092 0.109412
0 0.099302 0.315115 0.0186083 0.0461477 0.106138
0 0.100245 0.310723 0.0208294 0.0525383 0.106006
2 0.894386 0.272524 0.0956291 0.0988493 0.105598
9 0.461879 0.0632922 0.0158361 0.0289367 0.104259
2 0.667703 0.196328 0.0978716 0.101417 0.103925
0 0.133657 0.278349 0.0220173 0.0851399 0.103253
0 0.171646 0.285426 0.0188107 0.0495084 0.101827
2 0.213255 0.349513 0.119033 0.111089 0.101561
0 0.161211 0.248147 0.0215075 0.0479008 0.101164
0 0.154094 0.292758 0.0212024 0.0531129 0.0956797
0 0.135279 0.276303 0.0242166 0.0807738 0.0956417
5 0.95126 0.0558052 0.074951 0.11161 0.0945739
0 0.0530601 0.30842 0.0278252 0.0929146 0.0945475
5 0.615165 0.153917 0.111885 0.120002 0.0928853
0 0.101668 0.295081 0.0224867 0.0783544 0.0895812
5 0.947561 0.055829 0.0671577 0.109927 0.0881612
2 0.878616 0.312575 0.0594789 0.0601505 0.0857697
5 0.688223 0.0711534 0.159517 0.0487656 0.0833803
0 0.102685 0.284842 0.0207624 0.0666873 0.0833269
2 0.879272 0.303218 0.0595631 0.0629926 0.0825312
2 0.841726 0.18467 0.0818619 0.101051 0.0800791
0 0.118833 0.299269 0.021066 0.054139 0.0798071
5 0.885565 0.0603259 0.0850588 0.118858 0.0784071
5 0.668989 0.194629 0.0995951 0.103529 0.0776711
9 0.464658 0.060566 0.0129398 0.0224457 0.0759862
2 0.459499 0.298079 0.118721 0.110573 0.0755927
0 0.0528427 0.308297 0.0266282 0.0940846 0.0753563
5 0.686503 0.0711299 0.16162 0.0493109 0.0747196
2 0.98733 0.125181 0.0246298 0.0696855 0.0740492
5 0.68478 0.068784 0.163926 0.045686 0.0734552
5 0.946213 0.0555597 0.061581 0.106365 0.0709089
2 0.815443 0.272704 0.0274136 0.0368417 0.0708981
2 0.0750914 0.926972 0.149226 0.145182 0.0694776
2 0.842067 0.187577 0.0842554 0.106627 0.0689181
5 0.885777 0.0608573 0.0845287 0.120486 0.0660373
5 0.946373 0.0660069 0.0625708 0.12818 0.065377
0 0.943847 0.127389 0.0176365 0.0530781 0.0652523
0 0.94339 0.126966 0.0177246 0.0558398 0.0651447
2 0.894597 0.277685 0.0955841 0.108096 0.0648149
0 0.162257 0.246078 0.0226802 0.0441971 0.0646055
0 0.115259 0.305248 0.0212681 0.0588836 0.0643525
2 0.842713 0.187216 0.0827324 0.106055 0.0636696
0 0.135306 0.261485 0.0249623 0.0503996 0.0628589
0 0.134852 0.294058 0.022378 0.0554733 0.062047
2 0.842114 0.188199 0.0850077 0.108775 0.0611941
0 0.161611 0.250107 0.0219494 0.051686 0.0607167
2 0.815063 0.275419 0.0278175 0.0409847 0.0597541
2 0.864772 0.185903 0.0384174 0.101047 0.0594492
2 0.842141 0.187953 0.0832619 0.10713 0.0592925
2 0.815826 0.269693 0.0292118 0.0349918 0.0592823
2 0.664582 0.209277 0.0927694 0.0776693 0.0589752
5 0.885318 0.0607488 0.0862808 0.119699 0.0584625
5 0.885778 0.0607365 0.0848026 0.120128 0.0580665
0 0.162704 0.248255 0.022517 0.0482766 0.0574939
2 0.987217 0.126602 0.0246269 0.0664156 0.0570072
2 0.987517 0.127311 0.0239899 0.0671319 0.0565218
0 0.103285 0.274743 0.0194017 0.0488384 0.056221
0 0.0382287 0.309856 0.017857 0.0944263 0.0555266
0 0.943667 0.128767 0.0184416 0.0541745 0.054591
5 0.946175 0.0544007 0.0596724 0.106744 0.0542327
9 0.457434 0.0646538 0.0162102 0.0266767 0.0541421
0 0.0365917 0.313785 0.0184402 0.0858324 0.0539037
0 0.134248 0.294439 0.0212502 0.0559422 0.0535342
0 0.133203 0.297675 0.0201912 0.0545314 0.0522686
5 0.88375 0.0605582 0.0900787 0.121116 0.0518907
2 0.878715 0.318629 0.0587765 0.0587131 0.0515048
0 0.0390842 0.310644 0.0178246 0.0946431 0.0512553
2 0.606344 0.489059 0.184904 0.155291 0.0510413
2 0.87921 0.318352 0.0591873 0.0611505 0.0503364
0 0.134656 0.296294 0.0203314 0.054094 0.0501075
5 0.886773 0.0602435 0.0907063 0.120487 0.0494803
0 0.163355 0.250361 0.0234869 0.0511206 0.0490628
5 0.66429 0.133019 0.210436 0.161661 0.0488741
0 0.164703 0.290832 0.0183723 0.0540004 0.0488235
2 0.814631 0.270366 0.0266964 0.033636 0.0486223
2 0.865304 0.186258 0.039012 0.102453 0.048597
0 0.780788 0.15111 0.0108666 0.0250522 0.0474113
2 0.865378 0.186356 0.0398983 0.103401 0.0467739
0 0.134731 0.27802 0.0246369 0.0829463 0.0463039
2 0.075395 0.926885 0.150464 0.145921 0.0460442
0 0.135759 0.256161 0.0233054 0.0409354 0.0454504
0 0.781168 0.145106 0.0118412 0.0354971 0.0452477
5 0.885449 0.0605717 0.0853725 0.120155 0.044948
2 0.878463 0.313569 0.0594481 0.0566555 0.0449438
0 0.929183 0.150917 0.023185 0.0778507 0.0440045
0 0.00825528 0.300322 0.0165106 0.0238897 0.0437587
2 0.842132 0.18744 0.083111 0.105203 0.0437432
0 0.145674 0.294257 0.019139 0.054111 0.0436062
0 0.135092 0.298409 0.0191929 0.0514909 0.0435591
5 0.886069 0.0601377 0.0864967 0.119223 0.043314
9 0.46288 0.061672 0.0180193 0.0241455 0.0431713
5 0.620902 0.152695 0.124228 0.119407 0.0428447
2 0.66445 0.202087 0.0942477 0.0874939 0.0418151
2 0.815085 0.269318 0.0260384 0.0321477 0.0417692
0 0.0392294 0.311152 0.0175722 0.0934875 0.0415046
0 0.173709 0.28768 0.020365 0.0507236 0.0413294
5 0.671794 0.0707414 0.18927 0.0499263 0.0413119
2 0.879267 0.303798 0.0598862 0.0636599 0.0411149
0 0.00726287 0.30187 0.0144851 0.0221137 0.0408758
0 0.136141 0.255466 0.0245382 0.0391271 0.0405889
0 0.419667 0.139663 0.0124151 0.0363722 0.0402689
2 0.842143 0.188476 0.0850729 0.108761 0.0398319
0 0.116455 0.304701 0.0233774 0.0595235 0.0397517
0 0.102309 0.282528 0.0204921 0.0579356 0.0394682
5 0.94506 0.0796179 0.0606901 0.0624056 0.0386002
0 0.0530345 0.317761 0.02881 0.0806004 0.0385659
2 0.985996 0.110267 0.027483 0.0993986 0.0382469
2 0.842768 0.180868 0.0777565 0.0938234 0.0381316
0 0.162161 0.246631 0.0193181 0.0472004 0.0381081
5 0.689555 0.0714394 0.157483 0.049836 0.0378356
0 0.0365281 0.310609 0.0160807 0.0794414 0.037792
2 0.987158 0.125507 0.0249138 0.065057 0.0373785
0 0.148799 0.293269 0.0171879 0.0542753 0.0372301
0 0.0550249 0.309226 0.023252 0.092829 0.0369851
0 0.0399005 0.310664 0.0191202 0.0948192 0.0368598
0 0.163794 0.296506 0.0165706 0.0465275 0.0365948
0 0.138933 0.295428 0.0206188 0.0541942 0.0363249
5 0.945996 0.0770887 0.0608707 0.0618472 0.0359966
2 0.16353 0.464902 0.166275 0.15992 0.0358809
0 0.147934 0.294552 0.0184644 0.0536154 0.0357913
5 0.842015 0.187166 0.0836887 0.106381 0.0356785
0 0.928101 0.148447 0.0249962 0.0840338 0.035267
0 0.968571 0.117828 0.0186501 0.0360535 0.0351009
0 0.103497 0.271209 0.0189301 0.0432266 0.0338187
0 0.721085 0.16051 0.0137357 0.0453032 0.0336654
0 0.733275 0.154631 0.011133 0.0380046 0.0336311
2 0.207264 0.349712 0.133278 0.112186 0.0335446
0 0.113282 0.301276 0.0232596 0.060671 0.0335185
