2 0.471272 0.309665 0.0848076 0.0513565 0.867128
2 0.724751 0.413598 0.124221 0.0901197 0.859762
2 0.215643 0.328175 0.0929841 0.0553421 0.852551
2 0.310309 0.305422 0.0843161 0.061113 0.848498
2 0.724605 0.413473 0.124259 0.0906374 0.84717
2 0.215648 0.328277 0.0931778 0.0556885 0.841975
2 0.471264 0.309685 0.0856792 0.0521623 0.832488
2 0.471282 0.309336 0.0847995 0.0513425 0.832185
2 0.724615 0.413535 0.123204 0.0912057 0.82363
2 0.470686 0.309807 0.0856751 0.0515797 0.820429
2 0.214952 0.327818 0.0919422 0.0559805 0.813552
2 0.724348 0.41372 0.12467 0.0907209 0.805076
2 0.470671 0.309721 0.0857063 0.0514463 0.803792
2 0.72415 0.413265 0.124358 0.0900407 0.799852
2 0.724784 0.413397 0.123818 0.0892594 0.795934
2 0.310782 0.305557 0.0843207 0.061036 0.793829
2 0.471253 0.309411 0.0861283 0.0515626 0.788337
2 0.214473 0.327695 0.09359 0.0560391 0.783043
2 0.72451 0.413068 0.124298 0.0901375 0.780634
2 0.215044 0.327745 0.0916981 0.0561989 0.770008
2 0.72421 0.41307 0.125273 0.0901529 0.767293
2 0.215131 0.327918 0.0916166 0.0558964 0.766024
2 0.215019 0.327263 0.0914126 0.0539921 0.755772
2 0.725007 0.413938 0.124642 0.0888142 0.739358
2 0.072091 0.325279 0.0827097 0.0509191 0.735427
2 0.0728042 0.324889 0.0821177 0.049946 0.735426
2 0.215975 0.327997 0.0934871 0.0568718 0.71641
2 0.470781 0.310041 0.0864773 0.0508245 0.711237
2 0.0723 0.325658 0.0827276 0.0499418 0.707388
2 0.0717046 0.325734 0.0836854 0.0498069 0.700008
2 0.470789 0.309483 0.085816 0.051902 0.696822
0 0.211306 0.791054 0.0487336 0.149271 0.687054
2 0.976145 0.328251 0.0471607 0.05363 0.682426
2 0.309901 0.305323 0.0832319 0.0618737 0.680638
2 0.0213717 0.51979 0.0427433 0.238901 0.678099
2 0.725042 0.412971 0.123151 0.0912665 0.674822
0 0.211355 0.791104 0.0487186 0.147234 0.67211
2 0.215757 0.328232 0.0934519 0.0557907 0.662842
2 0.0724043 0.325108 0.0825317 0.0508141 0.6604
2 0.310386 0.305389 0.0836581 0.0615985 0.656615
2 0.310506 0.305289 0.0837283 0.0616477 0.656022
2 0.976398 0.331037 0.0464508 0.0480208 0.650428
0 0.177249 0.638625 0.036004 0.124378 0.646661
0 0.177179 0.638785 0.0353776 0.125067 0.646035
0 0.211023 0.791129 0.0487162 0.147165 0.643779
2 0.0729273 0.325194 0.0812778 0.0503815 0.641346
2 0.976402 0.328211 0.0471959 0.0527866 0.637827
2 0.215134 0.32824 0.0944405 0.0562186 0.637705
2 0.683194 0.337504 0.0973147 0.0582684 0.634516
0 0.177149 0.639149 0.0352396 0.125023 0.634276
0 0.177466 0.640042 0.0340061 0.125896 0.604109
2 0.683057 0.337219 0.0986101 0.0579438 0.60406
2 0.976005 0.328499 0.047019 0.0530056 0.600875
2 0.0725322 0.325476 0.0821067 0.0498171 0.600602
0 0.211433 0.790702 0.0484252 0.148742 0.595247
2 0.311051 0.305073 0.0836005 0.06117 0.580796
2 0.976161 0.327894 0.0468578 0.0546608 0.5794
2 0.0206725 0.519224 0.0411916 0.237155 0.577
2 0.0210332 0.519064 0.0420664 0.238501 0.574205
0 0.176758 0.638687 0.0360559 0.125038 0.574167
2 0.976332 0.328449 0.0466747 0.0525516 0.57184
2 0.976635 0.331538 0.0467293 0.0467919 0.569449
2 0.97634 0.326677 0.0466782 0.0563364 0.564228
2 0.310873 0.30521 0.0837909 0.0616354 0.559735
2 0.683461 0.33765 0.0972197 0.0580379 0.559582
2 0.470662 0.309382 0.0852593 0.0517233 0.548659
0 0.2109 0.790608 0.0477738 0.145998 0.534527
2 0.976477 0.328926 0.0463535 0.0529037 0.534152
2 0.310873 0.305325 0.0840912 0.0617547 0.525402
0 0.178053 0.641102 0.0341262 0.12259 0.518911
0 0.177093 0.640078 0.0334383 0.123594 0.517414
0 0.176135 0.638422 0.0375544 0.125142 0.516447
0 0.177675 0.639663 0.0348221 0.125971 0.51581
2 0.0208548 0.519286 0.0416288 0.235344 0.515536
2 0.683271 0.337224 0.0980846 0.0574901 0.508869
2 0.0207526 0.519686 0.0414174 0.237818 0.507965
2 0.0727379 0.325667 0.0816875 0.0501044 0.506805
2 0.0726147 0.327208 0.0819806 0.0469837 0.497253
2 0.0206779 0.519189 0.0413281 0.23748 0.455036
2 0.31156 0.305064 0.0821186 0.05918 0.454357
2 0.0209907 0.521235 0.0418374 0.238407 0.446267
2 0.68343 0.337647 0.0980804 0.0578989 0.440641
0 0.1772 0.638925 0.0331219 0.119521 0.42096
0 0.177686 0.640659 0.0335156 0.121747 0.419589
2 0.0207163 0.518418 0.0412735 0.235524 0.376032
2 0.976425 0.327678 0.046452 0.0555762 0.36394
2 0.683377 0.33759 0.0972195 0.0572302 0.35741
0 0.176738 0.639187 0.0359618 0.125383 0.350739
0 0.0450851 0.268291 0.0234196 0.0482889 0.339106
2 0.0211985 0.522434 0.0422885 0.24068 0.337079
2 0.0722777 0.324962 0.0817144 0.0501615 0.336702
2 0.469175 0.309476 0.0826641 0.0512381 0.308089
2 0.683026 0.338147 0.0978613 0.0602899 0.298458
0 0.211362 0.791019 0.0490153 0.15078 0.291506
0 0.208205 0.789815 0.0419026 0.138445 0.289767
0 0.046427 0.270106 0.0250269 0.0510563 0.287628
0 0.0459329 0.270123 0.0237634 0.048938 0.287234
2 0.0147994 0.323104 0.0294999 0.0494818 0.285807
2 0.171821 0.313559 0.042243 0.0471016 0.274296
2 0.021616 0.520075 0.0432321 0.238191 0.272713
0 0.210567 0.790756 0.0502204 0.149484 0.266112
2 0.0148116 0.323229 0.0296232 0.0489767 0.265077
2 0.682627 0.338042 0.0981921 0.0577295 0.264823
2 0.976662 0.331373 0.0459705 0.0481279 0.262684
2 0.0159542 0.323601 0.0316142 0.0506568 0.259979
2 0.683317 0.337817 0.0973555 0.0583103 0.257561
2 0.309765 0.305148 0.0840929 0.0617738 0.253046
2 0.0142876 0.323159 0.0285278 0.0497364 0.243648
2 0.823171 0.243316 0.0562225 0.0276028 0.237406
2 0.0145863 0.323216 0.0291099 0.0490808 0.231576
2 0.816705 0.241906 0.0679575 0.03026 0.231249
0 0.210434 0.790437 0.0516058 0.150472 0.224487
2 0.0149994 0.32258 0.0299989 0.0504217 0.216575
2 0.825441 0.243707 0.0533489 0.0268474 0.214609
0 0.0465642 0.269041 0.0242471 0.0489962 0.213759
2 0.976511 0.32767 0.0469244 0.0537914 0.212425
2 0.0727698 0.326467 0.0813523 0.0478201 0.20896
2 0.173583 0.313561 0.0466348 0.0466102 0.208145
2 0.0154444 0.32295 0.0307287 0.0509408 0.20767
2 0.816692 0.242456 0.0694651 0.0299674 0.200923
2 0.172278 0.313292 0.0432094 0.0480916 0.199863
0 0.046694 0.270101 0.0242773 0.0519773 0.199795
0 0.00453816 0.282538 0.00896987 0.0429915 0.195883
2 0.818852 0.243174 0.0656086 0.0282577 0.195827
0 0.176912 0.638424 0.0338023 0.12268 0.191517
2 0.170382 0.313753 0.0395159 0.0472987 0.191364
2 0.682887 0.337933 0.0974564 0.0579345 0.189251
2 0.902511 0.25028 0.101168 0.0540994 0.188204
0 0.0460346 0.269775 0.0243151 0.054217 0.185785
2 0.0143437 0.322111 0.0286093 0.0519638 0.182104
0 0.0469689 0.270844 0.024666 0.0529923 0.181038
0 0.0666098 0.682045 0.0233292 0.0819263 0.178294
2 0.817414 0.240789 0.0671585 0.0330202 0.174154
2 0.903536 0.249069 0.102085 0.0559578 0.164723
0 0.0461394 0.270319 0.024804 0.0555881 0.163159
2 0.182377 0.312857 0.0627059 0.0491588 0.157608
0 0.0656559 0.680282 0.0242429 0.086298 0.154343
2 0.883295 0.250651 0.0621574 0.0521519 0.150728
2 0.90284 0.250698 0.100973 0.0536961 0.147235
2 0.817373 0.239626 0.0684052 0.0350157 0.145477
2 0.902276 0.251233 0.100231 0.0523923 0.14399
2 0.310635 0.304895 0.0833963 0.0624275 0.142944
2 0.818583 0.241855 0.0649725 0.0307715 0.142652
2 0.765468 0.220526 0.0456228 0.0409515 0.141301
0 0.00488238 0.282558 0.0096461 0.0431587 0.138875
0 0.0628719 0.67898 0.0272792 0.0881198 0.137873
2 0.0133913 0.324411 0.0267544 0.0484326 0.135772
2 0.903321 0.250537 0.103121 0.0500501 0.133027
2 0.901486 0.251035 0.101435 0.0536009 0.131535
2 0.767969 0.226678 0.0386436 0.0286324 0.128158
2 0.0147989 0.323355 0.0295979 0.0508968 0.124833
2 0.903277 0.24892 0.101557 0.0571693 0.121003
2 0.170062 0.313935 0.0388254 0.0478634 0.117753
0 0.0465722 0.271679 0.0243695 0.0535236 0.116189
0 0.064598 0.679343 0.0260066 0.0872638 0.114767
7 0.765262 0.219795 0.0460274 0.0405356 0.113947
2 0.901436 0.249635 0.0997246 0.0528056 0.108927
0 0.0647754 0.679566 0.025537 0.0879046 0.108768
2 0.883085 0.251902 0.0628178 0.0519231 0.104105
0 0.0646985 0.679963 0.0256612 0.0879541 0.102197
0 0.743078 0.280458 0.0226756 0.0581871 0.101931
2 0.0723638 0.325447 0.082313 0.0493833 0.101237
2 0.264222 0.767651 0.51293 0.176369 0.100737
2 0.904726 0.248749 0.0984062 0.0534132 0.0995865
2 0.887382 0.246076 0.0696693 0.0428814 0.0993331
0 0.0592843 0.676774 0.0375915 0.0871797 0.0988104
2 0.765145 0.219549 0.04618 0.0417645 0.0986995
7 0.765015 0.219554 0.0477774 0.0404048 0.0978274
2 0.307328 0.767199 0.429902 0.175364 0.0968262
2 0.0203449 0.513419 0.0405422 0.226939 0.0959121
0 0.742562 0.278688 0.0207642 0.0570707 0.0951031
2 0.881896 0.252197 0.0600563 0.0506573 0.095041
0 0.174816 0.638118 0.0375357 0.124755 0.0933254
0 0.00560142 0.282304 0.0108828 0.0421359 0.0918417
0 0.0672031 0.711216 0.025871 0.147841 0.0909086
7 0.76515 0.220001 0.0471909 0.0406763 0.0893603
7 0.765074 0.219752 0.0460603 0.0418999 0.0883692
7 0.321172 0.766627 0.401968 0.175195 0.0880426
2 0.324123 0.767929 0.396793 0.17937 0.0868189
0 0.0388761 0.677532 0.0585808 0.0906664 0.0865409
0 0.0654584 0.712798 0.0260446 0.157617 0.0862965
0 0.0426039 0.713155 0.0724452 0.161152 0.0862053
2 0.903074 0.249446 0.101221 0.0505066 0.0828132
7 0.265962 0.768955 0.510745 0.18019 0.0809121
0 0.730832 0.293477 0.0242489 0.042253 0.080518
0 0.0603942 0.679207 0.024653 0.0895944 0.080032
0 0.623407 0.265901 0.0158728 0.0437145 0.0799503
2 0.918622 0.253899 0.0692678 0.0428391 0.0795408
2 0.262886 0.767685 0.513608 0.176633 0.0793399
2 0.263475 0.769046 0.513622 0.181199 0.0761725
2 0.170785 0.313524 0.0397145 0.0479923 0.0750528
0 0.623143 0.266975 0.0151926 0.0443215 0.0749996
0 0.0385958 0.713521 0.0739392 0.163474 0.074801
0 0.729813 0.287147 0.0205388 0.043911 0.0747814
2 0.765988 0.225639 0.0439993 0.0311777 0.0742041
0 0.0437672 0.26657 0.0196394 0.049332 0.0735641
0 0.180456 0.310606 0.0562491 0.0469799 0.0717628
2 0.170763 0.313439 0.0400868 0.0469798 0.0710551
0 0.734862 0.279512 0.0261201 0.0581484 0.0701722
0 0.542989 0.296825 0.016051 0.0335767 0.0696946
0 0.038295 0.71466 0.0760087 0.16341 0.0685716
2 0.170427 0.313702 0.0386892 0.047401 0.068493
7 0.263544 0.766793 0.514191 0.176052 0.0679611
0 0.742882 0.284532 0.0256161 0.0572547 0.0656237
0 0.0386701 0.71317 0.0762633 0.165468 0.0655124
0 0.0134622 0.744059 0.0269245 0.103739 0.0653239
0 0.0564571 0.712908 0.044374 0.159135 0.0623665
2 0.906186 0.249604 0.107594 0.057569 0.0614827
0 0.20754 0.788679 0.036083 0.144733 0.0612219
2 0.886491 0.234871 0.0564268 0.023033 0.0608245
2 0.76459 0.221766 0.0457441 0.0380581 0.0604684
2 0.915381 0.247505 0.126092 0.0615409 0.0601084
0 0.622909 0.267418 0.015643 0.0438485 0.0591776
2 0.833544 0.24553 0.0372992 0.0238549 0.0586023
2 0.172177 0.312767 0.0431359 0.0488331 0.0578308
2 0.886861 0.23294 0.0540073 0.0204964 0.0575452
2 0.765658 0.220089 0.0457186 0.0411291 0.0571818
0 0.1773 0.638479 0.0365064 0.123908 0.0568482
9 0.0822002 0.187296 0.0107854 0.0235241 0.0559626
7 0.345769 0.762969 0.321138 0.164287 0.0544306
2 0.169619 0.312844 0.0381609 0.0494402 0.05398
0 0.038993 0.713336 0.0761037 0.163674 0.0535189
0 0.964289 0.270845 0.0186554 0.0494568 0.0523831
2 0.772633 0.228762 0.0299124 0.0245699 0.0523585
2 0.0176782 0.320598 0.0351757 0.0539615 0.0523187
0 0.0132017 0.746105 0.0264034 0.100138 0.0514297
0 0.241974 0.28294 0.0136947 0.0292645 0.0513459
0 0.969947 0.26993 0.0215897 0.0447479 0.0512259
0 0.0330797 0.677887 0.0586719 0.0907814 0.0492049
7 0.261955 0.766045 0.514844 0.175319 0.048516
0 0.0380749 0.714674 0.0761499 0.168826 0.0481416
0 0.0641332 0.67913 0.0277306 0.0886303 0.0476825
2 0.919182 0.247265 0.0726147 0.0573078 0.0474004
0 0.0121809 0.748215 0.0243617 0.105775 0.0463012
2 0.824971 0.244264 0.0532974 0.0268292 0.0462695
0 0.0629634 0.712225 0.0313962 0.157546 0.0462056
0 0.0215236 0.281201 0.0217669 0.0340462 0.0460837
0 0.0479833 0.27244 0.0248133 0.0545945 0.0456694
2 0.817452 0.237262 0.0702837 0.0288939 0.0455645
0 0.0125975 0.744955 0.0251949 0.102442 0.0449209
0 0.0130049 0.746283 0.0258246 0.1023 0.0442881
0 0.0133758 0.745785 0.0267515 0.099239 0.0440515
2 0.0193372 0.506118 0.038477 0.21183 0.042565
9 0.209525 0.152687 0.0110423 0.0293247 0.0419429
0 0.206648 0.765587 0.0322296 0.0971493 0.0414456
0 0.0654429 0.681084 0.0241271 0.0832125 0.041095
0 0.0397793 0.676821 0.069588 0.0905304 0.0405732
2 0.0211241 0.518891 0.0421785 0.236183 0.0401579
0 0.0384956 0.677652 0.0616992 0.0910366 0.0401309
5 0.151647 0.13215 0.139041 0.15636 0.0399218
0 0.0407424 0.680002 0.040059 0.087689 0.0398426
0 0.206847 0.772418 0.0326522 0.108926 0.0391787
2 0.826077 0.245125 0.0509857 0.0250445 0.0387906
0 0.740214 0.271421 0.0175356 0.0428269 0.0386103
0 0.971685 0.259588 0.0265469 0.0634692 0.0384423
0 0.985999 0.254461 0.0269083 0.0600139 0.0382882
2 0.879276 0.253702 0.0557507 0.0493809 0.0379597
1 0.749629 0.292172 0.040614 0.0459761 0.0370895
0 0.0127615 0.746306 0.0254808 0.103178 0.0367792
0 0.985492 0.253877 0.0283493 0.0620731 0.0361691
0 0.729674 0.291694 0.0214039 0.0395438 0.0358089
2 0.893275 0.230552 0.0436264 0.0181068 0.0354727
0 0.62423 0.266122 0.0162934 0.0430529 0.0354171
0 0.0139151 0.746851 0.0275958 0.102885 0.035149
0 0.543291 0.297385 0.0148993 0.0322814 0.0347186
0 0.210601 0.795194 0.0482337 0.137398 0.0346873
0 0.98228 0.25557 0.0288174 0.0656334 0.0341877
2 0.909358 0.242548 0.0924824 0.0525408 0.0341854
0 0.543249 0.29536 0.0164683 0.0367411 0.0341428
7 0.333425 0.764401 0.295887 0.165526 0.0339097
2 0.987415 0.251705 0.0245092 0.0515511 0.0332478
0 0.0419991 0.268908 0.0256177 0.0504345 0.0332427
0 0.197415 0.303366 0.021515 0.0327073 0.0328497
2 0.686495 0.33801 0.091161 0.057668 0.0328081
0 0.96977 0.276815 0.0168758 0.0320887 0.032711
3 0.75441 0.293504 0.0563353 0.048152 0.0326277
0 0.0809643 0.197491 0.0133606 0.0431828 0.032556
0 0.0427426 0.676592 0.0696851 0.0888176 0.0324333
2 0.919712 0.256302 0.0604286 0.038201 0.0319331
0 0.988619 0.246229 0.0219833 0.0394739 0.0317164
0 0.0336819 0.714826 0.0671256 0.162403 0.0315464
0 0.24272 0.285266 0.0166616 0.0343423 0.0315393
0 0.211715 0.805476 0.0484403 0.119904 0.0308213
0 0.0642224 0.709063 0.0278551 0.152261 0.0303222
0 0.98659 0.252481 0.0262833 0.0622952 0.0302565
0 0.986545 0.249502 0.025716 0.058382 0.0300058
0 0.0126539 0.74616 0.0253078 0.100876 0.0295757
0 0.0201643 0.279471 0.0235541 0.0342626 0.028527
0 0.858452 0.223094 0.0134867 0.0236376 0.0284712
2 0.683432 0.337639 0.0982503 0.0587455 0.0281294
0 0.0403528 0.744741 0.0716746 0.0997548 0.0278589
0 0.985945 0.251745 0.0271172 0.0548717 0.0277837
3 0.752739 0.286774 0.0589796 0.0556212 0.0277351
5 0.152055 0.131379 0.138722 0.154552 0.0273628
0 0.990728 0.246682 0.017845 0.04716 0.0270601
0 0.0281362 0.205518 0.0103452 0.0297146 0.0267861
2 0.920479 0.25657 0.0622833 0.039555 0.0266853
0 0.0375403 0.745136 0.0738666 0.0999157 0.026536
0 0.624405 0.266358 0.0178787 0.0437164 0.0265321
2 0.883631 0.234552 0.0525486 0.0190798 0.0263737
