2 0.0428488 0.49599 0.0853532 0.102741 0.695721
2 0.0430281 0.495696 0.0857244 0.102979 0.667
2 0.0432776 0.495867 0.0854416 0.102726 0.665932
2 0.0432979 0.496457 0.086433 0.103343 0.665629
2 0.763451 0.476664 0.0892324 0.0950166 0.643884
2 0.0430856 0.495924 0.0856948 0.102382 0.63893
2 0.763117 0.476579 0.0893126 0.0951564 0.636199
2 0.0436443 0.495872 0.0870471 0.103437 0.623038
2 0.0430408 0.495825 0.085783 0.103004 0.618938
2 0.763531 0.476456 0.0890654 0.0951099 0.610129
2 0.76293 0.476606 0.0896498 0.09537 0.604486
2 0.0435983 0.496242 0.0870443 0.102381 0.595535
5 0.456541 0.546354 0.0760093 0.184829 0.595221
5 0.456301 0.546167 0.075654 0.18549 0.59401
2 0.763231 0.476514 0.0895848 0.0963593 0.587281
2 0.763521 0.476414 0.0894374 0.0947939 0.573017
5 0.456913 0.545991 0.0758682 0.186028 0.570839
2 0.763546 0.476466 0.0898406 0.0957032 0.568259
2 0.763243 0.476319 0.0893843 0.0948168 0.552238
5 0.456538 0.522944 0.0797453 0.237487 0.550731
2 0.763549 0.476209 0.0893978 0.094902 0.55066
2 0.945673 0.347392 0.0575386 0.0667744 0.545768
5 0.457206 0.519298 0.0794704 0.242093 0.545616
2 0.945556 0.34736 0.0577202 0.0673183 0.543425
2 0.251583 0.250757 0.0345865 0.0470793 0.528563
2 0.0430071 0.495569 0.0855895 0.10296 0.528219
5 0.456985 0.546764 0.0762862 0.184681 0.527142
2 0.672684 0.30026 0.0521226 0.0559421 0.516387
2 0.250983 0.250595 0.0342251 0.0461209 0.51601
2 0.945563 0.346291 0.0580456 0.0693256 0.506557
2 0.672719 0.300675 0.0535216 0.0570924 0.50432
2 0.313331 0.25355 0.0397219 0.0479638 0.501548
2 0.313513 0.253193 0.0392993 0.0483847 0.500003
2 0.251049 0.250771 0.033275 0.047903 0.493502
2 0.672912 0.300789 0.0542651 0.0570084 0.492433
2 0.673143 0.300331 0.0533148 0.0564253 0.481457
2 0.672281 0.300732 0.0549326 0.0566511 0.477783
2 0.672651 0.300362 0.0558548 0.0565779 0.471318
2 0.945819 0.346291 0.0578484 0.0691031 0.4643
2 0.251012 0.251611 0.0327713 0.0476108 0.463301
2 0.250913 0.251241 0.0331067 0.0473918 0.456596
5 0.456782 0.54675 0.0764811 0.184365 0.451492
2 0.313652 0.254027 0.0401969 0.0490057 0.44585
2 0.043253 0.496288 0.0864828 0.102946 0.442059
2 0.586226 0.243862 0.0376642 0.0448119 0.437133
2 0.58582 0.24508 0.0373348 0.0461294 0.43345
2 0.945624 0.346688 0.0577656 0.0690133 0.431479
2 0.945148 0.347217 0.0580223 0.0674992 0.429788
2 0.418308 0.148258 0.0231323 0.0324419 0.420854
2 0.945517 0.346267 0.0572838 0.0682426 0.418064
2 0.945502 0.348188 0.0576977 0.0664525 0.413972
2 0.672795 0.300415 0.0540962 0.0570652 0.413195
2 0.672299 0.300823 0.0541415 0.0566288 0.411702
2 0.672679 0.301879 0.0538105 0.0553663 0.403326
5 0.457007 0.520219 0.0795897 0.24059 0.401923
2 0.250519 0.250867 0.0342039 0.0469043 0.400561
2 0.974714 0.555068 0.0494329 0.122791 0.391017
2 0.25108 0.251278 0.0336723 0.0471677 0.387153
2 0.25111 0.251358 0.0323239 0.0472188 0.384599
2 0.31284 0.255496 0.0396989 0.0474472 0.384374
2 0.974901 0.554758 0.0497183 0.123553 0.383414
5 0.457641 0.518307 0.0796377 0.239711 0.375125
2 0.250625 0.250466 0.0339581 0.0471099 0.37308
2 0.672629 0.30199 0.0546753 0.0550797 0.370763
2 0.431226 0.176795 0.0240419 0.0326876 0.368279
2 0.313338 0.253896 0.0397922 0.0491883 0.367238
7 0.47683 0.298741 0.037014 0.060496 0.360392
2 0.974844 0.55546 0.0492836 0.121909 0.358396
2 0.974967 0.555329 0.049539 0.12246 0.345031
2 0.625798 0.230974 0.0408443 0.0429033 0.344782
2 0.974537 0.555148 0.0498837 0.122151 0.343226
2 0.251438 0.250516 0.032526 0.0474643 0.33366
0 0.883137 0.284063 0.016795 0.0492719 0.327171
2 0.313993 0.253903 0.0406293 0.0488442 0.324441
2 0.671214 0.300956 0.0544413 0.0565763 0.320404
2 0.974768 0.554955 0.0499407 0.122205 0.319587
5 0.166522 0.786159 0.330602 0.427079 0.314035
2 0.312757 0.256416 0.0387135 0.0453665 0.313274
2 0.626467 0.229024 0.0410183 0.0462704 0.313092
7 0.974857 0.557184 0.0496059 0.115293 0.311365
5 0.166694 0.788409 0.33212 0.421995 0.308025
2 0.626347 0.230095 0.0399954 0.0466741 0.301779
5 0.456733 0.519787 0.0795061 0.238071 0.299551
2 0.524707 0.24508 0.0373335 0.0406649 0.297916
5 0.166112 0.785982 0.329056 0.425474 0.297706
2 0.585621 0.244834 0.0376267 0.0464881 0.296212
2 0.524677 0.240698 0.0371574 0.0482669 0.295129
2 0.524788 0.246165 0.0377014 0.0385506 0.292586
2 0.626238 0.232262 0.0412337 0.0408571 0.291792
7 0.476706 0.29844 0.0373743 0.0602578 0.287904
2 0.673052 0.301011 0.0535707 0.0563883 0.286077
2 0.585357 0.244793 0.0375956 0.0465001 0.280622
2 0.314303 0.253749 0.0419099 0.0490838 0.267987
2 0.313223 0.25356 0.0393025 0.0484366 0.261229
2 0.585559 0.244051 0.0375954 0.0464513 0.25231
2 0.418191 0.149039 0.0246969 0.0328087 0.250666
2 0.957492 0.264592 0.037092 0.0503869 0.248359
2 0.974751 0.555233 0.0496109 0.123526 0.241646
2 0.946432 0.354117 0.0565445 0.0539934 0.239049
7 0.975244 0.539671 0.0491079 0.151449 0.237037
7 0.459747 0.356955 0.0463724 0.0680062 0.23681
2 0.626362 0.229164 0.0403086 0.0459378 0.233837
0 0.882555 0.287288 0.0174772 0.0519759 0.229632
2 0.524669 0.241545 0.0371395 0.0481824 0.228599
5 0.459408 0.357378 0.0465797 0.0687076 0.226469
5 0.166564 0.785941 0.329149 0.425128 0.225924
0 0.88299 0.285374 0.0158102 0.049465 0.22301
2 0.476846 0.299483 0.0377557 0.0610382 0.222662
7 0.47653 0.298462 0.0383837 0.0605668 0.222111
2 0.585988 0.241827 0.0368006 0.0422443 0.221414
7 0.460012 0.355756 0.0464787 0.0703865 0.221268
2 0.524739 0.240187 0.0382408 0.0477194 0.220504
5 0.166796 0.787402 0.331163 0.424131 0.216032
2 0.957639 0.265114 0.0383186 0.0521015 0.215802
2 0.974734 0.554876 0.0499514 0.124298 0.212761
2 0.52505 0.2418 0.0368702 0.0469586 0.210514
2 0.95781 0.263406 0.0340439 0.0494368 0.20979
2 0.945719 0.347981 0.056601 0.0659468 0.208446
0 0.883329 0.277597 0.0160379 0.0365861 0.203246
2 0.524557 0.241074 0.0377513 0.04744 0.201466
5 0.166162 0.786164 0.329378 0.427232 0.200956
5 0.16573 0.785103 0.328425 0.423107 0.197038
5 0.460292 0.357108 0.0465785 0.0706033 0.195872
2 0.764373 0.477551 0.0903075 0.0939127 0.19406
2 0.992586 0.281936 0.0140526 0.0336733 0.190799
5 0.456348 0.546161 0.0748927 0.185073 0.185549
2 0.431825 0.17662 0.0254311 0.0342271 0.185324
7 0.476314 0.298464 0.0371359 0.0606478 0.182479
2 0.947148 0.35419 0.0542706 0.0545863 0.182196
2 0.994936 0.447445 0.00939789 0.0488516 0.179898
5 0.456646 0.54503 0.0756794 0.186858 0.177087
2 0.994381 0.447665 0.0104343 0.0527111 0.175787
2 0.585753 0.24442 0.0370459 0.0444515 0.174559
2 0.994735 0.448372 0.00986652 0.0507349 0.174477
2 0.251217 0.250712 0.0329116 0.0478848 0.173685
2 0.571124 0.209404 0.0317595 0.0400993 0.172811
7 0.476163 0.29883 0.0386147 0.0612053 0.171512
0 0.106025 0.2326 0.0152879 0.0436958 0.168779
5 0.455956 0.546117 0.0749279 0.185647 0.168584
2 0.992887 0.284081 0.0133703 0.0317241 0.168134
2 0.626161 0.232861 0.0398577 0.0425593 0.168097
2 0.431978 0.176724 0.0266657 0.0325325 0.165152
2 0.586144 0.243417 0.0371752 0.0458978 0.162394
2 0.524474 0.240318 0.0381297 0.0469583 0.159395
2 0.958795 0.264687 0.039518 0.0525778 0.158962
2 0.626124 0.229858 0.0416571 0.0470725 0.158504
7 0.974854 0.55784 0.0495258 0.114952 0.158164
7 0.475763 0.298402 0.0366549 0.0600924 0.155509
0 0.125869 0.362808 0.0158264 0.065134 0.152094
2 0.958132 0.264627 0.0342585 0.0504033 0.149687
7 0.476472 0.298339 0.0382909 0.0605613 0.146849
0 0.92005 0.269664 0.0211315 0.0439775 0.140379
0 0.143728 0.254556 0.0114873 0.0286391 0.13544
5 0.460074 0.357267 0.0468733 0.0708406 0.13206
7 0.460045 0.356361 0.0463107 0.0698577 0.131734
2 0.625905 0.228965 0.040193 0.0452172 0.13091
5 0.456244 0.574479 0.0737134 0.129516 0.129772
0 0.0674463 0.254438 0.0175906 0.0469447 0.129428
2 0.99201 0.449159 0.0153929 0.0554148 0.12795
0 0.106739 0.233064 0.0151389 0.0438481 0.126844
2 0.626067 0.229277 0.0408237 0.0445286 0.126407
2 0.432831 0.176895 0.0279385 0.0348655 0.125026
0 0.944845 0.284571 0.0157104 0.0386086 0.124794
2 0.25297 0.251345 0.0352399 0.0488062 0.123996
5 0.66472 0.174561 0.0256868 0.0495691 0.122713
2 0.41761 0.149933 0.024865 0.0324278 0.121604
0 0.0663925 0.252558 0.0168603 0.0435846 0.121372
2 0.46018 0.35647 0.0464493 0.0706226 0.121063
7 0.476904 0.29885 0.039349 0.0606141 0.120579
2 0.571921 0.205554 0.0326292 0.0418692 0.118813
2 0.314899 0.253532 0.0406214 0.0488881 0.118325
0 0.125971 0.363944 0.0144084 0.0636215 0.118211
2 0.991994 0.281276 0.0153738 0.032654 0.117976
0 0.883601 0.280227 0.017716 0.0485009 0.115387
0 0.919515 0.271431 0.0196938 0.0404174 0.115165
7 0.476591 0.298927 0.039097 0.0610614 0.114607
5 0.165655 0.783914 0.328034 0.422614 0.114333
5 0.456026 0.576035 0.0741964 0.125785 0.113933
2 0.763605 0.476416 0.0889627 0.0960364 0.113395
0 0.944749 0.287 0.0160856 0.0406101 0.112299
0 0.125746 0.360645 0.0155308 0.0673164 0.111687
5 0.459905 0.356929 0.0464951 0.0711098 0.107381
0 0.30816 0.17929 0.0109814 0.0269799 0.103179
0 0.0665887 0.255811 0.0155838 0.0459007 0.10303
2 0.626153 0.234808 0.0399767 0.039287 0.101767
2 0.445452 0.120848 0.0213364 0.0218245 0.101038
2 0.625739 0.230201 0.0406622 0.0463605 0.0997701
5 0.571429 0.211863 0.030561 0.0314129 0.0997157
0 0.00749672 0.350774 0.0116454 0.030758 0.0985088
2 0.956326 0.265225 0.0286156 0.0504142 0.0977305
2 0.570989 0.21335 0.030022 0.030079 0.0944278
2 0.992087 0.44848 0.015226 0.0554203 0.0933145
2 0.994545 0.447771 0.0102058 0.0540345 0.0895429
0 0.125475 0.36104 0.0165107 0.0663096 0.0887063
0 0.916346 0.272806 0.0123074 0.0365626 0.0879255
7 0.976048 0.519113 0.0476246 0.193082 0.0876787
5 0.46499 0.07285 0.0374441 0.0394915 0.0864715
0 0.929591 0.201521 0.010799 0.0189095 0.0864264
2 0.571305 0.207718 0.0311863 0.0422477 0.0862149
0 0.00805777 0.351427 0.0105052 0.0299302 0.0852698
2 0.958436 0.265171 0.0381607 0.0524502 0.0850803
0 0.125524 0.362361 0.0164371 0.0656846 0.0847455
2 0.571428 0.205079 0.0315845 0.0417459 0.0829603
2 0.476589 0.29898 0.0389029 0.0607212 0.0807031
0 0.883111 0.295837 0.0151028 0.0407819 0.0806257
0 0.105416 0.231875 0.0160363 0.0444588 0.0802983
0 0.916605 0.271055 0.0143196 0.040659 0.0781258
2 0.586004 0.245467 0.0379633 0.0453909 0.0778241
5 0.466289 0.0722309 0.0349722 0.0387909 0.0776199
2 0.4331 0.176562 0.0282801 0.0353251 0.077446
2 0.974493 0.55357 0.0503656 0.116991 0.076898
5 0.66205 0.160664 0.0291939 0.07606 0.0762523
2 0.250834 0.250657 0.0346941 0.0477138 0.0757325
0 0.125212 0.363992 0.0155951 0.0637377 0.0742384
0 0.0657732 0.255135 0.0167634 0.0485299 0.0736874
5 0.456069 0.5748 0.0734606 0.128886 0.0721958
5 0.45643 0.574489 0.0728189 0.129014 0.0705176
5 0.664815 0.174576 0.0261946 0.0496196 0.0680391
2 0.417642 0.148464 0.0251251 0.0334543 0.0674094
0 0.919416 0.273888 0.018577 0.0357459 0.0670198
2 0.627348 0.228675 0.040095 0.046949 0.0649252
2 0.313723 0.2561 0.0428133 0.0451526 0.0647756
2 0.0987206 0.640614 0.053784 0.051074 0.0646444
2 0.525312 0.233568 0.0347424 0.0354821 0.0631385
5 0.299096 0.0859119 0.0308392 0.0437033 0.0629202
2 0.523922 0.241812 0.0401286 0.0466996 0.0622
5 0.179353 0.735154 0.149978 0.15004 0.0610762
5 0.663722 0.16155 0.0265491 0.0745125 0.0604296
2 0.417189 0.149413 0.0221272 0.0334788 0.060157
0 0.943203 0.29007 0.0173433 0.0409524 0.0597831
5 0.300169 0.0859917 0.0294857 0.0437315 0.0591124
0 0.125303 0.357341 0.0165018 0.062554 0.0590813
0 0.882385 0.29548 0.0159645 0.0380251 0.0580104
0 0.994459 0.514394 0.0103378 0.0448244 0.056553
0 0.754146 0.168065 0.0109725 0.0290493 0.0558456
2 0.42944 0.177263 0.0293487 0.0336215 0.0556517
0 0.126153 0.348835 0.0149778 0.0485562 0.0550328
5 0.434225 0.0745799 0.0219045 0.0391467 0.0547309
0 0.754488 0.159894 0.0123991 0.0176055 0.0542694
0 0.144042 0.25353 0.0123592 0.0310025 0.0541832
5 0.664747 0.173745 0.0246558 0.0488849 0.0531859
2 0.460564 0.356716 0.0477853 0.0706307 0.0526425
0 0.332221 0.190081 0.00918531 0.0239134 0.0519826
2 0.991925 0.278473 0.0153286 0.0394967 0.0518577
2 0.418325 0.146284 0.0239143 0.0348425 0.0518308
2 0.344325 0.318355 0.0230392 0.0309083 0.0516913
2 0.343359 0.318838 0.0213423 0.0300573 0.0514277
0 0.127159 0.336751 0.0141693 0.0352987 0.0512631
2 0.571267 0.208908 0.0322538 0.0368975 0.050824
0 0.992642 0.523202 0.0140762 0.0584646 0.0507469
0 0.143729 0.255289 0.0131621 0.0298545 0.0506947
2 0.0992344 0.641154 0.0542417 0.0521243 0.0500333
2 0.960334 0.264218 0.040443 0.0530707 0.04975
5 0.6647 0.17475 0.0248266 0.0488863 0.0490553
2 0.253292 0.250503 0.0353685 0.0480598 0.0476009
5 0.441218 0.0740743 0.0234417 0.0396905 0.0467638
2 0.957998 0.264095 0.0370018 0.0504106 0.0465606
0 0.0657967 0.253807 0.0164489 0.046023 0.0465104
2 0.585997 0.245905 0.0380404 0.0436062 0.0464768
0 0.218321 0.202321 0.0123769 0.0225907 0.046133
5 0.184335 0.716752 0.161245 0.190506 0.0460215
0 0.28854 0.193868 0.0125774 0.0344389 0.0456916
2 0.177372 0.238647 0.0269575 0.0221731 0.0454534
5 0.456796 0.519472 0.0802649 0.243183 0.0442411
5 0.664469 0.174098 0.0258656 0.0496087 0.0438519
5 0.663881 0.174146 0.0276707 0.0501078 0.0431396
5 0.166836 0.786574 0.331379 0.426042 0.0422824
2 0.447236 0.120959 0.0203127 0.0227149 0.0420939
5 0.664705 0.173264 0.0256992 0.051122 0.0418871
0 0.90396 0.260473 0.0138626 0.0295869 0.0418297
2 0.431459 0.175957 0.0268642 0.0340219 0.0417372
0 0.804598 0.195212 0.00986667 0.027754 0.0416805
2 0.570749 0.213601 0.0320715 0.0301068 0.0413823
2 0.460787 0.357508 0.0470485 0.0702373 0.040498
0 0.0848932 0.246036 0.011098 0.0314525 0.0403594
5 0.185783 0.733414 0.164645 0.156218 0.0399242
5 0.299451 0.0852092 0.029703 0.0431887 0.0395168
0 0.120955 0.236118 0.0121965 0.0349769 0.0394098
2 0.571454 0.206085 0.0335781 0.0428346 0.03932
2 0.420191 0.148442 0.0275915 0.0340567 0.0391035
5 0.185503 0.730854 0.163093 0.157903 0.0379709
5 0.190066 0.700924 0.175008 0.221688 0.0379313
0 0.929463 0.19986 0.0121048 0.0210961 0.0378924
5 0.46723 0.0713364 0.0353948 0.040381 0.0374198
5 0.456333 0.574262 0.0737947 0.129349 0.0372967
5 0.16597 0.785311 0.329819 0.428164 0.0371645
2 0.625999 0.235478 0.0417802 0.0367275 0.0363921
5 0.209192 0.783888 0.243511 0.420794 0.0363605
2 0.411962 0.177681 0.015611 0.0274842 0.036148
0 0.290374 0.192474 0.0135574 0.0300182 0.0359343
0 0.307198 0.182138 0.0128552 0.0276451 0.0358821
5 0.263309 0.158781 0.021694 0.0372084 0.0357494
2 0.525906 0.240993 0.0399134 0.0494059 0.0357184
5 0.215427 0.693935 0.232071 0.24062 0.0356948
2 0.466862 0.077629 0.0302687 0.029138 0.0343764
0 0.883831 0.269173 0.0164667 0.0445761 0.0340407
2 0.446146 0.121856 0.0211035 0.022338 0.0336854
2 0.945589 0.27624 0.0167356 0.0296743 0.0335093
0 0.754423 0.1743 0.0101122 0.0257043 0.0333799
2 0.943947 0.346353 0.0548628 0.0661496 0.0333382
