0 0.595022 0.540505 0.0307123 0.0965725 0.693143
0 0.594609 0.541225 0.0301348 0.0991989 0.676962
0 0.594298 0.542431 0.0296394 0.0999537 0.610438
7 0.878748 0.426442 0.102606 0.103194 0.586382
0 0.593943 0.542561 0.0298328 0.0973829 0.567959
2 0.994293 0.248944 0.0106087 0.0445476 0.558254
2 0.993907 0.248864 0.0113247 0.0452707 0.550718
0 0.594141 0.542246 0.0297451 0.100177 0.535273
2 0.822006 0.182517 0.0360209 0.0356015 0.513347
7 0.878587 0.425886 0.10267 0.102639 0.49468
0 0.593992 0.54229 0.0298202 0.100845 0.479073
0 0.593527 0.541548 0.0302532 0.0988157 0.464967
7 0.878851 0.426446 0.10273 0.102844 0.457427
2 0.822384 0.182284 0.0358189 0.0363342 0.4522
2 0.466068 0.139007 0.0230879 0.0295252 0.448677
7 0.878538 0.425923 0.102129 0.102767 0.442721
7 0.879062 0.426091 0.102999 0.102659 0.440877
7 0.879086 0.426232 0.102875 0.102753 0.423295
7 0.878506 0.426283 0.102113 0.102956 0.418579
7 0.878436 0.42612 0.102847 0.102395 0.403451
2 0.822081 0.182893 0.0349857 0.0357544 0.403065
2 0.87864 0.426034 0.101868 0.102423 0.39708
2 0.597561 0.115412 0.0299543 0.0312435 0.379433
0 0.593992 0.539785 0.028414 0.0940477 0.370255
2 0.281028 0.190585 0.0422556 0.0522018 0.354749
2 0.597627 0.115054 0.0298828 0.0313024 0.351888
0 0.882334 0.187654 0.0105961 0.0348112 0.345829
2 0.434214 0.139327 0.0251606 0.0314323 0.343128
2 0.822076 0.182732 0.0345133 0.0353389 0.330035
0 0.593382 0.5425 0.0300323 0.097119 0.317521
2 0.43496 0.138818 0.0247139 0.0323764 0.315901
0 0.882322 0.188969 0.0110233 0.0338661 0.312646
2 0.281283 0.1903 0.0419855 0.0522055 0.308648
2 0.878922 0.425828 0.102772 0.102522 0.307746
0 0.594659 0.542153 0.0296759 0.101761 0.304048
0 0.0479828 0.336382 0.0161556 0.0473916 0.302416
2 0.280422 0.190283 0.0423927 0.0530638 0.296704
2 0.821428 0.182612 0.0360077 0.0357585 0.295743
2 0.434416 0.139242 0.024662 0.0322349 0.295435
5 0.350161 0.460641 0.0609424 0.0985949 0.285984
7 0.349576 0.461894 0.0586511 0.10301 0.283908
2 0.82202 0.182902 0.0352798 0.035423 0.277369
2 0.821575 0.18262 0.0379475 0.0358518 0.27621
0 0.0298901 0.291212 0.016768 0.0502057 0.274317
2 0.281058 0.190433 0.0429311 0.0535563 0.272192
7 0.349998 0.461817 0.058807 0.103038 0.271565
2 0.681185 0.0984723 0.0192266 0.0238318 0.270371
7 0.349699 0.462023 0.0586764 0.103291 0.269505
7 0.350172 0.461756 0.0586279 0.102948 0.267828
2 0.4651 0.137617 0.0230021 0.031447 0.26716
2 0.992265 0.248215 0.014793 0.0444999 0.260591
2 0.822604 0.182669 0.0353088 0.0361682 0.258627
2 0.280046 0.190501 0.0432932 0.0532091 0.257623
0 0.0478134 0.335207 0.0160759 0.0451359 0.25608
2 0.466056 0.138714 0.0248333 0.0302586 0.254028
2 0.994516 0.247028 0.0101223 0.0439027 0.242679
0 0.593488 0.540344 0.0302725 0.0966294 0.234593
0 0.767669 0.156013 0.00989246 0.026058 0.234461
0 0.595656 0.541229 0.0309849 0.0991787 0.231841
7 0.349506 0.46187 0.0586391 0.10348 0.228867
2 0.465276 0.139043 0.0240491 0.0297362 0.22793
2 0.434348 0.139212 0.0249947 0.0323223 0.218929
7 0.349869 0.461952 0.0586621 0.103417 0.215363
0 0.0306127 0.2934 0.0170587 0.0530727 0.215294
2 0.280996 0.191338 0.0411903 0.0523123 0.210011
2 0.434952 0.13885 0.0254468 0.0330155 0.207282
2 0.680834 0.0994573 0.0198271 0.022122 0.204198
5 0.597416 0.0974567 0.0301819 0.0632588 0.201118
2 0.464909 0.138283 0.0266628 0.0308627 0.199218
2 0.994206 0.249301 0.0109015 0.0452533 0.191826
0 0.593085 0.544153 0.028331 0.0951248 0.185715
0 0.0195301 0.338775 0.0127569 0.0359925 0.184908
2 0.822054 0.183481 0.0343418 0.0348393 0.183756
0 0.218195 0.206365 0.0102472 0.0295774 0.182585
2 0.992309 0.247888 0.0146978 0.0453772 0.179674
0 0.923076 0.184075 0.0132044 0.0386209 0.176887
0 0.922882 0.189913 0.0111958 0.0280052 0.175596
2 0.560924 0.0957005 0.0183118 0.0203143 0.175399
2 0.280609 0.190318 0.0420354 0.0532058 0.172872
0 0.0481745 0.338334 0.0173608 0.0504478 0.17084
2 0.280794 0.191554 0.0412715 0.0516585 0.167585
2 0.821468 0.181749 0.0364332 0.0376996 0.166867
0 0.048667 0.337678 0.0178753 0.0500696 0.165702
0 0.04755 0.333912 0.0174082 0.0437276 0.155339
2 0.223722 0.160074 0.0331771 0.0333751 0.155086
2 0.281166 0.190163 0.041209 0.0534038 0.149682
2 0.223766 0.159359 0.0342802 0.0347945 0.146359
0 0.0304329 0.294166 0.0170975 0.0544248 0.139852
2 0.222305 0.160488 0.0309275 0.0333824 0.13935
5 0.578175 0.0572917 0.0223187 0.0382021 0.136438
0 0.0490729 0.338803 0.0187034 0.0522255 0.135432
0 0.882848 0.190259 0.011237 0.0343004 0.132509
5 0.350884 0.461193 0.0609562 0.105664 0.128664
5 0.597554 0.0978874 0.0301128 0.062721 0.128549
0 0.86742 0.180578 0.01063 0.0300523 0.126465
0 0.0257059 0.292412 0.019763 0.0515261 0.122861
0 0.143215 0.240339 0.0107573 0.0286414 0.12231
2 0.561176 0.0970888 0.0179727 0.0203855 0.122144
0 0.0197838 0.338055 0.0119772 0.037634 0.121511
0 0.0900757 0.279061 0.024092 0.0508926 0.11673
2 0.222251 0.159725 0.030421 0.0340189 0.116262
7 0.349573 0.461264 0.0592544 0.101753 0.115215
0 0.0295004 0.290913 0.0177252 0.0504342 0.115081
2 0.542643 0.0799377 0.0292513 0.0345727 0.114751
2 0.280631 0.191483 0.0412811 0.0515234 0.113326
0 0.881353 0.184929 0.0122513 0.0370095 0.113107
2 0.597477 0.108675 0.0310942 0.0444826 0.11002
0 0.0482448 0.336487 0.0180841 0.0474682 0.108455
2 0.597457 0.114914 0.03026 0.0304456 0.107462
2 0.281563 0.190361 0.0420783 0.0527158 0.105826
2 0.821495 0.182722 0.036182 0.0351297 0.102846
0 0.0330875 0.29167 0.017792 0.0515754 0.0983382
2 0.537402 0.0867118 0.0213635 0.022514 0.0965109
2 0.597466 0.116891 0.029427 0.0307633 0.0961706
0 0.76804 0.151708 0.0119614 0.0345778 0.0924077
5 0.579407 0.0577392 0.0244062 0.0390165 0.090718
5 0.577503 0.0569535 0.0241083 0.0378552 0.0903172
5 0.597626 0.0831946 0.0268239 0.0346352 0.0883586
0 0.0483864 0.334685 0.0189487 0.0450462 0.0878391
0 0.217402 0.209779 0.0102541 0.0258483 0.0863327
0 0.322169 0.168706 0.0127132 0.0331928 0.0862262
0 0.0233247 0.306633 0.0179354 0.0570389 0.0859145
0 0.143438 0.239222 0.0113545 0.0306972 0.0858177
0 0.0258801 0.290615 0.0197117 0.0479296 0.0844821
0 0.218652 0.199104 0.0124309 0.0388908 0.0844389
0 0.864388 0.18133 0.0097271 0.0289652 0.0839923
0 0.928681 0.171717 0.0132099 0.0260692 0.0833922
5 0.597492 0.0842457 0.0278309 0.0358603 0.0822544
0 0.768274 0.158351 0.0106452 0.0247825 0.0796581
5 0.577679 0.0577621 0.0237891 0.0381933 0.0781847
2 0.437095 0.231233 0.0335527 0.0266494 0.0777563
7 0.878468 0.426493 0.102725 0.102526 0.0759561
2 0.597712 0.114826 0.0300673 0.0313806 0.0751012
2 0.547039 0.0766773 0.021071 0.0309539 0.0750343
7 0.539098 0.0820686 0.0251493 0.0297912 0.0739354
2 0.47237 0.111705 0.0251616 0.0312496 0.0738353
0 0.0903388 0.2783 0.0260298 0.0517982 0.0710066
0 0.0896479 0.277381 0.02722 0.0517389 0.0707557
2 0.357202 0.236361 0.015283 0.019826 0.070592
2 0.597888 0.116739 0.0294721 0.0308879 0.0685799
0 0.867686 0.179067 0.0114401 0.0306041 0.0675961
5 0.300601 0.0543579 0.0272188 0.0444165 0.067185
5 0.350596 0.462046 0.0597438 0.105601 0.0654616
2 0.646616 0.106051 0.0206507 0.0316581 0.0648968
0 0.0892021 0.279995 0.0253466 0.0500642 0.0637276
2 0.654698 0.100313 0.036335 0.0381848 0.061713
2 0.668275 0.142776 0.0325347 0.0462979 0.0608959
5 0.266721 0.12857 0.0235327 0.0368996 0.0606638
2 0.597733 0.115358 0.0332787 0.0321226 0.0580702
2 0.444322 0.229827 0.0249565 0.0198463 0.0571309
0 0.882845 0.187487 0.0123854 0.0365675 0.0560165
2 0.357904 0.234834 0.0162254 0.0204559 0.0560052
0 0.902297 0.172849 0.010693 0.0187047 0.0556934
2 0.678644 0.139539 0.0145244 0.037449 0.0554464
0 0.926174 0.181111 0.0150726 0.0445981 0.0553332
2 0.649051 0.103393 0.02523 0.035985 0.0545576
0 0.0273659 0.289843 0.0225885 0.0479431 0.0530643
5 0.300132 0.0543358 0.0281711 0.0453682 0.0529968
2 0.663155 0.107614 0.0167702 0.0252544 0.0525469
0 0.925333 0.1838 0.0149183 0.0402213 0.0519069
0 0.924449 0.181284 0.0172913 0.0407489 0.0509283
2 0.473169 0.112975 0.022163 0.0287524 0.0508459
0 0.322849 0.166327 0.0146091 0.0349554 0.0507927
2 0.659556 0.143745 0.0493823 0.0469524 0.0503539
5 0.267359 0.127541 0.0239708 0.0372767 0.049336
0 0.0902399 0.278842 0.0263088 0.0481931 0.0491643
0 0.0884206 0.28124 0.0230818 0.0480635 0.0488948
2 0.668972 0.143504 0.0298487 0.0476237 0.0483934
0 0.321023 0.170222 0.0111301 0.032093 0.0478625
5 0.57722 0.0538179 0.0256098 0.0449309 0.0469572
7 0.542253 0.0793481 0.0323927 0.0357049 0.0467422
2 0.252219 0.145741 0.0168312 0.0173078 0.0467404
0 0.68102 0.141511 0.0103693 0.0323366 0.046677
2 0.165352 0.696512 0.0395485 0.0222729 0.0466682
2 0.2809 0.190429 0.0423028 0.0525867 0.0465229
2 0.47254 0.111189 0.0254042 0.0329659 0.0455866
5 0.300521 0.0543693 0.0273039 0.0442986 0.0454347
2 0.667923 0.143099 0.031587 0.0481891 0.0450802
2 0.165187 0.696374 0.0384181 0.0224017 0.0450219
2 0.666348 0.142944 0.0341335 0.048963 0.0449042
0 0.0371909 0.294825 0.0171368 0.0516997 0.0448007
2 0.539637 0.0837186 0.0259058 0.0295619 0.0439661
2 0.358308 0.233923 0.0185889 0.0206194 0.043851
2 0.596898 0.114961 0.0340378 0.0313673 0.0430495
2 0.560854 0.0948366 0.018772 0.0245587 0.0430149
0 0.0902888 0.27916 0.0251178 0.0479049 0.0424291
0 0.0904975 0.280279 0.0222386 0.0455571 0.0417854
0 0.0184889 0.328888 0.016678 0.057843 0.0412287
2 0.153231 0.72963 0.0141359 0.0115983 0.0410712
2 0.47322 0.113114 0.0212839 0.0285206 0.0409855
0 0.765434 0.154331 0.0126154 0.0293927 0.0409163
5 0.577544 0.0585676 0.0244459 0.0393183 0.0406453
2 0.540894 0.0823263 0.0301778 0.031784 0.0402996
2 0.668502 0.142689 0.0295009 0.0475569 0.0398659
2 0.660584 0.106673 0.0219679 0.0273402 0.0398153
0 0.352849 0.135983 0.0119996 0.0338033 0.0394742
2 0.0440206 0.689674 0.0653065 0.0490967 0.0391005
0 0.0364093 0.292725 0.0185215 0.0520315 0.0388951
2 0.220217 0.159434 0.0339504 0.0349021 0.0385215
5 0.264356 0.127727 0.0294555 0.0400983 0.035618
2 0.66015 0.651869 0.0171335 0.0200097 0.035285
0 0.368821 0.114628 0.011315 0.0237464 0.0351419
2 0.445329 0.0606014 0.0219543 0.0322349 0.0337691
2 0.230065 0.14719 0.0279474 0.0210026 0.0335954
2 0.34886 0.493909 0.053945 0.0396959 0.0334802
9 0.720449 0.0560853 0.0117376 0.0331442 0.0334371
5 0.577667 0.058588 0.0230545 0.0383157 0.0333731
5 0.658606 0.14283 0.0502958 0.0489997 0.0331993
0 0.34073 0.138933 0.0116373 0.0374378 0.0325178
2 0.547841 0.0820034 0.0248682 0.03933 0.0323696
0 0.869144 0.182003 0.0107281 0.0342311 0.0318691
2 0.363529 0.234397 0.0291774 0.0236025 0.0318004
2 0.439173 0.230522 0.0347236 0.0240543 0.0317455
2 0.345079 0.289081 0.0167198 0.0261304 0.0315952
2 0.222354 0.159709 0.032402 0.0332922 0.0314903
2 0.446594 0.0694867 0.0214071 0.0295659 0.0314684
5 0.3003 0.053779 0.0269578 0.0445974 0.0314566
5 0.263827 0.130624 0.0264121 0.0413352 0.0310412
0 0.675311 0.143798 0.0217214 0.0399933 0.0308515
2 0.348826 0.49485 0.0531474 0.0385338 0.0305072
2 0.822012 0.180249 0.0366184 0.0414376 0.0300206
2 0.66568 0.143318 0.033361 0.04805 0.0297627
2 0.248244 0.146749 0.0193652 0.0240987 0.0297059
0 0.351571 0.133877 0.0137769 0.0336828 0.0296121
0 0.596736 0.539824 0.032784 0.0953257 0.0292814
2 0.220199 0.160471 0.0338973 0.0350073 0.0291257
5 0.47478 0.0981105 0.0375319 0.0582716 0.0288834
2 0.228023 0.16 0.034799 0.0307998 0.0284811
0 0.854241 0.178434 0.0126572 0.0264085 0.0282627
0 0.0454898 0.335762 0.0213291 0.0519382 0.0280755
2 0.660981 0.101329 0.0232682 0.0337932 0.0279893
2 0.703412 0.278684 0.038522 0.0314909 0.0279412
2 0.349716 0.462774 0.059424 0.105938 0.0276684
5 0.655323 0.142857 0.0582884 0.0504795 0.027523
5 0.740741 0.0527894 0.0748161 0.105579 0.0267477
0 0.379741 0.105839 0.0105415 0.0196689 0.0259908
7 0.547613 0.0753977 0.0221349 0.0292721 0.0255305
5 0.301052 0.0548274 0.0282394 0.0447558 0.0254918
2 0.702843 0.278408 0.0396271 0.032524 0.0253871
0 0.123489 0.206207 0.0128572 0.033057 0.0253841
2 0.728419 0.0931758 0.014546 0.0224195 0.0251435
2 0.703171 0.278429 0.0372015 0.0318367 0.0250374
0 0.593358 0.534131 0.0249887 0.0851971 0.0249279
0 0.14294 0.202394 0.00804305 0.0203419 0.0248396
5 0.468569 0.0932068 0.0245533 0.0312643 0.0245158
2 0.101099 0.610868 0.0538705 0.0512185 0.0245009
0 0.29147 0.15759 0.0174064 0.0239387 0.0243671
5 0.597257 0.0984199 0.0311242 0.0645344 0.0240946
0 0.901904 0.17381 0.0121616 0.0195987 0.0239796
2 0.703384 0.278918 0.0396948 0.0316698 0.0239492
2 0.401528 0.231651 0.0180521 0.0214074 0.0238544
2 0.559646 0.0892585 0.0213236 0.0291537 0.0237018
2 0.433853 0.13987 0.0264853 0.0339095 0.0235977
2 0.101766 0.611249 0.0541253 0.0523272 0.0231404
0 0.719988 0.0595485 0.0132826 0.0307139 0.0230342
2 0.449946 0.0795121 0.0164371 0.0198251 0.0227838
2 0.165224 0.696414 0.0378199 0.0235472 0.0221056
0 0.220197 0.131548 0.0114203 0.0170662 0.0216269
5 0.462622 0.0464092 0.0171556 0.0248524 0.0214859
2 0.347078 0.288116 0.0207008 0.0274595 0.0212396
7 0.655907 0.131226 0.0573029 0.0726036 0.0211427
2 0.64688 0.10771 0.0220423 0.0328538 0.0209756
2 0.348729 0.492606 0.0538547 0.0434538 0.020793
5 0.34892 0.455549 0.0537603 0.0910318 0.0206424
0 0.340394 0.153664 0.0112419 0.0249092 0.0202397
0 0.108 0.18895 0.00917456 0.0154173 0.0202284
0 0.169135 0.170951 0.0142941 0.0297643 0.0194834
25 0.0347481 0.134022 0.0340144 0.0123681 0.0193924
2 0.432669 0.13945 0.0302574 0.0325284 0.0193566
0 0.214712 0.204805 0.0120749 0.0306768 0.0192918
0 0.122874 0.207482 0.0128499 0.0300296 0.0190089
0 0.0894467 0.269037 0.0252389 0.0642054 0.0188083
0 0.337734 0.138829 0.0104162 0.0257622 0.0185612
2 0.456656 0.500518 0.0491795 0.0465286 0.0184057
2 0.348643 0.49287 0.0536551 0.0409136 0.0180841
2 0.443766 0.229288 0.0318656 0.0212606 0.0180742
2 0.168111 0.167469 0.015994 0.0322956 0.0177565
2 0.469203 0.138662 0.0289305 0.0294699 0.0176913
2 0.362944 0.235453 0.0269244 0.0233571 0.017621
2 0.683432 0.0984413 0.026375 0.026036 0.0174597
9 0.753787 0.131204 0.0116684 0.0150746 0.0173068
2 0.34848 0.489574 0.0552904 0.0462219 0.0172719
2 0.456162 0.490072 0.0508467 0.0719788 0.0172469
2 0.434529 0.140122 0.0249431 0.0335531 0.0172114
5 0.738026 0.0564724 0.0780012 0.112945 0.0171926
0 0.0891774 0.254923 0.0211176 0.0533743 0.017183
5 0.574627 0.0288542 0.0239634 0.0228373 0.0170064
5 0.480346 0.0956094 0.0335883 0.0599536 0.0168392
0 0.143109 0.242342 0.013256 0.0325058 0.0166914
2 0.661787 0.103035 0.028932 0.0332671 0.0165083
5 0.266205 0.127442 0.0271299 0.040512 0.0161739
0 0.322995 0.144254 0.0166845 0.0284737 0.0161491
2 0.0459777 0.688397 0.0633807 0.0462599 0.0161185
0 0.167453 0.169257 0.0134761 0.0297499 0.0160677
2 0.654674 0.107047 0.0374762 0.0302291 0.0159819
0 0.0186409 0.339798 0.0114034 0.0361377 0.0158939
0 0.345848 0.135827 0.0193992 0.036353 0.0158769
2 0.722172 0.0892908 0.0189055 0.0257548 0.0156134
0 0.0168164 0.330992 0.0182799 0.0510169 0.0155547
2 0.703413 0.278455 0.040012 0.0317754 0.0155383
