2 0.59629 0.480406 0.149933 0.144321 0.833484
2 0.596899 0.480235 0.151014 0.14439 0.8273
2 0.597198 0.480607 0.149995 0.14451 0.813481
2 0.596859 0.480483 0.149882 0.144505 0.807803
2 0.596679 0.481103 0.149224 0.143622 0.795736
2 0.595922 0.480232 0.150296 0.143961 0.788448
2 0.596554 0.480431 0.149488 0.144107 0.779826
2 0.863766 0.353496 0.122098 0.121329 0.778441
2 0.596027 0.480201 0.15027 0.143467 0.774546
2 0.863767 0.353058 0.121813 0.120802 0.771967
2 0.863781 0.353532 0.122385 0.121434 0.753332
2 0.863812 0.353221 0.122289 0.120966 0.747233
2 0.863166 0.35351 0.122059 0.120609 0.740273
2 0.863975 0.353211 0.121874 0.121509 0.730772
2 0.863825 0.353289 0.121857 0.121747 0.724657
2 0.596808 0.480239 0.149896 0.144381 0.713599
2 0.863623 0.353262 0.122083 0.121297 0.712935
2 0.863841 0.353062 0.122062 0.12127 0.710978
2 0.596101 0.480439 0.149975 0.144186 0.709458
2 0.863661 0.353138 0.122039 0.121574 0.705014
2 0.947717 0.222355 0.0855568 0.0948995 0.643711
2 0.947661 0.22199 0.085331 0.0946284 0.637872
2 0.947681 0.221929 0.0857264 0.09481 0.596868
2 0.948145 0.221676 0.0866947 0.095028 0.569506
2 0.947852 0.221793 0.0864521 0.0949679 0.562621
2 0.947777 0.221912 0.0856541 0.0946093 0.557129
2 0.947987 0.221752 0.0859737 0.0946366 0.551904
2 0.948109 0.221781 0.0860542 0.0948212 0.478257
6 0.554153 0.369053 0.833327 0.738107 0.252627
6 0.527854 0.40127 0.859724 0.80254 0.229871
6 0.498021 0.416571 0.840661 0.824703 0.191768
6 0.569514 0.346335 0.820713 0.69267 0.184761
6 0.554785 0.380502 0.832913 0.761003 0.172766
6 0.480355 0.461844 0.897074 0.877764 0.171437
2 0.948052 0.221918 0.0861364 0.0952649 0.160239
2 0.299483 0.106102 0.0662389 0.0574244 0.156729
6 0.425088 0.499786 0.839366 0.829308 0.148151
0 0.655641 0.104735 0.0311362 0.0416412 0.146296
6 0.417739 0.526289 0.831671 0.786794 0.12352
6 0.489347 0.0627795 0.334464 0.125559 0.119838
2 0.299392 0.106328 0.0647614 0.0576636 0.111114
6 0.491363 0.0632136 0.336924 0.126427 0.10201
2 0.30033 0.105481 0.0631306 0.0558204 0.10091
2 0.644334 0.100621 0.0561855 0.0583957 0.0945475
2 0.299366 0.105902 0.0641879 0.0580035 0.0929477
2 0.299623 0.10681 0.0642725 0.0603195 0.0923794
0 0.655108 0.106115 0.0309477 0.03903 0.0914963
6 0.591619 0.341029 0.787661 0.664077 0.0889572
6 0.329232 0.145549 0.654798 0.28917 0.0876749
6 0.166869 0.178467 0.332961 0.207752 0.0862773
0 0.649526 0.101816 0.041489 0.0522683 0.0839006
6 0.489044 0.065865 0.340358 0.13173 0.0835031
6 0.488961 0.0652875 0.340164 0.130575 0.0822101
6 0.486243 0.0620823 0.351731 0.124165 0.0816959
6 0.166329 0.179817 0.332469 0.214292 0.0808445
2 0.301472 0.106025 0.0635562 0.0566291 0.0805815
0 0.65695 0.104358 0.0307598 0.0384081 0.0798287
6 0.598761 0.339839 0.764481 0.679082 0.0784245
2 0.644409 0.102192 0.0566893 0.0593914 0.0764167
6 0.489573 0.0639925 0.356615 0.127985 0.0713593
6 0.329441 0.147201 0.656276 0.292752 0.0712135
6 0.552468 0.361943 0.813536 0.70398 0.0705651
0 0.876792 0.137259 0.0186743 0.0311743 0.0703694
6 0.166888 0.180282 0.332963 0.212417 0.0673681
6 0.167728 0.180924 0.334594 0.213395 0.0633713
6 0.492056 0.44042 0.84471 0.781812 0.0596836
2 0.858043 0.139925 0.0559601 0.0468192 0.0580591
2 0.645485 0.100853 0.0547585 0.0568061 0.053235
6 0.489727 0.0658487 0.344899 0.131273 0.052451
6 0.48968 0.0656939 0.341074 0.131388 0.0508119
0 0.876132 0.138656 0.0194698 0.0330465 0.0506018
0 0.656124 0.106371 0.0330166 0.0409282 0.0503216
6 0.507239 0.442265 0.890227 0.812591 0.0493875
0 0.655185 0.10664 0.0311588 0.0382337 0.0465789
6 0.414855 0.499349 0.817182 0.763697 0.046203
0 0.644071 0.0995901 0.0518993 0.0554318 0.044715
0 0.794023 0.0201519 0.0361581 0.0399702 0.0444572
2 0.647006 0.102707 0.0509081 0.0543437 0.0439272
0 0.65636 0.105974 0.0319008 0.0384018 0.0413865
6 0.166796 0.177566 0.33347 0.207033 0.0413566
2 0.860742 0.139939 0.0524193 0.0461012 0.040026
6 0.333858 0.149275 0.649489 0.29764 0.0388353
2 0.854689 0.146201 0.0668533 0.0619408 0.0387493
2 0.860242 0.13951 0.0510296 0.0465059 0.0382922
2 0.642455 0.10024 0.0489962 0.0571438 0.037882
2 0.29783 0.111372 0.0709184 0.0685175 0.0378748
6 0.939017 0.0636037 0.120684 0.126563 0.0370134
0 0.7936 0.0209124 0.0362831 0.0412552 0.0362957
2 0.296867 0.112273 0.0702957 0.0694434 0.0357437
6 0.359329 0.147213 0.715712 0.288819 0.0353651
0 0.893211 0.316125 0.0333591 0.041172 0.0348942
0 0.793223 0.0215319 0.0385515 0.0430638 0.0341776
0 0.889279 0.0614404 0.0220615 0.03709 0.0339485
2 0.858459 0.139349 0.0499477 0.0465779 0.0329635
2 0.862227 0.139365 0.0478579 0.043104 0.0327337
6 0.399222 0.488458 0.771206 0.744567 0.0323828
0 0.650982 0.106311 0.0386839 0.0466824 0.0322254
2 0.314645 0.109874 0.0385577 0.0496214 0.0321023
6 0.940078 0.0643068 0.118697 0.12696 0.0315182
6 0.936949 0.0489402 0.125157 0.097354 0.0306095
2 0.297417 0.114182 0.0707985 0.0726993 0.029716
6 0.938092 0.0631002 0.122859 0.125542 0.0295537
2 0.990866 0.511981 0.0174723 0.045232 0.0288734
2 0.823476 0.168699 0.0620972 0.0520795 0.0286341
6 0.166862 0.178882 0.333724 0.212901 0.0281009
6 0.166284 0.172894 0.332568 0.218653 0.0280969
2 0.824967 0.168156 0.0601479 0.0517946 0.0279832
2 0.824678 0.168192 0.0564796 0.0470757 0.0277587
0 0.792561 0.0211153 0.037246 0.0413801 0.0267193
0 0.794316 0.0209021 0.0348465 0.0411719 0.0267066
0 0.642487 0.0959919 0.0332698 0.0479228 0.0266422
6 0.166916 0.179814 0.333831 0.214396 0.0263122
2 0.297029 0.104484 0.0598877 0.0527996 0.0260976
0 0.794219 0.0219541 0.0340155 0.0434525 0.0256351
0 0.793552 0.019027 0.036531 0.038054 0.0256218
2 0.840747 0.156034 0.0924328 0.0805002 0.025322
0 0.792335 0.0291329 0.0388632 0.0579399 0.0249756
6 0.41271 0.535774 0.821354 0.798253 0.0248738
6 0.937066 0.0624095 0.125869 0.124004 0.024438
6 0.166398 0.169596 0.331767 0.206753 0.0243823
6 0.378266 0.138127 0.753117 0.273371 0.0241978
6 0.483831 0.0601726 0.350753 0.120345 0.0239923
6 0.331431 0.151942 0.647848 0.303884 0.0236912
2 0.303839 0.108866 0.0602134 0.0561816 0.0236479
0 0.887863 0.0629997 0.0256563 0.0382103 0.0235787
6 0.322251 0.205961 0.641607 0.411921 0.0233696
2 0.640628 0.101354 0.0471535 0.0556432 0.0229265
2 0.0114614 0.21652 0.0227761 0.0416144 0.0224494
0 0.792313 0.0328404 0.035535 0.0617325 0.0214073
6 0.938894 0.0643197 0.121337 0.127739 0.0213079
2 0.297559 0.111886 0.0704748 0.0687714 0.0210774
2 0.990581 0.515619 0.0178057 0.0380753 0.0210661
0 0.794421 0.017658 0.0362667 0.0353159 0.0209191
2 0.843078 0.155025 0.0903767 0.0793348 0.0206253
0 0.641573 0.0994692 0.0476883 0.0565144 0.0204887
2 0.839967 0.157856 0.0937098 0.0835631 0.0203394
2 0.0141825 0.216243 0.0283007 0.0410052 0.0200796
2 0.297811 0.106362 0.0625124 0.0583771 0.0198213
0 0.792422 0.0251186 0.0376591 0.0479064 0.0196191
0 0.883817 0.0585968 0.023983 0.0352813 0.0193336
0 0.632436 0.107829 0.0309412 0.0467522 0.0190333
2 0.313396 0.118523 0.0397588 0.0368374 0.0188026
2 0.648738 0.0985439 0.04224 0.0532692 0.0187792
2 0.855282 0.150206 0.0570457 0.0662812 0.018213
2 0.820704 0.16787 0.0493086 0.0488715 0.01798
2 0.860429 0.139062 0.0512367 0.0457422 0.0178775
0 0.629255 0.109002 0.0272491 0.0401185 0.0178192
0 0.792655 0.0341174 0.035434 0.066517 0.0172836
2 0.850725 0.785178 0.0209476 0.0220599 0.0172043
2 0.988588 0.507518 0.0219196 0.0567245 0.0171567
6 0.488676 0.0646664 0.342677 0.129294 0.0170357
0 0.793153 0.019005 0.0375629 0.0380099 0.0167537
2 0.824061 0.16738 0.0559393 0.0493767 0.0167078
6 0.941007 0.0648875 0.116935 0.124107 0.0165514
0 0.655046 0.0985973 0.0372292 0.0504938 0.0165214
0 0.903907 0.0608731 0.0239662 0.0394795 0.016444
0 0.871978 0.140938 0.029607 0.0421893 0.0162332
6 0.487502 0.0629922 0.327493 0.125198 0.0159388
2 0.840084 0.169618 0.0247585 0.0325142 0.015838
2 0.862862 0.13882 0.048595 0.0427357 0.0152533
6 0.33176 0.159379 0.661092 0.312503 0.0150807
0 0.0108309 0.216578 0.0215465 0.0421692 0.0148841
6 0.939668 0.0515093 0.11974 0.102847 0.014728
2 0.679441 0.274234 0.0839592 0.0706926 0.0146275
6 0.437263 0.503964 0.841313 0.823318 0.0142755
2 0.901085 0.680703 0.0190678 0.0227676 0.0141763
2 0.825262 0.169275 0.0556707 0.044887 0.0140797
0 0.893345 0.314594 0.03326 0.0424939 0.0137804
2 0.850921 0.784458 0.020977 0.0232208 0.0135792
6 0.484719 0.0606528 0.333163 0.121306 0.0135735
2 0.681772 0.273871 0.0774692 0.0662757 0.0133362
0 0.972015 0.201509 0.0287056 0.0495295 0.012933
2 0.81957 0.167886 0.0514868 0.0505551 0.0128514
2 0.991536 0.510492 0.0162176 0.0482082 0.0124918
0 0.889616 0.0493965 0.0276148 0.0339007 0.0124534
2 0.948656 0.221475 0.0875626 0.0935856 0.0120979
0 0.0122924 0.215737 0.0245699 0.0418183 0.0119388
2 0.950435 0.594873 0.0234043 0.0230179 0.0117647
6 0.481745 0.057695 0.348419 0.11539 0.0117138
2 0.559365 0.375504 0.0785137 0.0589644 0.0116722
0 0.625066 0.114712 0.0192633 0.0287952 0.0114971
6 0.941091 0.0645308 0.117154 0.124748 0.0114907
5 0.948362 0.222368 0.0861006 0.0935926 0.0113085
0 0.889707 0.0625812 0.033523 0.0487934 0.0113054
0 0.903861 0.062186 0.0280796 0.0413487 0.0112466
0 0.890789 0.0535276 0.0368908 0.0434867 0.0111445
2 0.857948 0.138929 0.0493874 0.0465626 0.0106949
0 0.0099796 0.21734 0.019849 0.0423026 0.0106303
6 0.373611 0.482307 0.298903 0.291359 0.00998084
2 0.299999 0.104247 0.0579163 0.0550436 0.00965123
2 0.818074 0.170485 0.0505825 0.0527895 0.00963883
2 0.298905 0.104869 0.0614469 0.0566094 0.00963212
2 0.68608 0.272154 0.067001 0.0678319 0.00962885
2 0.850094 0.784517 0.0222515 0.0250905 0.00952751
2 0.595971 0.479744 0.149882 0.143226 0.00927871
9 0.782409 0.910404 0.019694 0.0303595 0.00925589
2 0.85013 0.783693 0.0228321 0.0258059 0.00910173
2 0.676985 0.299012 0.0999432 0.116688 0.00906152
6 0.48821 0.0635712 0.347567 0.127142 0.00846202
2 0.679602 0.273901 0.0790819 0.0710232 0.00840552
2 0.28995 0.13361 0.045118 0.0438922 0.00840431
6 0.937823 0.0487672 0.122584 0.0975343 0.00837172
0 0.786107 0.0342037 0.0242976 0.0530497 0.00834173
0 0.882135 0.0641517 0.0199276 0.0268956 0.00821328
2 0.900397 0.680428 0.0212055 0.0237652 0.00805106
2 0.895358 0.0568957 0.0400047 0.0417482 0.00790948
0 0.86862 0.319323 0.0838242 0.0515721 0.00776679
2 0.950126 0.59491 0.0228672 0.023234 0.00768156
0 0.654153 0.110327 0.0361407 0.0498118 0.00761743
2 0.295541 0.127036 0.0327695 0.032165 0.0076118
9 0.782346 0.910012 0.0197757 0.031773 0.00739453
2 0.988386 0.514523 0.0221737 0.043977 0.00737471
2 0.292585 0.116935 0.080815 0.0776612 0.00736499
2 0.678551 0.280099 0.0872383 0.0801783 0.00735331
6 0.538135 0.397741 0.793244 0.680296 0.00716778
7 0.948781 0.222167 0.0871307 0.0929014 0.00710938
2 0.294518 0.118426 0.0381307 0.0418252 0.00693034
2 0.811171 0.196622 0.16098 0.165128 0.00684456
6 0.93966 0.0491662 0.118773 0.0981686 0.00683774
2 0.559657 0.375738 0.0737425 0.056599 0.0068176
2 0.562591 0.372567 0.085101 0.065841 0.00680813
2 0.854214 0.154475 0.0653481 0.0774392 0.00671381
2 0.29157 0.132656 0.044591 0.0446567 0.00669965
11 0.172351 0.0192775 0.0279025 0.0365962 0.00668865
2 0.864416 0.142178 0.0638105 0.0536642 0.00655632
6 0.337678 0.134688 0.637974 0.269183 0.00652807
11 0.172192 0.0194298 0.0278796 0.037038 0.00649744
0 0.875488 0.0568802 0.0186674 0.0302192 0.00648768
0 0.291635 0.128517 0.039342 0.0418274 0.00641356
0 0.887479 0.0571278 0.030481 0.0452542 0.00638666
0 0.638222 0.10122 0.0472961 0.058065 0.00622541
11 0.172037 0.0196155 0.0272128 0.0359182 0.00621355
2 0.790443 0.737504 0.0881989 0.0524771 0.00608173
0 0.88455 0.0670869 0.0251982 0.0434569 0.00594149
6 0.475173 0.460333 0.937159 0.886271 0.00588663
6 0.345736 0.159004 0.632621 0.317969 0.00586834
2 0.317577 0.117309 0.0343099 0.035693 0.00581231
0 0.28391 0.119592 0.0248068 0.0356684 0.005799
0 0.790826 0.0406604 0.0421859 0.0788101 0.00577613
2 0.838651 0.17101 0.0287317 0.0377698 0.00570898
6 0.33436 0.134963 0.661574 0.269927 0.00557729
2 0.781486 0.223794 0.0915493 0.101105 0.00556186
2 0.812109 0.174204 0.147832 0.11939 0.00552794
6 0.170881 0.148315 0.341761 0.14992 0.00552735
0 0.789276 0.0483243 0.0352796 0.0625835 0.00543959
2 0.561913 0.376594 0.0762661 0.0511658 0.00541446
2 0.821425 0.184884 0.0721036 0.0839066 0.005342
2 0.987974 0.489842 0.0234188 0.0941242 0.00530127
6 0.283895 0.118144 0.0965477 0.0830247 0.00526976
2 0.559736 0.372704 0.0909849 0.0677446 0.00523146
0 0.974329 0.209067 0.0316618 0.0623644 0.00523084
0 0.643312 0.109551 0.0560688 0.0520429 0.00522778
0 0.0121429 0.216119 0.0241076 0.0440108 0.00511069
6 0.401237 0.0927763 0.524053 0.185316 0.00510045
2 0.559058 0.373573 0.0865135 0.0648469 0.00496779
2 0.804367 0.194499 0.0279667 0.0244433 0.00495131
6 0.939385 0.0645081 0.12123 0.129016 0.00491301
0 0.89732 0.316621 0.0430925 0.0446113 0.00487445
2 0.727384 0.258301 0.0992696 0.104128 0.0048176
0 0.969911 0.190696 0.0237413 0.0292082 0.00480841
2 0.818116 0.167837 0.049612 0.0505996 0.00476448
6 0.334376 0.295247 0.649868 0.589817 0.00474772
0 0.294162 0.127941 0.0343374 0.0325593 0.00459782
2 0.822746 0.184851 0.0733899 0.07953 0.00458518
2 0.671079 0.274452 0.0681475 0.0695968 0.00450549
0 0.656742 0.109341 0.0354893 0.0501633 0.00448256
0 0.875143 0.0618541 0.0171427 0.0294131 0.00443395
2 0.788104 0.737069 0.083716 0.0487476 0.00442671
2 0.681887 0.283402 0.0836832 0.0847467 0.00438595
0 0.878168 0.131477 0.0240868 0.0342757 0.00433751
9 0.171876 0.019309 0.0289693 0.0362983 0.00433006
2 0.734174 0.238436 0.0725836 0.0565579 0.00426112
2 0.640528 0.323468 0.0486777 0.0526521 0.00424154
11 0.172021 0.0192398 0.0273277 0.0355378 0.00420331
5 0.593804 0.349869 0.162373 0.124768 0.0040594
2 0.559959 0.374227 0.092243 0.0666804 0.00404375
2 0.823401 0.18682 0.135821 0.144087 0.00402182
6 0.30522 0.578898 0.61044 0.679824 0.00400377
6 0.181567 0.172543 0.363134 0.247828 0.0040016
2 0.951225 0.595425 0.0302921 0.0243139 0.0040014
2 0.779262 0.199841 0.0629066 0.0541798 0.00397865
6 0.387391 0.470953 0.263094 0.273079 0.00393507
5 0.501857 0.600807 0.927263 0.79561 0.00391812
2 0.0124995 0.212464 0.0249006 0.0482673 0.00391539
6 0.713493 0.26213 0.424966 0.492629 0.00389268
0 0.792064 0.0441647 0.0348577 0.0605844 0.00386689
2 0.667945 0.277167 0.062385 0.0627933 0.0038592
7 0.947835 0.222155 0.0855721 0.0957974 0.00385011
0 0.781543 0.908 0.0216297 0.0351799 0.00384599
6 0.284321 0.119334 0.0951994 0.0830207 0.0038448
6 0.472375 0.0636474 0.298309 0.124654 0.00383247
5 0.620139 0.288319 0.225521 0.247405 0.00381467
9 0.17214 0.0189605 0.0287481 0.036362 0.00373763
2 0.738136 0.238217 0.0745226 0.0537045 0.00371582
6 0.169044 0.153538 0.338088 0.157221 0.00371495
6 0.295443 0.116131 0.0774702 0.0779275 0.00368578
6 0.781619 0.227113 0.210451 0.201574 0.0036769
6 0.276739 0.117753 0.108961 0.0818466 0.00367596
2 0.809603 0.195296 0.155853 0.160445 0.00365684
2 0.774109 0.200716 0.0512506 0.049618 0.00364528
