5 0.69264 0.245946 0.100066 0.14351 0.878073
5 0.923609 0.454238 0.151758 0.305473 0.872308
5 0.923706 0.454351 0.151649 0.303401 0.870923
5 0.923876 0.454577 0.150669 0.304655 0.867584
5 0.692515 0.245577 0.0995329 0.14395 0.867419
5 0.923703 0.454132 0.152447 0.304714 0.866376
5 0.69306 0.246107 0.0988655 0.14241 0.843253
5 0.692971 0.245223 0.0998405 0.143976 0.838638
5 0.693042 0.246308 0.0994822 0.142358 0.829646
5 0.693129 0.245929 0.0995541 0.143254 0.811553
5 0.92449 0.454566 0.15007 0.303911 0.805678
5 0.92429 0.454381 0.150148 0.305238 0.799098
5 0.562417 0.799425 0.105877 0.215612 0.79355
5 0.923987 0.454294 0.150985 0.306477 0.789468
5 0.924042 0.455131 0.150887 0.306081 0.788787
5 0.692889 0.24572 0.100139 0.145116 0.767839
5 0.924377 0.455016 0.150634 0.304704 0.760061
2 0.607726 0.327063 0.0597848 0.0628365 0.759969
5 0.924317 0.454566 0.150695 0.304856 0.756829
5 0.693115 0.247157 0.0996344 0.140044 0.755083
2 0.766163 0.512032 0.103001 0.127153 0.719009
2 0.766132 0.512016 0.102771 0.126734 0.71678
5 0.693365 0.247514 0.0990799 0.140393 0.696062
5 0.562346 0.799649 0.106202 0.215081 0.692437
5 0.562499 0.799443 0.106059 0.214434 0.681884
2 0.60731 0.327311 0.0603436 0.0637114 0.680829
2 0.765808 0.511971 0.102487 0.127119 0.678852
2 0.76599 0.511646 0.102843 0.127322 0.664703
2 0.607577 0.327543 0.060115 0.062289 0.662181
5 0.693232 0.245063 0.101301 0.143415 0.656817
2 0.766003 0.511708 0.103276 0.12778 0.65164
5 0.562458 0.799205 0.106052 0.215232 0.647978
5 0.562677 0.799544 0.106526 0.213952 0.639729
5 0.562677 0.798444 0.106077 0.21299 0.633272
2 0.607623 0.327281 0.0604019 0.0629627 0.619508
2 0.766074 0.511877 0.103363 0.127659 0.615633
2 0.608516 0.328006 0.05947 0.0611811 0.612646
2 0.277617 0.253195 0.0479918 0.0589768 0.608791
2 0.277461 0.252787 0.0478632 0.059062 0.602882
2 0.565001 0.254207 0.0326167 0.04814 0.596802
2 0.277295 0.253549 0.0487214 0.0579803 0.589618
2 0.765668 0.51213 0.102929 0.127229 0.57883
2 0.277287 0.253974 0.0483427 0.0593977 0.575806
2 0.607978 0.3274 0.0597541 0.0618743 0.568005
2 0.276717 0.253725 0.0488924 0.0595081 0.567527
2 0.608134 0.327388 0.0601077 0.0617043 0.558062
2 0.277045 0.253318 0.0502526 0.0603887 0.534206
2 0.75397 0.369234 0.0712343 0.0815191 0.533158
5 0.267111 0.479787 0.0657046 0.102953 0.52483
2 0.277326 0.25336 0.0488867 0.0596619 0.522271
5 0.562269 0.799362 0.106577 0.214497 0.518469
2 0.765867 0.512026 0.103093 0.127276 0.50897
2 0.765603 0.511061 0.101652 0.126752 0.490547
2 0.565328 0.254922 0.0327171 0.048471 0.489574
2 0.858445 0.290407 0.0542969 0.0561645 0.488893
2 0.386755 0.174235 0.0280096 0.0311 0.481045
2 0.754154 0.369141 0.0709639 0.0872661 0.478186
2 0.765996 0.511967 0.103208 0.12726 0.477016
2 0.754068 0.370088 0.0708494 0.0823806 0.475549
2 0.276843 0.253279 0.0484088 0.0597147 0.466983
2 0.565751 0.255186 0.0342611 0.0481557 0.464312
2 0.38713 0.172308 0.0284891 0.0345613 0.461352
2 0.857779 0.290269 0.0533773 0.0568624 0.461095
5 0.267286 0.479519 0.0660891 0.103497 0.453563
5 0.26706 0.479429 0.0662197 0.103775 0.450499
2 0.754127 0.368893 0.0703787 0.0858446 0.442763
2 0.565584 0.254372 0.0336877 0.0472236 0.441072
5 0.562826 0.799214 0.106539 0.213531 0.434073
2 0.754479 0.369092 0.0703939 0.0860981 0.433051
2 0.566137 0.2636 0.0344498 0.0334019 0.432499
2 0.263687 0.207472 0.0250582 0.0391244 0.428637
2 0.754436 0.369208 0.0702822 0.0860788 0.416512
2 0.565797 0.25535 0.0345383 0.0485018 0.407402
5 0.267116 0.479475 0.0655126 0.10303 0.406117
2 0.754408 0.369021 0.0704828 0.0862099 0.404618
2 0.19685 0.327296 0.0483884 0.0675542 0.396872
2 0.386982 0.172569 0.0283715 0.0341701 0.395247
5 0.267444 0.479355 0.0670137 0.104024 0.387785
5 0.562459 0.799568 0.105861 0.214361 0.387305
2 0.858008 0.290893 0.052903 0.0553882 0.379125
2 0.263501 0.203982 0.0259611 0.0452397 0.378602
2 0.857417 0.290076 0.052342 0.0572468 0.373218
2 0.753708 0.369221 0.0726699 0.0875787 0.3714
5 0.267121 0.47957 0.0654744 0.103532 0.370894
2 0.564936 0.253716 0.034079 0.0464438 0.369965
2 0.196663 0.327344 0.0489058 0.0680203 0.36478
2 0.857931 0.290291 0.0533354 0.0563708 0.361128
2 0.607179 0.326383 0.0607389 0.0646723 0.360203
2 0.608195 0.327692 0.0593666 0.0613351 0.351496
0 0.143115 0.314022 0.0189887 0.0662183 0.348183
2 0.196432 0.329583 0.047692 0.0640567 0.347725
2 0.197248 0.327315 0.0494687 0.0668121 0.347226
0 0.142873 0.315814 0.0182024 0.0630554 0.341784
2 0.386879 0.172773 0.0284735 0.0340801 0.341317
2 0.264294 0.206267 0.026434 0.0448333 0.33156
2 0.515758 0.128956 0.0228168 0.0243186 0.328485
2 0.566608 0.25599 0.0341377 0.0486799 0.326778
2 0.857678 0.289514 0.0532101 0.0565382 0.316217
2 0.264029 0.208827 0.0257751 0.036863 0.315527
2 0.196641 0.32698 0.0484909 0.0670028 0.309903
5 0.566815 0.594503 0.0732293 0.138986 0.309632
2 0.387689 0.171989 0.0297234 0.0349035 0.303428
2 0.857557 0.290127 0.0528391 0.0578274 0.302497
2 0.754075 0.372376 0.0701029 0.0773247 0.301292
2 0.548198 0.161811 0.0273869 0.0345864 0.29496
5 0.566391 0.594131 0.0734882 0.139237 0.293988
2 0.197406 0.327277 0.0500941 0.0681269 0.29358
2 0.857463 0.290461 0.0527369 0.0568586 0.290876
5 0.266826 0.479405 0.0661407 0.103758 0.289487
2 0.197018 0.327225 0.0491347 0.068281 0.280237
2 0.567025 0.263874 0.0337381 0.0345765 0.280068
2 0.263682 0.207367 0.0250145 0.0395564 0.278589
2 0.746844 0.215061 0.0301416 0.0435995 0.278019
2 0.566377 0.261261 0.0336894 0.0384243 0.274837
2 0.515198 0.127895 0.0253061 0.026345 0.270113
2 0.548007 0.161937 0.0266023 0.0348827 0.267741
5 0.566628 0.594173 0.073132 0.138655 0.266746
2 0.857733 0.290805 0.0532291 0.0588056 0.265933
2 0.196437 0.33154 0.0468504 0.0601914 0.265837
0 0.142523 0.316442 0.016093 0.0620896 0.265051
2 0.196941 0.327468 0.0492969 0.0674669 0.264442
2 0.277311 0.253193 0.0494871 0.059081 0.261908
7 0.566627 0.594218 0.0735674 0.139695 0.251989
2 0.514767 0.128815 0.0251968 0.0251405 0.2508
2 0.56927 0.255143 0.0403831 0.0485437 0.244527
2 0.164556 0.709775 0.0421484 0.0226015 0.243434
2 0.858142 0.289749 0.0534008 0.0558513 0.243285
5 0.56633 0.594067 0.0733389 0.138673 0.24194
2 0.19735 0.327447 0.0497418 0.0680882 0.241177
2 0.263822 0.208762 0.0252365 0.0371998 0.236561
2 0.754131 0.37151 0.0688599 0.0782176 0.234588
2 0.857722 0.290525 0.0522545 0.0559577 0.234127
5 0.266863 0.479112 0.0658345 0.105268 0.233047
2 0.163979 0.710078 0.0420164 0.0231999 0.231449
7 0.566651 0.594385 0.0738159 0.139465 0.229794
5 0.26671 0.479139 0.0680676 0.102254 0.227279
7 0.566544 0.594017 0.0736879 0.139553 0.215651
2 0.263589 0.203978 0.0256774 0.0446047 0.212881
5 0.566334 0.594135 0.0736613 0.139613 0.211725
5 0.566655 0.594049 0.0735889 0.138849 0.205795
2 0.276653 0.254019 0.0483291 0.0593921 0.205577
2 0.35764 0.248508 0.0221781 0.0229625 0.199785
0 0.805787 0.206665 0.0113701 0.0243509 0.194786
2 0.608245 0.327686 0.0586155 0.0618353 0.190489
2 0.164351 0.710722 0.0420016 0.0235172 0.184393
7 0.566582 0.594183 0.0735725 0.1391 0.181744
2 0.754035 0.369672 0.0702333 0.0811937 0.180869
5 0.266615 0.479471 0.0649422 0.104651 0.175751
2 0.916978 0.293344 0.0505428 0.0426798 0.174959
2 0.164319 0.710316 0.0422611 0.0227409 0.172516
2 0.917159 0.294041 0.0494106 0.0421282 0.156043
2 0.746535 0.215126 0.0297937 0.0436588 0.154786
2 0.539885 0.108863 0.0198952 0.026211 0.153192
2 0.754678 0.369075 0.071452 0.0872824 0.151375
2 0.196381 0.330676 0.047281 0.0616199 0.149306
2 0.548634 0.161331 0.0269236 0.0356596 0.148962
2 0.56766 0.141493 0.0236948 0.0374111 0.147735
2 0.357049 0.248012 0.0195905 0.0223836 0.145645
2 0.164037 0.710266 0.0411967 0.0236408 0.144589
0 0.806594 0.198482 0.0115059 0.0387107 0.143601
2 0.917131 0.293293 0.0506929 0.0437547 0.141816
0 0.440553 0.230062 0.0142945 0.0513793 0.13947
2 0.917258 0.292048 0.0506548 0.0461254 0.134377
2 0.387478 0.172878 0.0301979 0.0338085 0.133769
0 0.142699 0.314778 0.0178714 0.0657738 0.133546
2 0.387505 0.171504 0.0290883 0.0358366 0.132841
2 0.548065 0.161117 0.0271179 0.0344691 0.132013
2 0.746259 0.217367 0.0293625 0.0406478 0.131572
2 0.746787 0.214898 0.0312605 0.0451098 0.127701
2 0.917291 0.293246 0.0494814 0.0431191 0.123956
2 0.362459 0.248821 0.033177 0.0253744 0.120367
0 0.440761 0.231257 0.0138921 0.0502361 0.114808
2 0.264027 0.203435 0.0275344 0.0488513 0.111328
2 0.564556 0.252853 0.032522 0.046017 0.110814
2 0.564766 0.252482 0.0320576 0.0451258 0.10975
2 0.661464 0.120677 0.019595 0.0284987 0.106473
2 0.163875 0.71071 0.0426801 0.0240978 0.10628
0 0.142452 0.317946 0.0162163 0.0599752 0.10526
0 0.143325 0.31215 0.0192348 0.0654583 0.104452
5 0.56233 0.799473 0.107001 0.21309 0.103406
0 0.440919 0.219177 0.0136398 0.0283074 0.102696
2 0.920166 0.28938 0.0537329 0.0535854 0.102041
2 0.753824 0.375708 0.0709768 0.0723604 0.101114
2 0.746283 0.214341 0.0311991 0.0448829 0.0990514
2 0.362964 0.248266 0.0345393 0.0254517 0.0975413
7 0.38114 0.859317 0.188537 0.280461 0.0971951
0 0.142731 0.324818 0.0129014 0.0457901 0.0969929
2 0.56815 0.136971 0.0294714 0.0460896 0.0956665
0 0.441015 0.230425 0.0145873 0.0521465 0.0950117
2 0.566307 0.266521 0.0322466 0.0319459 0.0944284
2 0.197171 0.326913 0.0485109 0.0662737 0.092197
2 0.387125 0.171311 0.0292133 0.0350166 0.0895112
2 0.91777 0.292924 0.0524536 0.0435822 0.0894602
2 0.746064 0.216525 0.0293562 0.0428374 0.0888744
2 0.56642 0.266324 0.0326424 0.0319325 0.0885401
2 0.514787 0.128092 0.0258818 0.0252991 0.0884837
0 0.754753 0.145996 0.0131577 0.0216413 0.0873998
2 0.568789 0.137176 0.0296387 0.0453584 0.0868187
2 0.56939 0.138939 0.0282806 0.0438277 0.0853738
5 0.567406 0.137122 0.0273895 0.0444306 0.0836564
0 0.0683688 0.323186 0.0148271 0.0365201 0.0824408
0 0.0693831 0.321878 0.0147056 0.0378503 0.0815462
2 0.956017 0.227419 0.0306866 0.0376828 0.0793832
7 0.380832 0.859449 0.185594 0.279416 0.0792994
2 0.164235 0.71032 0.0417739 0.022553 0.0786073
0 0.879819 0.227166 0.0132658 0.0316623 0.078296
2 0.0994413 0.623251 0.055506 0.0459147 0.0778563
5 0.747093 0.214019 0.0305939 0.0443644 0.0756362
2 0.661323 0.12078 0.0187534 0.0276883 0.0753058
5 0.567697 0.139213 0.0253681 0.0418152 0.0752201
2 0.100725 0.622949 0.0534062 0.0480265 0.0748779
7 0.381529 0.859335 0.188373 0.279743 0.0748539
2 0.515341 0.129047 0.0242781 0.0222278 0.074244
2 0.0999402 0.623042 0.0541279 0.0474751 0.0741485
2 0.0440995 0.702819 0.0639793 0.0473916 0.0732151
2 0.608959 0.327802 0.0573801 0.0615671 0.0723768
0 0.0656832 0.323992 0.013724 0.0370882 0.072264
0 0.0668692 0.321793 0.0159714 0.0426042 0.0721047
2 0.955791 0.230229 0.0318024 0.0437519 0.0716767
2 0.0422906 0.70487 0.0659036 0.0496011 0.0697489
5 0.5679 0.137431 0.0257549 0.0429218 0.0689059
7 0.380815 0.859573 0.186714 0.280443 0.0684841
7 0.380791 0.859786 0.186629 0.279211 0.0666271
0 0.0685807 0.319661 0.0186261 0.0399947 0.0646415
0 0.805798 0.209423 0.0121292 0.0213124 0.0645984
0 0.755401 0.154977 0.0116837 0.0339243 0.0639537
2 0.0996092 0.624289 0.0532521 0.0468798 0.0638382
7 0.381282 0.859779 0.186491 0.2797 0.0624678
2 0.956223 0.229033 0.0304432 0.0400482 0.0624165
0 0.142384 0.310869 0.0193307 0.0711643 0.0611995
0 0.44062 0.220896 0.0122923 0.0330915 0.060064
2 0.573375 0.251907 0.0499006 0.0412091 0.0592176
2 0.568916 0.13761 0.0285224 0.0451825 0.0591556
2 0.263461 0.200429 0.0269961 0.0477659 0.059118
2 0.917547 0.291055 0.0466723 0.045514 0.0581684
2 0.918479 0.286194 0.0425999 0.0305752 0.0580312
0 0.937989 0.444467 0.0144207 0.0376694 0.0576071
2 0.549225 0.104819 0.0310714 0.0305858 0.0551164
2 0.586609 0.247069 0.0234056 0.0307184 0.0533786
2 0.532225 0.0438239 0.020153 0.0174263 0.0533688
2 0.539661 0.111577 0.0198608 0.0205583 0.0532738
2 0.546172 0.1619 0.0287691 0.0337032 0.0526173
2 0.0997368 0.623358 0.0535544 0.0463726 0.0521508
2 0.955734 0.232027 0.0312241 0.0467872 0.0520267
0 0.34295 0.154143 0.00983229 0.0294031 0.0511655
2 0.0420758 0.705412 0.0674775 0.0511617 0.0509944
2 0.442584 0.155786 0.0133381 0.0126923 0.0504284
0 0.308267 0.168283 0.0102523 0.0205253 0.0493625
0 0.935499 0.444576 0.0152004 0.0304995 0.0491964
7 0.38132 0.859752 0.187981 0.279655 0.0486157
2 0.661836 0.122016 0.0204363 0.0296863 0.048263
2 0.100479 0.623987 0.0542882 0.0490776 0.0482259
2 0.0453858 0.701715 0.058222 0.0418564 0.0475107
2 0.543019 0.0443949 0.0126651 0.0165811 0.0464409
0 0.878923 0.237785 0.0131927 0.0340794 0.045087
2 0.277607 0.253115 0.0480709 0.0591755 0.0447199
2 0.539531 0.108966 0.0204817 0.0265662 0.044603
5 0.300947 0.0683702 0.0307706 0.0427418 0.0443829
2 0.956032 0.229609 0.0314571 0.0414395 0.0434039
2 0.0486181 0.700649 0.0559971 0.0415574 0.0433463
5 0.748412 0.0829171 0.0510936 0.0411936 0.0432145
2 0.557817 0.0974891 0.0176043 0.0211271 0.0428078
2 0.401546 0.245133 0.0178956 0.0206179 0.0419342
2 0.0998024 0.62394 0.0541901 0.0457692 0.0410644
2 0.102911 0.621595 0.0471581 0.0436044 0.0409137
2 0.540283 0.108869 0.0203691 0.0204544 0.0407841
2 0.163303 0.709649 0.0455214 0.0235924 0.0406934
0 0.118705 0.252726 0.0124486 0.0494242 0.0405276
0 0.140601 0.313629 0.0245788 0.0680484 0.0402726
5 0.301229 0.0688356 0.0309782 0.0428809 0.0397911
0 0.440791 0.246428 0.011566 0.022923 0.0397296
0 0.87995 0.225713 0.0125786 0.0300829 0.0395971
0 0.938337 0.442142 0.0135128 0.0363806 0.0394513
2 0.5533 0.0989308 0.0267521 0.020948 0.0393184
2 0.0988972 0.624079 0.0524018 0.0457683 0.0390182
0 0.806411 0.190755 0.0125256 0.0334319 0.0385689
2 0.675244 0.189258 0.0560026 0.0318642 0.0374304
7 0.381108 0.859635 0.186755 0.279909 0.0366133
0 0.755755 0.160402 0.010568 0.0275452 0.0363144
2 0.569346 0.12808 0.0288111 0.0270312 0.0362261
9 0.97719 0.0322535 0.0148174 0.021028 0.0360279
0 0.231831 0.179734 0.0167449 0.0311221 0.0357792
5 0.300664 0.0686674 0.0296559 0.0425708 0.0354036
0 0.969066 0.284894 0.0128122 0.0341135 0.0352401
2 0.400288 0.245599 0.0181904 0.0216824 0.0349253
2 0.353923 0.247438 0.0256228 0.0246897 0.0343968
9 0.976015 0.0321588 0.0186449 0.0231807 0.0342068
5 0.376772 0.0551846 0.0530565 0.0796788 0.0338465
0 0.558376 0.769711 0.0593352 0.053735 0.0332888
5 0.300322 0.0683479 0.0294271 0.0424548 0.0329691
0 0.342744 0.148902 0.0135624 0.032011 0.0329362
0 0.971395 0.288781 0.0153696 0.0305527 0.0328407
0 0.119651 0.234418 0.014803 0.0416916 0.0328212
5 0.956288 0.22923 0.0312185 0.0408267 0.0328174
5 0.56679 0.593782 0.073197 0.138673 0.0323152
2 0.277059 0.253773 0.0486472 0.0604894 0.0320842
2 0.675941 0.18955 0.0545993 0.0339764 0.0320024
2 0.0995091 0.622946 0.0545796 0.0455448 0.0318777
9 0.71564 0.0689118 0.0163795 0.0336964 0.0315175
2 0.677147 0.189658 0.0529122 0.0336472 0.0315146
