2 0.630395 0.542545 0.169398 0.172595 0.864427
2 0.630184 0.541923 0.169878 0.171072 0.833897
2 0.630149 0.542247 0.168113 0.171467 0.820235
2 0.630259 0.542844 0.169309 0.173517 0.791065
2 0.424212 0.270468 0.0724642 0.0682407 0.778967
2 0.63063 0.542391 0.167861 0.172308 0.77187
2 0.7915 0.301807 0.106383 0.105123 0.770949
2 0.629991 0.542321 0.170298 0.171538 0.759062
2 0.424812 0.270569 0.0739434 0.0675517 0.75256
2 0.424451 0.27045 0.0724734 0.0677169 0.75045
2 0.630028 0.542907 0.169035 0.172716 0.745824
2 0.424532 0.270472 0.0721613 0.0677931 0.740994
2 0.42464 0.270227 0.0727926 0.0675893 0.735727
2 0.630305 0.542812 0.168131 0.172991 0.731033
2 0.792064 0.301812 0.107093 0.104798 0.73036
2 0.424568 0.270754 0.0725696 0.0681811 0.728323
2 0.791944 0.301823 0.106651 0.104237 0.724114
2 0.791333 0.301776 0.10639 0.104097 0.721603
2 0.791634 0.301681 0.106341 0.10443 0.706823
2 0.630019 0.541323 0.168685 0.170031 0.699414
2 0.424112 0.270425 0.0714697 0.0684877 0.676866
2 0.791458 0.301549 0.106268 0.104068 0.655727
2 0.791701 0.301224 0.106032 0.104376 0.653268
2 0.630832 0.542004 0.168167 0.171896 0.626139
2 0.791651 0.301733 0.106118 0.104207 0.565546
2 0.7917 0.302129 0.106191 0.10532 0.541407
2 0.791717 0.301522 0.106382 0.104406 0.53947
2 0.479868 0.940275 0.243651 0.119085 0.52832
2 0.479884 0.940593 0.243607 0.117974 0.510594
5 0.964238 0.161099 0.0704763 0.0789666 0.455208
2 0.477227 0.940996 0.243372 0.117775 0.433127
5 0.964363 0.161384 0.0705793 0.0794475 0.407738
5 0.0688032 0.511786 0.137606 0.167958 0.398848
2 0.477227 0.94097 0.243007 0.117219 0.393991
2 0.964279 0.160065 0.0713385 0.0790794 0.380486
6 0.436879 0.510156 0.862457 0.848183 0.371843
5 0.964081 0.161316 0.0707272 0.080295 0.366471
2 0.479251 0.940393 0.242451 0.118818 0.362231
2 0.479126 0.940845 0.2427 0.117623 0.344917
2 0.424757 0.270419 0.0729964 0.0672918 0.338173
6 0.421197 0.495704 0.827545 0.743105 0.335692
5 0.964107 0.160642 0.0711908 0.0815731 0.329277
5 0.964204 0.160588 0.0710787 0.0798597 0.323727
0 0.977391 0.929692 0.0447474 0.139553 0.312937
2 0.424315 0.27057 0.0734509 0.0680728 0.303768
2 0.116374 0.896795 0.231888 0.205437 0.296051
0 0.913426 0.727642 0.0390125 0.0949261 0.295224
5 0.0689931 0.511883 0.137986 0.167046 0.295133
5 0.0689766 0.511866 0.137928 0.167296 0.294116
6 0.407313 0.488861 0.805892 0.733929 0.293263
5 0.0689573 0.512077 0.137915 0.167402 0.291952
2 0.116827 0.897362 0.232556 0.204115 0.289654
0 0.977776 0.929622 0.0439676 0.140756 0.289616
5 0.0688294 0.51131 0.137659 0.166459 0.285157
5 0.964284 0.161 0.0704021 0.0789471 0.284558
2 0.116515 0.89689 0.232079 0.205845 0.281832
0 0.913669 0.726958 0.0387661 0.0933031 0.275959
0 0.976493 0.929629 0.0458221 0.140155 0.273753
5 0.068954 0.51131 0.137908 0.165686 0.273503
0 0.977131 0.929644 0.0452274 0.139906 0.272944
0 0.913328 0.729 0.0407858 0.102425 0.265148
2 0.1168 0.897364 0.231653 0.204212 0.25884
0 0.913633 0.7306 0.0407825 0.0977278 0.254814
2 0.478671 0.940793 0.243537 0.117698 0.251597
6 0.396839 0.517776 0.793678 0.785137 0.251502
5 0.0686383 0.511877 0.137277 0.167809 0.249409
0 0.976792 0.929127 0.0453154 0.140622 0.238886
0 0.914094 0.730215 0.0409285 0.0998502 0.238013
2 0.116162 0.896243 0.23199 0.206545 0.222805
0 0.976368 0.930382 0.0461193 0.138243 0.222541
2 0.478773 0.940527 0.243142 0.118534 0.215305
0 0.976626 0.93038 0.0461906 0.138607 0.213571
2 0.116842 0.897731 0.231899 0.204537 0.210257
0 0.913523 0.725597 0.0384106 0.0902294 0.209187
2 0.737776 0.0502402 0.0344381 0.0370702 0.209093
2 0.424295 0.270139 0.0722751 0.0675689 0.20314
0 0.976337 0.930927 0.0467712 0.13776 0.202553
2 0.630194 0.176372 0.0576153 0.0679823 0.197335
7 0.964438 0.160663 0.0711245 0.0796392 0.196133
0 0.976159 0.931117 0.0465673 0.137203 0.193249
2 0.477318 0.94124 0.242922 0.116754 0.191535
0 0.977117 0.929269 0.0452888 0.141463 0.191403
2 0.0417747 0.644283 0.0833207 0.126813 0.190433
0 0.913141 0.725758 0.0389326 0.0912521 0.189813
2 0.043879 0.647407 0.0877579 0.1374 0.18532
0 0.913957 0.729474 0.0427952 0.103009 0.182147
2 0.028132 0.202108 0.0554057 0.0405781 0.178717
0 0.976954 0.929439 0.0451736 0.140227 0.174588
0 0.979531 0.931885 0.0400997 0.126995 0.166508
0 0.981008 0.928199 0.0371967 0.127979 0.165889
0 0.912853 0.72996 0.0401527 0.105064 0.165783
2 0.11682 0.897524 0.231063 0.203596 0.163209
2 0.0407387 0.644343 0.0813559 0.126238 0.162889
2 0.73702 0.050799 0.0330156 0.0369037 0.159268
2 0.0429995 0.648196 0.0857583 0.135547 0.154957
5 0.964532 0.160716 0.0703442 0.0802665 0.154828
2 0.0285551 0.19966 0.0543191 0.035335 0.151583
2 0.0721599 0.20898 0.0813616 0.0511502 0.151519
2 0.629981 0.176047 0.0600191 0.0680397 0.151494
2 0.0280896 0.204271 0.056039 0.0456407 0.151
2 0.462125 0.0666232 0.0443338 0.0360926 0.150869
2 0.629457 0.174542 0.0605947 0.0659444 0.148422
2 0.462325 0.0664762 0.0441761 0.0355175 0.147696
2 0.633088 0.175381 0.0542779 0.0676591 0.144979
2 0.628891 0.173614 0.0586287 0.0589645 0.14403
0 0.978443 0.933728 0.0423174 0.132545 0.143034
6 0.420064 0.487094 0.827926 0.820252 0.142611
2 0.0730963 0.209978 0.0808194 0.0529257 0.142587
2 0.651433 0.12022 0.0505684 0.0414857 0.142119
2 0.0383376 0.640929 0.0762951 0.114071 0.141934
2 0.0282148 0.199022 0.0553821 0.0347821 0.141804
2 0.0415862 0.647611 0.0830382 0.133001 0.140027
5 0.0688713 0.512356 0.137743 0.167972 0.135646
2 0.0286623 0.200399 0.054123 0.03779 0.135627
2 0.741028 0.0505782 0.0326244 0.0353468 0.132588
2 0.860659 0.150504 0.0492367 0.0437818 0.130854
2 0.0401277 0.64391 0.0791815 0.115107 0.13067
0 0.912441 0.725314 0.0367105 0.0909061 0.127741
2 0.648001 0.119982 0.0454321 0.0435482 0.127011
2 0.029145 0.198926 0.054433 0.0345343 0.124846
2 0.462919 0.0673519 0.0475872 0.0378113 0.12368
2 0.643961 0.122158 0.0349905 0.0368651 0.122882
2 0.461054 0.0672703 0.0411306 0.0361482 0.122563
2 0.0410715 0.643166 0.0820215 0.122621 0.120218
2 0.0399274 0.645018 0.0796409 0.125042 0.119373
2 0.738707 0.0504931 0.0305197 0.0367536 0.117958
2 0.0729248 0.207377 0.0789155 0.049114 0.117728
2 0.0732489 0.208764 0.0802407 0.0515488 0.116913
2 0.221581 0.149063 0.0701481 0.0497524 0.115413
2 0.072311 0.208943 0.0802186 0.0515572 0.115039
2 0.64497 0.12265 0.0355235 0.0378364 0.112207
0 0.976835 0.929262 0.0453434 0.141477 0.109087
2 0.859791 0.150217 0.0510666 0.0468412 0.104782
2 0.860062 0.14999 0.0498371 0.0458519 0.104687
2 0.860376 0.150347 0.0483297 0.0438397 0.104103
2 0.859115 0.15155 0.0558876 0.0497261 0.103659
2 0.114845 0.898208 0.229202 0.203585 0.103629
2 0.2261 0.148066 0.0614083 0.0492126 0.103463
2 0.477419 0.941416 0.242986 0.117122 0.102566
2 0.644814 0.123416 0.0372061 0.0377366 0.100977
0 0.981242 0.930193 0.0368877 0.135474 0.0976608
6 0.419773 0.464859 0.767762 0.778981 0.0971911
2 0.460948 0.0671314 0.0420553 0.0358112 0.0947341
2 0.0577407 0.225339 0.109915 0.0860471 0.0928197
2 0.0279114 0.218488 0.0556978 0.0742859 0.0925197
2 0.225448 0.147692 0.065142 0.0502551 0.0911385
2 0.0569422 0.227376 0.113614 0.0900574 0.0908435
2 0.234163 0.142714 0.0456153 0.038431 0.0901113
2 0.0445991 0.642195 0.0891239 0.130184 0.0897575
0 0.977649 0.931086 0.0432488 0.119932 0.0896869
2 0.857774 0.150577 0.0545742 0.0486787 0.0873438
2 0.0288316 0.216412 0.0576632 0.0710329 0.0858162
9 0.17317 0.0404992 0.0229044 0.0740143 0.0854227
9 0.171731 0.0190103 0.0266936 0.0380206 0.0849635
0 0.976617 0.952456 0.0460138 0.0946938 0.0842502
2 0.116374 0.898925 0.228592 0.202151 0.0833109
2 0.05993 0.221449 0.107067 0.0750256 0.0814177
2 0.0575407 0.227209 0.114756 0.0911615 0.0799469
2 0.0678465 0.211024 0.0902569 0.0563449 0.0786812
2 0.649016 0.118432 0.041737 0.0412227 0.0777487
2 0.221239 0.149358 0.0654588 0.0505259 0.0771109
2 0.214201 0.157001 0.0560426 0.0390891 0.0769046
2 0.212346 0.161025 0.0590733 0.0454553 0.0768649
0 0.976573 0.938342 0.0459995 0.122123 0.0762598
2 0.21206 0.158612 0.0550931 0.0388925 0.0760846
2 0.0574859 0.227013 0.113902 0.089264 0.0758031
0 0.980957 0.931363 0.0374073 0.128725 0.0755793
2 0.624508 0.168717 0.0495296 0.0430134 0.0752449
2 0.668569 0.100163 0.0281376 0.0317489 0.0751567
2 0.460699 0.0673067 0.0415319 0.0362789 0.0743953
2 0.0726309 0.208346 0.078675 0.0492036 0.0737976
2 0.740227 0.0515843 0.0319164 0.0351661 0.0727575
2 0.645287 0.120015 0.0374128 0.039775 0.0716559
2 0.0195261 0.24135 0.0389645 0.0646291 0.0712994
2 0.645206 0.121294 0.0367161 0.038871 0.0712823
2 0.465489 0.0666451 0.0485174 0.0372025 0.0711877
2 0.627877 0.169331 0.0594824 0.0506468 0.0706255
2 0.222774 0.149225 0.0695189 0.0518126 0.0706202
2 0.212893 0.152596 0.054566 0.0456199 0.0701691
2 0.0579146 0.208833 0.111557 0.0547244 0.0673886
2 0.234524 0.141372 0.0448678 0.036387 0.0669915
2 0.65415 0.115278 0.0561821 0.0485906 0.0665815
2 0.64462 0.121577 0.035169 0.0388539 0.0661464
2 0.116676 0.897085 0.232086 0.204541 0.0658792
2 0.631265 0.176739 0.0536253 0.0648143 0.065762
2 0.231405 0.147485 0.0483136 0.0473523 0.0656912
2 0.0422063 0.656876 0.0842352 0.155017 0.0653424
6 0.453764 0.474213 0.888252 0.902255 0.0644193
2 0.217569 0.151946 0.0634548 0.0457598 0.0631977
2 0.679772 0.273323 0.0712784 0.0767277 0.0627971
2 0.058402 0.231377 0.116526 0.100615 0.0621929
2 0.0659385 0.21795 0.0961747 0.0681782 0.0605318
0 0.979426 0.922796 0.0391521 0.111344 0.0592693
2 0.629438 0.170198 0.0532959 0.0484076 0.05885
2 0.858313 0.149924 0.0538233 0.0477336 0.0573514
2 0.536885 0.0332087 0.0366877 0.0289303 0.0573239
2 0.0565835 0.226383 0.112121 0.0882751 0.0571024
0 0.976394 0.957058 0.0465355 0.0849356 0.0566485
0 0.672021 0.268054 0.0390447 0.0801735 0.056308
2 0.850997 0.160731 0.072126 0.0676879 0.0558366
2 0.0514654 0.215153 0.102931 0.0681952 0.055134
2 0.0271823 0.239347 0.0543645 0.0694134 0.0542853
2 0.028356 0.226589 0.0567119 0.0892308 0.0537654
2 0.734219 0.0577751 0.021066 0.0236151 0.0534547
2 0.22236 0.150854 0.0706103 0.0564771 0.0531991
6 0.443833 0.519525 0.862653 0.873872 0.0520598
2 0.0294095 0.205638 0.0587326 0.0495504 0.0517225
2 0.466962 0.0662163 0.0524471 0.0371677 0.0495467
2 0.0286548 0.21574 0.0572957 0.0712799 0.048822
6 0.457988 0.503758 0.826784 0.82738 0.0485444
2 0.0736897 0.207553 0.0781471 0.0483284 0.0485114
8 0.906951 0.788181 0.0703987 0.0413447 0.0485095
2 0.62892 0.184683 0.0394823 0.0396872 0.0484283
2 0.0451783 0.656778 0.0902302 0.156072 0.0482666
2 0.233084 0.138247 0.0445284 0.0290931 0.0475921
2 0.632729 0.165286 0.0452904 0.0427214 0.0473016
0 0.687641 0.241543 0.0198914 0.0252225 0.0468379
2 0.533723 0.0356907 0.0432714 0.0332848 0.0465105
2 0.0458803 0.656608 0.0917606 0.155242 0.0459904
2 0.0183887 0.241464 0.0366268 0.0649633 0.0457936
2 0.217554 0.155789 0.0613413 0.0494335 0.0457104
2 0.0207068 0.241479 0.0413602 0.0672675 0.0456484
2 0.219017 0.153084 0.0751631 0.0582583 0.0451351
7 0.964241 0.161747 0.0714512 0.0774416 0.0449517
2 0.0173543 0.240377 0.0344916 0.060229 0.044828
2 0.0305743 0.225324 0.0610439 0.0868238 0.0442987
6 0.554858 0.363674 0.872186 0.727348 0.0441647
2 0.024411 0.215332 0.0487634 0.0597029 0.0440737
2 0.627256 0.187239 0.0456547 0.0450598 0.0438782
0 0.914386 0.735202 0.0425743 0.0938758 0.0436238
6 0.565273 0.352853 0.858469 0.705707 0.0432558
2 0.855794 0.151833 0.0596189 0.0480666 0.04301
2 0.535098 0.0343195 0.0393309 0.0308788 0.0421803
2 0.055923 0.224994 0.11171 0.0874482 0.0420381
3 0.666753 0.113649 0.0277917 0.0423164 0.0420025
2 0.75078 0.0503069 0.0145964 0.0316812 0.0419909
2 0.846862 0.163062 0.0781128 0.0718053 0.0418546
0 0.665247 0.240805 0.0163796 0.0231339 0.041664
6 0.581411 0.345472 0.82825 0.690945 0.0415244
2 0.115471 0.898324 0.230942 0.202582 0.0412705
7 0.115179 0.162979 0.10292 0.0919341 0.0407586
2 0.744019 0.0511653 0.0283031 0.0339947 0.0401645
3 0.650962 0.118569 0.0478065 0.0428068 0.0400703
2 0.0287708 0.196747 0.0554818 0.0335731 0.0397548
2 0.0574804 0.232294 0.114873 0.100354 0.0388982
9 0.888477 0.0738364 0.0189129 0.0345433 0.0387738
2 0.0272914 0.55269 0.0543269 0.083342 0.038553
0 0.675725 0.26713 0.0379491 0.0751167 0.0378738
0 0.688339 0.241101 0.0176081 0.0244765 0.0375213
0 0.673953 0.265706 0.0369083 0.0757576 0.037075
0 0.912013 0.725129 0.0364786 0.0897499 0.0365092
2 0.624267 0.18649 0.0418467 0.0419665 0.0363981
2 0.459034 0.0678848 0.0377703 0.0357228 0.0359745
2 0.672808 0.101017 0.0245197 0.0285485 0.0358887
0 0.914556 0.735323 0.0426441 0.0912544 0.0358221
2 0.678936 0.271779 0.0724318 0.0816855 0.0357059
2 0.303372 0.122154 0.0337194 0.0313531 0.0350933
2 0.842561 0.0387376 0.0214981 0.0175895 0.0348708
2 0.631804 0.177692 0.0581841 0.0667147 0.0346608
2 0.844837 0.164523 0.0847275 0.0760003 0.0346119
2 0.530979 0.0377553 0.0467991 0.0356872 0.0343039
0 0.678273 0.25596 0.0386059 0.0548252 0.0342703
2 0.0709295 0.208458 0.0811196 0.0495811 0.0339928
0 0.976631 0.951939 0.0458599 0.0952476 0.033886
2 0.184501 0.174162 0.0215218 0.025603 0.0335662
2 0.86956 0.149935 0.029796 0.0384705 0.0334944
0 0.686931 0.250401 0.0228254 0.0430082 0.0334463
9 0.174541 0.0572388 0.0205186 0.0402698 0.0329572
2 0.652784 0.118354 0.0584781 0.0485889 0.0326782
0 0.982869 0.917821 0.033457 0.106932 0.0325592
0 0.688836 0.24015 0.0161716 0.0243494 0.0323024
2 0.192337 0.166081 0.0348297 0.0412955 0.0320766
2 0.678538 0.241825 0.0405547 0.0274004 0.032076
2 0.66164 0.101272 0.0277971 0.0343109 0.0311531
2 0.661312 0.105677 0.0429819 0.0480581 0.0309906
0 0.665488 0.239844 0.0164867 0.0240529 0.0308571
2 0.843099 0.164338 0.0888517 0.0758949 0.0307251
2 0.0854085 0.159007 0.0403809 0.0570069 0.0307165
2 0.0749535 0.205853 0.0748564 0.0457923 0.0306739
2 0.634697 0.167182 0.0489573 0.0451178 0.0306624
2 0.114937 0.898134 0.22935 0.202259 0.0303455
2 0.0570051 0.22323 0.113704 0.0801884 0.0300389
2 0.0262943 0.207985 0.0523697 0.0502702 0.0298292
2 0.608655 0.179522 0.0166845 0.0197318 0.0297681
2 0.239179 0.140916 0.0398273 0.0355352 0.0294647
2 0.232859 0.144421 0.0489372 0.0409091 0.0293257
2 0.0790218 0.204268 0.0654453 0.0425665 0.0292586
2 0.669604 0.10648 0.0258163 0.0352322 0.0289775
0 0.976416 0.954967 0.0466095 0.0890945 0.0289088
2 0.660264 0.107353 0.0333281 0.0402584 0.0288853
0 0.676252 0.243407 0.0424177 0.032345 0.0285508
2 0.0188067 0.241439 0.0374534 0.0681176 0.0280908
2 0.680657 0.270255 0.0625858 0.082723 0.0280906
2 0.01686 0.235781 0.0336297 0.0534188 0.0280259
2 0.0273551 0.240306 0.0547102 0.0688907 0.027986
2 0.687381 0.222101 0.0618814 0.0597655 0.027948
2 0.0291036 0.196939 0.0557367 0.0340492 0.0279362
8 0.907541 0.788407 0.0722338 0.0423123 0.0279046
9 0.88463 0.0726084 0.0219067 0.0375327 0.0278157
2 0.530642 0.0383734 0.0490816 0.0373198 0.0276178
