2 0.512507 0.325109 0.116526 0.0495045 0.827158
2 0.511903 0.326597 0.117774 0.0511315 0.796085
2 0.512317 0.325946 0.117415 0.0493829 0.74977
2 0.473829 0.286415 0.0837693 0.0510847 0.749759
2 0.514196 0.324311 0.116279 0.0492257 0.733415
0 0.063656 0.614039 0.0377389 0.130173 0.724194
0 0.0638296 0.615181 0.0386553 0.129825 0.716742
2 0.474009 0.286557 0.0866906 0.0513701 0.709059
0 0.062854 0.614468 0.0376294 0.130568 0.708912
0 0.0633112 0.614513 0.0379008 0.131168 0.706723
2 0.51219 0.325323 0.117932 0.0507467 0.697363
2 0.474075 0.286603 0.0842801 0.0514157 0.693348
0 0.366025 0.629956 0.0316138 0.123359 0.674166
0 0.0638657 0.614864 0.0378022 0.131301 0.673911
0 0.0628069 0.614356 0.0395355 0.130954 0.673332
0 0.0634481 0.615026 0.038877 0.129047 0.666754
0 0.0633318 0.614108 0.0380039 0.130817 0.666652
2 0.473664 0.286916 0.0856583 0.0517858 0.651239
2 0.51245 0.32597 0.117936 0.0492526 0.638826
2 0.514451 0.323815 0.117479 0.0476305 0.629913
2 0.473505 0.286956 0.0845366 0.052199 0.629793
0 0.151803 0.622078 0.0296654 0.106678 0.626803
0 0.36593 0.631132 0.0310728 0.127247 0.615882
0 0.366104 0.63075 0.0310839 0.125669 0.613766
2 0.189388 0.294694 0.0693242 0.0545709 0.602437
2 0.189109 0.294673 0.0693688 0.0538388 0.59796
2 0.473597 0.287098 0.0846197 0.0515151 0.586267
0 0.151771 0.621966 0.0296559 0.106599 0.585625
0 0.151761 0.622246 0.0303154 0.106202 0.539892
0 0.151185 0.623005 0.0297788 0.104661 0.537445
0 0.151472 0.62374 0.0299463 0.105297 0.529942
2 0.829651 0.219584 0.0476967 0.0267509 0.507173
0 0.365861 0.63275 0.0310178 0.130581 0.500349
0 0.118419 0.616403 0.0346698 0.126597 0.496276
2 0.189172 0.294819 0.0692792 0.0550424 0.491556
2 0.189511 0.295172 0.0696416 0.0546524 0.490433
0 0.118351 0.61644 0.0346099 0.125847 0.490039
0 0.118312 0.616028 0.0346574 0.127194 0.48963
0 0.0632097 0.613952 0.037362 0.129986 0.485113
2 0.609881 0.288941 0.0605444 0.0472627 0.483988
0 0.366208 0.628374 0.0313409 0.121661 0.481988
2 0.188581 0.295214 0.0671264 0.054186 0.476461
2 0.51219 0.32498 0.11738 0.0507645 0.473472
2 0.473361 0.287184 0.084955 0.0522588 0.466484
0 0.150557 0.623092 0.0311434 0.106252 0.464248
2 0.510671 0.324825 0.114457 0.0497754 0.453055
0 0.117982 0.616348 0.0335413 0.127465 0.445065
0 0.151799 0.62362 0.0281776 0.101816 0.444299
2 0.511988 0.323357 0.116588 0.0474988 0.443686
0 0.151069 0.623713 0.0310987 0.105567 0.441633
2 0.287641 0.328094 0.120074 0.0635486 0.438521
2 0.19007 0.294049 0.0696722 0.0547937 0.437815
0 0.366114 0.626467 0.0312257 0.117909 0.437456
2 0.287427 0.328339 0.120054 0.0634283 0.436242
0 0.118662 0.616108 0.0349932 0.127301 0.429908
2 0.8291 0.219459 0.0501661 0.0269755 0.424014
2 0.608209 0.288719 0.0660653 0.0453403 0.420601
0 0.151754 0.621825 0.0298932 0.106893 0.418422
2 0.611133 0.288264 0.0590319 0.045017 0.418212
2 0.188834 0.294701 0.0695401 0.0550507 0.417709
0 0.117483 0.618491 0.0300729 0.120561 0.412279
0 0.0640905 0.616175 0.0392379 0.127238 0.410368
2 0.570411 0.302187 0.0848014 0.0506991 0.409339
0 0.366126 0.627537 0.029718 0.118015 0.402358
2 0.795849 0.23231 0.0490898 0.0624776 0.392235
2 0.829369 0.220483 0.0514282 0.0273863 0.390744
2 0.610918 0.288072 0.0593094 0.047009 0.385713
0 0.0641595 0.615658 0.0392009 0.128912 0.383088
2 0.796215 0.23213 0.0481745 0.0607968 0.382626
2 0.796166 0.233278 0.0475985 0.0577857 0.370271
2 0.567674 0.298735 0.0926472 0.0504143 0.367029
2 0.79583 0.233 0.0492093 0.0620198 0.362937
2 0.829452 0.220358 0.0501076 0.0265553 0.34882
2 0.471009 0.285932 0.0799973 0.0516991 0.345858
0 0.747445 0.268719 0.0235518 0.0528153 0.330591
2 0.189779 0.295246 0.0681346 0.055354 0.325927
0 0.153118 0.627802 0.0250799 0.0917728 0.314265
0 0.366072 0.627315 0.0317152 0.119598 0.312048
2 0.829272 0.220291 0.0495298 0.0273074 0.310233
2 0.608626 0.288693 0.0643763 0.0474268 0.307559
2 0.61172 0.28809 0.0590404 0.045931 0.30752
2 0.82773 0.219736 0.0534691 0.0280007 0.307324
0 0.746298 0.268474 0.0219576 0.0534533 0.304815
2 0.609295 0.288553 0.0638244 0.0457871 0.304518
0 0.118286 0.622017 0.0322401 0.116794 0.298175
2 0.513157 0.32305 0.115453 0.0466271 0.297005
2 0.573771 0.298743 0.0786284 0.0508872 0.295557
0 0.747398 0.26858 0.0252073 0.0540696 0.293492
2 0.559569 0.302214 0.106195 0.0537893 0.291255
2 0.891188 0.226764 0.0698479 0.0472658 0.290197
2 0.28723 0.32843 0.120413 0.0621718 0.289064
2 0.798557 0.236937 0.0447083 0.0551377 0.2854
2 0.570615 0.301516 0.0855461 0.0535039 0.281881
2 0.891946 0.226203 0.0697063 0.0495363 0.278352
5 0.0393964 0.302869 0.0787927 0.114276 0.272067
2 0.288019 0.327831 0.120683 0.0634941 0.269179
2 0.562477 0.301395 0.100761 0.0535042 0.268654
2 0.188191 0.295357 0.0667791 0.0534124 0.264286
2 0.286993 0.328531 0.120477 0.0629768 0.263151
2 0.890848 0.226195 0.0686741 0.0485868 0.262486
2 0.612183 0.288893 0.0583267 0.0466976 0.255865
0 0.117852 0.622223 0.0310065 0.114617 0.254621
0 0.753042 0.263952 0.0190084 0.0487046 0.249595
0 0.366629 0.630552 0.0302107 0.126523 0.24618
2 0.796708 0.234605 0.0493599 0.0620635 0.241603
2 0.891717 0.227495 0.0707479 0.0474269 0.24093
2 0.188751 0.294966 0.069539 0.053824 0.235714
2 0.470373 0.286371 0.07967 0.0512232 0.235296
2 0.576226 0.300667 0.0735204 0.0516231 0.234712
2 0.518397 0.322804 0.103961 0.0464893 0.233243
2 0.89131 0.226589 0.0700487 0.0477394 0.231324
2 0.189925 0.295021 0.0705413 0.055269 0.231209
0 0.150748 0.622192 0.0298825 0.103241 0.229768
2 0.190453 0.294405 0.0683305 0.0536451 0.220657
2 0.799061 0.236847 0.0423783 0.0544515 0.2197
5 0.0387099 0.303744 0.0772914 0.115769 0.21914
2 0.795725 0.232938 0.0496919 0.0619439 0.215149
2 0.473266 0.287603 0.0849354 0.0533389 0.214907
0 0.751879 0.265305 0.0234995 0.0504745 0.210106
2 0.575994 0.301441 0.0757431 0.0519937 0.201876
0 0.151586 0.623501 0.030422 0.106081 0.201771
2 0.89284 0.226783 0.071962 0.0486265 0.199877
5 0.0389886 0.303114 0.0778904 0.115172 0.199844
0 0.7461 0.269707 0.0247321 0.0539427 0.198533
2 0.511951 0.32608 0.117978 0.054327 0.197658
2 0.095332 0.303491 0.0351882 0.0477169 0.197056
2 0.289403 0.32103 0.12431 0.0808856 0.196432
2 0.0959932 0.304337 0.0335682 0.0479219 0.195198
2 0.0956448 0.30485 0.0337283 0.0487637 0.194795
0 0.365277 0.633867 0.0334075 0.13266 0.193599
2 0.0961786 0.303226 0.0341026 0.0467766 0.19335
2 0.609263 0.288427 0.0636375 0.0474751 0.193147
5 0.0390854 0.303219 0.0780282 0.113295 0.192323
0 0.117605 0.618937 0.0299474 0.119773 0.191449
2 0.891741 0.227004 0.0691309 0.0456005 0.191105
2 0.891099 0.225538 0.0672327 0.0462951 0.190523
2 0.579282 0.295556 0.065657 0.0457001 0.18495
0 0.790524 0.229488 0.0376066 0.0585718 0.182321
2 0.287634 0.327858 0.121095 0.0660415 0.180696
2 0.0959715 0.304205 0.0336146 0.0470636 0.175632
2 0.587383 0.298822 0.0780049 0.0499014 0.170374
0 0.366646 0.629663 0.0290181 0.12171 0.170042
2 0.891151 0.226132 0.0687637 0.0462924 0.1676
2 0.801229 0.240926 0.0376276 0.0480719 0.166008
2 0.564171 0.30325 0.095258 0.051529 0.165151
5 0.0383911 0.303328 0.0767419 0.115856 0.163282
5 0.0395109 0.304361 0.0789566 0.114648 0.160798
0 0.753329 0.262167 0.0180559 0.0450432 0.156204
5 0.0386602 0.303021 0.0773204 0.115104 0.153903
0 0.730673 0.26478 0.0199957 0.0425718 0.151403
2 0.0949611 0.303493 0.0356441 0.0477948 0.150267
2 0.802767 0.240246 0.0378769 0.048371 0.149683
2 0.0956695 0.304984 0.0337281 0.0491663 0.149507
5 0.0381731 0.303335 0.0763461 0.11805 0.14364
0 0.118604 0.619997 0.0325772 0.12092 0.140178
2 0.89091 0.22801 0.0687841 0.0472082 0.139178
2 0.0965669 0.303044 0.0333017 0.0468084 0.133285
0 0.727791 0.267795 0.0265697 0.043186 0.131005
2 0.611371 0.288259 0.0588438 0.0470725 0.130794
0 0.749618 0.266339 0.0251598 0.0530015 0.125138
0 0.750591 0.266558 0.0271545 0.0520664 0.124385
2 0.0886467 0.303939 0.0498969 0.0504281 0.123998
2 0.289786 0.317313 0.12404 0.0868041 0.116899
0 0.794291 0.23132 0.0467991 0.0618051 0.11624
2 0.287108 0.325394 0.118758 0.0604636 0.112358
2 0.190982 0.294472 0.0664982 0.05351 0.110991
5 0.0381447 0.303472 0.0762893 0.117735 0.109461
2 0.331607 0.274371 0.0542963 0.0409818 0.105382
2 0.188493 0.295526 0.0670636 0.0556153 0.104048
0 0.982916 0.241926 0.0279131 0.0490697 0.103734
0 0.191562 0.243432 0.0150632 0.0406128 0.103511
0 0.116967 0.612739 0.0288025 0.116232 0.103303
1 0.72406 0.270599 0.0254533 0.0355251 0.101192
2 0.795895 0.233034 0.0484483 0.0632937 0.0998353
0 0.192952 0.243737 0.0156689 0.0413644 0.0990194
5 0.0381213 0.303139 0.0760489 0.11675 0.0989593
2 0.331081 0.267755 0.0480311 0.0273885 0.0985493
2 0.827892 0.218496 0.0517696 0.0293681 0.0956784
2 0.511875 0.324727 0.117324 0.0481293 0.0948082
2 0.287175 0.33899 0.117452 0.045287 0.0929352
0 0.742477 0.269329 0.0204618 0.0533165 0.0924918
2 0.512739 0.324031 0.115776 0.0493957 0.0919293
0 0.742642 0.270482 0.0197038 0.0519078 0.0917931
2 0.801233 0.227855 0.0386152 0.0477837 0.0891535
7 0.0379906 0.302841 0.075835 0.117648 0.0862837
0 0.755684 0.265836 0.0300915 0.0497566 0.0851612
2 0.288778 0.333558 0.1212 0.0553315 0.0849289
2 0.198037 0.293406 0.0548129 0.0511091 0.0833133
2 0.287283 0.332886 0.119306 0.0719618 0.0830886
2 0.330556 0.269578 0.0516907 0.0315493 0.0815519
0 0.246139 0.263771 0.0129707 0.0272102 0.0813353
2 0.796559 0.237062 0.0489872 0.0606293 0.0806295
2 0.611952 0.278285 0.0546259 0.0302426 0.0803881
5 0.0384923 0.302996 0.0769845 0.113406 0.0793317
0 0.971564 0.240064 0.0167381 0.0522305 0.0792808
2 0.33016 0.268487 0.0481193 0.0288709 0.0783895
2 0.0957206 0.301866 0.0361713 0.0481694 0.0775543
2 0.289327 0.308116 0.125631 0.105385 0.0773497
2 0.648114 0.983751 0.197228 0.0319046 0.0762939
2 0.651534 0.984226 0.192804 0.0309158 0.0759483
0 0.983172 0.239085 0.0292765 0.0546358 0.0753403
7 0.0371665 0.297958 0.0743329 0.10528 0.0748653
0 0.971672 0.237346 0.0203629 0.0570533 0.074736
2 0.803117 0.245178 0.0353683 0.0401701 0.0731621
0 0.92932 0.237724 0.0125187 0.0272163 0.0731165
2 0.330762 0.285973 0.052599 0.0622668 0.0719138
2 0.330373 0.289167 0.052386 0.0684931 0.0718001
2 0.611567 0.277458 0.0572548 0.0262916 0.0714918
1 0.723759 0.269926 0.0242551 0.0354248 0.0713608
2 0.572247 0.305429 0.077365 0.0462786 0.0704821
2 0.096364 0.303434 0.0375484 0.0464227 0.0698037
0 0.771562 0.269569 0.0295882 0.035355 0.0687298
0 0.98597 0.239215 0.027142 0.0506784 0.0686046
0 0.246881 0.264292 0.0140049 0.0278212 0.0678781
2 0.0900449 0.304604 0.0475585 0.051157 0.0676889
2 0.318386 0.276718 0.0791182 0.0476026 0.0670687
0 0.150836 0.622469 0.0301657 0.10406 0.0666532
2 0.0961107 0.303728 0.0370266 0.0452956 0.0656612
2 0.287661 0.326177 0.119807 0.0597226 0.0635329
0 0.973012 0.242777 0.0166958 0.0478909 0.0626544
2 0.314461 0.289439 0.0890466 0.070215 0.0618127
2 0.900836 0.207717 0.0363674 0.0165794 0.061725
2 0.828915 0.218269 0.0488358 0.0290881 0.0613253
0 0.781964 0.235615 0.0288546 0.0654549 0.0613104
0 0.92959 0.236664 0.012965 0.0288702 0.0605968
2 0.329145 0.267424 0.0521623 0.0335083 0.0600588
2 0.890096 0.2091 0.0612883 0.0178994 0.0584539
2 0.563547 0.310939 0.0924857 0.0371706 0.0579738
1 0.728887 0.269591 0.0293757 0.0445586 0.0573959
0 0.783004 0.227487 0.020859 0.0548092 0.0566035
2 0.790252 0.231908 0.0394453 0.0601903 0.0557507
2 0.795352 0.229772 0.045413 0.0576235 0.055008
2 0.823788 0.221423 0.0641701 0.0286953 0.054312
2 0.288665 0.328136 0.121776 0.0650793 0.0540999
2 0.510975 0.324319 0.114608 0.0474631 0.0533916
2 0.525452 0.321764 0.0923744 0.0453058 0.0533325
2 0.65344 0.98462 0.191842 0.0301394 0.0530626
2 0.329033 0.266818 0.0516276 0.0301998 0.0527827
0 0.771215 0.270093 0.0301298 0.035046 0.052428
11 0.433763 0.576651 0.0154912 0.05151 0.0519317
2 0.0936817 0.305486 0.0398901 0.0520361 0.0517004
2 0.331735 0.288435 0.0539736 0.0665483 0.0514227
0 0.774558 0.269922 0.0244904 0.0329702 0.0509739
0 0.983995 0.235928 0.0304333 0.0589861 0.0506155
0 0.988546 0.23672 0.022134 0.0532701 0.0497032
2 0.801889 0.227229 0.049366 0.04776 0.0496687
2 0.613325 0.282333 0.0560373 0.0346273 0.0495892
0 0.116918 0.596723 0.0290388 0.0750965 0.0495705
2 0.830267 0.217091 0.0463802 0.031225 0.0495435
0 0.291842 0.290351 0.0397639 0.0718393 0.0489549
0 0.289161 0.28812 0.0465471 0.0761826 0.0483899
2 0.817459 0.219171 0.0741663 0.0363398 0.0483439
0 0.18936 0.238832 0.0116511 0.0309542 0.0475612
2 0.330563 0.289482 0.0529118 0.0686699 0.0473462
0 0.763604 0.268425 0.045258 0.0500275 0.0468168
2 0.894567 0.225685 0.0680286 0.0500293 0.0457507
0 0.151151 0.627568 0.026702 0.0914106 0.0452918
2 0.620876 0.294973 0.0236237 0.0387125 0.0440311
2 0.290321 0.303066 0.123182 0.0991381 0.0435424
0 0.291375 0.290955 0.0404681 0.0723568 0.0430538
0 0.191211 0.242187 0.0136461 0.0403475 0.0426187
2 0.564451 0.302935 0.100024 0.0547093 0.0405994
2 0.28674 0.33727 0.118831 0.0360672 0.0403224
2 0.827658 0.228098 0.0598944 0.0401632 0.0402175
0 0.0444603 0.229149 0.0172197 0.039763 0.0401818
2 0.650716 0.983444 0.212371 0.0324482 0.0401083
2 0.184296 0.296411 0.0596071 0.0494764 0.0398933
0 0.293631 0.291435 0.0360844 0.0668499 0.0397285
0 0.0100052 0.298349 0.0200104 0.0521192 0.0393538
0 0.990113 0.232144 0.0190739 0.0608756 0.0387664
2 0.529248 0.320814 0.0858404 0.0446141 0.0384026
2 0.597494 0.284437 0.088132 0.0440901 0.0381684
0 0.293206 0.284515 0.0368984 0.061216 0.0381469
0 0.773252 0.267535 0.0292891 0.0398097 0.0378197
0 0.0445846 0.228303 0.0169719 0.0389029 0.0360165
2 0.28952 0.306998 0.124238 0.102042 0.0360051
0 0.149407 0.621927 0.0292448 0.11134 0.033619
0 0.434162 0.579197 0.017292 0.0573832 0.0329411
2 0.655477 0.984592 0.192893 0.0302773 0.0327842
2 0.580633 0.295453 0.062472 0.0414857 0.0327324
0 0.266412 0.261983 0.0103271 0.0254919 0.032718
2 0.645916 0.983296 0.207223 0.0328472 0.0323326
0 0.283304 0.288084 0.0592333 0.080073 0.0322997
2 0.285878 0.338583 0.118928 0.036246 0.032045
0 0.286583 0.28903 0.0526558 0.0746876 0.0314403
0 0.985174 0.234566 0.0290287 0.0612392 0.0308701
9 0.718607 0.204738 0.0150422 0.0236426 0.0304728
0 0.724587 0.268048 0.0248757 0.0400448 0.030005
0 0.330466 0.300327 0.0515243 0.096447 0.0296941
2 0.991529 0.229346 0.0162704 0.0613968 0.0293233
2 0.329267 0.268304 0.0502615 0.0311642 0.028229
5 0.0394723 0.305008 0.0788163 0.117289 0.028078
2 0.090734 0.3027 0.0453198 0.0508864 0.02807
0 0.960998 0.239088 0.018486 0.0572259 0.0276379
2 0.891611 0.228946 0.0696709 0.0462419 0.0275373
0 0.291545 0.290865 0.0398373 0.0705144 0.0274285
2 0.478762 0.288494 0.0921959 0.0550228 0.0274256
0 0.262717 0.264051 0.0104354 0.0279601 0.0269446
0 0.00921357 0.29951 0.0183934 0.0524808 0.0268416
2 0.308973 0.257534 0.0256836 0.021774 0.0267652
