2 0.450881 0.226464 0.0708857 0.066644 0.754874
2 0.684789 0.53855 0.125501 0.172761 0.736444
2 0.450907 0.226683 0.0708392 0.066263 0.728544
2 0.684237 0.537801 0.127109 0.171248 0.703099
2 0.450751 0.226714 0.0705676 0.066534 0.689681
2 0.656555 0.0969535 0.0360065 0.0349476 0.680847
2 0.80152 0.132469 0.0374376 0.0460888 0.678018
2 0.450874 0.226858 0.070533 0.0664821 0.676887
2 0.827449 0.187157 0.0475796 0.063817 0.674682
2 0.684385 0.538021 0.126949 0.172579 0.669914
2 0.450961 0.226427 0.0695869 0.0668032 0.659833
2 0.451089 0.226503 0.0703928 0.0666145 0.658369
2 0.684481 0.538488 0.126464 0.172705 0.655815
2 0.684363 0.53841 0.126187 0.173092 0.651796
2 0.684934 0.538629 0.125759 0.172619 0.642697
2 0.636494 0.179133 0.0503864 0.0595585 0.631994
61 0.761582 0.935108 0.159855 0.129082 0.626427
2 0.684244 0.537927 0.127041 0.17186 0.62618
2 0.656118 0.0975741 0.0356695 0.0341716 0.624184
2 0.826417 0.187606 0.0482332 0.0636041 0.610162
61 0.762514 0.935334 0.158629 0.128157 0.606189
61 0.761568 0.93515 0.160044 0.128657 0.603241
2 0.450977 0.226377 0.0705847 0.0663192 0.603158
2 0.826556 0.188033 0.0471937 0.0642227 0.598419
2 0.655854 0.0969836 0.0351988 0.0339834 0.59729
2 0.801018 0.133603 0.0368347 0.0440506 0.590852
2 0.827051 0.187618 0.0475563 0.0632436 0.588308
2 0.894216 0.0584499 0.0242355 0.0328823 0.580258
2 0.655728 0.098417 0.0352304 0.0339238 0.577248
61 0.761771 0.935102 0.15932 0.12865 0.574053
2 0.684735 0.538307 0.126092 0.173145 0.566571
2 0.684606 0.538309 0.126648 0.172289 0.561431
2 0.635603 0.178642 0.0494734 0.060548 0.556849
2 0.894681 0.0578739 0.0237659 0.0328483 0.554323
2 0.705195 0.0477328 0.0239276 0.0299647 0.5454
2 0.801057 0.132275 0.0372043 0.0454002 0.544596
61 0.76219 0.935211 0.160624 0.128914 0.538343
2 0.685151 0.0689736 0.0306194 0.0297918 0.536763
2 0.826861 0.188699 0.0460917 0.061614 0.53642
61 0.762307 0.935349 0.158465 0.128135 0.530755
2 0.634388 0.178906 0.048605 0.0607307 0.522202
2 0.826552 0.187611 0.0484695 0.0649361 0.520323
61 0.762238 0.935212 0.158322 0.128237 0.520304
2 0.635962 0.179426 0.0503542 0.0599042 0.517646
2 0.861003 0.137771 0.0348309 0.0495193 0.515713
2 0.684766 0.537973 0.125859 0.17381 0.512659
2 0.656209 0.0972126 0.0358356 0.0345081 0.502071
61 0.762521 0.935348 0.158955 0.128751 0.485059
2 0.451454 0.22611 0.0683729 0.0668701 0.482924
2 0.861171 0.137232 0.0356686 0.0509037 0.471856
2 0.827134 0.187531 0.0463863 0.0645968 0.471093
2 0.800806 0.134348 0.0363895 0.0432247 0.468829
2 0.8015 0.133828 0.0380646 0.0439415 0.465363
2 0.82736 0.187668 0.0458519 0.0645824 0.462992
2 0.685599 0.0684876 0.0309188 0.0300215 0.46221
2 0.655602 0.0974203 0.0349028 0.0335026 0.461116
2 0.636036 0.179284 0.0495886 0.0605024 0.458715
2 0.801071 0.133839 0.0372459 0.0433786 0.449875
2 0.856523 0.0546144 0.0231411 0.0264645 0.441959
2 0.861435 0.138478 0.033807 0.048429 0.433011
2 0.70527 0.0479732 0.0242567 0.0308315 0.430422
2 0.636668 0.178865 0.0516947 0.0609103 0.428168
2 0.636401 0.180036 0.0494447 0.0606268 0.424468
2 0.826234 0.187549 0.0506397 0.0654534 0.421311
2 0.861133 0.137205 0.0355515 0.0514486 0.418731
2 0.860747 0.13806 0.0354975 0.049455 0.415585
2 0.712708 0.0830692 0.0289048 0.0345848 0.410382
61 0.762213 0.935832 0.157695 0.128008 0.40461
2 0.800605 0.135094 0.0368138 0.0414337 0.395184
2 0.893841 0.0583148 0.0233152 0.033598 0.384119
2 0.450319 0.226556 0.0692095 0.0668127 0.377405
2 0.861148 0.137842 0.0342518 0.0503186 0.374608
2 0.800816 0.134035 0.0373863 0.0451998 0.372757
2 0.712626 0.0837803 0.0281099 0.0327913 0.366717
2 0.71296 0.0847584 0.0274476 0.0317384 0.360219
2 0.861431 0.138219 0.0335407 0.0502049 0.356782
2 0.713387 0.0837735 0.0277838 0.0340239 0.353538
2 0.685208 0.0692559 0.0296654 0.0292726 0.343188
2 0.65605 0.0980201 0.033923 0.0351332 0.332942
2 0.894635 0.0568837 0.0236967 0.0335351 0.330235
2 0.684056 0.0688323 0.0313681 0.0316569 0.327289
2 0.82733 0.190444 0.0461319 0.0578445 0.32371
2 0.634548 0.179018 0.047357 0.0604257 0.319741
2 0.685354 0.0684658 0.0317628 0.0306286 0.277487
2 0.8962 0.0145132 0.021283 0.0279382 0.254212
2 0.655026 0.0983706 0.033929 0.03494 0.239804
2 0.981779 0.0896499 0.0355093 0.0584686 0.239374
2 0.978613 0.095367 0.0305185 0.0439088 0.228848
2 0.634107 0.179262 0.04774 0.0605011 0.224324
2 0.802339 0.133368 0.0389063 0.0466424 0.213759
2 0.685 0.0687542 0.0302889 0.0299943 0.210842
2 0.705116 0.0474206 0.0254992 0.0309112 0.210266
2 0.655888 0.0957562 0.0371762 0.0358231 0.20505
2 0.981354 0.0899374 0.0365395 0.0575808 0.204314
2 0.713581 0.0821907 0.0287998 0.0311035 0.203255
2 0.895145 0.0579085 0.0254581 0.0339236 0.200278
2 0.706805 0.047356 0.0276342 0.031041 0.187516
2 0.938512 0.0210862 0.020645 0.0280566 0.182291
2 0.711057 0.0826785 0.0324843 0.0366533 0.174591
2 0.978676 0.0917461 0.0298607 0.0508082 0.17439
2 0.648085 0.134772 0.0466697 0.0395076 0.168135
2 0.861421 0.136508 0.0352938 0.0497553 0.166549
2 0.979373 0.0888289 0.0302795 0.0559202 0.163708
2 0.683483 0.0690234 0.0351938 0.0328819 0.160115
2 0.978735 0.0877786 0.0303284 0.0594038 0.159759
2 0.647543 0.134236 0.0463953 0.038189 0.158185
2 0.688799 0.0682537 0.0282651 0.0317383 0.154467
2 0.800208 0.136301 0.0367916 0.0423052 0.15329
2 0.979026 0.0901242 0.0295498 0.0533931 0.151579
2 0.895086 0.0575635 0.0252871 0.0339448 0.149175
2 0.706845 0.0468982 0.0256313 0.0290197 0.145885
2 0.856264 0.0571405 0.0245667 0.0256343 0.145788
2 0.856534 0.0517549 0.0232061 0.0297747 0.145255
61 0.761525 0.935301 0.159697 0.128343 0.145083
2 0.978757 0.0946183 0.0299175 0.045522 0.144813
2 0.646409 0.135284 0.0452795 0.0395507 0.142399
2 0.897188 0.0144083 0.0229412 0.0288165 0.133528
2 0.787975 0.0101604 0.0354017 0.0203208 0.132068
2 0.811447 0.0185643 0.023481 0.0304989 0.130534
2 0.638062 0.175816 0.0529819 0.0680605 0.129773
2 0.812733 0.0191589 0.0265687 0.0323093 0.129322
2 0.759768 0.0204708 0.0190236 0.0219192 0.123987
2 0.713657 0.117951 0.0249023 0.0243768 0.120829
2 0.93848 0.0214222 0.020351 0.0276383 0.119856
2 0.791865 0.0113099 0.0453238 0.0226197 0.116975
2 0.892804 0.057819 0.0276844 0.0337742 0.113757
2 0.855613 0.0530987 0.023354 0.0283215 0.113114
2 0.647563 0.133876 0.0454845 0.0378327 0.111061
2 0.790756 0.0107245 0.041079 0.0214489 0.107685
2 0.713893 0.117234 0.0257113 0.0260919 0.102735
2 0.802792 0.132659 0.0389762 0.0466043 0.0974466
2 0.706781 0.0478309 0.028294 0.0313401 0.0966873
2 0.786296 0.0109981 0.0347456 0.0208224 0.0937771
2 0.938138 0.020949 0.0215752 0.0269756 0.0926033
2 0.860919 0.136767 0.0348606 0.0501976 0.0911268
2 0.705845 0.0461494 0.0250582 0.0314373 0.0908216
2 0.800185 0.138058 0.0364779 0.0392462 0.0896688
2 0.857628 0.0548475 0.0267864 0.0292488 0.08645
2 0.767345 0.0490072 0.0296367 0.0327106 0.0862987
2 0.802625 0.131073 0.0372902 0.0494271 0.0819316
2 0.642746 0.149495 0.0510321 0.0696869 0.0782591
2 0.85814 0.137467 0.0424431 0.0516041 0.0759709
2 0.647223 0.13473 0.0461078 0.0398697 0.0746604
2 0.64739 0.137716 0.0465653 0.0455368 0.073739
2 0.812854 0.0206436 0.0275516 0.0306682 0.0735528
2 0.637068 0.177603 0.0520466 0.0597193 0.0711937
2 0.938316 0.020874 0.0212786 0.0290395 0.0708356
2 0.796313 0.0142027 0.0436989 0.0284053 0.0705585
2 0.648348 0.134028 0.0455097 0.0386613 0.0698218
2 0.790592 0.012199 0.0456395 0.0240856 0.0683697
2 0.895463 0.0569128 0.0255222 0.0357086 0.0656103
2 0.714826 0.0997647 0.0292501 0.0595462 0.0652838
2 0.65598 0.0956394 0.0384914 0.0370144 0.0629197
2 0.709963 0.0778374 0.0296552 0.035238 0.061739
2 0.637385 0.177244 0.0511339 0.0587116 0.0613642
2 0.648621 0.1458 0.0455543 0.0598122 0.0603919
5 0.950535 0.0187593 0.0422762 0.0365417 0.0601159
2 0.683076 0.0683365 0.0375381 0.0322018 0.0599811
2 0.761652 0.0171679 0.023019 0.0268865 0.0583904
2 0.652543 0.134272 0.0377397 0.0391881 0.05422
2 0.838169 0.0142223 0.0229128 0.0257411 0.0540659
2 0.853617 0.0538384 0.0287132 0.0323043 0.0537818
2 0.450663 0.227165 0.0711643 0.0670771 0.0536866
5 0.981293 0.0334465 0.0341585 0.0662544 0.0533692
2 0.83098 0.011911 0.0305014 0.0238221 0.0526479
2 0.83674 0.0140945 0.025584 0.0269605 0.0504418
5 0.958978 0.0217747 0.0465191 0.0435494 0.0480473
9 0.129462 0.728544 0.0279884 0.0815243 0.0457085
2 0.759724 0.0213663 0.0185661 0.0235172 0.044912
2 0.898128 0.0120429 0.0223061 0.0240858 0.0431575
2 0.651125 0.133555 0.0410568 0.0382286 0.0429742
5 0.98245 0.0380059 0.0341457 0.0741237 0.0416628
5 0.980846 0.0598123 0.0374882 0.119266 0.0402902
9 0.129041 0.729122 0.0274129 0.0819376 0.0401652
2 0.857808 0.138222 0.0416248 0.0516658 0.0397126
2 0.80875 0.0163498 0.0347967 0.0326997 0.0395973
2 0.715293 0.101763 0.0305158 0.0582007 0.0383315
5 0.965821 0.0215762 0.0348522 0.0388148 0.0381878
2 0.979847 0.0804765 0.0318794 0.0704471 0.0372552
5 0.982817 0.0366124 0.0328247 0.0725936 0.0367983
2 0.979126 0.0796778 0.0313366 0.0722165 0.0358474
5 0.980571 0.0336518 0.0313244 0.0673036 0.0352082
2 0.802176 0.13525 0.0385754 0.0434667 0.0341028
7 0.957478 0.0205595 0.0586161 0.0411191 0.0339528
2 0.979615 0.0523856 0.0261257 0.0303928 0.0332142
2 0.970585 0.0181913 0.021777 0.0312397 0.0323485
2 0.980129 0.0422554 0.0284399 0.0504934 0.0322245
2 0.639176 0.162304 0.0549738 0.0864362 0.0318452
2 0.961486 0.0230405 0.0266071 0.0359391 0.0313524
2 0.767846 0.0580273 0.0300825 0.0509876 0.0308056
2 0.835942 0.0134405 0.0299438 0.0268785 0.02876
2 0.768983 0.0153509 0.032979 0.029304 0.02793
2 0.7841 0.0145347 0.0386772 0.0290695 0.0274363
2 0.714379 0.100128 0.0284121 0.0563073 0.0272319
2 0.715144 0.0839795 0.0353506 0.0388702 0.0272129
2 0.820997 0.0149635 0.0322075 0.0299271 0.0271781
2 0.799527 0.13534 0.0403595 0.0420136 0.0270661
9 0.129426 0.728636 0.0285631 0.0823446 0.026304
2 0.955634 0.0215359 0.046069 0.037454 0.0262355
2 0.827969 0.187046 0.0474598 0.0638969 0.0246672
2 0.640911 0.164299 0.0573134 0.0935065 0.0244978
2 0.896576 0.0147595 0.0232433 0.0292588 0.0239952
2 0.892258 0.0573978 0.0286613 0.0334426 0.023942
2 0.706073 0.125679 0.0123314 0.0183989 0.0235664
2 0.812607 0.0208686 0.0247763 0.0307537 0.0235153
2 0.97872 0.0972292 0.0311253 0.0452982 0.0227635
5 0.767585 0.059154 0.0292095 0.0500341 0.0225428
2 0.863834 0.136416 0.0395813 0.0492234 0.0223815
5 0.866842 0.0236084 0.0625023 0.0472169 0.0223067
2 0.95638 0.0183692 0.0569302 0.0359371 0.0219552
9 0.129365 0.728741 0.0287209 0.0816217 0.0215134
5 0.966957 0.0229276 0.0342587 0.04285 0.02065
2 0.767772 0.0587104 0.030149 0.0510384 0.0203326
2 0.657569 0.0928623 0.0380466 0.0381138 0.0202455
2 0.891295 0.0566087 0.030336 0.034047 0.0200219
2 0.632871 0.179979 0.0429157 0.0595762 0.0195799
2 0.827501 0.186598 0.0458729 0.0663849 0.0194049
2 0.858243 0.052612 0.0273987 0.0319972 0.0193851
2 0.630045 0.181103 0.0374102 0.0574036 0.0193841
9 0.129481 0.728348 0.0279657 0.0817504 0.0193323
2 0.864251 0.135108 0.0393307 0.0481772 0.0191056
2 0.654525 0.106298 0.036698 0.0503651 0.0186379
5 0.960306 0.018512 0.0455055 0.0359344 0.0180707
2 0.650752 0.118285 0.046673 0.0670152 0.0176548
9 0.128434 0.729513 0.0301507 0.0807236 0.0176189
2 0.839913 0.0133918 0.0293009 0.0267836 0.0175016
2 0.858097 0.0559567 0.0285656 0.0291421 0.0173634
2 0.76732 0.0583683 0.0312538 0.0502408 0.0173434
5 0.978726 0.0347983 0.0274799 0.0630423 0.017158
2 0.713085 0.118977 0.0269121 0.0288978 0.0169091
2 0.763366 0.0206578 0.0245321 0.0303174 0.0166715
9 0.190261 0.667651 0.02717 0.0794486 0.0165409
5 0.862749 0.0144051 0.0532908 0.0288094 0.0163833
5 0.981971 0.035196 0.0351213 0.070392 0.015953
2 0.981257 0.0844631 0.0346912 0.067035 0.0158628
2 0.9045 0.0546803 0.0419628 0.038831 0.0157211
2 0.851788 0.0494187 0.0319103 0.0349632 0.0153214
5 0.979489 0.0331623 0.0352161 0.0659777 0.0148538
2 0.767105 0.060989 0.0279131 0.0487632 0.0146412
5 0.982729 0.0351443 0.0337078 0.0702886 0.0144859
2 0.767524 0.0591071 0.0288072 0.0512722 0.0143716
2 0.653246 0.165391 0.0177629 0.0348821 0.0134252
5 0.878332 0.0140265 0.0662483 0.028053 0.0133448
9 0.190596 0.667058 0.0256385 0.0788403 0.0130909
2 0.651772 0.114976 0.0412546 0.0654881 0.013046
2 0.788572 0.0252058 0.0543602 0.0495579 0.0125798
2 0.707547 0.0461692 0.0300035 0.0328022 0.0123562
9 0.129236 0.729089 0.0284134 0.0801191 0.0120566
5 0.89457 0.0165051 0.026358 0.0330101 0.0117694
5 0.977865 0.06157 0.0386862 0.122733 0.0110479
2 0.709227 0.067098 0.0290588 0.0411466 0.010974
2 0.981646 0.0817126 0.0351414 0.0717813 0.0109429
2 0.68386 0.540149 0.126753 0.176044 0.0107471
9 0.128797 0.728716 0.0291976 0.0818115 0.0106883
2 0.937595 0.0179681 0.023127 0.0349594 0.0105754
2 0.799465 0.136789 0.0405502 0.0431604 0.0104624
79 0.900932 0.929842 0.0273098 0.140315 0.0104618
9 0.126711 0.724418 0.0222785 0.0722393 0.010353
2 0.851421 0.0549635 0.0328651 0.0339376 0.0102853
2 0.782931 0.0273031 0.0641874 0.0540245 0.0102101
9 0.190842 0.666617 0.0248998 0.0786106 0.00904517
2 0.633094 0.177083 0.0567395 0.0590168 0.00900609
2 0.906278 0.0432416 0.0431911 0.0617837 0.00889177
5 0.864348 0.0228166 0.0495842 0.0456332 0.00884931
9 0.130856 0.72779 0.0302408 0.0825478 0.00877026
2 0.801981 0.126607 0.0382109 0.0547645 0.00876984
61 0.761845 0.935064 0.15872 0.12872 0.00862303
9 0.129749 0.728311 0.0291061 0.0818786 0.00777825
2 0.763043 0.0748828 0.0197273 0.0256522 0.00776953
2 0.799617 0.134061 0.0403398 0.0433242 0.00763894
2 0.705249 0.0458518 0.026129 0.0323455 0.00762724
79 0.901454 0.931835 0.0279964 0.13633 0.00756843
2 0.451244 0.226283 0.0690573 0.067607 0.00755175
61 0.690503 0.935087 0.317514 0.129392 0.00753246
9 0.131034 0.727601 0.0312188 0.0824268 0.00750998
2 0.767331 0.0568316 0.0290078 0.0547554 0.00735691
2 0.768532 0.0574684 0.0317592 0.0491746 0.00735523
2 0.636293 0.162071 0.0670387 0.0969066 0.00719217
9 0.190238 0.667559 0.0295954 0.0772963 0.00705316
9 0.191043 0.666524 0.0258696 0.0788954 0.00700699
5 0.976637 0.0317004 0.0436096 0.0629884 0.00679362
2 0.768693 0.0573251 0.0318333 0.0448693 0.00671139
9 0.190933 0.666751 0.0252276 0.0792072 0.00671086
5 0.856376 0.0138806 0.0598694 0.0277612 0.00649718
5 0.894094 0.0506306 0.0234028 0.0483489 0.00642444
2 0.622675 0.19554 0.021464 0.0288033 0.00640525
5 0.976676 0.0576103 0.0395462 0.113268 0.00624675
2 0.907119 0.0578958 0.0385851 0.033346 0.00623882
9 0.129016 0.728346 0.0280635 0.0804665 0.00610852
2 0.278849 0.0046373 0.0268114 0.00919088 0.00598594
9 0.19079 0.666847 0.0274802 0.0796511 0.00585147
2 0.655959 0.146181 0.0314837 0.0597376 0.00582118
2 0.857049 0.01455 0.0424089 0.0290546 0.00576647
2 0.98094 0.0930636 0.0349472 0.0506931 0.00566055
9 0.191033 0.667464 0.0253384 0.0810417 0.00562533
2 0.269655 0.00493309 0.0360631 0.00983512 0.0053946
2 0.636935 0.146318 0.0593248 0.0635104 0.00534527
79 0.900039 0.930239 0.027475 0.139223 0.00528538
5 0.91177 0.0203649 0.0419178 0.0407298 0.00526802
2 0.825289 0.0229613 0.0494576 0.0409583 0.00524889
