2 0.467263 0.142868 0.0552956 0.0737419 0.692278
2 0.351208 0.0959804 0.0424302 0.0638952 0.674984
2 0.350956 0.0955342 0.0421711 0.0629215 0.656017
2 0.467115 0.142987 0.0552661 0.0747026 0.639525
2 0.35089 0.0958672 0.0423719 0.0634179 0.611361
2 0.484468 0.209797 0.0751597 0.106314 0.605761
2 0.60415 0.296716 0.079483 0.132869 0.596557
2 0.601778 0.296476 0.0824625 0.133082 0.596017
2 0.601353 0.297113 0.0834741 0.132494 0.592851
2 0.350627 0.0958581 0.0421669 0.0637034 0.58765
2 0.484236 0.20934 0.0755673 0.106357 0.586225
2 0.48388 0.20999 0.0783084 0.106695 0.578691
2 0.603389 0.297074 0.0803557 0.132199 0.576882
2 0.3509 0.0957086 0.04168 0.0646208 0.574768
2 0.351222 0.0958911 0.0424207 0.0642171 0.573677
2 0.35108 0.0959087 0.0423845 0.0644787 0.566905
2 0.601979 0.296902 0.0821505 0.133057 0.561689
2 0.603612 0.296293 0.0795624 0.132638 0.559663
2 0.603014 0.296794 0.080502 0.132193 0.558851
2 0.484356 0.209735 0.0741379 0.10698 0.547461
2 0.350908 0.0960827 0.0433104 0.0641409 0.546332
2 0.46642 0.143009 0.0562168 0.0740792 0.545371
2 0.46628 0.142925 0.0559696 0.0738987 0.544067
2 0.604568 0.297142 0.0779501 0.132822 0.537225
2 0.484013 0.209459 0.0749825 0.105762 0.523287
2 0.468197 0.143107 0.057427 0.0738849 0.506811
2 0.602813 0.297518 0.0815641 0.131758 0.496959
2 0.484193 0.209746 0.0738668 0.106621 0.471888
2 0.484312 0.209928 0.0765973 0.106047 0.469122
2 0.46633 0.143059 0.0580918 0.0755559 0.456364
2 0.466476 0.143249 0.0564278 0.0741488 0.432452
0 0.817841 0.205519 0.022739 0.0904696 0.426301
2 0.48444 0.209729 0.0746338 0.105837 0.423904
0 0.818626 0.205074 0.0228457 0.0899652 0.422249
2 0.466927 0.143254 0.0555363 0.0748993 0.420749
2 0.484233 0.209634 0.0746304 0.10566 0.412908
0 0.817483 0.206052 0.0213833 0.0930571 0.411456
2 0.601099 0.297879 0.0839535 0.1328 0.380753
6 0.895259 0.76946 0.209006 0.442221 0.341534
2 0.465959 0.141981 0.0522121 0.0716769 0.340647
0 0.818163 0.206938 0.0235298 0.0942825 0.336387
0 0.818488 0.206679 0.0243242 0.0939414 0.327576
2 0.468477 0.143264 0.0582693 0.0742427 0.325235
6 0.895916 0.77027 0.207055 0.441017 0.317317
6 0.895621 0.770083 0.208158 0.440079 0.316696
0 0.881275 0.169655 0.0199642 0.0568475 0.315061
6 0.895545 0.77215 0.208071 0.446486 0.291824
6 0.895683 0.771536 0.207536 0.448047 0.291664
2 0.350783 0.0953151 0.0411796 0.0630582 0.290388
0 0.935527 0.0908818 0.0193298 0.0325857 0.2569
2 0.662956 0.0361144 0.0772436 0.0722289 0.256899
6 0.895471 0.772286 0.208327 0.448567 0.254405
5 0.45901 0.0372725 0.0643275 0.074545 0.243803
2 0.895636 0.771415 0.207952 0.453757 0.240976
2 0.89527 0.772305 0.208507 0.449566 0.237259
5 0.453162 0.0367707 0.0493677 0.0730807 0.237078
0 0.935382 0.091247 0.0179077 0.0321453 0.2361
2 0.895091 0.770043 0.208843 0.454945 0.235232
7 0.663252 0.0360731 0.0771267 0.0721304 0.233315
2 0.466342 0.140519 0.0502846 0.068312 0.227087
2 0.662769 0.0362001 0.0769736 0.0721769 0.225453
0 0.818998 0.206606 0.0247381 0.0946153 0.224562
7 0.662361 0.0368052 0.0765888 0.0733277 0.223285
0 0.816857 0.205592 0.0264072 0.0933095 0.222264
0 0.881155 0.178797 0.0236303 0.0741016 0.220837
2 0.980881 0.0567646 0.0375843 0.045369 0.219946
0 0.88143 0.17164 0.0199978 0.059741 0.219239
5 0.453868 0.037784 0.0473385 0.0727217 0.215992
2 0.350182 0.0962311 0.0419664 0.0641448 0.214534
2 0.467076 0.139852 0.0463564 0.0668684 0.209733
5 0.45829 0.037774 0.0633824 0.0754573 0.200844
2 0.662965 0.0361765 0.0778522 0.072353 0.19839
0 0.208472 0.0932051 0.0237055 0.0510908 0.19726
2 0.663233 0.0361975 0.0785093 0.072395 0.195668
7 0.662541 0.0357082 0.0745769 0.0714163 0.195057
2 0.895579 0.767877 0.20779 0.456246 0.192804
2 0.0758338 0.187562 0.078012 0.0699951 0.192652
2 0.0946979 0.238134 0.0677922 0.0953705 0.190636
5 0.457538 0.0371332 0.0625665 0.0742663 0.188222
2 0.0741278 0.187162 0.0739675 0.0692281 0.185082
7 0.662703 0.0359121 0.0773479 0.0718241 0.183079
0 0.817523 0.207668 0.023402 0.0978649 0.176591
3 0.882057 0.204044 0.0222149 0.0414041 0.175611
2 0.980787 0.0575991 0.0375137 0.0479326 0.175499
0 0.880995 0.173867 0.023156 0.0640339 0.170122
2 0.469971 0.143815 0.0561934 0.0755146 0.170094
2 0.0769599 0.187956 0.0803302 0.0715211 0.16956
0 0.208922 0.0936686 0.0255095 0.0523968 0.165334
5 0.453587 0.0390494 0.047171 0.0717303 0.162973
7 0.663126 0.0362499 0.0773195 0.0720115 0.158432
2 0.0945659 0.237599 0.0670241 0.0967595 0.155794
2 0.0950749 0.238888 0.0678775 0.0943981 0.154503
2 0.485085 0.209187 0.0777203 0.105131 0.153628
0 0.935991 0.0911377 0.0183937 0.0316594 0.153458
2 0.980346 0.0574518 0.0386169 0.0496308 0.152259
0 0.880645 0.180767 0.025355 0.078052 0.151799
5 0.453167 0.0377875 0.049375 0.0737915 0.151752
5 0.45971 0.0373266 0.0678915 0.0746533 0.149312
7 0.0830639 0.217616 0.0906769 0.13393 0.147055
2 0.981235 0.0567305 0.0375294 0.0439886 0.145341
2 0.0772309 0.188088 0.0804035 0.0717247 0.142954
2 0.0954387 0.239266 0.0664106 0.0943194 0.138456
2 0.977535 0.0564111 0.0440773 0.0482085 0.137201
0 0.732553 0.0138832 0.0132892 0.0277156 0.13531
2 0.981129 0.0563412 0.0377428 0.0423694 0.13493
0 0.731221 0.0138397 0.0143456 0.0276795 0.134178
5 0.458035 0.0375065 0.0629004 0.0749976 0.131664
0 0.877712 0.176458 0.0276592 0.0699627 0.127475
0 0.755593 0.0192812 0.0139373 0.038153 0.124539
7 0.661148 0.0359334 0.0735689 0.0718668 0.124119
2 0.980262 0.0571567 0.039477 0.0456217 0.115924
2 0.979325 0.0569643 0.0408003 0.0493122 0.115761
0 0.935932 0.0910203 0.0193083 0.0324332 0.114772
2 0.980827 0.056816 0.0376339 0.0463929 0.114499
9 0.145531 0.0135613 0.011132 0.0256843 0.113452
5 0.453822 0.0366636 0.0546419 0.0731609 0.112507
2 0.576949 0.0159148 0.0271398 0.0313117 0.111388
0 0.935888 0.0912233 0.0183617 0.0323609 0.111355
5 0.457748 0.0368638 0.0624166 0.0737275 0.110095
2 0.0805165 0.217094 0.0911178 0.133072 0.10847
2 0.979807 0.0557601 0.0397789 0.0490208 0.106283
2 0.980877 0.0586763 0.0372208 0.047802 0.105112
0 0.209008 0.094145 0.0264536 0.0532818 0.103903
0 0.817487 0.203618 0.0266747 0.0876506 0.102173
7 0.0827431 0.217433 0.0918805 0.13393 0.101608
2 0.606872 0.154242 0.0358152 0.0155913 0.101143
2 0.487317 0.210094 0.0702378 0.103171 0.10096
9 0.144099 0.0130053 0.0122465 0.0260106 0.100573
7 0.660952 0.03564 0.072163 0.0712799 0.0993701
0 0.819839 0.206761 0.0258701 0.0953429 0.097359
5 0.45928 0.0372195 0.0665039 0.074439 0.0967292
2 0.412645 0.0188468 0.0288694 0.0364449 0.094941
3 0.882069 0.203147 0.0230209 0.0415827 0.0939474
3 0.880254 0.200452 0.0272129 0.0473518 0.0930452
0 0.876655 0.191159 0.0250601 0.0395481 0.0921375
0 0.882229 0.199501 0.0230219 0.0452746 0.0918515
0 0.881763 0.181276 0.027523 0.0799785 0.089799
2 0.467611 0.133491 0.0437767 0.0551017 0.0863965
2 0.0963185 0.240643 0.0645942 0.0901467 0.0863347
0 0.205811 0.0936376 0.0295336 0.054306 0.0857063
0 0.755013 0.0261707 0.0157749 0.0491645 0.0847579
0 0.210901 0.0933092 0.0242628 0.0525069 0.0847564
36 0.068529 0.690949 0.136649 0.0520111 0.084661
7 0.662489 0.0368256 0.0769579 0.0736512 0.0838211
0 0.818599 0.192606 0.0225155 0.0650153 0.0837182
3 0.875584 0.197538 0.0320007 0.0459744 0.0824632
0 0.83866 0.093268 0.0173733 0.0423015 0.0806045
2 0.577067 0.0171861 0.0269955 0.0319479 0.0802396
2 0.0811461 0.195127 0.0893301 0.0866474 0.0801858
7 0.0831943 0.217834 0.0904174 0.133877 0.078613
2 0.577455 0.0158804 0.026311 0.0313651 0.0781313
0 0.858608 0.108406 0.0176144 0.0302763 0.0772823
7 0.662358 0.0362674 0.0774288 0.0725349 0.0770315
0 0.81767 0.220309 0.0181179 0.0710579 0.0757404
7 0.0826301 0.217571 0.0905497 0.13456 0.0757215
0 0.838701 0.092095 0.0178944 0.043086 0.0754847
0 0.205082 0.0931398 0.0280742 0.054165 0.0753301
2 0.606627 0.154183 0.0361751 0.0164664 0.0722792
0 0.822487 0.0959679 0.0158327 0.0461782 0.0716948
0 0.832901 0.0886743 0.0188633 0.0465536 0.0714764
2 0.474621 0.160598 0.0482199 0.0419527 0.0703294
0 0.82425 0.0937337 0.0173254 0.0500759 0.0696274
0 0.746746 0.0269493 0.0175321 0.0510288 0.0689609
36 0.0685707 0.69131 0.136139 0.0512129 0.0686025
0 0.83565 0.0901874 0.0190762 0.0450153 0.0680714
2 0.0999541 0.254443 0.0566473 0.0611753 0.0668339
3 0.876798 0.202107 0.0332609 0.0453851 0.0654608
0 0.752133 0.0275891 0.0189599 0.0509901 0.0650304
0 0.878378 0.17445 0.0274117 0.0666822 0.0644334
0 0.858437 0.108633 0.0201893 0.0311585 0.0643258
0 0.835995 0.0912875 0.0191723 0.0446172 0.0630712
2 0.473078 0.161658 0.0473514 0.0381129 0.0625138
5 0.454815 0.0373327 0.0509544 0.0742065 0.0618008
0 0.797004 0.0226602 0.0137196 0.0294853 0.0612677
2 0.0963672 0.238429 0.064378 0.0886465 0.0611853
2 0.60658 0.154361 0.0361012 0.016574 0.0610252
2 0.576418 0.0150118 0.0273911 0.0300236 0.0605299
7 0.664007 0.0358353 0.0774538 0.0715187 0.0602807
2 0.469205 0.149217 0.0528465 0.0645792 0.0597742
2 0.468599 0.123568 0.0405147 0.0353237 0.0591327
0 0.736449 0.0133396 0.0109459 0.0266793 0.059108
2 0.387057 0.419467 0.0337751 0.0547305 0.059018
0 0.839736 0.0942361 0.0173086 0.0423249 0.0588
2 0.0825545 0.219714 0.0894735 0.131362 0.0586863
2 0.687788 0.193665 0.0570908 0.0261166 0.0584073
0 0.210038 0.0939178 0.0266807 0.0529663 0.0581192
2 0.386925 0.419523 0.0333054 0.0556052 0.0578752
2 0.351411 0.0956285 0.0423779 0.0648633 0.0577261
0 0.815394 0.209602 0.0255428 0.0893651 0.0577248
0 0.211822 0.0894345 0.0208083 0.0404566 0.0572803
5 0.45453 0.0386595 0.0490368 0.0733943 0.0565654
2 0.57675 0.0162764 0.0296555 0.0325528 0.0560909
3 0.874011 0.193822 0.0269268 0.0422841 0.0557258
0 0.743153 0.0176072 0.0161783 0.0352144 0.0553343
0 0.819825 0.204852 0.0250248 0.090619 0.0552355
2 0.0984158 0.248999 0.0604833 0.0712137 0.05483
3 0.883992 0.204207 0.0231752 0.0407311 0.0543403
9 0.386596 0.4192 0.0347332 0.0568481 0.0536383
2 0.386853 0.418862 0.0342397 0.0563917 0.0536051
2 0.577474 0.0156087 0.0255068 0.0312173 0.0530711
3 0.883951 0.203435 0.0228519 0.0408735 0.0509607
0 0.856144 0.0979123 0.0241749 0.0446035 0.0506265
7 0.0831136 0.218214 0.0913183 0.133119 0.0497015
2 0.0799877 0.188356 0.0874358 0.0702113 0.0494239
0 0.111315 0.197062 0.0178395 0.0434437 0.0493632
2 0.0716218 0.182788 0.0659215 0.0588589 0.0486352
7 0.0831864 0.217341 0.0920527 0.134152 0.0484107
2 0.989494 0.0644971 0.0204132 0.0374732 0.0483921
9 0.386824 0.419276 0.034408 0.0572351 0.0478977
0 0.412225 0.0189974 0.0280369 0.0379948 0.0473416
2 0.0793502 0.186731 0.0855846 0.0684213 0.0470377
0 0.205482 0.0942326 0.0294378 0.0552182 0.0470151
2 0.454029 0.0405944 0.045406 0.0709115 0.0469757
0 0.85898 0.11207 0.01521 0.023675 0.0450487
2 0.465876 0.142597 0.0545177 0.0740455 0.0450203
2 0.413146 0.018518 0.028579 0.0366844 0.0448238
0 0.872188 0.0894724 0.0177586 0.030776 0.0442576
2 0.694693 0.0100534 0.0192919 0.0200419 0.043946
0 0.755378 0.0163937 0.0120245 0.0327275 0.0432405
36 0.0687814 0.69265 0.137068 0.0519571 0.0428704
9 0.38685 0.41934 0.0345887 0.0571027 0.0427661
2 0.977587 0.0554143 0.0438841 0.0490385 0.0418023
0 0.935582 0.10029 0.0181229 0.0507035 0.0416117
2 0.414171 0.0189931 0.0329907 0.0377691 0.0415272
0 0.0940684 0.0727293 0.0126512 0.0293195 0.0410099
0 0.796339 0.0227307 0.0135646 0.0297483 0.0409471
0 0.8328 0.0858928 0.014872 0.0501509 0.0406514
9 0.386704 0.419141 0.0341383 0.0573342 0.0406107
0 0.747458 0.0281691 0.0161572 0.0485651 0.0403554
2 0.350704 0.0965802 0.0426936 0.0625844 0.0384621
2 0.606673 0.155888 0.0369079 0.0170675 0.0384069
0 0.111708 0.197763 0.0177759 0.0419776 0.0382352
0 0.837918 0.0886365 0.0171604 0.0433323 0.0380185
2 0.473161 0.170369 0.0469676 0.0342918 0.0375268
36 0.0681908 0.692952 0.135181 0.0509714 0.0369988
2 0.577505 0.0171171 0.026438 0.0320028 0.0354291
0 0.818546 0.182269 0.0225174 0.0451895 0.0352258
2 0.454201 0.0400608 0.0457439 0.0708885 0.0351712
2 0.0713909 0.179635 0.0655658 0.0536056 0.0351609
0 0.110599 0.193821 0.0177778 0.0448026 0.0347858
0 0.414601 0.0186071 0.0293985 0.0370898 0.0346325
0 0.81682 0.229804 0.0165098 0.0552779 0.0344114
2 0.0947502 0.239235 0.0669029 0.0913386 0.0343806
2 0.0719773 0.177345 0.0661128 0.0471627 0.0343218
2 0.865668 0.0643347 0.0428333 0.0338772 0.0338086
2 0.58329 0.249278 0.0195007 0.0366913 0.0335759
0 0.817631 0.100249 0.0157219 0.0430561 0.0331823
0 0.871778 0.0823743 0.0230442 0.0412983 0.0322637
0 0.113221 0.200082 0.016655 0.0416813 0.0322636
2 0.581196 0.252288 0.0251423 0.0418429 0.0320732
36 0.0681619 0.690035 0.134712 0.0534243 0.0317689
2 0.070847 0.177914 0.0660745 0.0506953 0.0317393
2 0.351093 0.0965919 0.0420821 0.0635309 0.031562
2 0.0986193 0.251078 0.0599138 0.0685403 0.0311629
0 0.882758 0.175749 0.0251438 0.0690646 0.0310991
5 0.860201 0.0356947 0.0728035 0.071105 0.0305973
2 0.687967 0.193213 0.0569456 0.0258618 0.0304321
0 0.881685 0.166019 0.0178379 0.0493334 0.030394
0 0.858669 0.0968054 0.0243563 0.0471615 0.0303816
2 0.386909 0.418732 0.0343931 0.0562695 0.0303212
5 0.460904 0.0375878 0.0697742 0.074659 0.0300723
2 0.0834049 0.219238 0.0913993 0.134146 0.0299692
2 0.0713654 0.1735 0.0644266 0.0411408 0.0299271
2 0.414403 0.0185071 0.0315956 0.0369804 0.0299035
2 0.072714 0.185952 0.068939 0.0667719 0.0296084
2 0.870156 0.0669792 0.0352287 0.0279697 0.0294308
0 0.113418 0.199231 0.0162612 0.0402906 0.0289355
0 0.935389 0.106642 0.0184748 0.0614745 0.0287726
2 0.0725249 0.186715 0.0687275 0.0681354 0.0287457
2 0.0705554 0.173626 0.0636427 0.0413353 0.0286175
2 0.866426 0.0640604 0.0429443 0.0382927 0.028207
2 0.0798634 0.194699 0.0829514 0.0547403 0.0275941
0 0.0932409 0.0751648 0.0153594 0.0325456 0.0272904
2 0.687564 0.192723 0.0560987 0.0250872 0.0270848
0 0.936181 0.102557 0.0180904 0.0545092 0.0268403
0 0.208176 0.0902924 0.024906 0.0572383 0.0268061
0 0.820467 0.0986203 0.0167538 0.0459357 0.0261163
2 0.208181 0.0930219 0.0292507 0.0558593 0.025876
0 0.861662 0.100496 0.0241302 0.0465322 0.0258386
0 0.741779 0.0138509 0.0140625 0.0276823 0.0257734
36 0.068553 0.691969 0.136943 0.054694 0.0252586
2 0.664148 0.0326093 0.0780405 0.0652186 0.0252051
2 0.68358 0.0107013 0.0420668 0.0214026 0.0248689
2 0.695157 0.0107858 0.0185457 0.0212762 0.0244412
0 0.414333 0.0180315 0.0299549 0.0357481 0.024205
9 0.134645 0.0106307 0.0162686 0.0212615 0.0237619
36 0.0699275 0.690195 0.134401 0.0506853 0.023752
2 0.232967 0.0728769 0.0192883 0.0288927 0.0236038
2 0.868713 0.0631878 0.0404114 0.0343325 0.0234752
2 0.481068 0.166544 0.0617275 0.0490289 0.0233033
2 0.484473 0.0187543 0.0262028 0.0369069 0.0228383
2 0.483994 0.0192041 0.0266827 0.0376455 0.0227484
2 0.574182 0.0160847 0.0327305 0.0321695 0.0227483
2 0.0946029 0.234791 0.0663268 0.0932488 0.0225625
0 0.883307 0.201996 0.024473 0.041915 0.022162
2 0.088505 0.234127 0.0812263 0.104209 0.0218518
0 0.206384 0.0988467 0.029612 0.0468958 0.0217342
2 0.465031 0.134417 0.0490408 0.0572997 0.021565
0 0.0925844 0.239144 0.0638308 0.0904376 0.0211967
0 0.0907033 0.238199 0.05934 0.0866933 0.0208321
