2 0.650232 0.434739 0.136875 0.13586 0.856384
2 0.650023 0.434436 0.137063 0.135558 0.851719
2 0.65019 0.434639 0.136827 0.136013 0.846425
2 0.649791 0.434451 0.136583 0.136459 0.840333
2 0.38595 0.816203 0.255194 0.256092 0.825263
2 0.649567 0.434403 0.136552 0.13638 0.811926
2 0.649685 0.434262 0.136218 0.136751 0.811496
2 0.649758 0.433858 0.136584 0.136535 0.809431
2 0.887342 0.239284 0.0930576 0.0924518 0.797271
2 0.649763 0.434117 0.136449 0.135998 0.793592
2 0.385911 0.815989 0.254358 0.257661 0.790777
2 0.649771 0.434099 0.135968 0.136034 0.787234
2 0.649602 0.434742 0.136903 0.136219 0.785713
2 0.887022 0.239618 0.0932018 0.0919184 0.78241
2 0.887368 0.240057 0.0935289 0.0926878 0.770976
2 0.88694 0.239609 0.093251 0.0926131 0.764945
2 0.887489 0.23957 0.0931387 0.0929119 0.754249
2 0.886946 0.239667 0.0930344 0.0932074 0.747221
2 0.580195 0.170634 0.0582887 0.0525388 0.745291
2 0.386359 0.815735 0.253131 0.255 0.737388
2 0.887208 0.239816 0.0933615 0.0922445 0.734083
2 0.386133 0.815333 0.252302 0.257225 0.732743
2 0.386123 0.815601 0.252975 0.257292 0.720121
2 0.887047 0.239741 0.0927425 0.0928326 0.71198
2 0.385754 0.81538 0.253188 0.256166 0.704201
2 0.887091 0.2396 0.0933128 0.0924056 0.685806
2 0.385913 0.815625 0.253742 0.255868 0.673517
2 0.579937 0.170675 0.0584909 0.0528579 0.671642
2 0.38622 0.814803 0.254523 0.255478 0.627588
2 0.578995 0.171054 0.0583108 0.0528439 0.624587
2 0.579957 0.171364 0.0589246 0.0537644 0.624111
2 0.38616 0.815536 0.254579 0.254387 0.598105
2 0.38576 0.816049 0.253681 0.254938 0.588362
2 0.579019 0.171466 0.058342 0.0532547 0.586371
2 0.579082 0.170888 0.0574564 0.0531038 0.506795
2 0.579018 0.171022 0.0576603 0.0540545 0.502558
6 0.354546 0.119968 0.675781 0.239847 0.456807
2 0.324809 0.407404 0.100543 0.0775498 0.424369
2 0.57902 0.171089 0.0579815 0.0539233 0.391385
6 0.367157 0.119822 0.627267 0.239643 0.385154
2 0.325292 0.406923 0.102012 0.0772041 0.376822
6 0.352504 0.122408 0.681026 0.243956 0.376553
6 0.350853 0.122411 0.678479 0.244822 0.362472
6 0.283125 0.361882 0.162794 0.151404 0.354431
2 0.578996 0.170703 0.056543 0.0531962 0.353412
2 0.325373 0.407008 0.101077 0.0777048 0.340983
2 0.325501 0.407873 0.102484 0.0791019 0.338269
2 0.323803 0.407263 0.0987168 0.0785122 0.328641
2 0.0344854 0.212002 0.0679332 0.0549651 0.324829
2 0.32294 0.407225 0.0960217 0.0761211 0.322069
2 0.325743 0.407362 0.102644 0.0787026 0.321873
6 0.351178 0.122462 0.696626 0.23663 0.316628
6 0.345072 0.122044 0.676027 0.23026 0.308984
2 0.0346722 0.21211 0.0648631 0.0543826 0.306498
2 0.0329892 0.212778 0.065762 0.0583191 0.271756
6 0.365007 0.121034 0.628595 0.242069 0.266712
2 0.0186199 0.243605 0.0372126 0.0618558 0.256484
2 0.324145 0.407123 0.100489 0.0762158 0.25065
2 0.24758 0.396607 0.0901081 0.0784342 0.249707
2 0.417035 0.0856154 0.0526066 0.0369165 0.249241
5 0.282833 0.36074 0.163347 0.148436 0.247185
2 0.0177313 0.24331 0.0353991 0.0608747 0.243385
2 0.0349539 0.211809 0.0647551 0.0549394 0.239229
6 0.283027 0.362597 0.161382 0.153208 0.235083
2 0.0331989 0.212683 0.0638077 0.0558207 0.23265
2 0.249958 0.396277 0.0970916 0.0793026 0.226684
2 0.035476 0.21142 0.0679795 0.052664 0.22039
6 0.366168 0.118057 0.624322 0.236113 0.220236
2 0.416897 0.0854816 0.0519213 0.036699 0.216593
2 0.240424 0.396663 0.0748431 0.0764259 0.209294
2 0.0180253 0.243593 0.0359728 0.0617189 0.207349
2 0.325994 0.407482 0.102498 0.0798435 0.200868
2 0.0182246 0.242119 0.0364493 0.0607745 0.19694
6 0.282821 0.361343 0.161847 0.15056 0.193218
2 0.325837 0.408863 0.102475 0.0797427 0.188126
2 0.0177592 0.243064 0.0354772 0.0613887 0.18657
2 0.41754 0.0855436 0.0535064 0.0368332 0.185572
2 0.0356684 0.211181 0.0666386 0.0531981 0.180659
2 0.744345 0.0988742 0.0653564 0.0387814 0.177861
2 0.0188743 0.243437 0.0377485 0.0626108 0.177714
2 0.251601 0.396785 0.0979327 0.0779686 0.17166
2 0.240541 0.396601 0.0760812 0.0775183 0.166005
2 0.793633 0.150996 0.0313792 0.0445314 0.164977
2 0.324847 0.408198 0.10073 0.0801943 0.163628
5 0.282592 0.361087 0.163569 0.150329 0.15912
7 0.283377 0.360847 0.163383 0.149405 0.15892
2 0.416646 0.0854444 0.0543568 0.0381498 0.154638
6 0.366776 0.125684 0.728452 0.24501 0.15327
2 0.554301 0.379525 0.0827959 0.0675658 0.149966
2 0.254673 0.396473 0.104216 0.0778605 0.149395
2 0.990391 0.123049 0.0186489 0.0722413 0.147978
2 0.554713 0.380088 0.0735239 0.0645053 0.145309
2 0.744498 0.09801 0.0592896 0.0375785 0.144101
2 0.245709 0.397139 0.0861837 0.0776031 0.143719
2 0.0311706 0.211753 0.0603975 0.0543651 0.142799
2 0.417677 0.0852963 0.0524246 0.036119 0.142508
2 0.416756 0.0853892 0.0533234 0.0371194 0.138655
2 0.740197 0.0992852 0.0747051 0.0401844 0.138225
7 0.283703 0.361916 0.162133 0.148597 0.137349
0 0.854886 0.877884 0.0853518 0.200579 0.125448
2 0.416865 0.0856993 0.0526625 0.0379769 0.124871
2 0.72454 0.10328 0.0430765 0.0456694 0.123862
9 0.868775 0.846402 0.0445103 0.0830526 0.123666
2 0.0179132 0.243979 0.0357295 0.0639297 0.123396
9 0.965777 0.0144925 0.0322804 0.0283424 0.122863
6 0.355144 0.1168 0.662291 0.233599 0.121048
2 0.578843 0.171037 0.0591486 0.0525916 0.120478
7 0.284288 0.362056 0.164146 0.149036 0.119429
2 0.550292 0.379427 0.0889395 0.0678366 0.115993
5 0.990808 0.124845 0.0176735 0.0668608 0.11489
2 0.793383 0.153135 0.0315041 0.0376703 0.114848
5 0.990653 0.123934 0.0179543 0.0681139 0.113925
2 0.725202 0.101999 0.0434687 0.0417258 0.110211
9 0.965207 0.0141076 0.0318216 0.0274625 0.109559
2 0.746583 0.0991256 0.0664535 0.0380091 0.107673
9 0.868376 0.836709 0.0441664 0.105298 0.106793
2 0.555606 0.380396 0.0724796 0.0631958 0.105775
2 0.741986 0.0972788 0.061302 0.0355 0.10492
2 0.018292 0.24436 0.036584 0.0642592 0.104368
2 0.555897 0.380082 0.0802033 0.0656796 0.103873
0 0.855441 0.878449 0.0859026 0.202094 0.102014
6 0.271162 0.616082 0.542324 0.666974 0.10159
0 0.855304 0.86916 0.0857361 0.181042 0.100821
2 0.858642 0.150853 0.0518818 0.0459354 0.0992955
2 0.748294 0.0948383 0.0584265 0.0307745 0.0982873
2 0.857741 0.151047 0.0512306 0.0459006 0.0958591
2 0.0185294 0.243939 0.036986 0.0625753 0.0896552
7 0.283221 0.361453 0.163379 0.150823 0.08944
2 0.327651 0.407613 0.0994145 0.0775867 0.0877809
2 0.750185 0.0603912 0.028454 0.0294934 0.0873117
5 0.291017 0.360894 0.146712 0.148372 0.0867902
2 0.746927 0.0613742 0.0263556 0.0292377 0.0846081
2 0.721196 0.108268 0.0382875 0.0464548 0.0843027
2 0.743589 0.101876 0.0714027 0.0458796 0.0839618
9 0.86679 0.842844 0.0409645 0.0917488 0.0839162
2 0.72009 0.110551 0.0332615 0.0299876 0.0836174
0 0.865393 0.833845 0.0384312 0.10776 0.0831815
2 0.719712 0.11249 0.0337695 0.0320126 0.0831538
5 0.0342985 0.212012 0.0675169 0.0557279 0.082155
0 0.856906 0.884104 0.0901501 0.211559 0.0819557
0 0.855111 0.881299 0.0848305 0.202517 0.0812907
2 0.033024 0.205971 0.0613235 0.0435268 0.081226
0 0.863471 0.832197 0.0354576 0.103407 0.0810275
2 0.793258 0.148089 0.0314713 0.0464857 0.0808336
9 0.866207 0.834876 0.0408289 0.106212 0.0805501
2 0.748192 0.0628786 0.0282789 0.0310919 0.080225
2 0.79392 0.15417 0.0313283 0.0363827 0.0788178
2 0.318228 0.407393 0.0865777 0.0753647 0.0782726
2 0.319077 0.407277 0.0904004 0.0744928 0.0779857
0 0.855449 0.88004 0.0858261 0.204376 0.0774648
2 0.326628 0.406363 0.0999052 0.0759485 0.076743
6 0.439024 0.47618 0.873249 0.817266 0.0758454
2 0.239983 0.397421 0.0749418 0.0748042 0.0752113
6 0.278989 0.601375 0.557977 0.641137 0.0745668
0 0.990687 0.126905 0.0179485 0.0682461 0.0741016
2 0.0305555 0.199905 0.0574113 0.0310061 0.073791
5 0.453233 0.468077 0.888082 0.798504 0.0731821
2 0.794749 0.147038 0.034199 0.0488069 0.0726189
2 0.719174 0.109428 0.0337511 0.0328154 0.0724573
2 0.990817 0.125616 0.0176085 0.0660676 0.0716771
6 0.366747 0.119134 0.623375 0.238267 0.0715291
2 0.0325553 0.200784 0.0595978 0.0333807 0.0712102
2 0.806045 0.0135139 0.0311775 0.0265359 0.0708135
2 0.793519 0.149873 0.0309707 0.0430713 0.070246
0 0.855274 0.880726 0.0846996 0.2026 0.069006
6 0.241959 0.149369 0.479892 0.162573 0.0687292
0 0.855552 0.870339 0.0843918 0.184501 0.0685393
2 0.793991 0.15541 0.0313696 0.0376908 0.0668777
5 0.441198 0.468654 0.845341 0.796933 0.066828
2 0.987393 0.51148 0.0243292 0.075452 0.066568
2 0.553779 0.380253 0.0802346 0.0644534 0.0651261
2 0.754542 0.0495142 0.0304144 0.036592 0.0651074
0 0.865964 0.832829 0.0390545 0.107263 0.0646427
0 0.855264 0.8799 0.0844481 0.197581 0.0645399
0 0.857271 0.885528 0.0892649 0.219063 0.0643877
9 0.965624 0.0136459 0.0317677 0.0272918 0.0636866
5 0.421182 0.494634 0.832795 0.758185 0.0630412
2 0.990377 0.121646 0.0185776 0.0736778 0.0618726
2 0.740365 0.104012 0.0758425 0.0478303 0.0616268
2 0.804868 0.0139723 0.0315819 0.0271802 0.0609864
0 0.868219 0.835024 0.0493618 0.112667 0.0606077
2 0.0346788 0.216007 0.0690711 0.0674865 0.0600674
2 0.719805 0.114664 0.0322455 0.0265812 0.0578039
2 0.0171387 0.233984 0.0342775 0.0431976 0.0577008
2 0.0168239 0.234751 0.0335822 0.0454133 0.0576819
2 0.855747 0.151618 0.0497677 0.0452983 0.0575162
0 0.855369 0.868543 0.0846445 0.180033 0.0573456
6 0.340681 0.128846 0.674239 0.21577 0.0569193
0 0.857506 0.885105 0.0904652 0.217889 0.0567134
2 0.239874 0.397354 0.074558 0.0733275 0.0555451
2 0.794052 0.152727 0.0317114 0.0421136 0.0550313
2 0.22067 0.158522 0.0383674 0.0387968 0.0544685
2 0.747879 0.0623204 0.0288067 0.0297627 0.0536173
2 0.856487 0.151853 0.0462944 0.0469872 0.0535177
6 0.275359 0.597005 0.550719 0.611329 0.0514723
2 0.75136 0.0514632 0.0323872 0.0406512 0.0513445
2 0.551126 0.379625 0.0867284 0.068878 0.0511687
2 0.805906 0.0128837 0.0310759 0.0257674 0.0505801
2 0.862613 0.151395 0.0423235 0.0417891 0.0489491
2 0.860783 0.151372 0.0471317 0.0420561 0.0489058
2 0.754745 0.0571787 0.0387019 0.0380436 0.0485791
2 0.250161 0.39718 0.0946024 0.0790573 0.0481844
0 0.856992 0.884776 0.090799 0.213112 0.048178
0 0.867172 0.834767 0.0493725 0.113942 0.0477925
2 0.220746 0.15632 0.0373585 0.0395598 0.0472915
2 0.987678 0.521098 0.023645 0.055936 0.0467834
2 0.793733 0.155916 0.0322128 0.038436 0.0463607
2 0.283611 0.37359 0.163948 0.125311 0.045869
2 0.989687 0.123821 0.0199558 0.0703265 0.0451754
2 0.0357356 0.208894 0.0625792 0.0490724 0.0447474
2 0.21589 0.158922 0.0487077 0.0389723 0.0446865
2 0.806243 0.0134644 0.0318553 0.026854 0.0433128
2 0.989553 0.123825 0.0201752 0.0716328 0.0422092
2 0.858012 0.151457 0.0442261 0.045072 0.0420458
2 0.856472 0.151213 0.0461918 0.046767 0.0420406
6 0.234991 0.150489 0.46655 0.170356 0.0417905
2 0.415775 0.0854845 0.0533228 0.0377102 0.0412492
6 0.290708 0.607012 0.581417 0.633779 0.0408023
0 0.0566468 0.21508 0.0218548 0.0438794 0.0405579
9 0.868124 0.849284 0.0425964 0.0817852 0.0405345
9 0.965498 0.0139596 0.0319136 0.0279192 0.0403512
2 0.0183882 0.235022 0.0367764 0.0475314 0.0400643
2 0.858348 0.151134 0.0452381 0.0446962 0.0396706
0 0.866224 0.838119 0.0609875 0.118306 0.0392532
2 0.416642 0.0853986 0.0552914 0.0380329 0.038925
2 0.80527 0.013149 0.0322815 0.0262979 0.0384252
6 0.171808 0.179434 0.138302 0.078462 0.0381905
5 0.469719 0.484675 0.912218 0.909138 0.0376691
2 0.989531 0.121838 0.0200953 0.0733726 0.0376264
2 0.214553 0.159321 0.0518447 0.042394 0.0373918
2 0.500721 0.0526282 0.0362299 0.0308408 0.0362981
2 0.219439 0.158121 0.0402403 0.0382156 0.0358491
2 0.805865 0.013339 0.0296444 0.0266779 0.0356495
2 0.990822 0.12179 0.017511 0.0706562 0.0351876
6 0.451649 0.420224 0.858528 0.795252 0.0351551
2 0.794121 0.146957 0.0331276 0.051455 0.0349923
5 0.085443 0.177357 0.0437749 0.095592 0.034852
0 0.0859175 0.179369 0.0423182 0.090976 0.0345377
2 0.850003 0.157087 0.0413643 0.0521849 0.0343845
9 0.866966 0.846091 0.0403902 0.0904459 0.0342167
6 0.174088 0.179689 0.134448 0.0780799 0.0341587
6 0.481 0.421179 0.852199 0.775437 0.0340346
9 0.966793 0.0143487 0.0353537 0.0283464 0.0332448
2 0.220988 0.155984 0.0358532 0.0380637 0.0331622
6 0.408567 0.504935 0.799859 0.763154 0.033105
6 0.171011 0.179432 0.13666 0.0774886 0.0328335
2 0.800286 0.135305 0.043481 0.0630341 0.0327817
6 0.241112 0.145688 0.469923 0.172248 0.0327651
2 0.499926 0.0540193 0.0358032 0.0321368 0.0326531
2 0.79437 0.156375 0.0308039 0.0375243 0.0324785
2 0.718827 0.113796 0.0337657 0.0294369 0.0322728
2 0.726108 0.10482 0.0473269 0.0425789 0.0315137
2 0.988519 0.522903 0.0221973 0.0506769 0.0313241
2 0.987203 0.500074 0.0248936 0.0993507 0.0311354
2 0.317003 0.406862 0.0839971 0.0777203 0.0308776
6 0.171585 0.179596 0.137719 0.0797004 0.0307514
2 0.988062 0.525147 0.0228163 0.0460434 0.0300706
6 0.404465 0.113596 0.553718 0.227192 0.0299656
2 0.277078 0.126656 0.0281697 0.0307445 0.0295368
9 0.171901 0.0193556 0.0281537 0.0383085 0.0295087
6 0.565958 0.0425858 0.239966 0.0851715 0.0292807
2 0.740465 0.103475 0.0760414 0.0505286 0.0291306
2 0.679327 0.283888 0.0825619 0.0673682 0.0286393
2 0.555202 0.381689 0.0703967 0.0593709 0.0279343
0 0.863487 0.851292 0.0693977 0.144456 0.0278111
2 0.721141 0.10668 0.0376196 0.0400893 0.0272577
2 0.552302 0.381114 0.0840532 0.064304 0.0271457
2 0.276573 0.131477 0.032279 0.0401222 0.0271034
2 0.219724 0.159072 0.0414616 0.0395777 0.0268503
0 0.0486739 0.213357 0.0353753 0.0530328 0.0267788
2 0.740824 0.0614816 0.0242937 0.0296318 0.0266965
2 0.79976 0.135102 0.0424669 0.0551339 0.0265544
6 0.571775 0.0406305 0.226581 0.0812609 0.0262697
5 0.311166 0.359197 0.105871 0.144748 0.0258161
5 0.315263 0.338526 0.095102 0.104552 0.0256283
2 0.417473 0.0826014 0.0517257 0.0326857 0.025621
6 0.445049 0.506956 0.870251 0.872878 0.0252393
0 0.989288 0.125939 0.0207655 0.0722228 0.0251851
0 0.087086 0.178229 0.0437974 0.0896993 0.0251128
2 0.025117 0.243387 0.0502341 0.0634873 0.0248897
0 0.854711 0.888816 0.0835808 0.182479 0.0247795
0 0.769728 0.0461181 0.0134249 0.0243943 0.024625
0 0.870265 0.837751 0.0560169 0.117135 0.0243701
6 0.569047 0.0404928 0.220814 0.0809855 0.0239696
6 0.349708 0.130813 0.695464 0.224335 0.0238589
5 0.621296 0.328987 0.219959 0.170722 0.0237759
0 0.0853964 0.178977 0.0401704 0.0877513 0.0234827
2 0.158229 0.18256 0.0984386 0.0632269 0.0233752
5 0.129935 0.170232 0.133244 0.106052 0.0231781
2 0.0116043 0.202285 0.0228722 0.0272835 0.0221981
2 0.684016 0.284002 0.0749434 0.0700872 0.0221393
2 0.988314 0.518484 0.0227016 0.0605806 0.0220802
0 0.0561387 0.221009 0.0227562 0.0324158 0.0220382
9 0.173047 0.0433694 0.0207238 0.0698766 0.0219279
5 0.0856376 0.179414 0.0422199 0.0916195 0.0218514
2 0.696191 0.285569 0.0419509 0.0519512 0.0217033
0 0.458686 0.410186 0.0186861 0.0246978 0.0216364
2 0.149429 0.1868 0.0902567 0.0592219 0.0213054
0 0.582367 0.0296157 0.0121742 0.0203319 0.0212707
2 0.213343 0.160887 0.0560449 0.0442724 0.0211668
