2 0.469783 0.306111 0.0889124 0.0517312 0.853751
2 0.694659 0.481112 0.157908 0.107409 0.845145
2 0.189961 0.324164 0.0956102 0.0600356 0.824623
2 0.47002 0.306054 0.0895106 0.052387 0.823795
2 0.694671 0.481171 0.157633 0.107245 0.818768
2 0.694699 0.481402 0.157335 0.106388 0.818486
2 0.694482 0.481437 0.157462 0.107049 0.815466
2 0.470305 0.30597 0.0896171 0.0528164 0.812415
2 0.694665 0.481162 0.158018 0.106867 0.809633
2 0.310804 0.303292 0.0852575 0.0622734 0.807803
2 0.311008 0.303161 0.0857924 0.0610728 0.806194
2 0.310605 0.303304 0.0855084 0.062571 0.801941
2 0.470711 0.306653 0.090826 0.05242 0.801752
2 0.310527 0.303278 0.0852684 0.0619315 0.800537
2 0.310368 0.303379 0.0849294 0.062307 0.79925
2 0.470533 0.306187 0.0902576 0.0528944 0.797889
2 0.0216085 0.517284 0.043217 0.237313 0.795548
2 0.310926 0.302748 0.0855078 0.0603554 0.795323
2 0.694348 0.481133 0.157805 0.10712 0.790125
2 0.189436 0.324545 0.0956191 0.0588102 0.786188
2 0.904119 0.335247 0.0927544 0.0552891 0.783286
2 0.471126 0.306036 0.089559 0.05199 0.781806
2 0.18902 0.324196 0.0944211 0.0593479 0.781372
2 0.904101 0.335421 0.0928978 0.0545908 0.780989
2 0.18943 0.324148 0.0950049 0.0590412 0.780188
2 0.694697 0.481069 0.157884 0.107068 0.77619
2 0.189852 0.324488 0.0956559 0.0600612 0.769334
2 0.189062 0.324186 0.0955387 0.0590818 0.766509
2 0.694994 0.480913 0.157438 0.10539 0.76611
2 0.903731 0.335343 0.0930519 0.055054 0.75815
0 0.221583 0.643508 0.035253 0.123417 0.756426
0 0.221604 0.643322 0.0351925 0.122899 0.755902
2 0.904294 0.335113 0.092338 0.0553055 0.749045
2 0.470316 0.306468 0.0898836 0.0510549 0.748544
2 0.903932 0.335244 0.0935478 0.0561147 0.740515
2 0.4698 0.306288 0.0884186 0.0519077 0.740347
2 0.190012 0.324409 0.095511 0.0602549 0.732318
2 0.6946 0.48133 0.157124 0.107206 0.729263
2 0.310595 0.302964 0.0859774 0.061269 0.72356
0 0.221517 0.643427 0.0352822 0.124282 0.723007
2 0.310868 0.303423 0.0858195 0.0615751 0.702377
0 0.220786 0.642472 0.0353458 0.120749 0.698338
2 0.903744 0.33544 0.0934801 0.0550992 0.698039
2 0.190469 0.324524 0.095667 0.059221 0.691491
2 0.69449 0.481238 0.158061 0.107229 0.689004
2 0.470056 0.306119 0.0875935 0.0520469 0.685416
2 0.467643 0.306187 0.0831991 0.0519876 0.671269
2 0.0216054 0.517268 0.0432108 0.237054 0.662578
2 0.903521 0.335529 0.0939497 0.0563077 0.654056
2 0.0209388 0.518124 0.0417466 0.235367 0.64151
0 0.221945 0.645079 0.0362869 0.126637 0.631452
2 0.0208372 0.516265 0.041558 0.234129 0.615205
2 0.310846 0.302898 0.0847882 0.059807 0.609142
2 0.0208079 0.516245 0.0415253 0.234238 0.606619
2 0.115387 0.419912 0.134199 0.0923947 0.576564
0 0.221 0.642628 0.0363593 0.122125 0.568824
2 0.115837 0.420025 0.13573 0.0926336 0.567072
2 0.0212398 0.516862 0.0423668 0.235343 0.566012
2 0.0210416 0.516748 0.0420198 0.233183 0.558929
2 0.0206706 0.515878 0.0412924 0.234815 0.551318
2 0.115499 0.419955 0.137085 0.0931756 0.53649
2 0.903925 0.335105 0.092618 0.0540359 0.527692
0 0.221998 0.643718 0.0344786 0.123099 0.52451
2 0.0717985 0.323018 0.0825791 0.0557281 0.515048
2 0.11572 0.420553 0.135446 0.0925772 0.511446
2 0.115316 0.420323 0.136866 0.0946195 0.504097
2 0.115774 0.419795 0.134892 0.0921569 0.497863
2 0.115609 0.419998 0.134073 0.0921736 0.491571
2 0.191474 0.324116 0.0988916 0.0603168 0.490942
0 0.221213 0.640656 0.0339554 0.117372 0.489087
2 0.904 0.335056 0.0936565 0.0552718 0.486266
2 0.0209254 0.518813 0.0417287 0.236979 0.484886
2 0.115374 0.420364 0.136074 0.0939775 0.463906
2 0.115304 0.42056 0.132963 0.0920421 0.463816
2 0.189764 0.323766 0.0930497 0.0597345 0.450301
2 0.0721909 0.322112 0.0819348 0.0521299 0.444642
2 0.0719146 0.322921 0.0832142 0.055004 0.427067
2 0.0725472 0.323282 0.0819559 0.0562278 0.41413
2 0.312097 0.302462 0.0823451 0.0596921 0.398357
2 0.0727045 0.322951 0.0788866 0.0525304 0.397721
2 0.0729107 0.323934 0.0831008 0.0569726 0.382343
2 0.470584 0.306267 0.0884055 0.052266 0.377488
2 0.115478 0.419996 0.13634 0.0924878 0.352923
2 0.0684097 0.321786 0.0747356 0.0505221 0.311247
0 0.11345 0.821443 0.0398553 0.159278 0.294358
0 0.742186 0.286934 0.0221512 0.0529893 0.287471
0 0.74222 0.286295 0.0224791 0.0517494 0.287269
0 0.220965 0.645348 0.0343789 0.114558 0.28521
0 0.742797 0.285175 0.0222084 0.0517655 0.270979
2 0.0704625 0.322046 0.0769326 0.0489811 0.25153
0 0.113082 0.823667 0.0412304 0.163787 0.249378
0 0.220962 0.646106 0.0355972 0.117188 0.240813
0 0.740929 0.287371 0.0215746 0.0537196 0.21916
0 0.727369 0.285717 0.0165108 0.0464898 0.201653
2 0.903575 0.335432 0.0943054 0.0549382 0.198767
2 0.01401 0.321556 0.02802 0.0454954 0.189727
2 0.311611 0.302728 0.0842395 0.0605618 0.180541
2 0.83992 0.242397 0.0204308 0.0219256 0.175799
2 0.0716108 0.322262 0.0824827 0.0517523 0.164673
2 0.0614073 0.322809 0.0628199 0.0462101 0.161236
2 0.694719 0.4815 0.157379 0.104836 0.159661
2 0.904013 0.335312 0.0939232 0.0549817 0.144187
0 0.730344 0.28673 0.0150848 0.0480374 0.139981
2 0.0625577 0.326174 0.0625306 0.0414213 0.135073
2 0.014099 0.32018 0.0280759 0.0473752 0.133281
2 0.0132969 0.320266 0.0264766 0.0478627 0.132587
0 0.736795 0.288206 0.0186363 0.0504916 0.132223
0 0.221856 0.643454 0.0356859 0.123543 0.132213
2 0.0129955 0.321748 0.0259692 0.0454099 0.131497
2 0.0138293 0.320716 0.0274612 0.0471559 0.13023
0 0.728832 0.284333 0.016976 0.0467383 0.125599
0 0.0610298 0.671225 0.0292324 0.0951332 0.122366
2 0.0125728 0.322147 0.0250482 0.0449422 0.121131
0 0.739394 0.288377 0.0209297 0.0538126 0.118609
2 0.0150231 0.320855 0.029833 0.0476854 0.11829
0 0.211449 0.294479 0.0193655 0.0289824 0.117679
0 0.739335 0.289258 0.020393 0.0547512 0.115662
9 0.0831285 0.184408 0.0127355 0.0242173 0.115655
2 0.0137695 0.321876 0.0275389 0.046136 0.107501
0 0.0612095 0.671784 0.0295008 0.0930405 0.104753
0 0.212883 0.294404 0.0167915 0.0280155 0.102055
0 0.754569 0.288992 0.0106266 0.0309605 0.0996953
2 0.885306 0.24956 0.0654095 0.0476181 0.0993914
2 0.839559 0.242014 0.0231308 0.0232504 0.0973577
0 0.242657 0.278491 0.0118293 0.0244017 0.0969049
2 0.0726529 0.326262 0.0797054 0.0573997 0.0948633
0 0.222049 0.643432 0.0354656 0.123282 0.092666
0 0.0505761 0.670986 0.0512102 0.0936035 0.0912207
2 0.885668 0.249788 0.0668051 0.0483652 0.0910729
2 0.829601 0.241337 0.045108 0.0248122 0.090894
2 0.0609318 0.32888 0.0610696 0.0351324 0.0898591
0 0.0376869 0.708984 0.0745134 0.171962 0.0847329
2 0.884894 0.250894 0.0641834 0.048902 0.0814229
0 0.0619092 0.673142 0.0278496 0.0928329 0.081132
0 0.0453813 0.67121 0.0605713 0.0931041 0.0790952
0 0.220248 0.641102 0.0357868 0.121826 0.0776176
2 0.883858 0.251572 0.0630573 0.0493622 0.0771132
2 0.884614 0.252409 0.0648411 0.0498235 0.0750708
0 0.037851 0.709288 0.0750877 0.170591 0.0750153
0 0.760893 0.290451 0.020822 0.0312614 0.0747908
2 0.694928 0.480671 0.156957 0.105682 0.072465
0 0.03902 0.708965 0.0771467 0.169511 0.071324
0 0.0603209 0.672145 0.0304934 0.0938158 0.0703729
9 0.0832342 0.185846 0.0137472 0.0284643 0.0702848
0 0.0379405 0.708961 0.0751258 0.171309 0.0688396
0 0.740232 0.286603 0.0221601 0.0558334 0.0686904
2 0.884387 0.251343 0.064064 0.0474525 0.0678428
0 0.0394188 0.708736 0.0746506 0.169972 0.0662011
2 0.4701 0.305739 0.0886177 0.0509645 0.0623635
1 0.0932932 0.332433 0.0359946 0.0504871 0.061145
0 0.0854251 0.251573 0.0136728 0.0386476 0.0603611
0 0.0857096 0.252437 0.0160407 0.0416657 0.0602988
0 0.210705 0.293963 0.0198007 0.030456 0.0591567
0 0.768432 0.291491 0.0267544 0.0349533 0.0554842
0 0.0414538 0.669864 0.0679319 0.0918325 0.0553767
2 0.885316 0.251309 0.0668922 0.0502016 0.0549006
0 0.21251 0.293762 0.0187227 0.0296784 0.0544326
2 0.905291 0.24963 0.105469 0.0514185 0.0527831
0 0.0854851 0.25139 0.0156019 0.0384004 0.0520779
0 0.0377424 0.6695 0.0730287 0.0914356 0.0519743
0 0.0860157 0.252163 0.0149854 0.0390208 0.0514553
24 0.22659 0.629592 0.0217557 0.0477783 0.0507579
0 0.19557 0.292954 0.0149947 0.0218781 0.0495312
0 0.242046 0.27744 0.0128623 0.0241995 0.0491677
2 0.11528 0.400801 0.133046 0.0562574 0.0485019
36 0.112566 0.824319 0.042578 0.164447 0.0482824
0 0.0616875 0.671182 0.0274847 0.091176 0.0480691
2 0.823965 0.235609 0.0525444 0.0330273 0.0472334
0 0.0372798 0.709258 0.0744357 0.169741 0.0465577
2 0.260467 0.789989 0.520935 0.232724 0.0463205
0 0.11252 0.824057 0.041696 0.164843 0.0430992
0 0.215108 0.292632 0.0140083 0.0262259 0.0423318
2 0.470102 0.305887 0.0905706 0.0542169 0.0412509
0 0.105454 0.763973 0.0184132 0.0466626 0.0408256
0 0.767146 0.290912 0.025169 0.028526 0.0403152
2 0.109977 0.432286 0.130228 0.0683229 0.0399524
0 0.723743 0.284855 0.0208763 0.041972 0.0396871
0 0.106075 0.768419 0.020195 0.0545225 0.0392493
0 0.713761 0.280554 0.0129478 0.03757 0.0387917
0 0.0111619 0.74538 0.0223238 0.109714 0.0387241
2 0.114807 0.420439 0.133348 0.0923721 0.038524
9 0.716113 0.223764 0.0138927 0.0275837 0.0379028
2 0.260385 0.789642 0.520335 0.236051 0.0378275
2 0.074413 0.323181 0.0778974 0.054541 0.0376702
2 0.883945 0.253285 0.0632263 0.049705 0.0373336
3 0.0139491 0.322058 0.0278982 0.0495525 0.037271
0 0.720535 0.279725 0.0184661 0.0454911 0.036998
0 0.725104 0.287207 0.0184469 0.0417911 0.03687
0 0.0872879 0.252624 0.0161579 0.0397354 0.0361564
0 0.113811 0.770013 0.0346624 0.0581167 0.035198
2 0.883816 0.252922 0.0637516 0.0494315 0.0347679
0 0.216268 0.295237 0.0254027 0.0283503 0.0347105
2 0.902217 0.250719 0.0999578 0.0509276 0.0345919
2 0.826078 0.236558 0.0486902 0.0304943 0.0345581
0 0.0867448 0.252185 0.0165878 0.0393085 0.0340601
0 0.0380828 0.669517 0.0721892 0.09327 0.0339361
2 0.904337 0.33529 0.092815 0.0561783 0.0335807
0 0.748794 0.283917 0.01954 0.0425058 0.0335566
2 0.260173 0.790326 0.520347 0.237427 0.0333667
0 0.113326 0.771274 0.0338243 0.0599237 0.0330376
0 0.0617295 0.671765 0.027155 0.0932911 0.0330249
0 0.600857 0.264746 0.0178296 0.0479904 0.0328017
0 0.0629514 0.673911 0.0256399 0.090624 0.0327042
0 0.0454106 0.671234 0.0580068 0.0935614 0.0319563
2 0.943948 0.225395 0.0176104 0.0211527 0.0316575
2 0.259974 0.78915 0.51974 0.229419 0.0311175
2 0.274994 0.779998 0.492955 0.209955 0.0310853
2 0.989151 0.243096 0.020895 0.0306381 0.0308008
0 0.768057 0.291866 0.0261227 0.0289157 0.0307151
0 0.0943781 0.325689 0.0360615 0.0553202 0.0300591
2 0.893307 0.228401 0.0387199 0.0157049 0.0300527
2 0.26038 0.787762 0.52076 0.22409 0.0299911
0 0.724845 0.288397 0.0192125 0.0428267 0.0298106
0 0.0140574 0.724372 0.0281147 0.150878 0.0295646
2 0.264902 0.790279 0.512343 0.236073 0.0293084
2 0.0364729 0.318531 0.0726245 0.053908 0.0291208
2 0.8226 0.235707 0.0382442 0.0317188 0.0291112
0 0.602312 0.265257 0.0204849 0.0469605 0.0288536
2 0.885407 0.23256 0.0583042 0.0176554 0.0288185
2 0.827006 0.238855 0.0484974 0.0292261 0.0287029
9 0.122625 0.221594 0.0188588 0.0294565 0.0286729
2 0.840216 0.240319 0.0217232 0.0263966 0.0286039
0 0.0612558 0.671762 0.0280775 0.0922764 0.0285551
2 0.114746 0.399315 0.130413 0.0517922 0.0281966
2 0.269767 0.775391 0.502199 0.198871 0.0277222
9 0.716541 0.224894 0.0138515 0.0252647 0.0273693
24 0.22411 0.630867 0.0273519 0.0505795 0.027169
2 0.90334 0.248879 0.101436 0.0527939 0.0271014
2 0.116691 0.399785 0.131121 0.0540352 0.0270837
0 0.0438219 0.671543 0.060416 0.0949127 0.0269997
9 0.0843559 0.184727 0.0141875 0.0271698 0.0256736
0 0.599529 0.264607 0.0206333 0.0492878 0.025355
0 0.713822 0.276463 0.01583 0.0481967 0.0251709
2 0.0706103 0.322382 0.0867862 0.0540702 0.0251643
2 0.903286 0.225785 0.0193113 0.0183748 0.0249605
0 0.00504242 0.282433 0.00987688 0.0366433 0.0246594
0 0.0943893 0.327593 0.0365899 0.0580731 0.0246284
2 0.988008 0.245837 0.0230293 0.0356199 0.0238895
9 0.122398 0.22169 0.0188595 0.0291613 0.0238611
2 0.0667561 0.321499 0.0749276 0.0509042 0.0238545
0 0.0865278 0.253431 0.0157696 0.042848 0.0232461
0 0.428268 0.607132 0.0178226 0.0823516 0.0229204
1 0.0928311 0.339243 0.035246 0.0400393 0.0228443
0 0.038391 0.26597 0.0126634 0.0260714 0.0225411
2 0.885615 0.230653 0.0541252 0.0166097 0.0225176
2 0.894999 0.24914 0.0828392 0.0460799 0.0223915
2 0.415768 0.485198 0.0338862 0.0186497 0.0219217
2 0.286313 0.784221 0.470401 0.220743 0.0217101
0 0.768687 0.29335 0.0291267 0.0317374 0.0216138
2 0.0223935 0.320445 0.0437646 0.0500735 0.0215188
0 0.109656 0.76952 0.0264754 0.0547617 0.0213671
0 0.00465647 0.279934 0.00919515 0.0377475 0.0210385
2 0.0096437 0.324628 0.0192874 0.0440951 0.0209705
0 0.0361653 0.708661 0.0723305 0.170837 0.0209069
0 0.09539 0.323578 0.0357119 0.052764 0.020808
9 0.943769 0.225227 0.0189081 0.0222957 0.0207129
0 0.0401097 0.272119 0.0133193 0.0394276 0.0206361
2 0.0216264 0.517083 0.0432528 0.235295 0.0203839
0 0.105197 0.763811 0.0174881 0.0456471 0.0202071
36 0.112447 0.824135 0.0429577 0.165234 0.0202047
0 0.601372 0.265358 0.0198736 0.0476281 0.020078
0 0.599482 0.265192 0.0221309 0.0485705 0.0197924
2 0.114743 0.438483 0.130859 0.0579859 0.0197559
0 0.087396 0.252263 0.0175239 0.041426 0.0196119
0 0.0380209 0.71043 0.0754684 0.168721 0.0196001
0 0.42838 0.59884 0.0168766 0.0639954 0.0191279
0 0.0322001 0.708736 0.064229 0.171849 0.0190064
2 0.122201 0.399159 0.122822 0.0546263 0.0189137
3 0.0946233 0.329774 0.0368746 0.0560402 0.0183878
2 0.8208 0.236026 0.0464273 0.0309812 0.0182312
2 0.896905 0.251607 0.0390617 0.0423985 0.0177922
0 0.0409207 0.272376 0.0134287 0.038892 0.0176774
0 0.0123991 0.737579 0.0247981 0.117063 0.017491
2 0.883611 0.233966 0.0541977 0.0193609 0.0174423
9 0.209293 0.146719 0.0108952 0.02627 0.0173926
0 0.0116058 0.717275 0.0232117 0.155627 0.01734
2 0.99096 0.255176 0.0174461 0.0524479 0.0171566
0 0.0371943 0.71018 0.0743887 0.173684 0.0170609
2 0.98022 0.256286 0.0389103 0.0559765 0.0169583
0 0.0140135 0.709562 0.0280113 0.168624 0.0168245
2 0.988144 0.242259 0.0225155 0.0341269 0.0167006
0 0.394514 0.813395 0.0197812 0.0285484 0.016565
2 0.939968 0.224563 0.0279411 0.0228548 0.0164918
0 0.716735 0.267743 0.013063 0.0522401 0.0164496
0 0.0641585 0.675745 0.0254782 0.0911736 0.0163744
0 0.760256 0.292761 0.0372427 0.0367165 0.0163248
2 0.415373 0.485072 0.0340241 0.0165156 0.0163057
0 0.68594 0.463038 0.0272278 0.0295603 0.0162119
0 0.711829 0.276751 0.0152885 0.0434544 0.0161562
2 0.994063 0.267144 0.0111938 0.0326983 0.0160729
0 0.59946 0.264917 0.0215536 0.0490731 0.0160279
0 0.0489615 0.667403 0.0467185 0.0846054 0.0157855
9 0.208555 0.149269 0.0108262 0.0292454 0.0157644
2 0.817293 0.235757 0.036083 0.0319397 0.0157394
2 0.0138492 0.308897 0.0276984 0.0726098 0.0156945
2 0.902912 0.249558 0.101018 0.0515833 0.0156452
2 0.988557 0.252856 0.0224541 0.0561533 0.0155331
0 0.0118034 0.741382 0.0235679 0.109579 0.0155137
0 0.112986 0.77139 0.0327998 0.0589706 0.0153575
2 0.413512 0.483941 0.0435912 0.0251513 0.0153212
