5 0.318862 0.283044 0.366857 0.133004 0.892987
5 0.319192 0.283162 0.364813 0.133036 0.892482
5 0.656496 0.277504 0.251867 0.12194 0.887391
5 0.319682 0.282402 0.364457 0.133439 0.873274
5 0.655415 0.277719 0.25373 0.120559 0.864489
5 0.319441 0.283316 0.364715 0.132497 0.859816
5 0.319075 0.283156 0.366366 0.132268 0.858684
5 0.655411 0.27802 0.252999 0.121132 0.850482
5 0.318679 0.282094 0.367101 0.133724 0.843878
5 0.655571 0.278111 0.253345 0.119879 0.834519
5 0.65557 0.277597 0.253094 0.120629 0.833028
5 0.318731 0.28341 0.364621 0.132689 0.816937
5 0.655119 0.277712 0.252306 0.122188 0.810807
5 0.319319 0.283182 0.366696 0.133135 0.809443
5 0.320063 0.281911 0.365782 0.134539 0.807375
5 0.655526 0.277764 0.253067 0.120566 0.802716
5 0.905117 0.278704 0.188193 0.11419 0.799582
5 0.906192 0.278273 0.186836 0.115633 0.794974
5 0.904729 0.278438 0.188503 0.113321 0.791581
5 0.90503 0.278563 0.188805 0.115068 0.787012
5 0.904633 0.278596 0.188511 0.11476 0.750941
5 0.316078 0.281912 0.359659 0.135506 0.743908
5 0.655291 0.277287 0.252545 0.121209 0.72952
5 0.654914 0.278276 0.253177 0.121894 0.721267
5 0.904317 0.278552 0.188994 0.114163 0.717984
0 0.0672804 0.609123 0.0368084 0.133231 0.714915
0 0.0669999 0.609744 0.036014 0.131889 0.710911
0 0.067047 0.610213 0.0358596 0.134108 0.709792
0 0.0673034 0.60902 0.0357854 0.13194 0.706863
0 0.0673334 0.609791 0.0357222 0.131775 0.70341
5 0.655628 0.277057 0.253159 0.120754 0.690143
0 0.0674843 0.608897 0.0360473 0.131558 0.684148
0 0.124859 0.637179 0.0292652 0.0796019 0.661473
0 0.125068 0.637186 0.0289387 0.0793892 0.65931
5 0.905089 0.278609 0.18875 0.115522 0.65888
0 0.0678621 0.61181 0.0366565 0.127625 0.656192
0 0.124796 0.638374 0.0286887 0.0795226 0.646172
0 0.125109 0.636267 0.0283867 0.0782267 0.63182
5 0.65508 0.277679 0.253157 0.122429 0.621636
0 0.124901 0.63764 0.0291137 0.0812069 0.610263
0 0.0672515 0.612143 0.0360033 0.126924 0.583826
0 0.124975 0.636042 0.0291708 0.0788906 0.53862
5 0.905448 0.278168 0.187974 0.114782 0.536393
5 0.905745 0.279041 0.185062 0.113998 0.52514
0 0.123961 0.636316 0.0316921 0.0808117 0.521193
0 0.154642 0.619343 0.0328984 0.107546 0.519162
0 0.15454 0.619516 0.0337436 0.108498 0.514051
0 0.375187 0.624125 0.0283252 0.115911 0.493301
0 0.154648 0.618647 0.0325281 0.106854 0.488075
0 0.123657 0.636003 0.03275 0.0810156 0.464423
5 0.904791 0.27899 0.189635 0.11501 0.450834
0 0.156512 0.620858 0.0273522 0.101743 0.424343
0 0.0681094 0.610724 0.0360403 0.130271 0.417448
0 0.154435 0.618678 0.0323919 0.105723 0.412418
0 0.124641 0.636062 0.0333461 0.0809196 0.377408
0 0.154704 0.619758 0.0312904 0.106893 0.376777
0 0.375639 0.628229 0.0273662 0.125288 0.338876
0 0.154627 0.618943 0.0325094 0.106505 0.305329
0 0.375022 0.6173 0.027984 0.100844 0.289306
0 0.375099 0.623535 0.0284907 0.11441 0.279229
5 0.906825 0.279412 0.183936 0.114432 0.272052
0 0.124912 0.640485 0.0294011 0.0767919 0.269934
0 0.375481 0.628671 0.0272047 0.128469 0.248837
0 0.124475 0.64107 0.0290633 0.0746565 0.245813
0 0.375032 0.615854 0.0281711 0.0973295 0.216394
0 0.153581 0.620144 0.0312455 0.1059 0.20852
0 0.153389 0.620376 0.0335217 0.10269 0.204866
0 0.375458 0.625192 0.0297117 0.118051 0.200114
2 0.122516 0.348607 0.0853597 0.0400082 0.18411
0 0.375373 0.626199 0.0289298 0.120543 0.183895
0 0.37494 0.628268 0.0301404 0.125279 0.179234
0 0.12474 0.634715 0.0274831 0.0765081 0.176036
2 0.121842 0.351128 0.0798881 0.0401033 0.174607
0 0.0489587 0.307254 0.019139 0.0541846 0.172804
2 0.121712 0.349278 0.084513 0.0397952 0.169033
2 0.0156364 0.304747 0.0310869 0.0465922 0.160195
0 0.15838 0.626087 0.022334 0.090694 0.158528
0 0.154493 0.619033 0.0322689 0.10327 0.157495
0 0.375093 0.611057 0.0279814 0.0877972 0.156455
2 0.119179 0.349951 0.0748794 0.0371618 0.15111
2 0.0149362 0.304531 0.0298725 0.0468791 0.150412
2 0.12295 0.350651 0.0869008 0.042311 0.148272
5 0.655642 0.277917 0.252651 0.121461 0.146464
2 0.0145163 0.304057 0.0289747 0.0464396 0.146095
0 0.965254 0.342445 0.0301407 0.0658819 0.145848
2 0.0153084 0.304077 0.0304242 0.0457493 0.144973
2 0.124237 0.3513 0.0840701 0.0416772 0.143318
0 0.964699 0.341582 0.0349018 0.0684986 0.139016
0 0.966004 0.343881 0.0283295 0.0599656 0.138439
2 0.121875 0.351289 0.0844541 0.0435296 0.134382
5 0.238046 0.286457 0.206479 0.12497 0.12988
2 0.0148862 0.303793 0.0297233 0.0464685 0.126007
2 0.0721186 0.307665 0.0641214 0.0524884 0.122522
2 0.0714096 0.309628 0.0665063 0.0480335 0.121539
0 0.990371 0.339612 0.01842 0.0688938 0.119852
0 0.374865 0.626969 0.0293499 0.121377 0.118257
0 0.988426 0.337468 0.0223694 0.072278 0.118136
0 0.126188 0.635708 0.033254 0.0814047 0.11606
2 0.121987 0.348165 0.0763527 0.0346921 0.114774
2 0.119128 0.346672 0.0713442 0.030899 0.112096
2 0.124133 0.347603 0.0811787 0.0354657 0.110544
0 0.44569 0.263734 0.0161919 0.0340765 0.109944
5 0.238061 0.287214 0.203245 0.12659 0.107999
2 0.829198 0.207154 0.0529726 0.0273621 0.107258
0 0.964462 0.340458 0.0323057 0.0690462 0.107134
2 0.82883 0.207147 0.0540974 0.0272579 0.105555
0 0.965255 0.338116 0.0342758 0.0704118 0.105335
0 0.483341 0.684693 0.031596 0.141093 0.104389
0 0.964664 0.34248 0.0365143 0.0734461 0.104142
2 0.014439 0.304442 0.0287572 0.0454613 0.103537
2 0.0808509 0.312904 0.0476371 0.0394742 0.102838
0 0.964995 0.340174 0.0356346 0.0725187 0.101678
0 0.124748 0.633891 0.0283808 0.072417 0.101261
2 0.069611 0.308099 0.069473 0.0537305 0.100305
0 0.0487906 0.307394 0.0194772 0.0532213 0.097277
2 0.0695863 0.307874 0.0685706 0.0543133 0.0929828
0 0.987845 0.335234 0.0235838 0.0756092 0.0925177
0 0.374692 0.608607 0.027666 0.0836667 0.0921521
5 0.910856 0.277693 0.177105 0.114689 0.0892759
0 0.446126 0.265118 0.0152616 0.0335246 0.0881531
2 0.829076 0.207852 0.0534534 0.0266241 0.0877883
0 0.482699 0.68577 0.0318176 0.143644 0.0835872
0 0.374777 0.627906 0.0291405 0.123637 0.0815132
0 0.0493866 0.307693 0.0204257 0.0539957 0.076956
2 0.119556 0.354954 0.0843326 0.0513805 0.0742011
2 0.121507 0.354857 0.0819247 0.0475513 0.0736199
2 0.0885542 0.316414 0.0326963 0.0282628 0.0713469
0 0.050992 0.30776 0.0238825 0.0535841 0.0700431
0 0.154524 0.608938 0.0318419 0.0870159 0.0696708
0 0.739635 0.267676 0.0178091 0.0310166 0.0687663
2 0.0129533 0.30603 0.0258808 0.0426276 0.0681063
0 0.0664692 0.609736 0.0342274 0.132548 0.0675663
0 0.243626 0.282501 0.0169914 0.0334901 0.0672755
0 0.495229 0.693401 0.0589931 0.158496 0.0666772
0 0.493377 0.692895 0.0563766 0.157566 0.065066
0 0.451406 0.262638 0.0172321 0.0363251 0.0646916
0 0.374281 0.62941 0.0307962 0.126183 0.0617104
24 0.158111 0.628214 0.0261225 0.067037 0.0614118
0 0.495202 0.287979 0.0190855 0.0295193 0.061027
0 0.98346 0.335953 0.0325968 0.0768186 0.06018
0 0.434414 0.2636 0.0188275 0.031882 0.0600339
2 0.117621 0.355401 0.075682 0.0476548 0.0599099
2 0.0697108 0.307374 0.070373 0.0518476 0.0596559
0 0.48908 0.68931 0.0432057 0.149022 0.0596035
2 0.0681931 0.307439 0.0554958 0.0537639 0.0590519
0 0.150747 0.619302 0.0371174 0.108154 0.0588208
0 0.482615 0.663048 0.0309298 0.0982883 0.0578683
5 0.237708 0.286791 0.203149 0.125517 0.0576147
0 0.482345 0.68844 0.0308367 0.14531 0.0573614
0 0.244795 0.284135 0.0145662 0.0324735 0.057244
0 0.987254 0.337543 0.0249168 0.0733805 0.0566783
0 0.7286 0.271719 0.0157839 0.0302858 0.0555255
0 0.982424 0.34005 0.0232136 0.069725 0.0553562
0 0.235636 0.283269 0.0268947 0.0369541 0.0547888
0 0.822195 0.30614 0.025082 0.0400922 0.0546031
0 0.482785 0.678285 0.031353 0.127011 0.0545619
0 0.728127 0.275769 0.0141989 0.0233594 0.0534317
2 0.733317 0.322925 0.0960897 0.0421228 0.0529674
2 0.0757336 0.307305 0.0503004 0.0516671 0.0528959
2 0.0548589 0.307697 0.101469 0.054059 0.0525055
0 0.0498326 0.307716 0.021098 0.0542565 0.0523775
0 0.485916 0.691963 0.0409079 0.156372 0.0516963
0 0.985438 0.333704 0.028582 0.0824069 0.0503062
0 0.987554 0.336621 0.0243183 0.0723526 0.0499492
2 0.829173 0.204027 0.0525093 0.0331174 0.0495019
2 0.125085 0.349791 0.0821182 0.0421228 0.0492849
0 0.964837 0.339308 0.035442 0.0702324 0.0483599
0 0.0486906 0.305988 0.0207372 0.0570387 0.0477419
2 0.0830457 0.316629 0.0424017 0.0320733 0.0470931
0 0.231395 0.286088 0.0192451 0.034537 0.0470751
0 0.433512 0.266658 0.0167353 0.0289958 0.0466286
2 0.828841 0.205006 0.0540682 0.0309005 0.0466226
0 0.0470562 0.308809 0.0226878 0.0526099 0.0452422
0 0.970925 0.342122 0.0482147 0.0798162 0.0452277
2 0.828264 0.204627 0.0550144 0.0321148 0.0446187
0 0.418265 0.26999 0.0143463 0.0230196 0.0444059
0 0.0525257 0.308987 0.025607 0.0530303 0.0443989
0 0.987999 0.334087 0.0232727 0.079587 0.0440302
0 0.993366 0.339199 0.0125732 0.0689384 0.0433298
2 0.0624613 0.308709 0.0846262 0.0527739 0.0432841
0 0.148936 0.621716 0.0273344 0.0943487 0.0432606
0 0.0306391 0.321051 0.017125 0.0257831 0.0431824
0 0.0320809 0.320751 0.0170975 0.0280189 0.0425855
5 0.238818 0.287043 0.198767 0.125764 0.0424452
2 0.735498 0.320642 0.0872522 0.0362338 0.0405348
5 0.318977 0.282246 0.370153 0.133103 0.0404918
0 0.242881 0.280534 0.0192736 0.0348 0.0393834
5 0.23839 0.286851 0.199483 0.126706 0.0393545
0 0.739577 0.265572 0.0167509 0.0286005 0.0392956
0 0.390156 0.269874 0.0128369 0.0309008 0.0389104
0 0.151041 0.618141 0.0266805 0.0913044 0.0388615
5 0.237221 0.28676 0.201653 0.127003 0.0387109
0 0.969943 0.34381 0.0460129 0.0829788 0.038233
0 0.82096 0.308017 0.0241257 0.0405103 0.0378095
0 0.0490651 0.307912 0.0190845 0.0533272 0.0377112
2 0.0776343 0.313656 0.0466366 0.0407868 0.0372257
0 0.159669 0.624629 0.0234641 0.0852751 0.0366936
0 0.988392 0.327473 0.0225212 0.092969 0.0366149
2 0.12408 0.354815 0.0874129 0.0491999 0.0361175
0 0.594135 0.277192 0.0123352 0.0289296 0.0358925
0 0.73158 0.268801 0.0167837 0.0332238 0.035772
0 0.496011 0.289349 0.0158657 0.0260093 0.0354427
0 0.283687 0.28067 0.0193563 0.0317109 0.0353278
2 0.0158028 0.306944 0.0316057 0.0438576 0.03498
0 0.974053 0.336392 0.0512907 0.0837007 0.0333382
0 0.0491834 0.306444 0.0212692 0.0568467 0.033329
2 0.115972 0.3468 0.0657592 0.0321871 0.0332127
2 0.115875 0.349085 0.0679263 0.0365061 0.032587
0 0.235952 0.281283 0.027615 0.0400942 0.0316749
2 0.0531563 0.307524 0.104333 0.0558934 0.0316507
24 0.156706 0.622576 0.0290962 0.0632549 0.0309554
0 0.668079 0.273293 0.017342 0.0259854 0.0306163
0 0.482938 0.668868 0.030828 0.109184 0.0305128
2 0.907275 0.207769 0.105966 0.0359418 0.030285
0 0.618164 0.274546 0.0130951 0.0291614 0.0300476
2 0.908305 0.207496 0.109267 0.0364698 0.0297757
2 0.888297 0.204709 0.063456 0.0374518 0.0297339
0 0.282516 0.284982 0.0176961 0.0284939 0.0296908
5 0.238707 0.285855 0.201921 0.127466 0.0296513
0 0.392482 0.267617 0.0140531 0.0302998 0.0293555
2 0.0866485 0.313044 0.0391187 0.0357714 0.0292625
2 0.049716 0.308084 0.099432 0.0543407 0.0288848
2 0.725126 0.320959 0.0816779 0.0399145 0.0284813
2 0.126931 0.354536 0.0931561 0.0508927 0.0282378
0 0.393953 0.271308 0.0151106 0.0331962 0.0273191
0 0.823853 0.308416 0.0295307 0.0456742 0.0271443
2 0.0147639 0.30169 0.0295278 0.051536 0.0270488
24 0.158142 0.629466 0.0262684 0.0771677 0.0266813
0 0.150465 0.607943 0.025167 0.0827086 0.0265693
0 0.66437 0.267335 0.0214235 0.0371848 0.026561
0 0.643892 0.267521 0.0195467 0.0394291 0.0258607
0 0.987959 0.334268 0.0235626 0.0794591 0.0258585
0 0.705428 0.271941 0.0167076 0.0250294 0.0257465
0 0.00568095 0.260362 0.0112556 0.0360709 0.025639
0 0.632668 0.271046 0.0140379 0.032636 0.0253951
0 0.159928 0.626086 0.0236125 0.0853314 0.0249205
0 0.972446 0.347316 0.0520746 0.0905483 0.0249179
0 0.983279 0.343544 0.0194483 0.0614546 0.0248987
0 0.739243 0.270711 0.016971 0.0315222 0.0248074
0 0.4951 0.695918 0.0591435 0.158386 0.0246035
0 0.82371 0.30698 0.0285812 0.0435221 0.0244377
9 0.0864157 0.163758 0.0172744 0.0310523 0.0240833
0 0.671207 0.275671 0.0171701 0.0240535 0.0239318
0 0.617429 0.276668 0.0122445 0.027182 0.023877
0 0.482712 0.658868 0.0310143 0.0915438 0.023858
0 0.642684 0.269428 0.0140286 0.0353228 0.0234911
0 0.283485 0.276261 0.0182615 0.0308666 0.0232177
0 0.418832 0.265659 0.0153738 0.0256966 0.0232066
0 0.636048 0.271842 0.0153807 0.0345078 0.023178
0 0.386 0.273345 0.0145439 0.0295924 0.022984
1 0.372753 0.664213 0.0245081 0.0577988 0.0229581
0 0.453053 0.250923 0.0168156 0.0206482 0.0229419
2 0.0809557 0.318318 0.0426252 0.030817 0.0227859
0 0.821213 0.308907 0.0254803 0.0422532 0.022402
36 0.37373 0.661166 0.0236369 0.0626694 0.0217019
0 0.643103 0.270072 0.0153257 0.0360841 0.0216134
0 0.167914 0.293163 0.0128686 0.0322439 0.0212975
0 0.453397 0.265124 0.0200581 0.0377615 0.0209257
2 0.0123461 0.299236 0.0245905 0.0540707 0.0208256
0 0.723053 0.271796 0.012588 0.0284662 0.0208144
0 0.155611 0.294819 0.0164217 0.0345481 0.0205534
0 0.634002 0.267868 0.0166818 0.0377634 0.0202243
0 0.123566 0.630168 0.0269493 0.0693819 0.0201086
0 0.693328 0.272178 0.0125343 0.026843 0.0197222
36 0.373975 0.661117 0.0234537 0.0637505 0.0194837
2 0.125476 0.346453 0.0792733 0.0377444 0.0194439
0 0.500004 0.279481 0.0213636 0.0419013 0.0193275
0 0.449199 0.26159 0.0198666 0.0405212 0.0192921
0 0.593498 0.274208 0.0131641 0.0312096 0.0191245
0 0.725402 0.27663 0.0160085 0.0211807 0.0189913
0 0.707849 0.274533 0.0171124 0.023269 0.018964
0 0.385816 0.271202 0.0141626 0.031321 0.0189085
0 0.655469 0.266154 0.0267692 0.0422593 0.0186021
2 0.0283585 0.315203 0.0193018 0.0348488 0.0185539
0 0.373016 0.630496 0.0335591 0.126881 0.018493
2 0.733976 0.337535 0.101801 0.0725664 0.0182753
2 0.907805 0.208872 0.110966 0.0351014 0.0179595
2 0.828719 0.207711 0.0548635 0.0275778 0.0174471
9 0.0846733 0.162911 0.0174045 0.0317173 0.0171563
0 0.00535412 0.257674 0.00984684 0.0339952 0.0171502
0 0.287843 0.279468 0.0181581 0.0284241 0.0171119
2 0.828133 0.207677 0.056549 0.0275505 0.0168167
0 0.658391 0.270649 0.0160449 0.0349399 0.016596
36 0.374358 0.656423 0.0251339 0.0721131 0.0165044
9 0.00465785 0.184117 0.00910426 0.0351949 0.0164948
0 0.375013 0.600849 0.0281876 0.0687002 0.0163847
0 0.494733 0.698175 0.061117 0.166461 0.0163767
2 0.891581 0.208085 0.0699865 0.0348356 0.016099
0 0.694606 0.275018 0.012463 0.0237599 0.0160876
1 0.373289 0.666226 0.0244658 0.0542027 0.0159853
2 0.704843 0.321112 0.0432196 0.0442001 0.0159772
0 0.0119065 0.267599 0.0208873 0.0505345 0.0158228
0 0.370303 0.271956 0.0177863 0.0295402 0.0154794
0 0.26548 0.283986 0.0149402 0.028241 0.0153436
2 0.904231 0.314825 0.123471 0.0439087 0.0153226
2 0.826982 0.202825 0.056847 0.0348517 0.0152927
36 0.374581 0.654175 0.0246782 0.0763944 0.0152839
2 0.123539 0.325082 0.0409781 0.0234361 0.015111
2 0.828306 0.205829 0.0545334 0.0295334 0.0150995
0 0.605049 0.274665 0.0141083 0.0292256 0.015056
