0 0.65143 0.626909 0.0333897 0.115139 0.718714
0 0.651794 0.62652 0.0340971 0.114486 0.707175
2 0.15411 0.333522 0.061888 0.074515 0.642041
2 0.0421392 0.437519 0.0840482 0.0958706 0.633581
2 0.042098 0.437225 0.0841911 0.0958206 0.632829
2 0.153875 0.333416 0.0618677 0.0746683 0.622982
0 0.651769 0.625922 0.0324135 0.11602 0.60543
2 0.0421712 0.437337 0.0843424 0.0957154 0.6043
0 0.651735 0.625482 0.0334721 0.115491 0.598507
2 0.0423342 0.437523 0.0845252 0.0958177 0.591969
2 0.328121 0.335324 0.0519238 0.0779228 0.591578
2 0.0424612 0.437488 0.0846348 0.0960041 0.588302
2 0.15409 0.333921 0.0615052 0.075112 0.583425
2 0.153951 0.333185 0.061668 0.0751106 0.583125
0 0.78625 0.686389 0.0333527 0.10962 0.582628
2 0.153934 0.334092 0.0615299 0.0760509 0.571341
0 0.651575 0.6264 0.0325857 0.116592 0.565824
2 0.154009 0.333663 0.0610011 0.0741403 0.562123
2 0.250984 0.259149 0.0526114 0.0569738 0.561913
0 0.78605 0.687006 0.033847 0.108738 0.560556
2 0.0426058 0.437846 0.0849789 0.0957364 0.550708
0 0.651632 0.62618 0.033812 0.113739 0.546806
2 0.251244 0.258078 0.0530882 0.0585626 0.541813
2 0.326717 0.335224 0.0524912 0.0773711 0.541333
2 0.32779 0.335623 0.0520031 0.0770805 0.537641
2 0.250944 0.259934 0.0530244 0.0569856 0.535366
2 0.0420814 0.437467 0.0835477 0.0963358 0.535085
2 0.153926 0.333947 0.0620992 0.0756412 0.534811
2 0.413906 0.132541 0.0253691 0.0257634 0.532242
2 0.558356 0.735596 0.0898832 0.191391 0.531433
0 0.786125 0.683821 0.0319848 0.110987 0.528481
0 0.651796 0.62942 0.0322804 0.110873 0.520698
2 0.413929 0.133154 0.0255863 0.0249067 0.513765
2 0.418045 0.27243 0.0440772 0.0619862 0.513482
2 0.251544 0.258529 0.0514768 0.0581705 0.512889
0 0.785741 0.691049 0.0330139 0.102809 0.510493
2 0.327885 0.335332 0.05186 0.077375 0.509198
2 0.327755 0.335632 0.0521432 0.0769556 0.507745
2 0.0424571 0.43682 0.0847913 0.0970327 0.507174
2 0.041956 0.437515 0.0837467 0.0961699 0.499543
2 0.153808 0.334391 0.0607663 0.0751796 0.495104
2 0.251943 0.257807 0.0517702 0.0601178 0.483207
2 0.251792 0.258311 0.0523678 0.0587528 0.476705
0 0.6531 0.630425 0.0307025 0.104693 0.464261
2 0.153748 0.333884 0.0617674 0.0747168 0.463928
0 0.785887 0.683809 0.0327834 0.118089 0.460613
2 0.251537 0.257953 0.0512665 0.0597067 0.460089
0 0.651221 0.625807 0.0332252 0.113928 0.458359
2 0.525541 0.49197 0.0712496 0.11513 0.452529
2 0.251444 0.25808 0.0527647 0.0584167 0.450541
2 0.153996 0.333808 0.0605881 0.0740829 0.449313
2 0.292764 0.187131 0.0432611 0.0418777 0.447681
2 0.292721 0.186851 0.0434841 0.0420595 0.446767
2 0.327144 0.335193 0.0520399 0.0771589 0.43663
0 0.785886 0.684018 0.0320271 0.108817 0.424799
2 0.327333 0.335032 0.0516732 0.0764889 0.424108
2 0.418925 0.272411 0.0434877 0.0615526 0.416111
0 0.785777 0.691898 0.0332321 0.100131 0.402701
2 0.525835 0.491946 0.0711838 0.115426 0.402169
2 0.327999 0.335332 0.0520388 0.0779957 0.388162
0 0.785769 0.685955 0.0333997 0.115489 0.369931
2 0.525322 0.492009 0.0713842 0.115698 0.369853
2 0.292472 0.187309 0.0440264 0.0414776 0.36388
2 0.25077 0.263263 0.052279 0.049026 0.363831
2 0.52546 0.492257 0.071018 0.115631 0.356171
2 0.558785 0.735147 0.0900535 0.190989 0.352841
5 0.537065 0.0513559 0.0197804 0.0387871 0.349327
2 0.417956 0.272898 0.0439076 0.060937 0.347695
2 0.418465 0.272734 0.043284 0.0619776 0.346322
2 0.493057 0.405002 0.0512661 0.0535608 0.345649
2 0.292454 0.186576 0.0441455 0.0421968 0.342421
2 0.558249 0.735692 0.0907434 0.191875 0.342069
2 0.418664 0.272649 0.043682 0.0620963 0.341183
2 0.413606 0.132557 0.0250801 0.0264082 0.339548
2 0.493126 0.407994 0.0512224 0.0481901 0.33704
0 0.0181438 0.301178 0.0134422 0.0392954 0.331677
0 0.652476 0.625974 0.0331591 0.115651 0.329163
2 0.413919 0.133117 0.0256644 0.025467 0.316643
2 0.418685 0.272125 0.0437992 0.0614146 0.311799
2 0.327406 0.335454 0.0519836 0.0775066 0.309483
0 0.785786 0.682756 0.0312892 0.119469 0.302789
5 0.536854 0.0511221 0.0188969 0.0402583 0.298857
2 0.417818 0.282499 0.0420094 0.0425213 0.296175
0 0.650874 0.62642 0.0340578 0.117755 0.293594
2 0.492875 0.407817 0.0520904 0.0490739 0.291082
2 0.292886 0.187006 0.0437886 0.0425542 0.290796
2 0.70348 0.119367 0.0237707 0.0265176 0.28793
2 0.327894 0.168959 0.0419648 0.0345519 0.284845
2 0.493268 0.404845 0.0519911 0.0538489 0.280755
0 0.650597 0.625945 0.0351793 0.11737 0.271992
2 0.327061 0.337925 0.0522071 0.0718449 0.271935
0 0.0176995 0.301721 0.0139445 0.0400903 0.27085
5 0.526045 0.49203 0.0708786 0.11468 0.262963
2 0.292534 0.188653 0.0427692 0.0402255 0.261194
2 0.558444 0.735462 0.0894276 0.192077 0.260424
2 0.702815 0.11718 0.0256343 0.030985 0.258907
2 0.381396 0.233286 0.0368378 0.0508055 0.254496
5 0.558631 0.734929 0.089105 0.191001 0.249862
2 0.493146 0.389006 0.051691 0.085997 0.241801
2 0.492503 0.405647 0.0529577 0.0533367 0.240806
2 0.526168 0.49197 0.0708501 0.114575 0.24074
2 0.414927 0.13313 0.0251989 0.0256236 0.238838
5 0.558622 0.735003 0.0897246 0.1915 0.238135
0 0.791896 0.153603 0.0108521 0.0366844 0.232802
5 0.526178 0.492214 0.0704097 0.1143 0.228521
0 0.654083 0.63421 0.030674 0.0965706 0.228142
2 0.292861 0.186789 0.044232 0.0428227 0.22312
2 0.166934 0.691147 0.0406726 0.0231485 0.214125
2 0.327624 0.17073 0.0420791 0.0321849 0.213862
2 0.249071 0.265797 0.0486012 0.0449577 0.211533
5 0.558502 0.735221 0.0901444 0.191464 0.210054
2 0.167052 0.691002 0.040528 0.0232447 0.208763
5 0.558511 0.735027 0.0891361 0.191281 0.208158
0 0.793199 0.153092 0.0116454 0.0373463 0.207202
2 0.382419 0.234903 0.0354058 0.0475047 0.205857
2 0.292786 0.187963 0.0429312 0.042074 0.205224
2 0.380164 0.231956 0.0401861 0.0521775 0.202667
5 0.55872 0.735412 0.0890291 0.191259 0.201297
2 0.703142 0.118428 0.0245266 0.0284116 0.199915
7 0.526086 0.492273 0.071134 0.114495 0.199542
5 0.537046 0.0505459 0.0209163 0.0404896 0.195767
2 0.382246 0.235895 0.0347218 0.0453552 0.189948
2 0.0412138 0.438258 0.0824275 0.0941122 0.187711
0 0.931576 0.165368 0.0092413 0.0187636 0.184497
5 0.558493 0.735274 0.0889248 0.189558 0.183916
2 0.492924 0.388633 0.0514423 0.0856691 0.182751
2 0.381193 0.232763 0.0346514 0.0521051 0.180277
2 0.251518 0.257594 0.0536206 0.0568765 0.180082
2 0.251398 0.257423 0.0515981 0.0589314 0.179758
2 0.328133 0.169445 0.0424297 0.0344393 0.178482
2 0.292542 0.188712 0.0430912 0.0396236 0.178089
5 0.537308 0.049225 0.0207668 0.0443381 0.177779
2 0.414123 0.129194 0.0268702 0.0324901 0.175613
2 0.417645 0.283059 0.0427658 0.0413643 0.170715
2 0.166917 0.690742 0.040613 0.024242 0.169324
2 0.166829 0.690691 0.0403934 0.0249331 0.164519
2 0.25121 0.260454 0.0525453 0.0515467 0.163634
7 0.492149 0.38827 0.0495474 0.0865455 0.163527
0 0.791594 0.154515 0.0110504 0.0347976 0.162575
2 0.171922 0.941988 0.141146 0.115526 0.16158
2 0.167276 0.690354 0.04038 0.0239845 0.160248
5 0.53726 0.0505364 0.0198889 0.0409649 0.159743
2 0.382455 0.243934 0.0340861 0.030116 0.159227
2 0.327256 0.345241 0.0514946 0.0569839 0.158021
5 0.537462 0.0443774 0.0228843 0.053132 0.155346
2 0.171321 0.942061 0.138965 0.115387 0.153953
0 0.902658 0.167601 0.0105194 0.0198432 0.153471
0 0.784337 0.681231 0.0285825 0.119983 0.153362
2 0.166956 0.690838 0.0398783 0.0236988 0.152148
2 0.327724 0.167771 0.0434407 0.0371773 0.148818
7 0.49222 0.388686 0.0506213 0.0862806 0.14848
2 0.171997 0.941865 0.14128 0.115249 0.145584
7 0.492148 0.388547 0.0500256 0.0863408 0.144446
2 0.99463 0.245919 0.0100525 0.0462416 0.144154
0 0.0178924 0.301893 0.0134317 0.0398986 0.143533
2 0.38243 0.243934 0.0326904 0.0310124 0.142303
7 0.492294 0.387671 0.0492009 0.0863377 0.140108
2 0.171853 0.941725 0.139672 0.11548 0.139916
2 0.382379 0.233889 0.0369493 0.0494503 0.139051
2 0.419313 0.271997 0.043088 0.0615123 0.138704
2 0.171927 0.942043 0.137402 0.115366 0.134671
2 0.994557 0.245122 0.0101181 0.0473051 0.129236
2 0.3294 0.166755 0.0402527 0.0393324 0.126896
2 0.702518 0.116618 0.0256378 0.0309186 0.126715
2 0.32639 0.172197 0.0348142 0.0286435 0.121747
2 0.703502 0.119908 0.0236503 0.0264089 0.120169
2 0.419805 0.270462 0.0429643 0.0593414 0.119875
5 0.229782 0.154512 0.0414032 0.0342638 0.117076
2 0.171708 0.941907 0.13924 0.115733 0.114548
2 0.250831 0.26441 0.0527326 0.0490083 0.113738
5 0.53672 0.0430666 0.024467 0.0567628 0.110428
5 0.537475 0.0432127 0.0229326 0.0560559 0.109095
0 0.78569 0.676309 0.0257978 0.0881086 0.105903
2 0.419133 0.271902 0.0428987 0.0602768 0.104107
0 0.14081 0.220976 0.0163623 0.0398209 0.0990645
2 0.166785 0.690308 0.0412074 0.0237835 0.098631
0 0.126394 0.204951 0.0164942 0.0302689 0.0979631
2 0.382576 0.232157 0.0370907 0.0519981 0.0973955
2 0.471852 0.116653 0.0241134 0.0340966 0.094376
5 0.229766 0.154206 0.0420216 0.0342264 0.0942783
5 0.230065 0.154427 0.0415162 0.0341516 0.0931286
0 0.0187836 0.299977 0.0152986 0.0404201 0.0929765
2 0.229107 0.154882 0.0424331 0.0340106 0.0925345
5 0.445042 0.0597727 0.0289973 0.0365391 0.0922468
2 0.49236 0.396397 0.0501507 0.071255 0.0916201
2 0.419347 0.271365 0.0429636 0.0597596 0.0883302
0 0.651295 0.63284 0.0276783 0.104077 0.0882151
2 0.172198 0.941295 0.14036 0.116402 0.0873245
0 0.791057 0.154128 0.0125944 0.0343307 0.0859741
2 0.144877 0.743799 0.0190311 0.0115299 0.08588
5 0.399599 0.0956606 0.041947 0.0540997 0.0852944
2 0.230124 0.154378 0.0424288 0.034936 0.0842192
0 0.650927 0.613566 0.0313534 0.0891787 0.0830396
2 0.472022 0.11708 0.0242455 0.0340132 0.0829879
2 0.327897 0.335345 0.0515671 0.0775818 0.0828922
2 0.327971 0.335333 0.0516494 0.0778444 0.0824511
0 0.781375 0.634055 0.0160369 0.0268529 0.0818031
2 0.471469 0.118133 0.0246297 0.0349481 0.0808754
2 0.329016 0.166807 0.0401999 0.0392744 0.0807751
2 0.228558 0.155354 0.0418463 0.033754 0.0806657
2 0.327144 0.335574 0.0533713 0.0769998 0.0805658
5 0.445456 0.0609871 0.0285217 0.0358228 0.0804534
2 0.994833 0.243755 0.0095602 0.0472301 0.0798047
5 0.230207 0.15501 0.0407273 0.0348637 0.0795703
5 0.22898 0.154439 0.0397791 0.0341966 0.079493
2 0.383299 0.232427 0.0387253 0.0520256 0.0778052
0 0.781999 0.688788 0.0405779 0.109128 0.0776141
0 0.651222 0.612886 0.0315083 0.088093 0.075051
5 0.445483 0.0597296 0.0301632 0.037716 0.0745491
2 0.378221 0.232039 0.04355 0.0528847 0.0743683
2 0.328154 0.167673 0.0410389 0.0373861 0.0741217
0 0.994334 0.188074 0.0106161 0.0504815 0.0734462
2 0.104107 0.607283 0.0577495 0.0505666 0.0732273
9 0.407294 0.0132188 0.015281 0.0259707 0.0731771
0 0.1413 0.222704 0.0140654 0.0369632 0.0726399
2 0.17229 0.941591 0.140189 0.116208 0.0722548
0 0.139369 0.214458 0.0189858 0.0511794 0.0694194
0 0.494279 0.243024 0.0119474 0.0333817 0.0690225
2 0.492405 0.410048 0.0524263 0.044896 0.0677484
9 0.407725 0.0132852 0.0148936 0.0265393 0.0658045
0 0.994005 0.190284 0.0111113 0.0483418 0.064812
2 0.665298 0.103839 0.0156897 0.0237068 0.0642969
2 0.665041 0.10246 0.01611 0.0252415 0.0639678
2 0.105309 0.609459 0.0569797 0.0552412 0.0637874
7 0.382911 0.23192 0.0373802 0.0520724 0.0636958
2 0.471621 0.117631 0.0243706 0.0347032 0.0631098
2 0.104727 0.60864 0.0583346 0.0547907 0.0622041
2 0.383139 0.231808 0.0384943 0.051718 0.0615533
0 0.755507 0.126614 0.0112135 0.0168387 0.0612155
2 0.394713 0.111636 0.0259847 0.0263185 0.0607582
0 0.646167 0.104659 0.0112055 0.0254971 0.0604916
2 0.326916 0.171412 0.0437386 0.0303872 0.0602949
0 0.139129 0.220221 0.0162203 0.0433253 0.0600005
5 0.443936 0.0595831 0.0317318 0.0366921 0.059608
2 0.703058 0.119368 0.0254451 0.0281403 0.0591253
0 0.0536598 0.24715 0.0116649 0.0382045 0.0589935
0 0.125657 0.202937 0.0192336 0.0346548 0.0587765
0 0.994163 0.191608 0.010883 0.0464626 0.058323
2 0.492264 0.402346 0.0501723 0.0604606 0.05776
5 0.267135 0.135698 0.0344066 0.039002 0.0543499
31 0.972961 0.541586 0.0525707 0.0232521 0.0540456
5 0.479064 0.0518167 0.0290749 0.0402256 0.0538994
2 0.249267 0.253731 0.0470018 0.0510382 0.0538053
5 0.47624 0.0536335 0.0267086 0.0352215 0.053659
0 0.785429 0.730442 0.033761 0.0282482 0.0525431
2 0.105724 0.608276 0.0570045 0.0545942 0.0521001
0 0.932221 0.163368 0.0149414 0.0227515 0.0512014
0 0.138298 0.215522 0.0164737 0.0454589 0.0503845
0 0.78554 0.716083 0.0325213 0.0547556 0.0499676
0 0.651109 0.60271 0.0303835 0.0691806 0.0498679
0 0.90311 0.16533 0.0128214 0.0223717 0.0489797
2 0.161874 0.957167 0.09203 0.0848778 0.04862
5 0.395076 0.111003 0.0278677 0.0260866 0.0484674
0 0.0341321 0.245125 0.0109732 0.0338737 0.0482965
5 0.585696 0.0588993 0.0259346 0.0216184 0.0482779
2 0.471646 0.117097 0.0242936 0.0344266 0.0481627
0 0.631694 0.109013 0.0106304 0.022419 0.0480492
31 0.973096 0.541623 0.0525589 0.0224115 0.0477937
2 0.104684 0.607388 0.0583909 0.0521572 0.0466311
5 0.394822 0.0984196 0.0298222 0.0490999 0.0465683
5 0.49176 0.364453 0.0435816 0.0397928 0.0459624
0 0.782164 0.655324 0.0186758 0.0622049 0.0455402
2 0.103463 0.607294 0.0591562 0.0521191 0.0452884
5 0.444992 0.0577766 0.0290279 0.0379937 0.0443546
2 0.41837 0.271791 0.0434904 0.0600657 0.0440207
0 0.934614 0.164869 0.0105473 0.0165757 0.0437618
5 0.44568 0.0606185 0.0296961 0.0373489 0.0434637
31 0.973087 0.541405 0.0527851 0.0223427 0.0432081
2 0.36017 0.233667 0.0191968 0.027149 0.0430682
5 0.230136 0.15223 0.0418751 0.0393182 0.0427081
0 0.0168846 0.300951 0.0163709 0.0379616 0.0425517
2 0.0403282 0.43824 0.0806158 0.0939422 0.0421947
0 0.630929 0.11338 0.0112822 0.0203942 0.0420179
0 0.125773 0.206335 0.022417 0.0329828 0.041813
5 0.48338 0.0493554 0.0352791 0.0466368 0.0401355
0 0.0539841 0.243192 0.0122945 0.0368407 0.0398314
0 0.755757 0.125884 0.0129172 0.0180984 0.0396138
5 0.536852 0.0519916 0.0196127 0.0396553 0.0390517
0 0.719812 0.0498329 0.0113244 0.0267372 0.0389525
2 0.103926 0.606866 0.0569361 0.0508202 0.0387647
0 0.127171 0.200855 0.0198773 0.0384706 0.0380677
2 0.471703 0.116737 0.024596 0.0342706 0.0378503
0 0.78602 0.716706 0.0311657 0.0521624 0.0378247
5 0.230929 0.154103 0.0425062 0.034162 0.0377737
0 0.784143 0.665361 0.0215031 0.0496362 0.0377223
2 0.174957 0.950696 0.129637 0.098415 0.0372719
2 0.703641 0.118239 0.0250011 0.0292757 0.0364333
2 0.229661 0.154713 0.0431173 0.0343888 0.0362899
5 0.446206 0.0570994 0.0322731 0.041804 0.0361502
5 0.521566 0.0477706 0.018996 0.0458945 0.0359305
5 0.584348 0.0514053 0.0302948 0.035637 0.0352002
0 0.837079 0.134581 0.0114708 0.0268224 0.0351378
2 0.0404844 0.439023 0.0809688 0.0907458 0.0349639
2 0.330615 0.166069 0.0398913 0.0417215 0.0348595
0 0.779648 0.689851 0.0456001 0.107902 0.0347136
5 0.537122 0.0521183 0.0193333 0.0391243 0.0345497
2 0.413426 0.120514 0.0255572 0.0297646 0.0342038
5 0.229648 0.155109 0.0416413 0.0337608 0.0340927
7 0.492825 0.386428 0.0502083 0.0836373 0.0337779
2 0.103319 0.608432 0.0574098 0.0490595 0.033207
