5 0.368095 0.552717 0.412513 0.404126 0.932719
5 0.367614 0.551949 0.412536 0.406113 0.93021
5 0.367937 0.552435 0.412871 0.405888 0.927691
5 0.368159 0.551252 0.41363 0.407945 0.909301
5 0.367926 0.552836 0.4122 0.403925 0.909153
5 0.368182 0.552312 0.412179 0.403837 0.907494
2 0.595441 0.464338 0.131388 0.102565 0.895417
5 0.296214 0.328775 0.179599 0.140005 0.893754
5 0.368428 0.551922 0.41244 0.404568 0.892611
5 0.36889 0.551774 0.412636 0.406179 0.888805
5 0.909727 0.457874 0.179733 0.22324 0.886739
5 0.801396 0.781777 0.393436 0.429352 0.885203
5 0.368084 0.550972 0.412254 0.403732 0.877877
5 0.909902 0.456947 0.179636 0.22242 0.871654
5 0.909284 0.456573 0.180144 0.221063 0.865576
5 0.297313 0.328392 0.181573 0.140047 0.858078
5 0.909466 0.456868 0.179801 0.22184 0.854455
5 0.909603 0.457528 0.179503 0.223291 0.849727
5 0.909506 0.457321 0.179907 0.222428 0.848676
5 0.909715 0.456772 0.180194 0.2223 0.848278
5 0.296598 0.328718 0.180568 0.139067 0.847683
5 0.297207 0.328419 0.179442 0.139524 0.847445
5 0.909451 0.457058 0.179977 0.221595 0.840283
5 0.801268 0.780388 0.39551 0.431666 0.838
5 0.0721812 0.364771 0.144362 0.148829 0.83539
5 0.367687 0.551686 0.411976 0.406976 0.83324
5 0.909772 0.456209 0.180105 0.222361 0.82224
5 0.295806 0.328888 0.17675 0.139434 0.818063
2 0.77397 0.52341 0.157633 0.130321 0.814428
5 0.909831 0.456825 0.17993 0.222387 0.813754
5 0.800888 0.782825 0.394722 0.430755 0.811398
2 0.594722 0.463221 0.131297 0.103551 0.802122
5 0.297066 0.328675 0.181394 0.140722 0.800395
2 0.594874 0.462167 0.131638 0.104224 0.800163
2 0.773506 0.523273 0.157764 0.130293 0.799308
5 0.0720813 0.365357 0.144163 0.145702 0.797023
5 0.295871 0.32885 0.177544 0.140061 0.796596
2 0.774702 0.523607 0.15784 0.130165 0.795456
5 0.295949 0.328876 0.179459 0.139798 0.794462
5 0.0723586 0.365427 0.144717 0.146267 0.793469
2 0.671419 0.434549 0.131164 0.0971706 0.790281
2 0.59478 0.462771 0.131381 0.103875 0.780614
2 0.594726 0.462769 0.13061 0.104275 0.77886
5 0.0723629 0.365782 0.144726 0.146122 0.775381
5 0.799938 0.782307 0.397364 0.43203 0.774796
2 0.594795 0.462697 0.131375 0.103607 0.769019
2 0.668864 0.434404 0.129611 0.0956072 0.767181
2 0.594495 0.462392 0.131446 0.105151 0.761698
2 0.668787 0.433933 0.129406 0.095707 0.758876
2 0.77452 0.523666 0.158352 0.130225 0.758769
2 0.773727 0.523373 0.157715 0.13066 0.75811
5 0.0724709 0.365561 0.144942 0.146513 0.758041
5 0.0726261 0.36531 0.144806 0.147027 0.751334
2 0.594813 0.462479 0.131138 0.105771 0.749506
5 0.0721378 0.36553 0.144276 0.146572 0.748713
2 0.669699 0.434346 0.128979 0.0959895 0.746628
2 0.594652 0.463728 0.130195 0.103479 0.745795
2 0.669301 0.434298 0.129482 0.0958796 0.745153
2 0.668353 0.434445 0.129752 0.0961307 0.740473
2 0.594914 0.462902 0.132041 0.104785 0.740283
2 0.773698 0.523311 0.157626 0.13068 0.736589
5 0.0721369 0.365651 0.143977 0.147685 0.735365
2 0.773959 0.523266 0.158089 0.130343 0.730966
2 0.66907 0.434136 0.128658 0.0959666 0.730861
5 0.377316 0.316788 0.178965 0.134 0.727777
2 0.509453 0.382447 0.0943839 0.0767305 0.717235
2 0.447834 0.409498 0.0978352 0.081694 0.713721
5 0.296767 0.328806 0.176226 0.140587 0.709945
5 0.297313 0.328375 0.173959 0.139567 0.706021
5 0.800916 0.782309 0.396845 0.43305 0.704554
5 0.0730192 0.365247 0.145058 0.148298 0.703944
2 0.669861 0.434537 0.130528 0.0964243 0.7033
2 0.447752 0.409635 0.097073 0.0810131 0.703267
5 0.800835 0.781273 0.397137 0.433965 0.69842
2 0.773621 0.523489 0.158007 0.130608 0.695863
2 0.668988 0.434321 0.129193 0.0956608 0.689249
2 0.137641 0.438085 0.0637486 0.0841855 0.688536
2 0.951446 0.596842 0.0962585 0.120988 0.688344
2 0.951544 0.596357 0.0960087 0.121626 0.684676
2 0.50951 0.383062 0.0947197 0.0772362 0.684604
2 0.509729 0.382394 0.0957195 0.0768079 0.679455
5 0.377331 0.316588 0.180111 0.134299 0.678671
2 0.951032 0.597273 0.097403 0.121505 0.663689
2 0.951457 0.596354 0.0961714 0.120803 0.661445
2 0.447812 0.409857 0.0980746 0.0814026 0.660665
2 0.448031 0.40997 0.097956 0.0803547 0.658936
2 0.774732 0.523725 0.158504 0.131473 0.653008
2 0.509494 0.382984 0.0942396 0.0775544 0.645256
5 0.376075 0.316661 0.181718 0.133956 0.638948
2 0.510214 0.383114 0.0944131 0.07742 0.634142
2 0.951405 0.59679 0.0962414 0.12092 0.633368
5 0.379 0.317318 0.178387 0.137705 0.622527
5 0.799252 0.78137 0.400816 0.434028 0.62066
5 0.799536 0.779148 0.400034 0.43501 0.617905
2 0.951341 0.596301 0.0963854 0.12093 0.616457
5 0.377055 0.317963 0.1812 0.136195 0.610119
2 0.510087 0.382921 0.0951384 0.0776073 0.609746
2 0.951183 0.596548 0.0972042 0.120767 0.602839
2 0.510135 0.383203 0.0950338 0.0789355 0.600878
5 0.799118 0.781853 0.400214 0.434849 0.595975
2 0.510264 0.382496 0.0947363 0.0782188 0.594286
2 0.951341 0.596764 0.0969351 0.120736 0.593612
2 0.447919 0.409046 0.0972926 0.0821397 0.582166
2 0.447742 0.409526 0.0977009 0.0803492 0.580894
2 0.447852 0.409124 0.0978897 0.0806837 0.569068
2 0.95109 0.596975 0.0968082 0.120443 0.566038
5 0.376975 0.316332 0.180902 0.133374 0.565586
5 0.803111 0.779425 0.391655 0.436988 0.557805
5 0.378761 0.316441 0.178873 0.137181 0.553271
2 0.447752 0.409824 0.0979582 0.0802277 0.533649
2 0.137706 0.437286 0.0632827 0.0856916 0.530212
2 0.13808 0.436942 0.0642294 0.0869111 0.529409
5 0.0720733 0.365165 0.144147 0.146195 0.527185
5 0.379066 0.317022 0.178074 0.139343 0.512154
5 0.377799 0.317423 0.176742 0.135545 0.510143
2 0.137643 0.437765 0.063668 0.0854185 0.492729
2 0.137759 0.438195 0.0643805 0.0858421 0.48465
2 0.510211 0.382723 0.0958386 0.0777563 0.481136
2 0.137269 0.437095 0.0647187 0.0866255 0.47744
2 0.137216 0.436597 0.0652883 0.0872017 0.463561
0 0.155704 0.746157 0.0308495 0.0834063 0.446882
2 0.951163 0.596903 0.0966442 0.121161 0.441736
2 0.669329 0.436609 0.13108 0.0943535 0.435256
2 0.13785 0.436891 0.0646176 0.0869372 0.433297
0 0.155032 0.747253 0.0295284 0.086488 0.415447
0 0.154753 0.74741 0.030094 0.0860172 0.415058
2 0.137995 0.436614 0.0649617 0.0873916 0.403165
5 0.380579 0.317778 0.172242 0.133773 0.401029
2 0.773475 0.523036 0.158197 0.131629 0.390973
0 0.154409 0.746469 0.0286788 0.0849052 0.382766
2 0.447958 0.409417 0.0986198 0.0805944 0.372568
0 0.156911 0.750437 0.0325471 0.0939829 0.340856
5 0.376847 0.315948 0.178155 0.135027 0.294004
2 0.669234 0.435224 0.129714 0.0954363 0.27341
3 0.823676 0.296017 0.0471886 0.0379252 0.268058
0 0.147046 0.754053 0.0478525 0.100778 0.267129
0 0.15638 0.74664 0.0314978 0.084534 0.264563
3 0.825024 0.297338 0.0509975 0.0392178 0.245152
2 0.509087 0.382318 0.0954643 0.0787232 0.243994
2 0.509938 0.383262 0.0961622 0.0774189 0.241522
0 0.15565 0.745932 0.0297176 0.0839299 0.239764
3 0.824535 0.293892 0.0498433 0.0447871 0.238992
2 0.509355 0.383185 0.0962579 0.0780173 0.233959
2 0.515854 0.201523 0.0502106 0.0296714 0.211028
3 0.824144 0.288922 0.0483449 0.0512736 0.20816
3 0.824627 0.284029 0.0504445 0.0620918 0.205903
0 0.0208785 0.819556 0.0416131 0.117658 0.191539
3 0.824536 0.293347 0.047797 0.0441711 0.188835
2 0.446661 0.409577 0.100585 0.0802459 0.188095
3 0.824993 0.284626 0.048053 0.0597279 0.183565
2 0.137298 0.43738 0.0646386 0.0864979 0.180429
2 0.44651 0.406221 0.0972736 0.0784335 0.179988
0 0.157527 0.749306 0.0329503 0.0903691 0.172853
0 0.0208106 0.819018 0.0415179 0.120882 0.172049
1 0.148021 0.794724 0.0613433 0.10911 0.170709
2 0.549124 0.219566 0.0492882 0.0340855 0.169396
2 0.137898 0.437389 0.0639267 0.0855511 0.166305
3 0.824056 0.281894 0.0487797 0.0644352 0.165939
5 0.0722348 0.365586 0.144064 0.148188 0.164575
1 0.147782 0.783267 0.0608119 0.0860153 0.163816
2 0.447959 0.41019 0.0986625 0.0808217 0.159037
0 0.154414 0.743906 0.0287461 0.0815428 0.158641
2 0.523378 0.201766 0.040591 0.0286553 0.15563
5 0.797565 0.756038 0.401449 0.484352 0.152115
1 0.148942 0.79361 0.0633538 0.112279 0.151636
0 0.0209376 0.819381 0.0415413 0.118654 0.148079
2 0.446322 0.409474 0.100283 0.07934 0.14392
5 0.382351 0.317142 0.168524 0.130588 0.13901
5 0.0789821 0.174789 0.0633459 0.0387621 0.136459
0 0.819746 0.266954 0.0387543 0.0600138 0.131737
2 0.137555 0.436659 0.0646545 0.0877223 0.131484
1 0.148839 0.794501 0.0635231 0.111567 0.127575
2 0.0089221 0.417031 0.0177277 0.0338135 0.12439
2 0.00897155 0.416462 0.017903 0.0340576 0.121653
2 0.552381 0.218921 0.042544 0.0327993 0.114653
5 0.383808 0.316045 0.167935 0.128804 0.105915
0 0.819415 0.261853 0.0340668 0.0498362 0.102562
0 0.00918906 0.41903 0.0182364 0.0389363 0.100115
2 0.509931 0.201975 0.0322403 0.0308476 0.0984559
3 0.817967 0.292681 0.0369751 0.0425278 0.0983273
2 0.50219 0.201327 0.0236757 0.0286806 0.0975854
3 0.549677 0.220603 0.0483986 0.0328262 0.0949756
0 0.0213866 0.820853 0.0421448 0.117517 0.091637
5 0.911249 0.430838 0.177238 0.171896 0.0906442
3 0.14669 0.775999 0.0586405 0.0743941 0.0898024
0 0.157033 0.746143 0.0327215 0.0851093 0.0884823
2 0.556366 0.217393 0.0351101 0.0338598 0.0866552
0 0.838489 0.282121 0.0223732 0.0578682 0.0855812
3 0.816779 0.298723 0.0345234 0.031494 0.0844635
2 0.507327 0.202529 0.0304365 0.0286372 0.0824583
0 0.154102 0.74205 0.027785 0.0767818 0.0817596
0 0.821204 0.279074 0.0432538 0.0666291 0.081582
2 0.447637 0.409552 0.0981243 0.0810949 0.081568
5 0.911493 0.428116 0.177015 0.165565 0.0808615
2 0.527945 0.202489 0.0366681 0.0271547 0.0795057
0 0.293453 0.200421 0.0127902 0.0295502 0.0791419
5 0.409043 0.324018 0.109293 0.119449 0.0785626
0 0.823157 0.263808 0.0404957 0.0509657 0.0774719
2 0.548002 0.219158 0.050798 0.0354486 0.0770072
0 0.0195705 0.823453 0.0369659 0.106223 0.0762806
2 0.550056 0.219782 0.047493 0.0321722 0.0755309
5 0.0785528 0.175 0.0615236 0.0360844 0.0752412
2 0.525488 0.202236 0.0335524 0.0283777 0.0752114
2 0.529692 0.202988 0.0343278 0.026247 0.0751505
2 0.364753 0.183831 0.02538 0.0200429 0.0747343
0 0.83898 0.271217 0.0192108 0.0355417 0.0744804
2 0.447189 0.198571 0.024191 0.0244457 0.0734863
2 0.137792 0.437942 0.0634547 0.0854796 0.0733928
0 0.163445 0.798846 0.0279628 0.0995485 0.072663
2 0.00916477 0.417918 0.0179391 0.0355177 0.0717614
2 0.516228 0.200455 0.046133 0.0317826 0.0707845
2 0.549469 0.219241 0.0485418 0.0339403 0.0699724
0 0.817992 0.265041 0.0384472 0.0515946 0.0697017
0 0.0190259 0.82188 0.0380517 0.111721 0.0674649
0 0.164465 0.775116 0.0210535 0.0515847 0.066722
3 0.142769 0.777493 0.0440087 0.0659142 0.0665102
0 0.824354 0.278971 0.0495007 0.067186 0.0664334
0 0.818801 0.262706 0.0386075 0.0526886 0.0655824
0 0.822767 0.271332 0.0442001 0.0695833 0.064558
0 0.824868 0.282264 0.0484522 0.0638268 0.0645457
3 0.817837 0.284963 0.0394642 0.0548848 0.0638294
3 0.137736 0.77348 0.0382333 0.0684138 0.0618628
2 0.501382 0.203144 0.021619 0.0272974 0.060781
10 0.466932 0.225259 0.0146808 0.024368 0.0605891
0 0.293173 0.201661 0.0130427 0.0276007 0.0604454
0 0.0198344 0.823249 0.0391589 0.109963 0.0596519
5 0.0787833 0.174064 0.0642092 0.0407571 0.059426
1 0.140116 0.77682 0.0415602 0.0722426 0.0568665
5 0.910917 0.426047 0.178166 0.160594 0.0566968
2 0.530859 0.203173 0.0412956 0.026852 0.056682
0 0.323674 0.205534 0.012602 0.030859 0.0566663
0 0.145464 0.756171 0.0514848 0.105074 0.0563305
0 0.163818 0.777031 0.0228975 0.055209 0.05533
0 0.322571 0.201944 0.011091 0.0273967 0.0546147
0 0.784892 0.224657 0.0135782 0.0453538 0.0545003
0 0.0194319 0.820628 0.0385738 0.113257 0.0538602
0 0.784699 0.224177 0.0131467 0.0450634 0.0537558
0 0.0231249 0.818719 0.0457849 0.120673 0.0535768
0 0.46405 0.2219 0.0153357 0.0297589 0.0529191
0 0.147548 0.751032 0.0470452 0.0962492 0.0528847
0 0.830496 0.270973 0.0353699 0.05023 0.0528292
3 0.155977 0.778114 0.0416245 0.0599309 0.0526759
2 0.0190609 0.280629 0.037877 0.0500323 0.0521259
0 0.820372 0.26163 0.0317181 0.0501356 0.0517374
3 0.836848 0.283978 0.0260715 0.0586906 0.0510898
2 0.548258 0.221498 0.0509779 0.0376152 0.0509546
5 0.0789825 0.173549 0.0654229 0.0406156 0.0497136
0 0.346376 0.197001 0.00855169 0.0195325 0.0484602
0 0.262102 0.208008 0.0110445 0.0255556 0.0481987
0 0.158109 0.776125 0.0324459 0.055371 0.0480414
2 0.361566 0.184484 0.0239662 0.0187718 0.0477233
0 0.326533 0.207653 0.0109164 0.026741 0.0475111
0 0.465217 0.224562 0.015442 0.0323567 0.0474466
0 0.787486 0.22526 0.0134033 0.0460557 0.0468208
5 0.0195995 0.28027 0.0389538 0.0499401 0.0461644
2 0.458746 0.197359 0.0200748 0.0253166 0.0460561
0 0.160422 0.772376 0.0278278 0.0485364 0.0458323
11 0.729879 0.179954 0.0274988 0.0331969 0.0452083
5 0.380548 0.315681 0.173499 0.132403 0.0451476
5 0.0804323 0.171922 0.0667747 0.0427144 0.0450803
3 0.839226 0.301028 0.020488 0.0275997 0.0442596
9 0.0463305 0.159014 0.0149993 0.0210301 0.0439577
5 0.410552 0.31897 0.113509 0.122775 0.0436578
0 0.345799 0.199587 0.00759029 0.0177395 0.0425956
0 0.0177193 0.821544 0.0354139 0.113051 0.042436
3 0.140393 0.772123 0.0408932 0.0654057 0.0421053
0 0.0234282 0.818948 0.0463236 0.120197 0.0420859
0 0.429623 0.216316 0.0125175 0.0302151 0.0412905
0 0.788905 0.225997 0.0144087 0.0470176 0.0409617
1 0.137415 0.772284 0.038271 0.0689539 0.0389134
0 0.787209 0.22409 0.0130771 0.0448611 0.0389038
1 0.149059 0.794515 0.0656412 0.111057 0.0387846
2 0.561083 0.219397 0.0262712 0.0282428 0.0376742
0 0.290381 0.202552 0.0115095 0.0281 0.0376636
0 0.0194179 0.824982 0.0373276 0.104748 0.037208
2 0.774344 0.523383 0.158221 0.130275 0.0367953
0 0.466837 0.222485 0.0154263 0.0290569 0.0364114
2 0.0899891 0.17717 0.0416688 0.0345423 0.0363343
9 0.703901 0.123028 0.0189878 0.0273325 0.0359649
5 0.0149916 0.28047 0.0299833 0.0504207 0.0358793
5 0.378725 0.318009 0.179133 0.13932 0.0355553
0 0.916313 0.260886 0.0252609 0.0423416 0.0354325
0 0.13036 0.757225 0.0248817 0.0425085 0.0354308
5 0.0789775 0.174398 0.0667963 0.0395863 0.0352434
2 0.446018 0.199606 0.0194586 0.0225131 0.0352047
0 0.891756 0.44567 0.0214933 0.040672 0.0350779
1 0.14886 0.794601 0.0652444 0.111311 0.0345322
0 0.00928542 0.42152 0.0184019 0.0434374 0.0344678
2 0.207482 0.185542 0.0350075 0.019844 0.033718
0 0.918419 0.222946 0.0177368 0.0225807 0.0336766
9 0.703365 0.124584 0.0186228 0.0261568 0.0336245
3 0.15648 0.776789 0.0347919 0.0578295 0.0335426
0 0.430575 0.214278 0.0127184 0.031172 0.0334945
5 0.370266 0.284777 0.165179 0.0697853 0.0332764
2 0.536727 0.212016 0.037336 0.0376057 0.0331944
2 0.363625 0.185204 0.0282547 0.0197381 0.0330915
3 0.544073 0.221609 0.0403475 0.028348 0.0328361
3 0.540538 0.220005 0.0397915 0.0289128 0.0325478
5 0.801515 0.782717 0.396204 0.429808 0.0323887
0 0.132588 0.771104 0.0293357 0.0663836 0.0323218
