5 0.158484 0.685108 0.316552 0.290483 0.940825
5 0.158433 0.685563 0.316865 0.288923 0.935933
5 0.158058 0.685716 0.316117 0.291012 0.931849
5 0.158901 0.684756 0.317106 0.293657 0.927569
5 0.158477 0.684242 0.31642 0.292783 0.914559
5 0.158607 0.685919 0.317214 0.288758 0.904332
5 0.158514 0.684737 0.316904 0.293368 0.896439
5 0.158682 0.684589 0.317363 0.292182 0.894073
5 0.158483 0.685506 0.316967 0.290126 0.873108
2 0.959575 0.815629 0.0801203 0.131391 0.84391
5 0.158343 0.685782 0.31609 0.292262 0.839744
2 0.959335 0.815634 0.0804321 0.13153 0.83242
2 0.959528 0.815511 0.07997 0.130438 0.830041
2 0.959471 0.815688 0.0800419 0.131135 0.826099
2 0.959398 0.815325 0.0803875 0.131283 0.820375
2 0.959592 0.8156 0.0798801 0.130554 0.782683
2 0.959397 0.815358 0.0807087 0.131365 0.772925
2 0.959296 0.815206 0.0808844 0.130243 0.771668
2 0.95971 0.815497 0.0800858 0.13149 0.748952
2 0.296187 0.535662 0.102727 0.0725263 0.667251
2 0.296051 0.535573 0.102775 0.0728977 0.662153
2 0.296185 0.535263 0.103223 0.0721251 0.658151
2 0.296271 0.535696 0.103333 0.0723289 0.653925
2 0.296052 0.535485 0.102764 0.0722021 0.627637
2 0.296451 0.535644 0.102848 0.0723696 0.615907
2 0.296429 0.535918 0.10315 0.0742134 0.615228
2 0.295974 0.534946 0.103963 0.0708101 0.6024
2 0.984831 0.677334 0.0296066 0.0888123 0.601984
2 0.296322 0.535889 0.103161 0.0743231 0.601398
2 0.984869 0.67676 0.0295265 0.0886372 0.576149
0 0.74725 0.491275 0.0171923 0.0565488 0.573691
2 0.985174 0.676902 0.0289925 0.0877122 0.554674
0 0.747499 0.491599 0.0167038 0.0562666 0.54404
0 0.74736 0.491367 0.0171485 0.0556485 0.529257
2 0.985338 0.678985 0.0286985 0.0850527 0.528376
2 0.959643 0.815527 0.0796988 0.131695 0.522714
2 0.985043 0.676945 0.0293884 0.0882261 0.45199
2 0.295031 0.536199 0.105988 0.0741474 0.447046
2 0.984453 0.674808 0.0303812 0.084913 0.439142
2 0.985047 0.676707 0.0290834 0.0877754 0.419678
0 0.747427 0.491381 0.0172453 0.0566267 0.417038
2 0.985007 0.676679 0.029493 0.0874998 0.388042
2 0.985157 0.676581 0.029067 0.0897203 0.372481
2 0.985372 0.680318 0.0285114 0.082037 0.365569
2 0.959132 0.814897 0.0806908 0.131355 0.36411
0 0.389346 0.577763 0.0285556 0.0595636 0.31566
5 0.0787376 0.549174 0.156781 0.119921 0.292598
5 0.0793495 0.551196 0.158288 0.125097 0.287547
0 0.38969 0.578829 0.0296189 0.0612602 0.285456
0 0.745896 0.492148 0.0200942 0.0568224 0.283323
9 0.199497 0.466889 0.0142354 0.0301695 0.246722
5 0.0781373 0.549092 0.156235 0.118119 0.246437
5 0.0795589 0.550752 0.15881 0.125901 0.245614
9 0.200264 0.466842 0.014286 0.0299237 0.244065
5 0.0787556 0.551082 0.15723 0.123702 0.235524
5 0.078667 0.551997 0.157334 0.126298 0.233122
5 0.0782909 0.550041 0.156007 0.121985 0.23211
0 0.745584 0.492003 0.0197992 0.0571269 0.231475
9 0.200312 0.466919 0.0139145 0.0302874 0.213951
0 0.388973 0.576057 0.0288098 0.0581676 0.210355
0 0.218503 0.785979 0.0273073 0.0632837 0.206176
0 0.217622 0.78695 0.0281806 0.0662502 0.205051
2 0.295316 0.535387 0.101827 0.072031 0.201894
0 0.389096 0.57565 0.0250321 0.056859 0.198337
0 0.218327 0.786852 0.0275002 0.065205 0.196768
0 0.748074 0.491469 0.0181469 0.0567406 0.196133
5 0.0783625 0.549074 0.156402 0.118233 0.193232
0 0.746839 0.492564 0.0177157 0.0563141 0.185039
0 0.218245 0.787079 0.029037 0.0658445 0.180064
2 0.425007 0.510401 0.0213094 0.0279528 0.175758
0 0.748001 0.491671 0.018951 0.0570359 0.163203
0 0.388283 0.577937 0.0320338 0.0598628 0.161534
0 0.217149 0.786645 0.0294947 0.0662132 0.160239
0 0.389938 0.57678 0.0318577 0.0602058 0.157005
9 0.199768 0.466728 0.0149191 0.0300394 0.155966
2 0.15237 0.481628 0.0709342 0.0354158 0.152085
5 0.0783267 0.550742 0.156272 0.121574 0.149124
0 0.217443 0.78712 0.029219 0.0651563 0.147766
0 0.747983 0.491258 0.0184402 0.0570404 0.146403
0 0.21794 0.78604 0.0290831 0.0629605 0.139335
9 0.1993 0.467982 0.0155397 0.0322556 0.138411
2 0.145706 0.480617 0.0794589 0.0359244 0.130535
0 0.39093 0.58487 0.0318409 0.068537 0.129192
0 0.387855 0.574461 0.0278884 0.0557711 0.121599
9 0.199831 0.467895 0.0159131 0.0327324 0.118924
2 0.424779 0.511109 0.0219963 0.0289139 0.117196
2 0.425294 0.510179 0.0215145 0.0272915 0.114603
2 0.424869 0.511741 0.022839 0.029468 0.109755
2 0.158949 0.571678 0.170609 0.075042 0.105894
5 0.593919 0.469072 0.104496 0.11061 0.0993913
2 0.147878 0.480025 0.074437 0.0343011 0.0965817
2 0.144808 0.481738 0.0811897 0.036729 0.0961753
0 0.389337 0.5811 0.0352571 0.0673349 0.0908493
0 0.217255 0.78754 0.0292607 0.0645321 0.0905866
0 0.748132 0.490789 0.0188469 0.0555317 0.0902705
2 0.147236 0.48067 0.082118 0.0351399 0.0892072
2 0.984891 0.676987 0.0296425 0.0906477 0.0820867
2 0.157375 0.571438 0.165998 0.0721207 0.0783782
1 0.38823 0.603712 0.0382695 0.0795308 0.0768146
0 0.217655 0.786275 0.0287763 0.0635782 0.0754043
2 0.984464 0.673983 0.030467 0.0835247 0.0737555
5 0.594185 0.468929 0.104071 0.111537 0.0708052
1 0.390366 0.589173 0.0343442 0.0670635 0.0698403
5 0.0817065 0.547484 0.163413 0.128076 0.0693812
2 0.157711 0.5714 0.166996 0.0725748 0.0638098
2 0.157403 0.579035 0.166718 0.0565506 0.0616014
5 0.0791796 0.550673 0.157753 0.124575 0.061561
0 0.389023 0.586087 0.0346227 0.0507601 0.060916
0 0.218329 0.785126 0.0277332 0.0601303 0.0593712
1 0.392607 0.598459 0.0320226 0.04669 0.0585022
5 0.0139722 0.575273 0.0278918 0.0725288 0.0566123
0 0.219366 0.783749 0.0249259 0.0581802 0.0550723
5 0.0782 0.547918 0.154813 0.115489 0.053818
2 0.985635 0.686386 0.028014 0.0702476 0.0504954
0 0.219395 0.786559 0.0283649 0.0662245 0.047605
2 0.149345 0.481603 0.0720049 0.035969 0.0474274
5 0.595161 0.468532 0.102691 0.109278 0.0466029
5 0.0787568 0.581707 0.157514 0.192365 0.0463565
5 0.59473 0.468765 0.104519 0.109286 0.0449242
2 0.844252 0.728412 0.0267256 0.0235289 0.044629
1 0.389155 0.600988 0.0350983 0.0575457 0.0438765
2 0.186055 0.463895 0.0337028 0.0269766 0.043274
5 0.593917 0.469339 0.104971 0.111275 0.0429153
5 0.013884 0.575932 0.0276034 0.0735889 0.0417278
0 0.219242 0.786396 0.0279373 0.0638246 0.0392287
2 0.771206 0.767692 0.0241722 0.018597 0.0392135
2 0.488614 0.512933 0.0200407 0.01514 0.0390994
2 0.294421 0.536003 0.106141 0.0729561 0.0386454
2 0.576093 0.888077 0.0228781 0.0180315 0.0377514
5 0.0147946 0.574868 0.0294792 0.0717567 0.0366424
5 0.158697 0.569837 0.162537 0.0735945 0.036611
2 0.48955 0.514883 0.0181756 0.0129017 0.0364635
1 0.386112 0.60519 0.0362973 0.0771245 0.0358818
2 0.831712 0.733408 0.0514019 0.0335065 0.0356507
2 0.388342 0.521867 0.0335112 0.0315069 0.0356429
1 0.392387 0.596024 0.032726 0.0480951 0.0355672
2 0.382015 0.524032 0.0492593 0.0358177 0.0354706
2 0.157727 0.572345 0.165102 0.0703408 0.0348185
2 0.157832 0.57182 0.165746 0.0707727 0.0346805
0 0.393966 0.521646 0.0213499 0.0305315 0.0336598
5 0.0809567 0.620175 0.161664 0.262774 0.0336498
5 0.0124974 0.575536 0.0249948 0.0720057 0.033415
9 0.580903 0.474018 0.0101145 0.0271067 0.0333437
5 0.0139283 0.575745 0.0276458 0.0714312 0.0325247
9 0.568924 0.47291 0.0183205 0.0289236 0.0324733
2 0.777208 0.770508 0.0361055 0.0253487 0.0315029
0 0.394814 0.52165 0.0204823 0.0298132 0.030958
0 0.391545 0.583395 0.0344689 0.062766 0.0307157
5 0.595195 0.468453 0.101835 0.109449 0.0306361
9 0.826163 0.0757789 0.0496567 0.142192 0.030367
0 0.207413 0.656106 0.0283604 0.0580166 0.0300099
2 0.155662 0.578069 0.160968 0.0561639 0.029698
9 0.384151 0.453407 0.0103146 0.0228219 0.0296211
2 0.144987 0.482718 0.0820352 0.0390375 0.0291608
2 0.145116 0.480296 0.0805338 0.0298254 0.0277421
2 0.574201 0.887979 0.0267879 0.0191761 0.0273909
2 0.829486 0.734614 0.0575542 0.0373928 0.0270092
5 0.0785207 0.616055 0.157041 0.255385 0.0267056
5 0.596257 0.468623 0.102015 0.110275 0.0264373
5 0.595876 0.469482 0.102192 0.109346 0.0259301
2 0.427872 0.515379 0.0385257 0.0380182 0.0258425
12 0.610298 0.506533 0.0200489 0.0367598 0.0247864
2 0.832371 0.734285 0.0516827 0.0355434 0.0243866
2 0.878534 0.704752 0.0162146 0.0148382 0.0241598
0 0.206425 0.655438 0.030097 0.058313 0.0239211
2 0.487887 0.514499 0.021738 0.01357 0.0238795
2 0.423731 0.515266 0.0277723 0.03792 0.0231635
5 0.59405 0.469519 0.103397 0.111547 0.0227438
1 0.389089 0.593784 0.0378227 0.0926338 0.0226446
0 0.178554 0.677292 0.0182666 0.0353621 0.0226305
0 0.207894 0.651197 0.026667 0.0489969 0.0223097
2 0.423094 0.514891 0.0296083 0.0356075 0.0218359
0 0.219623 0.771542 0.0259474 0.0342477 0.0211066
9 0.825408 0.0735034 0.05438 0.146743 0.020934
0 0.392295 0.57821 0.0349735 0.0602225 0.0208064
5 0.0805788 0.577021 0.161158 0.177713 0.020604
0 0.210895 0.649105 0.022925 0.0453825 0.0205299
0 0.202659 0.656505 0.0307895 0.0580754 0.0203755
9 0.825088 0.0775661 0.0483341 0.140536 0.0190862
5 0.0779902 0.548116 0.155771 0.118658 0.0190034
2 0.810681 0.746896 0.0220684 0.0180019 0.0189016
2 0.145296 0.483184 0.0840405 0.038281 0.0188936
2 0.423021 0.516353 0.0309132 0.0364056 0.0188838
2 0.515417 0.929014 0.0267872 0.0258133 0.0186276
9 0.835916 0.318848 0.0130919 0.0232631 0.0180005
2 0.426089 0.513724 0.0289108 0.0348038 0.0174722
0 0.376382 0.586923 0.0184939 0.031432 0.017293
9 0.815887 0.125978 0.0258345 0.039228 0.0167891
2 0.394189 0.520436 0.0215839 0.0312883 0.0162999
0 0.210165 0.654839 0.0234996 0.0590887 0.0162452
2 0.148239 0.482541 0.0755719 0.0381558 0.0162379
2 0.631623 0.852097 0.0284059 0.0229836 0.0157691
0 0.178599 0.675053 0.0174988 0.0335869 0.0157238
0 0.206687 0.546287 0.0280701 0.025766 0.0156927
5 0.0144318 0.575329 0.0288341 0.0712137 0.0156799
2 0.778166 0.771322 0.0404665 0.027411 0.0156652
9 0.569267 0.471122 0.022317 0.0360772 0.0155536
0 0.390576 0.525518 0.0292835 0.0355242 0.0152789
2 0.77925 0.772717 0.0377056 0.027773 0.015218
0 0.255404 0.543684 0.0179891 0.0239668 0.0151353
5 0.156081 0.570689 0.168064 0.0738715 0.0151083
2 0.730023 0.79447 0.0246298 0.0208011 0.0149381
0 0.0745229 0.661836 0.0177474 0.0238358 0.0149337
5 0.0153549 0.572628 0.0305729 0.0816028 0.0146281
9 0.384861 0.452361 0.0112691 0.0217216 0.0146253
2 0.205288 0.554222 0.0569465 0.0413514 0.0146133
2 0.590246 0.4291 0.0864983 0.0363035 0.0145929
9 0.814481 0.125791 0.0236456 0.039287 0.0143291
5 0.0885766 0.535937 0.175093 0.136257 0.014309
0 0.20241 0.657149 0.0289317 0.0582392 0.0142151
5 0.145571 0.479774 0.0828137 0.0364845 0.0140917
2 0.155411 0.480334 0.0612482 0.0370696 0.0137813
2 0.145574 0.478807 0.0823819 0.0303754 0.0136351
5 0.607829 0.470192 0.0775269 0.106701 0.0134457
5 0.593489 0.467764 0.0998926 0.110249 0.0133384
9 0.582025 0.475091 0.00924206 0.0300106 0.0133074
5 0.593089 0.468665 0.10771 0.110851 0.0132356
12 0.609382 0.506444 0.0192543 0.0370333 0.0131813
2 0.575695 0.887842 0.024235 0.0192484 0.0129118
0 0.747993 0.492411 0.019986 0.0568133 0.0129101
2 0.985143 0.665318 0.0290802 0.0657311 0.0128786
5 0.595461 0.468893 0.100208 0.109717 0.0127665
0 0.141308 0.687187 0.019426 0.0344095 0.0126121
2 0.395874 0.52045 0.0250765 0.0312249 0.0124536
0 0.209687 0.654823 0.0236984 0.0595883 0.0124298
2 0.156114 0.58067 0.16605 0.0522521 0.0124044
2 0.19153 0.468796 0.0349481 0.0328677 0.0123878
0 0.209596 0.647637 0.0245194 0.0469526 0.0123875
2 0.411366 0.517193 0.0540152 0.0365574 0.0122644
2 0.590264 0.428949 0.0872698 0.0373234 0.012205
0 0.376425 0.58887 0.0188842 0.0332813 0.012048
9 0.397958 0.426641 0.0228333 0.0188227 0.0120301
1 0.392569 0.601436 0.0327733 0.0500005 0.0119365
0 0.0737824 0.664139 0.0166606 0.019528 0.0117737
2 0.98456 0.669338 0.0300957 0.0734319 0.0117297
0 0.378669 0.607986 0.0240568 0.0711189 0.0117174
2 0.204862 0.559044 0.0736904 0.0507854 0.0117102
0 0.130724 0.541958 0.0171229 0.038282 0.0116819
9 0.385332 0.455507 0.0128181 0.0297011 0.0115922
13 0.639998 0.652485 0.0663058 0.0555021 0.0115313
2 0.1896 0.569798 0.237232 0.0787502 0.0115277
9 0.819158 0.126263 0.0319126 0.039595 0.0115238
2 0.152401 0.585459 0.156597 0.0420273 0.0114573
2 0.156896 0.580968 0.163266 0.051487 0.0114346
0 0.205675 0.658888 0.0270433 0.0558257 0.011326
2 0.831405 0.736274 0.0543625 0.0395902 0.0112332
2 0.683952 0.820353 0.0248915 0.0227337 0.0111809
2 0.84591 0.725938 0.0240894 0.0223607 0.0110943
2 0.163185 0.568391 0.16863 0.0766544 0.0109374
5 0.0161156 0.66382 0.0321068 0.246799 0.0108415
2 0.208358 0.554251 0.0517539 0.0416885 0.0108077
5 0.145404 0.479774 0.0829202 0.0376925 0.0105928
2 0.590156 0.430042 0.0887752 0.0368202 0.0105903
2 0.612745 0.505983 0.0225691 0.0362474 0.0105372
2 0.023445 0.513057 0.0466647 0.0251242 0.0105204
9 0.396948 0.426767 0.0233563 0.0206707 0.0105162
2 0.371312 0.526334 0.0300936 0.033976 0.0103755
0 0.217389 0.789627 0.0283686 0.06469 0.0103562
0 0.0754772 0.662745 0.0194423 0.0234894 0.0103488
2 0.590196 0.42885 0.0889217 0.0384325 0.0103248
2 0.514087 0.929016 0.0297738 0.0261692 0.0103231
2 0.202175 0.546589 0.0408492 0.0274759 0.0103141
13 0.640229 0.652709 0.0666317 0.0569182 0.010292
0 0.384544 0.526436 0.0169603 0.0346045 0.0101896
2 0.810632 0.748942 0.0252121 0.022259 0.0101679
2 0.158633 0.576051 0.157165 0.0613125 0.0101285
2 0.206658 0.550204 0.0506308 0.0322435 0.0101166
0 0.219779 0.780602 0.0264115 0.0517128 0.0100075
1 0.388198 0.59841 0.0384396 0.0905984 0.00982225
0 0.178033 0.682989 0.0177194 0.0281602 0.00981125
2 0.381337 0.524065 0.0458446 0.0350175 0.00968673
5 0.0258707 0.55476 0.0516583 0.12156 0.00962888
56 0.385637 0.60954 0.0346523 0.0690428 0.00953819
9 0.826659 0.0738742 0.0530029 0.147748 0.00951196
2 0.215929 0.556333 0.103414 0.0504311 0.00936941
2 0.226785 0.540842 0.0836906 0.033544 0.00924763
2 0.844536 0.729461 0.0288597 0.0278351 0.0091966
9 0.822295 0.126954 0.0385181 0.0400624 0.00918074
9 0.826308 0.0759132 0.0510143 0.144495 0.00917187
0 0.868978 0.491631 0.0161194 0.0268427 0.00910063
2 0.185073 0.573165 0.229381 0.0723434 0.00908451
0 0.132408 0.693783 0.0177201 0.0275621 0.00904571
2 0.145833 0.477754 0.083569 0.0405083 0.00903945
0 0.24382 0.642649 0.0178226 0.0335699 0.00902416
2 0.155283 0.583972 0.162262 0.0456457 0.00890211
2 0.267865 0.537254 0.154986 0.0536995 0.00889793
0 0.0919747 0.658064 0.0183611 0.0269638 0.00886623
2 0.574379 0.887422 0.0272865 0.0205223 0.00865142
2 0.149122 0.585369 0.150083 0.0427118 0.0086116
13 0.640014 0.652835 0.0657868 0.0565577 0.00858246
0 0.868515 0.488568 0.0164257 0.0329801 0.00853471
0 0.1313 0.545887 0.0165765 0.043733 0.00851913
0 0.378354 0.609398 0.0248469 0.067016 0.00847849
2 0.218584 0.55627 0.085935 0.0509349 0.00842365
2 0.146707 0.478051 0.0849121 0.0387184 0.00836852
2 0.633238 0.854309 0.0291092 0.0301468 0.00834277
0 0.243823 0.636363 0.0191243 0.0445934 0.00817219
13 0.640179 0.653018 0.0665248 0.0561801 0.00805327
2 0.81134 0.746763 0.0227449 0.0180149 0.00797491
2 0.631845 0.853141 0.0294054 0.0227882 0.0079596
