5 0.860983 0.441777 0.277531 0.386097 0.950146
5 0.860484 0.441689 0.278007 0.385925 0.936196
5 0.860759 0.440983 0.277812 0.387293 0.929558
5 0.86025 0.441443 0.278661 0.387555 0.926524
5 0.288462 0.149364 0.183735 0.148386 0.924154
5 0.860256 0.440724 0.278375 0.387318 0.922578
5 0.288503 0.149811 0.183679 0.148276 0.918633
5 0.287521 0.149375 0.184188 0.148299 0.910357
5 0.860717 0.441742 0.277726 0.387471 0.903483
5 0.861598 0.441355 0.276803 0.384936 0.896691
5 0.698793 0.801408 0.171764 0.274683 0.896688
5 0.698815 0.801253 0.171475 0.275661 0.889141
5 0.287954 0.149544 0.181422 0.14732 0.886422
5 0.698329 0.801344 0.171621 0.274802 0.885882
5 0.698509 0.801402 0.172257 0.274688 0.874943
5 0.698451 0.801189 0.171434 0.274689 0.863002
5 0.28835 0.14937 0.181311 0.147581 0.862761
5 0.698563 0.801184 0.171114 0.275053 0.861156
5 0.287902 0.149105 0.181667 0.147499 0.859718
5 0.288327 0.149791 0.181178 0.148365 0.851371
5 0.860482 0.439758 0.277877 0.389186 0.839063
5 0.69921 0.802624 0.172929 0.276785 0.836177
2 0.129638 0.181531 0.0729814 0.0649193 0.810087
2 0.130023 0.181274 0.0741187 0.0651997 0.806132
2 0.466446 0.479276 0.109753 0.143777 0.803034
5 0.699028 0.801703 0.170742 0.275319 0.799763
2 0.46641 0.479727 0.109903 0.143853 0.794692
5 0.860507 0.440122 0.278033 0.388109 0.779678
2 0.46674 0.479067 0.110636 0.144867 0.77218
2 0.908941 0.788701 0.180805 0.233633 0.769683
2 0.90914 0.787497 0.18084 0.234433 0.767152
2 0.466644 0.479391 0.110391 0.144749 0.761074
5 0.698566 0.802164 0.170241 0.277024 0.760981
2 0.909074 0.788801 0.180731 0.233359 0.75588
2 0.466344 0.479256 0.110157 0.144526 0.752088
5 0.287553 0.149742 0.184503 0.149526 0.750758
2 0.909114 0.78741 0.181499 0.235856 0.742432
2 0.641928 0.514607 0.142495 0.13869 0.738897
2 0.90917 0.787439 0.181017 0.235805 0.735596
2 0.642298 0.514509 0.141824 0.138696 0.729434
2 0.90909 0.786967 0.180807 0.235781 0.717451
2 0.46611 0.479335 0.10961 0.143592 0.713162
2 0.909621 0.787455 0.180046 0.237102 0.711622
2 0.129863 0.180858 0.072978 0.064205 0.711219
2 0.64203 0.514614 0.141817 0.138671 0.710669
2 0.466483 0.479544 0.110287 0.144123 0.709312
2 0.642468 0.51477 0.142116 0.138679 0.707824
2 0.909365 0.788581 0.180584 0.233748 0.706794
2 0.129793 0.181099 0.0730983 0.0631798 0.705442
7 0.584804 0.301267 0.199368 0.279509 0.698924
2 0.642232 0.514645 0.14228 0.138761 0.698912
2 0.130157 0.181328 0.073125 0.0619542 0.690565
2 0.642212 0.514609 0.142248 0.13861 0.687185
2 0.642225 0.514889 0.141958 0.137746 0.686734
7 0.584377 0.301773 0.20074 0.279131 0.685519
2 0.466382 0.480137 0.109678 0.143717 0.683653
2 0.64225 0.514823 0.141768 0.138044 0.674864
2 0.909064 0.788564 0.181068 0.234368 0.673724
2 0.129948 0.181208 0.0729652 0.0632733 0.669139
2 0.642156 0.514952 0.141682 0.137735 0.663567
2 0.130028 0.180943 0.0722308 0.0624298 0.660281
2 0.909519 0.786036 0.180026 0.236543 0.641748
2 0.585814 0.11358 0.0346802 0.0468354 0.638483
2 0.466427 0.480092 0.110206 0.14343 0.62652
2 0.466589 0.480163 0.110046 0.144394 0.619195
2 0.585875 0.114635 0.0345522 0.0458926 0.613471
7 0.584564 0.301199 0.20028 0.278969 0.609844
2 0.391413 0.320788 0.100737 0.130932 0.577244
2 0.722288 0.204592 0.0634291 0.0677787 0.569316
2 0.129933 0.181115 0.0741616 0.0632103 0.557917
7 0.583983 0.301821 0.20033 0.279463 0.553409
7 0.584536 0.30158 0.200097 0.278921 0.547941
2 0.451303 0.23395 0.0834038 0.0988145 0.540024
2 0.675628 0.214806 0.0525488 0.0755463 0.531793
2 0.585601 0.113926 0.0341988 0.045827 0.529757
2 0.391293 0.320277 0.100562 0.130629 0.520239
2 0.585452 0.114087 0.0344515 0.0467288 0.518303
2 0.674898 0.21439 0.0532794 0.076348 0.517127
0 0.126185 0.356503 0.0238548 0.0797329 0.510539
2 0.722105 0.203516 0.0641338 0.0649488 0.506433
2 0.391133 0.320745 0.10129 0.130943 0.500268
2 0.451237 0.234 0.083113 0.0989632 0.500211
2 0.586107 0.11458 0.0346573 0.0461148 0.49969
2 0.722341 0.204431 0.0624878 0.0679458 0.495281
3 0.146439 0.41953 0.0544106 0.068154 0.49286
7 0.584334 0.301282 0.200617 0.280161 0.490628
2 0.450948 0.233696 0.083526 0.0992233 0.488869
0 0.126189 0.356481 0.0242089 0.0787458 0.488445
2 0.675115 0.215728 0.0537556 0.0739619 0.488152
0 0.126308 0.354227 0.0243249 0.0765057 0.481275
7 0.584812 0.301421 0.199309 0.28047 0.473183
5 0.289363 0.149021 0.182763 0.146235 0.464308
2 0.451257 0.233987 0.0821608 0.0986491 0.457402
2 0.722304 0.203066 0.0639771 0.0657987 0.457128
0 0.126339 0.352744 0.0242885 0.0719449 0.454261
2 0.391364 0.321245 0.101521 0.131114 0.453603
2 0.675505 0.214355 0.0524218 0.0751311 0.450275
0 0.126366 0.356664 0.023748 0.0795922 0.449791
7 0.584491 0.301202 0.200824 0.279174 0.448339
2 0.45104 0.234139 0.0832691 0.0991747 0.447283
2 0.72183 0.204638 0.0643834 0.0674128 0.44321
2 0.0214985 0.157005 0.0429149 0.0589358 0.435441
2 0.585697 0.113991 0.0349494 0.0477848 0.434872
2 0.5861 0.11447 0.0351341 0.0464403 0.434595
0 0.884817 0.106505 0.0185276 0.0491465 0.434416
2 0.675336 0.216701 0.0526294 0.0728168 0.429578
2 0.0220925 0.156888 0.0439668 0.0595687 0.427111
2 0.721936 0.204171 0.063664 0.0668144 0.421927
2 0.479016 0.0886986 0.0344568 0.0309613 0.421835
2 0.39094 0.32053 0.100846 0.131165 0.421018
2 0.391213 0.321126 0.100518 0.131931 0.420433
0 0.884759 0.105226 0.018819 0.0518399 0.41529
0 0.143446 0.387817 0.0292361 0.0847622 0.410077
3 0.146237 0.419646 0.0564429 0.0679004 0.409302
2 0.676412 0.216752 0.0509712 0.0719912 0.400982
2 0.129978 0.18132 0.0736732 0.0633738 0.399437
2 0.676077 0.215468 0.0531438 0.0732453 0.397789
0 0.145374 0.386758 0.0315405 0.085415 0.393303
0 0.127033 0.35698 0.0246404 0.0795217 0.390537
2 0.391193 0.320622 0.100248 0.131623 0.387478
0 0.142465 0.387 0.0291045 0.0810189 0.378418
0 0.126109 0.359187 0.0231102 0.0862911 0.374462
2 0.722071 0.204176 0.0637175 0.066192 0.37188
3 0.147153 0.419601 0.0573881 0.0693101 0.370105
0 0.142946 0.38765 0.0394 0.086385 0.366044
2 0.626503 0.164072 0.0521162 0.0542831 0.365071
2 0.67626 0.215607 0.0520735 0.0746067 0.363398
2 0.673462 0.215339 0.0575312 0.0746688 0.349181
7 0.584359 0.301137 0.199938 0.279683 0.346807
2 0.0217194 0.15637 0.043345 0.0594392 0.345541
0 0.885742 0.105814 0.0195847 0.0499949 0.345508
5 0.583952 0.301827 0.199901 0.279518 0.342755
2 0.479843 0.0906397 0.0318962 0.0275369 0.341635
3 0.147372 0.414455 0.0558476 0.0664642 0.340628
7 0.391297 0.320846 0.101184 0.131555 0.339359
2 0.450977 0.234014 0.0838041 0.0989748 0.33813
3 0.14753 0.42142 0.0528022 0.0651391 0.338024
2 0.451107 0.23379 0.083456 0.0984827 0.333493
7 0.317922 0.255958 0.0851096 0.101849 0.328755
3 0.146829 0.41983 0.0569091 0.0699904 0.327919
7 0.318122 0.256496 0.0866779 0.0993393 0.327857
2 0.67916 0.158999 0.0530584 0.0622742 0.3272
0 0.158834 0.134003 0.0177268 0.0441062 0.325654
2 0.791223 0.238905 0.0828865 0.0551294 0.323857
2 0.319117 0.256356 0.0862579 0.10291 0.323104
2 0.450772 0.233597 0.0820029 0.0977867 0.318714
3 0.0124249 0.271808 0.0240055 0.0460908 0.315549
2 0.722161 0.20426 0.0635629 0.0671181 0.312762
2 0.721968 0.204292 0.0636513 0.0675259 0.311041
3 0.147065 0.421574 0.0553001 0.0648329 0.309815
2 0.0211799 0.157171 0.0423013 0.0582616 0.306147
2 0.626813 0.161837 0.0526903 0.0517222 0.305774
2 0.390992 0.320818 0.100568 0.132265 0.305223
2 0.722109 0.20412 0.064061 0.0679887 0.30404
2 0.451925 0.234482 0.0835194 0.0960297 0.296812
0 0.149078 0.389207 0.0428739 0.0863206 0.296662
0 0.153032 0.391174 0.0387883 0.0837004 0.295661
7 0.318054 0.256215 0.0852816 0.101196 0.29538
2 0.0214907 0.15659 0.0427503 0.0576527 0.292862
0 0.14139 0.386551 0.0376745 0.08277 0.291437
5 0.698889 0.802793 0.172812 0.277273 0.290734
2 0.6786 0.15796 0.052681 0.0593778 0.287922
0 0.885055 0.103918 0.0187344 0.0534802 0.285583
2 0.627368 0.162779 0.0531387 0.0506422 0.284834
2 0.649013 0.119868 0.0357655 0.0496605 0.27963
2 0.0213896 0.15658 0.0427792 0.0576017 0.277767
2 0.479426 0.089289 0.0313782 0.0293828 0.272659
2 0.130316 0.180872 0.0738007 0.0642485 0.269461
2 0.318106 0.256602 0.0854336 0.101665 0.268086
2 0.626576 0.16164 0.0518906 0.0506998 0.266862
2 0.479827 0.0908781 0.0306207 0.026826 0.265886
2 0.0215131 0.157517 0.04287 0.0584771 0.262669
2 0.479501 0.0884345 0.0317926 0.0303354 0.2624
2 0.0216921 0.157386 0.0433843 0.0579992 0.26158
0 0.159023 0.132129 0.0168403 0.0398103 0.260852
2 0.678392 0.157665 0.0531116 0.0605762 0.259915
2 0.317879 0.255825 0.0852409 0.102199 0.258189
2 0.317966 0.255535 0.0857383 0.102138 0.256799
2 0.790923 0.237678 0.0815324 0.0510002 0.255649
7 0.415582 0.17372 0.0393871 0.0661204 0.253947
2 0.626631 0.161776 0.0536651 0.050928 0.252037
0 0.160596 0.134149 0.0188242 0.0445358 0.250913
0 0.0971369 0.130671 0.0189317 0.0446235 0.248883
0 0.737234 0.0576642 0.0136461 0.0413175 0.248765
2 0.791799 0.240798 0.0817799 0.0578292 0.244622
2 0.678328 0.157704 0.0525916 0.0604763 0.242351
7 0.318462 0.256324 0.0858569 0.100976 0.237803
2 0.649235 0.120427 0.0351528 0.050172 0.237513
3 0.146718 0.412885 0.0552141 0.0701412 0.23639
2 0.678095 0.15725 0.0529409 0.0604069 0.2334
0 0.8859 0.10554 0.0206486 0.0511388 0.23162
0 0.737788 0.0577757 0.0140407 0.0428178 0.23072
2 0.890891 0.288613 0.073937 0.0451946 0.229874
0 0.128841 0.369502 0.0268292 0.101486 0.229399
2 0.626707 0.163286 0.0519297 0.0524231 0.226377
2 0.6276 0.161377 0.0528152 0.0487694 0.226278
2 0.890465 0.289093 0.0740818 0.0459994 0.225648
2 0.765574 0.276187 0.135808 0.126998 0.224087
3 0.0124468 0.265392 0.0248935 0.0581781 0.222427
0 0.143437 0.397299 0.0279241 0.0704087 0.221137
2 0.318321 0.256057 0.0856693 0.101994 0.220224
0 0.101036 0.130661 0.0186835 0.0439205 0.219416
2 0.648661 0.119431 0.0349546 0.05128 0.208636
2 0.627043 0.162781 0.0544808 0.052253 0.208447
2 0.678579 0.156767 0.0525228 0.059956 0.208338
2 0.616023 0.0655343 0.028043 0.0369263 0.206616
0 0.15951 0.134964 0.0206607 0.045738 0.206392
2 0.892085 0.291001 0.0782089 0.0503744 0.204003
2 0.450408 0.233357 0.0852331 0.0994597 0.203921
0 0.737866 0.0574816 0.0131436 0.0417743 0.202198
2 0.89058 0.289779 0.0762177 0.0471167 0.201376
0 0.102414 0.13139 0.0175638 0.044357 0.197561
0 0.0118985 0.258728 0.023797 0.0693296 0.196181
2 0.627405 0.164904 0.0529299 0.053053 0.196133
0 0.886064 0.104659 0.0212219 0.0534668 0.194491
2 0.0210431 0.157339 0.0419714 0.0591298 0.192545
0 0.148823 0.388 0.0414579 0.0863823 0.191754
2 0.678219 0.157581 0.0537897 0.0612822 0.191636
2 0.891179 0.288623 0.074951 0.0458023 0.18915
2 0.129905 0.180766 0.0737516 0.0632443 0.188845
0 0.737053 0.05718 0.0131994 0.0414758 0.18834
0 0.0979492 0.131117 0.0227966 0.0453994 0.187045
7 0.415751 0.173937 0.0385363 0.0669195 0.184655
2 0.479929 0.0901468 0.0329668 0.0289909 0.181004
0 0.0995248 0.131567 0.0220711 0.0456152 0.178667
2 0.765817 0.277885 0.136091 0.123806 0.178306
0 0.518616 0.105257 0.0215672 0.0385728 0.177443
2 0.6791 0.157186 0.0540148 0.0601388 0.175471
2 0.47955 0.0878102 0.0329229 0.0338603 0.174769
0 0.886304 0.104264 0.0197807 0.0517854 0.174231
2 0.0125082 0.268473 0.024859 0.0550949 0.17085
2 0.0216809 0.156813 0.0433617 0.0572321 0.170732
2 0.648805 0.120426 0.036178 0.0483727 0.169703
0 0.160501 0.134572 0.0216558 0.046928 0.168245
2 0.649532 0.121023 0.0360813 0.0493054 0.165434
2 0.678889 0.157919 0.0534073 0.0623751 0.161448
0 0.737281 0.0575723 0.0143089 0.0435492 0.159219
3 0.148717 0.418326 0.0508704 0.061232 0.159072
3 0.0123114 0.259192 0.0245139 0.0697285 0.15821
2 0.630433 0.0903332 0.0331078 0.0427086 0.157781
2 0.790419 0.237744 0.0847482 0.0532568 0.154491
2 0.629873 0.0907668 0.0331724 0.0430063 0.153187
0 0.517252 0.104858 0.0187639 0.0388348 0.151611
5 0.572866 0.0638627 0.0331406 0.0611239 0.150803
5 0.57286 0.068786 0.0319855 0.0561695 0.148933
2 0.0214489 0.157805 0.0427878 0.0573153 0.148384
3 0.0112936 0.272025 0.0225331 0.0462255 0.148311
2 0.632804 0.0954765 0.0385036 0.0321147 0.147451
0 0.140365 0.382496 0.0232998 0.0761172 0.146089
0 0.517039 0.104431 0.0211767 0.0408826 0.145863
0 0.138919 0.386553 0.0354184 0.0848455 0.141705
0 0.0126873 0.259786 0.0253745 0.0691156 0.139207
5 0.861703 0.439415 0.276595 0.384137 0.1359
2 0.627202 0.165306 0.0528433 0.0553351 0.135108
3 0.142739 0.421844 0.0486955 0.0620519 0.133811
2 0.678073 0.154062 0.0532886 0.0548256 0.133794
2 0.648221 0.119686 0.0375719 0.050096 0.133593
0 0.160863 0.133109 0.0213651 0.044202 0.13203
2 0.106351 0.0659798 0.0250301 0.0191006 0.131396
0 0.150183 0.388763 0.0429971 0.085616 0.130479
2 0.67442 0.215001 0.0520757 0.0770781 0.128763
2 0.02109 0.158052 0.041557 0.057148 0.125726
2 0.585029 0.114093 0.0353416 0.0464683 0.125577
0 0.011163 0.255686 0.02232 0.0755563 0.12531
0 0.152446 0.392108 0.0371406 0.0775826 0.122303
2 0.890485 0.289424 0.0746075 0.0462057 0.122187
2 0.894989 0.295664 0.0842419 0.0610312 0.121644
5 0.860399 0.440651 0.278706 0.3895 0.121181
2 0.648282 0.108788 0.0316263 0.0309506 0.121152
2 0.641963 0.514992 0.142076 0.13888 0.120522
0 0.516256 0.104092 0.0175974 0.039136 0.120376
0 0.0940728 0.132093 0.0200814 0.0437673 0.118833
0 0.0982816 0.132017 0.0222938 0.0442725 0.117766
7 0.31848 0.256191 0.0839896 0.100088 0.117127
7 0.318218 0.258556 0.0833643 0.0965392 0.116557
0 0.160639 0.135608 0.0226878 0.0474551 0.114667
2 0.479506 0.0784927 0.0311071 0.04549 0.113577
2 0.675717 0.213796 0.0545038 0.0769003 0.11138
2 0.791537 0.242182 0.0854238 0.0586892 0.111084
0 0.124157 0.360339 0.0274014 0.0860929 0.110063
0 0.737097 0.0565878 0.0132345 0.0403566 0.109587
2 0.790945 0.235464 0.080122 0.0453973 0.108751
3 0.154338 0.415549 0.0387095 0.0522403 0.105905
2 0.771123 0.244964 0.124394 0.0670327 0.105887
0 0.0121133 0.255283 0.0241414 0.0735168 0.1056
2 0.891816 0.289004 0.0752453 0.0466157 0.105019
2 0.790282 0.237296 0.0838437 0.0562531 0.104221
2 0.479448 0.0796404 0.0313849 0.046488 0.102248
0 0.887219 0.10446 0.0216864 0.0525916 0.10176
0 0.737502 0.0564431 0.0137861 0.0432421 0.10071
9 0.954952 0.0350623 0.0113148 0.0279567 0.0988893
3 0.0119729 0.262407 0.0239422 0.0640244 0.0979972
2 0.629729 0.0898574 0.031665 0.0434523 0.0967605
5 0.764348 0.279145 0.13279 0.120928 0.0967365
0 0.315621 0.161106 0.0158203 0.0261377 0.0964521
2 0.629258 0.0930734 0.0331963 0.0411512 0.0964464
2 0.790826 0.241448 0.0852845 0.0605217 0.0958296
3 0.141066 0.424636 0.0443119 0.0579629 0.095022
3 0.0123374 0.273269 0.0242461 0.0460388 0.0948782
3 0.14508 0.416438 0.0532164 0.0618574 0.0944665
