5 0.0868737 0.555444 0.172808 0.400695 0.874606
5 0.0864926 0.55681 0.172372 0.402883 0.863552
5 0.086721 0.556933 0.172195 0.402268 0.858772
5 0.0866391 0.556181 0.172901 0.402566 0.853112
5 0.0867058 0.556827 0.173412 0.403271 0.844811
5 0.0864551 0.556634 0.17184 0.406171 0.829826
5 0.0867988 0.556102 0.173598 0.403902 0.797677
5 0.0869713 0.556556 0.173649 0.399783 0.778623
5 0.0871968 0.556519 0.173298 0.399927 0.765289
5 0.0871999 0.556127 0.1744 0.40143 0.761054
2 0.0982383 0.778393 0.14304 0.205342 0.722377
2 0.0987932 0.778164 0.142935 0.205515 0.717746
2 0.0451337 0.939874 0.0890697 0.119605 0.666116
2 0.0455025 0.939683 0.0896195 0.119624 0.625864
2 0.098107 0.77784 0.142648 0.206553 0.620989
2 0.0451939 0.940359 0.0903086 0.119079 0.614433
2 0.53257 0.180183 0.0335409 0.0405046 0.61292
2 0.434592 0.647937 0.0830473 0.155659 0.611867
2 0.0984609 0.777371 0.143051 0.205513 0.611075
2 0.532514 0.18055 0.0324987 0.0394111 0.609564
2 0.0449939 0.939616 0.0897249 0.119907 0.608467
2 0.0448309 0.940021 0.0893616 0.119526 0.607169
2 0.0451607 0.939754 0.0900097 0.119507 0.606825
2 0.0987806 0.777737 0.143757 0.20858 0.59914
2 0.0448136 0.93984 0.0894279 0.119919 0.597782
2 0.590598 0.899988 0.129405 0.199499 0.588683
5 0.22986 0.281372 0.13151 0.166854 0.559954
5 0.225339 0.289478 0.123858 0.149826 0.546746
2 0.098089 0.778632 0.143661 0.205523 0.546609
2 0.357834 0.194148 0.0433633 0.0437878 0.542296
2 0.532574 0.180792 0.034063 0.0403345 0.541353
5 0.227084 0.289131 0.127038 0.150837 0.540954
2 0.0990108 0.776705 0.142801 0.206342 0.540841
2 0.434445 0.648806 0.0830199 0.154498 0.532041
2 0.0990415 0.778085 0.143113 0.207929 0.528995
2 0.532386 0.181166 0.0336975 0.0401964 0.528249
5 0.225119 0.289903 0.12434 0.148425 0.527132
2 0.434393 0.64849 0.0823321 0.155378 0.522692
2 0.532733 0.181496 0.0333598 0.0387536 0.521137
2 0.0454638 0.939687 0.0896971 0.11995 0.519148
5 0.22736 0.289527 0.128641 0.149283 0.51742
2 0.434722 0.648104 0.0830267 0.156377 0.515618
2 0.434633 0.647633 0.083439 0.155541 0.510488
2 0.532412 0.180986 0.0325237 0.0391942 0.508469
5 0.176433 0.644227 0.087536 0.154961 0.497974
2 0.434318 0.648183 0.082508 0.155323 0.494663
5 0.224654 0.290623 0.124086 0.146826 0.494464
5 0.176274 0.644197 0.0876463 0.154902 0.492701
2 0.0453471 0.940211 0.0890977 0.11909 0.484245
2 0.43475 0.646879 0.0833809 0.157918 0.483328
5 0.233939 0.275687 0.141151 0.177562 0.479344
2 0.3569 0.194876 0.0405084 0.0424777 0.478993
5 0.176511 0.644018 0.0874768 0.155065 0.47628
5 0.176528 0.644061 0.0870972 0.154557 0.474531
2 0.429441 0.844252 0.106584 0.226888 0.471071
2 0.222083 0.894704 0.138685 0.207565 0.468839
5 0.176366 0.644124 0.0877548 0.154803 0.467404
5 0.224816 0.290371 0.124112 0.147209 0.466673
2 0.429944 0.845564 0.106059 0.228863 0.454348
0 0.361367 0.268976 0.0156234 0.0526462 0.441669
2 0.220688 0.895278 0.14169 0.207481 0.430555
2 0.435267 0.646447 0.0845186 0.159469 0.4245
0 0.33448 0.261511 0.0136248 0.0488899 0.420648
2 0.429422 0.845448 0.106298 0.228583 0.418201
2 0.590998 0.89968 0.125317 0.200111 0.413076
2 0.221302 0.895208 0.14124 0.207909 0.411663
5 0.176506 0.644204 0.0870028 0.155001 0.400572
2 0.588231 0.896718 0.121968 0.191738 0.393399
2 0.565495 0.141442 0.0244111 0.035192 0.392532
2 0.589901 0.899698 0.126125 0.200208 0.392063
2 0.43414 0.649484 0.0819673 0.153765 0.391181
2 0.221753 0.894565 0.140769 0.209385 0.390721
2 0.221943 0.894483 0.140761 0.209926 0.390299
2 0.357984 0.194715 0.0429468 0.0425418 0.389795
0 0.3614 0.26838 0.0155181 0.0532042 0.389656
2 0.434794 0.646489 0.0843211 0.15807 0.386027
2 0.583721 0.726149 0.0940159 0.175786 0.384985
0 0.334133 0.262794 0.0145731 0.0492475 0.382642
2 0.355956 0.194847 0.0373883 0.0423082 0.378624
0 0.361496 0.266469 0.0156175 0.0513679 0.378415
0 0.361604 0.268652 0.0151529 0.054889 0.377447
2 0.583457 0.726673 0.0935072 0.176857 0.374107
2 0.220827 0.895035 0.142632 0.208529 0.368428
2 0.565365 0.140847 0.0251769 0.0370752 0.365763
0 0.334507 0.26179 0.0129737 0.047945 0.364877
2 0.430514 0.845514 0.106213 0.227138 0.362543
2 0.589402 0.899011 0.125314 0.197924 0.357778
2 0.466467 0.138723 0.0265059 0.0362164 0.353302
2 0.429635 0.846587 0.106446 0.229428 0.337427
0 0.362064 0.269563 0.0157182 0.0523557 0.331318
5 0.17639 0.643639 0.0872264 0.154692 0.327352
5 0.229549 0.286134 0.130185 0.157901 0.32673
5 0.233944 0.268529 0.141735 0.194037 0.322715
2 0.236595 0.511322 0.0891191 0.135875 0.321415
2 0.565033 0.142843 0.0250462 0.0353282 0.319411
2 0.430194 0.845428 0.106308 0.228209 0.31759
2 0.357013 0.193577 0.0429535 0.0437871 0.313894
0 0.362193 0.27031 0.0129513 0.0507576 0.312775
2 0.58904 0.899205 0.125613 0.197366 0.310262
2 0.532785 0.180943 0.0339468 0.0396478 0.303272
2 0.396496 0.150636 0.0289568 0.0236662 0.301923
2 0.236568 0.511315 0.0891859 0.135441 0.299292
5 0.226681 0.289457 0.126902 0.149982 0.29749
5 0.234786 0.264438 0.141928 0.204146 0.295913
5 0.58362 0.727477 0.0935119 0.176647 0.295155
2 0.236933 0.511328 0.0886743 0.136257 0.294269
2 0.532862 0.180641 0.0342445 0.0393626 0.293264
2 0.429768 0.845351 0.106375 0.22844 0.29126
2 0.58855 0.89952 0.124331 0.197368 0.278553
0 0.361747 0.269354 0.0158434 0.0531555 0.277404
2 0.589473 0.899868 0.127155 0.199878 0.277167
2 0.236706 0.511229 0.0890428 0.136448 0.274508
2 0.58833 0.899442 0.124229 0.197451 0.270388
5 0.583671 0.727276 0.0940697 0.176906 0.269842
5 0.236299 0.267329 0.143382 0.198348 0.267687
2 0.565135 0.142557 0.0244427 0.0328942 0.266723
0 0.334902 0.259447 0.0138148 0.0474862 0.253351
2 0.236623 0.511028 0.089121 0.136277 0.253182
7 0.236684 0.511012 0.0889006 0.136388 0.252486
5 0.176031 0.644066 0.0875923 0.154462 0.24909
2 0.583398 0.727187 0.0931116 0.177374 0.24823
5 0.234815 0.270652 0.143763 0.19117 0.242906
5 0.176105 0.644194 0.0877115 0.154793 0.240503
2 0.236701 0.511077 0.0880898 0.135618 0.239397
0 0.361824 0.268252 0.0163195 0.0536384 0.238653
5 0.46573 0.0618392 0.0262604 0.0456952 0.234726
2 0.430088 0.845025 0.106912 0.228589 0.233772
7 0.236926 0.511162 0.0897615 0.136305 0.229329
2 0.565394 0.14094 0.0249899 0.0360501 0.228995
2 0.53305 0.180577 0.0341531 0.0412803 0.227601
2 0.565438 0.142039 0.0243862 0.0343791 0.225909
2 0.58327 0.727506 0.0929543 0.17747 0.22496
7 0.236442 0.511089 0.0895401 0.135536 0.223783
2 0.397832 0.145023 0.0329955 0.0345071 0.223135
0 0.36086 0.271308 0.0148497 0.049961 0.220278
2 0.466482 0.139374 0.0260832 0.0347822 0.219397
2 0.58323 0.726816 0.0944228 0.177427 0.217313
5 0.39243 0.081964 0.0415081 0.0494837 0.215514
2 0.589295 0.898671 0.122067 0.196747 0.21165
2 0.466586 0.139795 0.0262777 0.0348243 0.209423
2 0.430587 0.845319 0.107443 0.227906 0.204205
2 0.466553 0.13908 0.0268197 0.036492 0.203884
2 0.221212 0.896095 0.141336 0.206318 0.198248
2 0.590077 0.899041 0.123656 0.196887 0.197585
2 0.220602 0.895252 0.13942 0.208139 0.195858
7 0.236968 0.511641 0.0899846 0.136094 0.194691
5 0.225536 0.290117 0.124942 0.14844 0.193817
0 0.334076 0.264517 0.0139762 0.0457982 0.184396
2 0.356438 0.19363 0.0401991 0.0428207 0.182164
2 0.583359 0.727053 0.0939394 0.1771 0.178302
0 0.362769 0.272334 0.0158991 0.0481516 0.175997
5 0.583368 0.727761 0.0933393 0.176739 0.17569
2 0.583154 0.727901 0.0935699 0.177312 0.175146
2 0.565092 0.143549 0.0246086 0.0316834 0.172505
2 0.591479 0.900036 0.129999 0.199391 0.164001
5 0.39111 0.0896642 0.0453496 0.0659118 0.156621
5 0.266271 0.24253 0.079466 0.11326 0.156553
0 0.706416 0.142361 0.0119802 0.0295783 0.151078
5 0.232547 0.274696 0.141605 0.181863 0.148793
0 0.668222 0.100944 0.0124504 0.0232923 0.140278
2 0.398481 0.142276 0.0347283 0.0391217 0.139576
7 0.344322 0.171054 0.0531479 0.0703398 0.139191
0 0.0169229 0.262677 0.0168883 0.0483566 0.133131
0 0.0179139 0.256866 0.0174519 0.0483735 0.132949
2 0.357845 0.192701 0.044663 0.0420149 0.132289
0 0.335215 0.259102 0.0156934 0.056374 0.131779
2 0.53299 0.180718 0.033144 0.0411733 0.13161
5 0.299992 0.164918 0.0412142 0.0537996 0.131506
2 0.356734 0.195192 0.0395186 0.041465 0.131014
2 0.397212 0.146802 0.0317403 0.0298505 0.130546
5 0.438113 0.0653162 0.0351276 0.0471617 0.128505
0 0.75929 0.124118 0.0143468 0.0184035 0.123602
0 0.128735 0.204023 0.0107906 0.0256711 0.123067
5 0.341533 0.167997 0.0466435 0.0628422 0.119961
0 0.107057 0.336019 0.0106512 0.0360197 0.119324
0 0.361559 0.260488 0.016351 0.0436141 0.117183
0 0.995222 0.24613 0.00869942 0.0416413 0.11567
5 0.0546115 0.5981 0.10888 0.340075 0.11493
2 0.356696 0.192921 0.0468104 0.0417365 0.114189
5 0.341557 0.168571 0.0474035 0.0664665 0.114036
5 0.465647 0.0608681 0.024151 0.0439284 0.112612
0 0.706457 0.140538 0.0112112 0.028802 0.112389
2 0.667196 0.100099 0.0139584 0.0247766 0.111994
2 0.221814 0.89436 0.138533 0.206694 0.111455
2 0.0989148 0.777666 0.143171 0.207431 0.110729
0 0.336413 0.260017 0.0175908 0.0513359 0.108815
5 0.227611 0.28979 0.1278 0.150754 0.107059
5 0.438999 0.0617758 0.0340248 0.0430348 0.106683
5 0.339161 0.168299 0.0410461 0.0620114 0.106502
0 0.0200637 0.250751 0.0166579 0.0449191 0.106192
0 0.758779 0.123617 0.0127919 0.0178401 0.103821
2 0.355609 0.195502 0.0404387 0.0406847 0.103712
2 0.429246 0.844413 0.106893 0.225936 0.101768
5 0.268234 0.1219 0.0259624 0.0376887 0.10176
5 0.394142 0.0781681 0.0456765 0.0437285 0.101221
0 0.016658 0.266312 0.0180032 0.0503491 0.0996664
2 0.301214 0.173384 0.0370945 0.0384707 0.0987214
0 0.906473 0.219513 0.0130962 0.0503837 0.0947453
0 0.619571 0.0690327 0.012369 0.0260218 0.0925384
5 0.340266 0.168763 0.0452006 0.0637958 0.0915761
0 0.907014 0.216777 0.0121311 0.0470898 0.0908903
0 0.0171332 0.258467 0.0187353 0.0470903 0.0908803
5 0.454843 0.0619383 0.0480127 0.0457505 0.0908781
0 0.995235 0.245968 0.00881386 0.0404997 0.0896776
2 0.440868 0.112569 0.0206299 0.0266504 0.0885192
0 0.336053 0.261503 0.0175532 0.0515494 0.0835777
0 0.794446 0.116473 0.0116834 0.0312817 0.082366
5 0.390948 0.116824 0.0445242 0.0585773 0.0821419
7 0.344978 0.170161 0.0511618 0.0647981 0.0821348
5 0.268975 0.121377 0.0248611 0.0376406 0.0804032
5 0.0910029 0.468507 0.160519 0.229295 0.0793972
5 0.300028 0.171983 0.0348822 0.0406618 0.079393
0 0.995397 0.244895 0.00850525 0.0417947 0.0786116
5 0.464719 0.0612612 0.0276897 0.0445291 0.0782232
0 0.916556 0.201572 0.0272583 0.0822839 0.0775241
5 0.391629 0.0939571 0.0439213 0.0633783 0.0763353
0 0.79379 0.115717 0.0112999 0.0315568 0.0751567
5 0.227679 0.151501 0.0312124 0.0342674 0.0750182
5 0.466183 0.0580831 0.0236311 0.0411122 0.0742008
2 0.225643 0.859227 0.128872 0.133203 0.0706314
2 0.226525 0.152751 0.0312371 0.0326296 0.0705205
2 0.449565 0.598588 0.0604746 0.0665892 0.069823
5 0.581388 0.043211 0.0216307 0.0276703 0.0697975
2 0.299162 0.175719 0.031976 0.0354068 0.0692701
2 0.222568 0.895104 0.136994 0.208102 0.0690478
2 0.440904 0.110373 0.0205865 0.0294506 0.0690475
0 0.33634 0.263818 0.0176934 0.0524612 0.0685545
5 0.0888237 0.469683 0.164737 0.230963 0.0685393
5 0.392586 0.116156 0.0414833 0.057261 0.067893
5 0.391747 0.0958262 0.0430096 0.0537681 0.067219
0 0.906005 0.165038 0.0119598 0.0187627 0.0669709
5 0.225638 0.152489 0.028665 0.0329201 0.0666938
0 0.106938 0.332905 0.0121788 0.041824 0.0666458
5 0.0542781 0.589018 0.108384 0.332184 0.0657554
0 0.866419 0.15734 0.0110874 0.0362702 0.0645611
5 0.0889366 0.470131 0.163877 0.231516 0.0645583
2 0.212253 0.87725 0.0887883 0.0924118 0.0643813
2 0.300902 0.171554 0.036861 0.0403735 0.0631993
5 0.264617 0.240533 0.0840074 0.112234 0.0631684
2 0.467043 0.140414 0.0280451 0.0346296 0.0624938
2 0.447767 0.598925 0.0635126 0.0672764 0.0623499
5 0.226688 0.151642 0.0299205 0.0333276 0.0621187
5 0.432842 0.0690424 0.0265934 0.0366295 0.0619093
5 0.581903 0.035775 0.022723 0.0415059 0.0607425
2 0.211583 0.88136 0.0882482 0.0818926 0.0605129
7 0.335163 0.169064 0.0324985 0.0609743 0.0601721
2 0.590835 0.900139 0.129396 0.199015 0.0598758
2 0.0983891 0.777071 0.142754 0.205791 0.0585716
0 0.906755 0.224735 0.012944 0.0416443 0.0576233
2 0.567489 0.141689 0.0316519 0.0387841 0.0574561
5 0.263818 0.242668 0.0864175 0.113712 0.0567073
0 0.921279 0.219237 0.0163944 0.0533071 0.0559946
0 0.0228634 0.236423 0.013916 0.0283839 0.0556726
2 0.466133 0.139024 0.0253122 0.034202 0.0555822
0 0.606353 0.182498 0.00996151 0.0179376 0.0539854
5 0.26955 0.12298 0.0260814 0.0401844 0.0533351
0 0.906293 0.163572 0.0124908 0.0186105 0.052892
0 0.0568311 0.237662 0.0112131 0.0256531 0.0526202
5 0.433527 0.0779657 0.0265628 0.0364039 0.052482
2 0.0430451 0.128183 0.0464673 0.0154723 0.0523781
2 0.448812 0.597499 0.06227 0.0649187 0.0519055
0 0.129058 0.201804 0.0122246 0.0298202 0.051866
5 0.267299 0.12214 0.0296968 0.0402605 0.0513883
2 0.211554 0.88449 0.0875901 0.0750383 0.0513857
5 0.391425 0.102321 0.0421309 0.0502065 0.0512017
5 0.176408 0.644413 0.0870947 0.154468 0.0511142
5 0.299422 0.166127 0.0416204 0.0544443 0.0508734
5 0.299884 0.166283 0.0387339 0.0479631 0.0500827
2 0.447317 0.59777 0.0636725 0.0661242 0.0500685
0 0.0177632 0.254337 0.0191162 0.0466416 0.0499173
5 0.392716 0.0889124 0.0489239 0.0647273 0.0484062
5 0.267029 0.242142 0.0783198 0.110519 0.0483267
5 0.341204 0.167188 0.0448873 0.0627718 0.0474642
0 0.33599 0.264505 0.0155092 0.0528817 0.0469073
0 0.922314 0.225666 0.0141365 0.0402952 0.0466331
7 0.344802 0.173561 0.0445674 0.0603405 0.0465419
0 0.0568193 0.236041 0.011654 0.0272386 0.0459777
0 0.794576 0.117622 0.0116661 0.0320549 0.0455024
2 0.045431 0.128357 0.0537442 0.0182268 0.0444501
2 0.227252 0.859037 0.125778 0.133772 0.0439841
0 0.721215 0.0458663 0.015501 0.0347858 0.0438859
0 0.917741 0.217147 0.0247711 0.0548761 0.0432353
0 0.347452 0.267595 0.0180462 0.0488977 0.0431385
5 0.435603 0.0604976 0.0278023 0.0386738 0.0420229
5 0.390435 0.100053 0.0444953 0.0544441 0.0416248
5 0.263996 0.242232 0.0860067 0.11654 0.0411891
2 0.219691 0.897491 0.142132 0.20424 0.0411757
0 0.65344 0.120013 0.0112398 0.0243437 0.0411441
5 0.269286 0.123653 0.0262484 0.0399542 0.0399889
5 0.318359 0.166396 0.0761959 0.0566128 0.0397552
0 0.867477 0.15819 0.00981102 0.0344851 0.0388309
5 0.392086 0.101802 0.0400388 0.0468764 0.038808
5 0.459207 0.0580844 0.0349953 0.0441431 0.0383921
2 0.211018 0.884702 0.0867216 0.0747112 0.0383285
5 0.392643 0.121062 0.0422111 0.0606464 0.0382762
0 0.91172 0.163148 0.0130308 0.0156352 0.0380931
2 0.228977 0.855781 0.115422 0.127423 0.0378823
0 0.72103 0.0444084 0.0155842 0.0343658 0.0376638
5 0.392821 0.0915005 0.0461753 0.0661075 0.0375305
5 0.0540383 0.558555 0.107944 0.277314 0.0373489
