2 0.648969 0.168328 0.0465519 0.0483023 0.749329
2 0.64913 0.16781 0.0458103 0.0480274 0.74898
2 0.649525 0.168385 0.0455866 0.0485175 0.742172
2 0.648851 0.168093 0.0456435 0.048559 0.712053
2 0.515776 0.199899 0.0600629 0.0582088 0.707523
6 0.0666955 0.667693 0.133061 0.254244 0.68929
6 0.0667486 0.668403 0.133472 0.255248 0.687939
2 0.613971 0.129202 0.0367374 0.0417522 0.68694
2 0.516469 0.199316 0.0605577 0.0589868 0.683787
2 0.614087 0.12912 0.0359101 0.0440073 0.679639
2 0.648667 0.1681 0.0451313 0.0483641 0.676598
2 0.614153 0.129158 0.0360874 0.0432574 0.671722
2 0.648796 0.167681 0.0452672 0.0480661 0.656452
2 0.649045 0.168206 0.0451403 0.0482965 0.649083
2 0.614303 0.12943 0.0354874 0.0433978 0.631959
2 0.614211 0.129877 0.0358151 0.0427989 0.63067
6 0.066767 0.665408 0.133137 0.25223 0.630524
2 0.543965 0.213926 0.0610826 0.0637444 0.628242
2 0.372335 0.252218 0.0734991 0.0673883 0.626745
2 0.788296 0.650427 0.112101 0.200951 0.621024
2 0.649113 0.167641 0.045452 0.0468206 0.62038
6 0.0667991 0.665442 0.133598 0.253871 0.616075
2 0.372542 0.252118 0.0735409 0.0673521 0.609126
2 0.51772 0.199955 0.0619917 0.0579008 0.60782
2 0.524267 0.200995 0.0752327 0.0583797 0.59267
2 0.905129 0.112302 0.0280178 0.0427004 0.584762
2 0.544704 0.214842 0.0609307 0.0629126 0.581592
2 0.372418 0.252513 0.073258 0.0676603 0.581365
2 0.705572 0.0716498 0.0244773 0.0281978 0.576216
2 0.905097 0.112385 0.0285252 0.0430193 0.567336
2 0.61366 0.12889 0.036453 0.0425194 0.566405
2 0.544249 0.214456 0.0606016 0.0627903 0.565037
2 0.648991 0.167604 0.0457237 0.0478199 0.561417
2 0.614206 0.130589 0.0375988 0.0439282 0.549262
2 0.372589 0.252502 0.0735025 0.0676862 0.540898
2 0.543979 0.214804 0.0598707 0.0642678 0.537698
2 0.544254 0.214776 0.0602505 0.0653384 0.536604
2 0.789015 0.651153 0.111325 0.201361 0.534522
2 0.788396 0.650608 0.111873 0.202256 0.531639
2 0.633199 0.0977732 0.0289816 0.0326605 0.526278
2 0.544444 0.215031 0.0598415 0.0628224 0.526026
2 0.372363 0.25225 0.0725904 0.067678 0.519082
2 0.372782 0.252298 0.0740809 0.0675195 0.510892
2 0.705733 0.0710855 0.0243776 0.0289087 0.505715
2 0.633186 0.098021 0.0281683 0.0322494 0.503431
2 0.544573 0.215112 0.0602423 0.0627468 0.498865
6 0.0667451 0.674773 0.13349 0.260124 0.498675
2 0.787991 0.651965 0.112218 0.202611 0.493699
2 0.788533 0.651064 0.111392 0.201326 0.490091
2 0.788909 0.651245 0.110738 0.200912 0.485479
2 0.788868 0.650941 0.111207 0.202976 0.481712
2 0.632329 0.0983924 0.0284884 0.032524 0.478957
2 0.372656 0.252779 0.0726395 0.0681963 0.478268
2 0.633549 0.0975282 0.0282814 0.0329232 0.477243
2 0.904658 0.11199 0.0295269 0.0424556 0.473942
2 0.904726 0.112427 0.0295479 0.041972 0.473439
2 0.651086 0.332204 0.0703495 0.0726532 0.469456
2 0.543822 0.215339 0.0609803 0.0640057 0.468747
2 0.514141 0.200285 0.0558002 0.0577445 0.468297
2 0.544253 0.215042 0.0613233 0.0639057 0.46755
2 0.512666 0.20113 0.0540052 0.0586416 0.467248
2 0.650119 0.167683 0.0452231 0.0473586 0.463115
2 0.70661 0.0710386 0.0269175 0.0310143 0.46016
2 0.905323 0.111202 0.0283169 0.044932 0.457006
2 0.651026 0.332248 0.0704828 0.0734536 0.450678
6 0.0669727 0.667142 0.133945 0.25962 0.44705
6 0.0670076 0.67448 0.133731 0.260708 0.446894
2 0.651016 0.3324 0.0704629 0.0730962 0.445028
2 0.651201 0.332245 0.0705772 0.073416 0.438752
2 0.372136 0.252506 0.072705 0.0670097 0.437829
2 0.61422 0.129225 0.0367208 0.0456909 0.43734
2 0.74913 0.0836249 0.0259178 0.0321878 0.43336
2 0.911489 0.0635789 0.0226154 0.0293558 0.408401
2 0.544238 0.214313 0.0601734 0.0627417 0.407775
2 0.905324 0.112615 0.0293276 0.0421263 0.406395
2 0.632595 0.0981948 0.0286667 0.032986 0.404387
2 0.745926 0.0850598 0.0193478 0.0290163 0.393643
6 0.0668645 0.665878 0.13356 0.257478 0.392244
2 0.650892 0.332834 0.0711203 0.0737825 0.37891
2 0.758456 0.053784 0.0275576 0.0261571 0.37236
2 0.757243 0.0524173 0.0301468 0.0280627 0.368272
2 0.6512 0.332171 0.0708244 0.0736483 0.365255
2 0.911523 0.063618 0.0225883 0.0294084 0.364683
2 0.544222 0.214912 0.0593807 0.0615121 0.324049
6 0.0667289 0.663502 0.133035 0.220927 0.304398
2 0.788009 0.651347 0.112209 0.201287 0.295021
2 0.515726 0.198425 0.0562348 0.0554953 0.294856
2 0.705658 0.07085 0.0262987 0.0305985 0.285573
2 0.911973 0.0631439 0.0229649 0.0297784 0.280858
2 0.749201 0.0832602 0.0263635 0.0312866 0.271372
2 0.905303 0.113609 0.0281618 0.0404319 0.267863
2 0.788751 0.650723 0.111975 0.203586 0.257497
2 0.513263 0.201841 0.0559008 0.0545277 0.25227
2 0.815874 0.177869 0.0596842 0.101972 0.243128
2 0.905653 0.112552 0.0303232 0.0439378 0.234347
2 0.748686 0.0834783 0.0263103 0.032056 0.232675
2 0.648697 0.16786 0.0447052 0.0483519 0.227991
2 0.905099 0.11278 0.0284039 0.0427394 0.225805
2 0.912441 0.0636929 0.0225155 0.0289852 0.21721
2 0.788929 0.650827 0.111646 0.202484 0.212164
2 0.631922 0.0977921 0.03069 0.0316055 0.205943
2 0.904746 0.111134 0.0290337 0.0447864 0.201366
2 0.817149 0.175249 0.0615841 0.109749 0.20066
2 0.519657 0.201212 0.0645949 0.058025 0.187107
7 0.817823 0.171212 0.0623465 0.115844 0.184978
2 0.515548 0.196579 0.0534227 0.0520603 0.180253
2 0.51534 0.200051 0.0575432 0.0568162 0.177057
6 0.0663792 0.66535 0.132505 0.216506 0.176605
5 0.8175 0.171209 0.061972 0.116615 0.176466
2 0.705682 0.0715029 0.026301 0.0296659 0.175863
2 0.817649 0.174765 0.063257 0.111453 0.173642
2 0.759798 0.0537623 0.026025 0.0272253 0.168945
2 0.706836 0.070512 0.0276413 0.030159 0.164428
2 0.817527 0.172636 0.061964 0.114545 0.163681
2 0.707074 0.0715486 0.0274448 0.0280602 0.161023
7 0.650517 0.332367 0.070051 0.0729615 0.153523
2 0.887882 0.0433428 0.019175 0.0278249 0.148826
2 0.816145 0.178418 0.0607065 0.102221 0.14813
2 0.705806 0.0725184 0.0271381 0.0340066 0.143686
2 0.756561 0.0521433 0.0318607 0.0263052 0.140246
2 0.817222 0.172303 0.0618607 0.11581 0.137199
2 0.710713 0.0453614 0.0243467 0.0214462 0.132066
6 0.0668353 0.711644 0.133671 0.33453 0.126126
2 0.516022 0.197498 0.056535 0.0535675 0.12359
6 0.0661417 0.671958 0.131753 0.213559 0.123546
2 0.78748 0.0459027 0.0179846 0.0303006 0.122886
2 0.757872 0.052467 0.031344 0.0301245 0.122035
2 0.544774 0.215788 0.0591246 0.0624091 0.121551
2 0.372526 0.252942 0.0710765 0.0666866 0.121486
2 0.905864 0.111305 0.0300186 0.0449751 0.117013
7 0.651022 0.331875 0.0700218 0.0732273 0.116336
2 0.816093 0.176881 0.0610027 0.104866 0.115509
2 0.887454 0.0430986 0.020631 0.0282296 0.114561
2 0.734086 0.0429002 0.0184823 0.0216643 0.112241
2 0.650628 0.332466 0.0707626 0.0728075 0.109515
5 0.818766 0.170758 0.0591526 0.117876 0.105817
2 0.514382 0.20029 0.0570704 0.0584139 0.102899
2 0.749647 0.0480225 0.0270147 0.0264282 0.102029
6 0.0664095 0.671885 0.132584 0.216381 0.1014
2 0.823241 0.140577 0.0497406 0.0533333 0.0963745
2 0.823247 0.141941 0.0489693 0.0536965 0.0953545
0 0.787151 0.0465883 0.0176561 0.0288787 0.0942583
2 0.950142 0.0575881 0.0203081 0.025784 0.0941128
2 0.63266 0.098964 0.0260683 0.0344281 0.093355
2 0.757434 0.0527645 0.0321217 0.029664 0.0910123
2 0.650943 0.331941 0.0704815 0.0712192 0.0901481
6 0.0666353 0.666656 0.132792 0.214423 0.0900372
2 0.614461 0.129658 0.0375147 0.0436691 0.0893444
2 0.787531 0.0452351 0.017135 0.0297701 0.0866982
2 0.88808 0.0442409 0.020174 0.0277835 0.0855463
2 0.950138 0.0578824 0.0205719 0.0262872 0.0849465
2 0.78897 0.0450816 0.0162036 0.03166 0.0801089
6 0.0673796 0.709423 0.134336 0.328583 0.0784985
2 0.911804 0.0635306 0.0270859 0.0291811 0.0734119
2 0.710821 0.0453014 0.0225128 0.0197167 0.0732283
2 0.635025 0.0968235 0.0298243 0.0339826 0.0691012
2 0.735067 0.0419551 0.015844 0.0268283 0.0678556
2 0.815566 0.183664 0.0591553 0.087713 0.0615992
2 0.950341 0.0587244 0.0199852 0.0247845 0.0586652
5 0.820386 0.148127 0.0556499 0.073279 0.0564842
2 0.787467 0.0444116 0.0186853 0.0317359 0.0544196
2 0.758883 0.0486719 0.0341143 0.0356856 0.0517479
2 0.891308 0.0409878 0.0283527 0.0310661 0.051027
2 0.822473 0.0184263 0.0252277 0.0251427 0.0492983
2 0.822915 0.142055 0.0496965 0.0560897 0.0491558
2 0.634133 0.0965457 0.029549 0.0324119 0.0480087
5 0.822472 0.17191 0.0727699 0.117421 0.0474795
2 0.826552 0.0184687 0.0227394 0.0236239 0.0471864
0 0.787632 0.0457424 0.0175072 0.0291938 0.0426933
6 0.0666227 0.659553 0.132721 0.223854 0.0413437
2 0.708503 0.0562787 0.0270168 0.0362573 0.0404916
2 0.787671 0.0453044 0.0190422 0.0330494 0.0397656
2 0.889611 0.0420218 0.0254776 0.030994 0.0396409
2 0.917453 0.0335872 0.0193295 0.0282726 0.0393762
2 0.706916 0.0685765 0.0259833 0.0325069 0.0390937
2 0.823674 0.140325 0.0480398 0.051907 0.0381956
2 0.892438 0.0399699 0.0311951 0.0346502 0.0369827
2 0.949695 0.0581306 0.0204861 0.0252017 0.0362686
2 0.823551 0.141177 0.0483238 0.0547887 0.0353908
2 0.542839 0.213032 0.0630549 0.0649272 0.0328556
2 0.82398 0.0164241 0.0313787 0.0308241 0.0313958
2 0.649241 0.168468 0.0455001 0.0479691 0.0309261
2 0.822732 0.142514 0.0495186 0.0570805 0.0295456
2 0.73667 0.0409552 0.0219728 0.0288342 0.0282345
2 0.612253 0.129159 0.039938 0.0445957 0.0278759
2 0.734845 0.0397551 0.0181519 0.0232267 0.027386
2 0.751362 0.0824882 0.0281134 0.0335748 0.0267023
2 0.828316 0.0120813 0.0301556 0.0226563 0.025945
2 0.816941 0.172146 0.0634075 0.115852 0.025329
0 0.747011 0.0786369 0.027466 0.0446305 0.024899
2 0.773977 0.0762812 0.0759708 0.0485379 0.0246744
2 0.823381 0.138246 0.0497917 0.0501088 0.0236804
2 0.753804 0.0763892 0.0332861 0.0428188 0.0234554
2 0.615236 0.129861 0.0388319 0.0425082 0.0232721
2 0.612355 0.121745 0.0346745 0.0420589 0.0222036
2 0.950241 0.0500424 0.0225712 0.0412687 0.0220211
2 0.82337 0.139397 0.0493744 0.0531229 0.0216846
2 0.734195 0.0475156 0.0210122 0.0246739 0.020653
2 0.815261 0.180592 0.0589035 0.0924632 0.0206203
2 0.821769 0.143131 0.0481878 0.0559432 0.0194833
2 0.887055 0.0437418 0.0213448 0.0291162 0.018895
2 0.539572 0.21159 0.0701302 0.0652855 0.0187385
2 0.705661 0.0694842 0.0284205 0.0335953 0.0182643
2 0.648982 0.1675 0.0462089 0.0479515 0.0179623
2 0.814655 0.193209 0.0576513 0.0700976 0.0172635
2 0.822733 0.143673 0.0477375 0.0564878 0.0160535
0 0.956971 0.00819358 0.0136135 0.0161522 0.0155599
2 0.756497 0.0464335 0.0384974 0.039097 0.015416
2 0.950891 0.0501803 0.0229519 0.0414126 0.0153764
2 0.37296 0.252231 0.0748064 0.0665328 0.0145183
2 0.526372 0.201994 0.0771637 0.0615294 0.0141775
2 0.821768 0.146344 0.04664 0.0519505 0.0140985
2 0.602545 0.126661 0.0598549 0.0476718 0.0138304
2 0.505449 0.211084 0.0398468 0.0380696 0.0135149
2 0.906427 0.109661 0.0303843 0.0506281 0.0130743
2 0.745408 0.0824157 0.0327321 0.0353276 0.0128253
2 0.817576 0.332622 0.0308813 0.0697378 0.0127914
5 0.848145 0.0247727 0.0624172 0.0495454 0.0124672
0 0.842723 0.110162 0.0112698 0.0149381 0.0114045
0 0.0927777 0.0535786 0.0164472 0.0257625 0.0110273
2 0.902014 0.11249 0.0338165 0.0412277 0.010737
2 0.905761 0.11427 0.0306332 0.040573 0.0106217
2 0.916138 0.0346952 0.0197174 0.0307051 0.0104949
2 0.817149 0.157483 0.0468006 0.0366581 0.0104605
5 0.91375 0.0228339 0.0327286 0.0425262 0.0104069
2 0.543455 0.213758 0.0618476 0.0617673 0.0103543
2 0.708063 0.0538435 0.0260719 0.0471384 0.0103336
0 0.671965 0.312457 0.0259618 0.0318898 0.0101953
2 0.899391 0.0195202 0.0174007 0.0218758 0.0101335
2 0.930601 0.050208 0.0623314 0.0525239 0.00981137
2 0.840959 0.00565238 0.0243856 0.0113048 0.00972856
2 0.881909 0.0192698 0.0150173 0.0198975 0.00945729
5 0.851981 0.0254661 0.0724638 0.0509322 0.00917787
2 0.815546 0.167009 0.0584469 0.0721931 0.00911229
2 0.823093 0.140024 0.0485294 0.0510819 0.00873182
7 0.816836 0.170851 0.0650993 0.117196 0.00864871
5 0.914152 0.0477144 0.0287376 0.0487765 0.00847592
2 0.627547 0.102923 0.025608 0.0219449 0.00838623
0 0.668189 0.298069 0.0237392 0.0273475 0.00793368
2 0.373068 0.252414 0.073935 0.0667443 0.0077777
2 0.829496 0.0300603 0.0176409 0.0228649 0.00761163
2 0.893957 0.0401935 0.0322731 0.0362593 0.00759496
2 0.816175 0.174926 0.061006 0.110475 0.0075182
0 0.256833 0.00697899 0.023149 0.013958 0.00735513
5 0.821267 0.14024 0.0535862 0.0630219 0.0073312
5 0.848571 0.0265455 0.0594358 0.0503468 0.00711506
0 0.016498 0.0317118 0.0326779 0.0624585 0.00667533
5 0.894272 0.0292334 0.0358624 0.0547203 0.00660754
5 0.914908 0.0253987 0.0276119 0.0473613 0.00659318
2 0.821372 0.148357 0.0488666 0.0627428 0.0065415
2 0.893373 0.0341992 0.0315182 0.0456984 0.00653337
5 0.853258 0.0268816 0.0717865 0.0535469 0.00650185
0 0.263824 0.00716191 0.0254703 0.0142425 0.00649712
5 0.83453 0.169276 0.0986213 0.121872 0.00636656
0 0.0200859 0.0315816 0.0397618 0.0626518 0.0063396
2 0.764422 0.0457296 0.052916 0.0424451 0.00628116
7 0.908028 0.0869762 0.029888 0.0754536 0.00622231
2 0.612417 0.130064 0.0396904 0.0442283 0.00581513
7 0.908258 0.0825208 0.0298195 0.0661634 0.00578401
2 0.814221 0.0183054 0.0185236 0.0232742 0.00577473
0 0.670153 0.300628 0.0279811 0.0273593 0.00573904
2 0.899695 0.0181238 0.0180414 0.0246025 0.0057298
5 0.935275 0.0502268 0.0494007 0.0464557 0.00571694
2 0.788761 0.0501437 0.0214561 0.0375479 0.00561087
0 0.019162 0.0316351 0.0381413 0.0632703 0.00559235
7 0.828927 0.171108 0.0876818 0.117781 0.00557358
2 0.747092 0.0702226 0.0312733 0.0364471 0.005566
2 0.774262 0.0816832 0.0771699 0.0565392 0.00555982
2 0.532966 0.209188 0.0806452 0.0551429 0.0055046
2 0.759435 0.0569408 0.0437575 0.037701 0.00550364
2 0.816359 0.162368 0.0583426 0.0793894 0.00549625
5 0.851278 0.0269629 0.0650627 0.0502942 0.00528377
8 0.730033 0.600228 0.0688818 0.182486 0.00525303
5 0.898905 0.01491 0.0269058 0.02982 0.0052438
2 0.817959 0.332647 0.0313431 0.0694863 0.0052363
0 0.928974 0.191015 0.00995998 0.0321033 0.00507135
7 0.949419 0.0424647 0.0301361 0.058394 0.00493675
2 0.517825 0.209319 0.0650361 0.0479522 0.00485233
2 0.372607 0.25146 0.0726026 0.0644776 0.00485087
2 0.929874 0.00757187 0.0163208 0.0150605 0.00481734
2 0.87463 0.0374643 0.0193131 0.025601 0.00478252
0 0.819699 0.0534736 0.0133202 0.0161376 0.00477155
0 0.82352 0.0442932 0.0151718 0.0227599 0.00464406
2 0.592327 0.118692 0.0426556 0.021677 0.00463328
2 0.829962 0.0419846 0.0148285 0.0201096 0.00461336
0 0.221475 0.646866 0.0455737 0.117162 0.00454323
6 0.0668126 0.747036 0.132663 0.403322 0.00444522
8 0.729727 0.601798 0.0695093 0.180706 0.00444298
2 0.920368 0.00781464 0.0211676 0.0156293 0.00443379
2 0.771887 0.0759813 0.0653543 0.0566046 0.0044076
2 0.883519 0.0412146 0.0352417 0.0324569 0.00439346
2 0.806288 0.0602517 0.0143791 0.0196911 0.00429142
4 0.842821 0.494892 0.313972 0.986202 0.00427836
0 0.0926042 0.0527685 0.0174106 0.024575 0.00427711
2 0.370937 0.252771 0.0763083 0.067623 0.00426331
6 0.0656782 0.749625 0.131356 0.411487 0.00418856
8 0.731467 0.601142 0.0686968 0.180616 0.00417484
13 0.0479037 0.0657838 0.0958075 0.0449919 0.00416312
2 0.0676355 0.0481211 0.0571108 0.0243598 0.00406765
0 0.110541 0.674256 0.0357269 0.0611906 0.00404418
