2 0.457149 0.612183 0.239268 0.216916 0.917796
2 0.0869963 0.737912 0.173769 0.256684 0.914166
2 0.456992 0.61182 0.239574 0.217652 0.913509
2 0.0868983 0.737934 0.173317 0.256348 0.9132
2 0.29777 0.884287 0.340739 0.231107 0.912456
2 0.0870468 0.739239 0.174094 0.257477 0.909791
2 0.457243 0.611565 0.238784 0.216649 0.9067
2 0.0867917 0.738067 0.173583 0.256368 0.905265
2 0.457213 0.611736 0.239157 0.217547 0.902046
2 0.457586 0.612577 0.23917 0.21704 0.901588
2 0.298135 0.883811 0.340778 0.231321 0.901573
2 0.0871928 0.738176 0.173703 0.256731 0.901374
2 0.457286 0.611833 0.238891 0.218186 0.900737
2 0.457263 0.61208 0.239296 0.218645 0.8989
2 0.297826 0.883657 0.340792 0.23255 0.896249
2 0.297898 0.884373 0.340946 0.230769 0.896222
2 0.297943 0.883791 0.340914 0.231621 0.895492
2 0.0871201 0.738539 0.17374 0.256698 0.89527
2 0.0871001 0.738799 0.173824 0.257382 0.89506
2 0.0868823 0.739269 0.173198 0.257745 0.891692
2 0.45746 0.612246 0.239856 0.216881 0.888791
2 0.297817 0.884735 0.340058 0.229694 0.887577
2 0.297879 0.883494 0.33991 0.232197 0.884432
2 0.0869588 0.738758 0.173648 0.257501 0.88188
2 0.0868093 0.738382 0.173619 0.256574 0.880505
2 0.457646 0.612669 0.239215 0.216811 0.877965
2 0.297884 0.883329 0.340602 0.232756 0.873384
2 0.297672 0.884126 0.340661 0.23099 0.869186
2 0.298194 0.883645 0.340665 0.231796 0.84594
2 0.61031 0.395236 0.145935 0.137815 0.84586
2 0.457043 0.612073 0.239599 0.218722 0.845368
2 0.610182 0.395301 0.14534 0.137322 0.832619
2 0.61009 0.395306 0.145649 0.137332 0.818008
2 0.609677 0.395323 0.145267 0.137745 0.81074
2 0.61029 0.395355 0.145477 0.137575 0.810141
2 0.710994 0.529548 0.157861 0.183622 0.797775
2 0.610428 0.395131 0.14556 0.137996 0.789064
2 0.610607 0.395084 0.145823 0.137182 0.787148
2 0.711188 0.529746 0.157941 0.184181 0.782975
2 0.927935 0.337882 0.108652 0.127602 0.774237
2 0.223045 0.306032 0.122216 0.102221 0.773541
2 0.711603 0.529658 0.158314 0.183085 0.770529
2 0.928405 0.337643 0.108616 0.128375 0.768912
2 0.928218 0.338215 0.108946 0.128465 0.768271
2 0.92833 0.338172 0.108397 0.129308 0.766163
2 0.71142 0.530102 0.158048 0.184945 0.760396
2 0.928252 0.338495 0.108613 0.129166 0.760381
2 0.928008 0.337615 0.108357 0.12819 0.75858
2 0.610168 0.395425 0.144557 0.138136 0.754299
2 0.71184 0.529355 0.158377 0.184613 0.752976
2 0.711132 0.530046 0.157932 0.184872 0.748542
2 0.928342 0.338072 0.108652 0.128803 0.745139
2 0.928121 0.338038 0.108478 0.129016 0.743483
2 0.610366 0.39519 0.143596 0.138551 0.735436
2 0.487338 0.32857 0.140297 0.121192 0.734647
2 0.609928 0.395374 0.146538 0.137401 0.730624
2 0.242652 0.390164 0.163394 0.136469 0.725443
2 0.487596 0.328276 0.140466 0.120842 0.724058
2 0.222116 0.305862 0.122257 0.103416 0.720212
2 0.222384 0.305854 0.122488 0.101915 0.715243
2 0.222432 0.305428 0.121944 0.102754 0.700412
2 0.222172 0.304882 0.122787 0.102577 0.698053
2 0.488002 0.328606 0.139917 0.12119 0.696673
2 0.487947 0.328733 0.139612 0.120837 0.690894
2 0.222459 0.30571 0.122082 0.102571 0.688834
2 0.242142 0.390178 0.162554 0.13483 0.688754
2 0.927809 0.338113 0.108664 0.128435 0.686443
2 0.242489 0.390314 0.162363 0.135323 0.681099
2 0.24166 0.390349 0.162447 0.13483 0.680687
2 0.487922 0.329039 0.140438 0.119997 0.679906
2 0.242824 0.389964 0.16316 0.136132 0.677583
2 0.710742 0.529007 0.157944 0.183259 0.676718
2 0.242423 0.39034 0.162255 0.134805 0.675167
2 0.487124 0.328908 0.139911 0.120839 0.674688
2 0.711731 0.529589 0.158793 0.184765 0.674089
2 0.487586 0.328571 0.140489 0.121098 0.668144
2 0.487975 0.328221 0.140136 0.120689 0.667219
2 0.92867 0.337857 0.109626 0.130496 0.66659
2 0.222476 0.305216 0.122503 0.10298 0.664205
2 0.242479 0.390173 0.162203 0.135634 0.660835
2 0.487675 0.328668 0.140649 0.120626 0.65759
2 0.222662 0.305247 0.122009 0.103528 0.656201
2 0.241625 0.390045 0.162015 0.134282 0.639626
2 0.242186 0.390026 0.161589 0.135321 0.613512
2 0.222137 0.305702 0.122532 0.102785 0.612508
2 0.7773 0.692834 0.239332 0.284825 0.610726
2 0.71074 0.528399 0.1572 0.181498 0.608583
2 0.242265 0.390117 0.161091 0.135821 0.606098
2 0.222737 0.306174 0.12236 0.102838 0.593531
2 0.928183 0.338125 0.107561 0.129442 0.588367
2 0.487841 0.328282 0.140077 0.120955 0.585003
2 0.367703 0.302261 0.127094 0.108995 0.567503
2 0.776769 0.693305 0.23951 0.284311 0.558191
2 0.0370747 0.546951 0.0737844 0.148519 0.527273
2 0.367766 0.301333 0.12722 0.109186 0.510163
2 0.776348 0.692445 0.23696 0.284349 0.502009
2 0.367715 0.3017 0.126884 0.108758 0.498489
2 0.931401 0.24351 0.100444 0.0951986 0.492374
2 0.367676 0.301029 0.126963 0.110087 0.484675
2 0.931448 0.242952 0.100003 0.093851 0.478785
2 0.367235 0.301327 0.126955 0.109786 0.478683
2 0.931114 0.244836 0.100808 0.0985574 0.475012
2 0.0370498 0.546659 0.0739951 0.148041 0.474956
2 0.93103 0.243783 0.101658 0.0962258 0.47105
2 0.931133 0.246431 0.102211 0.10186 0.46525
2 0.931054 0.244301 0.101235 0.0973749 0.464445
2 0.0369244 0.546775 0.0736636 0.148662 0.459901
2 0.931496 0.239412 0.0981258 0.0878155 0.458545
2 0.776955 0.692978 0.238843 0.286577 0.458048
2 0.0368667 0.54705 0.0735396 0.147999 0.451788
2 0.0373244 0.547825 0.0740915 0.149069 0.445442
2 0.367675 0.300545 0.127781 0.110278 0.445248
2 0.931535 0.244743 0.100759 0.0984401 0.445157
2 0.367151 0.300396 0.128757 0.111057 0.438663
2 0.367025 0.300904 0.128233 0.110485 0.436352
2 0.777392 0.690537 0.239972 0.289778 0.428185
2 0.776359 0.68992 0.237759 0.288516 0.424824
2 0.0370319 0.54592 0.0738923 0.144887 0.423354
2 0.931503 0.244379 0.0998306 0.0964902 0.422395
2 0.0369541 0.545577 0.0736658 0.143788 0.410881
2 0.931496 0.243502 0.100915 0.0958718 0.406993
2 0.775436 0.693296 0.236799 0.287144 0.391315
5 0.73767 0.172112 0.0792191 0.0839651 0.389817
5 0.737817 0.171989 0.0794296 0.0840833 0.388324
2 0.776809 0.690334 0.239831 0.289897 0.382248
5 0.737827 0.172162 0.0793643 0.0838366 0.381115
2 0.037203 0.542763 0.0736068 0.138825 0.374427
2 0.77564 0.692912 0.235137 0.287612 0.368371
2 0.367758 0.300976 0.128103 0.109372 0.36671
2 0.931105 0.243503 0.101223 0.0961635 0.359025
2 0.0365874 0.547456 0.0731748 0.150735 0.357769
5 0.737513 0.172173 0.0794203 0.0837848 0.354734
2 0.738557 0.171564 0.0783827 0.0819384 0.352108
5 0.737426 0.172152 0.0796772 0.0836419 0.335938
2 0.0370797 0.547743 0.0734435 0.148114 0.327736
2 0.777155 0.693873 0.238232 0.282755 0.313024
2 0.738516 0.171926 0.0781162 0.0818447 0.283367
2 0.0365252 0.547368 0.0730035 0.148927 0.28108
5 0.737819 0.171866 0.0791278 0.0842888 0.27962
2 0.0365929 0.525397 0.0731858 0.105703 0.231025
2 0.710951 0.528726 0.158567 0.182605 0.221694
2 0.63818 0.196139 0.084689 0.0624176 0.22017
2 0.0223659 0.407149 0.0444109 0.0957823 0.218607
2 0.021951 0.405788 0.0438205 0.0968195 0.216461
5 0.738077 0.171693 0.0795984 0.0850966 0.214692
2 0.760345 0.691088 0.205654 0.286989 0.21283
2 0.022009 0.409321 0.0439542 0.0897675 0.210231
0 0.0381143 0.315644 0.0190069 0.0871389 0.20843
2 0.637617 0.196458 0.0831553 0.0601953 0.194028
2 0.0219412 0.408642 0.0437719 0.0931619 0.19189
2 0.77727 0.690162 0.238564 0.289337 0.190534
9 0.462347 0.067838 0.0144563 0.0291197 0.182219
5 0.737723 0.171855 0.0800705 0.0844291 0.180206
7 0.0240598 0.40284 0.0481195 0.104053 0.173538
2 0.0220645 0.408162 0.0437978 0.092733 0.171589
2 0.355314 0.268684 0.0560009 0.055773 0.17116
2 0.775739 0.688284 0.245603 0.292797 0.16815
2 0.737572 0.172993 0.0789055 0.0817176 0.166958
2 0.354921 0.269225 0.0552067 0.0553391 0.166654
2 0.638164 0.196706 0.0849638 0.0601552 0.165877
2 0.0366709 0.531844 0.0730499 0.118203 0.164156
2 0.638073 0.196382 0.0842501 0.061643 0.163411
0 0.0399701 0.317492 0.0229022 0.0913305 0.161501
2 0.637571 0.19562 0.0826977 0.0590962 0.159735
0 0.0381022 0.315651 0.018982 0.0856353 0.150557
2 0.354552 0.270579 0.0534173 0.0525524 0.149768
5 0.638427 0.195322 0.0844307 0.0624832 0.14867
2 0.638464 0.194975 0.0841903 0.0635608 0.145329
0 0.0397843 0.317305 0.0238544 0.0905384 0.141744
2 0.0216422 0.409297 0.0431749 0.0853587 0.140168
5 0.870697 0.161044 0.0492527 0.0889141 0.133444
0 0.0386444 0.316302 0.0203859 0.0897038 0.128257
2 0.355082 0.269836 0.0533597 0.0544772 0.127637
0 0.0386038 0.316403 0.0203971 0.0877394 0.126187
2 0.0218945 0.401019 0.0435456 0.0686023 0.122228
5 0.210187 0.14138 0.111104 0.138752 0.116961
2 0.356859 0.267919 0.0569217 0.0569048 0.116091
2 0.81645 0.274022 0.028952 0.0385233 0.11471
2 0.0222813 0.407626 0.0443673 0.0929306 0.109995
2 0.0217285 0.397925 0.0433893 0.0600528 0.108872
0 0.0456203 0.316762 0.0321276 0.0912267 0.107693
5 0.871119 0.161934 0.0496891 0.0891576 0.103386
2 0.358504 0.268025 0.0488184 0.0570926 0.103225
7 0.638421 0.192476 0.0848072 0.0695997 0.102991
2 0.0215551 0.406398 0.0430512 0.0779259 0.0976826
5 0.870854 0.161492 0.0491985 0.0914814 0.0967622
9 0.461984 0.0670076 0.0144279 0.0291487 0.0955406
2 0.816758 0.271041 0.0301517 0.0365467 0.0917772
9 0.463666 0.0652129 0.0136183 0.0238918 0.0916106
2 0.816321 0.26991 0.0281782 0.0313096 0.0915428
7 0.0226962 0.397253 0.0453923 0.115254 0.0910744
5 0.870807 0.161721 0.0487865 0.0898868 0.0890983
0 0.42445 0.248268 0.0416058 0.0627817 0.0863308
2 0.816404 0.269486 0.0268951 0.0300565 0.0853141
5 0.210384 0.142711 0.111308 0.139805 0.0830155
2 0.640641 0.146678 0.0222267 0.0200529 0.0812937
0 0.424832 0.24678 0.0416215 0.062809 0.0805468
2 0.816411 0.270758 0.0275042 0.0318141 0.0804717
0 0.0553768 0.315145 0.0271162 0.0913696 0.0789174
9 0.449801 0.071739 0.0152462 0.0257094 0.0776423
2 0.81631 0.268846 0.0281956 0.0303509 0.075201
2 0.870514 0.162392 0.0497093 0.0859212 0.0749075
2 0.640069 0.149535 0.0237766 0.0269975 0.0748699
2 0.367323 0.300289 0.128492 0.110097 0.0735366
9 0.463993 0.0641572 0.0129762 0.0234963 0.0726438
2 0.934152 0.0994493 0.0410507 0.049112 0.0725428
0 0.0389268 0.316085 0.0220565 0.0913457 0.0720984
2 0.637918 0.19514 0.0820738 0.0591501 0.0716515
0 0.0378671 0.311243 0.0178798 0.0766886 0.0703694
2 0.354067 0.274415 0.0534819 0.0454176 0.0702062
2 0.640244 0.150191 0.0233118 0.025542 0.0700358
0 0.0590811 0.313401 0.0197053 0.0887524 0.0690761
0 0.0550931 0.315909 0.0275971 0.0922022 0.0670353
9 0.458595 0.0692204 0.0183235 0.0296118 0.0660565
5 0.739907 0.169061 0.0759134 0.077803 0.0640467
5 0.870985 0.162787 0.0496683 0.0933996 0.0629005
2 0.35576 0.268849 0.0515645 0.0552249 0.061903
2 0.352498 0.275383 0.047996 0.0422246 0.0615125
2 0.790457 0.272174 0.0806742 0.0610298 0.0612
2 0.934217 0.0963093 0.0365286 0.0432889 0.0611568
2 0.636676 0.19779 0.0816602 0.0579881 0.0606293
2 0.63972 0.153923 0.024975 0.0335349 0.0606131
2 0.934623 0.0969394 0.0383903 0.0455301 0.060487
2 0.021529 0.39743 0.0428197 0.0539909 0.0596288
2 0.868744 0.179227 0.0439728 0.0520422 0.0592977
2 0.870822 0.16253 0.0502083 0.0873591 0.0590867
2 0.0219725 0.392327 0.0438405 0.125409 0.058705
2 0.871392 0.159763 0.0477137 0.0840698 0.0575791
5 0.870509 0.161169 0.0497683 0.0929813 0.0573563
5 0.639327 0.182246 0.0866751 0.0885304 0.0572608
7 0.021881 0.410041 0.0436462 0.0842906 0.0561609
2 0.925863 0.239656 0.0878815 0.0858022 0.0560641
0 0.0386415 0.315011 0.0222613 0.0839855 0.0552679
2 0.816355 0.269188 0.0287889 0.0316728 0.0550178
2 0.367975 0.25241 0.02993 0.0254615 0.0540701
2 0.86239 0.184126 0.0289173 0.0416405 0.0528659
2 0.932664 0.0993318 0.0405392 0.0484803 0.0526423
2 0.443782 0.209984 0.0623287 0.0714563 0.0517769
0 0.426272 0.244262 0.0415375 0.0597076 0.0508355
2 0.816993 0.276306 0.0303089 0.0469679 0.0501653
2 0.818222 0.27686 0.0332573 0.0452649 0.0494379
7 0.637553 0.195702 0.08297 0.059148 0.0482059
0 0.0570783 0.316027 0.0252789 0.091946 0.0479766
2 0.723846 0.187646 0.0493912 0.0528123 0.0470438
2 0.377114 0.276755 0.106976 0.0690465 0.0467497
9 0.450294 0.0709587 0.0163617 0.0276092 0.046288
2 0.816396 0.279088 0.0288532 0.0477333 0.0452769
5 0.206953 0.140727 0.114089 0.139759 0.0444367
2 0.775595 0.640788 0.241974 0.387301 0.0440093
9 0.453831 0.0709951 0.0191658 0.0281552 0.0435523
2 0.0358213 0.522366 0.0714855 0.0915244 0.042795
2 0.879289 0.172789 0.0307076 0.0559273 0.0421084
5 0.211448 0.148226 0.110816 0.117263 0.0409247
2 0.776242 0.64772 0.240729 0.366092 0.0406426
2 0.368929 0.251211 0.0281088 0.0255878 0.0406212
2 0.371994 0.268108 0.0858927 0.0593203 0.0405891
5 0.638879 0.181915 0.0845308 0.0896052 0.0404623
2 0.0372177 0.517608 0.0744354 0.0846934 0.0400893
2 0.0217501 0.395892 0.0430553 0.055598 0.0400307
0 0.426734 0.247094 0.0434488 0.066081 0.0394322
3 0.424468 0.246478 0.04111 0.0577806 0.0385507
2 0.22426 0.302049 0.120429 0.0934954 0.0381847
2 0.443131 0.214707 0.062607 0.0801618 0.0380228
5 0.927265 0.0812039 0.0502346 0.08024 0.0378502
2 0.816645 0.278986 0.0285547 0.0480717 0.0375793
2 0.0216389 0.396651 0.0432778 0.0599017 0.0374713
2 0.882366 0.178821 0.0241814 0.0459623 0.0371939
2 0.441204 0.21026 0.0677161 0.0712376 0.0371746
5 0.211501 0.138644 0.112278 0.125844 0.037162
2 0.990305 0.104518 0.0185581 0.0262707 0.0370802
2 0.725148 0.181251 0.0528582 0.0644008 0.0365223
0 0.0379081 0.3131 0.0186068 0.0816039 0.036463
2 0.993919 0.138816 0.0115154 0.0467541 0.0358967
0 0.454775 0.209224 0.0395237 0.0661036 0.0356345
2 0.862747 0.178188 0.0342964 0.0488543 0.035466
5 0.207056 0.142324 0.115795 0.141932 0.0348696
2 0.817794 0.270119 0.0314632 0.0329877 0.0341201
0 0.0361829 0.596156 0.0392099 0.039402 0.0338399
2 0.352392 0.278118 0.0488473 0.037225 0.0333686
3 0.425154 0.24412 0.0399246 0.0560431 0.0330795
2 0.876482 0.18087 0.0350056 0.0477225 0.032395
5 0.208598 0.140086 0.10856 0.132484 0.0323846
2 0.937035 0.0867059 0.0317493 0.0261965 0.0321195
0 0.0591062 0.314483 0.0208809 0.0908831 0.0320758
2 0.751026 0.689406 0.189155 0.285325 0.0318395
2 0.370322 0.260189 0.0451088 0.045132 0.031618
5 0.210865 0.141303 0.112827 0.131167 0.031221
2 0.930319 0.110954 0.036541 0.0544184 0.0309615
2 0.862093 0.191559 0.0279676 0.0241143 0.0307681
9 0.452693 0.0700272 0.0225313 0.0327285 0.0305507
2 0.861817 0.180831 0.0305084 0.045394 0.0302103
2 0.0218853 0.409906 0.0436874 0.0854498 0.0300193
2 0.0365738 0.517465 0.0730491 0.0847496 0.0297825
2 0.640741 0.194439 0.0783627 0.0597157 0.028995
0 0.134299 0.274803 0.0255603 0.0747291 0.0287744
0 0.633959 0.354775 0.0296415 0.0412882 0.0283869
7 0.213674 0.155004 0.10784 0.111058 0.0283039
0 0.456824 0.208455 0.0356066 0.0659794 0.0282308
2 0.775605 0.621419 0.243433 0.427683 0.0281636
0 0.424626 0.249324 0.0408261 0.0619723 0.0279147
