2 0.0987252 0.779618 0.143755 0.208421 0.826659
2 0.0986064 0.77932 0.144284 0.208558 0.820872
5 0.175761 0.643108 0.0882367 0.154735 0.770904
5 0.175817 0.643213 0.0884337 0.154802 0.752862
2 0.0990264 0.77963 0.144159 0.208031 0.75005
2 0.0982387 0.77835 0.144758 0.207753 0.748461
2 0.0978078 0.778611 0.144298 0.207826 0.738887
2 0.0983208 0.778811 0.14437 0.207264 0.715477
2 0.098516 0.778589 0.14449 0.2073 0.708154
5 0.405712 0.143716 0.0586901 0.0853743 0.696738
5 0.175681 0.643355 0.0884709 0.154975 0.686756
2 0.547787 0.145345 0.0299726 0.0373529 0.6816
5 0.175926 0.643384 0.0881874 0.154827 0.679113
5 0.175845 0.643568 0.0889244 0.154893 0.676706
5 0.405302 0.1439 0.0599629 0.0862787 0.671857
5 0.406274 0.143199 0.0584059 0.085461 0.660637
2 0.547666 0.145635 0.0297459 0.037472 0.659222
5 0.175934 0.643323 0.0884221 0.155345 0.656987
2 0.592608 0.89956 0.133537 0.200145 0.6565
5 0.406213 0.143543 0.0615829 0.0855223 0.655023
2 0.591463 0.899643 0.13244 0.200085 0.649921
5 0.175937 0.643181 0.0884155 0.154793 0.645673
5 0.33428 0.19391 0.060083 0.097804 0.645171
5 0.334702 0.193398 0.0600056 0.0986681 0.611086
5 0.175639 0.643546 0.0890643 0.15488 0.597402
0 0.334855 0.288238 0.0174826 0.0558138 0.588813
5 0.175454 0.643024 0.0886709 0.155253 0.583908
0 0.335113 0.287237 0.0168168 0.0558878 0.581125
2 0.0454813 0.938559 0.0902032 0.122227 0.579818
2 0.0976434 0.778455 0.143703 0.207728 0.567723
2 0.547891 0.145196 0.0302572 0.0371513 0.555711
2 0.547954 0.145855 0.0287279 0.0372673 0.552264
2 0.547929 0.145829 0.0292056 0.0372565 0.545133
5 0.334799 0.191965 0.059802 0.0997655 0.54129
2 0.0979004 0.779106 0.144415 0.208568 0.541238
5 0.334694 0.193063 0.0612921 0.0982238 0.540301
2 0.0989951 0.779317 0.144122 0.207923 0.504744
2 0.547479 0.145105 0.0304401 0.0377001 0.50232
2 0.399759 0.248003 0.0480651 0.0627558 0.500041
5 0.335246 0.191824 0.0598748 0.102261 0.488291
2 0.0451143 0.938595 0.0899556 0.122278 0.475834
2 0.0458755 0.938287 0.0907923 0.122454 0.475565
2 0.399602 0.247713 0.0478673 0.0622198 0.475508
2 0.220874 0.895521 0.140879 0.206731 0.470713
2 0.547081 0.145116 0.0322017 0.0363185 0.469492
5 0.40553 0.142808 0.06003 0.0853061 0.467302
2 0.0455377 0.938448 0.0907595 0.122075 0.459666
2 0.399344 0.248098 0.0472932 0.062964 0.454859
5 0.405958 0.144155 0.0605477 0.0855756 0.453936
2 0.0455354 0.938528 0.0907994 0.122119 0.444697
0 0.33431 0.288343 0.0172733 0.0540135 0.441571
2 0.398795 0.24782 0.047823 0.0636928 0.436507
2 0.221401 0.895071 0.142404 0.208572 0.428703
2 0.0453465 0.938782 0.0905406 0.12205 0.426206
2 0.262029 0.212423 0.0302975 0.0252517 0.424474
2 0.961777 0.657342 0.0755466 0.154218 0.421773
2 0.962033 0.657218 0.0755142 0.155801 0.418526
2 0.962051 0.655742 0.0747387 0.157243 0.415538
2 0.961828 0.65745 0.075375 0.156598 0.409816
0 0.334496 0.292178 0.0163211 0.0481959 0.407556
2 0.221719 0.895311 0.141949 0.208412 0.406889
2 0.0454815 0.938987 0.0908054 0.122026 0.40584
2 0.587301 0.895339 0.121555 0.190291 0.404757
2 0.399243 0.247656 0.0480542 0.0629326 0.403556
0 0.334332 0.289602 0.0172915 0.0526938 0.397216
2 0.399275 0.247879 0.0483189 0.0630839 0.391699
2 0.429424 0.843412 0.107348 0.226978 0.390839
5 0.175618 0.642896 0.0881374 0.154861 0.390349
2 0.399403 0.248384 0.0473058 0.0628709 0.388447
5 0.335466 0.194268 0.0619692 0.098482 0.384411
5 0.404547 0.144423 0.0608325 0.0860778 0.381959
2 0.962228 0.65671 0.0744484 0.155214 0.376105
2 0.221259 0.895846 0.142465 0.207085 0.374757
2 0.962337 0.656244 0.0748943 0.154481 0.369018
2 0.0458889 0.93844 0.0908766 0.122429 0.366815
2 0.962246 0.655236 0.0750336 0.156308 0.355749
2 0.220704 0.895651 0.143745 0.207655 0.353153
2 0.399611 0.248164 0.0474273 0.0631043 0.350908
2 0.962073 0.656814 0.0747604 0.155814 0.345751
2 0.219952 0.896198 0.142107 0.206257 0.343142
2 0.262056 0.21247 0.0299851 0.0247951 0.336312
0 0.334641 0.28283 0.0158065 0.0497492 0.30479
0 0.992846 0.261689 0.0133987 0.0644231 0.304353
5 0.435411 0.644782 0.0857847 0.162262 0.302956
5 0.435733 0.644517 0.0862248 0.161788 0.301596
2 0.0457987 0.938791 0.0903975 0.121944 0.298429
0 0.335499 0.288544 0.0187546 0.0549758 0.295588
5 0.335272 0.191839 0.060136 0.0995121 0.295562
5 0.435253 0.644772 0.0851328 0.160992 0.279018
2 0.590745 0.899598 0.126361 0.200086 0.277892
2 0.262227 0.212321 0.0307485 0.0255635 0.270522
5 0.430216 0.844569 0.106374 0.228769 0.270184
0 0.993143 0.260256 0.0128143 0.0646556 0.266159
0 0.992477 0.261477 0.0140858 0.0673587 0.26575
2 0.961563 0.658481 0.0760254 0.151886 0.263192
2 0.429534 0.845037 0.106018 0.228645 0.255179
0 0.992696 0.262162 0.0139189 0.0660834 0.252631
5 0.584047 0.72653 0.0924009 0.176382 0.251647
2 0.547881 0.145319 0.0334908 0.0366982 0.250708
2 0.262668 0.211504 0.0315136 0.0262762 0.2504
2 0.589317 0.899527 0.127062 0.200312 0.249503
2 0.429834 0.844471 0.105817 0.228576 0.248601
2 0.429311 0.844613 0.105947 0.228297 0.245477
5 0.435001 0.644469 0.0838916 0.161646 0.242737
5 0.429878 0.844592 0.106427 0.228635 0.239573
5 0.405458 0.140509 0.0567617 0.0814905 0.238484
5 0.584046 0.726365 0.0919327 0.176353 0.237782
5 0.388466 0.0866021 0.0477645 0.0538798 0.236652
2 0.961956 0.658473 0.0756248 0.153173 0.236035
5 0.332904 0.198114 0.0617374 0.0818655 0.231164
0 0.807484 0.15464 0.0173301 0.0382604 0.230175
2 0.587257 0.898453 0.123642 0.196386 0.22733
5 0.388557 0.086315 0.0450498 0.0488792 0.226727
2 0.587342 0.898731 0.124251 0.197126 0.225506
2 0.588334 0.898106 0.125219 0.197109 0.223462
2 0.398893 0.25246 0.0469332 0.0555884 0.218522
2 0.588165 0.898741 0.126284 0.197335 0.211067
2 0.26541 0.205999 0.0383726 0.0351347 0.201521
5 0.388691 0.0877048 0.0447218 0.0539278 0.19672
2 0.430434 0.844448 0.10599 0.228135 0.195281
0 0.335581 0.287436 0.0185248 0.0571795 0.189272
2 0.465572 0.102095 0.0244522 0.0460622 0.187112
0 0.335867 0.291207 0.0190081 0.0495262 0.184687
5 0.581119 0.0360929 0.0235758 0.0412542 0.183326
0 0.793396 0.107631 0.0124947 0.0331551 0.182238
5 0.331653 0.199882 0.0560163 0.0802234 0.179234
5 0.435263 0.64428 0.0858001 0.161431 0.178292
5 0.435281 0.644183 0.084542 0.161593 0.178161
5 0.336026 0.191082 0.0617795 0.101946 0.178159
5 0.430548 0.844506 0.107323 0.228202 0.175258
0 0.454181 0.279631 0.0114613 0.0543094 0.175166
5 0.583647 0.726051 0.0918846 0.176254 0.173657
2 0.589254 0.899844 0.128743 0.199812 0.170581
0 0.806699 0.154195 0.0166639 0.0399944 0.168048
5 0.404274 0.144414 0.0568316 0.0851552 0.167454
2 0.583811 0.725662 0.0919494 0.175299 0.167081
0 0.45417 0.279041 0.0126222 0.0535477 0.166666
5 0.333207 0.200314 0.0590545 0.0845179 0.166019
5 0.435257 0.643996 0.0848596 0.161352 0.165827
2 0.227543 0.149833 0.030292 0.0346498 0.164562
2 0.588345 0.897748 0.120711 0.195444 0.162743
0 0.807178 0.152939 0.0182869 0.041568 0.161095
5 0.332661 0.199268 0.0603599 0.0859261 0.161026
5 0.583856 0.726707 0.0919668 0.176831 0.159819
5 0.583715 0.726128 0.0915161 0.176485 0.159191
0 0.758271 0.121396 0.0115114 0.0187904 0.157829
5 0.435052 0.644995 0.0848911 0.16115 0.150205
5 0.435156 0.644478 0.0849388 0.161344 0.149929
5 0.430049 0.84416 0.106507 0.228253 0.146403
0 0.991876 0.262502 0.0157608 0.0744396 0.143603
5 0.46521 0.10275 0.0240238 0.0440814 0.143058
0 0.794143 0.108545 0.0138525 0.0345824 0.141434
5 0.583822 0.726355 0.091296 0.177405 0.139566
5 0.639122 0.0220483 0.0284276 0.0294936 0.134793
2 0.58919 0.898216 0.122769 0.195982 0.133805
5 0.583511 0.726148 0.092632 0.176952 0.132909
0 0.992247 0.262523 0.0149323 0.0702118 0.132402
2 0.961101 0.656383 0.0772976 0.159618 0.128053
0 0.937579 0.161156 0.00744743 0.0200845 0.126221
2 0.219513 0.897061 0.140458 0.205065 0.126001
0 0.99376 0.257751 0.0117264 0.0651002 0.125674
0 0.335667 0.286076 0.0188033 0.0559093 0.125656
5 0.581218 0.0355894 0.022287 0.0408774 0.125194
5 0.43507 0.644839 0.0845635 0.161191 0.124631
5 0.638869 0.0226675 0.0290682 0.0304899 0.120273
2 0.465136 0.104567 0.0253654 0.0438385 0.120106
2 0.591781 0.899835 0.133184 0.199627 0.120093
2 0.226405 0.151384 0.0282791 0.0329745 0.11774
5 0.583759 0.72598 0.0922407 0.176456 0.115948
2 0.220463 0.895932 0.140114 0.207319 0.113277
5 0.750855 0.0492562 0.101839 0.0977067 0.111809
2 0.226249 0.151485 0.027313 0.0328692 0.111129
0 0.807678 0.153878 0.0172276 0.0409679 0.110027
5 0.389416 0.0876021 0.0458635 0.0555 0.109266
2 0.583738 0.726756 0.0918561 0.177515 0.108931
5 0.390238 0.083787 0.0447655 0.0476653 0.108771
7 0.226964 0.149945 0.0303186 0.0340743 0.107994
0 0.454094 0.272877 0.0115421 0.0393623 0.101073
2 0.267711 0.201674 0.0436958 0.0445026 0.0969944
2 0.630837 0.0581176 0.0353637 0.0399569 0.0964638
0 0.667909 0.102754 0.016573 0.0277307 0.0937383
0 0.792434 0.10653 0.0127307 0.0333497 0.0935147
0 0.808957 0.152387 0.0184858 0.0430994 0.0931024
5 0.753712 0.0492853 0.11042 0.0975656 0.0923686
2 0.667723 0.10153 0.0177391 0.0280451 0.0909263
5 0.402885 0.146315 0.0568167 0.0800791 0.0901304
5 0.391012 0.0895028 0.038416 0.0471341 0.0875651
5 0.580774 0.0368439 0.024902 0.0406648 0.086932
0 0.758549 0.122094 0.0137671 0.0200683 0.080439
5 0.742827 0.04836 0.0845245 0.0960199 0.0800995
2 0.465275 0.103902 0.0236027 0.0438962 0.0799947
5 0.743495 0.0487454 0.0845963 0.0971784 0.0791865
5 0.404048 0.142273 0.0564644 0.083318 0.0785685
2 0.0991708 0.777901 0.14347 0.205829 0.0780228
5 0.389288 0.0816831 0.046818 0.0448333 0.0764498
2 0.266572 0.202242 0.0410143 0.0453229 0.0752314
5 0.40662 0.141274 0.0571327 0.0820161 0.0746009
5 0.638683 0.0222325 0.0277168 0.0300551 0.0741521
5 0.33375 0.194644 0.0585299 0.0967385 0.0736821
2 0.459961 0.102387 0.0352446 0.0457504 0.0729565
2 0.0984348 0.778172 0.143979 0.206087 0.071416
5 0.388407 0.0835948 0.0461852 0.0487159 0.0692112
2 0.39857 0.247557 0.0470322 0.0624599 0.0671574
0 0.992507 0.267252 0.0140816 0.0689037 0.0665996
0 0.670367 0.12187 0.0239035 0.0713617 0.0664923
0 0.979112 0.190503 0.0145973 0.0414485 0.0635405
2 0.730642 0.219381 0.0278825 0.0267951 0.0631023
5 0.639143 0.0222662 0.0280197 0.029814 0.0630665
2 0.21171 0.880172 0.0885077 0.0798052 0.0630398
5 0.754674 0.0478369 0.111197 0.0956737 0.0618468
0 0.13731 0.282626 0.0136105 0.0569106 0.0614213
2 0.466228 0.102475 0.0236212 0.0452951 0.0609325
5 0.744217 0.0477334 0.0875731 0.0954667 0.0600699
0 0.820305 0.125343 0.0117481 0.0266122 0.0592805
0 0.980076 0.188426 0.0130032 0.0423596 0.0589228
2 0.443002 0.127095 0.0236233 0.0495389 0.0573298
2 0.20849 0.911192 0.117843 0.17612 0.0572608
2 0.442188 0.129697 0.0200252 0.0441544 0.0555646
2 0.333394 0.155039 0.0494436 0.0281512 0.055365
0 0.137045 0.272345 0.0133799 0.0388521 0.0546253
0 0.977379 0.194734 0.0180546 0.0358355 0.0545659
2 0.266685 0.202251 0.0424558 0.0454823 0.0532053
5 0.777259 0.0419689 0.071928 0.0753593 0.0528745
5 0.335632 0.191238 0.0619975 0.102531 0.052631
2 0.221587 0.894696 0.142008 0.209381 0.0522844
0 0.830781 0.126563 0.0127914 0.0296896 0.0519402
0 0.13613 0.272618 0.0137802 0.0378287 0.051404
2 0.333893 0.156957 0.0490447 0.0317058 0.0513227
0 0.819653 0.122756 0.00918808 0.0254121 0.0489264
2 0.625226 0.0584371 0.0282364 0.038583 0.0488782
0 0.721139 0.0445589 0.0138402 0.0313282 0.0484553
0 0.138635 0.277927 0.0140735 0.0479109 0.0478714
2 0.464973 0.103215 0.0252555 0.0443104 0.0474075
0 0.83311 0.128206 0.0123863 0.0287221 0.0473209
0 0.81185 0.149567 0.0214657 0.0447039 0.0472606
5 0.334634 0.174233 0.059252 0.0682946 0.0470376
2 0.631807 0.0579781 0.0364359 0.0396984 0.0468964
9 0.00812731 0.454748 0.013012 0.0335117 0.0468157
0 0.00959938 0.459196 0.0150065 0.0419266 0.0462348
5 0.761821 0.056087 0.106542 0.109055 0.0458116
5 0.38871 0.0870714 0.046731 0.0604397 0.0452138
0 0.972106 0.191207 0.0154943 0.0424122 0.0444809
5 0.641123 0.0223663 0.0376273 0.0424139 0.0441339
5 0.336597 0.1862 0.06281 0.0957297 0.0436269
2 0.212877 0.877443 0.0890566 0.0852196 0.0427334
5 0.269837 0.122124 0.0234455 0.0353474 0.0423316
5 0.331063 0.199007 0.0538225 0.0822417 0.0421792
2 0.210995 0.884045 0.0879665 0.0727539 0.0419504
2 0.21919 0.898103 0.142737 0.203436 0.0416617
0 0.970623 0.190168 0.0149485 0.0450346 0.0416178
2 0.670294 0.123659 0.025787 0.0675366 0.0414949
5 0.390387 0.0875241 0.0414288 0.0490461 0.04143
0 0.443944 0.813995 0.0245548 0.0283093 0.0414175
2 0.465534 0.101895 0.0255604 0.045984 0.0413912
0 0.00825871 0.456631 0.0124872 0.0349401 0.0413156
0 0.789839 0.108095 0.0108741 0.0336148 0.0411825
2 0.729485 0.219411 0.0297215 0.0270969 0.0409333
2 0.399126 0.248007 0.0475663 0.0632724 0.0405807
2 0.21146 0.883548 0.0887057 0.0737406 0.0401119
2 0.245172 0.854548 0.0886492 0.124122 0.0400561
2 0.632379 0.0555475 0.0348402 0.0357338 0.04001
2 0.497857 0.0618352 0.0214724 0.0222423 0.0395862
2 0.992879 0.591937 0.0133781 0.0281036 0.0388262
5 0.497744 0.0439539 0.0254126 0.0575071 0.0387152
2 0.281535 0.200616 0.027506 0.0402492 0.038393
2 0.730636 0.219946 0.0293884 0.0266329 0.0381898
0 0.334115 0.286394 0.0186608 0.0590392 0.0379933
2 0.580955 0.0336747 0.0235788 0.03953 0.0376796
2 0.670573 0.125711 0.0257989 0.0692003 0.0373716
2 0.285207 0.199731 0.0214055 0.0385703 0.037131
0 0.138181 0.281999 0.0157688 0.0561488 0.0370431
5 0.579926 0.0356504 0.0263048 0.041245 0.0369228
0 0.136425 0.280428 0.01614 0.0547864 0.0368503
2 0.630067 0.0591343 0.0248985 0.0382129 0.0361972
5 0.671808 0.0238474 0.0395741 0.0346888 0.0361873
5 0.338512 0.175276 0.0618783 0.0720918 0.0360955
5 0.339673 0.177795 0.0626516 0.0779163 0.0359689
2 0.00521987 0.921321 0.010316 0.0303974 0.0357857
2 0.207476 0.910569 0.116071 0.174291 0.0356061
0 0.811076 0.151572 0.0206123 0.0406304 0.035237
2 0.0457157 0.938603 0.0912928 0.122317 0.034755
5 0.231276 0.151057 0.0225579 0.0319356 0.0343204
5 0.407321 0.13951 0.057663 0.0790252 0.0340211
0 0.128834 0.200728 0.0108911 0.0313347 0.0339704
2 0.448065 0.221884 0.0249727 0.0217422 0.0339439
5 0.660201 0.0235026 0.0676737 0.0339802 0.0338908
9 0.480393 0.0415921 0.0171408 0.0260701 0.0337505
2 0.457531 0.278886 0.0185137 0.0516854 0.0337339
0 0.936433 0.161873 0.0126457 0.0208847 0.0337034
0 0.904729 0.164145 0.010931 0.016227 0.0334275
2 0.463901 0.101254 0.0284333 0.0477042 0.0333267
5 0.227206 0.14992 0.0314994 0.0357886 0.0332327
2 0.731593 0.219567 0.0302904 0.0282269 0.0332137
5 0.270856 0.120628 0.0220304 0.0333795 0.0331536
2 0.231836 0.854701 0.10971 0.124034 0.0326037
2 0.670772 0.132352 0.0261589 0.052528 0.0323887
2 0.00627913 0.926334 0.0124043 0.0417377 0.0323729
2 0.456251 0.0903806 0.0406784 0.0306222 0.0322723
2 0.296555 0.180767 0.0200403 0.0218641 0.032064
2 0.271697 0.200852 0.0480923 0.0407817 0.0317267
