2 0.703712 0.0799707 0.0274106 0.0283098 0.76259
2 0.903923 0.0932529 0.0308455 0.047117 0.732305
2 0.114758 0.471187 0.148652 0.134738 0.729673
2 0.644835 0.159942 0.0438498 0.0537126 0.7167
2 0.115076 0.470808 0.148069 0.135108 0.677716
2 0.401969 0.255196 0.0823017 0.0925255 0.672329
2 0.402071 0.255212 0.082376 0.0929219 0.672127
2 0.703212 0.080458 0.0270847 0.0278099 0.66932
2 0.401659 0.253996 0.0822487 0.0937279 0.659375
2 0.115159 0.471428 0.150219 0.134628 0.655919
2 0.703308 0.0798799 0.0286081 0.0287723 0.649492
2 0.40222 0.254922 0.0822638 0.0930604 0.643308
2 0.702842 0.080489 0.0290136 0.0296943 0.635405
2 0.95135 0.16107 0.0365644 0.0538298 0.63174
2 0.402357 0.254733 0.0823465 0.0931294 0.631411
2 0.887957 0.162712 0.0369402 0.050895 0.630391
2 0.115554 0.471372 0.147834 0.1351 0.62261
2 0.114888 0.471029 0.149719 0.134891 0.622413
2 0.903421 0.0935177 0.031735 0.0476177 0.611208
2 0.11513 0.471049 0.149588 0.135375 0.591658
2 0.115567 0.471209 0.148557 0.13719 0.590404
2 0.40245 0.255095 0.0830923 0.0934131 0.587853
2 0.401986 0.254548 0.0825499 0.0934983 0.586697
2 0.887857 0.162996 0.0369118 0.050738 0.583292
2 0.402488 0.255259 0.0828552 0.0937991 0.582437
2 0.951442 0.161486 0.0366077 0.0538023 0.579645
2 0.115548 0.471233 0.149671 0.134979 0.568914
2 0.951224 0.161075 0.0364788 0.0542655 0.559047
2 0.951448 0.161356 0.0365829 0.0552669 0.537586
2 0.645054 0.160389 0.0427872 0.0536872 0.530952
2 0.402305 0.255831 0.0840695 0.0937518 0.522518
2 0.660384 0.0837111 0.0291353 0.0318445 0.511034
2 0.951472 0.160759 0.0365488 0.0538762 0.507166
2 0.644718 0.159815 0.0424793 0.053065 0.501835
2 0.703609 0.0806806 0.0270296 0.0281379 0.501233
2 0.115639 0.471439 0.148955 0.134676 0.500496
2 0.837083 0.0755671 0.0208292 0.0255117 0.476205
2 0.644773 0.160117 0.0424105 0.0537785 0.475925
2 0.659955 0.0834064 0.027634 0.0311885 0.475066
2 0.903757 0.0928053 0.0303749 0.0453096 0.473397
2 0.878178 0.0689105 0.0238037 0.026578 0.472967
2 0.888021 0.1637 0.0368511 0.0509342 0.47208
2 0.70301 0.0798328 0.0287785 0.0289091 0.462887
2 0.659674 0.0838489 0.0264827 0.0304068 0.456691
2 0.951052 0.161484 0.0357164 0.0551766 0.446824
2 0.837138 0.074305 0.0210834 0.0262582 0.442673
2 0.644683 0.160254 0.0429141 0.0539381 0.436918
2 0.951194 0.162036 0.0360115 0.0547984 0.433363
2 0.440831 0.203071 0.0477877 0.049273 0.432072
2 0.65932 0.0843669 0.0275153 0.0304418 0.426755
2 0.644952 0.160281 0.0432102 0.0545675 0.416122
2 0.951659 0.158487 0.0341078 0.0499173 0.41438
2 0.88793 0.163602 0.036248 0.0510753 0.410637
2 0.878451 0.0690773 0.0233561 0.026745 0.408248
2 0.644712 0.160487 0.0427067 0.0533305 0.395858
2 0.114534 0.471393 0.14641 0.132902 0.37415
2 0.836775 0.0748973 0.0209345 0.0271818 0.367483
7 0.842121 0.414415 0.0729139 0.123548 0.363694
2 0.7035 0.0802506 0.0271582 0.0288546 0.360372
2 0.887685 0.163935 0.0366627 0.050484 0.356905
2 0.95101 0.160102 0.0365849 0.0520795 0.355734
2 0.954856 0.0393836 0.0169367 0.0226131 0.345704
2 0.903571 0.0931117 0.0311413 0.0475042 0.340238
7 0.842018 0.414814 0.0724331 0.123268 0.326183
2 0.836503 0.0739987 0.0215441 0.027655 0.325401
2 0.90346 0.0925141 0.0309174 0.0469295 0.317054
5 0.842008 0.414528 0.0720661 0.123452 0.313632
2 0.659742 0.0836956 0.0271017 0.0306773 0.309556
2 0.778741 0.0223804 0.0211998 0.0240195 0.309395
7 0.841675 0.41472 0.0727659 0.123107 0.308032
7 0.842191 0.414644 0.0720245 0.123507 0.306839
5 0.841896 0.414848 0.0723246 0.123751 0.298448
2 0.645398 0.160588 0.0435328 0.0543147 0.297799
7 0.842332 0.414364 0.0723667 0.123304 0.297045
2 0.887897 0.162659 0.0365404 0.0498107 0.294977
2 0.644838 0.160133 0.0428354 0.0535701 0.289623
2 0.878733 0.0696628 0.0243454 0.0268172 0.287475
5 0.842297 0.414353 0.0720892 0.123476 0.281964
2 0.903113 0.0934985 0.0315723 0.0460188 0.280787
2 0.442168 0.203508 0.0462095 0.0479984 0.271868
5 0.841961 0.415143 0.0720133 0.123826 0.268766
2 0.951474 0.160996 0.038118 0.0556797 0.268399
2 0.741226 0.0694465 0.0216122 0.0305234 0.256041
2 0.443046 0.2025 0.0506081 0.0495887 0.253842
2 0.441057 0.203503 0.0483763 0.0488802 0.252903
2 0.644566 0.160424 0.0406094 0.0542362 0.252249
2 0.44258 0.202874 0.0491903 0.0503589 0.236639
2 0.44367 0.203293 0.0427828 0.0474954 0.236324
2 0.889101 0.163551 0.0383722 0.051725 0.234374
2 0.44159 0.203409 0.0487803 0.0483537 0.227449
2 0.443766 0.203318 0.0456257 0.0473378 0.227074
2 0.660247 0.0825098 0.0282001 0.0322904 0.22461
2 0.660659 0.0823396 0.0280619 0.0326697 0.223651
2 0.903446 0.0934394 0.0314289 0.0480545 0.214762
2 0.738607 0.0478015 0.0252607 0.0276608 0.208226
2 0.951022 0.158641 0.0346073 0.0498187 0.206581
2 0.644778 0.160471 0.0426338 0.0529201 0.195986
7 0.84175 0.414073 0.0737083 0.123594 0.193441
2 0.442003 0.203212 0.0478212 0.0477408 0.191265
2 0.952061 0.16142 0.0379402 0.0559671 0.189221
2 0.77837 0.021575 0.0231171 0.025528 0.189131
2 0.740638 0.063019 0.0240033 0.0337166 0.186952
2 0.887601 0.162619 0.0363829 0.0508327 0.182469
2 0.888157 0.163958 0.0356903 0.0515591 0.181823
2 0.73522 0.0430406 0.0215245 0.0224034 0.177588
2 0.887831 0.164038 0.0358364 0.0516373 0.17754
2 0.741559 0.0729241 0.0210152 0.0236725 0.176233
2 0.888193 0.16327 0.0350296 0.0513109 0.17462
2 0.877747 0.0693261 0.0245167 0.0269298 0.173842
2 0.402241 0.254913 0.083292 0.0926998 0.171838
2 0.955134 0.0367661 0.0178091 0.0271817 0.161578
2 0.763319 0.0721586 0.024445 0.02985 0.14933
2 0.441517 0.202866 0.0481794 0.0494011 0.146831
2 0.87865 0.0675447 0.0260918 0.0280577 0.144379
2 0.838375 0.135293 0.0372494 0.0539777 0.141633
2 0.80972 0.0391821 0.018821 0.020995 0.134173
2 0.904201 0.0929815 0.0326408 0.0488436 0.13256
2 0.645213 0.160168 0.0438192 0.0536217 0.130615
2 0.776321 0.0208597 0.0256251 0.025085 0.129711
2 0.81018 0.0377175 0.0182297 0.0213075 0.127049
2 0.114794 0.470384 0.149519 0.135477 0.126235
2 0.441118 0.203618 0.0487028 0.0501156 0.124792
2 0.740368 0.0601102 0.0224308 0.0341168 0.120531
2 0.888937 0.163084 0.0389545 0.0522752 0.111466
2 0.838829 0.135316 0.036331 0.0540515 0.109846
2 0.903034 0.0939033 0.0315586 0.0454427 0.109694
8 0.328447 0.925664 0.242746 0.148136 0.107675
8 0.328388 0.925841 0.242621 0.147987 0.1053
2 0.777129 0.0210214 0.026895 0.0268061 0.100685
0 0.329195 0.9253 0.242439 0.148291 0.0961091
2 0.878272 0.067871 0.0245316 0.0298538 0.0958486
2 0.758758 0.0728498 0.0347404 0.0302744 0.0947495
2 0.700552 0.0812327 0.032987 0.0312413 0.0920607
2 0.838351 0.136106 0.0380032 0.0528145 0.0913111
2 0.838534 0.136012 0.0367752 0.0529539 0.0902696
2 0.855512 0.0519959 0.0219833 0.0239768 0.0889448
2 0.740698 0.0741132 0.0217609 0.0208497 0.0879932
2 0.441272 0.203418 0.0488894 0.0486656 0.0879301
0 0.329007 0.925935 0.243189 0.147448 0.0868417
2 0.838735 0.13813 0.0363754 0.0490959 0.0833402
8 0.32856 0.92557 0.24308 0.148234 0.0821652
8 0.328296 0.925864 0.239883 0.147254 0.0814213
2 0.764487 0.0717973 0.0252641 0.0312672 0.0811196
2 0.740636 0.0680509 0.0228107 0.033587 0.0794396
2 0.758112 0.0722165 0.0352829 0.0300776 0.078973
2 0.657253 0.084937 0.0318209 0.030071 0.0780731
8 0.328344 0.92597 0.243603 0.147261 0.077367
2 0.839342 0.134336 0.0346081 0.0549215 0.0744955
2 0.838999 0.13533 0.0349052 0.0567266 0.0727356
2 0.657457 0.0836121 0.0321941 0.0310149 0.072137
8 0.328356 0.925951 0.243412 0.147265 0.0711076
0 0.362911 0.88055 0.046724 0.0567379 0.0696201
2 0.838576 0.135053 0.0376427 0.0538093 0.0693478
2 0.738944 0.0502951 0.0245756 0.0343093 0.0690905
2 0.76291 0.0727112 0.023909 0.0303951 0.06888
2 0.900628 0.0239891 0.0177242 0.0231671 0.0683899
2 0.837777 0.0700183 0.0235542 0.0342832 0.0682072
8 0.327015 0.925735 0.242726 0.147465 0.0648761
0 0.363546 0.88046 0.0472275 0.0562611 0.0638044
2 0.838673 0.138939 0.035672 0.0469863 0.0633561
0 0.363447 0.879972 0.0454371 0.0558348 0.0632003
0 0.364029 0.880312 0.0461169 0.0552658 0.0629208
0 0.362785 0.8812 0.048106 0.0565559 0.0626435
2 0.68492 0.079592 0.0671525 0.0330905 0.0583146
2 0.761527 0.0701848 0.0292309 0.0327635 0.0560589
2 0.899568 0.0203845 0.0196205 0.0315333 0.0512867
0 0.362981 0.881154 0.0487686 0.0559151 0.0510409
2 0.894171 0.0125246 0.0243113 0.0250493 0.0448171
2 0.855265 0.0515151 0.0211472 0.0245847 0.0447797
2 0.955535 0.00833386 0.0154297 0.0166125 0.0442123
28 0.326888 0.925312 0.242296 0.148387 0.0434139
0 0.362909 0.881709 0.0477812 0.0571695 0.0423732
2 0.115519 0.47155 0.148399 0.133427 0.0419613
2 0.402306 0.25476 0.0862087 0.0940153 0.0416899
2 0.904173 0.0924063 0.0325287 0.0491942 0.0411334
8 0.328568 0.925548 0.240373 0.147862 0.0405064
0 0.363333 0.880463 0.0462809 0.0559246 0.0386725
2 0.811743 0.0403966 0.0236004 0.0238837 0.0367186
2 0.899123 0.0175932 0.0193676 0.0328887 0.0358904
2 0.832195 0.0720546 0.033997 0.0302488 0.0342152
5 0.908381 0.0198561 0.0417099 0.0397123 0.0341602
2 0.704781 0.0792381 0.0330446 0.0299369 0.0305152
2 0.739303 0.0479172 0.0253965 0.0326506 0.0303366
2 0.73315 0.0413303 0.0182388 0.0226401 0.0299842
2 0.903642 0.0912898 0.0304745 0.0486478 0.029378
2 0.952648 0.161038 0.0384102 0.0562676 0.0285416
2 0.752289 0.0685851 0.046385 0.0353755 0.027169
7 0.841572 0.41435 0.0732145 0.124431 0.0267518
2 0.836538 0.0696289 0.0248161 0.0361015 0.0263038
0 0.328808 0.925381 0.242769 0.148215 0.0251318
0 0.363871 0.879184 0.0442599 0.0528786 0.0248436
2 0.837807 0.0752515 0.0240517 0.0288496 0.0247197
2 0.838335 0.134691 0.0376179 0.0546092 0.0246817
5 0.84205 0.41454 0.0720055 0.123888 0.0246203
2 0.839626 0.134652 0.0381069 0.0549405 0.0237505
2 0.443759 0.200366 0.0423157 0.0428738 0.0236816
5 0.93266 0.0213982 0.0264647 0.0427727 0.0217303
2 0.839632 0.136071 0.0380852 0.0525733 0.0216521
7 0.841859 0.41404 0.0740658 0.123361 0.0211265
2 0.953576 0.159608 0.0371574 0.0515913 0.0195866
2 0.878223 0.0676022 0.0246809 0.0305368 0.0195549
2 0.445499 0.202775 0.0438143 0.0478061 0.0194017
2 0.783734 0.219788 0.0272989 0.03785 0.0186626
2 0.854832 0.0635026 0.0237019 0.0363154 0.0182714
2 0.738628 0.0440088 0.0287436 0.03017 0.0180462
6 0.0670928 0.691253 0.134186 0.140583 0.0176149
0 0.361989 0.882269 0.0500898 0.0582401 0.0173302
2 0.900496 0.0196838 0.0186844 0.0316113 0.0171359
6 0.0679676 0.683873 0.135048 0.128103 0.0170428
0 0.364191 0.878596 0.0441835 0.0544537 0.0167395
0 0.364426 0.878922 0.0443459 0.0550058 0.0165088
2 0.847063 0.0646125 0.0271389 0.0456793 0.0162444
6 0.0676285 0.683934 0.135251 0.127322 0.0161518
0 0.36313 0.880383 0.047886 0.0570377 0.0159814
2 0.780654 0.0188293 0.0248835 0.0324663 0.0157889
2 0.928237 0.00891396 0.0210583 0.0178279 0.0154298
0 0.362078 0.88282 0.0490167 0.0587511 0.0150647
2 0.779132 0.0192329 0.02481 0.0310018 0.0147227
0 0.0200586 0.0336086 0.0399244 0.0672171 0.0145735
2 0.95358 0.0387137 0.0230633 0.0256513 0.0144246
6 0.0675516 0.68821 0.134572 0.136507 0.014424
2 0.115446 0.471585 0.147466 0.136585 0.0142811
2 0.854922 0.216886 0.0177883 0.0372891 0.0140735
2 0.129125 0.444487 0.118788 0.0793077 0.0137029
2 0.0801194 0.504855 0.0717621 0.0648151 0.0133716
0 0.019698 0.0322295 0.0390415 0.0639316 0.0129827
2 0.64511 0.159863 0.0434788 0.0530997 0.0122112
0 0.257712 0.00748363 0.0228369 0.0149614 0.0121904
2 0.930247 0.0218221 0.0174723 0.0362245 0.0121253
0 0.930573 0.0236571 0.0155033 0.0319438 0.0119763
6 0.0667586 0.732358 0.133128 0.228436 0.0117593
2 0.90435 0.0937605 0.0333393 0.0473567 0.0116718
2 0.91692 0.021594 0.0160885 0.0356721 0.0115936
2 0.079351 0.504753 0.0701143 0.064814 0.0114289
0 0.829903 0.0179963 0.0128864 0.0191211 0.0114211
2 0.425576 0.218246 0.0354382 0.0233687 0.0114158
2 0.0798659 0.50945 0.0673696 0.0558066 0.0112048
2 0.70449 0.0797963 0.0312309 0.0296101 0.011143
2 0.661617 0.0784168 0.0315076 0.0422631 0.0108126
5 0.841062 0.420117 0.0713356 0.112276 0.0106912
0 0.829107 0.0278702 0.0130848 0.0306555 0.0105389
0 0.361137 0.881121 0.0513983 0.0578007 0.0103539
2 0.761427 0.0733385 0.029845 0.0347114 0.0101231
2 0.811782 0.0378434 0.0232735 0.0243729 0.00996482
5 0.888436 0.0126386 0.0138432 0.0252772 0.00991695
0 0.590522 0.925499 0.773941 0.148454 0.00990127
2 0.810506 0.0175946 0.0173761 0.0159641 0.00949425
2 0.815504 0.016534 0.024465 0.0210024 0.00943572
5 0.932129 0.022086 0.0218269 0.041747 0.00943242
6 0.0669657 0.683384 0.133569 0.127891 0.00920853
2 0.0796613 0.509855 0.0650059 0.0542557 0.00917706
2 0.905042 0.0180099 0.0349291 0.0360199 0.00916239
2 0.855996 0.21613 0.0212568 0.0382686 0.00914867
2 0.912195 0.0198495 0.0424854 0.0386769 0.00906587
0 0.0177067 0.0328025 0.0351108 0.0644751 0.00905626
5 0.906891 0.0212186 0.0317677 0.0389801 0.0088615
2 0.854827 0.216894 0.0170626 0.0372474 0.00871241
6 0.210946 0.470189 0.42095 0.586975 0.00863776
2 0.0784266 0.510954 0.0668317 0.0527241 0.00851012
2 0.643202 0.160767 0.0383631 0.0542942 0.00847455
2 0.831926 0.0731381 0.0344137 0.0301738 0.0081667
2 0.0783809 0.505399 0.0726992 0.0628135 0.0080657
2 0.924332 0.00757478 0.0262123 0.0151496 0.00799012
2 0.12509 0.460662 0.126018 0.110901 0.00791052
2 0.0807911 0.501094 0.0755636 0.0721604 0.00758916
6 0.0673523 0.681822 0.133301 0.124834 0.00755263
2 0.783774 0.219927 0.0284053 0.039159 0.00752963
0 0.955921 0.0316738 0.0193535 0.0363692 0.00723393
2 0.845763 0.111439 0.0158867 0.0147668 0.00700489
2 0.854344 0.052057 0.0249641 0.0290489 0.00697692
6 0.0663261 0.736887 0.132652 0.234294 0.00696172
2 0.784516 0.219675 0.0265661 0.0364497 0.0068781
0 0.580581 0.925722 0.757865 0.147997 0.00687679
0 0.0150768 0.0325147 0.0299625 0.0650295 0.00687351
2 0.682968 0.0797029 0.0695062 0.0330872 0.00663729
6 0.0752738 0.773363 0.15008 0.316595 0.00661195
2 0.447866 0.203024 0.0518152 0.0496304 0.0065877
2 0.783965 0.0221431 0.0369862 0.030363 0.00658153
2 0.941162 0.010575 0.0455759 0.02115 0.00649654
0 0.593126 0.925502 0.779385 0.148174 0.00628489
6 0.077986 0.760769 0.155542 0.29976 0.00618003
0 0.105198 0.735383 0.0360036 0.088773 0.00614634
6 0.0684849 0.757928 0.13697 0.294518 0.00613686
2 0.811144 0.0398665 0.0185772 0.0230404 0.00610218
2 0.850687 0.119062 0.0162727 0.0214181 0.00605365
0 0.0165036 0.0330085 0.03186 0.0652769 0.00591871
0 0.587926 0.926522 0.762555 0.146326 0.00586485
2 0.731354 0.0445677 0.0295778 0.0241425 0.00586259
2 0.78384 0.219651 0.0270294 0.0384858 0.00581118
6 0.0671324 0.686688 0.13388 0.134281 0.00573654
7 0.838662 0.136195 0.0380262 0.0565517 0.00571641
2 0.781766 0.0205687 0.031602 0.0305444 0.00558027
2 0.745358 0.0734548 0.031756 0.0333594 0.00556608
8 0.327775 0.925437 0.241338 0.14806 0.00548312
0 0.0154059 0.0333336 0.0307895 0.0666672 0.00547582
5 0.983118 0.0847938 0.0332195 0.168263 0.00528187
2 0.887502 0.0123868 0.0163727 0.0233605 0.00528167
0 0.361726 0.881945 0.0512468 0.0572334 0.00525224
2 0.783961 0.220801 0.0271286 0.0398081 0.00512737
2 0.952281 0.0257575 0.0240177 0.0380653 0.00507905
