2 0.491428 0.587893 0.121025 0.18589 0.878591
2 0.492012 0.587525 0.121406 0.185765 0.862156
2 0.144001 0.448821 0.119878 0.0887761 0.861306
2 0.299881 0.372089 0.101213 0.0897486 0.83669
2 0.14402 0.448604 0.120488 0.0891616 0.820899
2 0.492309 0.587982 0.120993 0.185288 0.818999
2 0.299917 0.371884 0.101878 0.0893787 0.817881
2 0.14393 0.448544 0.119766 0.0883642 0.815375
2 0.491863 0.587956 0.121049 0.183764 0.814323
2 0.492264 0.588113 0.12103 0.183872 0.808213
2 0.229751 0.473024 0.131438 0.0982924 0.803254
2 0.144133 0.447969 0.12051 0.0895215 0.791882
2 0.299966 0.371231 0.101382 0.0891099 0.789923
2 0.491837 0.587783 0.121084 0.185381 0.787803
2 0.143809 0.448402 0.120342 0.0889593 0.787169
2 0.300079 0.372214 0.101641 0.088928 0.773816
2 0.492022 0.587653 0.121215 0.1851 0.772605
2 0.143968 0.448872 0.119674 0.0888033 0.763883
2 0.143584 0.448673 0.1196 0.088924 0.762567
2 0.230402 0.472992 0.130874 0.0974361 0.759568
2 0.143719 0.448476 0.119558 0.0887413 0.756707
2 0.143865 0.447775 0.119684 0.0890623 0.75516
2 0.895455 0.217478 0.0582138 0.0431988 0.754722
2 0.30007 0.372059 0.102253 0.0892324 0.753264
2 0.22975 0.47337 0.13138 0.0977567 0.753026
2 0.299994 0.371888 0.101548 0.0909171 0.751097
2 0.300025 0.371806 0.101408 0.0897041 0.74798
2 0.802639 0.250677 0.0492811 0.0533681 0.745222
2 0.300085 0.371698 0.102053 0.0899369 0.740767
2 0.230039 0.472993 0.131156 0.0965921 0.740122
2 0.802747 0.251131 0.0513199 0.0525968 0.737694
2 0.492298 0.587953 0.121614 0.18426 0.733261
2 0.023211 0.516209 0.0463799 0.0707827 0.722801
2 0.0230156 0.516389 0.04597 0.0720514 0.721298
2 0.802638 0.251156 0.0512789 0.0514553 0.720999
2 0.802512 0.250889 0.0506088 0.0519854 0.720516
2 0.406738 0.316922 0.0819119 0.0557927 0.707082
2 0.895484 0.217159 0.0584269 0.0419954 0.702146
2 0.802831 0.251032 0.0501049 0.0521518 0.701607
2 0.230024 0.472615 0.130673 0.0948079 0.701151
2 0.802562 0.251131 0.0509201 0.0524725 0.697575
2 0.0228554 0.516221 0.045651 0.0727194 0.694109
2 0.300141 0.372027 0.101984 0.0888756 0.687708
2 0.407547 0.316455 0.0831891 0.055224 0.686662
2 0.0232081 0.515858 0.0462692 0.0727983 0.686224
2 0.230238 0.473295 0.129767 0.0960695 0.685797
2 0.229028 0.473364 0.130854 0.0962942 0.683886
2 0.0232957 0.515954 0.0464392 0.0731691 0.678617
2 0.802397 0.250973 0.0515562 0.0534805 0.678072
2 0.491416 0.587905 0.121349 0.185787 0.676016
2 0.416914 0.207785 0.0645034 0.046785 0.675395
2 0.416955 0.207728 0.0652645 0.0472839 0.667472
2 0.229679 0.472916 0.131464 0.0951206 0.664037
2 0.403885 0.372768 0.0917467 0.0716246 0.664008
2 0.89538 0.21714 0.0578312 0.0420416 0.66292
2 0.403527 0.372835 0.0914936 0.0727069 0.659161
2 0.230824 0.473439 0.130669 0.0946989 0.654367
2 0.403683 0.372798 0.0931057 0.0722298 0.654354
2 0.0231155 0.516128 0.0462171 0.0711806 0.653763
2 0.858853 0.176304 0.0642387 0.0383778 0.65227
2 0.416269 0.207667 0.0648098 0.047008 0.646437
2 0.40396 0.372325 0.0924406 0.0720574 0.637726
2 0.403921 0.3731 0.0930163 0.0722705 0.633468
2 0.416435 0.20783 0.064307 0.0467167 0.631123
2 0.369987 0.204037 0.0491206 0.0394824 0.631111
2 0.85928 0.17601 0.0642666 0.0390502 0.63046
2 0.406022 0.315829 0.0853052 0.0552738 0.629203
2 0.89503 0.217978 0.0573498 0.0432422 0.624448
2 0.407091 0.31556 0.0829244 0.0537878 0.622667
2 0.40671 0.315811 0.0835184 0.055451 0.617871
2 0.406599 0.315805 0.0836649 0.0548079 0.616666
2 0.492 0.587533 0.121096 0.182349 0.616289
0 0.220793 0.52974 0.035014 0.0851809 0.610474
2 0.802675 0.250815 0.0516975 0.052909 0.610443
2 0.404035 0.372739 0.0917686 0.0712262 0.603252
2 0.858862 0.176291 0.0647572 0.0392498 0.602748
0 0.220686 0.530121 0.0348978 0.0844715 0.600983
2 0.416965 0.207575 0.0643347 0.0469546 0.600628
2 0.0229573 0.515995 0.045814 0.0724243 0.599255
2 0.407667 0.316216 0.0834489 0.0548068 0.596917
0 0.485308 0.373259 0.0259327 0.0604701 0.596383
2 0.857927 0.176441 0.0649376 0.0388466 0.58013
2 0.895071 0.217877 0.0569023 0.0410486 0.579581
2 0.403653 0.37284 0.091833 0.0724541 0.574891
3 0.337313 0.529361 0.0325448 0.0589701 0.571227
2 0.0230692 0.51625 0.0454376 0.0716627 0.569478
0 0.48514 0.372797 0.0258842 0.0583665 0.569051
5 0.344176 0.16828 0.128548 0.0829397 0.567923
0 0.485119 0.372805 0.0262505 0.0592355 0.567418
2 0.895219 0.217371 0.0580605 0.0435599 0.567035
2 0.169101 0.220698 0.0604981 0.0382987 0.563277
2 0.894701 0.216803 0.0580919 0.0421662 0.558387
2 0.417042 0.208186 0.0646728 0.0461375 0.555971
0 0.485225 0.372902 0.0255964 0.0590691 0.554572
5 0.344557 0.168709 0.130096 0.0830538 0.554167
2 0.0232968 0.51655 0.0456149 0.0721212 0.549434
3 0.337044 0.528516 0.0331985 0.0599785 0.54502
2 0.976308 0.321862 0.046294 0.106799 0.537376
2 0.416795 0.207465 0.0645515 0.0475265 0.534647
0 0.2213 0.530472 0.0351546 0.0856692 0.532191
2 0.92382 0.23653 0.0336252 0.0491644 0.531096
2 0.370395 0.20403 0.0502099 0.0393549 0.527995
2 0.416134 0.20781 0.0648187 0.0466714 0.527437
0 0.484976 0.380836 0.0259507 0.0755724 0.524867
2 0.859801 0.176132 0.0644993 0.0403779 0.518024
2 0.144449 0.44832 0.121529 0.0892641 0.517786
2 0.169508 0.221805 0.0606763 0.0370502 0.517101
2 0.168953 0.220749 0.060677 0.0365144 0.513974
2 0.857525 0.176293 0.0632074 0.0381279 0.509446
0 0.484471 0.38272 0.0268771 0.08158 0.508279
2 0.406948 0.315249 0.081829 0.053085 0.507509
2 0.369667 0.203488 0.0477115 0.0413322 0.504291
0 0.220728 0.529456 0.0347835 0.0855943 0.498327
2 0.895849 0.216708 0.0560061 0.0401982 0.493875
2 0.976306 0.321236 0.0464321 0.106798 0.493873
2 0.169034 0.221369 0.0607301 0.0373134 0.489172
5 0.344142 0.167199 0.129889 0.0841753 0.482704
2 0.416653 0.2074 0.0645633 0.0471589 0.480697
2 0.859935 0.176789 0.0648975 0.0372876 0.478001
2 0.625342 0.242614 0.0516356 0.0512299 0.476641
2 0.168625 0.221354 0.060261 0.037008 0.474958
2 0.403587 0.373357 0.0924028 0.0730053 0.473616
2 0.369979 0.204104 0.0486901 0.0395835 0.4732
2 0.976498 0.323367 0.0464233 0.106216 0.472186
2 0.168543 0.22224 0.0614293 0.0375901 0.470014
2 0.370181 0.203164 0.0488534 0.040542 0.467728
2 0.923886 0.236835 0.0333527 0.0492217 0.46681
2 0.976409 0.321621 0.0466475 0.107757 0.463315
2 0.85873 0.176492 0.0649904 0.037484 0.461446
2 0.370475 0.204333 0.0507928 0.0402742 0.459993
2 0.860547 0.17623 0.0663338 0.0399352 0.453658
5 0.34375 0.169076 0.129924 0.0843592 0.45278
2 0.492358 0.5882 0.120782 0.184031 0.450122
2 0.955776 0.17693 0.0621624 0.0375984 0.446217
2 0.494634 0.190934 0.052095 0.0365685 0.445632
0 0.63066 0.283124 0.0160076 0.0512326 0.445443
2 0.923641 0.236174 0.0330025 0.0483828 0.444632
2 0.502344 0.274341 0.0608118 0.0650574 0.442216
2 0.169065 0.221145 0.0614451 0.0374787 0.439934
0 0.221227 0.530558 0.0347014 0.0846688 0.436702
5 0.342006 0.168958 0.125847 0.0835985 0.435855
5 0.344309 0.167723 0.130679 0.0837064 0.430161
2 0.495679 0.191714 0.0530992 0.0368144 0.42883
5 0.343142 0.168674 0.128894 0.0828362 0.426377
2 0.95576 0.177929 0.0615311 0.0370036 0.423457
2 0.372916 0.203324 0.0529009 0.0371176 0.42272
2 0.923657 0.236255 0.03351 0.0485295 0.420403
2 0.56792 0.278742 0.0562402 0.0569785 0.418406
2 0.568231 0.279249 0.057243 0.0584185 0.414205
2 0.168991 0.220977 0.0617795 0.0358881 0.413572
2 0.567125 0.278398 0.0548143 0.0571912 0.411555
2 0.779125 0.157959 0.0490849 0.0318867 0.40934
2 0.502826 0.274894 0.0602898 0.0627694 0.408577
2 0.956989 0.178511 0.0600025 0.0364819 0.40395
2 0.976477 0.321309 0.0465115 0.108117 0.402743
0 0.221409 0.530588 0.034838 0.0860338 0.402179
2 0.779168 0.157773 0.0496626 0.0321771 0.397215
2 0.779066 0.158176 0.0497942 0.032699 0.392292
2 0.672442 0.207081 0.0381369 0.0545377 0.389114
2 0.403382 0.374404 0.0937741 0.0780753 0.382835
2 0.671703 0.214564 0.0368487 0.0415502 0.381359
2 0.502401 0.273895 0.060413 0.0646454 0.376539
2 0.502905 0.273894 0.0596407 0.0640483 0.376269
2 0.494837 0.191732 0.0520054 0.0367217 0.373754
2 0.971249 0.259996 0.0485558 0.0628838 0.371877
2 0.0233085 0.51598 0.0464616 0.0715128 0.361475
2 0.0227737 0.51646 0.0455474 0.0710371 0.361251
2 0.976343 0.322573 0.0465052 0.103542 0.361047
2 0.893981 0.217282 0.0566231 0.0425849 0.360694
2 0.923753 0.235926 0.0340389 0.0490478 0.359781
0 0.484742 0.37309 0.0263556 0.0608537 0.358822
2 0.976206 0.323903 0.0464664 0.106221 0.355277
2 0.954335 0.176484 0.0606751 0.0375422 0.355248
3 0.337416 0.526182 0.0327802 0.056156 0.351748
0 0.338859 0.486428 0.02918 0.0411278 0.351685
2 0.671577 0.212818 0.037014 0.0438702 0.3466
2 0.502706 0.273592 0.061416 0.0645557 0.343796
2 0.672139 0.213709 0.037183 0.0407925 0.337458
2 0.955194 0.177297 0.0605846 0.0380067 0.336356
0 0.339056 0.492397 0.0281515 0.0544746 0.335849
2 0.569911 0.195191 0.0650827 0.0569045 0.33562
2 0.484568 0.262571 0.0684842 0.0562551 0.335514
3 0.337516 0.529038 0.0329957 0.0575907 0.334284
2 0.779087 0.157748 0.0496165 0.032001 0.33395
0 0.484616 0.382154 0.0273722 0.0808152 0.330167
2 0.502295 0.275227 0.0606661 0.0632225 0.325886
3 0.337288 0.52898 0.0352267 0.0594962 0.323425
0 0.338902 0.489865 0.0284438 0.047933 0.322856
2 0.567552 0.278491 0.0580452 0.0568703 0.314968
0 0.630046 0.284709 0.0147161 0.0507784 0.314862
2 0.77937 0.158457 0.0489937 0.0328043 0.31287
2 0.92378 0.235629 0.0326054 0.0501776 0.312548
2 0.970815 0.259921 0.0473747 0.0599784 0.312089
2 0.472746 0.184203 0.0608053 0.0389965 0.311343
2 0.62508 0.242027 0.0522144 0.0464045 0.307395
0 0.338972 0.486327 0.0281374 0.0423168 0.305351
2 0.956363 0.17845 0.0596897 0.0365759 0.30532
2 0.101133 0.209898 0.0435926 0.0341874 0.303826
5 0.342998 0.168146 0.12897 0.0848801 0.30244
2 0.970542 0.258323 0.0477207 0.0578734 0.301536
2 0.494343 0.189501 0.053109 0.0367013 0.301139
2 0.858355 0.176858 0.0642885 0.038824 0.295553
2 0.861074 0.176671 0.0670584 0.0385849 0.292073
2 0.624665 0.241594 0.0524956 0.0484236 0.290927
2 0.569819 0.1959 0.0665597 0.0561882 0.290766
2 0.972732 0.260251 0.0510889 0.0633676 0.290544
2 0.802725 0.251108 0.0500998 0.0526407 0.290019
2 0.56654 0.279456 0.0534392 0.0557378 0.28925
2 0.568041 0.279431 0.0564075 0.0571563 0.287809
2 0.100723 0.210828 0.0429931 0.0350642 0.285743
0 0.554452 0.341804 0.0271511 0.0624161 0.285596
0 0.631185 0.280782 0.0171535 0.0488925 0.284004
2 0.671709 0.212438 0.0358564 0.0437828 0.282387
0 0.737213 0.231118 0.0180607 0.0470937 0.282086
2 0.567024 0.278368 0.0574808 0.0556438 0.280847
2 0.100633 0.210022 0.0414272 0.0350202 0.280589
2 0.95702 0.177993 0.0630106 0.0354084 0.279924
2 0.370198 0.203969 0.0500221 0.0385184 0.277805
2 0.779107 0.157855 0.0501075 0.0320208 0.275299
0 0.219444 0.538226 0.0396763 0.0987686 0.274788
9 0.607517 0.132795 0.0222557 0.0280817 0.273798
2 0.568175 0.280371 0.0572063 0.0559406 0.272148
2 0.779778 0.159842 0.0488885 0.03501 0.270563
2 0.16858 0.221755 0.0615191 0.0378787 0.270351
2 0.388783 0.448234 0.0614188 0.0664755 0.268907
0 0.73758 0.230518 0.0176416 0.0469659 0.268879
0 0.737109 0.231278 0.0185654 0.0474964 0.268301
2 0.894 0.216947 0.057412 0.0425112 0.268251
0 0.810753 0.203734 0.0184406 0.0404067 0.267692
2 0.494972 0.191666 0.0534935 0.0376187 0.266864
2 0.923659 0.236203 0.0339468 0.047821 0.264926
2 0.570608 0.196135 0.0657282 0.0573813 0.26485
0 0.736689 0.231428 0.017948 0.0470706 0.264717
1 0.207012 0.578891 0.0208568 0.0485631 0.264222
0 0.485546 0.374219 0.0265291 0.0631397 0.263628
2 0.923787 0.235968 0.0362761 0.0505397 0.263568
0 0.339597 0.494015 0.0302263 0.0563224 0.260255
2 0.50251 0.275039 0.0600416 0.0623804 0.259558
2 0.478977 0.262012 0.0582489 0.0543143 0.258472
3 0.336974 0.531796 0.0315096 0.0590973 0.257473
2 0.46849 0.183948 0.0516379 0.0389065 0.256026
2 0.625006 0.242717 0.0511929 0.0501093 0.253396
2 0.408791 0.31517 0.0794027 0.0521939 0.253205
2 0.972593 0.257802 0.0494999 0.0587749 0.251776
2 0.392504 0.447714 0.0554207 0.0650192 0.2516
0 0.811475 0.202911 0.0197796 0.0413609 0.250762
0 0.485209 0.381268 0.0267223 0.0761653 0.250312
2 0.501505 0.273896 0.0614938 0.0656546 0.246502
2 0.495535 0.191424 0.0515545 0.036183 0.246105
2 0.671386 0.215735 0.0354714 0.0375563 0.243941
2 0.468988 0.18422 0.0532263 0.0389832 0.243713
2 0.503094 0.275505 0.0593635 0.0614866 0.243028
2 0.779763 0.157663 0.0480585 0.0323634 0.242665
1 0.212857 0.569482 0.0317408 0.066746 0.242188
2 0.976391 0.315041 0.0465332 0.0939448 0.242068
2 0.49392 0.19269 0.0528513 0.0334156 0.24178
2 0.406618 0.315456 0.0858337 0.0550681 0.241632
2 0.778923 0.157777 0.0499636 0.0327046 0.241299
2 0.672515 0.212463 0.0384424 0.0430436 0.241248
3 0.238386 0.554082 0.0868193 0.0817892 0.24097
2 0.495644 0.190578 0.0509942 0.0372283 0.239685
9 0.619279 0.0524069 0.0114604 0.0163939 0.237647
2 0.976462 0.327225 0.0463623 0.0987097 0.235313
0 0.218096 0.530945 0.0384404 0.0895041 0.234296
0 0.810678 0.203582 0.0185932 0.0402589 0.233769
2 0.625064 0.241645 0.050497 0.0484741 0.233045
2 0.973757 0.261247 0.0508625 0.0621031 0.232703
0 0.737539 0.230476 0.0188332 0.046964 0.232228
2 0.300233 0.371447 0.101511 0.0888776 0.231503
0 0.339046 0.50168 0.0285333 0.0709507 0.230918
2 0.975947 0.315011 0.0475283 0.120462 0.230114
2 0.4746 0.262324 0.0494837 0.0535492 0.229468
0 0.697105 0.252113 0.0170358 0.0498299 0.229258
2 0.970553 0.255428 0.047514 0.0487575 0.228181
2 0.100713 0.210263 0.0436191 0.0343574 0.228005
2 0.976137 0.320673 0.0471134 0.0999599 0.227154
0 0.737276 0.231005 0.0184902 0.0476429 0.227125
2 0.494484 0.190695 0.0521008 0.0364612 0.221144
9 0.507931 0.0546102 0.0144631 0.0172589 0.21966
1 0.214004 0.566328 0.034871 0.0728081 0.218785
2 0.405022 0.372242 0.0956941 0.0700162 0.218725
2 0.802522 0.25098 0.0516905 0.0519116 0.218594
5 0.192624 0.190515 0.0725796 0.0603093 0.218278
0 0.6968 0.249807 0.0172112 0.0494367 0.215573
2 0.46876 0.184315 0.052725 0.0384788 0.215279
1 0.20805 0.571963 0.0231015 0.0617254 0.214189
2 0.976316 0.322969 0.0466724 0.0908568 0.21381
2 0.624005 0.244524 0.0471518 0.0501835 0.213255
9 0.60736 0.133407 0.0225106 0.0288262 0.210846
5 0.398939 0.135619 0.247818 0.147607 0.209233
2 0.671085 0.216142 0.0353651 0.0382331 0.209175
0 0.696659 0.247647 0.0178429 0.0491931 0.208817
2 0.625148 0.244827 0.0515795 0.0494697 0.207131
2 0.593682 0.223025 0.0430358 0.0494408 0.205458
2 0.387956 0.447469 0.063767 0.0658369 0.2054
2 0.570367 0.19746 0.0656827 0.0612358 0.205369
2 0.101628 0.210588 0.0444624 0.035732 0.20431
0 0.737459 0.230679 0.0194052 0.0472196 0.203594
0 0.221475 0.52542 0.0339723 0.0730885 0.202247
2 0.942982 0.177411 0.0377611 0.0360258 0.202054
