2 0.147461 0.873295 0.294921 0.252568 0.930026
2 0.147659 0.873035 0.294301 0.253394 0.909099
2 0.52496 0.722885 0.250554 0.249798 0.903512
2 0.148008 0.873475 0.294307 0.252993 0.903286
2 0.147318 0.873592 0.294628 0.252226 0.888806
2 0.524877 0.723339 0.250239 0.250488 0.887382
2 0.147981 0.873752 0.293123 0.252135 0.885239
2 0.147707 0.873382 0.293424 0.252265 0.883124
2 0.147374 0.873802 0.294748 0.25172 0.883124
2 0.525311 0.723776 0.250251 0.24972 0.876451
2 0.525279 0.72296 0.251161 0.25008 0.874329
2 0.147895 0.873662 0.29554 0.252095 0.868592
2 0.525525 0.724014 0.250217 0.250234 0.867211
2 0.147472 0.873428 0.293796 0.251558 0.849508
2 0.525498 0.724252 0.250497 0.25016 0.828177
2 0.086705 0.728926 0.173131 0.24456 0.825563
2 0.0867129 0.72833 0.173008 0.243069 0.825278
2 0.525369 0.72256 0.249708 0.248592 0.824888
2 0.908591 0.525996 0.133159 0.190841 0.819233
2 0.525905 0.72271 0.250775 0.250556 0.816027
2 0.544313 0.538434 0.208381 0.170425 0.811355
2 0.152982 0.339391 0.149826 0.11267 0.806152
2 0.0868474 0.728908 0.173271 0.243079 0.803802
2 0.525014 0.723271 0.249201 0.24958 0.798404
2 0.908772 0.526083 0.133026 0.190406 0.798249
2 0.15308 0.339146 0.150478 0.113025 0.798105
2 0.153193 0.338993 0.150167 0.11337 0.797901
2 0.0868869 0.729197 0.173774 0.242788 0.795214
2 0.153408 0.339113 0.150032 0.112838 0.793179
2 0.908173 0.525818 0.134331 0.191163 0.788234
2 0.0867623 0.728911 0.173525 0.242466 0.78522
2 0.0865808 0.726943 0.173162 0.242168 0.783646
2 0.153148 0.339308 0.149925 0.113369 0.779551
2 0.544316 0.537773 0.207368 0.169462 0.766865
2 0.0871079 0.727905 0.173842 0.242611 0.7628
2 0.908646 0.52587 0.132762 0.191549 0.758929
2 0.147462 0.873157 0.294436 0.2528 0.755599
2 0.430308 0.308684 0.135885 0.116439 0.749473
2 0.42989 0.307981 0.137023 0.116018 0.747254
2 0.90917 0.526193 0.132172 0.189947 0.740577
2 0.543423 0.537901 0.208748 0.168567 0.735789
2 0.429263 0.308705 0.136722 0.115456 0.735507
2 0.908988 0.525671 0.132014 0.189855 0.73427
2 0.429554 0.308336 0.135814 0.115678 0.733236
2 0.153187 0.339022 0.150039 0.113606 0.729106
2 0.429896 0.308619 0.136593 0.114819 0.727647
2 0.908841 0.526127 0.132812 0.190299 0.725119
2 0.429968 0.308113 0.134267 0.115387 0.723542
2 0.152968 0.339429 0.148933 0.112959 0.721866
2 0.665352 0.342389 0.109652 0.116303 0.71139
2 0.543267 0.53837 0.208305 0.169109 0.703324
2 0.153244 0.33862 0.149629 0.112369 0.697599
2 0.909462 0.527298 0.13208 0.192761 0.6971
2 0.544086 0.53765 0.208377 0.168885 0.696909
2 0.0866455 0.727329 0.173013 0.241832 0.693529
2 0.429903 0.308086 0.134789 0.115408 0.692762
2 0.909042 0.527612 0.132133 0.193276 0.685115
2 0.665343 0.343195 0.10899 0.113517 0.682212
2 0.430149 0.308418 0.133797 0.115871 0.680711
2 0.153232 0.338628 0.149875 0.112569 0.673856
2 0.429895 0.308627 0.134797 0.115863 0.664066
2 0.66539 0.343198 0.108725 0.114437 0.658216
2 0.896774 0.373016 0.110652 0.125117 0.655352
2 0.665142 0.3429 0.108082 0.114113 0.647242
2 0.896707 0.373599 0.111032 0.125076 0.641615
2 0.665377 0.339712 0.109661 0.121508 0.631606
2 0.543644 0.537534 0.208253 0.168734 0.62763
2 0.0867503 0.728079 0.173295 0.241999 0.625801
2 0.896589 0.373674 0.111881 0.12518 0.613033
2 0.896704 0.373219 0.111322 0.125048 0.612839
2 0.665057 0.343399 0.1077 0.11384 0.596645
2 0.896556 0.374001 0.111126 0.125098 0.595334
2 0.0869741 0.728051 0.173948 0.243217 0.595151
2 0.153493 0.338592 0.149834 0.112927 0.589263
2 0.66543 0.339691 0.109912 0.120123 0.585539
2 0.428593 0.30823 0.137216 0.115085 0.580036
2 0.665387 0.34241 0.108597 0.115377 0.575865
2 0.0155619 0.428849 0.0310234 0.0900213 0.571434
2 0.543423 0.538336 0.207433 0.170147 0.566187
2 0.717178 0.140763 0.0559362 0.0679392 0.563542
2 0.0156074 0.428626 0.0311318 0.0904873 0.559551
2 0.0159057 0.429319 0.0317257 0.0911761 0.549962
2 0.664991 0.342455 0.108117 0.115155 0.549948
2 0.897044 0.374674 0.109552 0.125045 0.536665
2 0.562699 0.908909 0.317393 0.182108 0.534822
2 0.564887 0.909876 0.318837 0.179539 0.529244
2 0.88849 0.373373 0.128832 0.125796 0.528668
2 0.0152016 0.429693 0.0303012 0.0878069 0.5233
2 0.719576 0.141115 0.0612705 0.0686086 0.516968
2 0.896948 0.374295 0.110104 0.12472 0.506425
2 0.896696 0.373747 0.1111 0.125053 0.505481
2 0.563328 0.909679 0.311578 0.180153 0.505353
2 0.526311 0.724049 0.247068 0.253305 0.486871
2 0.985433 0.251578 0.028487 0.0951434 0.474746
0 0.371052 0.15264 0.0199641 0.0630211 0.467928
2 0.985332 0.250704 0.0285347 0.0960193 0.465284
2 0.718051 0.141244 0.0569553 0.0679286 0.460053
2 0.0154107 0.429824 0.0306581 0.0884789 0.453895
0 0.931523 0.154056 0.0195274 0.0786534 0.44837
2 0.563781 0.909579 0.311474 0.179679 0.446092
2 0.563328 0.909147 0.313726 0.181103 0.444513
2 0.717214 0.141107 0.0552614 0.0677915 0.44297
2 0.888317 0.373 0.129482 0.128171 0.433747
2 0.717075 0.141138 0.0561523 0.0678644 0.431727
2 0.717381 0.141006 0.0573611 0.0675371 0.409451
2 0.721811 0.140968 0.0649296 0.0690753 0.404353
2 0.0152722 0.428554 0.0303801 0.0854588 0.39822
2 0.0155115 0.430189 0.0310229 0.0879671 0.396622
2 0.561812 0.908939 0.31601 0.181199 0.38475
0 0.370712 0.153369 0.0192565 0.0609368 0.381485
2 0.715649 0.140926 0.0519262 0.0680372 0.376187
2 0.89663 0.374132 0.110581 0.124804 0.373941
2 0.985723 0.251865 0.0280128 0.0962515 0.367095
2 0.98546 0.2532 0.0284597 0.0924205 0.352489
2 0.985152 0.250563 0.0289101 0.0939568 0.337763
2 0.9852 0.250678 0.0289875 0.0937173 0.336895
0 0.369971 0.152292 0.0184653 0.0612605 0.334864
2 0.666122 0.337198 0.108993 0.118672 0.324464
2 0.562808 0.90905 0.312709 0.181139 0.323955
2 0.0154774 0.43013 0.0308431 0.0899056 0.322991
2 0.0156278 0.428869 0.0311371 0.0863567 0.321367
0 0.931495 0.153757 0.0198421 0.0780042 0.318095
2 0.564625 0.909319 0.312458 0.180817 0.317459
2 0.0159954 0.427303 0.0317957 0.0925305 0.315335
2 0.721173 0.141111 0.0642283 0.0688645 0.313047
2 0.544348 0.538897 0.209502 0.170146 0.309124
2 0.985644 0.253143 0.0279755 0.093137 0.308249
2 0.607625 0.204387 0.0977582 0.0975129 0.298728
2 0.985069 0.246621 0.0291592 0.0903803 0.280672
2 0.0165708 0.425714 0.0331416 0.0960581 0.278201
0 0.932465 0.154777 0.0180164 0.0775526 0.276526
2 0.724096 0.140877 0.0697343 0.0696756 0.272505
2 0.562487 0.909144 0.313155 0.180958 0.269728
0 0.931254 0.15319 0.0208481 0.0794279 0.255259
7 0.343767 0.291134 0.139458 0.165673 0.250178
2 0.98543 0.250026 0.0285957 0.099268 0.240055
2 0.985265 0.247412 0.0289206 0.103058 0.228881
7 0.344002 0.291877 0.140417 0.165788 0.228002
2 0.985956 0.272471 0.027264 0.0549865 0.220177
2 0.665247 0.344258 0.107758 0.112444 0.220086
2 0.608303 0.205561 0.0976692 0.0995276 0.214355
2 0.986206 0.273607 0.0268929 0.055476 0.213824
2 0.60001 0.272216 0.0692902 0.0548809 0.203804
2 0.599916 0.272891 0.0682642 0.0540295 0.197796
0 0.369804 0.151494 0.0170434 0.0610943 0.192803
2 0.985035 0.245189 0.0291546 0.0857172 0.192294
2 0.725207 0.140361 0.0720328 0.0692153 0.191922
2 0.606948 0.206152 0.0992953 0.102716 0.188494
7 0.344826 0.29009 0.139517 0.164268 0.188294
2 0.986019 0.272698 0.0273422 0.0557846 0.185233
7 0.34486 0.290072 0.140069 0.16584 0.1847
2 0.599997 0.270905 0.0681343 0.0504402 0.18322
2 0.0154887 0.429416 0.0307705 0.0886245 0.180506
2 0.606879 0.208257 0.0964998 0.105295 0.177243
2 0.60814 0.201892 0.0965887 0.0937036 0.174628
0 0.930892 0.152116 0.0203114 0.0787488 0.17096
2 0.339218 0.317853 0.130108 0.110475 0.169304
0 0.931476 0.153644 0.0190096 0.079231 0.165171
2 0.600484 0.268998 0.0703329 0.053941 0.164522
2 0.867874 0.184727 0.0380918 0.103216 0.162448
2 0.608418 0.207092 0.0966377 0.100882 0.160761
2 0.339 0.31551 0.131506 0.114383 0.159292
0 0.382027 0.152064 0.012978 0.0604502 0.155622
2 0.719122 0.140915 0.0610083 0.0671475 0.153952
9 0.461792 0.0637534 0.0144228 0.0261116 0.152648
2 0.0867217 0.733577 0.173314 0.251544 0.15167
2 0.672159 0.325002 0.0971458 0.0978942 0.150994
0 0.370852 0.153707 0.020418 0.0625581 0.150395
0 0.931941 0.152562 0.0184883 0.080364 0.15026
2 0.798256 0.345945 0.0638649 0.066995 0.149756
2 0.611011 0.207786 0.10315 0.105308 0.144234
0 0.355233 0.160826 0.0144568 0.0498142 0.143453
2 0.0154978 0.429946 0.0309956 0.0881226 0.142969
2 0.34345 0.307042 0.138028 0.13107 0.139939
2 0.343545 0.300359 0.136183 0.14239 0.135634
2 0.374272 0.256396 0.0771614 0.0961233 0.133712
7 0.344856 0.289732 0.139647 0.161954 0.13106
2 0.891519 0.127605 0.0600723 0.069217 0.129942
2 0.608278 0.202281 0.0971846 0.0926356 0.129839
0 0.931063 0.153614 0.0199322 0.0782918 0.127353
0 0.35455 0.160486 0.0144053 0.0492903 0.125338
2 0.814972 0.266488 0.027763 0.0290142 0.12498
2 0.610033 0.205048 0.101469 0.0904219 0.124155
2 0.867462 0.18823 0.0397123 0.104544 0.123852
2 0.888821 0.127507 0.0509449 0.0696131 0.123246
2 0.768321 0.19743 0.042971 0.0467822 0.123098
0 0.379881 0.151506 0.01337 0.059313 0.122847
2 0.340964 0.317264 0.132728 0.111446 0.122549
7 0.344332 0.289714 0.139754 0.166 0.120317
0 0.369249 0.153242 0.0208265 0.0643898 0.1202
2 0.342611 0.307585 0.136774 0.128687 0.119023
2 0.768627 0.194089 0.0449902 0.0534941 0.118507
2 0.986162 0.274306 0.0268555 0.053366 0.118335
2 0.321837 0.335777 0.09759 0.0687276 0.116039
2 0.374557 0.25485 0.076987 0.0926019 0.114245
9 0.462769 0.0658144 0.0151642 0.0301337 0.113181
2 0.815531 0.184345 0.13919 0.10797 0.112471
2 0.625383 0.227221 0.130532 0.135587 0.110904
2 0.327499 0.323305 0.105875 0.0997468 0.110733
0 0.367889 0.154182 0.0183647 0.0642104 0.110059
2 0.815284 0.26632 0.0270485 0.0287745 0.109816
2 0.616828 0.211725 0.116236 0.11095 0.108417
2 0.985146 0.234963 0.0292217 0.129891 0.1083
2 0.891416 0.125949 0.0574253 0.0646259 0.104123
2 0.798336 0.35042 0.0633133 0.0610953 0.103723
2 0.601714 0.272545 0.0641756 0.048122 0.102294
2 0.623008 0.212745 0.126342 0.11346 0.100457
0 0.38145 0.151835 0.0139941 0.0603724 0.100439
2 0.849132 0.18472 0.0742466 0.112918 0.0998593
2 0.599308 0.204605 0.0807775 0.0840353 0.0994737
0 0.0999899 0.267843 0.0301783 0.0681666 0.0993733
2 0.626699 0.23625 0.127772 0.0806672 0.0988841
2 0.798744 0.337522 0.0652859 0.0842813 0.0980646
2 0.374706 0.256117 0.0780584 0.095435 0.096582
2 0.864545 0.184677 0.0434864 0.0959479 0.0956116
2 0.767832 0.194276 0.0434672 0.0522694 0.0925407
2 0.628627 0.246561 0.125754 0.0962785 0.0922834
2 0.609487 0.200368 0.096973 0.0827084 0.091718
2 0.769595 0.197719 0.0435194 0.0473422 0.0910477
2 0.859066 0.184232 0.0477562 0.0996269 0.0909563
0 0.389127 0.149967 0.015558 0.050736 0.0897238
0 0.386366 0.151511 0.0144537 0.0573928 0.087727
2 0.767176 0.193658 0.0448516 0.0534367 0.0872443
0 0.151193 0.246973 0.0216221 0.0426475 0.0868376
2 0.62809 0.239541 0.127769 0.0868176 0.0867156
2 0.323552 0.335776 0.0981187 0.0696782 0.0863857
2 0.625437 0.227788 0.129712 0.137438 0.0862358
2 0.815439 0.349509 0.0305807 0.0421858 0.0859802
2 0.777603 0.338886 0.0230884 0.054573 0.0851795
2 0.767906 0.196362 0.0432957 0.0488982 0.0849566
2 0.333317 0.329723 0.119274 0.0899688 0.0836639
0 0.0995739 0.267402 0.0296681 0.0656833 0.0833267
0 0.150189 0.246297 0.0228005 0.0449347 0.083256
0 0.380964 0.151153 0.0125224 0.0585759 0.0830757
2 0.344419 0.289609 0.139048 0.163675 0.0826233
2 0.821204 0.183825 0.127114 0.111037 0.082607
2 0.845639 0.18242 0.0814323 0.111194 0.0811853
2 0.611644 0.185862 0.0917637 0.0547934 0.0809343
2 0.601153 0.268019 0.0723933 0.0500903 0.0808737
2 0.599711 0.276567 0.0678581 0.0538834 0.0808027
2 0.815212 0.350473 0.0302658 0.0423146 0.0805592
2 0.626633 0.225483 0.132635 0.127291 0.0803993
0 0.0374781 0.316322 0.0191893 0.0871158 0.0792031
2 0.598723 0.273697 0.0693354 0.0545503 0.0789177
0 0.387383 0.149771 0.014929 0.0576411 0.0787308
2 0.891199 0.128322 0.0572308 0.0708585 0.0786849
2 0.871592 0.181499 0.0303921 0.0948076 0.0777525
2 0.724644 0.140987 0.0714174 0.0712304 0.076872
0 0.356743 0.16319 0.0140561 0.0470446 0.0763392
2 0.365655 0.258041 0.095258 0.0985355 0.0761292
0 0.0993031 0.267872 0.030467 0.0685534 0.0757903
0 0.388812 0.149793 0.016282 0.0513414 0.0744985
9 0.461204 0.0661569 0.0145299 0.0280619 0.0738693
2 0.0859793 0.797704 0.171959 0.381688 0.0737327
0 0.0999543 0.266821 0.0286939 0.0630732 0.0732632
2 0.817575 0.183331 0.13578 0.109508 0.0732216
2 0.665327 0.220708 0.0446912 0.0430358 0.0729997
2 0.889666 0.124219 0.0528263 0.0616606 0.0725293
2 0.663712 0.231807 0.0528952 0.0622403 0.0722126
2 0.885559 0.128394 0.0316851 0.066939 0.0712491
2 0.872018 0.182382 0.0301155 0.093388 0.0707288
2 0.849796 0.186154 0.0747875 0.112641 0.0706545
2 0.636799 0.228891 0.105673 0.0626418 0.0704367
2 0.814461 0.182434 0.139065 0.10663 0.0689302
0 0.356386 0.158187 0.0131313 0.0505801 0.0685712
9 0.463652 0.0629186 0.0155428 0.0245953 0.0682526
0 0.128411 0.255148 0.0218025 0.0628738 0.0680515
2 0.611834 0.183559 0.0901764 0.054389 0.0678827
2 0.665725 0.229777 0.0482527 0.0601129 0.0677732
2 0.797799 0.348401 0.0637835 0.070554 0.0673372
2 0.766643 0.196562 0.0426543 0.0502994 0.0664154
2 0.798478 0.338429 0.0663294 0.0747682 0.0660361
2 0.628723 0.247965 0.12675 0.100731 0.0659801
2 0.887803 0.146998 0.0217861 0.0334777 0.0651826
2 0.801186 0.348133 0.0596638 0.0465213 0.0647034
2 0.659111 0.263544 0.0651687 0.0636711 0.0645157
0 0.126672 0.237256 0.0156714 0.0283613 0.0642495
0 0.0412746 0.316073 0.0197118 0.0880287 0.0637093
0 0.036564 0.315139 0.0187575 0.0848335 0.0635392
2 0.66646 0.33722 0.107504 0.121135 0.0633924
2 0.815659 0.350453 0.0291897 0.0421739 0.0633352
2 0.797687 0.322327 0.0660708 0.112071 0.0625573
2 0.543327 0.537096 0.209146 0.167973 0.0625066
0 0.126942 0.252338 0.0189838 0.0575288 0.0623164
9 0.463767 0.0642573 0.0158224 0.0264875 0.0620921
2 0.667651 0.222747 0.047263 0.0453716 0.0620364
2 0.643663 0.230817 0.0925383 0.0646301 0.0620114
2 0.326116 0.335893 0.102425 0.0794313 0.0616078
0 0.151819 0.249634 0.0232017 0.0480327 0.0612701
2 0.356466 0.279689 0.0744013 0.0580769 0.0611834
2 0.863078 0.305979 0.0341202 0.0451445 0.0605962
2 0.368771 0.258347 0.091666 0.0989326 0.0605759
2 0.662936 0.273482 0.0662939 0.0490973 0.060461
2 0.845232 0.184869 0.0639038 0.0969146 0.0598379
2 0.664561 0.232063 0.0513102 0.0645249 0.0595576
2 0.153004 0.340606 0.150387 0.110133 0.0591035
2 0.600163 0.276969 0.0694858 0.0558928 0.0589617
2 0.598465 0.271673 0.0717972 0.0554081 0.0588655
2 0.344719 0.28931 0.138305 0.162708 0.0587983
0 0.929127 0.153239 0.0264595 0.0790545 0.058462
