2 0.806321 0.227436 0.0970081 0.0577809 0.852681
2 0.364624 0.213908 0.0881506 0.0547932 0.834356
2 0.806628 0.227414 0.0980864 0.0565493 0.827409
2 0.364765 0.214353 0.0883037 0.0555281 0.82392
2 0.939813 0.368557 0.119782 0.0963414 0.821666
2 0.365152 0.213904 0.0892308 0.0550378 0.820633
2 0.939779 0.36866 0.119715 0.096423 0.818342
2 0.806408 0.227278 0.0972805 0.0580763 0.814052
2 0.940026 0.369222 0.11909 0.0966572 0.81304
2 0.365673 0.213834 0.0886382 0.0549324 0.807766
2 0.939825 0.368713 0.119628 0.0964836 0.806041
2 0.939878 0.368729 0.119493 0.0962023 0.805128
2 0.806572 0.227342 0.0969497 0.058104 0.799623
2 0.939428 0.368861 0.11912 0.0962341 0.798028
2 0.939925 0.368739 0.119204 0.0977527 0.797106
2 0.806177 0.227712 0.0978828 0.0579616 0.791093
2 0.93951 0.368733 0.119517 0.0958262 0.786842
2 0.806321 0.22754 0.0981508 0.0577219 0.786613
2 0.3654 0.214259 0.088228 0.0548193 0.77935
2 0.365146 0.213921 0.089068 0.0545568 0.77554
2 0.806518 0.227166 0.0972296 0.0581464 0.771046
2 0.93982 0.368952 0.119356 0.0982203 0.761468
2 0.939927 0.369106 0.119646 0.0966348 0.745962
0 0.144685 0.532259 0.0343365 0.128384 0.74445
2 0.364304 0.21423 0.0887189 0.0543635 0.73175
0 0.0812087 0.544699 0.0403436 0.119491 0.730703
2 0.806653 0.227087 0.097126 0.0557932 0.715798
2 0.196777 0.230057 0.0966867 0.0588006 0.709851
0 0.145095 0.531796 0.0338202 0.129603 0.709828
0 0.14462 0.531035 0.0339744 0.129476 0.703529
0 0.0808067 0.544211 0.0390096 0.121742 0.702606
2 0.365101 0.214029 0.0895202 0.0548445 0.695697
0 0.0812539 0.544404 0.038739 0.122258 0.687178
2 0.19703 0.230023 0.0966023 0.0595691 0.686724
0 0.0814879 0.54468 0.0392858 0.121629 0.682573
0 0.145174 0.531146 0.0339521 0.129329 0.678774
2 0.196852 0.22975 0.0966079 0.0590861 0.674813
0 0.0813727 0.548018 0.0397847 0.11644 0.667325
2 0.195007 0.229036 0.0999125 0.0579621 0.662059
2 0.196643 0.229741 0.0963848 0.0592812 0.660683
2 0.197202 0.229747 0.0960903 0.0582442 0.658206
2 0.327671 0.196724 0.080218 0.0630292 0.652136
0 0.14435 0.530471 0.0338963 0.129107 0.637056
2 0.8058 0.227417 0.0990112 0.0564143 0.635431
0 0.175241 0.540098 0.037079 0.104957 0.635055
2 0.197308 0.230154 0.0965645 0.0575088 0.634381
2 0.687196 0.223334 0.0875319 0.0631087 0.628617
2 0.326785 0.197021 0.0799711 0.0625046 0.620066
2 0.687259 0.223009 0.0881307 0.0618742 0.617753
0 0.0811984 0.547255 0.0401585 0.12408 0.613297
2 0.196449 0.228912 0.0965607 0.0599966 0.605285
0 0.144882 0.531704 0.0335876 0.127793 0.603071
2 0.686965 0.223095 0.0873453 0.062172 0.582521
0 0.144623 0.533467 0.0346249 0.125582 0.564643
2 0.848737 0.120889 0.0559937 0.0324207 0.564141
0 0.17526 0.538552 0.0364669 0.10365 0.563392
2 0.327776 0.198155 0.0822398 0.0623329 0.562632
2 0.687347 0.223173 0.0883795 0.0620687 0.560745
0 0.176598 0.539474 0.0343416 0.101413 0.55697
0 0.176304 0.538759 0.0349974 0.101396 0.554413
0 0.176555 0.539806 0.0351 0.101037 0.547675
2 0.687007 0.223263 0.0876797 0.062124 0.543328
2 0.848772 0.120288 0.0553005 0.0328848 0.537526
2 0.687015 0.22328 0.087934 0.0624937 0.522656
2 0.195383 0.2296 0.098744 0.0574286 0.520752
2 0.327269 0.198119 0.0818796 0.0632092 0.51798
2 0.848643 0.119282 0.0562218 0.0348481 0.493104
2 0.848451 0.119841 0.0556805 0.032868 0.488614
2 0.327902 0.197632 0.0801817 0.0624872 0.486864
2 0.687698 0.223761 0.0881245 0.0627741 0.480209
2 0.326847 0.196828 0.0799952 0.0626385 0.473988
0 0.0811362 0.548088 0.0389878 0.114184 0.470954
0 0.175696 0.54012 0.0356066 0.105253 0.46278
2 0.0758193 0.228914 0.087733 0.0547589 0.461326
2 0.495789 0.195301 0.103034 0.0509621 0.457062
2 0.196974 0.229162 0.0965977 0.0614029 0.455222
0 0.1445 0.533091 0.032957 0.1329 0.450083
0 0.174585 0.53672 0.0369503 0.107119 0.439686
0 0.0485265 0.554808 0.0350905 0.107164 0.438787
2 0.493648 0.195797 0.0989963 0.051106 0.438216
2 0.494604 0.195847 0.100349 0.0511995 0.433443
2 0.848292 0.120652 0.0549732 0.0310146 0.423482
2 0.0757297 0.228677 0.0876336 0.0551536 0.422963
0 0.0482768 0.556287 0.0374894 0.109318 0.411172
2 0.496002 0.195357 0.102029 0.0515204 0.405699
2 0.84884 0.119249 0.0554874 0.0345365 0.405359
0 0.0493957 0.555125 0.033186 0.106592 0.404917
0 0.175198 0.538499 0.0357157 0.104435 0.403746
2 0.805706 0.228543 0.0979437 0.0594677 0.395948
0 0.081569 0.54605 0.0386817 0.118209 0.392172
0 0.0484462 0.55202 0.0336651 0.113832 0.389371
2 0.51291 0.225087 0.107442 0.0569391 0.387051
2 0.499982 0.196143 0.111385 0.0499269 0.383235
2 0.807929 0.226986 0.0994217 0.055443 0.381814
2 0.0770965 0.22868 0.0875894 0.0541853 0.38028
0 0.144936 0.532825 0.0335282 0.125869 0.380226
2 0.076497 0.228611 0.0876379 0.05575 0.370715
2 0.0220783 0.225882 0.0441566 0.0471407 0.367426
2 0.0765737 0.228662 0.0869735 0.0543148 0.365165
2 0.4754 0.241091 0.13713 0.0502952 0.36026
2 0.327402 0.195795 0.0806993 0.0610943 0.358792
0 0.0480473 0.555288 0.0385548 0.106884 0.357546
2 0.326552 0.196388 0.0814547 0.0613265 0.355534
2 0.687753 0.223567 0.0885893 0.0627332 0.352835
2 0.364666 0.213555 0.0893966 0.0533592 0.351489
0 0.175352 0.540491 0.0357419 0.107047 0.349564
2 0.0763779 0.228384 0.0864486 0.0557899 0.347623
0 0.143717 0.533098 0.0332163 0.12718 0.338585
2 0.476089 0.240268 0.137291 0.0477456 0.332473
0 0.0482395 0.556711 0.0360217 0.109964 0.330543
2 0.491732 0.195601 0.095116 0.0518623 0.327079
0 0.0494963 0.550612 0.0325815 0.116563 0.324131
2 0.479015 0.238729 0.144926 0.0454803 0.3231
2 0.518811 0.225005 0.0965839 0.0560958 0.315016
0 0.0823033 0.543596 0.0419013 0.121573 0.313894
2 0.0762014 0.228681 0.0876957 0.0545787 0.309834
2 0.848807 0.119675 0.0545673 0.0341218 0.301967
2 0.524966 0.224928 0.081522 0.0537319 0.300263
2 0.505188 0.196844 0.120988 0.0516892 0.299298
0 0.175372 0.539532 0.0330733 0.105137 0.293857
2 0.022099 0.226685 0.0441979 0.0460724 0.285998
2 0.196495 0.230134 0.0963126 0.0578072 0.281331
2 0.848849 0.119595 0.0572769 0.0348619 0.279138
2 0.0222806 0.225624 0.0444186 0.0472803 0.276306
2 0.0222974 0.226966 0.0445949 0.0456776 0.274104
2 0.51614 0.223565 0.100925 0.0579276 0.273696
0 0.144114 0.534077 0.0324033 0.127685 0.272838
2 0.0225671 0.226804 0.0451342 0.0469042 0.271116
2 0.196806 0.22936 0.0972391 0.0587045 0.268213
2 0.526797 0.225575 0.0789097 0.0567692 0.26798
0 0.049499 0.555162 0.0361211 0.102206 0.267001
2 0.507852 0.223839 0.117854 0.0577562 0.263043
2 0.325818 0.196396 0.0785463 0.0617679 0.260989
2 0.467529 0.239812 0.122863 0.0466028 0.260205
2 0.0233226 0.226001 0.0465382 0.0474962 0.259199
2 0.5264 0.224715 0.0790754 0.0534965 0.253303
2 0.0231536 0.225222 0.0461643 0.0489822 0.248792
2 0.504843 0.226698 0.124532 0.0581297 0.24858
2 0.848325 0.119047 0.0559057 0.0353272 0.241995
2 0.848271 0.119128 0.056538 0.0359231 0.236978
2 0.48801 0.195606 0.0872229 0.0515375 0.230848
0 0.0475924 0.554848 0.0366806 0.104464 0.230015
2 0.0222848 0.226782 0.0444344 0.0452116 0.220399
2 0.525248 0.224983 0.0831647 0.0540949 0.206828
0 0.0814321 0.550453 0.0421052 0.133578 0.204275
2 0.0764658 0.228436 0.0874533 0.0546904 0.197048
0 0.0465641 0.554441 0.0368899 0.106794 0.195926
2 0.475467 0.24182 0.137275 0.0502061 0.195065
2 0.475648 0.242811 0.13803 0.0525116 0.194836
2 0.849691 0.120854 0.0556568 0.0327853 0.193362
2 0.506229 0.19475 0.11444 0.0508347 0.191024
2 0.0227898 0.224494 0.0453163 0.0500749 0.187263
2 0.0212691 0.228347 0.0425382 0.0430161 0.178809
2 0.49017 0.195352 0.0909731 0.0513651 0.171469
2 0.529653 0.225362 0.071833 0.0537696 0.160825
2 0.687347 0.223669 0.0870583 0.0617663 0.15976
2 0.505114 0.209798 0.123282 0.0778253 0.153797
2 0.485164 0.195443 0.0803471 0.0519784 0.151254
2 0.0773543 0.228633 0.0866297 0.0542409 0.137581
0 0.0813137 0.545487 0.0398576 0.112943 0.137575
2 0.326707 0.195742 0.0806706 0.062284 0.136895
2 0.848438 0.118831 0.055588 0.0355517 0.136197
2 0.527207 0.225747 0.0786137 0.0549216 0.134842
2 0.486623 0.195432 0.0840342 0.0518323 0.132878
0 0.0437948 0.553385 0.0292683 0.104751 0.125367
0 0.0485038 0.554154 0.0377431 0.116073 0.123544
2 0.49969 0.232966 0.131605 0.0459872 0.121965
2 0.505764 0.21899 0.122982 0.0575656 0.121889
0 0.168792 0.209955 0.0155014 0.0344633 0.114854
2 0.687388 0.223569 0.0882345 0.0614479 0.114422
2 0.0659699 0.228213 0.10781 0.0550919 0.11279
2 0.0768574 0.228842 0.0863814 0.0549075 0.108084
2 0.476779 0.23838 0.123532 0.0424563 0.103176
2 0.474853 0.24144 0.13634 0.0504092 0.101805
2 0.914442 0.126971 0.0707066 0.0524876 0.0992345
2 0.485732 0.237827 0.124405 0.042141 0.0990415
2 0.365113 0.214229 0.0885856 0.0552583 0.0981083
26 0.178016 0.525078 0.0289182 0.055243 0.0910785
2 0.0218227 0.22832 0.0436455 0.0441836 0.0884956
2 0.928507 0.108761 0.027103 0.0174058 0.0863718
0 0.169383 0.209319 0.0138215 0.0324616 0.0843387
0 0.0484298 0.556618 0.0389852 0.113671 0.0825484
2 0.865415 0.125088 0.0210197 0.0229627 0.0817825
2 0.913822 0.127734 0.0695534 0.0533664 0.0787868
2 0.468438 0.241969 0.122948 0.0504557 0.0787765
2 0.027194 0.224446 0.0543879 0.0512414 0.0777676
26 0.177892 0.521863 0.0290853 0.0638519 0.077521
2 0.0215359 0.229771 0.0429039 0.039713 0.0753741
0 0.038504 0.551546 0.0231641 0.100725 0.0748563
2 0.861448 0.11846 0.0319229 0.0340719 0.0741946
0 0.255515 0.17673 0.0142116 0.0320439 0.0721153
2 0.686461 0.223509 0.088957 0.062429 0.0715448
0 0.0500018 0.553304 0.0296722 0.111023 0.0674934
2 0.483109 0.196878 0.0749393 0.0490682 0.0674057
2 0.229714 0.188265 0.0205067 0.0425951 0.0666525
0 0.0390653 0.550708 0.0245788 0.0986338 0.0660049
2 0.485187 0.190503 0.0768118 0.0400293 0.0648427
2 0.493185 0.237147 0.113991 0.0419402 0.064266
2 0.492614 0.182339 0.0658518 0.023682 0.0588932
2 0.9202 0.109622 0.0442987 0.0189395 0.0560889
2 0.934316 0.127736 0.112242 0.0565076 0.0560296
2 0.482423 0.239141 0.128069 0.0437769 0.0557916
2 0.0337524 0.225045 0.066533 0.0556553 0.0555289
0 0.645637 0.172345 0.0154445 0.0374302 0.0540356
2 0.336334 0.193546 0.0616608 0.0542826 0.0528929
2 0.0600397 0.226639 0.119022 0.0545842 0.0528647
2 0.918158 0.109807 0.0512341 0.0210452 0.0526527
2 0.922112 0.127461 0.0879913 0.0536363 0.051903
0 0.176614 0.538786 0.0321629 0.101486 0.051469
2 0.485763 0.237892 0.10127 0.0413018 0.0506056
0 0.254984 0.174633 0.0129829 0.0287319 0.0497486
2 0.913444 0.113082 0.0650929 0.0254439 0.0477289
0 0.645963 0.172852 0.0162828 0.0404368 0.0476168
2 0.495826 0.235272 0.127497 0.0433387 0.0468973
7 0.0595465 0.228311 0.119079 0.0578292 0.0451424
2 0.502823 0.191012 0.0970285 0.0439604 0.0448766
7 0.274534 0.669045 0.549068 0.20378 0.0447309
2 0.913559 0.129008 0.0733639 0.0535695 0.0446936
0 0.767268 0.168902 0.0228271 0.0373413 0.0432949
2 0.0597326 0.228037 0.119465 0.057926 0.0430225
0 0.753606 0.167435 0.0173616 0.0367697 0.0425163
9 0.0807396 0.146081 0.00953724 0.0295116 0.0409828
2 0.932829 0.128319 0.108416 0.0582653 0.0402832
0 0.0365794 0.551749 0.0244306 0.101306 0.0402427
2 0.229613 0.186457 0.0203711 0.0403824 0.0397006
2 0.531121 0.222686 0.0685492 0.0499822 0.0395461
2 0.488862 0.23743 0.113549 0.039193 0.0395022
2 0.059882 0.227396 0.119306 0.0541125 0.0394999
2 0.912841 0.129651 0.0715858 0.0528119 0.0386569
2 0.933829 0.128186 0.108723 0.0617849 0.0378605
2 0.510626 0.201795 0.105453 0.0374626 0.0376811
2 0.519591 0.225159 0.0889515 0.0561872 0.0375259
2 0.933376 0.128813 0.110241 0.0596158 0.037114
2 0.93353 0.128982 0.111353 0.0571486 0.0367869
2 0.934369 0.128716 0.113624 0.0559531 0.036292
0 0.767127 0.169821 0.0241348 0.0375245 0.0356099
2 0.805794 0.226734 0.0989901 0.0551598 0.0354567
2 0.76131 0.167567 0.0387999 0.0436362 0.0345393
2 0.755923 0.165619 0.049332 0.0411274 0.0336011
0 0.0378967 0.534443 0.0202831 0.0672357 0.0331787
9 0.122816 0.117211 0.011368 0.0234993 0.0330865
0 0.049525 0.554651 0.0340741 0.0969795 0.0320663
2 0.476907 0.239295 0.124352 0.0436596 0.0318408
0 0.0494071 0.555775 0.0291201 0.106164 0.0317085
0 0.759156 0.171475 0.0254372 0.042317 0.0313691
0 0.184949 0.209686 0.017027 0.0301947 0.0311849
2 0.472006 0.23831 0.111469 0.0423944 0.0311822
0 0.039789 0.542615 0.0196916 0.0841627 0.0311213
2 0.478747 0.242677 0.146892 0.0536478 0.0311008
2 0.226249 0.187818 0.0290056 0.0419508 0.0307467
2 0.914718 0.128723 0.0766888 0.0516377 0.0306477
2 0.968687 0.103139 0.0279282 0.0294997 0.0301075
0 0.230374 0.190143 0.0195899 0.0401688 0.0298665
9 0.141025 0.12112 0.0117126 0.0318649 0.0296401
7 0.934452 0.127931 0.114475 0.0607414 0.0295306
0 0.763523 0.166715 0.0299747 0.0394804 0.0289401
0 0.753151 0.165693 0.0174001 0.0381948 0.0285327
7 0.275432 0.662935 0.548484 0.205238 0.0282871
9 0.0972515 0.0880193 0.0105865 0.0258698 0.0279416
2 0.687311 0.223647 0.088909 0.0613893 0.0275071
7 0.275009 0.660613 0.548076 0.215947 0.0272756
2 0.338638 0.185637 0.0584376 0.0389455 0.0271985
9 0.132668 0.123566 0.0155123 0.0349693 0.0269753
2 0.0674453 0.228858 0.0880564 0.0542 0.0267257
0 0.189763 0.209204 0.0194269 0.0284498 0.0266123
0 0.081237 0.547579 0.0377432 0.110302 0.0265657
9 0.260463 0.104264 0.0156615 0.0168963 0.0265528
7 0.935617 0.129251 0.120286 0.0609512 0.0262542
0 0.0394906 0.513774 0.0168081 0.0264942 0.0258919
7 0.275693 0.671203 0.548192 0.211982 0.0258434
2 0.275282 0.666827 0.548488 0.200716 0.0256605
2 0.0146467 0.220927 0.0292705 0.0449386 0.0246079
9 0.140724 0.12145 0.0131858 0.0321479 0.0244705
2 0.327433 0.199872 0.0838297 0.0582283 0.0241146
2 0.0771503 0.228397 0.0876225 0.0542083 0.0237932
0 0.20832 0.191471 0.0133974 0.0209477 0.022969
26 0.186597 0.532783 0.0180091 0.0421681 0.0227791
2 0.226206 0.186987 0.0288406 0.0422994 0.0224765
0 0.254569 0.185272 0.0147938 0.0470838 0.0223116
26 0.185565 0.542482 0.0204407 0.0664532 0.0222264
26 0.174856 0.525451 0.0347293 0.0749069 0.0219728
0 0.0817792 0.548059 0.0376254 0.10937 0.0219461
2 0.687136 0.223821 0.0884619 0.0615169 0.0215916
0 0.0958728 0.196806 0.0128929 0.0169957 0.0215466
2 0.0759865 0.228889 0.0853269 0.0559629 0.021178
0 0.992286 0.133495 0.0147758 0.0759182 0.0205514
9 0.0542066 0.142591 0.0106228 0.0257465 0.0204226
0 0.0386264 0.514957 0.0197826 0.0303543 0.0199673
2 0.970878 0.105144 0.0284657 0.0271517 0.019545
0 0.0796031 0.544256 0.0364141 0.119255 0.0189034
2 0.273788 0.656324 0.544192 0.201796 0.0184195
0 0.753644 0.17685 0.0169699 0.0494413 0.0182564
2 0.936384 0.107726 0.0287224 0.0218934 0.0180246
2 0.91267 0.130644 0.0727562 0.0512758 0.0177126
2 0.483618 0.193977 0.0791596 0.0474268 0.0174491
0 0.84331 0.248847 0.0161097 0.0259509 0.0171473
0 0.231432 0.20068 0.0195777 0.0289349 0.0170207
7 0.274362 0.666434 0.548725 0.208355 0.016995
0 0.169274 0.208302 0.0128588 0.034894 0.0169841
0 0.193553 0.200425 0.0149762 0.0236447 0.0169764
