5 0.906723 0.292759 0.186173 0.373412 0.859397
5 0.90661 0.292857 0.186599 0.371893 0.849341
5 0.906677 0.296172 0.186645 0.365375 0.846389
5 0.906708 0.2937 0.186463 0.371066 0.84593
5 0.906561 0.29485 0.18643 0.368349 0.834201
5 0.906669 0.295397 0.186272 0.367702 0.813414
5 0.429216 0.758579 0.604587 0.482143 0.809599
5 0.461053 0.757976 0.543492 0.483137 0.80727
5 0.906577 0.29544 0.186182 0.366569 0.787734
5 0.462571 0.757907 0.544721 0.483799 0.779957
5 0.906412 0.293323 0.186908 0.370412 0.778176
5 0.458734 0.757967 0.545326 0.482188 0.710748
5 0.407739 0.758457 0.64982 0.481908 0.695446
5 0.430112 0.757949 0.60818 0.482905 0.689081
5 0.430025 0.758093 0.607817 0.481982 0.68524
5 0.906155 0.298291 0.187422 0.362138 0.655548
5 0.401096 0.757762 0.66368 0.483197 0.630927
6 0.380361 0.478286 0.735177 0.87307 0.583117
5 0.906906 0.294372 0.186188 0.371862 0.539338
2 0.418091 0.30078 0.0820739 0.0944182 0.525576
2 0.418028 0.300259 0.082448 0.0947595 0.47291
5 0.447056 0.758573 0.576008 0.481132 0.467466
5 0.739193 0.319995 0.0924133 0.120236 0.458483
6 0.388505 0.517433 0.739234 0.90602 0.449024
6 0.380591 0.489207 0.716944 0.732903 0.448857
2 0.0538796 0.536762 0.107101 0.0994486 0.435554
2 0.703691 0.218922 0.0563738 0.0456624 0.425291
5 0.415593 0.757908 0.637895 0.480133 0.419266
2 0.0534621 0.536949 0.106924 0.0996469 0.414151
2 0.417737 0.300786 0.0820423 0.0948356 0.407449
6 0.391436 0.471971 0.710713 0.709185 0.406863
2 0.418151 0.300731 0.0818493 0.0952126 0.401463
2 0.417827 0.300567 0.0824363 0.0953143 0.396111
6 0.373472 0.539872 0.746944 0.834948 0.394492
2 0.705051 0.220151 0.0601803 0.0497454 0.369431
2 0.0534498 0.537126 0.106703 0.100166 0.368631
2 0.704741 0.219916 0.0581625 0.0480499 0.367674
2 0.629481 0.168785 0.0610275 0.0610467 0.362099
2 0.0538234 0.537026 0.107242 0.0997537 0.345874
5 0.739151 0.320095 0.091562 0.12113 0.345602
6 0.388614 0.436558 0.748518 0.800371 0.34333
2 0.629194 0.168897 0.0619762 0.0605462 0.343128
2 0.705657 0.222038 0.0596802 0.0532212 0.335516
5 0.738717 0.320558 0.0917614 0.121055 0.334109
5 0.739265 0.320297 0.0922793 0.121229 0.327769
2 0.70398 0.219528 0.0575388 0.0473753 0.325587
2 0.629274 0.169515 0.0620166 0.0611161 0.322537
5 0.738874 0.319864 0.0920922 0.119953 0.319973
2 0.0535528 0.537613 0.10699 0.103232 0.308134
2 0.62923 0.169958 0.0624432 0.0613849 0.307123
2 0.705924 0.221131 0.0577919 0.0517337 0.30675
2 0.0539889 0.537406 0.107611 0.0993332 0.304818
2 0.418334 0.296317 0.0811451 0.0856583 0.304062
2 0.417664 0.301836 0.0821031 0.0965318 0.301405
5 0.738494 0.320446 0.090098 0.120088 0.290857
2 0.0540269 0.536857 0.108054 0.0992906 0.279864
2 0.705304 0.221709 0.0590027 0.0518965 0.261503
2 0.418117 0.298839 0.0815276 0.0913051 0.259905
6 0.399665 0.47957 0.765282 0.89646 0.2597
6 0.372743 0.524196 0.745486 0.864442 0.258874
5 0.738947 0.320389 0.0910753 0.119533 0.247133
2 0.0534087 0.538005 0.106673 0.102059 0.24684
5 0.73884 0.320372 0.0909632 0.119659 0.236519
2 0.0536056 0.537435 0.107211 0.100864 0.229491
6 0.409053 0.506521 0.628417 0.639369 0.22608
2 0.0532952 0.538548 0.106464 0.104675 0.223764
2 0.628826 0.168516 0.0613091 0.0593428 0.222202
2 0.628345 0.169825 0.060624 0.0581315 0.217988
5 0.739534 0.320622 0.0915986 0.119416 0.21524
2 0.418213 0.299386 0.0792169 0.0903275 0.214622
2 0.418056 0.299267 0.0823339 0.093112 0.211992
2 0.708155 0.225422 0.067274 0.0592321 0.200489
5 0.738503 0.320378 0.0904675 0.121101 0.2001
2 0.418828 0.296053 0.0786731 0.0857221 0.185208
2 0.705056 0.216462 0.0556248 0.0427245 0.184539
2 0.628895 0.168505 0.0615232 0.0597008 0.179492
5 0.799533 0.346982 0.0379683 0.123167 0.178611
5 0.799509 0.343069 0.0383358 0.131091 0.174788
2 0.628511 0.168298 0.0596123 0.059749 0.160579
2 0.0540655 0.534954 0.107543 0.0941841 0.156671
2 0.706896 0.217213 0.0554531 0.0440032 0.154132
2 0.703139 0.216652 0.0521366 0.0421971 0.149789
2 0.630155 0.168827 0.0603111 0.0564359 0.143823
2 0.41812 0.29922 0.082043 0.0938812 0.141333
2 0.706359 0.223355 0.0617105 0.0556723 0.136007
5 0.799249 0.347463 0.0363201 0.1232 0.123905
2 0.0536744 0.537734 0.107184 0.102662 0.121186
5 0.79969 0.347484 0.0392153 0.121863 0.116745
2 0.418649 0.294418 0.0820406 0.0813426 0.107852
2 0.916298 0.0522554 0.0342819 0.0288201 0.103329
2 0.705836 0.223088 0.0624256 0.0547719 0.103066
2 0.285935 0.130018 0.0561827 0.0455704 0.100985
2 0.630732 0.167261 0.0566599 0.0594164 0.0994047
2 0.336044 0.715897 0.21552 0.193056 0.0946625
6 0.381666 0.48138 0.753183 0.947514 0.0939949
5 0.798836 0.344915 0.0396786 0.111174 0.0861997
2 0.0537839 0.195648 0.0638084 0.06209 0.0849235
6 0.843184 0.207862 0.31127 0.409096 0.0846171
2 0.0536387 0.19627 0.0640087 0.0626833 0.0838043
2 0.054977 0.195217 0.0616258 0.0617575 0.0808373
2 0.0549265 0.195591 0.0617282 0.0632569 0.0789312
6 0.844706 0.204017 0.308016 0.401581 0.0787261
6 0.864537 0.197211 0.270886 0.389104 0.0761888
2 0.28665 0.130117 0.0591441 0.0463257 0.0760432
5 0.799401 0.347984 0.0376957 0.12254 0.0757974
2 0.335438 0.717034 0.214952 0.193473 0.0745789
6 0.605519 0.308391 0.198315 0.212983 0.0732182
2 0.286781 0.130555 0.0578792 0.0462198 0.0732135
2 0.630976 0.167819 0.0581779 0.0555748 0.0720363
2 0.0536196 0.195634 0.0630069 0.0616424 0.0716475
2 0.327263 0.714792 0.195575 0.194659 0.070488
2 0.916989 0.0508795 0.0365738 0.0324117 0.0699455
5 0.799034 0.341175 0.0405552 0.102287 0.0693565
2 0.915703 0.168472 0.0681709 0.0625409 0.0692058
2 0.698036 0.218938 0.045413 0.0427113 0.0689399
2 0.628115 0.171276 0.0606407 0.0567813 0.0687565
6 0.44801 0.393146 0.716903 0.768027 0.0679351
6 0.854402 0.202313 0.290302 0.397088 0.067335
5 0.79895 0.347362 0.0396265 0.114849 0.0654696
2 0.334724 0.715887 0.212755 0.191824 0.0648017
2 0.28664 0.130887 0.0563564 0.0444108 0.0645707
2 0.285858 0.130319 0.0543874 0.0438628 0.0636426
2 0.286208 0.129967 0.0579007 0.0463351 0.0629778
2 0.0566723 0.534942 0.111961 0.094273 0.0624047
6 0.385321 0.45318 0.766552 0.87774 0.0623429
2 0.0559755 0.194985 0.0597755 0.062663 0.0617777
6 0.844909 0.201879 0.305733 0.383993 0.0614695
6 0.846124 0.202649 0.305459 0.39578 0.0600862
2 0.334086 0.708723 0.212723 0.177512 0.0597791
2 0.91633 0.0527904 0.0348118 0.0318955 0.059601
5 0.821843 0.294862 0.0840905 0.223826 0.0590572
2 0.0537029 0.196443 0.0619785 0.0629792 0.0589435
2 0.336209 0.701909 0.212218 0.163284 0.0587811
2 0.0545643 0.194891 0.0619463 0.0606624 0.0585112
2 0.333633 0.717258 0.211374 0.192142 0.0581183
2 0.186189 0.174509 0.09136 0.0604807 0.0578149
2 0.706083 0.225376 0.0630899 0.0592379 0.0575664
2 0.554073 0.37324 0.0914766 0.0730511 0.057455
2 0.918262 0.167175 0.0718708 0.0613993 0.0571459
2 0.917744 0.0527461 0.0388495 0.0348892 0.05635
5 0.7993 0.344553 0.0392593 0.109887 0.0560955
2 0.617352 0.172661 0.0393513 0.0509685 0.0559889
6 0.870209 0.138764 0.258057 0.274553 0.0559123
2 0.614769 0.181901 0.0331978 0.0350848 0.0545988
6 0.870137 0.175815 0.258684 0.338183 0.0537759
2 0.0568811 0.535342 0.102127 0.0919146 0.0533298
3 0.762868 0.057459 0.0331371 0.0305778 0.0529865
2 0.615605 0.172549 0.034163 0.0508996 0.0520824
6 0.871118 0.165675 0.256669 0.320646 0.0512303
2 0.334877 0.70538 0.214229 0.17072 0.0508216
2 0.330947 0.715248 0.204997 0.192617 0.0504435
2 0.916317 0.167482 0.0665844 0.0615432 0.0500267
2 0.176769 0.176589 0.105372 0.0638032 0.0498367
2 0.336855 0.120452 0.047681 0.0403281 0.0497124
6 0.86918 0.138429 0.260187 0.275598 0.0492652
6 0.807055 0.196 0.139092 0.137085 0.0472611
3 0.758323 0.0610222 0.0233433 0.0258562 0.0470456
2 0.331411 0.122865 0.0363011 0.0372241 0.0465627
2 0.722015 0.231127 0.0719513 0.0619207 0.046338
6 0.414619 0.423379 0.747984 0.761727 0.0459454
2 0.615091 0.183295 0.0338501 0.0297678 0.0458572
2 0.16552 0.178343 0.0915924 0.0634156 0.0441157
2 0.327384 0.71536 0.195713 0.192139 0.0438565
6 0.447937 0.434891 0.870988 0.86191 0.0437858
2 0.32751 0.714094 0.199067 0.187076 0.0436023
2 0.336505 0.714264 0.214606 0.187017 0.0435074
6 0.941748 0.0399414 0.116504 0.0798828 0.0433281
2 0.69558 0.221252 0.0408862 0.0399122 0.0426437
2 0.917295 0.0513589 0.0386105 0.0339494 0.0424516
6 0.610153 0.315555 0.197768 0.200611 0.0418517
5 0.805452 0.328197 0.051671 0.157041 0.0414281
2 0.757006 0.0350143 0.0472615 0.0417599 0.0408696
2 0.554524 0.371818 0.0931105 0.076813 0.0408598
3 0.765423 0.0564001 0.0341827 0.0300296 0.0405819
2 0.614208 0.183488 0.031448 0.0308018 0.0405634
6 0.395968 0.423171 0.784312 0.844125 0.0404789
2 0.0555028 0.535061 0.103768 0.0920752 0.0403583
2 0.0530285 0.196146 0.0644358 0.0628192 0.0398567
5 0.845047 0.284489 0.129955 0.245001 0.0392684
2 0.0538763 0.532519 0.106301 0.0911662 0.0390208
2 0.34315 0.114538 0.0514712 0.0371254 0.0384925
6 0.808643 0.195362 0.140274 0.136463 0.0379247
2 0.715424 0.228593 0.0725979 0.0625033 0.0375769
5 0.794221 0.279399 0.200581 0.242599 0.0374681
0 0.320084 0.0991686 0.018038 0.0282393 0.0370523
2 0.0655885 0.194475 0.0793165 0.06252 0.0366489
2 0.756047 0.0350464 0.0447714 0.0406564 0.0366367
2 0.168662 0.18051 0.122944 0.0763032 0.0363947
2 0.288753 0.129357 0.0596661 0.0469199 0.0363509
0 0.853857 0.332857 0.0268631 0.033285 0.0352333
6 0.817992 0.198668 0.155112 0.129528 0.0348467
2 0.925965 0.165454 0.0806717 0.0607541 0.034055
2 0.178504 0.176109 0.105278 0.0618775 0.0339766
6 0.866903 0.19947 0.265284 0.387097 0.0338063
6 0.605017 0.30445 0.198816 0.22002 0.0334678
2 0.167664 0.180877 0.123699 0.0776667 0.0334193
0 0.757081 0.0576686 0.0224138 0.0292195 0.0330943
2 0.167437 0.178405 0.0925263 0.0626196 0.0330846
2 0.918244 0.166161 0.0643696 0.0589441 0.0327719
9 0.99377 0.00899098 0.0115158 0.017982 0.0326997
6 0.810118 0.191165 0.154345 0.146375 0.032645
2 0.336945 0.118975 0.0444496 0.0371902 0.0324347
2 0.916892 0.0535382 0.0361595 0.0371219 0.0323369
6 0.875678 0.173457 0.24738 0.31334 0.0321323
2 0.0549386 0.535216 0.106057 0.0941008 0.0319889
2 0.332028 0.121348 0.0367346 0.0361686 0.0317817
2 0.192791 0.174185 0.078625 0.0576467 0.0315552
6 0.812884 0.19206 0.151103 0.144858 0.0305699
2 0.319045 0.717039 0.178808 0.191335 0.0300301
2 0.709227 0.22028 0.0544509 0.0507275 0.0297995
2 0.702515 0.223362 0.0561606 0.0544909 0.0295171
6 0.410815 0.475809 0.744539 0.898096 0.029354
2 0.284613 0.130558 0.0535912 0.0450307 0.029225
0 0.853243 0.331358 0.0257572 0.0362589 0.0291986
6 0.301676 0.588133 0.602709 0.725677 0.029164
2 0.758765 0.0421476 0.0481886 0.0546826 0.0291102
2 0.156371 0.18094 0.0933177 0.0618699 0.0290289
2 0.624507 0.16989 0.0558318 0.0565279 0.0288898
2 0.0600869 0.1925 0.0650168 0.0688869 0.0287032
6 0.943281 0.0403313 0.112782 0.0806625 0.0286828
6 0.813006 0.192185 0.152903 0.147745 0.0283673
0 0.768723 0.0485115 0.0328678 0.0402618 0.0283589
9 0.173065 0.0425703 0.0286585 0.0772702 0.0277816
0 0.743954 0.0433931 0.0243399 0.0289596 0.0277014
2 0.761528 0.0491547 0.0401462 0.0456158 0.0272573
5 0.817519 0.276815 0.189982 0.261293 0.0270458
6 0.814862 0.194136 0.150787 0.140064 0.026959
6 0.408213 0.665991 0.40119 0.320608 0.0267889
2 0.554431 0.377788 0.086693 0.0648434 0.0266559
5 0.799308 0.347095 0.0394432 0.115425 0.0262175
0 0.871485 0.331924 0.0274315 0.0338192 0.0260475
2 0.174588 0.176861 0.066093 0.0595691 0.025974
0 0.757527 0.042336 0.0505916 0.055934 0.0258849
6 0.403306 0.653389 0.356715 0.334902 0.0257656
0 0.767478 0.0529696 0.0342981 0.0363486 0.0252366
2 0.903548 0.171685 0.0407463 0.0532912 0.0251797
5 0.800212 0.264078 0.220295 0.262697 0.0250335
2 0.16228 0.179427 0.0736129 0.0602293 0.0249503
2 0.556626 0.376483 0.0788624 0.0650746 0.0249091
2 0.917261 0.0571467 0.0391703 0.0419337 0.0248611
0 0.75947 0.0428734 0.0489187 0.0555042 0.0248332
2 0.054359 0.533293 0.108718 0.0925144 0.0246128
2 0.721029 0.229932 0.0620908 0.0614776 0.0245072
2 0.756082 0.0410203 0.0519445 0.0447356 0.0238413
6 0.809718 0.191954 0.154318 0.147289 0.0234078
2 0.63615 0.157418 0.0408601 0.0417121 0.0233504
6 0.329433 0.636919 0.467607 0.45389 0.0233129
2 0.756813 0.0320018 0.0437288 0.0358064 0.0232061
2 0.0568854 0.189103 0.059008 0.0746855 0.0229149
5 0.806698 0.260219 0.229661 0.240454 0.02291
2 0.556957 0.372384 0.0808125 0.070114 0.0227674
0 0.317913 0.100886 0.0221076 0.0317568 0.0226647
6 0.610939 0.323954 0.202934 0.194313 0.0226094
9 0.173208 0.0427335 0.0280341 0.0772889 0.022508
0 0.87719 0.330562 0.0236149 0.0366212 0.022435
0 0.875259 0.330988 0.0212002 0.0357083 0.0221182
2 0.152739 0.182004 0.0856124 0.0587217 0.0220975
6 0.814077 0.192587 0.149624 0.145229 0.0220726
2 0.9174 0.167375 0.0636017 0.0604876 0.021889
2 0.639113 0.155569 0.0381954 0.0358188 0.0218495
9 0.993873 0.0120305 0.011409 0.024061 0.0216895
6 0.517811 0.384314 0.65523 0.757503 0.0214831
2 0.165835 0.182004 0.130749 0.0772638 0.020251
6 0.846108 0.204448 0.30665 0.378339 0.019909
2 0.328675 0.125213 0.0313295 0.0331317 0.0197503
6 0.29227 0.623715 0.583925 0.68379 0.0195524
0 0.650792 0.156364 0.0177877 0.0221997 0.0195001
0 0.173234 0.0422948 0.0269888 0.0764499 0.019253
6 0.390176 0.506129 0.251278 0.275476 0.0191067
2 0.756357 0.0356854 0.046542 0.0422313 0.0190549
6 0.405561 0.387731 0.798651 0.775463 0.01897
0 0.748364 0.0533126 0.0197445 0.0326219 0.0189205
2 0.292249 0.127375 0.065556 0.049776 0.0186921
5 0.739362 0.316156 0.0908449 0.111687 0.0184347
6 0.380409 0.43065 0.760818 0.840092 0.0183095
2 0.933275 0.167584 0.0979792 0.0656801 0.018234
0 0.852981 0.329172 0.0235527 0.0396188 0.0178531
2 0.643521 0.160321 0.0318169 0.0406945 0.0177083
2 0.157019 0.179602 0.0931981 0.0629656 0.0176434
0 0.874275 0.331977 0.021587 0.0337654 0.0175803
2 0.283315 0.131106 0.0503206 0.0448392 0.0175588
6 0.451587 0.612423 0.470862 0.415927 0.0174545
0 0.876029 0.143181 0.0192425 0.0283525 0.0174323
6 0.364388 0.495678 0.305148 0.297778 0.0174245
2 0.0555022 0.189052 0.0605479 0.0750351 0.0171397
2 0.199862 0.17016 0.0618348 0.0513951 0.0171102
6 0.942937 0.0411718 0.111986 0.0823436 0.017022
6 0.869404 0.139993 0.260039 0.27692 0.0168701
6 0.943523 0.0410364 0.111958 0.0819512 0.0168205
2 0.350285 0.111746 0.0360099 0.0288009 0.0165682
2 0.344012 0.113618 0.0396268 0.0309209 0.0164558
0 0.890572 0.332047 0.0336214 0.0348029 0.0163911
6 0.944048 0.0415329 0.110841 0.0830659 0.0162065
2 0.727718 0.233491 0.0638004 0.0600245 0.0161243
6 0.32632 0.131538 0.651133 0.262188 0.0160748
2 0.923093 0.162692 0.0636112 0.0517807 0.0160732
0 0.851 0.330773 0.0237488 0.0343603 0.0160543
2 0.192254 0.175634 0.0798648 0.0603641 0.0158778
6 0.391329 0.365999 0.782658 0.729177 0.0158538
2 0.554921 0.374405 0.0931581 0.0724466 0.0156603
