2 0.478458 0.307869 0.0919079 0.0509545 0.82124
2 0.477489 0.307381 0.0911355 0.050319 0.80702
2 0.477424 0.308398 0.0914339 0.0506913 0.803568
2 0.477675 0.308275 0.0914459 0.0517453 0.791129
2 0.385501 0.334187 0.0974715 0.0600375 0.779766
2 0.477342 0.308777 0.0916772 0.0503223 0.771936
2 0.385583 0.334051 0.097378 0.0597245 0.763547
2 0.477566 0.308531 0.0917892 0.0510326 0.761985
2 0.385856 0.334112 0.0972839 0.0601201 0.752739
2 0.319618 0.304397 0.0867485 0.0609118 0.745004
2 0.478049 0.307612 0.0913685 0.0511127 0.736231
2 0.38545 0.334151 0.0978238 0.0593146 0.723195
2 0.385823 0.333894 0.0971204 0.0588937 0.711479
2 0.477011 0.307556 0.0903358 0.0501601 0.70263
2 0.385016 0.334303 0.0970925 0.0592844 0.694464
2 0.196038 0.325911 0.0960652 0.0598071 0.692496
2 0.197119 0.325968 0.0952258 0.0601384 0.68666
0 0.0708988 0.631017 0.0378063 0.129566 0.686646
0 0.069815 0.631755 0.0379121 0.131155 0.685214
0 0.0697809 0.631623 0.0374794 0.132003 0.68502
2 0.197071 0.325763 0.0951541 0.0605375 0.683327
2 0.196943 0.325474 0.0951288 0.0618736 0.68082
2 0.385195 0.334138 0.098485 0.0586812 0.676488
0 0.0700795 0.631457 0.0372498 0.13032 0.67365
0 0.0695648 0.631516 0.0376582 0.132179 0.670823
2 0.320225 0.304245 0.0889425 0.0612781 0.67011
0 0.120931 0.634548 0.034403 0.128547 0.667462
2 0.319881 0.304519 0.0879999 0.0612313 0.664863
2 0.196847 0.326215 0.0959535 0.0598755 0.664688
2 0.197029 0.325472 0.0954595 0.061367 0.660781
0 0.121073 0.63422 0.0328614 0.128161 0.66049
0 0.120719 0.634777 0.0354101 0.128798 0.659095
2 0.32013 0.304266 0.0895886 0.0616998 0.653431
0 0.0699326 0.630963 0.038055 0.131493 0.652794
2 0.319331 0.304287 0.0867475 0.0613376 0.651665
2 0.196604 0.326282 0.094477 0.0615118 0.651106
0 0.12055 0.633406 0.035767 0.127026 0.648481
0 0.0707259 0.633352 0.0378503 0.126988 0.646075
2 0.477651 0.308025 0.0891938 0.051227 0.637446
2 0.197473 0.326143 0.0964321 0.0606376 0.633891
0 0.121246 0.633517 0.0318341 0.125747 0.631606
0 0.368676 0.646062 0.0340905 0.122956 0.624747
2 0.196304 0.326439 0.0954397 0.0588307 0.612563
2 0.320372 0.304479 0.0898394 0.0615595 0.600248
2 0.0195718 0.325354 0.0387547 0.0463154 0.598531
0 0.368942 0.646836 0.033732 0.123964 0.592201
2 0.320612 0.304224 0.088938 0.0624204 0.590677
2 0.477545 0.308291 0.0920399 0.0516876 0.589562
0 0.120462 0.633672 0.0346088 0.128951 0.580924
0 0.368729 0.646386 0.0334416 0.123606 0.574508
0 0.121054 0.637292 0.0320791 0.122915 0.573498
2 0.0195254 0.325257 0.039013 0.0473738 0.558778
2 0.019166 0.325766 0.038332 0.0475155 0.548793
2 0.0194776 0.325789 0.0388479 0.047692 0.530067
2 0.0197366 0.325869 0.0389024 0.0456286 0.52923
0 0.369111 0.645785 0.0334973 0.119827 0.527627
2 0.384632 0.334481 0.0962647 0.0603003 0.524426
2 0.318953 0.303806 0.0865612 0.0604058 0.52405
2 0.384797 0.334565 0.0981477 0.0584074 0.519433
2 0.196573 0.326287 0.0943067 0.0601753 0.504949
2 0.829597 0.241967 0.0526424 0.0264017 0.496863
2 0.0754 0.323959 0.0726264 0.0482826 0.490067
0 0.120673 0.632456 0.0308676 0.125127 0.488086
2 0.0190129 0.325794 0.0378863 0.0478003 0.485017
0 0.155002 0.643754 0.0318337 0.112452 0.477871
2 0.0746877 0.324306 0.0702071 0.0466743 0.474551
2 0.320605 0.304388 0.0898459 0.0624139 0.472633
2 0.829996 0.24218 0.0516613 0.0255995 0.467617
0 0.121118 0.637972 0.0312856 0.120855 0.448792
2 0.0746223 0.324542 0.0695146 0.0459066 0.443791
2 0.0736071 0.328846 0.0697588 0.03972 0.435249
2 0.0735866 0.324604 0.0701715 0.0481099 0.429239
0 0.154939 0.643576 0.0322311 0.111997 0.426491
2 0.0888798 0.359415 0.123669 0.0676364 0.421099
0 0.155106 0.643712 0.0317073 0.113018 0.416623
0 0.368373 0.649996 0.0334304 0.130249 0.416491
0 0.369336 0.647674 0.0329164 0.120284 0.41645
2 0.0762528 0.324063 0.0739955 0.0452944 0.406263
2 0.82983 0.242284 0.052927 0.0250156 0.4021
2 0.197416 0.325182 0.0961739 0.0619186 0.39012
2 0.830153 0.241492 0.0562452 0.026492 0.387845
0 0.282616 0.647965 0.0221799 0.0980774 0.386728
0 0.283116 0.646707 0.0214412 0.101244 0.380481
0 0.368588 0.646187 0.0349382 0.124302 0.37855
0 0.0697861 0.631231 0.036242 0.129438 0.375009
2 0.476883 0.30793 0.0871977 0.0514711 0.370196
2 0.0196707 0.325611 0.0393414 0.0464162 0.369474
2 0.0182751 0.326314 0.0364611 0.0468204 0.351984
2 0.829806 0.241185 0.0550613 0.026825 0.35001
2 0.101884 0.348485 0.10143 0.0469178 0.349476
2 0.088573 0.360158 0.123008 0.0673161 0.342444
0 0.368295 0.646167 0.0349702 0.121187 0.339888
2 0.105137 0.346715 0.0960805 0.0475284 0.334934
2 0.0190012 0.32669 0.0380023 0.0456107 0.327371
2 0.0892356 0.35843 0.125453 0.0661865 0.318953
0 0.369438 0.645826 0.032505 0.11871 0.317836
0 0.154952 0.64085 0.0310464 0.115077 0.315827
0 0.155218 0.64426 0.0322385 0.114662 0.306071
0 0.0704213 0.630156 0.0385006 0.132642 0.295013
2 0.101173 0.348546 0.103898 0.047572 0.29116
0 0.121358 0.635048 0.0327203 0.127117 0.289829
2 0.318492 0.304032 0.0847152 0.0620361 0.28599
2 0.104489 0.347543 0.0946125 0.0471487 0.285284
0 0.282344 0.650229 0.0232821 0.0951283 0.281507
0 0.0711 0.633651 0.0375222 0.126518 0.273069
0 0.368267 0.646943 0.034053 0.125216 0.266574
0 0.754186 0.287409 0.0212302 0.0483557 0.265955
0 0.155142 0.641795 0.0303995 0.11006 0.257675
2 0.38547 0.33486 0.0972589 0.0615581 0.255136
2 0.0878894 0.360107 0.123264 0.0679111 0.253114
2 0.830131 0.241329 0.0535479 0.0276343 0.245232
2 0.0885777 0.356772 0.122256 0.0760629 0.241786
2 0.0876866 0.360362 0.125368 0.069141 0.234031
2 0.10321 0.347324 0.0991841 0.0469684 0.228427
2 0.0197317 0.324777 0.0392306 0.0477672 0.225659
0 0.156104 0.640891 0.0270568 0.116777 0.223025
2 0.196398 0.326551 0.0963617 0.0592124 0.219895
0 0.282037 0.647152 0.0255426 0.103784 0.210772
2 0.196844 0.324968 0.094578 0.0626158 0.209316
2 0.0876641 0.360893 0.122313 0.0674744 0.206973
2 0.0875547 0.360713 0.122466 0.0675163 0.205103
2 0.0746318 0.32471 0.0707751 0.046488 0.202112
2 0.0733381 0.331568 0.0729262 0.0341581 0.202019
2 0.0707503 0.323611 0.0701156 0.044353 0.20044
2 0.097386 0.352169 0.110316 0.0545589 0.199081
0 0.281698 0.647224 0.0258776 0.102352 0.196146
2 0.0710572 0.324739 0.069282 0.0463967 0.193154
2 0.0798584 0.329668 0.0865407 0.0386463 0.192437
0 0.12119 0.635117 0.031476 0.124615 0.191516
0 0.754089 0.287832 0.022287 0.0485021 0.189578
0 0.754032 0.287571 0.020813 0.0486841 0.1877
0 0.789389 0.765731 0.0396281 0.091452 0.185997
2 0.830581 0.23975 0.0568413 0.031307 0.18492
0 0.754114 0.289083 0.0236191 0.0491057 0.178422
2 0.0844521 0.361467 0.115608 0.0677749 0.178268
2 0.830799 0.241016 0.0538979 0.027906 0.175025
2 0.101405 0.348268 0.105663 0.0485873 0.174378
2 0.0108191 0.329226 0.0213669 0.0408022 0.171159
0 0.788906 0.763789 0.0413144 0.0868406 0.167555
0 0.281218 0.647015 0.0282238 0.105826 0.160346
2 0.0943562 0.349281 0.115023 0.0492524 0.157569
0 0.787644 0.762758 0.0443818 0.0856768 0.15721
0 0.283381 0.646361 0.0206934 0.101033 0.154535
0 0.787408 0.764166 0.0440348 0.0888256 0.152464
0 0.282022 0.654788 0.0242067 0.0862406 0.151245
0 0.276728 0.648885 0.0360092 0.10088 0.150324
0 0.283977 0.647383 0.0245275 0.0984228 0.147359
2 0.828906 0.240799 0.053669 0.0249371 0.139748
0 0.78788 0.76315 0.0432171 0.0876822 0.136281
2 0.0900153 0.351434 0.128908 0.0545746 0.134177
2 0.0729741 0.323865 0.067589 0.0481077 0.133383
2 0.318502 0.304119 0.0865458 0.0613516 0.125052
0 0.154971 0.640697 0.0303576 0.106824 0.124244
0 0.791719 0.763514 0.0371407 0.0865717 0.122528
2 0.101652 0.344687 0.0929986 0.0423525 0.121818
0 0.788808 0.763176 0.0403091 0.0866926 0.121302
2 0.385345 0.335669 0.0970204 0.0597745 0.118414
0 0.437159 0.627853 0.0198795 0.113356 0.117576
0 0.788327 0.763048 0.0427472 0.0855042 0.117501
0 0.370282 0.647637 0.0318784 0.119474 0.115525
3 0.793871 0.809948 0.0838257 0.0946567 0.107823
0 0.284425 0.645678 0.0234334 0.101295 0.106686
3 0.793743 0.797156 0.0823408 0.117395 0.103
0 0.752727 0.290161 0.023987 0.0501972 0.101646
0 0.283844 0.648013 0.024784 0.0987496 0.101462
0 0.752629 0.288533 0.0232595 0.0488237 0.100383
0 0.263585 0.653242 0.0265846 0.0923133 0.0951368
2 0.0719971 0.324487 0.0651607 0.0477637 0.0897718
0 0.751599 0.287008 0.0221297 0.0472023 0.0891593
2 0.194744 0.302883 0.0703615 0.0400208 0.0850468
3 0.793713 0.806404 0.0829283 0.0979141 0.0847245
2 0.0716238 0.329992 0.0837248 0.0375165 0.0843164
3 0.793695 0.810277 0.0833828 0.0946054 0.0832758
0 0.437657 0.628093 0.0197868 0.11293 0.0804303
0 0.265637 0.654222 0.02927 0.0903379 0.0796935
2 0.104276 0.342684 0.0864736 0.0350348 0.076991
9 0.201236 0.0311328 0.0242902 0.0447629 0.0769218
3 0.777676 0.294079 0.0241138 0.0297803 0.0726963
2 0.0830098 0.366028 0.11264 0.063987 0.0721414
0 0.268453 0.652693 0.0351037 0.093734 0.0714817
0 0.107927 0.266944 0.0128925 0.0449497 0.0712809
2 0.478078 0.308742 0.0918267 0.0507735 0.071024
0 0.153658 0.640517 0.0302286 0.106917 0.0696422
0 0.0108035 0.284966 0.0182684 0.0400314 0.0687013
0 0.0139119 0.281798 0.0150901 0.0379803 0.0661195
3 0.794241 0.805336 0.0843882 0.100548 0.0659888
0 0.158132 0.645863 0.0269979 0.111652 0.0659214
0 0.0329521 0.205075 0.0126106 0.029912 0.0653355
2 0.0902588 0.360161 0.120722 0.0706461 0.0645682
0 0.0145653 0.280286 0.0134883 0.0345325 0.0628415
0 0.746997 0.284338 0.0165442 0.0425988 0.0611755
0 0.268272 0.653311 0.0363417 0.0942871 0.0611674
3 0.793019 0.817632 0.0821592 0.0805908 0.0608899
2 0.950183 0.225728 0.0240587 0.023982 0.0592531
0 0.754155 0.287611 0.0254161 0.0473641 0.0590269
2 0.948503 0.224975 0.0279835 0.0255731 0.0584415
0 0.267128 0.654891 0.0323908 0.0891874 0.0580299
0 0.121535 0.637119 0.0329014 0.122768 0.0576475
0 0.0705012 0.631059 0.0360576 0.131513 0.0571955
0 0.262581 0.656266 0.0242755 0.0856148 0.0568657
9 0.201114 0.028458 0.0280143 0.0504977 0.0566219
9 0.333836 0.151918 0.022567 0.044773 0.0566061
3 0.795387 0.787849 0.0795237 0.134965 0.056114
0 0.076351 0.2562 0.0126593 0.0399445 0.0556369
0 0.265833 0.654977 0.0299519 0.0876414 0.0551992
3 0.792791 0.789209 0.0857441 0.137599 0.0548285
0 0.151674 0.636845 0.0306447 0.115383 0.0544898
0 0.121591 0.634129 0.0319632 0.128626 0.0542442
0 0.15734 0.644473 0.0284549 0.106121 0.0541666
0 0.368371 0.641216 0.0343005 0.113262 0.0529503
0 0.438141 0.627488 0.0200817 0.113096 0.0527749
0 0.157978 0.64675 0.0228924 0.108036 0.0507548
2 0.0856941 0.360797 0.118763 0.0648995 0.0500292
2 0.889142 0.248947 0.0597181 0.0478793 0.0499701
2 0.0189427 0.323366 0.0378854 0.0539758 0.0497454
3 0.794116 0.788356 0.0876968 0.138981 0.0497082
0 0.0762351 0.25524 0.013735 0.0403801 0.0492436
0 0.153043 0.638899 0.0288708 0.101565 0.0487949
2 0.891007 0.23939 0.0592564 0.0317637 0.0486432
3 0.77875 0.29444 0.0261 0.0294112 0.0483541
2 0.891087 0.250084 0.0621254 0.0476686 0.0482947
2 0.194108 0.303014 0.0627722 0.0346501 0.0481163
0 0.283353 0.63676 0.0209773 0.0832602 0.0474816
2 0.890159 0.250656 0.0615002 0.0473316 0.0472378
0 0.0712842 0.632115 0.0379154 0.12937 0.0470626
2 0.0702567 0.331982 0.0629961 0.0374395 0.0470098
0 0.120266 0.634524 0.0310965 0.125195 0.0462893
0 0.0104533 0.285323 0.0189051 0.0435966 0.0462847
0 0.108045 0.266215 0.0134463 0.0432368 0.0462293
3 0.792498 0.818055 0.0783218 0.0691744 0.0456258
2 0.0207579 0.324739 0.0415158 0.0483792 0.0452516
0 0.108046 0.266635 0.0143065 0.0468088 0.0449801
9 0.334152 0.152138 0.0227983 0.0437596 0.0448273
0 0.15452 0.636755 0.0287473 0.0987125 0.0446798
0 0.437999 0.626285 0.0216099 0.115753 0.0445937
0 0.790922 0.76498 0.0435228 0.0909748 0.0443157
0 0.156692 0.6422 0.0296839 0.105681 0.044123
0 0.273828 0.64954 0.0454893 0.0998669 0.0438877
0 0.0558617 0.256272 0.0176529 0.0637749 0.0431439
0 0.43861 0.626907 0.021455 0.112099 0.0430295
9 0.200887 0.0288034 0.0269395 0.0505088 0.0430214
3 0.793041 0.82462 0.0787931 0.0630709 0.0428206
1 0.731378 0.283163 0.0278032 0.0299451 0.0427114
2 0.947282 0.223469 0.0314919 0.0279334 0.042241
2 0.0894407 0.363911 0.116569 0.0555474 0.0419003
0 0.0578439 0.251077 0.0167496 0.0539948 0.0418393
9 0.334849 0.151421 0.0231657 0.0421814 0.0417909
2 0.101418 0.346986 0.103833 0.0481277 0.0412698
0 0.07624 0.256274 0.0141172 0.040654 0.0411576
2 0.104705 0.349144 0.0987888 0.0470592 0.0410732
2 0.907704 0.230088 0.0239952 0.0145899 0.040796
0 0.437505 0.600904 0.0185024 0.0589568 0.0405989
2 0.848587 0.242702 0.0243389 0.0238854 0.0396371
0 0.032294 0.204094 0.0130825 0.0321791 0.0386298
0 0.0566373 0.270031 0.0127628 0.0422337 0.0383374
0 0.81265 0.804401 0.0414404 0.0843876 0.0383185
2 0.0923362 0.328762 0.109952 0.0560553 0.0379779
2 0.875405 0.250179 0.0325859 0.0447872 0.0373032
0 0.254556 0.2834 0.0123837 0.0283545 0.036917
0 0.812314 0.803775 0.0403908 0.0846457 0.0367793
0 0.28405 0.654416 0.0249692 0.0866747 0.0359485
0 0.798392 0.786281 0.0675089 0.13251 0.0354746
2 0.888553 0.25028 0.0590864 0.0499939 0.0343193
0 0.15165 0.636798 0.0267222 0.0993071 0.0340033
9 0.201641 0.0288661 0.0297349 0.0512639 0.0339085
2 0.948832 0.22371 0.0275188 0.0267429 0.0338359
9 0.2032 0.0284454 0.0338709 0.0532417 0.0337125
2 0.0859569 0.367594 0.118294 0.0580291 0.0335828
2 0.826816 0.239277 0.0513763 0.0257358 0.0334477
2 0.0928201 0.334758 0.0872741 0.0285158 0.0316071
0 0.0110141 0.282497 0.017635 0.0386662 0.0314492
0 0.8122 0.802927 0.039706 0.085848 0.0314136
0 0.262931 0.656183 0.0243876 0.0863791 0.031409
0 0.437946 0.625752 0.0209747 0.115816 0.0307752
0 0.0332553 0.205899 0.0130684 0.0304804 0.0299058
0 0.43728 0.602106 0.0192709 0.0615098 0.0293653
2 0.891404 0.245287 0.0608665 0.0427878 0.0292895
3 0.794531 0.790696 0.0863731 0.135585 0.0288829
0 0.257796 0.283611 0.0140939 0.0287926 0.028478
0 0.262636 0.656199 0.0234852 0.0845698 0.0283322
0 0.794668 0.786701 0.0775612 0.137454 0.0281578
26 0.121401 0.629714 0.0284099 0.0911358 0.0280233
3 0.776409 0.292516 0.0252571 0.0341408 0.0270836
3 0.792703 0.823747 0.0773251 0.0615675 0.0269573
0 0.437355 0.627304 0.02058 0.113777 0.0269044
2 0.0745709 0.321199 0.0579624 0.0406482 0.0268831
0 0.766915 0.287367 0.0312815 0.0431199 0.0267719
9 0.346711 0.171679 0.0155779 0.035884 0.0265774
0 0.149115 0.63584 0.0305535 0.111105 0.0262898
1 0.731245 0.284992 0.0289442 0.0341209 0.0261136
0 0.267332 0.656237 0.0305996 0.0851755 0.0260021
3 0.794329 0.789212 0.086133 0.137795 0.0258289
0 0.0560112 0.275952 0.0133134 0.0354605 0.0252123
0 0.437747 0.600589 0.019157 0.0594429 0.0251201
3 0.776518 0.292177 0.0271782 0.0333859 0.0246116
0 0.437325 0.626992 0.0203105 0.113488 0.0245833
0 0.0736774 0.251859 0.0161719 0.04957 0.0245664
2 0.0869196 0.367128 0.120721 0.0825761 0.0245088
3 0.767235 0.291777 0.0454415 0.0384273 0.0243249
3 0.806161 0.805395 0.0520975 0.0813988 0.0240441
