2 0.478069 0.304768 0.091239 0.0521766 0.859086
2 0.479957 0.305059 0.0901735 0.0526281 0.851682
2 0.319927 0.300315 0.0845913 0.0623558 0.836184
2 0.319649 0.301156 0.0850231 0.0613587 0.825886
2 0.31955 0.300966 0.0850915 0.0608307 0.804846
2 0.31952 0.300956 0.0843185 0.0620991 0.800783
0 0.357207 0.925312 0.0412701 0.148282 0.800449
0 0.356932 0.925361 0.0413346 0.147771 0.800001
0 0.356803 0.925184 0.042072 0.148319 0.793077
2 0.479617 0.304635 0.0882088 0.0530337 0.786871
2 0.319417 0.301018 0.0851535 0.0613593 0.781047
2 0.479509 0.305199 0.08943 0.0525605 0.780106
2 0.191634 0.323016 0.0949617 0.0580334 0.772164
2 0.479339 0.304773 0.088302 0.0534653 0.770646
2 0.479671 0.304796 0.0883821 0.053314 0.769331
2 0.31922 0.301048 0.0855095 0.0610291 0.769051
2 0.31967 0.300917 0.0844556 0.0618691 0.765538
0 0.356867 0.92513 0.0446691 0.148735 0.763592
2 0.479862 0.304687 0.0884369 0.0530864 0.762147
2 0.191751 0.322784 0.0946696 0.0580584 0.760366
2 0.319091 0.300328 0.085265 0.0613523 0.76004
2 0.319953 0.300937 0.0847886 0.0620549 0.758952
2 0.19169 0.322536 0.0943222 0.0591748 0.755383
2 0.191561 0.323112 0.0948315 0.0577664 0.752785
2 0.191408 0.32281 0.0940099 0.0584646 0.750045
0 0.0714275 0.628419 0.0375329 0.126057 0.742014
0 0.357093 0.925076 0.0416653 0.148165 0.741226
0 0.280969 0.918994 0.0501808 0.161 0.740311
2 0.956736 0.339337 0.0849375 0.0578703 0.735207
0 0.281107 0.918808 0.0500743 0.161827 0.732152
2 0.47995 0.304746 0.0887285 0.0531536 0.726474
2 0.0806088 0.320365 0.0808438 0.0500744 0.723134
0 0.280754 0.918743 0.0486618 0.161794 0.719431
0 0.281172 0.918881 0.0499287 0.160708 0.719269
0 0.277557 0.91888 0.0426037 0.161974 0.717802
0 0.279432 0.918644 0.046263 0.161659 0.715556
0 0.0708904 0.626246 0.0381661 0.130996 0.712057
2 0.0804421 0.320331 0.0798913 0.0509444 0.709505
2 0.191451 0.323011 0.0944774 0.057813 0.70823
0 0.279305 0.918837 0.0458628 0.161441 0.703841
0 0.28107 0.919038 0.0501761 0.161924 0.689768
2 0.191969 0.323397 0.0931968 0.0565225 0.68906
2 0.0800368 0.320476 0.081584 0.0507243 0.683619
0 0.0710258 0.626393 0.037408 0.131406 0.682619
0 0.0711102 0.626388 0.0375997 0.131293 0.679573
2 0.318756 0.300765 0.0848203 0.0614913 0.677784
2 0.956411 0.338686 0.0854187 0.0581754 0.670134
2 0.0799654 0.321067 0.0818481 0.0512588 0.666356
2 0.0804366 0.319985 0.0813629 0.0506318 0.657062
2 0.19134 0.322632 0.0933889 0.0592352 0.655997
2 0.956822 0.339576 0.0845404 0.0561489 0.654608
2 0.0804491 0.320777 0.0815771 0.0511574 0.649706
0 0.0715265 0.626765 0.0375508 0.130826 0.644691
0 0.121593 0.628709 0.0384423 0.130579 0.644512
0 0.277171 0.918652 0.0429446 0.161982 0.643725
0 0.12223 0.627184 0.0337845 0.127601 0.64153
2 0.480009 0.304744 0.0891739 0.0536925 0.631756
0 0.36956 0.638734 0.0327047 0.116373 0.623043
0 0.369514 0.637671 0.0329901 0.114387 0.622202
0 0.121978 0.628921 0.0347036 0.125554 0.621802
0 0.121746 0.628732 0.0382433 0.129858 0.615102
2 0.957188 0.339839 0.0850809 0.0576149 0.611211
2 0.0802196 0.320466 0.0803603 0.0498139 0.605492
2 0.956727 0.339718 0.0849667 0.0582044 0.600368
0 0.0708534 0.626405 0.0366693 0.129812 0.598012
2 0.19142 0.322022 0.0936644 0.0597066 0.59791
0 0.37008 0.639051 0.0314495 0.114089 0.597354
0 0.369307 0.639264 0.0324138 0.118022 0.594318
2 0.0809684 0.31987 0.0808786 0.0501424 0.593696
2 0.956693 0.34012 0.0839308 0.0542448 0.589817
0 0.369755 0.637298 0.0332809 0.113578 0.589501
0 0.121381 0.629279 0.0379115 0.130849 0.587826
0 0.15482 0.640598 0.0340837 0.115182 0.547728
0 0.154742 0.640612 0.0343713 0.115294 0.541173
0 0.0718623 0.628163 0.0372745 0.126854 0.534112
0 0.12163 0.62841 0.0378776 0.130101 0.530388
2 0.479397 0.304743 0.0879148 0.0530426 0.521579
0 0.155108 0.640476 0.034388 0.116109 0.521118
2 0.956893 0.340549 0.0839527 0.0542921 0.517514
2 0.0804585 0.320498 0.0809457 0.0506637 0.508764
0 0.369893 0.638179 0.0315311 0.113887 0.503853
0 0.124722 0.629564 0.0395768 0.125003 0.483483
2 0.956953 0.33896 0.0844055 0.0563842 0.470713
2 0.833858 0.239484 0.0529907 0.0272687 0.462396
0 0.356259 0.925121 0.0430122 0.148368 0.448602
0 0.357742 0.925486 0.0423968 0.149028 0.442732
2 0.0811187 0.320799 0.0801785 0.0489563 0.440392
0 0.0723692 0.626099 0.0385049 0.130528 0.438392
2 0.833739 0.239889 0.0532785 0.0270766 0.431424
2 0.833319 0.238513 0.0538876 0.0288549 0.409161
0 0.121679 0.62885 0.0386763 0.13126 0.406335
0 0.122543 0.627892 0.0339774 0.128274 0.404905
2 0.833624 0.239201 0.0553024 0.0278084 0.403159
0 0.28088 0.919091 0.0503813 0.161818 0.399625
2 0.833305 0.239454 0.0536299 0.0266882 0.397089
0 0.15536 0.639132 0.0328325 0.117715 0.370541
2 0.833789 0.237722 0.0552555 0.0314151 0.366779
2 0.833694 0.238576 0.0534851 0.0294395 0.364181
0 0.121685 0.629757 0.0356177 0.128413 0.360005
0 0.3554 0.924981 0.0459149 0.149263 0.343076
0 0.155143 0.640035 0.0328445 0.114453 0.32412
0 0.15541 0.639906 0.0353638 0.119058 0.319658
2 0.478543 0.304739 0.0907574 0.0522325 0.311329
0 0.155496 0.641993 0.0324555 0.113051 0.309924
2 0.833457 0.238288 0.054357 0.0276613 0.309905
0 0.154425 0.63869 0.0343665 0.114031 0.304456
0 0.356305 0.925597 0.0422746 0.148574 0.303321
2 0.95623 0.337637 0.0841446 0.0565224 0.298918
0 0.0719806 0.628528 0.0379235 0.125703 0.297335
0 0.37067 0.639238 0.0309096 0.113927 0.283239
0 0.121888 0.626859 0.0322031 0.126246 0.266884
0 0.748271 0.283923 0.02232 0.0510945 0.262244
2 0.9612 0.341567 0.0767666 0.05277 0.259933
2 0.956695 0.33628 0.0851253 0.0623735 0.257941
0 0.280479 0.918823 0.0492819 0.161656 0.251954
2 0.19399 0.323438 0.0993134 0.0579032 0.242335
0 0.369107 0.646898 0.0331936 0.131208 0.242052
0 0.744465 0.283323 0.0171919 0.0478755 0.240544
0 0.748029 0.284651 0.021611 0.0503479 0.23358
0 0.75263 0.280997 0.0203753 0.0566955 0.220275
2 0.956442 0.335266 0.0846931 0.065732 0.218378
0 0.274942 0.918983 0.0397167 0.162034 0.213754
0 0.369351 0.638542 0.033602 0.115687 0.20877
2 0.0198071 0.321124 0.0394305 0.0477694 0.20833
0 0.0722611 0.629276 0.0376821 0.124677 0.190008
0 0.157097 0.643411 0.0289118 0.108832 0.179496
0 0.751708 0.281975 0.0234047 0.0534532 0.178512
2 0.956315 0.337807 0.0839081 0.0563453 0.163322
0 0.156724 0.643315 0.030904 0.10579 0.160482
0 0.371127 0.640857 0.0301434 0.108798 0.159624
0 0.149559 0.636392 0.0272341 0.10811 0.159453
2 0.0188493 0.322403 0.0376987 0.0464936 0.154916
0 0.75229 0.283596 0.0252306 0.0514707 0.149191
0 0.157395 0.646139 0.0298009 0.100472 0.142534
0 0.123232 0.62839 0.0430648 0.12934 0.133614
0 0.369146 0.636457 0.0331553 0.111366 0.128132
0 0.124362 0.629631 0.0434299 0.128881 0.127516
2 0.835877 0.239443 0.0495674 0.0279683 0.125656
0 0.126761 0.632089 0.0435581 0.123016 0.124579
0 0.152182 0.636891 0.0311348 0.10194 0.120735
0 0.436721 0.600235 0.0209373 0.0712595 0.112917
0 0.656588 0.281283 0.0163452 0.0429912 0.105598
0 0.370051 0.635832 0.0316564 0.108054 0.103917
2 0.0197457 0.319842 0.0391672 0.0458373 0.103434
0 0.752497 0.269422 0.0182078 0.0665201 0.103159
2 0.0214073 0.320293 0.0428146 0.0488065 0.100674
1 0.757058 0.287421 0.0363952 0.0488462 0.0992612
1 0.760145 0.283453 0.0456493 0.0545577 0.0975785
1 0.768498 0.29135 0.0406621 0.0382289 0.0970989
0 0.656057 0.283701 0.0181669 0.0484408 0.0954822
0 0.656987 0.279064 0.0162806 0.0395313 0.0933851
0 0.437038 0.623411 0.0208678 0.118181 0.0880318
0 0.0154671 0.275297 0.015413 0.0364985 0.0845399
2 0.0190012 0.320573 0.0376066 0.048173 0.0830371
0 0.747329 0.286288 0.0213334 0.0514726 0.0817973
2 0.89296 0.24489 0.0639587 0.0452944 0.0791768
0 0.437623 0.623079 0.0213917 0.118003 0.0775402
0 0.253357 0.278587 0.0120751 0.0304958 0.0775327
0 0.145338 0.635687 0.0243433 0.10497 0.0751264
0 0.0721543 0.628932 0.0363539 0.125461 0.0729851
2 0.891434 0.241874 0.0607225 0.0426909 0.0723052
0 0.0134429 0.326535 0.0267972 0.0400261 0.0715358
0 0.436994 0.597232 0.0197273 0.0651761 0.0699733
2 0.912315 0.250483 0.105304 0.0490671 0.0692186
0 0.437334 0.597437 0.0198313 0.0664472 0.0682029
2 0.912952 0.248705 0.107651 0.0489438 0.0681672
2 0.018769 0.323239 0.0375379 0.045307 0.0676116
9 0.0930658 0.184231 0.015882 0.0253012 0.0672774
2 0.912539 0.250297 0.107296 0.0493479 0.0662123
0 0.0181429 0.322244 0.0359583 0.0474278 0.0654027
0 0.43691 0.59852 0.0200764 0.069236 0.0652385
0 0.123352 0.629195 0.0414977 0.131254 0.0649767
2 0.0197316 0.322371 0.0394631 0.0458667 0.0649579
0 0.756318 0.274845 0.0320901 0.0648583 0.0633207
2 0.198667 0.296519 0.0500557 0.0293418 0.0624624
2 0.0194831 0.320901 0.0389156 0.0509425 0.0623449
2 0.835759 0.237534 0.0529066 0.0316826 0.0621336
0 0.252644 0.277737 0.0120641 0.0295171 0.0615644
0 0.154975 0.634361 0.029467 0.0991034 0.0610516
0 0.437002 0.598683 0.0197266 0.0707106 0.0603058
2 0.833664 0.234304 0.0563007 0.0373911 0.0595
1 0.756367 0.284533 0.0445454 0.0521869 0.0593408
2 0.0170673 0.323341 0.0341194 0.0457989 0.0592287
0 0.437169 0.619256 0.0207684 0.11095 0.0589463
0 0.0551201 0.270991 0.0151396 0.0386408 0.0578184
1 0.771217 0.290858 0.0356489 0.0359096 0.0576157
0 0.157473 0.641698 0.028865 0.104348 0.057261
2 0.0808017 0.320139 0.0827901 0.0518325 0.0569566
2 0.912928 0.249862 0.105903 0.0497764 0.0568437
0 0.749283 0.267734 0.0245455 0.0632518 0.0562524
0 0.12071 0.625875 0.0323758 0.126435 0.0559719
2 0.91232 0.250221 0.105015 0.0489603 0.0542012
0 0.0163666 0.277051 0.0150558 0.0387937 0.0533855
2 0.949993 0.223746 0.0223312 0.024453 0.0504475
2 0.912432 0.24954 0.104628 0.0494226 0.0500025
0 0.369356 0.638943 0.0322094 0.115964 0.0499249
0 0.754048 0.274757 0.0354191 0.0668565 0.0497526
0 0.0555571 0.267031 0.0143975 0.0350173 0.0493274
2 0.890975 0.248104 0.0623253 0.047542 0.0487987
0 0.220104 0.293472 0.0215875 0.0283983 0.0480526
0 0.437086 0.595616 0.0204695 0.0614341 0.0469739
0 0.43834 0.621952 0.0225653 0.117628 0.0467413
2 0.909055 0.248455 0.0974579 0.0431526 0.0467082
24 0.372502 0.626088 0.0274877 0.0461601 0.0465388
2 0.833655 0.234686 0.0561054 0.0367866 0.0461088
4 0.267508 0.818908 0.535015 0.293898 0.044129
2 0.890797 0.249558 0.0635105 0.0486411 0.0434501
2 0.321154 0.300318 0.0798151 0.0608288 0.0423885
2 0.947271 0.221463 0.0296619 0.0288821 0.0416326
2 0.969331 0.342296 0.0609312 0.054335 0.0415965
0 0.438019 0.622187 0.0211338 0.119388 0.0412857
1 0.778349 0.29162 0.024269 0.030591 0.0412739
2 0.948811 0.221762 0.0255072 0.0267112 0.0400992
4 0.268091 0.82072 0.536183 0.303849 0.0391948
0 0.0187685 0.319826 0.0375346 0.0525002 0.0388221
2 0.945535 0.220633 0.0334541 0.029427 0.0382521
0 0.0135339 0.28125 0.0244473 0.0404549 0.0375996
0 0.764101 0.288353 0.0234467 0.037219 0.0373283
0 0.0322772 0.27346 0.0155308 0.0313779 0.0370121
2 0.200557 0.293749 0.0502097 0.0322803 0.0365959
0 0.371502 0.639538 0.0297966 0.10473 0.0363342
0 0.0164593 0.272616 0.0140692 0.0362628 0.0351289
0 0.437343 0.595837 0.0203466 0.0642418 0.0350197
0 0.159826 0.647207 0.0253374 0.0998936 0.0345274
0 0.0536522 0.261067 0.0141963 0.0278716 0.0342277
0 0.752519 0.250979 0.0129332 0.0305363 0.0332283
2 0.893942 0.227581 0.0555855 0.0167659 0.0331897
2 0.0798737 0.32052 0.0805011 0.0506507 0.0330463
0 0.0126226 0.275385 0.0176445 0.036157 0.0326361
0 0.150211 0.628661 0.0272967 0.071883 0.0321383
0 0.121963 0.618405 0.0313479 0.0920221 0.0318131
0 0.0701307 0.625822 0.0373575 0.131261 0.0311962
0 0.0100635 0.279151 0.0201269 0.0426791 0.0311809
2 0.942214 0.220471 0.041539 0.0324577 0.0310165
2 0.891023 0.250432 0.0632465 0.0500491 0.0308009
0 0.356958 0.931516 0.0382861 0.127385 0.0306974
2 0.911012 0.224717 0.0224316 0.0152771 0.0306521
0 0.215979 0.291749 0.0210918 0.0303992 0.0306019
1 0.771846 0.29244 0.0392138 0.0336049 0.0300341
0 0.0118582 0.740027 0.0237164 0.0965309 0.0299102
0 0.437142 0.62263 0.020443 0.11855 0.0298008
2 0.913342 0.221773 0.0196016 0.0178064 0.0292777
0 0.277641 0.926682 0.0412532 0.146635 0.0292605
0 0.370362 0.640283 0.0289913 0.109426 0.0291072
9 0.994035 0.0724291 0.0112144 0.05569 0.028928
2 0.953094 0.337057 0.07647 0.0540164 0.0288624
0 0.00655296 0.294343 0.0129091 0.0276423 0.0287774
1 0.775457 0.290328 0.0291607 0.0315919 0.0282721
2 0.206044 0.293843 0.0317516 0.0282181 0.0282241
1 0.762898 0.290082 0.0584503 0.0407347 0.0279839
0 0.0328493 0.273975 0.0159351 0.0309578 0.0279211
0 0.461042 0.776601 0.0145384 0.0422381 0.0278054
2 0.964149 0.341522 0.0700569 0.0534006 0.0276761
2 0.8318 0.237377 0.0549709 0.0249821 0.0266195
2 0.949269 0.33727 0.0693184 0.053941 0.0266011
0 0.0528596 0.249066 0.0143982 0.0436571 0.0265066
2 0.0212216 0.321601 0.0421935 0.0461171 0.0256619
2 0.194244 0.300226 0.0562386 0.0312982 0.0256262
26 0.296323 0.910193 0.0207482 0.0261312 0.0255815
9 0.735682 0.209406 0.0135609 0.0432515 0.024887
0 0.657174 0.282115 0.0172322 0.0465008 0.0246503
0 0.46085 0.77645 0.0156434 0.0419481 0.0245797
2 0.917762 0.251154 0.0921581 0.0400255 0.0244564
0 0.00849607 0.283786 0.0169818 0.0494238 0.0239255
2 0.479695 0.304636 0.0874332 0.0514714 0.0238301
9 0.203746 0.0260727 0.026841 0.0480642 0.0234902
0 0.0158285 0.290522 0.02093 0.030372 0.0232628
3 0.0151978 0.328246 0.0303466 0.0423377 0.0232498
0 0.0129582 0.368065 0.0257388 0.0383885 0.0228757
0 0.0102155 0.740657 0.020431 0.0955042 0.0228461
0 0.255509 0.279797 0.0129302 0.0317251 0.0225258
2 0.956453 0.339116 0.085231 0.0586478 0.0224378
9 0.993839 0.0710196 0.0116318 0.051499 0.0224318
2 0.0133828 0.36359 0.0265545 0.0401335 0.0223386
26 0.295651 0.912548 0.0221294 0.0262074 0.0221777
1 0.740366 0.286279 0.0324349 0.0488746 0.0220829
0 0.0141018 0.738867 0.0282035 0.101562 0.021904
2 0.0121617 0.362953 0.0242893 0.0319944 0.0214869
0 0.752092 0.278631 0.0379885 0.0567339 0.0214863
0 0.00828678 0.741772 0.0165736 0.0983948 0.0213987
0 0.155073 0.625227 0.0289652 0.0798615 0.0213852
2 0.891269 0.233043 0.0576363 0.0217418 0.0208926
2 0.104369 0.311652 0.0363266 0.0336834 0.0208637
9 0.038236 0.20191 0.0141515 0.0296462 0.0208174
0 0.210828 0.291169 0.0189739 0.0286492 0.0207979
0 0.0121477 0.740264 0.0242954 0.0977403 0.0206715
0 0.0158376 0.739767 0.0314539 0.0988262 0.020628
0 0.437923 0.621325 0.0207018 0.120391 0.020487
4 0.26878 0.816085 0.533518 0.283795 0.0203299
9 0.0365454 0.200417 0.0145897 0.0315558 0.0201409
0 0.651126 0.28425 0.0207712 0.0467646 0.0201316
0 0.011645 0.334672 0.023288 0.0400143 0.0200922
9 0.347219 0.159537 0.0155355 0.0244098 0.0198703
2 0.479731 0.304764 0.088998 0.0531449 0.0197062
9 0.348241 0.167543 0.0176893 0.0453881 0.0196212
2 0.874737 0.249905 0.0318531 0.0449174 0.0193584
0 0.43685 0.591086 0.019463 0.0520633 0.019326
0 0.356866 0.932848 0.0398792 0.132968 0.0191449
2 0.875237 0.252197 0.0313141 0.0476003 0.0191101
9 0.993671 0.0703402 0.0119965 0.0547448 0.0190669
