5 0.636892 0.198029 0.0851933 0.123516 0.675909
2 0.588405 0.284743 0.0480589 0.0578306 0.660707
2 0.587933 0.285336 0.0491297 0.0570251 0.649322
2 0.588203 0.28521 0.0492915 0.0580737 0.644952
2 0.322656 0.210705 0.0435618 0.0459969 0.638652
2 0.755684 0.301601 0.0575529 0.0605725 0.617842
2 0.587777 0.284922 0.0494217 0.0565799 0.616814
5 0.636481 0.198024 0.0867231 0.122959 0.616594
5 0.636591 0.195106 0.0860289 0.130943 0.605641
2 0.755599 0.301419 0.057074 0.0611058 0.603804
2 0.755776 0.30162 0.0573931 0.0610023 0.602274
5 0.635962 0.193498 0.0878946 0.132243 0.601026
5 0.637722 0.197316 0.0850313 0.125427 0.600733
2 0.755917 0.301491 0.0569748 0.0613493 0.59337
2 0.756139 0.301747 0.0579678 0.0618298 0.58422
2 0.756246 0.301515 0.0575754 0.0614695 0.579303
5 0.637792 0.198079 0.0839469 0.124031 0.575213
2 0.322875 0.21072 0.0442459 0.046553 0.5745
2 0.322971 0.210683 0.0444337 0.0462152 0.564916
2 0.852275 0.342935 0.0738636 0.0802341 0.562704
2 0.587508 0.285332 0.0486046 0.0573201 0.556755
2 0.323617 0.210766 0.0431987 0.0455923 0.553819
2 0.323566 0.21028 0.0440009 0.044881 0.55289
2 0.852772 0.343149 0.0731899 0.0793695 0.549196
2 0.852259 0.343136 0.0736496 0.0798972 0.547913
2 0.322528 0.211016 0.0436954 0.045857 0.544928
2 0.852455 0.343291 0.0733389 0.0793367 0.534882
5 0.637353 0.198876 0.0846125 0.123519 0.524165
0 0.10242 0.266329 0.0140582 0.0363266 0.520476
2 0.587363 0.285159 0.0492653 0.0568608 0.519345
2 0.852657 0.343212 0.0729059 0.0794443 0.508296
2 0.756585 0.301669 0.0576443 0.0613874 0.502452
2 0.755228 0.30111 0.0573246 0.0610472 0.491566
2 0.852663 0.343466 0.073081 0.0793845 0.48847
2 0.756732 0.301993 0.0572996 0.0614384 0.486056
2 0.782774 0.244654 0.0422981 0.0588391 0.482206
2 0.7562 0.301723 0.0581997 0.0618879 0.471194
2 0.782609 0.24429 0.0425458 0.0579169 0.469287
2 0.323229 0.211114 0.0436236 0.0469339 0.461914
2 0.587916 0.284622 0.0506071 0.0559374 0.46113
5 0.635824 0.193107 0.089203 0.134115 0.457581
5 0.638303 0.199062 0.083044 0.123085 0.452919
0 0.102499 0.265804 0.0145842 0.0359992 0.446686
2 0.322297 0.210808 0.042929 0.045787 0.432632
2 0.881114 0.227938 0.0361092 0.0375213 0.428519
5 0.935287 0.164707 0.0462639 0.0462904 0.413431
5 0.934826 0.165252 0.0465946 0.047617 0.407714
5 0.637499 0.198088 0.0867848 0.123697 0.401801
5 0.934719 0.164803 0.0456432 0.0450943 0.393979
2 0.85238 0.34395 0.0724033 0.0766245 0.389484
2 0.758464 0.302632 0.0527958 0.0602849 0.37971
0 0.0641168 0.299705 0.0186495 0.050074 0.37527
7 0.962896 0.431989 0.0732716 0.0953118 0.362094
5 0.934262 0.165682 0.0476418 0.0479523 0.361864
7 0.962676 0.432111 0.0740807 0.0954274 0.360562
2 0.852298 0.344288 0.0731428 0.0780955 0.356429
2 0.782276 0.244707 0.0422348 0.0583459 0.351347
2 0.963086 0.432398 0.0729267 0.0960305 0.350723
7 0.962973 0.432288 0.073069 0.0957809 0.341336
5 0.48189 0.347541 0.0460094 0.0773282 0.331641
7 0.962771 0.432023 0.0739632 0.0956798 0.330394
0 0.102588 0.267217 0.0149277 0.0387443 0.3291
2 0.781944 0.243989 0.0419569 0.0577597 0.324027
2 0.963046 0.431895 0.0729424 0.0960928 0.32265
2 0.851159 0.207053 0.0442368 0.0450033 0.319103
2 0.963167 0.432105 0.0727875 0.09576 0.306457
2 0.40041 0.172676 0.027546 0.0251587 0.302385
2 0.400456 0.172713 0.027512 0.0231715 0.300339
2 0.782627 0.244145 0.042802 0.0589232 0.300081
2 0.852253 0.206446 0.0408329 0.043998 0.299858
0 0.964065 0.245723 0.0158836 0.0554936 0.297613
7 0.96278 0.431996 0.0738926 0.0961172 0.297423
7 0.0294417 0.444759 0.0585812 0.117489 0.296213
2 0.963397 0.432372 0.0724205 0.096032 0.291396
7 0.0292409 0.445015 0.0581387 0.117015 0.28331
2 0.481714 0.347382 0.0465828 0.0767046 0.282524
0 0.96402 0.24674 0.0157257 0.0537145 0.282305
2 0.881344 0.225091 0.0362717 0.0407865 0.280311
0 0.0641937 0.300228 0.0175695 0.0512946 0.276798
2 0.853293 0.343426 0.0734646 0.0778003 0.276404
2 0.782136 0.2445 0.0424247 0.0585199 0.273237
2 0.853405 0.205865 0.042786 0.0447965 0.272388
2 0.853104 0.206212 0.0417978 0.0444282 0.270346
7 0.0291912 0.444557 0.0581112 0.117763 0.269512
7 0.0292752 0.444302 0.058389 0.117373 0.267196
2 0.323165 0.210807 0.0430369 0.0468934 0.263201
2 0.853237 0.34381 0.0724766 0.0767979 0.262273
7 0.0294323 0.444125 0.0585795 0.11829 0.257307
7 0.02927 0.444607 0.0582779 0.118232 0.255374
2 0.400791 0.166375 0.0309147 0.0368321 0.254202
2 0.400107 0.171845 0.0281374 0.026645 0.253731
2 0.782424 0.244709 0.0427509 0.0590118 0.253342
7 0.0292379 0.44465 0.0583003 0.117399 0.252589
2 0.881129 0.223457 0.0369806 0.0449303 0.249063
2 0.782145 0.24445 0.0428174 0.0596098 0.247674
5 0.481556 0.347322 0.0460315 0.0777418 0.246792
2 0.400214 0.172033 0.0281492 0.0279307 0.246589
2 0.852797 0.205881 0.0421806 0.0447224 0.244731
7 0.934243 0.165032 0.0475811 0.0471513 0.244364
2 0.852905 0.205382 0.042701 0.0444966 0.24168
2 0.32229 0.210223 0.0431365 0.0462874 0.238458
2 0.881385 0.226296 0.0359528 0.0404574 0.238255
2 0.881445 0.22276 0.0372826 0.0470603 0.237825
5 0.934521 0.165062 0.0472572 0.0465829 0.237388
2 0.881894 0.223582 0.0362125 0.0461261 0.233984
2 0.48224 0.347476 0.0451189 0.0773491 0.231777
2 0.400655 0.163571 0.0294733 0.0412142 0.222029
2 0.881107 0.223647 0.0355 0.0444072 0.221134
7 0.0295482 0.444327 0.0589145 0.118027 0.219383
2 0.853462 0.205721 0.0421814 0.0446398 0.218968
0 0.0641601 0.298362 0.0180303 0.0480174 0.212284
0 0.963547 0.247795 0.015588 0.04856 0.211978
2 0.220377 0.156461 0.0276371 0.0238478 0.211558
2 0.400476 0.163126 0.0294822 0.0409631 0.206214
0 0.9641 0.246351 0.0156424 0.053817 0.205642
0 0.963779 0.246041 0.0177938 0.0557365 0.202521
2 0.322228 0.211498 0.0418089 0.0462074 0.201698
0 0.0637816 0.301566 0.017381 0.0519268 0.200903
2 0.853349 0.205754 0.0427444 0.0454529 0.200267
2 0.399713 0.166562 0.0300685 0.0383623 0.194933
5 0.481577 0.347373 0.0452593 0.0778055 0.193592
7 0.933812 0.165014 0.0481911 0.0468356 0.192521
2 0.542509 0.0614693 0.0239564 0.0225191 0.191995
0 0.251056 0.199801 0.0133546 0.033546 0.18287
0 0.251022 0.208843 0.0152205 0.0490483 0.181701
2 0.963399 0.433661 0.0729654 0.0893953 0.180673
0 0.0635805 0.300433 0.0194843 0.0516598 0.176534
2 0.962729 0.431676 0.0732067 0.0971618 0.17414
2 0.482204 0.347314 0.0455359 0.0771194 0.173522
7 0.934296 0.165632 0.0479963 0.0475344 0.171216
0 0.0635774 0.299841 0.0190616 0.0508913 0.170687
0 0.250728 0.207634 0.0142417 0.0478171 0.169796
0 0.249713 0.209359 0.0149296 0.0495136 0.169443
0 0.063475 0.301756 0.019331 0.0533998 0.164754
0 0.249996 0.207708 0.0145177 0.0491603 0.1554
0 0.963103 0.247337 0.0173264 0.0519817 0.153972
2 0.588277 0.285093 0.0493187 0.0568238 0.152518
2 0.481847 0.347789 0.0447336 0.0766872 0.147392
2 0.323963 0.21023 0.0443975 0.045787 0.145997
2 0.588667 0.284771 0.0479943 0.060242 0.143975
0 0.0634859 0.300861 0.0183232 0.0530359 0.140877
2 0.587843 0.284834 0.0488703 0.0566473 0.139852
2 0.542221 0.0624319 0.0233662 0.0201408 0.138948
0 0.934079 0.207092 0.0148636 0.0379372 0.138296
0 0.250156 0.204145 0.0151613 0.0441917 0.137057
0 0.0638887 0.29866 0.0200451 0.050381 0.136373
2 0.881117 0.222251 0.0363279 0.0421935 0.135839
2 0.781952 0.24441 0.0424559 0.0593679 0.134575
2 0.540465 0.0628221 0.0223715 0.0213653 0.133974
0 0.964558 0.245031 0.016069 0.0580806 0.132642
7 0.0285325 0.44579 0.057065 0.112024 0.123366
0 0.93347 0.210023 0.012384 0.0351961 0.120253
2 0.321905 0.211293 0.0423985 0.0465401 0.118003
2 0.588162 0.28893 0.0470493 0.052113 0.11737
0 0.10169 0.265373 0.0188366 0.0384429 0.115617
0 0.792345 0.154224 0.00850926 0.0308455 0.113593
2 0.323654 0.209887 0.0442719 0.0457386 0.112819
5 0.932214 0.166638 0.0510353 0.0486267 0.111238
0 0.756032 0.133929 0.0117092 0.0320645 0.107441
7 0.0305369 0.443156 0.0610739 0.122054 0.105162
7 0.934951 0.16584 0.0470774 0.0483393 0.102792
2 0.481251 0.3471 0.0466985 0.0783672 0.102742
5 0.934876 0.165065 0.0469036 0.0471963 0.102441
0 0.963335 0.246307 0.0178017 0.0538809 0.102196
0 0.90409 0.194064 0.013154 0.0420645 0.100949
0 0.792638 0.151806 0.00871868 0.0315372 0.0998224
2 0.881483 0.227066 0.035166 0.0387241 0.0993038
2 0.221763 0.150439 0.0289541 0.0344707 0.0991488
2 0.357879 0.226581 0.0180913 0.0210884 0.0984319
2 0.75587 0.30101 0.0572111 0.0610098 0.098078
2 0.34601 0.281184 0.0226742 0.0295544 0.0972995
0 0.756225 0.134715 0.0115413 0.0316655 0.096651
2 0.481538 0.348001 0.0450692 0.0767376 0.0953941
0 0.101331 0.270059 0.0178653 0.0452675 0.0944325
5 0.648796 0.132071 0.0629957 0.0472903 0.094168
0 0.937813 0.208929 0.0133158 0.0350369 0.0930272
2 0.34531 0.281838 0.0213718 0.0292945 0.092231
2 0.444926 0.0477304 0.0195981 0.0172139 0.0918681
5 0.935355 0.164932 0.0459541 0.0461827 0.0868984
0 0.836106 0.176042 0.0134567 0.0348577 0.0851972
2 0.481677 0.348763 0.0440379 0.0754716 0.0848176
0 0.962564 0.248832 0.0164021 0.0501541 0.0808364
0 0.101504 0.267558 0.0179546 0.0404428 0.0785737
0 0.903896 0.191344 0.0148289 0.0437781 0.0770022
2 0.85262 0.204727 0.0417505 0.0456791 0.0764714
2 0.222734 0.150445 0.0287242 0.0346953 0.0760364
2 0.664638 0.101177 0.0174582 0.0247215 0.0731965
0 0.904805 0.189122 0.0153496 0.0447118 0.0717859
0 0.0635585 0.301889 0.0180787 0.0544891 0.0710496
0 0.991994 0.266271 0.0153404 0.0542402 0.0697605
0 0.934909 0.204279 0.0169855 0.0385427 0.0695329
5 0.935661 0.164838 0.0466545 0.0468865 0.0695264
0 0.993534 0.22635 0.0123085 0.0397873 0.0689024
0 0.835694 0.174639 0.0144125 0.0336111 0.0688999
2 0.221861 0.151363 0.0295809 0.0336374 0.0672534
2 0.561781 0.0712798 0.0173055 0.0221057 0.0670656
5 0.643143 0.130475 0.0759348 0.0531879 0.0666257
0 0.756347 0.132305 0.0120749 0.033541 0.0649352
5 0.753831 0.0620088 0.0506435 0.0471485 0.0643383
2 0.963387 0.433456 0.0732265 0.0904289 0.0626234
0 0.938887 0.208749 0.0169582 0.0399076 0.0618583
0 0.967242 0.209244 0.0116264 0.0309712 0.0615267
67 0.604305 0.958798 0.11284 0.0817467 0.0611022
5 0.659988 0.133496 0.0396122 0.043084 0.0608485
67 0.604874 0.958797 0.115344 0.0817287 0.0606171
0 0.99267 0.270946 0.0140579 0.0485601 0.0603829
2 0.880537 0.218787 0.0361471 0.0437834 0.0601801
0 0.993436 0.230459 0.0124702 0.0439477 0.0592577
0 0.991674 0.255384 0.0159824 0.079482 0.0591475
0 0.286535 0.158099 0.0158441 0.0392394 0.058953
67 0.604016 0.958966 0.112853 0.0810913 0.0586183
2 0.541121 0.0620482 0.0211409 0.02352 0.0585168
2 0.358173 0.226436 0.0200057 0.0216475 0.0582592
2 0.452952 0.0503579 0.0376148 0.0218695 0.0571224
2 0.444959 0.22053 0.0259573 0.0189032 0.0557026
2 0.219245 0.151476 0.0254342 0.0315205 0.0545348
2 0.645871 0.130592 0.070193 0.0528794 0.0536399
2 0.165246 0.687271 0.0419184 0.0211178 0.0536006
2 0.65005 0.0779639 0.0202272 0.0238394 0.0535305
2 0.562696 0.0740357 0.0166334 0.017931 0.0534033
2 0.854505 0.205106 0.0413357 0.0421451 0.0533638
2 0.881337 0.228674 0.0357674 0.0370017 0.0533555
2 0.346998 0.280997 0.0239151 0.0305363 0.052167
5 0.662971 0.138322 0.0338127 0.0351079 0.050784
2 0.218547 0.154285 0.0309783 0.030354 0.0507045
2 0.587726 0.285445 0.0492926 0.057131 0.0493745
2 0.401962 0.154972 0.0270272 0.0272413 0.0490883
0 0.7869 0.153878 0.0130027 0.0309124 0.0487892
2 0.64387 0.127275 0.07337 0.050067 0.0477719
7 0.87405 0.195111 0.0779266 0.0684653 0.0462624
2 0.431436 0.223478 0.0212337 0.0220664 0.045453
2 0.963388 0.436642 0.0732244 0.0844422 0.0453214
5 0.753568 0.0611393 0.050491 0.046128 0.0451498
2 0.400921 0.16261 0.0288007 0.042337 0.0451333
5 0.754392 0.0630596 0.0493725 0.0486238 0.0451227
2 0.321876 0.216151 0.0412149 0.0376918 0.044842
0 0.718871 0.0460908 0.0147682 0.0320687 0.0445903
67 0.604915 0.958751 0.11484 0.0814476 0.044241
0 0.943794 0.218641 0.0136106 0.0284713 0.0437424
2 0.164849 0.687222 0.0411874 0.0215782 0.0435049
2 0.275847 0.131468 0.0250694 0.0214331 0.042953
9 0.979697 0.0107511 0.0148685 0.0207074 0.042906
5 0.758257 0.0611391 0.0411011 0.04445 0.0426403
9 0.954428 0.00977148 0.0159546 0.019543 0.0425973
2 0.464857 0.0512831 0.0167778 0.0212748 0.0424175
2 0.650782 0.131216 0.0601078 0.0472429 0.0423109
2 0.551298 0.0635447 0.041935 0.0358219 0.0411012
0 0.718025 0.0450135 0.0146844 0.0324139 0.0410024
0 0.991939 0.259458 0.0154324 0.0589605 0.0408358
0 0.336523 0.140644 0.0104736 0.0290214 0.0408224
5 0.935828 0.164759 0.0448408 0.0458698 0.0404848
2 0.651298 0.0769138 0.0187238 0.0238833 0.0404188
2 0.437165 0.222585 0.0337746 0.0234623 0.0402543
5 0.65005 0.13229 0.0623634 0.0510472 0.0401758
2 0.540087 0.0603498 0.022587 0.0251815 0.0401198
0 0.792694 0.155833 0.00956917 0.0299123 0.0396745
0 0.252064 0.189698 0.0135681 0.0250392 0.0396322
0 0.28211 0.158246 0.0116329 0.0351775 0.0387875
2 0.555634 0.0671835 0.0301923 0.0300146 0.0387265
9 0.465138 0.0610243 0.0165607 0.0306946 0.0382609
2 0.520657 0.0558189 0.0231893 0.03066 0.0375248
0 0.331283 0.150589 0.00891857 0.0219978 0.0373696
0 0.308234 0.137858 0.0113028 0.0269415 0.0372997
0 0.290164 0.152875 0.0129671 0.033893 0.037293
7 0.649406 0.131902 0.0617654 0.0454172 0.0370133
0 0.307561 0.141684 0.0111113 0.029031 0.0369477
2 0.438644 0.223164 0.0302847 0.0214592 0.0360117
9 0.465041 0.0604256 0.0147181 0.0296307 0.0359564
67 0.603921 0.958865 0.113223 0.0812447 0.0357609
2 0.591761 0.133517 0.0135699 0.0311316 0.0357347
0 0.991767 0.253092 0.0157816 0.0862578 0.0355485
2 0.57882 0.0500503 0.0167274 0.021252 0.0353707
2 0.614254 0.145029 0.0550614 0.0567229 0.0351351
7 0.0296348 0.441194 0.0592266 0.12313 0.0350683
0 0.96608 0.223428 0.0165768 0.0613898 0.0348079
67 0.604959 0.958667 0.114448 0.0816738 0.034782
2 0.346795 0.281162 0.0251155 0.0310152 0.0347738
2 0.663735 0.140902 0.0309689 0.0281482 0.0346717
0 0.964892 0.230537 0.0206264 0.0849119 0.0346638
0 0.248537 0.211991 0.0151066 0.0518367 0.0345458
0 0.306027 0.169954 0.00954151 0.0228234 0.0342311
2 0.562143 0.0739583 0.0169497 0.018028 0.0339419
67 0.60402 0.958809 0.112509 0.0813976 0.0338842
0 0.290669 0.157452 0.0134284 0.0385937 0.0338163
5 0.634504 0.17922 0.0897781 0.159779 0.0330556
0 0.993245 0.274955 0.0127151 0.0459361 0.0326958
7 0.781887 0.244134 0.0430631 0.0595748 0.0326892
2 0.164908 0.68756 0.0413413 0.0207502 0.0322856
2 0.403489 0.165474 0.0356037 0.0402174 0.032135
2 0.402014 0.224377 0.015219 0.0195087 0.0317398
2 0.612064 0.13445 0.0509357 0.0319474 0.0315421
0 0.945772 0.230374 0.015415 0.0395808 0.0312965
2 0.649567 0.0794497 0.0224272 0.0266549 0.0312713
0 0.644101 0.056674 0.0127552 0.0167204 0.0309721
0 0.947268 0.238292 0.0134296 0.0269394 0.0308867
2 0.345128 0.280836 0.0235624 0.0302671 0.0307293
0 0.0826078 0.146916 0.0238695 0.0514699 0.0305141
67 0.60488 0.958982 0.115575 0.0813564 0.0305007
5 0.387924 0.0839985 0.0247754 0.0406671 0.0299432
2 0.852671 0.350119 0.0717796 0.0663775 0.029839
