2 0.197049 0.428207 0.114924 0.0854636 0.84921
2 0.197566 0.428367 0.115957 0.0859108 0.845831
2 0.197484 0.427974 0.116036 0.0855487 0.839729
5 0.315046 0.161499 0.143426 0.100964 0.823148
2 0.197052 0.428164 0.11566 0.0858244 0.815536
2 0.196993 0.428524 0.115219 0.0862209 0.801022
2 0.196933 0.427931 0.1156 0.0858021 0.795396
2 0.815529 0.246636 0.0512969 0.0522532 0.792102
2 0.815448 0.246479 0.0516308 0.052155 0.78454
2 0.442211 0.306011 0.0739767 0.0582239 0.782195
2 0.441512 0.30649 0.074859 0.0602348 0.780674
2 0.676629 0.351902 0.0670795 0.0830503 0.779599
5 0.315222 0.163484 0.145392 0.100664 0.777593
2 0.676396 0.35206 0.0666039 0.0834517 0.776472
2 0.676768 0.351983 0.0667118 0.0835358 0.77378
2 0.81589 0.246536 0.0514387 0.0516917 0.77084
2 0.441325 0.30634 0.0743223 0.0591884 0.765554
5 0.314927 0.162173 0.143791 0.101185 0.765207
2 0.815572 0.246168 0.0513987 0.0515635 0.757407
2 0.197488 0.428836 0.115726 0.0860394 0.757168
2 0.196853 0.428243 0.116357 0.0858971 0.749207
2 0.441583 0.306264 0.0742988 0.0592525 0.74821
2 0.816286 0.246011 0.0505554 0.0517344 0.736356
2 0.368806 0.402664 0.0992205 0.0846091 0.734676
2 0.888668 0.221298 0.0529213 0.0443941 0.732848
2 0.44235 0.306455 0.0732485 0.0584677 0.732613
2 0.0394971 0.506746 0.078728 0.0894522 0.730994
2 0.368645 0.40236 0.0969576 0.0849987 0.728324
2 0.815574 0.246491 0.0525637 0.0523083 0.728055
2 0.676509 0.352179 0.0663338 0.082549 0.725261
2 0.197125 0.428516 0.115358 0.0857241 0.722753
5 0.315739 0.164803 0.142453 0.100151 0.721091
2 0.0397647 0.50722 0.0789998 0.0890266 0.715955
2 0.676365 0.35193 0.0669435 0.083117 0.715506
2 0.352237 0.344178 0.0974425 0.0773157 0.707291
5 0.315743 0.162359 0.144345 0.101413 0.706537
2 0.676426 0.352821 0.0667204 0.0843694 0.700629
2 0.815535 0.245647 0.0519413 0.0516193 0.699994
2 0.634994 0.240278 0.046821 0.0536407 0.698725
2 0.352037 0.344013 0.0991882 0.0779411 0.698608
2 0.352213 0.343252 0.0971985 0.076728 0.697436
2 0.352366 0.344072 0.0976729 0.0787862 0.690458
5 0.315022 0.164556 0.143678 0.10026 0.689915
2 0.367725 0.402497 0.0954141 0.0842177 0.68525
2 0.351925 0.343755 0.0980336 0.0768493 0.678518
2 0.442044 0.306325 0.0747738 0.0586266 0.677717
2 0.0398307 0.50721 0.0796195 0.0897975 0.676999
5 0.315845 0.162373 0.148516 0.105393 0.676533
5 0.315242 0.166105 0.145619 0.0994632 0.672888
2 0.0396411 0.507128 0.0791224 0.0906126 0.671015
2 0.816043 0.246332 0.0512426 0.0511925 0.669774
2 0.635158 0.240654 0.0460043 0.0524972 0.667533
2 0.888926 0.221148 0.0534782 0.0448103 0.666667
2 0.441704 0.306218 0.0727749 0.0586627 0.665081
2 0.039665 0.506856 0.0790826 0.0902082 0.664035
2 0.0394652 0.507007 0.0786757 0.090111 0.663856
2 0.0396084 0.507033 0.0784918 0.0883128 0.663604
2 0.368597 0.402293 0.0972527 0.0854476 0.662494
5 0.315513 0.161232 0.144776 0.101961 0.659914
2 0.352321 0.344385 0.0988942 0.0788675 0.656497
2 0.352204 0.343463 0.0972954 0.077109 0.65451
2 0.441673 0.306713 0.0742603 0.058812 0.652577
2 0.52109 0.312268 0.073387 0.0640562 0.651771
2 0.0400779 0.506626 0.0800005 0.0906773 0.651221
2 0.888957 0.221634 0.0539127 0.0444814 0.63969
2 0.676575 0.352145 0.0662192 0.0831706 0.638341
2 0.887879 0.220648 0.0512974 0.0446256 0.634033
2 0.351899 0.343377 0.0980363 0.0750433 0.631846
2 0.0399119 0.506518 0.0792218 0.0907496 0.629066
2 0.888639 0.221668 0.0526451 0.0439499 0.624117
2 0.888533 0.173677 0.0475227 0.0297523 0.614642
2 0.368384 0.402014 0.0964082 0.0852243 0.607968
2 0.815709 0.246572 0.051276 0.0513294 0.60735
5 0.315381 0.16213 0.144903 0.0995773 0.606625
2 0.63473 0.240526 0.0467051 0.0514538 0.604109
2 0.442111 0.306484 0.0736067 0.0579383 0.601979
2 0.441807 0.306057 0.0739676 0.0580808 0.584843
2 0.634756 0.240286 0.0462416 0.0528894 0.575151
2 0.924343 0.241552 0.0327374 0.0473204 0.574496
2 0.310273 0.21622 0.0647484 0.0454705 0.57311
2 0.368335 0.401944 0.0990744 0.0859113 0.560296
5 0.316096 0.16184 0.144318 0.0984484 0.558467
2 0.520222 0.312511 0.0750673 0.0657264 0.555851
2 0.889448 0.221262 0.0534691 0.0453478 0.550276
2 0.311421 0.21585 0.0659845 0.045264 0.53111
2 0.635246 0.240478 0.0467003 0.0531873 0.529239
2 0.887564 0.221255 0.0513996 0.0451203 0.527495
2 0.352131 0.343321 0.0953687 0.0740295 0.524292
2 0.520291 0.312915 0.0751916 0.0649126 0.523132
2 0.310201 0.215951 0.0652567 0.045447 0.522061
2 0.676319 0.352428 0.065697 0.0824967 0.519166
2 0.924596 0.241136 0.0336006 0.0480538 0.517539
2 0.888391 0.173747 0.0475748 0.0298526 0.516932
2 0.634171 0.240754 0.047418 0.0522391 0.514979
2 0.310871 0.215712 0.065185 0.0463357 0.501899
2 0.519437 0.312128 0.0729067 0.0633807 0.49748
2 0.51945 0.311802 0.0728291 0.0627087 0.496336
2 0.79431 0.172448 0.0703196 0.0381229 0.487574
2 0.793712 0.171976 0.0708628 0.0375646 0.486428
2 0.888325 0.173498 0.0479616 0.030307 0.483179
2 0.661085 0.212526 0.0337634 0.0424708 0.48232
2 0.31151 0.216714 0.064837 0.0435158 0.479933
2 0.520773 0.311921 0.0736737 0.0628758 0.478575
2 0.31135 0.216155 0.0642337 0.044698 0.474563
0 0.294579 0.53729 0.0373449 0.0734295 0.472858
2 0.924244 0.241543 0.0329872 0.0474688 0.469297
2 0.888395 0.173859 0.0484455 0.0298584 0.468041
2 0.924591 0.241575 0.0340248 0.0474984 0.465447
0 0.0635913 0.755854 0.0440078 0.0701191 0.459176
2 0.495755 0.197988 0.0646275 0.0464281 0.449297
2 0.194471 0.21742 0.0633369 0.0431726 0.446251
0 0.0625738 0.754436 0.0420575 0.0673628 0.444623
2 0.19728 0.427614 0.115916 0.087341 0.443923
2 0.793114 0.171918 0.073667 0.0380463 0.443532
0 0.0619399 0.772294 0.0434536 0.103913 0.443121
2 0.793227 0.172168 0.0735357 0.039021 0.439202
2 0.634688 0.240414 0.0465237 0.0521009 0.432079
0 0.760318 0.226208 0.0165726 0.0450378 0.431898
2 0.635647 0.24105 0.045719 0.0526902 0.427482
2 0.793806 0.172452 0.0722192 0.0380877 0.422009
2 0.793424 0.17208 0.0721534 0.0381906 0.420624
0 0.0621337 0.754444 0.0433606 0.0678612 0.418339
2 0.888502 0.173729 0.0471018 0.0294135 0.418279
0 0.76018 0.226459 0.0175539 0.044775 0.415933
0 0.0627095 0.755716 0.043869 0.0701981 0.413946
2 0.520113 0.312381 0.0752167 0.0661412 0.411242
2 0.888275 0.173981 0.0488701 0.0300015 0.40835
2 0.509241 0.254918 0.0797243 0.0586678 0.406721
2 0.792959 0.172603 0.072914 0.038521 0.401944
2 0.67728 0.352358 0.0679266 0.0833978 0.400178
0 0.0623877 0.766324 0.0440725 0.091424 0.400008
0 0.0623855 0.754698 0.0429447 0.067815 0.39736
2 0.496716 0.197697 0.0629154 0.0464543 0.397163
0 0.294922 0.539248 0.0378319 0.0762273 0.391729
0 0.062938 0.76149 0.0447283 0.0814878 0.391165
2 0.3102 0.217068 0.06434 0.0448871 0.389047
2 0.793094 0.172665 0.0741571 0.0390366 0.388471
2 0.366819 0.402325 0.0965986 0.0862755 0.388371
2 0.31087 0.216266 0.0658715 0.044383 0.38747
2 0.455544 0.198506 0.0444698 0.0308793 0.386357
2 0.495265 0.197607 0.0652535 0.0465789 0.385759
3 0.065202 0.819255 0.0650222 0.106743 0.385141
2 0.194932 0.21693 0.0634648 0.0435246 0.376431
2 0.924314 0.242185 0.0336981 0.0467727 0.374587
3 0.0651905 0.820849 0.0654746 0.103711 0.37386
2 0.494476 0.197469 0.0653414 0.0460663 0.373277
2 0.496511 0.197478 0.0634804 0.0465359 0.359024
2 0.518926 0.312722 0.0725072 0.0662995 0.356875
2 0.520104 0.313367 0.0762154 0.0665341 0.356478
0 0.294545 0.5375 0.0396912 0.0740149 0.35239
0 0.441153 0.425445 0.0347321 0.0736087 0.346859
2 0.311411 0.214832 0.0656787 0.0456909 0.345767
2 0.923912 0.241013 0.0331587 0.0473934 0.344552
2 0.194469 0.217648 0.0623933 0.0421081 0.344539
2 0.976589 0.32418 0.0457558 0.100569 0.343196
3 0.0650894 0.818971 0.0665203 0.107222 0.342466
2 0.924111 0.243175 0.0346439 0.0454981 0.339069
2 0.194266 0.217515 0.063128 0.0426224 0.338536
2 0.679538 0.187463 0.0263973 0.0365623 0.334118
2 0.355002 0.344002 0.102352 0.077648 0.331192
2 0.924202 0.240844 0.0328268 0.0468324 0.32898
0 0.760118 0.226788 0.0174681 0.0447512 0.327939
2 0.793067 0.172471 0.0744106 0.0381289 0.327685
2 0.635406 0.240881 0.0447434 0.0507578 0.315433
2 0.889103 0.221169 0.0542061 0.0445223 0.31338
2 0.970262 0.226014 0.0594767 0.0528193 0.312348
3 0.0650315 0.820102 0.0661996 0.10475 0.311724
3 0.0652177 0.819536 0.0661845 0.107393 0.30995
2 0.494375 0.196936 0.0651394 0.0459101 0.306202
2 0.442588 0.185593 0.0541841 0.0382395 0.294741
2 0.977174 0.32613 0.0450886 0.100617 0.293968
2 0.970431 0.226032 0.0591386 0.0548008 0.292702
0 0.294291 0.538969 0.0367648 0.0768707 0.289235
2 0.572239 0.246213 0.0448889 0.047112 0.287817
0 0.294211 0.536479 0.0395179 0.0710094 0.286925
2 0.969943 0.225864 0.0601135 0.0548783 0.2846
0 0.761006 0.227224 0.0162663 0.0437358 0.283807
0 0.670226 0.265707 0.0173859 0.0538679 0.283477
2 0.0309619 0.220041 0.0581425 0.0270134 0.282572
2 0.496142 0.19738 0.0637197 0.0448968 0.2811
2 0.976686 0.325045 0.0460747 0.0999766 0.280938
2 0.194654 0.217035 0.0641381 0.04254 0.279261
2 0.974565 0.265781 0.0502537 0.0602558 0.279095
2 0.446813 0.188106 0.0618148 0.0412827 0.278506
2 0.888582 0.221448 0.0531853 0.0437478 0.277966
2 0.572197 0.245693 0.0449823 0.0479178 0.275477
2 0.496365 0.198206 0.0622187 0.0465163 0.273588
2 0.0305569 0.219059 0.0557198 0.0247336 0.268872
0 0.552989 0.330446 0.0170216 0.0571456 0.264738
2 0.888951 0.221081 0.0548447 0.0444196 0.262919
2 0.455164 0.197754 0.0451761 0.0310356 0.262007
3 0.0649782 0.821121 0.0651669 0.102504 0.260147
0 0.29418 0.530757 0.0353241 0.06173 0.259894
2 0.519523 0.313076 0.0744061 0.0665202 0.259201
2 0.496877 0.197623 0.0612955 0.0458192 0.257597
2 0.572448 0.245669 0.0444522 0.0483356 0.256587
2 0.816449 0.24624 0.0505796 0.0512854 0.25595
9 0.573261 0.111526 0.0204166 0.0221345 0.254878
0 0.294286 0.535473 0.035601 0.0688023 0.254153
2 0.0117241 0.695567 0.023352 0.0921111 0.253511
0 0.441366 0.427716 0.0358285 0.0796202 0.253003
2 0.518944 0.311268 0.0725003 0.0620448 0.251467
2 0.455286 0.199392 0.0441577 0.0293132 0.249853
0 0.441946 0.421983 0.0349086 0.0671661 0.24937
2 0.661577 0.214118 0.0320693 0.042468 0.2481
2 0.976792 0.320418 0.045719 0.0895757 0.246958
2 0.0116351 0.696152 0.0231422 0.0887348 0.245334
0 0.441011 0.43013 0.0346151 0.0768393 0.244966
0 0.294122 0.533908 0.036445 0.0659145 0.244615
3 0.0646476 0.819874 0.0671614 0.106496 0.242707
2 0.973934 0.265038 0.0480162 0.0573 0.24197
2 0.0308495 0.218421 0.0577968 0.0269638 0.241945
2 0.441423 0.305851 0.0717986 0.0595874 0.241788
2 0.976781 0.331244 0.0456766 0.0899002 0.237345
2 0.737707 0.155694 0.0368994 0.031406 0.236422
5 0.180226 0.198216 0.0904437 0.0668419 0.234463
2 0.973972 0.264126 0.0515223 0.0587046 0.234023
2 0.976558 0.32347 0.0463232 0.102381 0.232828
2 0.924258 0.240362 0.0355265 0.0510319 0.23241
2 0.516431 0.256436 0.0690008 0.0592338 0.232317
0 0.440842 0.425681 0.0349731 0.0747693 0.231746
2 0.120689 0.604119 0.102038 0.0862741 0.231068
9 0.620034 0.0562242 0.0133183 0.0175743 0.231044
2 0.521814 0.25683 0.0568423 0.0588456 0.229112
2 0.661844 0.211661 0.0334495 0.0433225 0.227778
2 0.976634 0.326891 0.045628 0.100094 0.224233
2 0.441865 0.186159 0.0541755 0.0379519 0.220983
2 0.679852 0.188555 0.0261593 0.0377567 0.220003
2 0.518724 0.311701 0.0717472 0.0627466 0.219153
0 0.760845 0.226099 0.0159594 0.0457847 0.218777
7 0.120786 0.607901 0.100861 0.0945505 0.216618
2 0.970523 0.224839 0.0582912 0.0544201 0.215126
0 0.293301 0.553 0.0408095 0.10274 0.213021
2 0.660946 0.213069 0.0337109 0.0430505 0.212871
0 0.552442 0.331134 0.0159828 0.0577914 0.211523
2 0.617323 0.178009 0.032012 0.0393314 0.211036
9 0.507474 0.0564162 0.0137743 0.0179214 0.210983
7 0.121713 0.604441 0.0990605 0.088345 0.209908
2 0.4388 0.186412 0.0459415 0.0378295 0.209117
2 0.120971 0.603728 0.100261 0.0866933 0.207739
2 0.974785 0.266982 0.0497265 0.0609555 0.207433
2 0.73915 0.156205 0.0361858 0.0312538 0.207217
2 0.97654 0.320348 0.0458387 0.0793067 0.205074
2 0.497476 0.197632 0.0622878 0.0475678 0.204791
2 0.661526 0.211974 0.0332733 0.0429087 0.201314
2 0.520551 0.25611 0.0599785 0.0580856 0.20052
5 0.179976 0.1972 0.0917611 0.0651867 0.198986
2 0.364989 0.402455 0.0915789 0.0860513 0.198283
2 0.310123 0.216875 0.06367 0.0450585 0.197188
2 0.572047 0.245992 0.0447979 0.0475936 0.197148
2 0.681169 0.187442 0.0306609 0.0394923 0.196125
2 0.194906 0.217195 0.0629679 0.0423205 0.195949
2 0.443803 0.186178 0.0578973 0.0398565 0.193395
3 0.0650925 0.824113 0.0625661 0.0974773 0.192488
2 0.970867 0.224974 0.0576801 0.0533986 0.191154
0 0.760814 0.225482 0.0170626 0.0442331 0.190974
2 0.496384 0.197039 0.062483 0.0441124 0.190476
2 0.571934 0.246323 0.0437533 0.0453333 0.190142
7 0.118569 0.613793 0.10467 0.106467 0.188752
0 0.760953 0.225799 0.0181608 0.0453704 0.188594
3 0.437591 0.443944 0.0276998 0.0564603 0.187561
2 0.121154 0.60358 0.100327 0.0869074 0.186435
2 0.193662 0.217437 0.0625429 0.0435541 0.186344
3 0.438712 0.441309 0.0302666 0.0602531 0.185674
0 0.760809 0.226269 0.0191304 0.0458917 0.184414
3 0.295057 0.576553 0.0454924 0.076609 0.183793
3 0.0665284 0.816051 0.06705 0.117244 0.183187
2 0.680112 0.187837 0.0278219 0.0333502 0.182778
2 0.616854 0.17847 0.0314928 0.0386144 0.18206
2 0.974756 0.266008 0.0499224 0.0610974 0.181985
2 0.794928 0.172673 0.0709635 0.0380552 0.18101
2 0.44615 0.188688 0.062817 0.0407297 0.18086
2 0.456125 0.196389 0.045208 0.0358368 0.179956
2 0.196919 0.428004 0.115905 0.085589 0.179694
5 0.495974 0.121484 0.0526966 0.107169 0.178752
7 0.117018 0.616233 0.10868 0.11273 0.178408
3 0.439396 0.441471 0.0306459 0.0574134 0.176801
2 0.0297573 0.22372 0.0595146 0.0316625 0.174787
2 0.976729 0.315858 0.0459084 0.0866185 0.174435
2 0.365385 0.403854 0.092091 0.0823309 0.174224
2 0.976596 0.321658 0.0461933 0.096871 0.173587
2 0.882414 0.174362 0.0365665 0.0254311 0.172877
2 0.962024 0.1819 0.0607059 0.0365508 0.171085
2 0.0117818 0.677338 0.0234652 0.0460386 0.170896
2 0.96962 0.22604 0.0607599 0.0528288 0.17046
2 0.974654 0.264948 0.0502174 0.0573524 0.169825
2 0.51379 0.255605 0.071946 0.0572526 0.169697
2 0.924066 0.241378 0.0352415 0.0492387 0.168543
3 0.496235 0.403605 0.0302606 0.06801 0.168167
2 0.976401 0.318382 0.0462563 0.110026 0.167884
2 0.310987 0.216174 0.0647393 0.0469319 0.16694
0 0.760991 0.226471 0.0202825 0.046648 0.166769
2 0.97657 0.31725 0.0460487 0.0794556 0.166692
0 0.293831 0.536721 0.0378922 0.0707413 0.166076
0 0.761227 0.225509 0.0182741 0.0448333 0.164252
2 0.445336 0.188616 0.0572248 0.040207 0.161689
3 0.440503 0.435369 0.033176 0.0680533 0.160729
0 0.602259 0.323674 0.025873 0.0544781 0.16029
2 0.681307 0.188161 0.0292986 0.0392013 0.160238
0 0.0620109 0.80001 0.032275 0.0599176 0.159863
