2 0.860839 0.446138 0.0947063 0.0969787 0.760378
2 0.860644 0.446241 0.0944346 0.0971483 0.741033
2 0.860912 0.44579 0.0949474 0.0979227 0.735049
2 0.860814 0.445913 0.0946686 0.0964776 0.729672
2 0.860778 0.445417 0.0946167 0.0968893 0.727464
2 0.882681 0.291889 0.0487751 0.0666745 0.719051
2 0.03691 0.447362 0.0736217 0.0971547 0.718321
2 0.795977 0.336984 0.0678349 0.0698323 0.714293
2 0.860892 0.446168 0.0942026 0.0965097 0.70828
2 0.795922 0.336817 0.0681656 0.0707396 0.708022
2 0.860695 0.44512 0.0947002 0.0996857 0.706193
2 0.795892 0.336757 0.0685204 0.0710284 0.70546
2 0.79612 0.336912 0.06854 0.0702196 0.688451
2 0.653787 0.301302 0.057478 0.0638546 0.688116
2 0.65338 0.301961 0.0573465 0.0643322 0.684466
2 0.0369872 0.447205 0.0730234 0.0973043 0.683705
2 0.511747 0.146923 0.0269485 0.0309735 0.681785
2 0.883338 0.292229 0.047533 0.0665057 0.677638
2 0.882791 0.291694 0.0489614 0.0663924 0.666482
2 0.0370787 0.447291 0.0734195 0.0965747 0.663572
2 0.0367886 0.446809 0.0734672 0.0972018 0.662738
2 0.0370442 0.447594 0.0739123 0.0976585 0.662218
2 0.0370156 0.44725 0.0739007 0.0972718 0.655195
2 0.860708 0.446284 0.094799 0.0960768 0.65359
2 0.882899 0.292027 0.0486343 0.0663171 0.639037
2 0.653521 0.301625 0.0567064 0.0650584 0.635849
2 0.653737 0.301788 0.0565232 0.0648507 0.635081
2 0.0369271 0.446718 0.0736279 0.0978382 0.634923
2 0.883196 0.292259 0.0480274 0.0664547 0.627511
2 0.0371307 0.447266 0.0740977 0.0974611 0.624552
2 0.65384 0.30152 0.0566624 0.0642089 0.623804
2 0.79624 0.337434 0.0679036 0.0704848 0.623216
2 0.0370428 0.447115 0.0735476 0.0966136 0.622069
2 0.511892 0.146081 0.0271042 0.0314898 0.611881
2 0.653512 0.301784 0.0572126 0.0643787 0.604207
2 0.860396 0.445715 0.0954613 0.0992918 0.597158
5 0.598678 0.13543 0.0419493 0.0784447 0.590856
2 0.653468 0.301769 0.0571757 0.0641929 0.587908
2 0.883325 0.293668 0.0458548 0.0642934 0.587401
2 0.795871 0.337088 0.0682893 0.0711574 0.585054
2 0.51167 0.147273 0.0269024 0.0305452 0.581523
2 0.883214 0.291978 0.0477621 0.0667972 0.573256
2 0.795614 0.336414 0.06802 0.0706499 0.561881
2 0.511781 0.146369 0.0269781 0.0314426 0.550933
2 0.923181 0.202336 0.0500744 0.0437938 0.549886
2 0.653975 0.301781 0.056942 0.0645759 0.544071
2 0.653395 0.301881 0.056902 0.0646482 0.535448
2 0.860699 0.444894 0.0943359 0.101175 0.53173
5 0.558014 0.688016 0.0845882 0.169854 0.529124
2 0.79596 0.336772 0.067882 0.0704529 0.526719
5 0.598687 0.135706 0.0407227 0.0780305 0.522269
2 0.922843 0.202237 0.0493626 0.0437392 0.515933
2 0.0368084 0.448012 0.0735428 0.0973986 0.511878
5 0.598555 0.135632 0.0414106 0.0781483 0.509334
2 0.92306 0.202322 0.049099 0.042804 0.506354
5 0.558007 0.687585 0.0836221 0.169718 0.504454
2 0.882346 0.292055 0.0480652 0.066535 0.490895
5 0.55796 0.687947 0.0840544 0.169821 0.487286
2 0.882697 0.292217 0.0489529 0.0658545 0.486772
0 0.966299 0.226515 0.0159115 0.0521687 0.486268
5 0.558076 0.687901 0.083719 0.169565 0.482174
2 0.648152 0.189871 0.0436434 0.0448316 0.475056
2 0.646754 0.190422 0.0395899 0.0439177 0.467112
5 0.598822 0.135209 0.042256 0.0789486 0.466353
2 0.923747 0.20243 0.0498272 0.0433685 0.462184
5 0.557897 0.688175 0.0841288 0.169895 0.449585
5 0.557918 0.688012 0.0839758 0.169892 0.447068
2 0.646177 0.191044 0.0396143 0.0434366 0.437652
2 0.653681 0.301685 0.0579568 0.0644883 0.434369
5 0.557921 0.688133 0.0840179 0.169438 0.426009
5 0.598926 0.135823 0.0446385 0.0787072 0.414646
2 0.742039 0.222816 0.0442766 0.0511473 0.410412
2 0.818909 0.227182 0.0446381 0.0511258 0.408006
2 0.741958 0.222756 0.0426619 0.0510806 0.404276
2 0.742088 0.222568 0.0449369 0.0515816 0.403088
0 0.0104875 0.336165 0.0188879 0.0561296 0.402399
0 0.965385 0.227009 0.0156216 0.0524302 0.398368
5 0.598777 0.134958 0.0433391 0.0800081 0.397523
2 0.796193 0.337494 0.0686023 0.0711479 0.384805
5 0.557901 0.688077 0.0839617 0.170003 0.384035
2 0.511356 0.146309 0.029101 0.0312418 0.381076
2 0.647313 0.190955 0.0403025 0.0436172 0.378917
5 0.557848 0.688133 0.0836346 0.169551 0.372047
0 0.0105898 0.33747 0.0184552 0.0561925 0.370998
7 0.818876 0.226788 0.0449957 0.0506463 0.361739
2 0.219556 0.154287 0.0322881 0.0340406 0.356962
2 0.22004 0.154347 0.0313056 0.0332396 0.35374
2 0.922453 0.2024 0.0503946 0.0444528 0.352034
2 0.742406 0.222732 0.0432905 0.0524935 0.351854
2 0.741674 0.222692 0.0429184 0.0506819 0.350311
2 0.741644 0.222486 0.0440767 0.0518349 0.349655
2 0.923214 0.201793 0.0486492 0.0409194 0.347095
2 0.819088 0.227119 0.044541 0.0522499 0.346693
2 0.795994 0.337111 0.0679006 0.0712143 0.346344
2 0.653295 0.301876 0.0569496 0.0645679 0.343683
2 0.648203 0.190855 0.0425842 0.0449493 0.343457
2 0.922251 0.201964 0.049419 0.0446354 0.332919
0 0.268869 0.199087 0.0135201 0.0482957 0.327509
2 0.648314 0.189729 0.0438034 0.0448232 0.323371
2 0.22002 0.15421 0.0311751 0.0338251 0.31361
2 0.220186 0.154236 0.0323916 0.0335137 0.312014
2 0.818779 0.226829 0.0451529 0.0512563 0.311942
0 0.268561 0.200568 0.0125333 0.0473121 0.308143
5 0.59871 0.136453 0.0426068 0.0781813 0.305553
2 0.646666 0.190274 0.0402194 0.0440995 0.303934
2 0.877968 0.224552 0.0439112 0.0389897 0.303162
2 0.923071 0.201171 0.0490757 0.0427815 0.301611
5 0.59841 0.137079 0.0429858 0.0766795 0.295336
7 0.818671 0.227242 0.0450006 0.0510478 0.288639
2 0.743173 0.222908 0.0436983 0.051992 0.28747
2 0.646427 0.191067 0.0390511 0.0436913 0.286908
5 0.877809 0.170631 0.0647327 0.0627753 0.28595
2 0.7428 0.223153 0.0421067 0.0511462 0.281926
2 0.921709 0.201561 0.0489727 0.0431071 0.281547
2 0.878084 0.224905 0.0427849 0.0380369 0.266792
0 0.126926 0.247507 0.0142172 0.0338542 0.266658
2 0.219947 0.154493 0.0312841 0.0337424 0.2666
7 0.336664 0.328754 0.0491618 0.0757843 0.264228
2 0.33645 0.339709 0.0492289 0.055507 0.260874
2 0.922909 0.202477 0.0473186 0.0424682 0.259533
0 0.965893 0.228078 0.014217 0.0515034 0.254496
0 0.00991512 0.333254 0.0192002 0.0706341 0.254282
2 0.742868 0.222246 0.0417027 0.0522 0.25398
2 0.512209 0.145425 0.0289183 0.0337062 0.253855
0 0.946909 0.230891 0.0143085 0.0403252 0.252448
2 0.335674 0.346238 0.0478107 0.0428047 0.251702
2 0.336296 0.343514 0.0491687 0.0469475 0.248947
2 0.878277 0.226654 0.0412794 0.0340893 0.243838
2 0.218787 0.154197 0.0335287 0.0341817 0.243615
2 0.878104 0.226292 0.0431208 0.0359677 0.242399
0 0.0106318 0.33908 0.0171798 0.0577098 0.240976
7 0.33639 0.329513 0.0482337 0.0753002 0.240496
5 0.877149 0.172142 0.0642992 0.0660366 0.239003
2 0.878713 0.222392 0.0445189 0.0430318 0.237806
2 0.881994 0.292193 0.0488493 0.0664542 0.235269
5 0.557755 0.687457 0.0835604 0.170316 0.234778
2 0.664174 0.10238 0.0171562 0.0266514 0.234158
2 0.819 0.226817 0.0444953 0.0527813 0.229219
0 0.126971 0.248279 0.0137089 0.0338388 0.227748
0 0.0104713 0.338351 0.0171617 0.0574549 0.226792
2 0.219756 0.154112 0.0324779 0.0339543 0.225527
0 0.0102432 0.330552 0.0204096 0.0676383 0.22193
2 0.87856 0.226345 0.0408779 0.0357434 0.215915
2 0.877935 0.226054 0.0415562 0.0365293 0.212385
0 0.0107834 0.336521 0.0196026 0.0618407 0.209618
2 0.218594 0.154596 0.0313364 0.0337768 0.207669
2 0.92282 0.202435 0.0512724 0.0424401 0.204197
2 0.219132 0.154284 0.0328062 0.0341807 0.199245
2 0.336714 0.328794 0.0500484 0.0744153 0.196758
0 0.268879 0.202432 0.0129212 0.0455911 0.196126
0 0.00946036 0.323327 0.018798 0.0896951 0.193737
0 0.0633917 0.235375 0.0143072 0.0452931 0.187737
2 0.818775 0.226979 0.0446435 0.051827 0.187498
2 0.926709 0.20424 0.0530228 0.0474361 0.182132
5 0.877158 0.171866 0.0621412 0.0669507 0.180951
2 0.9242 0.20241 0.0502007 0.0454981 0.180231
5 0.599327 0.134788 0.0415102 0.079885 0.179777
2 0.923479 0.203037 0.0476307 0.0431345 0.177723
7 0.818835 0.226764 0.0452126 0.0523677 0.176442
0 0.010632 0.33616 0.0194742 0.0593317 0.175336
2 0.650512 0.190363 0.0480238 0.0462566 0.167351
2 0.646749 0.190222 0.0410089 0.0441375 0.165886
2 0.335661 0.345788 0.0476175 0.044116 0.161295
2 0.33663 0.328756 0.0495961 0.0741385 0.157439
2 0.336784 0.330671 0.0473241 0.0731877 0.156656
0 0.0115289 0.33822 0.018853 0.0605374 0.148993
0 0.966942 0.222703 0.0150448 0.0438974 0.145719
0 0.946087 0.238329 0.0120258 0.032645 0.144598
2 0.21989 0.154403 0.0322332 0.0338556 0.139905
0 0.0634193 0.236469 0.0128861 0.0422331 0.138137
0 0.965927 0.227929 0.0162312 0.0491468 0.135814
0 0.990611 0.256762 0.0180441 0.0858881 0.135267
7 0.877402 0.172166 0.0660351 0.0665398 0.134491
7 0.878501 0.164847 0.0658447 0.0505885 0.133851
2 0.511622 0.145508 0.0292279 0.0338812 0.131154
0 0.990315 0.256563 0.0187595 0.0866678 0.129866
2 0.603431 0.960363 0.11072 0.0782419 0.127373
7 0.337151 0.328352 0.0488704 0.0736955 0.126465
7 0.818586 0.226338 0.0456779 0.0522627 0.122978
0 0.966268 0.227204 0.0175226 0.0499391 0.122015
2 0.652853 0.1912 0.051096 0.0458702 0.118715
2 0.646306 0.19148 0.0403944 0.0423202 0.112933
2 0.861813 0.447855 0.0944588 0.0916733 0.111293
2 0.922394 0.201602 0.0489008 0.0437402 0.110567
2 0.603887 0.960281 0.111526 0.0783504 0.110186
0 0.0105794 0.333835 0.0205731 0.0651042 0.109746
2 0.819154 0.226808 0.0457054 0.0518827 0.105999
0 0.947004 0.224641 0.0150841 0.0484157 0.105594
2 0.878523 0.220038 0.0433937 0.0462957 0.104511
2 0.60356 0.960276 0.110643 0.0784988 0.104054
7 0.876967 0.171845 0.06385 0.0693883 0.101047
2 0.631474 0.0538689 0.0387918 0.0281355 0.100842
2 0.603842 0.960185 0.111534 0.0785191 0.10034
5 0.878306 0.171344 0.0659071 0.0638485 0.0993049
2 0.66432 0.103091 0.015588 0.0259898 0.0961017
5 0.879235 0.164349 0.0642448 0.0498687 0.0946185
7 0.87822 0.164521 0.0659506 0.0514983 0.0938659
2 0.642197 0.0573876 0.0164583 0.0198544 0.0920594
2 0.631418 0.0535546 0.0395859 0.0299292 0.0913758
7 0.87963 0.16342 0.0639042 0.0470006 0.0910575
2 0.358984 0.230068 0.0164263 0.0197752 0.090936
7 0.877051 0.171728 0.0642221 0.0671781 0.0909019
0 0.0794946 0.154155 0.0186162 0.0480258 0.0899977
2 0.223329 0.153809 0.0371272 0.0332909 0.0896213
5 0.598699 0.135859 0.041872 0.0787062 0.0884211
2 0.65402 0.301444 0.0575047 0.0642635 0.0878774
9 0.543821 0.033484 0.0239454 0.0362506 0.08607
2 0.877785 0.217265 0.0461416 0.0514392 0.0858817
5 0.878246 0.175029 0.0645168 0.0717702 0.0857551
9 0.57597 0.0324487 0.0203383 0.0301599 0.0849533
0 0.0624041 0.237941 0.0130235 0.0380597 0.0827759
0 0.0640546 0.234964 0.0157011 0.0451336 0.0822863
0 0.126995 0.2537 0.0161596 0.044719 0.0814715
2 0.879461 0.22467 0.0448551 0.0383266 0.0801121
7 0.337168 0.32825 0.0485348 0.0737089 0.0797164
2 0.879716 0.217474 0.0473488 0.0487844 0.0794577
0 0.269519 0.1884 0.012268 0.028529 0.0784278
0 0.00626851 0.293369 0.0123869 0.0358926 0.0781315
0 0.126224 0.247652 0.0169878 0.0364399 0.0776545
0 0.994682 0.238498 0.0100384 0.0419178 0.0755944
2 0.603564 0.960038 0.110519 0.0792488 0.0750238
0 0.82835 0.157737 0.0113564 0.0314444 0.0748571
2 0.87789 0.217764 0.0470694 0.0495916 0.0746688
0 0.990106 0.25724 0.0192078 0.0879864 0.0744181
0 0.00839894 0.318173 0.0166777 0.0842529 0.0737731
0 0.99049 0.25762 0.0184067 0.0810025 0.0727156
0 0.0872767 0.153651 0.0209218 0.0460158 0.0725865
0 0.991088 0.251975 0.0169991 0.0644916 0.0704266
0 0.127308 0.246263 0.0150981 0.0340973 0.0703462
2 0.187366 0.415583 0.032172 0.0358895 0.0700595
0 0.00682791 0.294129 0.0134047 0.0338665 0.0679519
0 0.293771 0.158575 0.00960326 0.0386261 0.0673806
2 0.882908 0.29353 0.0484793 0.0639395 0.0668444
0 0.992306 0.24475 0.0146395 0.0545964 0.0667453
5 0.598765 0.13399 0.0424408 0.0777101 0.0661965
2 0.362906 0.229646 0.0247011 0.0228016 0.06579
2 0.603331 0.960414 0.110391 0.0780319 0.0639959
2 0.603943 0.960056 0.112558 0.0791927 0.0629026
0 0.0625815 0.237079 0.0144467 0.0435916 0.062516
2 0.796255 0.338678 0.0669617 0.0688689 0.0623507
0 0.279059 0.15955 0.0121186 0.0244656 0.0611892
7 0.219404 0.153399 0.0338765 0.0363927 0.0593382
2 0.743814 0.223051 0.0433878 0.052417 0.0581797
2 0.0373699 0.449157 0.0747098 0.0958192 0.0579746
2 0.794519 0.330506 0.0658768 0.0566746 0.0565643
2 0.742453 0.2233 0.0411808 0.050833 0.0556093
0 0.0866956 0.153092 0.0257983 0.0483243 0.0553058
0 0.0632041 0.235542 0.0163133 0.0463194 0.0550602
2 0.663549 0.101355 0.0191679 0.0289845 0.0547627
2 0.335505 0.345285 0.0472223 0.0444772 0.0541045
0 0.829465 0.158673 0.0125366 0.0320467 0.0535113
9 0.541321 0.0321441 0.0189903 0.0363187 0.0530417
0 0.0632963 0.240298 0.0149003 0.0364574 0.0527787
9 0.576398 0.0354097 0.0221237 0.0360146 0.0525122
9 0.575588 0.0328665 0.0194366 0.0339367 0.0514134
2 0.923061 0.203979 0.0467058 0.0413871 0.0510282
2 0.0375652 0.447764 0.0751303 0.0981418 0.0496151
0 0.0819951 0.161448 0.0150424 0.0330778 0.0495543
0 0.00843495 0.320337 0.0167414 0.0949634 0.0489095
0 0.990465 0.268657 0.0184626 0.0617559 0.047558
2 0.166112 0.689223 0.0389281 0.022983 0.0473835
0 0.125963 0.24916 0.0163909 0.0375492 0.0471286
5 0.266722 0.123265 0.0223265 0.0354804 0.0467865
5 0.599597 0.134415 0.0444028 0.0765377 0.0465847
5 0.265114 0.124429 0.0206698 0.0363852 0.0461204
0 0.0889032 0.154007 0.0227559 0.047601 0.0454824
0 0.280785 0.16159 0.0125034 0.0281071 0.0449158
9 0.576566 0.0355247 0.0198429 0.0360689 0.0438346
9 0.819024 0.0859991 0.0127329 0.0343719 0.0429684
0 0.285887 0.162303 0.0115857 0.030643 0.0429552
2 0.631032 0.0546456 0.0392818 0.0331253 0.0416862
2 0.166131 0.688678 0.0382672 0.0253979 0.041188
2 0.631622 0.0553323 0.0381758 0.0306461 0.0408572
2 0.565503 0.0900504 0.0232214 0.0252789 0.0404668
2 0.16619 0.689085 0.0394167 0.0236827 0.0403718
2 0.166409 0.688699 0.0387975 0.0248919 0.040035
2 0.402097 0.225991 0.0166937 0.0194654 0.0398818
2 0.51147 0.148039 0.0295717 0.031498 0.0398155
2 0.604559 0.960239 0.113375 0.0782457 0.0395821
2 0.166637 0.688642 0.0396471 0.0248306 0.0395295
0 0.26785 0.197617 0.0144459 0.0455452 0.0394929
9 0.565485 0.0913446 0.0230683 0.0231482 0.0385521
2 0.922502 0.201713 0.0497192 0.0442056 0.0384153
0 0.0842905 0.153261 0.0223102 0.0472642 0.0381729
2 0.564637 0.0909633 0.0223196 0.02327 0.0378768
9 0.461532 0.0699561 0.0151746 0.0289333 0.0373606
0 0.294054 0.15002 0.00860748 0.0256612 0.0372917
0 0.949782 0.225632 0.0202763 0.0537272 0.0367189
2 0.166288 0.688739 0.0379609 0.0244078 0.035992
2 0.603521 0.960246 0.111475 0.078825 0.0355654
0 0.0915139 0.165243 0.0120537 0.025701 0.0355428
2 0.361669 0.4891 0.0363505 0.076968 0.0350492
0 0.368562 0.117774 0.00920286 0.0236252 0.0350329
0 0.306394 0.158856 0.0122491 0.0380991 0.0349588
0 0.267561 0.198774 0.0135618 0.0449459 0.0348294
0 0.989581 0.257181 0.0202 0.0822076 0.0348241
0 0.061912 0.241172 0.0148585 0.036421 0.0339798
0 0.107245 0.183481 0.0142988 0.0187171 0.0339439
2 0.818789 0.226647 0.0450064 0.0512198 0.0332617
0 0.306559 0.165908 0.0104373 0.0270181 0.0320836
