2 0.479697 0.305702 0.0912253 0.0519525 0.847763
2 0.478004 0.305538 0.0915457 0.0515098 0.847457
2 0.319835 0.300384 0.0857198 0.0619171 0.819963
2 0.319563 0.3013 0.0866512 0.0609542 0.819395
2 0.479166 0.3054 0.0897922 0.0527008 0.812942
0 0.360023 0.924902 0.0414006 0.149505 0.805428
0 0.359842 0.924848 0.0414059 0.148767 0.80298
2 0.479382 0.305294 0.089626 0.0523885 0.800114
2 0.319539 0.301088 0.086546 0.060615 0.794708
2 0.479622 0.305384 0.0895401 0.0524932 0.792921
0 0.36032 0.924638 0.0425147 0.149571 0.789262
2 0.95356 0.339908 0.0918873 0.059234 0.788036
2 0.47947 0.30566 0.0899265 0.0523427 0.784171
2 0.953238 0.340161 0.0927845 0.0589013 0.777723
2 0.318941 0.300381 0.087137 0.0608579 0.775702
2 0.319435 0.301153 0.0863924 0.0609557 0.769411
2 0.192068 0.323646 0.0932221 0.0550284 0.768301
2 0.191953 0.323375 0.0949329 0.0566288 0.766764
0 0.360302 0.924619 0.0420825 0.149364 0.764252
0 0.282942 0.91763 0.0510239 0.163841 0.763633
2 0.19191 0.323468 0.0947108 0.0563693 0.75998
2 0.479589 0.305484 0.0897835 0.0526486 0.758412
2 0.3193 0.30119 0.0865667 0.0607695 0.755746
2 0.192068 0.323103 0.0944415 0.0568895 0.755684
2 0.191798 0.323106 0.0936869 0.057111 0.75325
2 0.319697 0.301146 0.0858184 0.0610783 0.750663
2 0.191954 0.322783 0.0941313 0.0580962 0.748921
0 0.36077 0.924653 0.0443734 0.149775 0.73713
2 0.319381 0.300953 0.0857219 0.0613727 0.735499
0 0.0712494 0.627188 0.0374017 0.127363 0.725408
2 0.319835 0.301187 0.086164 0.0614097 0.725033
2 0.479717 0.305636 0.0898921 0.0531258 0.723586
2 0.953686 0.339694 0.091728 0.0594316 0.72107
0 0.282814 0.917464 0.0508357 0.163445 0.715244
2 0.191671 0.323379 0.094422 0.0566271 0.709746
0 0.282527 0.917548 0.0504556 0.164316 0.699775
2 0.0807927 0.320217 0.0808247 0.0501303 0.694642
0 0.283507 0.917535 0.0528031 0.164227 0.692086
2 0.0805622 0.320304 0.0818454 0.0496616 0.691115
0 0.281833 0.917485 0.0493685 0.163948 0.688711
2 0.953386 0.339903 0.0926796 0.0592331 0.682262
2 0.953372 0.340216 0.0922047 0.0598376 0.682032
2 0.080074 0.320673 0.0820645 0.049665 0.676894
2 0.191557 0.322971 0.0935149 0.0576851 0.67176
2 0.318598 0.300791 0.0867983 0.0609166 0.670923
0 0.0704595 0.625895 0.03738 0.132404 0.670902
0 0.282088 0.917535 0.0493902 0.16493 0.670273
0 0.0704645 0.626136 0.0371659 0.132809 0.669771
0 0.0704919 0.626116 0.0367444 0.132796 0.662911
0 0.122161 0.629498 0.0375853 0.132442 0.659659
0 0.281649 0.917602 0.0487916 0.163978 0.659184
0 0.281173 0.917492 0.0482492 0.164577 0.656458
2 0.191543 0.322174 0.0939359 0.0579631 0.651399
2 0.953582 0.34006 0.0919571 0.0599082 0.649591
2 0.0803529 0.321003 0.0818878 0.050096 0.637759
0 0.0707706 0.62685 0.0372803 0.132005 0.637061
0 0.122318 0.628988 0.0350694 0.128505 0.636816
2 0.953012 0.339642 0.0925892 0.0580475 0.634085
2 0.0803513 0.32013 0.0818195 0.049739 0.633515
0 0.122063 0.629595 0.0376749 0.132339 0.631825
0 0.121981 0.629738 0.0361492 0.132025 0.630814
0 0.121821 0.628692 0.0379899 0.131779 0.62746
0 0.122025 0.62737 0.0336096 0.130196 0.622729
0 0.154344 0.640187 0.0352064 0.115438 0.615971
0 0.154044 0.640142 0.0353409 0.115451 0.614633
0 0.154394 0.639476 0.0347624 0.115912 0.614287
2 0.0809201 0.31987 0.0812697 0.0493094 0.598362
0 0.36939 0.638417 0.032236 0.112241 0.594614
0 0.369474 0.639437 0.0321291 0.113649 0.586795
0 0.279765 0.917439 0.0459662 0.164444 0.58167
0 0.369131 0.639642 0.0317085 0.114865 0.568324
2 0.0801763 0.320704 0.0811913 0.0487848 0.568269
0 0.370138 0.640268 0.0310006 0.109288 0.567041
0 0.0715872 0.627329 0.0368421 0.128252 0.561603
2 0.953058 0.340574 0.0936089 0.0577455 0.551197
0 0.122115 0.629113 0.0373111 0.132093 0.540274
0 0.361221 0.924785 0.0436058 0.15043 0.52184
2 0.953091 0.338696 0.0926312 0.0611069 0.507536
0 0.154241 0.638281 0.0352106 0.118745 0.506726
0 0.281424 0.917576 0.0486784 0.164848 0.504678
0 0.0706934 0.62569 0.0366999 0.129819 0.487601
0 0.155041 0.637889 0.0332291 0.121778 0.472946
0 0.369601 0.637933 0.032328 0.111547 0.46764
2 0.0811234 0.321012 0.0805472 0.0478767 0.461883
0 0.369987 0.639552 0.0311802 0.109378 0.461512
0 0.0701815 0.627425 0.0385921 0.132262 0.459994
2 0.0799395 0.321457 0.0822138 0.0500764 0.445063
0 0.122475 0.63008 0.0362047 0.130522 0.440576
2 0.0807201 0.321196 0.0814761 0.0483691 0.435229
2 0.479448 0.30551 0.0892103 0.0519906 0.42166
2 0.0188462 0.323017 0.0376923 0.0420191 0.418296
0 0.155491 0.641152 0.0323302 0.114163 0.415814
0 0.154043 0.638776 0.0360282 0.114252 0.402871
2 0.833797 0.239861 0.0524761 0.0271235 0.395408
2 0.83412 0.240616 0.0520996 0.0266466 0.392746
2 0.019964 0.322724 0.039282 0.0430654 0.377937
0 0.370613 0.64124 0.0307757 0.109426 0.362121
2 0.953451 0.338885 0.0921709 0.0601296 0.360001
2 0.952549 0.338899 0.090889 0.0585762 0.352368
2 0.95214 0.33996 0.0942495 0.057203 0.351418
0 0.125084 0.629636 0.0404154 0.12385 0.343106
2 0.478733 0.30546 0.0908854 0.0517398 0.333259
0 0.154277 0.639993 0.0343334 0.114474 0.319063
2 0.0196013 0.321989 0.0391278 0.0436496 0.318317
0 0.654236 0.283958 0.0187029 0.046931 0.317989
0 0.654692 0.283807 0.0176363 0.0464608 0.314724
2 0.833483 0.239874 0.0534878 0.0263454 0.311456
2 0.0180561 0.323339 0.0361121 0.0421801 0.309031
2 0.832895 0.239142 0.055349 0.0288387 0.302523
2 0.0190135 0.321029 0.0375201 0.0423914 0.289819
0 0.156043 0.644839 0.02988 0.104683 0.289495
2 0.833277 0.238358 0.0534714 0.0293791 0.268574
0 0.654746 0.2829 0.0183833 0.0455589 0.260129
2 0.833575 0.237514 0.054211 0.0321674 0.256131
2 0.0178249 0.322799 0.0356498 0.0421183 0.251799
2 0.194547 0.324224 0.10013 0.0563939 0.245855
0 0.37092 0.642349 0.0301192 0.103512 0.241399
0 0.156967 0.646462 0.0305032 0.100517 0.235338
2 0.833712 0.237987 0.0526299 0.0306522 0.231535
0 0.0725641 0.625842 0.0385312 0.132315 0.22458
0 0.368744 0.645946 0.0311382 0.124805 0.221347
0 0.277051 0.917154 0.0420321 0.164151 0.218585
2 0.953364 0.339814 0.0913734 0.0585917 0.204262
0 0.74378 0.279224 0.0194382 0.0402751 0.201814
2 0.321537 0.300241 0.0805132 0.0601806 0.201043
2 0.832233 0.238125 0.0552547 0.0289622 0.197112
2 0.47948 0.305579 0.0903872 0.0519931 0.195705
0 0.75073 0.281937 0.0240577 0.0496348 0.195567
2 0.0196518 0.323089 0.0393035 0.0423549 0.187797
0 0.0719811 0.627996 0.0378224 0.126092 0.186296
0 0.747792 0.28322 0.0250706 0.0490525 0.186281
2 0.0199639 0.321308 0.0391375 0.0421135 0.185011
0 0.752123 0.280929 0.020772 0.0480888 0.18346
2 0.0188215 0.321232 0.0375792 0.0449443 0.179597
0 0.747823 0.284515 0.0238364 0.0499338 0.170516
0 0.358383 0.924315 0.0451432 0.15006 0.161011
0 0.123214 0.629213 0.0415086 0.13307 0.150544
2 0.0155368 0.323573 0.0308585 0.0401388 0.143378
0 0.151686 0.634546 0.0347874 0.11532 0.140967
2 0.479252 0.305752 0.0905504 0.0520784 0.135958
1 0.761565 0.285748 0.0582548 0.0496732 0.13395
2 0.0188189 0.322417 0.0373385 0.0414266 0.132602
0 0.652326 0.284772 0.0218182 0.048217 0.130111
2 0.0209747 0.322088 0.0418971 0.0432249 0.128495
0 0.122276 0.621244 0.0327101 0.107413 0.125841
0 0.369495 0.638772 0.0327621 0.112166 0.12517
0 0.152683 0.635936 0.0361978 0.105836 0.124425
0 0.157174 0.648228 0.0297749 0.0979622 0.111025
0 0.74989 0.283804 0.0294828 0.0521801 0.110492
1 0.762047 0.28749 0.0533766 0.0492968 0.105839
0 0.125074 0.630499 0.0405223 0.130193 0.104162
0 0.121501 0.626486 0.0318331 0.126828 0.102425
0 0.367794 0.634354 0.030592 0.102578 0.101545
2 0.839715 0.240413 0.0412773 0.0275114 0.0995066
0 0.653569 0.284719 0.0214365 0.0500231 0.0983472
2 0.891669 0.242598 0.0627556 0.0441058 0.0956883
2 0.891588 0.248144 0.0623194 0.0475304 0.094151
0 0.15819 0.648311 0.0277627 0.0983117 0.0926783
0 0.125655 0.631849 0.0422329 0.120339 0.0921672
0 0.651802 0.284426 0.0215184 0.0471737 0.0909313
2 0.891706 0.246584 0.0619705 0.0466173 0.0890089
0 0.0722565 0.628538 0.0377969 0.12598 0.0855194
1 0.761636 0.285752 0.059556 0.0506978 0.0852484
2 0.19664 0.295307 0.0450928 0.0254092 0.0851079
0 0.0710415 0.627124 0.0369877 0.128575 0.0829401
0 0.0146853 0.275049 0.0140212 0.0361862 0.0805041
0 0.067296 0.624286 0.0290004 0.130632 0.07942
0 0.369928 0.634688 0.0319525 0.100979 0.0781498
0 0.751992 0.268309 0.0197277 0.0656703 0.0750649
2 0.194564 0.299608 0.0550067 0.0315245 0.0722378
0 0.436505 0.60084 0.0200155 0.0701351 0.0721726
0 0.654754 0.282857 0.0196313 0.046978 0.0702987
2 0.00895071 0.36355 0.0178478 0.0376005 0.0692307
2 0.0805256 0.320292 0.0828801 0.050662 0.0690939
0 0.253216 0.27863 0.0119752 0.0277003 0.0687633
2 0.951558 0.33884 0.0884926 0.0581661 0.0681836
2 0.892418 0.245176 0.0611183 0.0420952 0.0642933
1 0.746606 0.286999 0.0248436 0.0513183 0.0625624
1 0.768798 0.290968 0.0416649 0.0372445 0.0602193
2 0.949576 0.222973 0.0229639 0.0240368 0.0599139
0 0.0147655 0.276701 0.0158959 0.0394441 0.0598215
2 0.20122 0.294161 0.048861 0.0308465 0.059756
0 0.25266 0.277494 0.0117873 0.0266708 0.0573282
2 0.890642 0.247441 0.0615738 0.0446117 0.0571954
0 0.437952 0.621462 0.0223066 0.119964 0.0571595
0 0.4371 0.596015 0.0189682 0.0605955 0.0549584
0 0.436895 0.623789 0.0203264 0.116906 0.0546277
1 0.772529 0.29101 0.0345915 0.0345676 0.0543204
0 0.652362 0.283367 0.0220217 0.0461624 0.0529279
2 0.892823 0.228198 0.059708 0.0185983 0.0507468
2 0.947781 0.220435 0.0282852 0.0293832 0.0502894
2 0.913837 0.250167 0.107709 0.0475358 0.0493062
2 0.206809 0.294622 0.0283994 0.0275806 0.0492795
2 0.892174 0.248965 0.0631107 0.0483994 0.0490665
2 0.00957435 0.364299 0.0190758 0.0372981 0.048352
1 0.771557 0.289291 0.0342371 0.0353138 0.0476295
0 0.123224 0.629335 0.0424141 0.131136 0.0475957
0 0.437033 0.597653 0.0199363 0.0636943 0.0467546
0 0.146414 0.635153 0.0259662 0.104631 0.0429165
2 0.891413 0.243967 0.0602657 0.0443227 0.0425535
0 0.220345 0.293942 0.0202096 0.0279914 0.0421576
2 0.946088 0.219885 0.0324831 0.0298061 0.0420894
2 0.949042 0.221006 0.0251865 0.0264578 0.0418446
2 0.0805327 0.320393 0.0822998 0.0499322 0.0409722
0 0.122746 0.62642 0.0348206 0.138528 0.0409575
0 0.0129328 0.27306 0.0154459 0.0320331 0.0408017
2 0.914602 0.249829 0.105789 0.0455082 0.0400933
0 0.371485 0.643084 0.0295466 0.0979494 0.0397916
0 0.747684 0.266036 0.0291729 0.0640184 0.0391645
0 0.031746 0.274537 0.0161665 0.0303892 0.0391222
0 0.437532 0.623295 0.0208954 0.116529 0.0383631
0 0.120349 0.624792 0.0316061 0.123883 0.0382004
0 0.370111 0.641808 0.0278158 0.107511 0.0379813
0 0.437163 0.622293 0.0215668 0.114762 0.0375284
0 0.00967243 0.362848 0.0191968 0.0429004 0.0373323
2 0.833042 0.234419 0.0548948 0.0365016 0.0371728
0 0.369573 0.640579 0.0313542 0.110491 0.0369744
2 0.916282 0.251756 0.109524 0.0461859 0.0363235
9 0.0357428 0.1985 0.0146895 0.0304187 0.0361078
1 0.775307 0.291257 0.0296473 0.0323385 0.0359605
0 0.0119656 0.739308 0.0239312 0.0969419 0.0350975
0 0.437532 0.596364 0.0192793 0.0627125 0.034892
0 0.365598 0.622794 0.0258222 0.0796459 0.0347424
0 0.655128 0.28145 0.020539 0.0479346 0.0339186
2 0.211134 0.290767 0.0183421 0.0279148 0.0337436
2 0.910559 0.22436 0.0250938 0.0158039 0.0330548
0 0.738731 0.275496 0.0181539 0.0317521 0.0328329
0 0.0704405 0.626819 0.0356403 0.127464 0.0320774
0 0.43719 0.597823 0.0198507 0.0656414 0.031807
1 0.761202 0.288535 0.061243 0.0435021 0.0316506
9 0.202847 0.0270842 0.0238283 0.044971 0.0310543
2 0.191458 0.32257 0.0941869 0.0563724 0.0309863
0 0.651602 0.284973 0.0209854 0.0508393 0.03051
2 0.886465 0.250612 0.0520344 0.0458805 0.0304539
2 0.875295 0.248153 0.0298718 0.0425932 0.0301593
0 0.437037 0.595046 0.0189522 0.0577413 0.0296781
0 0.00877861 0.740843 0.0175572 0.0983271 0.0290949
2 0.913529 0.220779 0.0194168 0.0182196 0.0290709
0 0.362867 0.598855 0.0176939 0.0328817 0.0290627
9 0.0926258 0.180085 0.0173884 0.0328327 0.028791
0 0.438114 0.621828 0.0221601 0.116606 0.0287375
0 0.0151493 0.739612 0.0302006 0.098596 0.0286954
0 0.0539686 0.271479 0.0153308 0.03687 0.0284727
26 0.121927 0.61116 0.0303685 0.0575024 0.028418
0 0.286288 0.93235 0.0525763 0.135193 0.0282646
0 0.363098 0.615674 0.0189394 0.0659548 0.0280556
1 0.741486 0.286604 0.0330758 0.0491686 0.0274572
2 0.914224 0.249749 0.102224 0.0453334 0.0273372
9 0.0907669 0.178233 0.0197824 0.0366365 0.0273098
0 0.0151245 0.272397 0.0135047 0.0366911 0.0266005
0 0.0110038 0.740059 0.0220077 0.0964316 0.0264682
2 0.943838 0.219442 0.0381046 0.0329333 0.0264504
26 0.153996 0.629134 0.0317425 0.0845611 0.0264211
0 0.0321087 0.27562 0.0172072 0.0294548 0.0263477
2 0.838773 0.237196 0.0498222 0.0329228 0.0262105
0 0.0136455 0.738438 0.0272911 0.10222 0.0259132
2 0.215021 0.291793 0.0204275 0.0306066 0.0253476
9 0.0380179 0.200627 0.0147068 0.0288439 0.0253103
2 0.0210276 0.32276 0.0416461 0.0416986 0.0252738
2 0.0156744 0.325831 0.0310445 0.041328 0.0252404
0 0.0168364 0.741655 0.0286496 0.0993242 0.0251774
0 0.0120105 0.739644 0.0240209 0.0981678 0.0250882
9 0.203526 0.0261116 0.0274928 0.0491552 0.025079
0 0.0548392 0.267472 0.0138542 0.032834 0.0250666
0 0.403991 0.811225 0.0180277 0.0270095 0.0247572
0 0.151741 0.629825 0.0333334 0.0878841 0.0247369
0 0.748147 0.279342 0.0333455 0.0482818 0.0247193
0 0.0144937 0.281648 0.0258981 0.0462304 0.0245019
2 0.479944 0.305414 0.0865372 0.0514086 0.0242198
9 0.0362636 0.198775 0.0148837 0.0324628 0.0237607
2 0.215287 0.292737 0.0341682 0.0291393 0.0233909
2 0.83025 0.23763 0.0589684 0.0253011 0.0229552
0 0.371076 0.643296 0.030044 0.103164 0.0228664
24 0.373587 0.626157 0.025454 0.0409531 0.022799
7 0.441481 0.755046 0.177865 0.158807 0.0225039
0 0.871563 0.21649 0.0127274 0.0254292 0.0224597
1 0.773938 0.290271 0.0321293 0.0335685 0.0224583
0 0.009509 0.387234 0.019018 0.0808933 0.0222602
2 0.920341 0.251826 0.11648 0.0453497 0.022101
1 0.752321 0.276756 0.0399727 0.0615602 0.0217644
1 0.771343 0.29179 0.0387386 0.0336313 0.0216833
0 0.438078 0.620785 0.0216677 0.120241 0.0212445
26 0.157757 0.63124 0.0280813 0.0550881 0.0205478
4 0.266993 0.762902 0.529367 0.176624 0.0201126
0 0.295456 0.280235 0.0125402 0.020997 0.0198385
0 0.881132 0.220617 0.014987 0.0186923 0.0189784
2 0.896935 0.225941 0.0526512 0.0204618 0.0189152
0 0.437269 0.62313 0.0209939 0.117482 0.0187273
0 0.0121237 0.278582 0.0190665 0.044295 0.0186563
0 0.00960253 0.385356 0.0190138 0.0961745 0.0178816
9 0.203083 0.0281639 0.0231672 0.0432967 0.0178358
2 0.833547 0.234625 0.0537395 0.0366278 0.0177764
2 0.930213 0.252281 0.0665173 0.0369581 0.0175037
0 0.00992461 0.386054 0.0197099 0.0844017 0.0174707
26 0.159261 0.63252 0.0248588 0.0495378 0.0173827
0 0.405175 0.813468 0.022202 0.0319887 0.0172909
0 0.0534404 0.261808 0.0142255 0.0290971 0.0169854
4 0.265677 0.760079 0.530083 0.174148 0.0169562
0 0.757821 0.27577 0.0498301 0.0626799 0.0167598
0 0.0135055 0.740396 0.0270109 0.0940378 0.0167316
