2 0.635461 0.481825 0.159671 0.106688 0.878832
2 0.635212 0.482081 0.1595 0.106001 0.863651
2 0.635261 0.482013 0.159058 0.106272 0.855058
2 0.635446 0.481772 0.159605 0.106063 0.853549
2 0.635104 0.481855 0.159139 0.106467 0.850412
2 0.314687 0.301448 0.0874251 0.0610267 0.849352
2 0.63535 0.481776 0.159473 0.105767 0.847617
2 0.635416 0.481716 0.159362 0.105854 0.846304
2 0.635117 0.48192 0.159274 0.106175 0.832933
2 0.314723 0.301152 0.08815 0.0608073 0.83184
2 0.473535 0.305664 0.0871815 0.0521919 0.823015
2 0.934607 0.338364 0.0926846 0.0537639 0.820874
2 0.474028 0.30551 0.0884466 0.0527937 0.820495
2 0.934131 0.338224 0.0929968 0.0539799 0.817074
2 0.635255 0.481778 0.159196 0.106163 0.815838
2 0.473643 0.305511 0.0876886 0.05259 0.799676
2 0.934482 0.33818 0.0928526 0.0536161 0.799268
2 0.4737 0.305562 0.0880092 0.0531117 0.797632
2 0.934335 0.338543 0.0929199 0.0543747 0.797619
2 0.934294 0.337938 0.0926128 0.0532587 0.790457
2 0.473936 0.305621 0.0877877 0.0527349 0.789415
2 0.314939 0.301654 0.087756 0.0611074 0.777098
2 0.190686 0.321778 0.0955464 0.0565595 0.776851
2 0.473911 0.306078 0.0876074 0.0527685 0.773485
2 0.93428 0.338084 0.0934452 0.053939 0.764604
2 0.0241529 0.51509 0.0483059 0.240714 0.757946
2 0.314926 0.30178 0.0878847 0.0604999 0.75637
2 0.314849 0.301641 0.0876411 0.0611843 0.755995
2 0.314486 0.301695 0.0872912 0.0607379 0.74987
2 0.190126 0.32251 0.0947602 0.055712 0.742824
2 0.47354 0.305603 0.0877867 0.052282 0.741647
2 0.0239514 0.514951 0.0478878 0.235468 0.738709
2 0.190077 0.32282 0.0957738 0.0555109 0.737867
2 0.190295 0.322152 0.094934 0.0572141 0.737011
2 0.189718 0.322564 0.0939331 0.0558704 0.737003
2 0.190273 0.322762 0.0953775 0.05613 0.725918
2 0.189818 0.322662 0.0955432 0.0553543 0.719536
2 0.315202 0.301654 0.0882682 0.0600352 0.717477
2 0.190549 0.322231 0.0951691 0.0563859 0.717428
2 0.315292 0.301824 0.0879397 0.0606977 0.703387
2 0.934461 0.338415 0.0927397 0.0539545 0.696337
2 0.473338 0.30569 0.0873873 0.0521639 0.690489
2 0.0237188 0.513951 0.0473512 0.237796 0.68487
2 0.314074 0.300545 0.0869006 0.0623312 0.684703
2 0.0722517 0.318846 0.0720993 0.0498127 0.684302
0 0.23109 0.640522 0.0320093 0.122568 0.68413
2 0.0239725 0.518008 0.0477644 0.235184 0.681025
2 0.473268 0.306041 0.0882344 0.0518912 0.67896
0 0.230853 0.640241 0.0320285 0.1217 0.672186
2 0.0238989 0.514066 0.0476295 0.237641 0.663824
2 0.0238729 0.514451 0.0476146 0.237146 0.661732
0 0.231227 0.640826 0.0321611 0.123829 0.658327
2 0.0236993 0.516711 0.0473008 0.235346 0.650698
2 0.315224 0.301027 0.0867357 0.0602777 0.62955
2 0.0724998 0.31941 0.0760495 0.0493114 0.625083
2 0.190171 0.321924 0.094117 0.0567654 0.617759
2 0.0723552 0.319468 0.0740426 0.0505545 0.599566
2 0.0241932 0.514828 0.0483865 0.241939 0.595803
2 0.0241179 0.516306 0.0479545 0.239815 0.568116
2 0.0725466 0.319158 0.075078 0.0490556 0.568081
2 0.0518986 0.414336 0.103292 0.0921123 0.562604
0 0.230546 0.639347 0.031336 0.120728 0.559756
2 0.0719789 0.320154 0.0730155 0.048741 0.557725
0 0.231218 0.63891 0.0319451 0.117139 0.554271
2 0.0238752 0.515747 0.0476409 0.238187 0.536079
0 0.231325 0.637393 0.0310676 0.11351 0.525866
2 0.192039 0.321968 0.0984393 0.0573503 0.522403
0 0.231202 0.642292 0.0326343 0.113996 0.522103
2 0.0725214 0.319683 0.0762002 0.0478056 0.521513
0 0.231079 0.637518 0.0324401 0.119275 0.516919
2 0.0519073 0.414115 0.103649 0.0916729 0.504546
2 0.0717879 0.32056 0.0725062 0.0477642 0.490816
2 0.0517754 0.414671 0.103351 0.0928485 0.490031
2 0.052127 0.414557 0.103618 0.0926337 0.488449
2 0.0518653 0.413709 0.10342 0.09181 0.477893
2 0.934415 0.338254 0.09361 0.0541227 0.469983
2 0.051876 0.414451 0.10353 0.0935583 0.46918
2 0.0721989 0.32189 0.0734917 0.0458284 0.465935
2 0.0522507 0.415301 0.103796 0.0926917 0.459138
2 0.0520606 0.414212 0.104121 0.0923009 0.456907
2 0.0725328 0.319952 0.0757603 0.0485674 0.430445
2 0.0518794 0.413587 0.1034 0.091931 0.411796
2 0.0522925 0.413743 0.104585 0.0921643 0.402383
2 0.473615 0.305575 0.0880926 0.0544423 0.389091
2 0.0239426 0.518914 0.0478291 0.235433 0.368039
0 0.231724 0.641479 0.0308911 0.110462 0.352434
2 0.473538 0.305461 0.0864905 0.0529181 0.35
9 0.0939411 0.245453 0.0124195 0.0394742 0.345618
0 0.747955 0.289007 0.0189219 0.0469375 0.344968
0 0.231581 0.64526 0.0303123 0.130089 0.343513
2 0.0150591 0.318446 0.0299482 0.0424906 0.332745
0 0.748405 0.289212 0.0172873 0.046256 0.297384
2 0.0150041 0.318433 0.029719 0.0444564 0.295701
0 0.0359776 0.704558 0.0706208 0.170706 0.278292
0 0.748719 0.289509 0.0182815 0.0471048 0.269161
2 0.992207 0.452905 0.0148449 0.0658318 0.265947
2 0.0143303 0.318539 0.0286068 0.0430143 0.264518
36 0.108236 0.832551 0.0531753 0.163948 0.247569
2 0.0153624 0.31748 0.0307204 0.0433105 0.236417
2 0.0147395 0.317544 0.0294648 0.0441844 0.232255
9 0.0943869 0.247618 0.0125205 0.0379442 0.231916
2 0.992365 0.454985 0.0144735 0.0711535 0.231135
0 0.11919 0.315659 0.0225201 0.0448947 0.227833
0 0.0362722 0.704187 0.0707498 0.170541 0.226505
0 0.119036 0.318169 0.0232047 0.0487934 0.226413
2 0.635156 0.481295 0.159705 0.105225 0.222551
0 0.0371472 0.703967 0.0700997 0.169658 0.220218
0 0.74958 0.289735 0.0186132 0.0461596 0.211251
0 0.749938 0.290391 0.0189913 0.0437943 0.196799
0 0.0666278 0.686086 0.0263614 0.124731 0.193497
36 0.108206 0.833373 0.0531534 0.163744 0.192745
2 0.890381 0.250881 0.0713604 0.0526072 0.188042
0 0.2309 0.636828 0.0325464 0.115777 0.186273
36 0.108345 0.8326 0.0524277 0.164823 0.181677
0 0.0651998 0.673221 0.0260192 0.101446 0.175916
0 0.0362969 0.704133 0.0703236 0.169866 0.174584
0 0.052837 0.703762 0.0551387 0.16734 0.163115
2 0.473423 0.305113 0.0860901 0.051892 0.163075
0 0.770323 0.294709 0.0268272 0.0340045 0.162494
0 0.119276 0.318745 0.0235168 0.0493453 0.161009
2 0.0729878 0.318999 0.0736436 0.0510584 0.160022
0 0.747698 0.288841 0.0197123 0.0476737 0.159399
2 0.933694 0.33769 0.0933783 0.0553992 0.156599
2 0.0141623 0.319564 0.0283247 0.0417785 0.155695
0 0.0639818 0.698699 0.0316467 0.156695 0.153591
0 0.0354984 0.705567 0.0706244 0.16843 0.150709
0 0.750077 0.290951 0.0192381 0.0434076 0.150012
0 0.729536 0.2875 0.0152618 0.0445156 0.149882
0 0.768132 0.294306 0.0199564 0.0334283 0.149766
2 0.0129111 0.32019 0.0258223 0.0413896 0.149519
2 0.888445 0.250572 0.0666779 0.0526757 0.149389
0 0.107639 0.833601 0.0533802 0.166323 0.148413
2 0.290516 0.793306 0.4632 0.237038 0.148131
9 0.0938283 0.239023 0.0125938 0.0275023 0.146881
0 0.107253 0.833518 0.0521407 0.167073 0.144499
0 0.0650087 0.669302 0.0249537 0.0969955 0.144352
36 0.10818 0.832195 0.0532868 0.165088 0.14432
2 0.991919 0.456088 0.0156239 0.0691647 0.136102
2 0.992248 0.451525 0.0147732 0.0629883 0.12901
2 0.0154257 0.319144 0.0299656 0.0451926 0.126707
0 0.215436 0.292913 0.0146622 0.028838 0.125822
0 0.0117928 0.721076 0.0235466 0.135186 0.125502
2 0.89074 0.252248 0.0733221 0.0525571 0.124606
0 0.0646258 0.701717 0.0304771 0.163571 0.123527
2 0.906559 0.250231 0.104376 0.0555702 0.118553
7 0.293022 0.793008 0.45841 0.239424 0.112716
2 0.288903 0.786778 0.467301 0.224304 0.111661
0 0.0318938 0.704608 0.063368 0.167956 0.111005
0 0.0649758 0.671521 0.0244369 0.0980415 0.109873
0 0.0404844 0.69504 0.0711422 0.15273 0.107324
0 0.23151 0.638336 0.0298399 0.0902237 0.10689
7 0.284917 0.793374 0.473125 0.236141 0.106606
2 0.890781 0.249661 0.0695824 0.0512173 0.106597
0 0.749306 0.288604 0.019795 0.0467276 0.106353
0 0.231252 0.642483 0.0322256 0.114461 0.10599
2 0.0723406 0.318732 0.0720865 0.0496992 0.105267
2 0.99194 0.455566 0.0155478 0.0690313 0.10417
0 0.0637188 0.670493 0.0285754 0.097821 0.101994
0 0.731132 0.289414 0.0163525 0.0484823 0.101207
0 0.0629435 0.670226 0.0292646 0.0981403 0.101158
0 0.0487461 0.676066 0.0624274 0.113146 0.0986032
0 0.0363378 0.70587 0.0721262 0.168664 0.0979907
2 0.294068 0.786662 0.457448 0.226961 0.0971022
2 0.890474 0.252716 0.072702 0.0528422 0.0969587
2 0.191963 0.322294 0.0980254 0.0565512 0.0963365
2 0.11905 0.31556 0.0260871 0.0451598 0.0935246
2 0.903555 0.251659 0.0995356 0.0540799 0.0935227
2 0.28839 0.794393 0.466708 0.238004 0.0907152
2 0.891329 0.252332 0.0779125 0.0532152 0.0891852
2 0.18843 0.293818 0.0580335 0.03203 0.0874515
0 0.215681 0.292687 0.0140362 0.0291908 0.0870485
2 0.842373 0.24369 0.0210629 0.0245117 0.0854096
0 0.0143537 0.725891 0.0287073 0.132906 0.0852747
2 0.290166 0.794108 0.462829 0.239524 0.0850037
2 0.188196 0.294374 0.0561341 0.0318452 0.0835329
7 0.282627 0.783958 0.478185 0.218428 0.0830509
2 0.187846 0.293706 0.0515763 0.0298101 0.0822155
2 0.906256 0.250054 0.103314 0.0564878 0.0812538
2 0.89118 0.249992 0.0744608 0.0509858 0.0787838
0 0.0595171 0.700859 0.0411852 0.162218 0.0739709
36 0.108133 0.832743 0.0527495 0.164744 0.0736657
2 0.0717855 0.327062 0.0726353 0.0351012 0.071972
0 0.732739 0.290189 0.0159563 0.048262 0.071016
36 0.108117 0.832454 0.0534542 0.164178 0.0708439
0 0.232036 0.640239 0.0299295 0.0976121 0.0706989
2 0.905994 0.251623 0.103626 0.0547692 0.0692689
0 0.0678754 0.68915 0.0270253 0.141645 0.0690181
2 0.113758 0.314426 0.0333689 0.0431544 0.06864
2 0.18066 0.294529 0.0399127 0.0280652 0.0679582
0 0.0123089 0.71693 0.0245352 0.144652 0.0675637
0 0.0127866 0.733436 0.0255732 0.116924 0.0650148
0 0.245172 0.278177 0.0109321 0.0253182 0.0641778
2 0.291163 0.795464 0.459627 0.236935 0.063063
2 0.0172729 0.317478 0.0335247 0.042577 0.0625361
0 0.117641 0.314094 0.0255175 0.0456232 0.0609515
3 0.771865 0.294979 0.0286072 0.0346493 0.0600814
2 0.888319 0.232159 0.056418 0.0181919 0.060018
0 0.0131416 0.724114 0.0262832 0.129788 0.0599703
2 0.828366 0.241967 0.049671 0.0282185 0.0580013
2 0.888608 0.232687 0.0557714 0.0187722 0.0578147
1 0.774159 0.296912 0.0250758 0.0273243 0.0558878
0 0.0197979 0.706372 0.0394672 0.165697 0.0550901
0 0.216137 0.29283 0.0142564 0.0300075 0.0546252
2 0.992348 0.446763 0.014605 0.0551963 0.0543545
0 0.431265 0.59893 0.0155056 0.0622562 0.0532109
2 0.0539196 0.41989 0.0998716 0.0826789 0.0524842
2 0.0520717 0.418956 0.104143 0.0863018 0.0518505
2 0.0722121 0.318481 0.0724183 0.0500926 0.0513738
2 0.89384 0.230403 0.0442537 0.0156231 0.0503881
0 0.0125225 0.719915 0.0250205 0.136703 0.0502997
2 0.0342723 0.389349 0.06818 0.0434594 0.0498917
0 0.730222 0.281217 0.0156933 0.0352688 0.0489129
2 0.41826 0.484646 0.0305307 0.0178542 0.0485673
2 0.0172748 0.315076 0.033558 0.0384502 0.0472316
0 0.0678553 0.696855 0.0286596 0.171255 0.0466041
2 0.0519685 0.414304 0.103559 0.0938386 0.0465578
2 0.417128 0.48655 0.034081 0.0207258 0.0465429
0 0.24495 0.27683 0.0116849 0.0248958 0.0461631
2 0.827962 0.240954 0.0521204 0.0288306 0.0461537
2 0.634867 0.48188 0.158442 0.106124 0.04559
2 0.176618 0.297134 0.035631 0.0292728 0.0454701
0 0.0624142 0.668101 0.0284543 0.090796 0.0449895
0 0.210088 0.293474 0.0215829 0.0291567 0.044648
2 0.993041 0.457771 0.01301 0.071681 0.0444654
2 0.907114 0.250289 0.104601 0.0571238 0.0439478
0 0.0124958 0.733703 0.0249916 0.1074 0.0436271
3 0.775759 0.299881 0.0224632 0.020785 0.0436212
9 0.0862527 0.181332 0.0153352 0.0297765 0.0436105
0 0.0443072 0.706736 0.0886009 0.174417 0.0424719
0 0.431188 0.612359 0.0157904 0.0904977 0.0407679
0 0.738616 0.290306 0.0157715 0.0497513 0.0404362
2 0.780092 0.222012 0.0172635 0.0270051 0.0403889
2 0.0343233 0.388943 0.0675509 0.0423375 0.0397987
0 0.765769 0.292103 0.021107 0.0398503 0.0397171
2 0.0405389 0.391602 0.0810777 0.0480422 0.0395657
2 0.0520518 0.403355 0.104104 0.0656927 0.0395317
9 0.211897 0.143627 0.0132826 0.0271883 0.0394627
0 0.0651213 0.684524 0.027997 0.128107 0.0387344
0 0.120698 0.317164 0.0238554 0.0492695 0.0386902
2 0.943623 0.2272 0.0235577 0.0206987 0.0382457
2 0.418155 0.485258 0.03094 0.0203321 0.0369002
0 0.780658 0.222238 0.0148333 0.0283505 0.0366906
2 0.888993 0.255541 0.0704758 0.0481998 0.0357529
0 0.01084 0.734573 0.0216801 0.107313 0.0353362
2 0.823371 0.24243 0.0604055 0.0283893 0.0350828
0 0.622201 0.462756 0.032833 0.0323423 0.0344445
0 0.738349 0.291756 0.0139395 0.0478061 0.0338567
2 0.907164 0.248219 0.104594 0.0609123 0.0335346
2 0.828054 0.24081 0.0492783 0.0308275 0.0328998
0 0.0371157 0.705384 0.0742313 0.173564 0.0320634
2 0.904675 0.252163 0.0707422 0.0496923 0.0315886
0 0.208624 0.292629 0.0161091 0.0301487 0.0311647
2 0.888189 0.25519 0.067495 0.045987 0.0307152
0 0.628042 0.453248 0.055171 0.0517487 0.030647
2 0.0366893 0.393509 0.0733787 0.0518754 0.0303645
0 0.772051 0.294744 0.0295559 0.034111 0.0300202
2 0.416544 0.487257 0.0348318 0.0235559 0.0299565
0 0.171658 0.266992 0.010734 0.0191482 0.0296073
0 0.119105 0.322431 0.0253221 0.0572163 0.0292983
0 0.0388329 0.669793 0.065127 0.0985034 0.0290118
0 0.629369 0.465798 0.0237061 0.0244631 0.0287042
0 0.107578 0.832662 0.0526857 0.165141 0.0283662
0 0.120621 0.319092 0.023911 0.051617 0.0279645
0 0.963942 0.278271 0.0109997 0.0347782 0.0278807
0 0.107671 0.832613 0.0529664 0.16427 0.0271067
0 0.0405523 0.705522 0.0811047 0.17497 0.0261478
0 0.90796 0.258321 0.0202683 0.0337822 0.0260774
9 0.0309088 0.197908 0.0104102 0.0294367 0.0252365
0 0.255444 0.281477 0.0111077 0.0266623 0.0249044
0 0.914954 0.259526 0.0209744 0.034324 0.0244088
0 0.0482136 0.705877 0.0960809 0.176927 0.0243386
0 0.036107 0.670428 0.0553487 0.0969841 0.0240849
2 0.0150289 0.313656 0.0300578 0.0495805 0.0239551
2 0.941776 0.226672 0.0297707 0.0224094 0.0238344
0 0.431252 0.59683 0.0152977 0.0574049 0.0232158
2 0.114776 0.314932 0.0317325 0.0435781 0.0231818
0 0.0921195 0.778376 0.0188817 0.0531357 0.022808
2 0.189835 0.322708 0.0949855 0.0557382 0.0226269
9 0.718175 0.22776 0.0144516 0.0247671 0.0214681
0 0.769662 0.294985 0.028264 0.0395871 0.0213915
2 0.293654 0.795237 0.457489 0.236713 0.0209551
2 0.314027 0.301464 0.0862585 0.0612083 0.020778
2 0.470811 0.305691 0.0838067 0.0520185 0.020443
2 0.839444 0.241202 0.0257467 0.0306763 0.0203408
0 0.229795 0.626613 0.0306317 0.0946712 0.0199904
9 0.0879624 0.182319 0.0153397 0.026438 0.0199456
9 0.214483 0.146448 0.0128789 0.0271922 0.0199279
2 0.822597 0.239831 0.0601006 0.0331666 0.0198788
2 0.513405 0.272484 0.0373236 0.024854 0.0196739
9 0.122375 0.218816 0.0149086 0.028779 0.0193874
2 0.906741 0.25597 0.0348494 0.0403661 0.0191717
9 0.718129 0.226518 0.0152422 0.0266051 0.019087
2 0.02368 0.520415 0.0471958 0.227928 0.0189626
9 0.211974 0.148056 0.0140748 0.0286591 0.0188817
0 0.222505 0.59443 0.013473 0.0285189 0.0188462
0 0.0917962 0.778071 0.0189126 0.0541073 0.0185715
0 0.00548127 0.277367 0.0107868 0.0405188 0.0182924
0 0.644547 0.465766 0.0268007 0.0258644 0.0180517
2 0.473329 0.306074 0.087608 0.0528823 0.0179238
2 0.0203819 0.382033 0.0405409 0.0279359 0.0176853
