5 0.366474 0.551403 0.413621 0.411601 0.898517
5 0.365095 0.552061 0.414386 0.410204 0.896529
5 0.365657 0.552922 0.413064 0.405333 0.895018
5 0.365654 0.553139 0.413636 0.408041 0.891073
5 0.800108 0.787651 0.396253 0.415764 0.867658
5 0.365217 0.552992 0.414167 0.406628 0.863563
5 0.366091 0.553188 0.411661 0.405175 0.85839
5 0.366321 0.55208 0.413016 0.407523 0.856788
2 0.592092 0.465707 0.129801 0.104619 0.850221
5 0.909567 0.464138 0.179571 0.227566 0.845768
5 0.908644 0.464141 0.180563 0.226808 0.838481
5 0.80044 0.787184 0.397616 0.418469 0.834739
2 0.591993 0.466045 0.129623 0.104085 0.831881
2 0.328713 0.694963 0.157561 0.18087 0.828316
5 0.799953 0.788364 0.398108 0.423273 0.827065
2 0.59156 0.466296 0.129733 0.104032 0.824925
5 0.908996 0.464195 0.180442 0.226413 0.824394
2 0.328774 0.695357 0.157897 0.179902 0.823385
2 0.59228 0.466253 0.129652 0.105693 0.823223
5 0.36559 0.552531 0.413459 0.40888 0.820392
5 0.291143 0.332109 0.181185 0.14401 0.820081
2 0.59181 0.465879 0.129628 0.104068 0.819297
2 0.592064 0.4662 0.130258 0.10476 0.816825
2 0.328364 0.694782 0.15744 0.180787 0.814675
5 0.909448 0.464358 0.180383 0.226278 0.810104
2 0.591719 0.466272 0.129762 0.104151 0.808913
5 0.908971 0.463924 0.180708 0.227084 0.806277
2 0.591573 0.467135 0.128784 0.104313 0.805085
5 0.908855 0.464084 0.18023 0.227571 0.801176
5 0.801412 0.78499 0.395402 0.429271 0.798936
5 0.801183 0.786658 0.396391 0.426551 0.798575
5 0.366249 0.552427 0.414877 0.414509 0.794872
2 0.591785 0.466395 0.128973 0.104195 0.794502
5 0.800158 0.78913 0.396581 0.420571 0.793354
5 0.909468 0.464095 0.180731 0.226282 0.789779
5 0.291406 0.332072 0.182281 0.143119 0.787618
5 0.909549 0.463811 0.18058 0.227881 0.782649
2 0.328937 0.695452 0.15695 0.179518 0.781132
2 0.772115 0.528809 0.158339 0.129445 0.779929
5 0.909304 0.464769 0.180753 0.227029 0.778066
5 0.290694 0.33209 0.180776 0.143707 0.775318
5 0.909411 0.4647 0.17964 0.227291 0.77176
2 0.669054 0.438758 0.126604 0.0952092 0.759033
2 0.3289 0.694466 0.157461 0.180751 0.753918
2 0.167203 0.551909 0.0973773 0.120486 0.746157
2 0.950656 0.601969 0.0976379 0.114125 0.743411
2 0.772503 0.528695 0.15784 0.129733 0.740327
2 0.771932 0.528728 0.157834 0.130026 0.739781
5 0.291236 0.331884 0.179968 0.144492 0.735217
5 0.291658 0.331849 0.182657 0.144323 0.73235
2 0.328069 0.694492 0.15837 0.179935 0.725865
2 0.669798 0.437949 0.126257 0.0970525 0.722167
2 0.669034 0.438408 0.126707 0.0949719 0.718369
2 0.669416 0.438694 0.125914 0.0947687 0.715876
2 0.329444 0.694781 0.157867 0.181962 0.71526
2 0.328315 0.694934 0.157425 0.180222 0.711781
2 0.507921 0.384856 0.0894564 0.0767929 0.711753
5 0.291984 0.331847 0.183188 0.144863 0.710479
2 0.166669 0.55184 0.0976326 0.121666 0.71007
5 0.291625 0.331735 0.180478 0.143309 0.707623
2 0.772228 0.528789 0.157827 0.130403 0.704869
2 0.166989 0.55189 0.0983515 0.121419 0.704041
2 0.508115 0.384443 0.0893656 0.0774369 0.702734
2 0.167003 0.551717 0.0975548 0.121338 0.698393
2 0.669714 0.438645 0.127237 0.0955935 0.697097
2 0.669132 0.438376 0.126083 0.0954693 0.694567
2 0.508812 0.385609 0.0901252 0.078087 0.692976
5 0.373844 0.319473 0.18457 0.136366 0.692373
2 0.167069 0.551861 0.0984441 0.121358 0.691709
2 0.950622 0.601493 0.0978411 0.11565 0.691115
2 0.668867 0.438908 0.1271 0.0955724 0.690439
5 0.374731 0.320113 0.18132 0.134754 0.688857
2 0.95054 0.601588 0.0979754 0.114563 0.686121
2 0.166866 0.551592 0.0980179 0.121772 0.68571
5 0.365385 0.551671 0.412354 0.405094 0.684523
2 0.772153 0.528603 0.157226 0.130011 0.68393
2 0.772305 0.529201 0.158189 0.129795 0.679458
5 0.800233 0.785335 0.398233 0.429039 0.677744
2 0.167231 0.551918 0.0978676 0.121611 0.677009
2 0.950404 0.602109 0.09865 0.114203 0.673816
5 0.800514 0.787096 0.397789 0.423854 0.672307
5 0.0715897 0.36495 0.142086 0.145853 0.667486
2 0.77233 0.529243 0.157411 0.128993 0.664847
5 0.292189 0.332315 0.17805 0.141406 0.664272
5 0.800364 0.785988 0.398678 0.426049 0.661983
2 0.772268 0.52841 0.157881 0.130237 0.661581
2 0.327699 0.695377 0.158666 0.179843 0.660745
5 0.0717532 0.365371 0.143076 0.146131 0.66072
2 0.950517 0.601805 0.0981056 0.114043 0.658104
2 0.508413 0.385301 0.0889296 0.0777026 0.655812
2 0.0902082 0.484312 0.079796 0.094576 0.651181
2 0.669094 0.438812 0.126485 0.0950144 0.643545
2 0.0906934 0.484097 0.0800425 0.0953339 0.641712
2 0.446199 0.411752 0.0977176 0.0802942 0.640813
5 0.0708151 0.366519 0.140716 0.149854 0.639901
2 0.509101 0.385688 0.0891319 0.0782465 0.634074
5 0.0714604 0.365741 0.14204 0.148157 0.63269
2 0.950478 0.60208 0.0979702 0.113466 0.632037
2 0.508657 0.38524 0.0886883 0.078372 0.631635
2 0.772733 0.529155 0.15845 0.131812 0.630944
2 0.166896 0.552163 0.0985087 0.120432 0.630607
0 0.182813 0.782479 0.0411979 0.109506 0.627125
2 0.669541 0.438129 0.126001 0.095191 0.624532
2 0.772171 0.529614 0.15833 0.130179 0.623784
5 0.0715905 0.366438 0.142253 0.14792 0.622148
5 0.0721628 0.365508 0.143582 0.146575 0.61847
2 0.166962 0.551935 0.0977897 0.12106 0.612259
5 0.071043 0.366116 0.14112 0.14839 0.612034
2 0.950675 0.601957 0.0976538 0.115592 0.604821
2 0.950558 0.601672 0.0984917 0.114148 0.602628
2 0.446624 0.412047 0.0979269 0.0806759 0.594241
5 0.293784 0.331877 0.173518 0.142208 0.592974
5 0.293748 0.332393 0.178009 0.14223 0.592198
2 0.090783 0.483654 0.0805368 0.0954479 0.58968
2 0.950513 0.601897 0.0984875 0.115285 0.589262
0 0.182795 0.784217 0.0408055 0.112937 0.584797
5 0.374275 0.32014 0.182355 0.135682 0.581081
2 0.0901747 0.48421 0.0804622 0.0939751 0.578484
2 0.446209 0.412591 0.098053 0.0812955 0.576644
5 0.0720019 0.365172 0.144004 0.144423 0.574753
2 0.508481 0.385147 0.0890013 0.0785231 0.574016
2 0.446052 0.412587 0.0977198 0.0802241 0.572871
2 0.0899554 0.484692 0.0809515 0.0948714 0.569771
2 0.446456 0.411833 0.097042 0.0810289 0.558174
0 0.182681 0.782873 0.0402574 0.111368 0.545198
2 0.446074 0.41195 0.0967013 0.0808608 0.544707
0 0.182935 0.783982 0.0421596 0.111596 0.544269
0 0.183206 0.784614 0.0431009 0.114447 0.540916
5 0.799627 0.785137 0.40017 0.423714 0.539345
0 0.182476 0.78236 0.0406945 0.108483 0.520066
5 0.375709 0.32019 0.18011 0.137297 0.516193
2 0.0903659 0.484536 0.0799367 0.0953897 0.515242
2 0.549154 0.221154 0.0491355 0.0334292 0.51321
2 0.950591 0.601956 0.097937 0.114225 0.507937
2 0.167492 0.551974 0.0981858 0.12155 0.506372
5 0.374299 0.320091 0.182322 0.137369 0.501611
2 0.549093 0.221501 0.0489849 0.0326376 0.501246
2 0.509584 0.385341 0.0876547 0.0771278 0.481678
5 0.376659 0.320488 0.179056 0.137276 0.465346
2 0.508952 0.385075 0.0882551 0.0785058 0.463506
5 0.374045 0.319293 0.183342 0.134212 0.46096
2 0.66843 0.438425 0.12754 0.0927918 0.458693
2 0.548953 0.221025 0.0501692 0.0335238 0.457122
2 0.446517 0.412586 0.09884 0.0803749 0.455153
2 0.509527 0.385681 0.0877958 0.0776551 0.452287
5 0.080999 0.385092 0.160801 0.186374 0.432625
2 0.090189 0.484445 0.0802143 0.0953753 0.430853
0 0.182517 0.784059 0.0401638 0.112475 0.425091
2 0.549642 0.222146 0.0489117 0.0336081 0.42414
0 0.181974 0.783242 0.0397717 0.108652 0.418448
2 0.549922 0.221563 0.0478596 0.0323291 0.416111
2 0.550287 0.220943 0.0483169 0.0333571 0.410735
2 0.329897 0.695506 0.158261 0.179151 0.409193
5 0.083442 0.385384 0.163999 0.188367 0.398722
2 0.5094 0.385317 0.0887246 0.077966 0.39017
2 0.364428 0.186492 0.0357392 0.021393 0.387605
2 0.548952 0.221722 0.0494298 0.0318795 0.384605
2 0.364341 0.186627 0.0357475 0.0213216 0.339287
5 0.3751 0.319893 0.181282 0.133041 0.315188
2 0.327516 0.695344 0.157949 0.178777 0.313682
5 0.373343 0.321171 0.184075 0.133905 0.309097
2 0.512875 0.203865 0.0368782 0.0323004 0.299859
2 0.364099 0.185969 0.0354246 0.0206694 0.297468
5 0.0716586 0.36506 0.141508 0.145395 0.291281
5 0.0706979 0.365277 0.14033 0.146886 0.289652
2 0.363986 0.186199 0.0357774 0.0212737 0.283451
2 0.549738 0.222933 0.0498327 0.0343951 0.271635
0 0.770427 0.944065 0.173298 0.111137 0.263367
2 0.459205 0.422496 0.072061 0.0589488 0.263162
0 0.76775 0.944531 0.191297 0.109869 0.258817
0 0.767264 0.944421 0.192636 0.110569 0.257329
0 0.183932 0.791684 0.0421039 0.111181 0.255892
2 0.517801 0.204338 0.0460426 0.032245 0.252099
2 0.446443 0.412521 0.097588 0.0791924 0.24489
0 0.775722 0.944459 0.170363 0.1104 0.232183
2 0.364006 0.186531 0.0354804 0.0208443 0.22867
2 0.509705 0.385329 0.0878563 0.0777399 0.222032
2 0.549049 0.223001 0.0489643 0.0339197 0.218812
2 0.0905485 0.483811 0.0807995 0.094964 0.213907
0 0.184698 0.786179 0.0455387 0.117334 0.210465
0 0.773024 0.94454 0.177875 0.109773 0.210384
5 0.347501 0.32098 0.237627 0.140057 0.20462
2 0.0909454 0.484234 0.0807132 0.0955278 0.204217
5 0.0841551 0.387077 0.164078 0.184482 0.190831
2 0.43987 0.398483 0.0834303 0.0516282 0.190519
0 0.774461 0.944405 0.178386 0.110601 0.190042
2 0.451673 0.198577 0.0365583 0.0303727 0.189471
2 0.510706 0.204637 0.032201 0.0330356 0.186332
0 0.776505 0.944336 0.173123 0.110836 0.186191
2 0.520382 0.205406 0.0437695 0.0315316 0.184595
2 0.517065 0.204819 0.0460306 0.0318612 0.179123
2 0.462261 0.425774 0.0643139 0.055106 0.173917
1 0.187791 0.829912 0.0489072 0.107288 0.167832
5 0.35231 0.321734 0.228271 0.139738 0.167181
2 0.4378 0.399553 0.0793163 0.0534438 0.165546
2 0.452652 0.19832 0.0350878 0.0293242 0.163883
2 0.45408 0.198177 0.0337678 0.0288587 0.160189
2 0.0379138 0.441841 0.0616076 0.0813936 0.158001
2 0.365715 0.186481 0.0372268 0.0216044 0.156221
0 0.183131 0.777422 0.0406631 0.0993954 0.155498
5 0.0810846 0.384162 0.161792 0.183659 0.155124
2 0.132924 0.436331 0.069753 0.0914867 0.15411
0 0.775116 0.944408 0.181178 0.110128 0.151963
2 0.0345663 0.440735 0.0640583 0.0842366 0.146148
2 0.547446 0.223342 0.0476594 0.0275152 0.144063
2 0.0908573 0.484425 0.0808604 0.0958827 0.143912
2 0.0346186 0.440912 0.0635496 0.0845433 0.143234
5 0.374421 0.317733 0.181511 0.134955 0.142194
2 0.448984 0.200946 0.0300826 0.0264644 0.141607
5 0.311696 0.32679 0.22163 0.143738 0.132318
2 0.452306 0.198135 0.0367355 0.0295908 0.130859
0 0.763206 0.944292 0.202994 0.110666 0.129875
2 0.0358581 0.441337 0.059721 0.0828417 0.127991
2 0.508559 0.203237 0.032852 0.0310865 0.127527
5 0.0825538 0.387358 0.162726 0.187836 0.125596
2 0.52707 0.206132 0.0301569 0.0296052 0.121034
2 0.436481 0.397578 0.0766084 0.0494995 0.117914
2 0.0117934 0.79187 0.0234514 0.0495289 0.115702
0 0.775269 0.944625 0.178729 0.110226 0.115184
2 0.0352111 0.439725 0.0665954 0.0841114 0.11333
2 0.545354 0.221288 0.0432827 0.0284419 0.11153
2 0.436468 0.398639 0.0779819 0.0520255 0.110792
5 0.133787 0.435094 0.0682272 0.0941343 0.108377
2 0.549212 0.220429 0.0500673 0.0353411 0.106213
2 0.0364762 0.4412 0.061603 0.0818991 0.106068
1 0.189172 0.83632 0.0461952 0.0920601 0.105314
2 0.276064 0.179316 0.0462692 0.0382521 0.104895
2 0.446467 0.414636 0.0958663 0.081616 0.102828
2 0.501001 0.206575 0.0183348 0.02725 0.100091
5 0.133981 0.434749 0.0682408 0.0943091 0.0959228
5 0.0334089 0.439793 0.0641019 0.0839803 0.0956633
2 0.467143 0.424583 0.0556923 0.0503304 0.0946308
2 0.447573 0.200282 0.029154 0.0307819 0.094441
2 0.467152 0.424976 0.0552755 0.0505289 0.0939494
5 0.133132 0.434818 0.0691524 0.0941305 0.0934554
1 0.189228 0.831822 0.0485053 0.102635 0.0929842
2 0.668944 0.439468 0.127123 0.0949388 0.0915406
0 0.18202 0.784143 0.0432952 0.113668 0.091245
2 0.451995 0.19749 0.0371674 0.0309753 0.0905754
2 0.468023 0.425675 0.053872 0.0533303 0.090005
2 0.0124339 0.794001 0.0248678 0.054773 0.0878334
2 0.450946 0.198683 0.0363974 0.0319763 0.0846009
2 0.0120211 0.795058 0.0238748 0.0556698 0.0844874
0 0.0823247 0.168215 0.0127531 0.0329141 0.084358
5 0.414599 0.32613 0.0989696 0.120999 0.0832683
1 0.188733 0.835841 0.0469838 0.0936348 0.0831985
2 0.365068 0.186298 0.0381336 0.0214231 0.0823399
5 0.783269 0.747813 0.430051 0.494949 0.0797315
2 0.454108 0.197815 0.0347875 0.027739 0.0796776
2 0.739886 0.632074 0.0665775 0.0445158 0.0773547
0 0.181948 0.779677 0.0389195 0.0995346 0.0767084
0 0.774755 0.944685 0.178546 0.109539 0.0745522
2 0.279202 0.180341 0.0386212 0.0372473 0.0744429
0 0.0829226 0.168706 0.010253 0.033612 0.0740662
2 0.0123628 0.792938 0.0247255 0.0521765 0.0716499
5 0.0357024 0.44038 0.0644027 0.0859874 0.0701346
2 0.135996 0.435652 0.0669554 0.0941296 0.0699232
0 0.763533 0.944722 0.198782 0.109837 0.0698105
2 0.0357601 0.440227 0.0590775 0.0843941 0.0683525
0 0.611354 0.249452 0.0210289 0.0306715 0.0649166
0 0.18338 0.766039 0.0388366 0.0731926 0.0640732
2 0.269252 0.179426 0.0608806 0.0410619 0.0638964
2 0.436546 0.395422 0.0732404 0.04458 0.0638952
2 0.452697 0.196046 0.0351717 0.0334371 0.063815
2 0.73929 0.632231 0.0663473 0.044606 0.0632327
2 0.126473 0.434106 0.0835943 0.0963513 0.0629124
2 0.73929 0.632111 0.066046 0.045742 0.062026
2 0.446899 0.433362 0.0917568 0.0493829 0.0608455
2 0.436997 0.399074 0.0798203 0.0521838 0.0598546
0 0.182454 0.785234 0.0442616 0.116567 0.058618
2 0.520067 0.205167 0.0450403 0.0304453 0.0581598
5 0.911432 0.431529 0.177136 0.161243 0.0557331
2 0.13461 0.434573 0.0700564 0.095386 0.0553668
2 0.516552 0.202532 0.0443894 0.0355192 0.0542218
0 0.611391 0.248883 0.0224995 0.0317278 0.0536142
2 0.740118 0.632661 0.0648453 0.0449223 0.0530473
2 0.451261 0.199644 0.0365229 0.0313596 0.0519952
2 0.462966 0.418068 0.0640602 0.06432 0.0515813
9 0.945411 0.141419 0.014587 0.0351737 0.0504491
5 0.130541 0.43071 0.0751049 0.102221 0.0493602
0 0.0147978 0.819843 0.0295955 0.111581 0.0489942
2 0.439663 0.436467 0.0754396 0.0438002 0.0485679
2 0.739609 0.63164 0.0656419 0.0452024 0.047975
5 0.334588 0.324074 0.263432 0.143459 0.047381
0 0.767819 0.917448 0.0614959 0.0579651 0.0470364
9 0.946117 0.142227 0.0149191 0.0338931 0.0465179
0 0.766534 0.91733 0.0563518 0.0577244 0.0462884
5 0.910743 0.429593 0.177128 0.156827 0.0459977
2 0.440332 0.436526 0.0752457 0.0476953 0.0457435
0 0.183612 0.79234 0.0405604 0.0687424 0.0453208
5 0.910574 0.429667 0.176529 0.158158 0.0448073
0 0.0136524 0.415656 0.0224938 0.0466902 0.0444382
5 0.251159 0.476378 0.18305 0.25311 0.0439466
1 0.189994 0.838599 0.0447698 0.087783 0.0433217
2 0.279316 0.181171 0.0381952 0.0360363 0.04304
2 0.0125631 0.796009 0.0248969 0.0543692 0.0429968
5 0.911061 0.431815 0.177016 0.163317 0.0426067
2 0.523957 0.206944 0.0323536 0.0317268 0.0426036
0 0.848665 0.283431 0.0274639 0.0423323 0.0422799
2 0.0388639 0.441026 0.0468136 0.0775534 0.0419258
