5 0.89879 0.427677 0.201479 0.242591 0.898606
5 0.89887 0.429677 0.201766 0.243574 0.891796
5 0.895798 0.4292 0.207551 0.24578 0.858917
2 0.588159 0.431599 0.1239 0.101847 0.856691
5 0.898448 0.428761 0.202008 0.242711 0.847722
5 0.898949 0.428861 0.200853 0.242878 0.846059
2 0.588385 0.431732 0.124872 0.10118 0.840994
2 0.364669 0.353512 0.0809885 0.0726245 0.840483
5 0.897117 0.429115 0.205357 0.243065 0.840028
5 0.898659 0.4288 0.202193 0.243683 0.827574
2 0.591051 0.200372 0.0554886 0.0375176 0.82443
5 0.898604 0.428406 0.201397 0.244514 0.821895
2 0.666681 0.408103 0.123111 0.0974392 0.817706
5 0.897954 0.428019 0.203142 0.243903 0.80457
2 0.587674 0.431798 0.123648 0.100961 0.803673
2 0.666556 0.40694 0.122651 0.096989 0.803571
2 0.587781 0.432 0.124403 0.100867 0.798783
2 0.666208 0.407221 0.12335 0.0964874 0.798602
2 0.666637 0.406974 0.122987 0.0973589 0.787305
2 0.666296 0.40709 0.123401 0.0975247 0.785394
2 0.365205 0.353567 0.0801339 0.0713246 0.780881
2 0.591087 0.200237 0.0560085 0.037058 0.780036
2 0.365185 0.353431 0.0799332 0.0718511 0.778168
2 0.588063 0.431593 0.124299 0.102017 0.777685
2 0.591194 0.200334 0.0545998 0.0378487 0.774733
2 0.666377 0.407531 0.122775 0.0967874 0.774232
2 0.587926 0.43183 0.124694 0.101658 0.770505
2 0.364854 0.353501 0.0803575 0.0708807 0.769462
2 0.587836 0.431789 0.124344 0.102384 0.764568
2 0.18394 0.326472 0.0562052 0.0543825 0.761337
2 0.58796 0.431812 0.123941 0.101724 0.755324
2 0.183727 0.326301 0.056608 0.0542206 0.752075
2 0.328547 0.30695 0.0673101 0.0530519 0.751828
2 0.364113 0.353587 0.0802641 0.069358 0.751404
2 0.666857 0.40728 0.123235 0.0963447 0.749556
2 0.365598 0.353461 0.0811202 0.070879 0.749057
2 0.591279 0.200482 0.0559357 0.03766 0.748583
2 0.587939 0.431818 0.124437 0.101029 0.746808
2 0.666252 0.407343 0.123466 0.0971717 0.74213
2 0.329363 0.307885 0.0704601 0.0545674 0.736227
2 0.364215 0.354818 0.080065 0.0694534 0.72688
2 0.18401 0.32643 0.0557266 0.0548106 0.720727
2 0.591397 0.2 0.0555489 0.0378051 0.71958
5 0.894741 0.426717 0.209937 0.242869 0.717429
2 0.329495 0.307707 0.0703999 0.0549123 0.703578
2 0.667182 0.406478 0.122663 0.0981278 0.697914
2 0.591324 0.200438 0.0559641 0.0375711 0.688429
2 0.184183 0.326052 0.0566684 0.0547653 0.687691
2 0.183667 0.326207 0.0565417 0.0554694 0.672573
2 0.591207 0.20034 0.0553919 0.0379083 0.668896
2 0.666444 0.40765 0.123015 0.0962006 0.66467
2 0.184092 0.326455 0.0565042 0.0554199 0.658556
2 0.18392 0.32644 0.0557671 0.0547636 0.655627
2 0.364823 0.354353 0.0789972 0.0694891 0.643598
2 0.183685 0.326689 0.0560509 0.0547026 0.638988
2 0.328378 0.307826 0.0672108 0.0541185 0.623714
2 0.591168 0.20044 0.0556671 0.0376256 0.620173
2 0.329283 0.307342 0.0697372 0.053529 0.618536
2 0.328811 0.307515 0.0674898 0.0538271 0.608167
2 0.329221 0.307483 0.0682438 0.0549046 0.606966
2 0.588062 0.603716 0.1658 0.145394 0.606385
2 0.183859 0.326647 0.0562905 0.0548153 0.595843
2 0.184184 0.326124 0.0558155 0.0549676 0.588755
5 0.887627 0.58019 0.223779 0.247215 0.588366
5 0.887735 0.578033 0.223043 0.248923 0.574789
2 0.328795 0.307199 0.0671575 0.0538836 0.562241
2 0.329808 0.308146 0.0678002 0.054059 0.5263
2 0.588605 0.603508 0.166529 0.146187 0.52348
2 0.588383 0.603133 0.165613 0.145251 0.518118
2 0.326045 0.306609 0.0632028 0.0530065 0.501104
0 0.333639 0.937164 0.0462248 0.125673 0.48985
2 0.591468 0.200292 0.0559958 0.0385381 0.483602
2 0.292836 0.239817 0.0465187 0.0405028 0.465638
0 0.333781 0.936951 0.0468558 0.124678 0.459564
2 0.293102 0.240115 0.0446261 0.0394234 0.456096
2 0.587949 0.603793 0.165151 0.145276 0.431178
5 0.88706 0.580054 0.224623 0.246985 0.423626
5 0.887383 0.580246 0.224212 0.247669 0.422824
2 0.292736 0.239852 0.0460404 0.0403808 0.408561
5 0.887063 0.579395 0.224795 0.246221 0.404253
2 0.588095 0.604826 0.164384 0.143537 0.396692
2 0.293047 0.239612 0.0468069 0.0402061 0.392291
2 0.29285 0.239395 0.0455627 0.0392133 0.386179
0 0.333746 0.936811 0.0476475 0.125079 0.38161
2 0.325703 0.306835 0.0612982 0.052158 0.374897
2 0.588255 0.60313 0.164547 0.146456 0.359607
5 0.887184 0.578963 0.224785 0.246001 0.356723
2 0.292945 0.239175 0.0465755 0.0400887 0.352153
0 0.333287 0.935241 0.0444287 0.122969 0.349601
2 0.588215 0.604632 0.165856 0.147219 0.34521
5 0.886866 0.58017 0.225434 0.248657 0.345021
2 0.0120516 0.407708 0.0234513 0.0345977 0.331051
0 0.333545 0.936464 0.0458404 0.125495 0.330465
2 0.588312 0.60498 0.166263 0.142625 0.324763
2 0.329348 0.308024 0.0695271 0.0531472 0.324381
2 0.551912 0.190889 0.0507934 0.0375914 0.31088
2 0.292963 0.240166 0.0463115 0.0406638 0.301913
2 0.0122654 0.407068 0.0214019 0.0354219 0.294642
5 0.0352307 0.283505 0.0387966 0.0600451 0.277601
5 0.886355 0.579288 0.226897 0.248018 0.277599
2 0.66658 0.407504 0.12248 0.0966173 0.277257
2 0.0360031 0.282757 0.0386843 0.0617285 0.269693
2 0.588026 0.607031 0.165749 0.139288 0.268803
2 0.0117906 0.407033 0.0220665 0.0342896 0.268495
2 0.552346 0.190911 0.046805 0.0361259 0.267885
0 0.333963 0.936849 0.0485176 0.124897 0.26579
0 0.332483 0.93511 0.0439763 0.121432 0.260574
5 0.886702 0.579887 0.226123 0.249567 0.25924
2 0.0124371 0.406965 0.0218858 0.0349215 0.259192
0 0.333479 0.927951 0.042659 0.107329 0.258733
2 0.0122728 0.406495 0.0218447 0.0354684 0.254245
0 0.33306 0.936895 0.0483029 0.125556 0.246759
2 0.588368 0.606326 0.16661 0.140763 0.244623
2 0.0726525 0.228851 0.0281995 0.0254477 0.244497
0 0.333179 0.937057 0.0479073 0.12529 0.231133
0 0.333871 0.936749 0.0484153 0.125889 0.221057
2 0.0727946 0.229365 0.0286747 0.0248597 0.218298
2 0.579241 0.601108 0.147523 0.145002 0.213254
2 0.0122643 0.406994 0.0212706 0.0347978 0.2107
2 0.588798 0.608802 0.164927 0.136628 0.207429
2 0.293321 0.240635 0.044352 0.0391232 0.199866
2 0.0349376 0.283151 0.0392723 0.059176 0.197137
2 0.0120863 0.406876 0.0215691 0.0344043 0.196859
2 0.551219 0.190618 0.045681 0.0357617 0.190457
0 0.332812 0.936792 0.049043 0.125174 0.188965
2 0.59118 0.200851 0.0558758 0.038944 0.186434
2 0.552072 0.190666 0.0462091 0.0367652 0.1846
2 0.0350961 0.283192 0.0390891 0.0599986 0.183991
2 0.292979 0.239904 0.0474369 0.041002 0.180309
5 0.0357885 0.28354 0.0391312 0.0602325 0.179359
2 0.0727045 0.226896 0.0316291 0.0283463 0.177553
2 0.0721835 0.228139 0.0300296 0.0272065 0.171503
2 0.512284 0.176752 0.0365867 0.0297602 0.170415
2 0.521271 0.177157 0.0401059 0.0314332 0.168603
2 0.551529 0.191198 0.0452509 0.0365986 0.167069
2 0.072323 0.227326 0.0293694 0.0281283 0.166993
2 0.183874 0.3262 0.0556022 0.0553682 0.16125
2 0.035359 0.283041 0.0388792 0.0598703 0.1553
2 0.0360541 0.283428 0.0391217 0.0650191 0.154746
2 0.0352123 0.283842 0.0386437 0.0600026 0.153407
2 0.183687 0.326477 0.0574281 0.054298 0.150226
0 0.332476 0.928021 0.0424646 0.10827 0.134687
2 0.516548 0.178168 0.0419909 0.0317559 0.130304
2 0.460589 0.174522 0.0262459 0.0249282 0.128748
2 0.523648 0.178114 0.0335037 0.0312607 0.128567
2 0.54912 0.186029 0.0437926 0.0342922 0.122172
2 0.035971 0.283811 0.0365959 0.0594087 0.118586
2 0.457966 0.173702 0.0306818 0.0269288 0.115377
2 0.504913 0.178416 0.0219288 0.0274885 0.111402
2 0.553784 0.190379 0.051263 0.038822 0.110548
5 0.887249 0.586173 0.223894 0.259217 0.109951
2 0.517972 0.176121 0.0452534 0.0343068 0.109452
2 0.364903 0.355279 0.0792251 0.0699415 0.106883
2 0.36402 0.353781 0.0815054 0.0681731 0.104765
2 0.555636 0.195659 0.0522947 0.03694 0.103626
2 0.986604 0.656876 0.0262951 0.0901563 0.103437
2 0.544488 0.188282 0.0336056 0.035269 0.102259
2 0.527335 0.178027 0.0341154 0.0290885 0.101938
2 0.29299 0.241442 0.0445675 0.0373678 0.099354
2 0.034078 0.282204 0.0424435 0.064547 0.0970639
2 0.0732281 0.22847 0.0340135 0.0257887 0.0957865
2 0.45568 0.174664 0.0360559 0.0266843 0.0905132
2 0.985594 0.656316 0.0283058 0.0931446 0.0894356
2 0.526545 0.177282 0.0373923 0.0306693 0.0869046
2 0.365594 0.162809 0.019508 0.0216633 0.0862452
2 0.45963 0.174697 0.0290474 0.0246618 0.0861411
0 0.333608 0.940037 0.0424126 0.11898 0.0816414
2 0.547995 0.191538 0.0393616 0.0354202 0.0769594
2 0.530817 0.177881 0.0398558 0.0296103 0.0741992
2 0.887054 0.55308 0.223138 0.1844 0.0734033
2 0.667068 0.411549 0.127178 0.0881836 0.0653932
2 0.364065 0.164192 0.0226138 0.0213104 0.0649874
0 0.805541 0.618498 0.0210339 0.0370248 0.0642842
5 0.887195 0.576076 0.224683 0.240345 0.063939
2 0.0361807 0.283887 0.0357096 0.0595693 0.063408
0 0.918054 0.190419 0.0165112 0.029852 0.0624357
0 0.985213 0.65912 0.0288704 0.0832722 0.0623875
0 0.921818 0.192844 0.0194813 0.0317405 0.0621362
2 0.363748 0.35405 0.080819 0.0693601 0.0606839
2 0.984866 0.65116 0.029776 0.101824 0.058086
0 0.0263326 0.810405 0.0408679 0.109687 0.0575051
2 0.445214 0.177914 0.0182552 0.0237773 0.0572032
2 0.173397 0.185394 0.0226257 0.0185947 0.0567709
0 0.330042 0.986551 0.0260156 0.025967 0.054713
2 0.454795 0.172787 0.0365758 0.0299368 0.0540678
2 0.502698 0.177972 0.0204115 0.0260219 0.0539822
0 0.333927 0.92149 0.0425987 0.090966 0.0522736
0 0.984838 0.66007 0.0296444 0.083366 0.0511929
0 0.331238 0.937221 0.0435286 0.125272 0.05006
2 0.0358801 0.281112 0.0368842 0.0574846 0.0494973
0 0.885057 0.48589 0.0463112 0.04532 0.049383
0 0.805662 0.618447 0.0213751 0.0365903 0.0492801
0 0.0264448 0.811292 0.0406958 0.102981 0.047805
2 0.365084 0.354417 0.0801415 0.0726572 0.0473065
2 0.293451 0.240386 0.0455822 0.0385148 0.0469036
5 0.0115192 0.186274 0.02293 0.121771 0.0457028
2 0.843808 0.488081 0.133766 0.0683552 0.0453238
2 0.0347576 0.282779 0.0407128 0.0614525 0.0449168
2 0.504416 0.176563 0.0240206 0.0269185 0.0445571
2 0.587749 0.432027 0.123426 0.101563 0.0441306
0 0.736417 0.193173 0.0156796 0.0465162 0.0441139
2 0.451651 0.174091 0.0324198 0.0300225 0.0436187
9 0.117083 0.135958 0.0139112 0.0258038 0.0435981
2 0.172873 0.184858 0.0204885 0.0192898 0.0433439
2 0.591254 0.199902 0.0553251 0.0372795 0.0423974
2 0.566865 0.574067 0.121497 0.0927039 0.042197
2 0.0120299 0.404979 0.023633 0.0398849 0.0412561
0 0.736553 0.194873 0.0156897 0.044746 0.0409
5 0.0131137 0.187939 0.0260827 0.126217 0.0405018
2 0.0710181 0.226599 0.0318633 0.02981 0.0400594
2 0.365053 0.163851 0.0242879 0.0205213 0.0399675
0 0.882855 0.485107 0.0561958 0.0456739 0.0397974
0 0.73525 0.191728 0.0159589 0.0492334 0.0380588
2 0.843792 0.4894 0.133879 0.0679462 0.0378054
2 0.984434 0.660111 0.0304882 0.0842276 0.0378019
2 0.987278 0.660619 0.024745 0.083458 0.037794
2 0.52267 0.179873 0.040494 0.0331109 0.0377848
0 0.793235 0.185525 0.0152861 0.0360913 0.0375505
0 0.984343 0.659944 0.0304888 0.0842751 0.0371464
5 0.020675 0.232938 0.0413499 0.234409 0.0369835
2 0.566974 0.564704 0.12087 0.0746045 0.0359652
2 0.454877 0.175887 0.0349721 0.0295097 0.035768
0 0.734736 0.193461 0.0174013 0.0449013 0.0352415
2 0.885504 0.548773 0.22088 0.175957 0.0352403
2 0.36646 0.164202 0.0305427 0.0219982 0.0351581
0 0.0260497 0.810516 0.0397506 0.109148 0.0350638
2 0.0723053 0.225873 0.0310791 0.0315179 0.0350391
2 0.886468 0.553855 0.223683 0.186856 0.0348553
2 0.371926 0.162987 0.0295554 0.0214908 0.033786
9 0.705293 0.095081 0.0189943 0.0300271 0.0336392
0 0.334663 0.917314 0.0408216 0.0818951 0.0333872
0 0.332875 0.977525 0.0206528 0.0447729 0.0333125
2 0.844388 0.488258 0.134518 0.066287 0.033278
0 0.0272802 0.811374 0.0408336 0.102795 0.0332425
2 0.5667 0.577204 0.121262 0.100257 0.0325157
0 0.33422 0.937122 0.0452516 0.113776 0.0323972
5 0.0158932 0.243597 0.0317307 0.252018 0.0322985
0 0.734182 0.192387 0.0166718 0.0469278 0.0318588
2 0.887225 0.55282 0.222361 0.177878 0.031072
7 0.0288233 0.278825 0.05435 0.0752214 0.0305622
2 0.842858 0.490031 0.132145 0.0683891 0.0301481
0 0.333104 0.920313 0.0395082 0.0913748 0.0300596
10 0.027342 0.811457 0.0385695 0.104028 0.0300291
0 0.331892 0.97884 0.0243396 0.0415976 0.0297129
2 0.359257 0.16591 0.0166695 0.0172572 0.029596
0 0.7394 0.186158 0.0135036 0.0369807 0.029439
0 0.328548 0.987909 0.0256021 0.0233463 0.029156
9 0.173777 0.185347 0.0223035 0.0196119 0.0285176
9 0.705453 0.0938858 0.0188913 0.0274443 0.0281213
0 0.781598 0.187975 0.0118639 0.0376257 0.0276227
5 0.0137008 0.186173 0.0272104 0.136528 0.027463
5 0.0150233 0.239575 0.0299839 0.23327 0.0273463
9 0.117261 0.140059 0.0131446 0.0318024 0.0271172
0 0.698073 0.187372 0.0147929 0.0239267 0.026528
0 0.697902 0.185779 0.0154223 0.0260697 0.0263061
0 0.793856 0.190038 0.0155142 0.0439815 0.0246397
2 0.566327 0.580072 0.121116 0.102729 0.0245157
9 0.937953 0.105532 0.0188591 0.0381046 0.0243983
2 0.0347283 0.280679 0.0408233 0.0594804 0.0243281
0 0.72154 0.188025 0.0157464 0.0398705 0.023213
2 0.174058 0.186018 0.0230968 0.0182951 0.0230769
0 0.805301 0.629833 0.0227573 0.0577433 0.0226982
0 0.701024 0.185417 0.0153765 0.0252831 0.0226836
0 0.024341 0.80937 0.0352627 0.0987717 0.022382
2 0.106193 0.180759 0.0187129 0.0145854 0.0220164
2 0.530463 0.17587 0.0452116 0.0355663 0.0219289
0 0.340334 0.973863 0.0358319 0.051605 0.0214911
9 0.0294197 0.821268 0.0336637 0.0869098 0.0213757
0 0.864698 0.483851 0.0891064 0.0491686 0.0213438
0 0.890463 0.486897 0.0429539 0.0463862 0.0211184
0 0.963076 0.594635 0.0714516 0.0842537 0.0208926
2 0.45623 0.170866 0.0366868 0.03373 0.0208743
2 0.327297 0.306935 0.0643188 0.0531822 0.0204982
2 0.369489 0.163447 0.0361351 0.022172 0.0203878
5 0.020727 0.229534 0.041454 0.225085 0.0201781
2 0.50863 0.181482 0.028463 0.0310621 0.0200754
9 0.706192 0.0919739 0.0209982 0.0273023 0.0199881
2 0.0711805 0.227637 0.0321589 0.0283544 0.0198272
0 0.327796 0.9748 0.0275243 0.0504009 0.0195009
2 0.84516 0.485567 0.136225 0.0723905 0.0191185
0 0.923276 0.200352 0.0218668 0.0471233 0.0190022
0 0.925105 0.197208 0.0205795 0.0352117 0.0189039
2 0.845285 0.485846 0.133411 0.0767599 0.0188236
0 0.780858 0.191379 0.0117399 0.0333968 0.0188122
0 0.343377 0.974452 0.0279893 0.0510952 0.0187526
2 0.0484628 0.165441 0.0314058 0.0252182 0.01847
0 0.0260966 0.809808 0.0408953 0.111556 0.0184267
0 0.964335 0.587817 0.0683659 0.0695013 0.0183767
9 0.782428 0.125456 0.0178152 0.0278008 0.0182092
2 0.444075 0.176191 0.0194393 0.0298764 0.0181158
9 0.0282892 0.814793 0.0372175 0.0982036 0.0180682
2 0.844366 0.48203 0.127953 0.0506115 0.0180288
0 0.794791 0.191857 0.0154305 0.0443141 0.0179106
0 0.328719 0.978553 0.0268641 0.042021 0.0177444
0 0.846429 0.411727 0.0194981 0.039123 0.0176721
0 0.984703 0.659355 0.0299803 0.0806838 0.0175102
2 0.984495 0.215444 0.0303196 0.0452471 0.017503
2 0.441343 0.171002 0.0142395 0.0307981 0.017379
0 0.985207 0.660128 0.0286045 0.0848921 0.0172087
5 0.008565 0.182865 0.01713 0.113371 0.0171094
