5 0.180168 0.174659 0.176355 0.264839 0.802601
5 0.179009 0.176912 0.177123 0.262103 0.80115
5 0.179066 0.178296 0.175608 0.257632 0.78911
5 0.178128 0.179562 0.175758 0.259672 0.788403
5 0.179232 0.176421 0.175035 0.26244 0.755065
5 0.181259 0.174554 0.17703 0.265171 0.75135
5 0.179038 0.177816 0.17513 0.260556 0.712627
5 0.179225 0.173046 0.175392 0.269464 0.696714
5 0.180621 0.175988 0.176006 0.263605 0.696667
2 0.907956 0.426393 0.156108 0.183074 0.673879
2 0.907276 0.425959 0.154803 0.18332 0.657685
2 0.907658 0.426095 0.155952 0.183339 0.643075
2 0.523036 0.632903 0.119207 0.263156 0.632175
2 0.522832 0.632489 0.1189 0.262064 0.625962
5 0.180234 0.177218 0.175622 0.262349 0.622029
2 0.907672 0.426326 0.156052 0.183567 0.599697
7 0.730099 0.218632 0.18805 0.321759 0.590508
2 0.907602 0.425847 0.154919 0.18299 0.578013
2 0.90798 0.42622 0.156172 0.182516 0.562053
2 0.908019 0.42628 0.15504 0.182819 0.560432
2 0.777987 0.0569618 0.0712076 0.0561627 0.537916
0 0.961133 0.158315 0.0261604 0.0837467 0.537636
0 0.960803 0.157836 0.0256855 0.0836408 0.510219
2 0.522866 0.632345 0.119944 0.261272 0.496621
2 0.908098 0.426482 0.156559 0.182618 0.490153
2 0.523076 0.633286 0.118559 0.263857 0.486438
7 0.730322 0.218084 0.189327 0.322613 0.464784
2 0.778398 0.0573109 0.0715242 0.0580036 0.460138
7 0.731683 0.218516 0.19072 0.323574 0.460112
2 0.522871 0.632667 0.119367 0.263042 0.451833
7 0.731563 0.218389 0.190847 0.32373 0.439203
0 0.961332 0.157196 0.0262348 0.082321 0.438386
2 0.598525 0.0567373 0.0377232 0.0571101 0.428968
2 0.908042 0.425154 0.155004 0.181632 0.425785
2 0.487906 0.365511 0.0793453 0.163242 0.419329
2 0.598987 0.0676849 0.0363881 0.0367013 0.401701
7 0.730773 0.218303 0.188487 0.322853 0.393347
2 0.598789 0.0641867 0.0369879 0.0430838 0.392028
2 0.77844 0.0568271 0.0714979 0.0576624 0.39055
0 0.990037 0.118908 0.0192871 0.0741601 0.379164
2 0.778365 0.0568914 0.0723098 0.0579935 0.374117
7 0.730195 0.218733 0.189949 0.321335 0.366179
2 0.598737 0.0566116 0.0374763 0.0570775 0.362311
7 0.731682 0.219046 0.189361 0.323526 0.353739
2 0.57479 0.18179 0.0573319 0.0856485 0.343188
2 0.598882 0.0562002 0.0375757 0.0578376 0.34284
2 0.574026 0.181778 0.0563798 0.0847064 0.342723
2 0.487958 0.36497 0.0794293 0.163576 0.34176
2 0.573791 0.182214 0.0557698 0.0854108 0.335397
2 0.598616 0.0569349 0.0374124 0.0560391 0.332713
2 0.778296 0.0567949 0.0704954 0.0579654 0.331555
2 0.573557 0.182275 0.0561819 0.0850597 0.3313
0 0.961263 0.157318 0.0249941 0.0829587 0.331173
5 0.488458 0.366245 0.0792061 0.16497 0.331058
2 0.778131 0.0569536 0.0711653 0.0581649 0.328391
0 0.961041 0.157435 0.0265064 0.0851146 0.323051
0 0.990065 0.120145 0.0192562 0.0754836 0.322059
5 0.488602 0.367404 0.079331 0.162767 0.317791
0 0.961351 0.156802 0.0245314 0.0826712 0.313412
2 0.599136 0.069368 0.0362186 0.0336853 0.302522
0 0.961852 0.157804 0.0255943 0.0849742 0.301742
7 0.730669 0.219619 0.189913 0.321868 0.299378
2 0.5716 0.0148742 0.0292114 0.0292702 0.298826
2 0.573393 0.182505 0.0559557 0.0865512 0.295017
5 0.48846 0.366434 0.0795448 0.164351 0.284187
2 0.778831 0.0572806 0.072006 0.0575232 0.283674
0 0.872426 0.0450234 0.0151186 0.042005 0.283402
0 0.960718 0.157929 0.0267849 0.087293 0.279658
5 0.48854 0.367255 0.0792868 0.163152 0.277666
2 0.571545 0.0151533 0.0294987 0.0291225 0.276033
2 0.522885 0.634064 0.120767 0.267785 0.273579
2 0.548159 0.0908382 0.0402095 0.0611494 0.273526
2 0.598853 0.0545892 0.037763 0.0601043 0.272865
2 0.488111 0.365804 0.0790022 0.164455 0.267592
2 0.77764 0.05625 0.0725963 0.0580673 0.267008
2 0.778118 0.0565203 0.0724781 0.0578901 0.265581
0 0.87268 0.0419217 0.0150761 0.0472586 0.259419
7 0.730589 0.218987 0.190473 0.322381 0.257557
2 0.573885 0.181831 0.0566553 0.0869675 0.25428
2 0.548182 0.0913762 0.0404799 0.06074 0.246659
5 0.241029 0.111841 0.0657093 0.14431 0.245171
2 0.0462174 0.267106 0.091731 0.118363 0.239753
0 0.87293 0.0398905 0.0158518 0.0502315 0.238359
2 0.48823 0.364712 0.0794954 0.165998 0.23578
0 0.989929 0.120188 0.0196102 0.0774107 0.233306
0 0.959412 0.160802 0.0230625 0.078496 0.23129
2 0.59877 0.0681252 0.036463 0.0356372 0.220784
0 0.990122 0.11736 0.0191072 0.0707544 0.210284
2 0.958677 0.288482 0.0815809 0.127681 0.205708
2 0.523002 0.634252 0.120035 0.267488 0.204177
2 0.0459888 0.266933 0.0914079 0.118443 0.203256
7 0.958458 0.289346 0.0826218 0.128771 0.202895
2 0.487741 0.365131 0.0798407 0.162593 0.201578
5 0.730725 0.219456 0.19014 0.323884 0.199633
0 0.961675 0.156388 0.0244347 0.0827545 0.196763
0 0.990362 0.118178 0.0186888 0.0736911 0.196391
5 0.488055 0.365909 0.0792065 0.164485 0.194738
5 0.240513 0.111632 0.0667213 0.142428 0.190378
2 0.548024 0.0910133 0.0409147 0.0608122 0.190112
2 0.958562 0.287935 0.0820889 0.13015 0.178453
5 0.731492 0.21933 0.1875 0.323587 0.177407
2 0.0457897 0.26733 0.0915178 0.118286 0.176201
2 0.573588 0.182888 0.0539373 0.0818088 0.176181
2 0.0455475 0.267932 0.09086 0.115727 0.175669
0 0.990039 0.116521 0.0193405 0.0687522 0.175349
2 0.528921 0.00566471 0.0204011 0.0113294 0.173733
5 0.241478 0.112243 0.0643599 0.144138 0.172506
5 0.958724 0.288475 0.0816164 0.128355 0.172221
2 0.974708 0.0464054 0.04988 0.0406533 0.167567
2 0.0464853 0.265351 0.0923566 0.123694 0.166687
0 0.920123 0.0454677 0.0158712 0.0402265 0.166439
2 0.777959 0.0563907 0.0700854 0.0569165 0.165181
0 0.833718 0.158178 0.0248165 0.103476 0.160958
2 0.506959 0.02024 0.0310925 0.0404801 0.159094
0 0.990175 0.113354 0.0190317 0.0639316 0.158948
5 0.240896 0.112475 0.0660099 0.14558 0.152931
39 0.784989 0.902097 0.224888 0.19521 0.152077
2 0.0461334 0.266795 0.0922228 0.118062 0.146606
2 0.0457187 0.26531 0.0913824 0.122284 0.146526
2 0.50717 0.0206508 0.0323975 0.0405732 0.146326
2 0.507212 0.0207649 0.0316397 0.0415298 0.140293
2 0.0264748 0.294795 0.0529496 0.0605103 0.139079
2 0.573287 0.181502 0.0536699 0.0804276 0.138706
7 0.958636 0.288676 0.0816891 0.129623 0.138215
2 0.0457981 0.26628 0.0915343 0.119723 0.138131
2 0.974106 0.0467411 0.0501516 0.0403036 0.137566
2 0.571213 0.0146357 0.0302277 0.0292713 0.137142
2 0.548301 0.0907579 0.0414145 0.0622013 0.136021
2 0.506939 0.0203711 0.0318333 0.0405372 0.135482
2 0.598304 0.0535563 0.0368318 0.0645053 0.13455
5 0.958709 0.28924 0.08162 0.126876 0.129941
0 0.467327 0.0724042 0.0383846 0.0663812 0.129311
2 0.98672 0.224444 0.0257442 0.029916 0.129169
2 0.522164 0.632179 0.120289 0.262138 0.127607
2 0.572352 0.18168 0.0526897 0.0797238 0.125218
0 0.467342 0.0726584 0.0375666 0.0681707 0.124965
5 0.958774 0.289741 0.0819473 0.127053 0.124283
2 0.341102 0.0680426 0.037694 0.0332042 0.123875
2 0.571249 0.0147743 0.0324162 0.0295486 0.123424
5 0.0460073 0.264718 0.0920146 0.124299 0.122925
5 0.958647 0.288968 0.0822523 0.128377 0.122846
39 0.784505 0.902242 0.223953 0.19439 0.122657
2 0.968275 0.0489808 0.0359962 0.0324623 0.122198
7 0.958725 0.288819 0.0815193 0.127429 0.121574
5 0.241332 0.113355 0.0656586 0.147162 0.121479
2 0.598338 0.0558553 0.0361576 0.0577222 0.121235
0 0.903075 0.0388237 0.0158407 0.0292973 0.121042
2 0.975308 0.0484621 0.0485962 0.0365237 0.12058
2 0.54858 0.0908713 0.0413967 0.0612955 0.119938
0 0.833196 0.158671 0.0252596 0.102532 0.11975
2 0.974035 0.0422702 0.0512999 0.0507747 0.118918
2 0.547542 0.077897 0.0360863 0.0350714 0.117582
39 0.491183 0.910993 0.183753 0.177715 0.11722
39 0.784657 0.901955 0.22502 0.195522 0.117008
39 0.486862 0.909846 0.194608 0.180202 0.116637
2 0.395792 0.0571543 0.0462073 0.0517018 0.116359
2 0.573291 0.182814 0.0523485 0.0797714 0.113411
2 0.54807 0.09029 0.0402246 0.0591876 0.113267
2 0.506699 0.0206863 0.031407 0.0409237 0.108768
2 0.974252 0.0411895 0.0505383 0.0503011 0.108271
0 0.920445 0.0474332 0.0149914 0.0366354 0.108047
2 0.975236 0.0453761 0.0488457 0.0444524 0.10791
0 0.964178 0.160196 0.0198818 0.0757225 0.107507
39 0.488013 0.910617 0.190158 0.17797 0.107242
2 0.571217 0.0147919 0.030395 0.0295628 0.10684
0 0.939896 0.0401999 0.0158897 0.056823 0.106379
0 0.921369 0.0394915 0.017576 0.0507618 0.106225
0 0.989544 0.117013 0.0195343 0.0700701 0.106009
2 0.547304 0.0770939 0.0353924 0.0330198 0.106001
2 0.507026 0.0198382 0.0317178 0.0396764 0.105206
2 0.547668 0.0915292 0.0400393 0.0614011 0.104586
0 0.466594 0.0713519 0.0389019 0.066628 0.104523
2 0.341481 0.0761382 0.0376467 0.0461658 0.1045
2 0.395437 0.0567275 0.0471529 0.0487894 0.104105
0 0.99144 0.118439 0.0163666 0.0757177 0.10371
39 0.488991 0.910604 0.187598 0.178116 0.103035
0 0.835239 0.158547 0.0223152 0.101229 0.101734
2 0.983963 0.229763 0.0314224 0.0334286 0.100255
0 0.467333 0.0717266 0.0380082 0.0667553 0.100239
39 0.489662 0.910534 0.186506 0.178068 0.0991832
2 0.547808 0.0909679 0.0408215 0.0610542 0.0982067
0 0.939617 0.0529522 0.015276 0.0312576 0.0978078
39 0.487118 0.910391 0.194843 0.178556 0.0974353
0 0.352262 0.180276 0.0164457 0.0489891 0.0973968
39 0.784452 0.902048 0.223404 0.195168 0.0972831
39 0.487217 0.909913 0.193029 0.179773 0.0959746
2 0.549087 0.0964321 0.0401278 0.0513341 0.0958118
2 0.0266924 0.294596 0.0530857 0.062336 0.0957792
2 0.907896 0.424634 0.154759 0.18057 0.0957181
0 0.941689 0.0344116 0.0150261 0.0459444 0.0953457
0 0.4678 0.0735676 0.0383389 0.0690579 0.0952009
2 0.974775 0.0410264 0.049791 0.0521725 0.0950436
2 0.342686 0.068438 0.0347723 0.0348087 0.0950131
0 0.833647 0.161442 0.0193777 0.0958849 0.0949174
0 0.989696 0.114794 0.0195347 0.0663223 0.0945371
39 0.493548 0.91093 0.179061 0.177794 0.0942547
0 0.44371 0.0709391 0.0206877 0.054387 0.093864
0 0.35144 0.184211 0.0162718 0.0470866 0.0935709
0 0.96123 0.154374 0.0240547 0.0789583 0.0928681
2 0.0457456 0.263666 0.0912806 0.125854 0.0926862
0 0.443505 0.067075 0.0203732 0.0538237 0.0925557
2 0.522643 0.633057 0.118895 0.265213 0.0910629
5 0.378481 0.415515 0.032636 0.0558613 0.0909404
5 0.39463 0.0430397 0.0503627 0.0833136 0.0906878
2 0.984792 0.227983 0.0296433 0.0360275 0.0904397
5 0.378302 0.414739 0.0334726 0.0568189 0.0897279
2 0.966801 0.0502244 0.0330786 0.0301891 0.0888969
0 0.837148 0.114594 0.0121349 0.0193283 0.0883097
2 0.974297 0.049626 0.0494661 0.0353963 0.0877932
0 0.468488 0.0786747 0.0348656 0.0744058 0.0876108
2 0.59836 0.0666607 0.0382721 0.0392139 0.0873556
2 0.974029 0.0457474 0.0497562 0.0410541 0.0865473
2 0.0265703 0.295003 0.0531406 0.0595913 0.0864878
2 0.986478 0.225152 0.0261177 0.0322567 0.0863969
2 0.508288 0.0194442 0.0331633 0.0388643 0.0860086
5 0.958911 0.289155 0.0809731 0.126491 0.0850084
0 0.835198 0.157616 0.0231243 0.102187 0.0849561
2 0.345267 0.0701606 0.0303479 0.0302408 0.0829166
2 0.54912 0.0991031 0.039405 0.0461805 0.082002
0 0.902771 0.0394652 0.0160034 0.0282454 0.081997
2 0.342918 0.0747511 0.0350959 0.0427534 0.0819873
2 0.342041 0.0766311 0.0358361 0.0439708 0.0816762
2 0.808642 0.159358 0.0730925 0.103989 0.0809709
5 0.488619 0.367724 0.0797627 0.162002 0.0807392
2 0.0266436 0.295204 0.052906 0.0610598 0.0799383
2 0.597932 0.0389984 0.0341621 0.0286925 0.0798904
5 0.240676 0.112537 0.0669002 0.145319 0.0793203
2 0.395758 0.0579674 0.0469807 0.0541638 0.0779235
2 0.598291 0.0554679 0.0393486 0.0601531 0.0769878
0 0.873627 0.0472637 0.0183901 0.0368723 0.0768591
0 0.350308 0.187401 0.0167154 0.0516687 0.0768576
2 0.641428 0.123939 0.0206544 0.045797 0.0767801
2 0.547409 0.0838689 0.0376675 0.0473075 0.07652
0 0.445351 0.0729086 0.02136 0.0601469 0.0761594
2 0.395214 0.0575771 0.0496134 0.0549775 0.0751557
0 0.367659 0.162554 0.0382352 0.0805541 0.0748347
5 0.394383 0.0416161 0.0532232 0.0832321 0.0742448
2 0.506316 0.0200984 0.0324054 0.0401969 0.074028
0 0.352537 0.185892 0.0173441 0.0500443 0.0740107
2 0.506197 0.0206054 0.0325504 0.0410827 0.0735727
2 0.808721 0.159599 0.0713594 0.105635 0.0734503
2 0.975284 0.0439805 0.0487431 0.0459648 0.0729785
2 0.523278 0.6332 0.118022 0.264442 0.0722755
2 0.395001 0.0581755 0.0486261 0.0542791 0.0718934
2 0.983396 0.240231 0.0323788 0.032051 0.0713652
2 0.792083 0.11775 0.0378335 0.0207227 0.0697821
0 0.989767 0.110035 0.01936 0.0560962 0.0692304
0 0.350644 0.185229 0.0166636 0.0498938 0.0682595
0 0.938711 0.0433262 0.0153393 0.0517832 0.0669843
2 0.547378 0.0819459 0.0367455 0.0428787 0.0665364
2 0.640324 0.124081 0.019153 0.0458642 0.0653296
2 0.965014 0.0493745 0.0283474 0.0293158 0.0649171
5 0.37792 0.415326 0.0324313 0.0569723 0.0639926
2 0.964584 0.0501078 0.0285154 0.028544 0.0632455
0 0.442543 0.063612 0.0190796 0.0533114 0.0631393
2 0.980316 0.235775 0.0392742 0.0272285 0.0629051
2 0.00787247 0.447759 0.0156291 0.094555 0.0628667
2 0.792113 0.117645 0.0387234 0.0226822 0.062409
2 0.547075 0.0771188 0.036334 0.0337809 0.06223
2 0.308343 0.0563354 0.0371377 0.04674 0.0614618
0 0.468125 0.0746844 0.0404979 0.0758075 0.0609265
2 0.797085 0.138276 0.0487502 0.0606916 0.0604508
0 0.464466 0.0695596 0.0414614 0.0664453 0.0602047
39 0.784889 0.902357 0.223573 0.194711 0.0596142
2 0.523513 0.633336 0.118205 0.265101 0.0580357
2 0.39613 0.0586191 0.0425421 0.0542811 0.05792
39 0.783953 0.902048 0.22436 0.19516 0.057515
2 0.395235 0.056963 0.0512062 0.0577866 0.0574852
39 0.784838 0.902123 0.223261 0.194559 0.0565592
5 0.378389 0.415577 0.0324729 0.0564252 0.0564727
2 0.370306 0.15507 0.0461954 0.0666718 0.0560141
5 0.395387 0.0549828 0.0471079 0.0613673 0.0554307
0 0.940596 0.041419 0.0170338 0.0556848 0.0546923
5 0.244297 0.110425 0.0613412 0.143498 0.0544018
2 0.298711 0.167582 0.0468699 0.0933205 0.0537131
2 0.570412 0.0147351 0.0324614 0.0294703 0.0535695
0 0.641853 0.123611 0.0185544 0.0472461 0.0531659
2 0.548495 0.0925464 0.0412575 0.0585099 0.0525645
2 0.297832 0.168592 0.0449716 0.0930095 0.0523093
2 0.547796 0.0905821 0.040667 0.0609806 0.0514842
5 0.378497 0.415364 0.0327493 0.0551388 0.0513267
2 0.807598 0.157892 0.0710104 0.103611 0.051283
0 0.350756 0.182754 0.0174043 0.048523 0.0510557
7 0.811189 0.257198 0.0356192 0.0997346 0.0510518
2 0.983559 0.238742 0.0322294 0.0323092 0.0503574
5 0.247808 0.116409 0.052931 0.141546 0.0502352
0 0.834763 0.155082 0.0229433 0.0979291 0.0488538
2 0.342048 0.0671504 0.0363037 0.0457441 0.0487385
0 0.873738 0.0327502 0.0178289 0.06389 0.0485653
2 0.777873 0.0562225 0.073254 0.0572103 0.0485309
2 0.469258 0.0774217 0.0399286 0.076994 0.0483892
2 0.831347 0.157774 0.0273409 0.104474 0.0483058
2 0.308101 0.0564057 0.0364993 0.0509597 0.0479324
5 0.169281 0.186263 0.154919 0.235926 0.0476454
2 0.45322 0.0185473 0.0458933 0.0370606 0.0475103
2 0.341957 0.0595653 0.0345377 0.0455608 0.0473974
5 0.37813 0.415567 0.0329169 0.0564132 0.0473549
2 0.453838 0.0171518 0.0427009 0.0343037 0.0473172
2 0.507384 0.0209633 0.0314533 0.0405404 0.0471854
0 0.87394 0.0338748 0.0182911 0.0600793 0.0469553
