5 0.672583 0.515299 0.221544 0.173303 0.88927
5 0.672865 0.515598 0.221272 0.172458 0.869081
5 0.672502 0.516208 0.222747 0.173072 0.859676
5 0.67266 0.516175 0.222061 0.174075 0.849356
5 0.672585 0.515784 0.222126 0.173332 0.834941
5 0.672399 0.515458 0.222573 0.173341 0.832261
2 0.956468 0.478972 0.0600533 0.0540603 0.831557
5 0.673011 0.516079 0.22154 0.172853 0.830738
2 0.252033 0.873792 0.197105 0.166763 0.830401
2 0.215931 0.700026 0.140567 0.109764 0.827353
2 0.2161 0.700099 0.140517 0.109866 0.824291
2 0.216162 0.700027 0.1407 0.109957 0.822707
5 0.672831 0.515516 0.222012 0.173358 0.811958
2 0.956035 0.479246 0.0593426 0.0533028 0.806607
2 0.252583 0.873887 0.197833 0.166872 0.7916
2 0.954823 0.478972 0.0606609 0.0537895 0.788111
2 0.215755 0.699735 0.139873 0.110119 0.778341
5 0.671839 0.515597 0.222306 0.174379 0.769799
2 0.216093 0.699672 0.139888 0.109937 0.764456
2 0.252565 0.873479 0.197479 0.164933 0.757722
2 0.252439 0.873841 0.19777 0.163809 0.75706
2 0.215951 0.699995 0.140936 0.110084 0.747609
2 0.216131 0.699627 0.14024 0.109692 0.743547
2 0.25219 0.873739 0.19813 0.16447 0.741727
2 0.251861 0.874415 0.197995 0.164227 0.739318
2 0.215855 0.699487 0.139454 0.110016 0.731875
2 0.956012 0.479482 0.0598148 0.0540401 0.725615
2 0.956059 0.47846 0.0602833 0.0554158 0.712303
2 0.215937 0.699504 0.139911 0.110142 0.69459
2 0.215848 0.699885 0.140337 0.109437 0.680504
2 0.279496 0.512336 0.0987679 0.0679277 0.678598
2 0.252214 0.87374 0.197953 0.163909 0.661853
2 0.28033 0.513411 0.100211 0.0695671 0.643298
2 0.279946 0.513172 0.0989428 0.0679064 0.642798
2 0.955725 0.479256 0.0593109 0.0538059 0.640448
2 0.955513 0.47925 0.0596441 0.0538477 0.619614
2 0.955717 0.479073 0.0595358 0.0533939 0.611979
2 0.280122 0.513487 0.0996915 0.0686445 0.605651
2 0.955845 0.479227 0.0594555 0.0539194 0.600022
2 0.279899 0.512991 0.0989038 0.0690222 0.586926
2 0.280429 0.512816 0.100103 0.0696281 0.522573
2 0.281392 0.513675 0.100948 0.0702269 0.489485
2 0.281148 0.514176 0.101005 0.0703894 0.47221
2 0.279591 0.513646 0.0971118 0.0706572 0.420274
11 0.185197 0.444768 0.015279 0.0291052 0.377999
2 0.281678 0.513674 0.101543 0.0695272 0.333877
3 0.313337 0.549132 0.0509534 0.0591842 0.330685
3 0.313301 0.553498 0.0518339 0.0507996 0.326336
3 0.313596 0.559352 0.0467812 0.0396738 0.320715
3 0.314071 0.557943 0.049218 0.0429066 0.244866
2 0.252763 0.87398 0.197725 0.164093 0.219369
3 0.316076 0.55302 0.0569568 0.0547449 0.212456
2 0.252585 0.87387 0.197315 0.163515 0.203382
3 0.314334 0.551663 0.0567606 0.0584465 0.192843
2 0.281751 0.51333 0.104037 0.0712708 0.183153
0 0.0267217 0.5477 0.0204257 0.0356771 0.169956
0 0.0227584 0.54743 0.018365 0.0342943 0.164371
3 0.310968 0.548808 0.0480248 0.059711 0.16344
3 0.315288 0.554464 0.0566466 0.0477785 0.156117
3 0.316351 0.556435 0.0541438 0.0446564 0.15013
0 0.0249667 0.547623 0.0203606 0.034354 0.14497
3 0.31161 0.539047 0.0514281 0.0554126 0.142815
0 0.0260041 0.546776 0.0210642 0.035927 0.141726
3 0.31123 0.560957 0.0450253 0.0367424 0.141165
0 0.0266861 0.547441 0.0200511 0.0361572 0.134812
2 0.956235 0.479077 0.0600918 0.053547 0.115062
9 0.185433 0.445607 0.0174083 0.0303728 0.111286
2 0.956327 0.479493 0.0600849 0.0527306 0.106146
0 0.31076 0.520611 0.0490633 0.0585316 0.105901
3 0.309526 0.534742 0.0460439 0.0351112 0.102658
3 0.3118 0.535486 0.0504951 0.0457658 0.102012
5 0.671886 0.515275 0.222207 0.173096 0.0991268
0 0.310362 0.522934 0.0492177 0.0546895 0.0922526
2 0.251989 0.873107 0.19859 0.162844 0.0922131
1 0.354888 0.511277 0.026158 0.0329779 0.089895
0 0.313075 0.517471 0.0441031 0.0641948 0.0830067
0 0.310528 0.528894 0.049107 0.0473799 0.0727649
0 0.0266104 0.546948 0.0254741 0.0384905 0.0720285
2 0.251874 0.873353 0.197472 0.165272 0.071226
2 0.252109 0.873788 0.197541 0.162885 0.0706542
5 0.67333 0.516182 0.224319 0.174003 0.0687658
11 0.185018 0.445128 0.0163216 0.029878 0.0624144
3 0.312663 0.538956 0.0518871 0.0456396 0.0623045
0 0.38051 0.504422 0.0193908 0.0275501 0.0609097
0 0.310597 0.530445 0.0496623 0.0444157 0.0601324
0 0.41111 0.493071 0.0245947 0.0334447 0.05773
0 0.307912 0.516993 0.0525517 0.0680971 0.0533428
2 0.252087 0.873405 0.197303 0.165809 0.0526676
0 0.351151 0.509564 0.0220004 0.0337509 0.0522163
0 0.0063465 0.548137 0.0126383 0.0344158 0.0521839
11 0.184536 0.444216 0.0150038 0.0292383 0.0518375
0 0.0232738 0.54603 0.0245975 0.035801 0.0486564
2 0.215897 0.699572 0.140379 0.109925 0.0475926
3 0.313504 0.548229 0.0592996 0.0655727 0.044547
0 0.353737 0.510309 0.0253417 0.0337078 0.0435985
0 0.410955 0.491349 0.0218761 0.0306246 0.0418483
0 0.310079 0.530462 0.0486507 0.0431438 0.0411205
0 0.380403 0.503087 0.0200214 0.0305874 0.0405285
0 0.00745306 0.546196 0.0149061 0.0361428 0.0396301
0 0.356707 0.509066 0.0280533 0.0327986 0.0390157
3 0.311459 0.531331 0.054332 0.0570349 0.0388256
0 0.312554 0.530669 0.0476046 0.0422974 0.0382108
0 0.380086 0.503864 0.0205891 0.0284363 0.0375078
0 0.740158 0.557941 0.0141311 0.0483831 0.033293
11 0.185815 0.445063 0.0173755 0.029539 0.0330889
1 0.380011 0.505442 0.0209217 0.0291851 0.032643
1 0.35786 0.509994 0.0330258 0.0362633 0.0322497
0 0.312601 0.509536 0.0306646 0.0529596 0.0309231
2 0.758103 0.755556 0.0258139 0.0201187 0.0305749
0 0.0277029 0.547227 0.0238248 0.0387468 0.0303004
0 0.410768 0.491444 0.02059 0.0305264 0.0299662
0 0.315638 0.524017 0.0410556 0.0437308 0.0273157
0 0.410748 0.493148 0.0229439 0.0343634 0.0270953
9 0.810942 0.0792204 0.0554936 0.154397 0.0265963
0 0.0165152 0.546075 0.0279952 0.0390125 0.0262043
0 0.353057 0.507902 0.0261584 0.0342444 0.0251499
0 0.740494 0.558828 0.0147181 0.0492742 0.0244534
9 0.811345 0.123324 0.045028 0.0544688 0.0243977
2 0.124219 0.522257 0.0510382 0.0361422 0.0238975
2 0.410695 0.491867 0.0229767 0.0320702 0.0232361
0 0.353193 0.51067 0.0253245 0.0340084 0.0227567
9 0.185015 0.447786 0.0179429 0.03507 0.0219805
0 0.016784 0.548439 0.0258163 0.0421841 0.0218651
13 0.626206 0.637992 0.0671202 0.0607143 0.0215123
9 0.422584 0.441184 0.0166821 0.0248827 0.0214136
2 0.954996 0.478902 0.0604946 0.0534749 0.0213987
11 0.186 0.445875 0.0176976 0.0306704 0.0207949
2 0.8284 0.712825 0.0221571 0.0190482 0.02066
9 0.811332 0.120111 0.0436615 0.0470416 0.0205234
2 0.127511 0.522415 0.0427717 0.0363173 0.0202196
9 0.81234 0.0778073 0.0544664 0.153625 0.0201923
0 0.600465 0.519814 0.0253185 0.0332336 0.0196969
0 0.599635 0.520128 0.0243629 0.0347845 0.0193679
0 0.798957 0.449081 0.0150047 0.0345884 0.0193673
2 0.121977 0.524193 0.0535153 0.0393332 0.0191367
2 0.43083 0.956943 0.0265356 0.0232441 0.0189739
9 0.812224 0.076801 0.0560353 0.153563 0.0189614
2 0.125098 0.522732 0.0471242 0.0361897 0.0179236
0 0.799425 0.448618 0.0149363 0.0347883 0.0169004
0 0.410288 0.502954 0.0232037 0.0504507 0.0166189
0 0.60262 0.522145 0.0300377 0.0366671 0.016314
3 0.313776 0.550608 0.0580902 0.0622261 0.0162929
2 0.0118429 0.544431 0.0235598 0.0353425 0.0161363
0 0.800984 0.447771 0.0131653 0.03257 0.0157885
0 0.471375 0.491117 0.0155565 0.0173015 0.0156254
0 0.206659 0.680522 0.024017 0.0210529 0.0153822
2 0.929162 0.6601 0.0262123 0.0186389 0.0150994
1 0.37138 0.506041 0.025514 0.0304245 0.0149319
2 0.083863 0.581885 0.0254038 0.0203589 0.0148437
2 0.123449 0.523026 0.0494739 0.0347813 0.0146603
9 0.810138 0.0772052 0.0611465 0.154067 0.0143988
0 0.410744 0.492076 0.023519 0.0317669 0.0136801
9 0.811506 0.123125 0.0453075 0.0556475 0.0136197
0 0.599958 0.516654 0.0254393 0.0347914 0.0135263
0 0.599286 0.518193 0.0247559 0.0351679 0.013526
2 0.121736 0.522408 0.0507574 0.034035 0.0133968
6 0.577832 0.765382 0.840443 0.469237 0.0129119
2 0.95498 0.480454 0.059569 0.0516941 0.0123625
0 0.410782 0.492599 0.0248356 0.0328503 0.0123065
0 0.50438 0.493723 0.0112566 0.0285265 0.0121448
2 0.288061 0.490193 0.067348 0.023496 0.0119732
2 0.924704 0.662305 0.0284956 0.0224386 0.0119616
13 0.626142 0.637879 0.0670437 0.0605085 0.0119284
2 0.290429 0.490909 0.0640134 0.0263561 0.0116942
13 0.625959 0.635402 0.0646055 0.0605958 0.0115657
9 0.810188 0.117099 0.0393686 0.042433 0.0113744
5 0.578749 0.418095 0.0961164 0.0383276 0.0111661
0 0.800395 0.448263 0.0145681 0.0329827 0.0111476
2 0.147698 0.524911 0.0857964 0.0421013 0.0110518
2 0.156293 0.523707 0.0655773 0.043104 0.011012
58 0.626083 0.635038 0.0654482 0.0585999 0.0109469
9 0.806542 0.0774456 0.0663033 0.152751 0.010886
9 0.806584 0.0769845 0.068206 0.153646 0.0106889
5 0.577446 0.453457 0.0996058 0.110379 0.0105455
0 0.506274 0.500839 0.0152207 0.0420936 0.0105282
0 0.466924 0.485858 0.0165915 0.0238537 0.0104644
13 0.625956 0.636146 0.0642337 0.0605381 0.0103062
2 0.499639 0.911289 0.026779 0.022891 0.0102585
9 0.37071 0.432725 0.00979462 0.0235692 0.0102405
1 0.319373 0.560548 0.0548995 0.0325146 0.00993703
5 0.673301 0.517045 0.22142 0.174807 0.00989107
2 0.140089 0.523458 0.0384174 0.0394505 0.0098634
9 0.422162 0.440809 0.0170347 0.0264097 0.00977057
6 0.570252 0.764564 0.855852 0.470872 0.00970892
2 0.289246 0.490088 0.0651868 0.0236127 0.00969092
2 0.990407 0.707957 0.0183451 0.0181035 0.00961106
5 0.672831 0.51686 0.222796 0.173301 0.00947332
2 0.179431 0.525992 0.0302558 0.0383812 0.0094369
0 0.549351 0.490973 0.0157324 0.0356206 0.00933791
2 0.759398 0.758069 0.0273582 0.0239061 0.00903564
2 0.130114 0.523853 0.0667759 0.0416366 0.00898269
2 0.926093 0.662721 0.024107 0.0208313 0.00895072
0 0.358462 0.50861 0.0361409 0.0359201 0.00866882
9 0.424164 0.440545 0.0213575 0.0236235 0.00859794
9 0.371071 0.434328 0.0108667 0.0276966 0.00857328
0 0.599398 0.522318 0.0275266 0.037226 0.00852114
2 0.497788 0.911314 0.028332 0.0222878 0.00844522
2 0.382262 0.498574 0.0458821 0.035354 0.00836643
0 0.548246 0.48883 0.0143124 0.039826 0.00816441
9 0.80547 0.0770753 0.0713032 0.153435 0.0081319
2 0.084182 0.582882 0.0236589 0.0196812 0.00811048
9 0.811893 0.119472 0.043214 0.046105 0.00805156
6 0.556951 0.758206 0.883844 0.483589 0.0079378
2 0.06176 0.506281 0.0245705 0.0362522 0.00753778
2 0.145467 0.447415 0.0711339 0.0337067 0.00753014
2 0.156368 0.524721 0.0641739 0.0428656 0.00747946
2 0.143635 0.523173 0.0572659 0.0392284 0.00745088
5 0.577493 0.453202 0.100355 0.109494 0.00739412
9 0.812959 0.125972 0.0469647 0.058251 0.00736791
2 0.140127 0.522074 0.093307 0.0441374 0.00729747
9 0.41541 0.439643 0.0150788 0.0253683 0.00727895
1 0.388035 0.501664 0.0358517 0.0344099 0.00713233
2 0.14353 0.522279 0.0957751 0.0444392 0.00711497
9 0.805851 0.0798502 0.0653 0.156548 0.00710523
0 0.18546 0.453509 0.0182348 0.046945 0.00696801
6 0.567552 0.745975 0.864897 0.50805 0.00693901
9 0.812268 0.118318 0.0430931 0.046191 0.00662232
9 0.566651 0.462133 0.0100348 0.0311651 0.00661855
2 0.959486 0.642702 0.0264858 0.0215537 0.00659463
2 0.149093 0.446704 0.0792253 0.0346054 0.00658769
1 0.355461 0.514151 0.0285572 0.0378906 0.00657025
2 0.829046 0.712245 0.0206865 0.0192503 0.00653571
0 0.410499 0.502171 0.0254798 0.0515185 0.00649127
2 0.822554 0.72041 0.0341129 0.0343487 0.0064803
2 0.113366 0.5209 0.0390816 0.0309512 0.00635252
2 0.279168 0.514459 0.106917 0.0719176 0.00634147
2 0.531958 0.496781 0.014414 0.0198428 0.00617094
58 0.621037 0.633413 0.0558697 0.0535162 0.00616148
9 0.186095 0.444713 0.0179821 0.0302513 0.00611589
2 0.939716 0.651 0.0424366 0.0299052 0.00611113
5 0.577039 0.453244 0.0994385 0.109387 0.00610142
9 0.541611 0.414556 0.0163308 0.0242196 0.00605607
0 0.741154 0.558455 0.0160487 0.0505747 0.00603861
5 0.586259 0.454501 0.122657 0.109516 0.00602111
2 0.498214 0.910443 0.0292763 0.023962 0.00601156
0 0.547158 0.488267 0.0178629 0.0410144 0.00597972
0 0.631993 0.52817 0.021414 0.0361032 0.00596108
2 0.554396 0.489342 0.0186057 0.0377131 0.00593113
9 0.542452 0.414992 0.0171101 0.0221642 0.00591535
1 0.36582 0.504013 0.0483131 0.0335052 0.00590607
2 0.500748 0.910071 0.0256649 0.0252495 0.0057561
2 0.578153 0.415776 0.0916809 0.0327208 0.00571411
2 0.965261 0.639358 0.0350348 0.0267744 0.00570528
2 0.948094 0.647989 0.0500038 0.0309296 0.00569983
0 0.0234393 0.549361 0.0276584 0.0426586 0.00569929
0 0.630465 0.507867 0.0246792 0.0583982 0.0056742
0 0.0261143 0.549717 0.022591 0.0402344 0.00566202
0 0.624264 0.505342 0.0179022 0.0520968 0.00558256
2 0.27806 0.513002 0.0942819 0.0693388 0.00558046
2 0.0136438 0.531198 0.0270056 0.0521256 0.00557367
5 0.581107 0.452848 0.0942339 0.108297 0.00550234
2 0.985459 0.630218 0.026873 0.0219369 0.00549152
2 0.813188 0.722771 0.0540695 0.0409486 0.00548166
2 0.429284 0.957167 0.03013 0.023938 0.00540489
2 0.28251 0.515508 0.103825 0.0694609 0.00536262
3 0.320521 0.559314 0.0524999 0.0335646 0.00532401
2 0.973264 0.633396 0.0485912 0.0343189 0.00530334
2 0.814974 0.720244 0.0499203 0.0362114 0.00527843
2 0.47684 0.494868 0.0168037 0.0134762 0.00527756
9 0.813391 0.077704 0.057835 0.155408 0.00526276
6 0.558231 0.763702 0.879315 0.472596 0.0052397
2 0.923915 0.664203 0.0275494 0.0242176 0.00523066
6 0.562642 0.751633 0.874715 0.496735 0.00521098
6 0.555112 0.755557 0.889776 0.488887 0.00520157
2 0.713889 0.778695 0.02089 0.0243605 0.00516032
0 0.632782 0.518186 0.023417 0.0471508 0.00506264
2 0.153676 0.44692 0.0878994 0.0341702 0.00506164
0 0.241851 0.669558 0.0278753 0.0228552 0.0049659
9 0.80958 0.115792 0.0378241 0.0415938 0.00495659
0 0.298069 0.511304 0.0594024 0.0618822 0.00494955
9 0.809069 0.122938 0.050741 0.0567649 0.00488114
0 0.623811 0.507803 0.0179693 0.0499304 0.00467173
5 0.545979 0.769926 0.894879 0.457827 0.00464926
13 0.626139 0.634023 0.0655912 0.0575213 0.00461198
0 0.738004 0.559025 0.0191265 0.050749 0.00458137
2 0.761565 0.762347 0.0308401 0.0302104 0.00457591
9 0.820978 0.31367 0.0159334 0.0291544 0.00453266
0 0.188544 0.526314 0.0175469 0.0315746 0.00451811
0 0.533231 0.48558 0.0160906 0.0376871 0.00451335
1 0.39653 0.504294 0.0545354 0.0366795 0.00450094
2 0.973533 0.636361 0.0491064 0.030683 0.00449007
2 0.666257 0.807217 0.0218651 0.0198318 0.00447896
0 0.503577 0.48904 0.0115694 0.0244602 0.00444325
2 0.173632 0.526126 0.0345362 0.0365792 0.00441731
2 0.990232 0.709973 0.0189421 0.0179846 0.00435458
0 0.661439 0.577454 0.0188021 0.0523201 0.00434669
2 0.429162 0.957844 0.0306444 0.0252342 0.00434616
0 0.607995 0.53183 0.0215236 0.0300476 0.00431407
9 0.8135 0.0771382 0.055588 0.154276 0.00426747
2 0.578104 0.415752 0.088953 0.033733 0.00421957
2 0.0935957 0.515769 0.031809 0.0293448 0.00417402
9 0.397272 0.441573 0.0115588 0.019383 0.00413068
2 0.430876 0.956922 0.0296772 0.0254837 0.00410552
0 0.0051388 0.554963 0.0100866 0.0468698 0.00408767
2 0.912777 0.667858 0.0544462 0.0338207 0.00408301
2 0.123613 0.519898 0.0569881 0.0403993 0.00407678
2 0.154329 0.451442 0.0905594 0.0408707 0.00406591
9 0.888166 0.405097 0.0169853 0.0253025 0.00404475
5 0.577796 0.415477 0.0952232 0.0323381 0.00400333
2 0.577339 0.415195 0.0923698 0.0340903 0.00397536
