0 0.591376 0.538905 0.0296886 0.100118 0.702132
0 0.591707 0.537614 0.030538 0.0968704 0.697486
0 0.591326 0.539307 0.0290142 0.100372 0.64527
0 0.591418 0.536612 0.0299791 0.0959038 0.640752
0 0.591305 0.539565 0.0291915 0.0979629 0.625487
0 0.591627 0.5395 0.0283923 0.100065 0.608585
0 0.0517546 0.329503 0.0172868 0.0453251 0.602911
0 0.591504 0.5394 0.0293892 0.0998427 0.602911
0 0.59132 0.535318 0.0297979 0.0912165 0.593908
0 0.591475 0.538629 0.0299422 0.0997343 0.59102
7 0.852598 0.404535 0.0926798 0.101735 0.568405
0 0.0517865 0.328981 0.0175899 0.0435534 0.509419
2 0.994321 0.248331 0.0105484 0.0449415 0.488879
0 0.0520356 0.329722 0.0171951 0.0439735 0.473451
7 0.852617 0.404449 0.0927795 0.102297 0.450464
2 0.597698 0.11428 0.0296259 0.0306289 0.448614
7 0.852258 0.404761 0.0932709 0.101874 0.443541
2 0.993977 0.248145 0.0112118 0.0456022 0.442798
7 0.852665 0.403889 0.0933273 0.10355 0.441733
2 0.285061 0.192162 0.042678 0.0526164 0.413928
7 0.852366 0.404075 0.0938377 0.102977 0.40378
7 0.852669 0.40406 0.0932125 0.10286 0.402465
2 0.464412 0.145472 0.0259172 0.0282165 0.401668
2 0.597624 0.114674 0.029435 0.0305612 0.393963
0 0.921139 0.183193 0.013068 0.0404432 0.387486
7 0.852794 0.404123 0.0934723 0.102525 0.374779
0 0.881216 0.185528 0.0108009 0.035197 0.372501
2 0.284685 0.191398 0.0427363 0.0537848 0.369106
2 0.284566 0.192073 0.042647 0.0528708 0.368537
2 0.284414 0.191214 0.0427589 0.0538472 0.358382
2 0.434602 0.141654 0.0259977 0.0296827 0.35775
7 0.852734 0.40401 0.0935967 0.103195 0.340885
2 0.464244 0.144048 0.0278544 0.0299162 0.337499
2 0.434861 0.140881 0.0259192 0.0308221 0.331515
2 0.28453 0.191543 0.0409785 0.0531923 0.32663
2 0.822902 0.182858 0.0355209 0.0349118 0.323861
0 0.881235 0.186353 0.0114761 0.0373738 0.322838
2 0.28415 0.191407 0.0417874 0.0529817 0.319624
2 0.560321 0.0928304 0.0215955 0.0254685 0.319571
2 0.46371 0.144141 0.0273987 0.0296471 0.318145
2 0.284474 0.191468 0.0430264 0.0537221 0.315771
7 0.852106 0.404113 0.0923277 0.101846 0.314999
0 0.0518514 0.329511 0.018984 0.0477413 0.302805
2 0.344205 0.484948 0.0655658 0.107501 0.300714
7 0.852768 0.403808 0.0938768 0.103472 0.296136
2 0.464119 0.145826 0.0270259 0.0290006 0.294096
2 0.284658 0.191604 0.0428201 0.0531902 0.29302
7 0.344234 0.484791 0.0652993 0.108316 0.292001
2 0.434692 0.141364 0.0268625 0.0305751 0.287832
0 0.920925 0.184901 0.0113911 0.0380044 0.286712
2 0.434602 0.142184 0.0265909 0.0292785 0.284432
7 0.34433 0.484577 0.0655638 0.108199 0.28225
2 0.434016 0.141866 0.0259912 0.0277517 0.276274
7 0.344312 0.484714 0.0657609 0.107134 0.275738
2 0.475236 0.117002 0.0232141 0.0255016 0.274892
2 0.344116 0.48477 0.0659069 0.108185 0.272361
2 0.82257 0.183228 0.0362804 0.0349753 0.271924
2 0.284726 0.191192 0.0430323 0.0527635 0.259872
7 0.34414 0.484876 0.0655952 0.108156 0.257175
2 0.822781 0.183333 0.0345991 0.0346254 0.246949
2 0.475303 0.117197 0.0230043 0.024664 0.23646
7 0.344276 0.485041 0.0660622 0.108455 0.236101
2 0.166051 0.695175 0.0385028 0.0224427 0.228095
0 0.0512002 0.328957 0.0180769 0.0454696 0.218572
2 0.992067 0.24751 0.0152199 0.0456829 0.216681
5 0.597227 0.09665 0.0297047 0.0611932 0.215799
0 0.880093 0.182757 0.010993 0.0326865 0.213705
2 0.822973 0.183235 0.034639 0.0340093 0.213615
0 0.921025 0.181775 0.0135246 0.0411117 0.20767
2 0.82323 0.183104 0.0354395 0.0351159 0.200454
2 0.994664 0.246476 0.00984993 0.0450717 0.199337
0 0.051345 0.329494 0.0188201 0.0458751 0.198773
2 0.822546 0.183321 0.0346954 0.0338899 0.197785
2 0.438485 0.230811 0.0318934 0.0233548 0.194981
7 0.344393 0.484572 0.0662292 0.108856 0.18879
2 0.1667 0.695215 0.0397707 0.0226828 0.185327
2 0.597655 0.113491 0.0299364 0.0304262 0.18191
0 0.0181854 0.338883 0.0142439 0.0357777 0.179019
0 0.0310825 0.291205 0.0179742 0.0516557 0.175981
5 0.743405 0.05149 0.0798804 0.10298 0.170453
0 0.590336 0.535117 0.0275372 0.0907486 0.169044
2 0.434348 0.143044 0.0259296 0.029002 0.168597
2 0.821895 0.183242 0.0364735 0.0348065 0.16
2 0.822729 0.183748 0.0342354 0.033421 0.15471
2 0.822212 0.183445 0.0369238 0.0349611 0.152756
2 0.442923 0.229011 0.024589 0.0197433 0.151868
2 0.166183 0.695232 0.0388091 0.0230469 0.151045
0 0.591259 0.540333 0.0287474 0.0969667 0.149317
0 0.0320026 0.293709 0.0173793 0.0556219 0.148734
0 0.0186326 0.338125 0.0133972 0.037913 0.146458
2 0.679467 0.0996488 0.0186623 0.0198102 0.14471
2 0.992094 0.247109 0.0151579 0.0470611 0.140103
2 0.597684 0.113184 0.0300598 0.0318362 0.132015
2 0.434029 0.142856 0.0274651 0.029214 0.131392
2 0.43893 0.229303 0.0349602 0.0227123 0.131258
5 0.74013 0.0516363 0.0805704 0.103273 0.128767
2 0.46299 0.144084 0.028648 0.0304045 0.127778
2 0.994357 0.248918 0.0106144 0.0450871 0.123792
2 0.680005 0.0988822 0.017601 0.0203582 0.117372
0 0.0294966 0.289504 0.0206568 0.0487334 0.113947
0 0.902712 0.172535 0.0105846 0.0212698 0.110309
0 0.219709 0.205832 0.00871315 0.0281035 0.109557
5 0.597401 0.0973503 0.0300481 0.061178 0.109192
2 0.821816 0.183228 0.0365955 0.0339367 0.108476
2 0.46394 0.142696 0.0295177 0.0297068 0.104573
2 0.663632 0.107349 0.0161333 0.0227221 0.10168
5 0.745877 0.0515343 0.088886 0.102955 0.0919538
0 0.592459 0.54046 0.0276302 0.102218 0.0916608
2 0.597267 0.105511 0.0310425 0.0477205 0.0896564
5 0.742967 0.0515067 0.0863394 0.103013 0.0869747
0 0.0539519 0.329624 0.0204802 0.0464274 0.0849187
2 0.25424 0.144478 0.0244293 0.0218032 0.081759
2 0.536658 0.0867086 0.0190041 0.0186842 0.0808921
5 0.597136 0.081545 0.0262166 0.0304456 0.0804797
5 0.740271 0.0521899 0.0806711 0.104308 0.0794715
0 0.144598 0.235003 0.0109695 0.03587 0.0790695
0 0.765193 0.15693 0.0101931 0.0218012 0.0782476
0 0.0317962 0.296335 0.0170503 0.0524946 0.0782356
2 0.536724 0.0851526 0.0206263 0.0190058 0.0780262
2 0.474836 0.115892 0.0262089 0.0271197 0.0779552
0 0.144321 0.238059 0.0100197 0.0331329 0.0773862
0 0.863864 0.181393 0.00951824 0.0285105 0.0764649
0 0.0224831 0.291825 0.0153593 0.050133 0.0740979
2 0.221871 0.160576 0.0273619 0.0338547 0.0739962
2 0.221558 0.159576 0.0281486 0.0348393 0.0731867
2 0.356904 0.235934 0.0155034 0.0207819 0.0704715
7 0.343113 0.485495 0.0663936 0.109238 0.0701577
0 0.0226149 0.288774 0.0151381 0.0440717 0.0691415
2 0.223375 0.159461 0.0296751 0.0345832 0.0684035
2 0.559689 0.0919057 0.0225754 0.0292395 0.0649967
2 0.167071 0.694458 0.0396566 0.0209332 0.064985
0 0.0309589 0.292011 0.0189229 0.0537226 0.0647345
2 0.540804 0.0814205 0.0273806 0.0237551 0.0645208
0 0.929623 0.169899 0.0111303 0.019724 0.0639373
5 0.597168 0.0821291 0.0277311 0.0310427 0.0630578
2 0.101578 0.61103 0.0525516 0.0483087 0.0627234
9 0.218719 0.128629 0.0139096 0.0220354 0.0623686
0 0.353159 0.138433 0.0127059 0.0408635 0.0618039
2 0.0873353 0.282236 0.0231978 0.0451523 0.061497
2 0.560808 0.0937649 0.0215065 0.0265813 0.0614941
2 0.0439873 0.691874 0.0662323 0.0543196 0.0614048
2 0.357748 0.234542 0.0167836 0.0213648 0.0613527
2 0.223696 0.161348 0.0270377 0.0312065 0.0603408
0 0.902365 0.173844 0.0119581 0.0223224 0.056459
0 0.866532 0.182653 0.010865 0.0323192 0.0558105
0 0.0518137 0.333209 0.0198139 0.0527699 0.0552799
2 0.559883 0.0898113 0.0268013 0.0275075 0.0538908
5 0.597791 0.11357 0.0338663 0.0326124 0.0537334
0 0.0256203 0.286489 0.0197461 0.0423069 0.0531916
0 0.85996 0.178785 0.0121159 0.0230799 0.0530057
2 0.667459 0.143616 0.0265245 0.0478256 0.0530008
0 0.0169097 0.333088 0.0168449 0.0461456 0.0529466
2 0.662031 0.143163 0.0369934 0.0495724 0.0528247
5 0.747665 0.0511143 0.0939137 0.102229 0.0525917
5 0.578027 0.0574401 0.0223215 0.0366119 0.052498
2 0.102141 0.610872 0.0519579 0.0479233 0.0519811
2 0.153839 0.729583 0.0151923 0.010447 0.0514365
2 0.662364 0.142761 0.0365625 0.0504237 0.0514344
0 0.763145 0.156333 0.0115205 0.0222815 0.0496945
2 0.702589 0.279212 0.037019 0.0302134 0.0491286
2 0.442951 0.22845 0.0330147 0.0207763 0.0484261
5 0.749139 0.0512439 0.0974161 0.102488 0.0474493
0 0.220093 0.197752 0.0115147 0.0336295 0.0465038
2 0.668135 0.141888 0.026208 0.0458618 0.0463982
0 0.881609 0.187772 0.0111599 0.0389356 0.0463756
0 0.340634 0.140077 0.0114086 0.0425898 0.04631
0 0.865599 0.17903 0.0122139 0.028513 0.046011
5 0.654022 0.143497 0.0550026 0.0516748 0.0458545
0 0.320367 0.174794 0.010974 0.0274138 0.0453914
7 0.657471 0.143522 0.0476213 0.0474995 0.0450906
2 0.466791 0.0872185 0.0228336 0.0327408 0.045083
2 0.596961 0.114011 0.0338383 0.0292308 0.044815
2 0.555744 0.0885546 0.0258153 0.0286441 0.0447105
0 0.589994 0.532929 0.0265432 0.0865149 0.0445177
2 0.548532 0.0701796 0.0167093 0.0283463 0.0444341
2 0.821695 0.182342 0.037229 0.0361671 0.0442633
5 0.26666 0.127917 0.0245885 0.0349609 0.0442587
0 0.920473 0.18887 0.0113579 0.0372153 0.0442451
0 0.322411 0.170414 0.0122637 0.0342726 0.043645
5 0.58216 0.0596947 0.021144 0.0332134 0.0431654
2 0.66141 0.143585 0.0364847 0.0496157 0.0428992
2 0.358599 0.234022 0.019432 0.0225223 0.0428423
2 0.473596 0.113747 0.0250579 0.0294815 0.0427545
2 0.661057 0.652436 0.0176559 0.0197916 0.0425985
2 0.0454738 0.692785 0.0666456 0.0567842 0.0422848
0 0.351481 0.134615 0.0149331 0.0361782 0.040955
5 0.577133 0.0564878 0.0249482 0.0376017 0.0406895
7 0.655117 0.143057 0.0526651 0.0501726 0.0400141
0 0.219441 0.207843 0.00813713 0.0278251 0.040009
2 0.674397 0.101005 0.0245043 0.0273066 0.0384305
2 0.465811 0.14172 0.0332743 0.0288359 0.0380043
0 0.0847575 0.280142 0.0214553 0.0464831 0.0379918
0 0.0205323 0.310845 0.0144276 0.0335862 0.0372653
9 0.729662 0.0975189 0.00998764 0.0235764 0.035599
2 0.165703 0.695926 0.0399128 0.0240107 0.035072
2 0.646325 0.106484 0.0200584 0.031919 0.034474
0 0.874096 0.183953 0.0184668 0.0359732 0.0334963
2 0.44912 0.0803452 0.0163612 0.0167994 0.0333756
0 0.0860708 0.283078 0.023572 0.0452868 0.0332774
0 0.341305 0.153467 0.0103197 0.024315 0.0329685
0 0.926501 0.181038 0.0163708 0.0398461 0.0322003
5 0.577809 0.0573666 0.0236633 0.0370338 0.0320456
2 0.702589 0.278982 0.0389973 0.0301888 0.031863
2 0.668902 0.142273 0.0242203 0.047736 0.0318342
0 0.589831 0.525836 0.0256275 0.0707672 0.0317069
9 0.720349 0.0542233 0.0119514 0.0336733 0.0316848
2 0.364881 0.234605 0.032655 0.0244152 0.0314234
5 0.300693 0.0554435 0.0273726 0.0461561 0.0312107
0 0.35382 0.148068 0.0125398 0.0281157 0.0305332
2 0.597392 0.116464 0.0294086 0.0307804 0.0304135
2 0.702367 0.27888 0.0395063 0.0308878 0.0304068
7 0.654549 0.131903 0.0550413 0.0720993 0.0301973
2 0.100958 0.609787 0.0520314 0.0440624 0.0301418
0 0.882924 0.185459 0.0127462 0.0367542 0.0297163
2 0.596733 0.0810077 0.0275569 0.031107 0.029252
0 0.603741 0.189436 0.00903873 0.0191768 0.0284628
2 0.0448862 0.69249 0.0655559 0.0567265 0.0280716
5 0.576627 0.0474905 0.0264449 0.0548671 0.0280475
0 0.368635 0.114827 0.0121538 0.0238289 0.0279261
2 0.661348 0.107751 0.0199465 0.0257892 0.0277283
5 0.259803 0.12915 0.0359178 0.0408008 0.0273554
0 0.92497 0.182633 0.0178513 0.0395485 0.0271774
5 0.267142 0.126798 0.0250334 0.0348018 0.0270122
0 0.0533634 0.328843 0.0222091 0.0449901 0.0269882
0 0.322517 0.162509 0.0135443 0.0298183 0.0269435
0 0.143816 0.22962 0.0119652 0.0321133 0.0267306
2 0.101311 0.609877 0.051167 0.0445731 0.0264664
0 0.0518311 0.327421 0.0189027 0.0452512 0.026162
0 0.917635 0.182832 0.0150925 0.0377726 0.0261055
9 0.819184 0.118018 0.011084 0.0239152 0.0258896
2 0.441267 0.228056 0.0305285 0.0216745 0.0258271
0 0.764627 0.159564 0.0127944 0.021663 0.0258181
9 0.818028 0.0919077 0.0135853 0.0389532 0.0257158
2 0.654321 0.144284 0.0545416 0.0496965 0.0256815
0 0.591414 0.541638 0.0275678 0.0955638 0.0256291
0 0.591137 0.521068 0.0239668 0.0632248 0.0253609
5 0.300191 0.055988 0.0265951 0.0471704 0.0253212
7 0.853376 0.40432 0.0940815 0.0985539 0.0246576
0 0.860182 0.175749 0.0160801 0.0243315 0.0243103
2 0.0470761 0.687781 0.0616694 0.0444799 0.0239775
5 0.749961 0.0510993 0.102594 0.101609 0.0238528
2 0.65456 0.101973 0.0367761 0.034651 0.0235686
5 0.300923 0.0557403 0.0293904 0.0470336 0.023471
2 0.6468 0.103825 0.0221892 0.035397 0.0234368
9 0.818355 0.0943084 0.0136776 0.0431113 0.0229271
5 0.461921 0.0480381 0.0202404 0.0293502 0.0228885
2 0.101131 0.610576 0.0517303 0.0442755 0.0228363
2 0.401649 0.231904 0.0164158 0.0215749 0.0227065
2 0.0873726 0.28324 0.0230498 0.0401578 0.0226998
2 0.102231 0.608931 0.0525475 0.0493328 0.0226053
2 0.540398 0.0866138 0.0241837 0.0199768 0.022258
2 0.433136 0.141457 0.0308139 0.0317841 0.0221919
0 0.085969 0.285008 0.0230942 0.0447203 0.0219493
0 0.593934 0.533773 0.034852 0.0824551 0.0218471
0 0.294454 0.156691 0.015476 0.0273676 0.0217876
5 0.597174 0.0976721 0.0304815 0.0619268 0.0217248
9 0.143375 0.102698 0.00960541 0.0273567 0.0216698
2 0.0380236 0.614096 0.0334609 0.019187 0.02145
2 0.986931 0.244941 0.025037 0.0501231 0.0214406
5 0.248025 0.121947 0.0484362 0.0558227 0.0212405
7 0.542032 0.0733455 0.0331393 0.0386727 0.0212377
2 0.457879 0.506063 0.0451183 0.0373951 0.0211295
0 0.346233 0.136919 0.0215223 0.0394054 0.0209861
2 0.724567 0.226022 0.02355 0.0235399 0.0208194
2 0.728624 0.0938517 0.0116276 0.0210593 0.0207574
2 0.102806 0.609273 0.0484003 0.0422753 0.0206759
0 0.708531 0.0817081 0.0107674 0.029935 0.0204186
5 0.301027 0.0550644 0.028143 0.0468967 0.0203295
2 0.432841 0.140561 0.030435 0.0319908 0.0201349
2 0.466088 0.089595 0.0226491 0.0309503 0.0198702
2 0.702115 0.279075 0.0396481 0.0300998 0.0197297
0 0.379301 0.107621 0.0101937 0.0184514 0.0196715
0 0.708823 0.0835834 0.0109115 0.0278731 0.0196424
0 0.166473 0.169596 0.0114783 0.0305322 0.0194831
5 0.259973 0.127476 0.0331934 0.0451507 0.0194701
0 0.337621 0.140272 0.00984764 0.0288285 0.019456
2 0.661604 0.652634 0.018938 0.0203123 0.0194233
2 0.702313 0.278861 0.0405009 0.0303834 0.019269
5 0.24701 0.123077 0.0456454 0.0597326 0.0191503
2 0.0450974 0.688282 0.0629452 0.04513 0.0190291
5 0.749588 0.051164 0.102527 0.102328 0.0187972
5 0.729739 0.0434711 0.06269 0.0869422 0.018574
2 0.233871 0.146718 0.0220457 0.019804 0.0185338
5 0.744574 0.0528046 0.0833657 0.105609 0.0184647
0 0.665107 0.110873 0.0173567 0.0220716 0.0183134
0 0.0180401 0.328402 0.0170303 0.0575807 0.0182958
5 0.742966 0.0502152 0.080898 0.10043 0.0181732
2 0.262706 0.418548 0.0231951 0.0363911 0.0181343
2 0.457501 0.505775 0.0450615 0.0381517 0.0181121
0 0.718811 0.052777 0.0121459 0.0332652 0.0180851
2 0.252657 0.145538 0.0323594 0.0262115 0.0179316
2 0.0435694 0.691749 0.0669256 0.0523872 0.0178533
0 0.462696 0.50692 0.0348574 0.0399968 0.0178297
2 0.462056 0.0854727 0.0302613 0.0300508 0.0177497
2 0.679186 0.1396 0.00979538 0.0308238 0.0176169
2 0.468034 0.145018 0.0345467 0.0329216 0.0175906
2 0.365314 0.235505 0.0322486 0.0245751 0.0173679
5 0.249435 0.123687 0.0499038 0.0621062 0.0173299
2 0.284771 0.192378 0.0427671 0.0521534 0.0173012
9 0.767715 0.0966208 0.0141987 0.0193893 0.0172615
