2 0.465222 0.146068 0.0550528 0.0741523 0.596744
0 0.9329 0.0690157 0.0257214 0.0757387 0.574906
0 0.932745 0.0682313 0.0266926 0.0736681 0.562937
2 0.46633 0.145513 0.0570368 0.0735135 0.554859
2 0.799046 0.0462093 0.0717697 0.053071 0.544637
2 0.800381 0.0469227 0.0723797 0.0531414 0.544245
2 0.465629 0.146029 0.0561272 0.0735545 0.540478
2 0.464965 0.145211 0.0560215 0.0727672 0.505841
2 0.481462 0.213312 0.0805028 0.108164 0.494785
2 0.79879 0.0455827 0.0711314 0.0525739 0.481737
2 0.481102 0.212695 0.0800209 0.107665 0.475261
2 0.465048 0.145555 0.0576549 0.0747459 0.474152
2 0.482721 0.213985 0.0762062 0.109655 0.466986
2 0.481861 0.21343 0.07844 0.107599 0.466974
0 0.932557 0.0683424 0.0259735 0.0740208 0.464891
2 0.585055 0.0446074 0.0375896 0.0517381 0.456404
2 0.464183 0.145099 0.0546963 0.0732519 0.449883
2 0.799097 0.0468861 0.0717106 0.0530204 0.441638
2 0.798833 0.046535 0.0710028 0.054213 0.439247
0 0.93275 0.0683714 0.0266335 0.0766773 0.420717
0 0.933523 0.0680674 0.0265778 0.0753066 0.416073
2 0.798714 0.0464615 0.0711244 0.0523872 0.412014
0 0.933581 0.0691767 0.026491 0.0756966 0.410585
5 0.349 0.0632138 0.0469809 0.0755304 0.40574
2 0.481058 0.212769 0.0790659 0.107371 0.393816
2 0.465934 0.146035 0.0576145 0.0737424 0.384955
2 0.453353 0.0477506 0.0449162 0.0611856 0.382915
0 0.93309 0.0683454 0.0278358 0.0744503 0.381922
2 0.466801 0.145765 0.0579336 0.073975 0.364071
2 0.483658 0.214062 0.0755924 0.108304 0.360346
2 0.48177 0.21362 0.0780743 0.107417 0.36029
2 0.798892 0.0459106 0.0706876 0.0543694 0.358882
2 0.585129 0.0450061 0.0369557 0.0529369 0.358331
5 0.349208 0.063336 0.0482914 0.0749618 0.357446
2 0.482739 0.213346 0.0770126 0.109331 0.355421
5 0.348966 0.0630675 0.0470734 0.0746977 0.345421
2 0.799049 0.0472173 0.0711863 0.0531096 0.328463
2 0.981043 0.057765 0.0370579 0.0460166 0.325292
2 0.480909 0.212908 0.0825237 0.107412 0.324241
2 0.453554 0.0466613 0.0448302 0.061267 0.319121
0 0.0278208 0.225448 0.0243004 0.0708892 0.319024
2 0.453311 0.0479586 0.0440752 0.0596423 0.315617
0 0.933282 0.0679497 0.0266541 0.0739348 0.315251
2 0.58438 0.0440527 0.0371649 0.0506693 0.314702
2 0.480895 0.212953 0.0811071 0.101722 0.314301
2 0.799996 0.0478353 0.0733772 0.0525148 0.313071
0 0.028012 0.225128 0.0246359 0.0714664 0.310185
2 0.980935 0.0582112 0.0371262 0.0454186 0.302801
2 0.452668 0.0476443 0.0451943 0.0596024 0.297229
5 0.349218 0.0631786 0.0468871 0.0739874 0.293163
5 0.348999 0.0637318 0.0484238 0.0747709 0.284144
2 0.980733 0.0575397 0.037991 0.0460456 0.274034
2 0.584707 0.0448084 0.0367077 0.051478 0.273286
2 0.453138 0.0462524 0.0451607 0.0605855 0.26517
5 0.349194 0.0637571 0.0468436 0.0742237 0.262975
2 0.981454 0.0593559 0.0359791 0.0433752 0.255675
5 0.349031 0.0645785 0.0480655 0.074652 0.247303
2 0.981216 0.0578302 0.036853 0.0469156 0.247148
2 0.465779 0.146015 0.0572526 0.0733776 0.244465
2 0.584856 0.0440277 0.0373676 0.0508607 0.235773
5 0.34951 0.0634246 0.0474814 0.0741099 0.235227
2 0.453647 0.0485398 0.0445934 0.0612998 0.23319
2 0.45456 0.04668 0.046609 0.0613335 0.229991
2 0.584587 0.0447969 0.0364663 0.0513182 0.227566
2 0.453361 0.0466024 0.0445106 0.0609761 0.223542
2 0.452741 0.0482381 0.0452376 0.0604326 0.220655
0 0.208126 0.0937746 0.0220706 0.0471852 0.220481
0 0.209804 0.0968655 0.0229481 0.0503573 0.216283
2 0.453332 0.0476322 0.044116 0.0614944 0.209712
0 0.0278042 0.224915 0.0244043 0.0706241 0.206719
2 0.453692 0.0477082 0.0455825 0.0622671 0.198021
2 0.98113 0.0576772 0.0368845 0.0467189 0.196806
2 0.583885 0.0435249 0.0374279 0.0521356 0.182607
2 0.466822 0.145643 0.0565083 0.0759947 0.18163
2 0.98093 0.0578344 0.0380058 0.0418252 0.176653
2 0.798355 0.0532986 0.0677876 0.0410879 0.17029
2 0.982736 0.0591554 0.0338379 0.044348 0.167969
2 0.349479 0.0650284 0.0475732 0.0735341 0.167418
0 0.10486 0.0896865 0.0163424 0.0388479 0.167294
0 0.209463 0.0986596 0.026457 0.0524858 0.163629
5 0.349333 0.0633472 0.0456136 0.0735012 0.161796
2 0.583988 0.0448082 0.0375319 0.0514634 0.156829
2 0.489208 0.212925 0.0638989 0.100358 0.153614
9 0.385512 0.42268 0.0340728 0.0565938 0.152214
0 0.103471 0.090099 0.017238 0.0394626 0.152014
0 0.0276672 0.224765 0.0248933 0.0708298 0.151374
2 0.853328 0.0691728 0.0569204 0.0510616 0.14942
0 0.630447 0.0949104 0.0182365 0.0416359 0.149151
0 0.0274749 0.225154 0.0248922 0.071064 0.147206
2 0.45274 0.0458176 0.0441738 0.0596792 0.144441
2 0.683855 0.195821 0.0569674 0.0280118 0.143467
2 0.98079 0.0577917 0.0379148 0.0434154 0.141895
2 0.980707 0.0590381 0.0374352 0.0401339 0.138416
2 0.690412 0.0120194 0.0264893 0.0240388 0.136883
0 0.0973761 0.0883503 0.0189049 0.044182 0.13623
0 0.0283021 0.228122 0.0210394 0.0657198 0.135447
5 0.349495 0.0640406 0.0470342 0.0746008 0.135274
2 0.689425 0.0116569 0.0258017 0.0231949 0.134657
2 0.584112 0.0464543 0.0362492 0.0500722 0.133028
0 0.0286602 0.224921 0.0231722 0.0711385 0.129727
2 0.688599 0.0115335 0.027549 0.023067 0.129294
3 0.50667 0.284165 0.0608282 0.0555524 0.124943
0 0.208846 0.0979748 0.0257823 0.0525584 0.124842
0 0.0274553 0.22482 0.0241524 0.0709412 0.121334
2 0.688192 0.011261 0.0286081 0.0224761 0.118192
2 0.980736 0.05642 0.0379368 0.0477162 0.1107
2 0.487393 0.0247788 0.0322884 0.0398604 0.110227
2 0.642071 0.106972 0.0679541 0.0613265 0.107309
2 0.858237 0.0624299 0.0494316 0.0366197 0.106406
2 0.584531 0.0493357 0.0352594 0.0444881 0.10427
9 0.385499 0.422612 0.0337635 0.0564629 0.103282
0 0.100857 0.0901316 0.0215292 0.0400572 0.103145
0 0.0985193 0.0895118 0.0201346 0.0430885 0.102802
0 0.02882 0.22475 0.0240077 0.0705641 0.101418
0 0.208944 0.101416 0.0291536 0.0507215 0.0997253
2 0.642168 0.107343 0.0675807 0.0632383 0.0969312
2 0.463871 0.142681 0.0509329 0.0679381 0.0967506
5 0.385711 0.422269 0.0331856 0.0570463 0.0943602
0 0.211735 0.0954161 0.0224421 0.0424815 0.0938294
2 0.689808 0.0113783 0.0247456 0.0227567 0.0922737
2 0.858105 0.0663268 0.0494482 0.0419001 0.0921404
2 0.464663 0.134044 0.0469021 0.0503924 0.0908979
0 0.933819 0.0682772 0.0262005 0.0735815 0.0878251
2 0.856495 0.0653243 0.0520744 0.0428813 0.0860216
0 0.643474 0.103834 0.0626785 0.0594172 0.085099
0 0.209919 0.0997816 0.0270605 0.0498229 0.0850987
0 0.631222 0.0934276 0.0167929 0.0396228 0.084878
0 0.0272707 0.223229 0.0237688 0.0669373 0.0828808
2 0.642222 0.108267 0.0684456 0.0601308 0.0824549
2 0.464084 0.144933 0.0532663 0.0722341 0.0823523
2 0.486493 0.0240095 0.0299234 0.0447551 0.0816913
2 0.853324 0.0681943 0.0570724 0.0509168 0.0810142
5 0.38564 0.422046 0.0337003 0.0572288 0.0808034
2 0.641808 0.105936 0.0675306 0.0623299 0.0806359
2 0.684927 0.195126 0.0572456 0.0271921 0.0790448
0 0.207679 0.0988568 0.0323705 0.0548965 0.0770804
0 0.208947 0.0989768 0.0282936 0.0540421 0.076948
2 0.85223 0.0709054 0.0571491 0.0489092 0.076855
9 0.385462 0.422458 0.0336252 0.0567389 0.0766403
0 0.0272595 0.224408 0.02315 0.0698076 0.0753264
2 0.856576 0.0681102 0.0523699 0.0476774 0.0750131
0 0.731796 0.0151433 0.0121883 0.0301176 0.07497
0 0.206081 0.0968303 0.0287316 0.0555211 0.074644
0 0.731562 0.014576 0.0119743 0.0291414 0.0742616
0 0.930678 0.0681585 0.0294495 0.0710047 0.0740311
3 0.641238 0.106263 0.0677088 0.0569463 0.0740111
9 0.385246 0.422366 0.0335028 0.0557506 0.0733074
2 0.684532 0.196029 0.0555408 0.0287033 0.0728488
2 0.541465 0.0181249 0.0272499 0.0287693 0.0702997
2 0.489094 0.0239867 0.0250095 0.0426871 0.0695365
2 0.540814 0.0229975 0.0283568 0.0205125 0.0687741
2 0.684389 0.195167 0.0571215 0.0270606 0.0686608
2 0.480011 0.212545 0.0795336 0.105183 0.0677897
2 0.684387 0.195639 0.0570972 0.0271291 0.0673952
2 0.542678 0.0166742 0.0257942 0.0330081 0.0654448
2 0.583456 0.0493096 0.0371542 0.0438651 0.0653062
2 0.540905 0.022671 0.028315 0.0217954 0.0642919
0 0.0987438 0.0910768 0.0195191 0.041095 0.0633186
2 0.684055 0.195728 0.0570584 0.0272177 0.0611286
3 0.506686 0.278858 0.061409 0.0634093 0.0608843
2 0.483185 0.020501 0.0345814 0.0409267 0.0607663
2 0.85205 0.0700198 0.0568026 0.0495214 0.0597951
0 0.934233 0.0945274 0.0178383 0.0259547 0.0594403
0 0.930448 0.0695384 0.0291786 0.0761636 0.0593109
2 0.464422 0.139988 0.0499435 0.061859 0.0576777
0 0.62467 0.0953558 0.0236412 0.0419409 0.0564715
2 0.684037 0.195165 0.0572552 0.0272539 0.0556152
2 0.467686 0.1503 0.0568127 0.0663323 0.0549833
2 0.46515 0.145481 0.054881 0.074433 0.0545404
5 0.38632 0.422585 0.0319015 0.0566645 0.054524
0 0.736755 0.0148773 0.012356 0.0297546 0.0539237
0 0.205149 0.0962183 0.0265135 0.0526448 0.0536011
0 0.102614 0.0868508 0.0237595 0.0430301 0.0531531
2 0.641149 0.107519 0.0698366 0.0640279 0.0530902
0 0.644313 0.104275 0.0610316 0.0602629 0.0524529
2 0.484947 0.022577 0.0365566 0.0442183 0.0517955
0 0.0940543 0.0857827 0.0149042 0.0462054 0.0509164
2 0.799746 0.048991 0.0710453 0.0482384 0.0507543
0 0.512197 0.26126 0.0410751 0.0909756 0.0472994
2 0.449155 0.0457974 0.0482016 0.0600151 0.0450289
0 0.514557 0.260585 0.0394356 0.0881583 0.0450224
0 0.21078 0.102496 0.0268165 0.0469788 0.0448167
0 0.834608 0.0579435 0.0172821 0.0413365 0.0445394
3 0.859332 0.0719361 0.0363529 0.0436195 0.0432396
2 0.454115 0.0533858 0.042193 0.0636976 0.0431272
2 0.541816 0.016248 0.026064 0.032496 0.0430329
3 0.516771 0.286411 0.0389244 0.0468429 0.0429867
5 0.386295 0.423027 0.0319232 0.0550858 0.0428126
0 0.0269063 0.221038 0.0225346 0.0630871 0.0423694
2 0.540844 0.0177951 0.0264372 0.0303504 0.0416507
3 0.504363 0.282488 0.0606913 0.0566515 0.0399551
3 0.516869 0.283799 0.039392 0.0439827 0.0399165
0 0.51159 0.25511 0.0245861 0.0820003 0.0398954
13 0.642709 0.110321 0.064534 0.0464489 0.038796
0 0.510433 0.244611 0.02413 0.0620897 0.0380981
2 0.684647 0.195666 0.0570457 0.0280398 0.0375491
0 0.0267617 0.217268 0.0222149 0.056346 0.035838
5 0.385959 0.422612 0.0330003 0.05691 0.0354948
2 0.798831 0.0458664 0.071219 0.0556905 0.035224
0 0.213664 0.0859852 0.0164044 0.0287028 0.035166
2 0.584194 0.0523536 0.0347645 0.0408913 0.0349864
2 0.481459 0.0134242 0.0258245 0.0268484 0.0349772
2 0.644359 0.0184959 0.0358957 0.0222805 0.0349313
5 0.385807 0.422458 0.032699 0.0566194 0.0341692
2 0.68405 0.00885594 0.0362848 0.0177119 0.0337316
13 0.642392 0.111999 0.0645619 0.0430228 0.0335223
9 0.142267 0.0153184 0.00954924 0.028758 0.0329406
0 0.931758 0.0650174 0.0236774 0.0675286 0.032481
0 0.834717 0.0464871 0.0155235 0.05728 0.032453
5 0.348704 0.062655 0.0475436 0.0740409 0.0318805
3 0.858136 0.0723825 0.0389437 0.043788 0.0316556
2 0.806884 0.0310343 0.0384192 0.0249333 0.0307243
2 0.467673 0.162771 0.0566772 0.0477411 0.0303625
0 0.207532 0.0908998 0.0225258 0.0537052 0.0301397
2 0.855626 0.0667158 0.0519878 0.0475526 0.0297583
0 0.832455 0.0343728 0.0100592 0.0387854 0.0296327
2 0.486325 0.0223743 0.0351934 0.0447485 0.0294218
5 0.349208 0.0631952 0.0470253 0.0737317 0.0290073
2 0.486658 0.0335941 0.0231364 0.0292534 0.0286955
2 0.484746 0.213904 0.0930277 0.107811 0.0286378
3 0.50367 0.279654 0.0593161 0.0610058 0.0282558
2 0.542797 0.0171407 0.031315 0.0334098 0.0280672
9 0.134963 0.0128231 0.0193033 0.0256462 0.0280037
2 0.453834 0.0527158 0.0436405 0.0688279 0.027754
2 0.982344 0.0638109 0.0333756 0.0378685 0.027574
3 0.641585 0.105795 0.0675187 0.057958 0.027523
9 0.135201 0.0171772 0.0178826 0.0339535 0.0273799
3 0.852419 0.0702113 0.0532787 0.0459317 0.0271814
10 0.926631 0.122601 0.0279549 0.0351028 0.0265887
0 0.398156 0.0107528 0.0173749 0.0213825 0.0264187
0 0.93527 0.0956018 0.0207767 0.0240674 0.026234
2 0.583188 0.051186 0.0363653 0.043715 0.0261869
2 0.583934 0.0539849 0.0351515 0.0381982 0.0261502
2 0.506134 0.282706 0.0624523 0.0619308 0.0261376
1 0.927259 0.123515 0.0297474 0.0385648 0.0261122
3 0.506071 0.286928 0.0612869 0.0545824 0.0258201
2 0.229513 0.0817742 0.0241261 0.0336932 0.0254808
2 0.854557 0.0618629 0.0503485 0.0416531 0.0252393
2 0.397846 0.00954828 0.0161564 0.0190966 0.0248741
2 0.488898 0.0333609 0.0214264 0.0268127 0.0248601
2 0.640921 0.108977 0.0677747 0.0518094 0.0245489
9 0.141476 0.0276275 0.0101745 0.0189764 0.0244737
2 0.642094 0.114334 0.0693305 0.0693227 0.024438
1 0.926693 0.125464 0.0288521 0.040653 0.024378
0 0.0049225 0.132578 0.009845 0.0639718 0.02392
2 0.506157 0.283469 0.0609097 0.0597019 0.0237207
0 0.830839 0.0672851 0.0163223 0.0454365 0.023669
3 0.640787 0.10796 0.0696492 0.0542766 0.0227387
2 0.79939 0.0477126 0.0725852 0.0494485 0.022402
2 0.540776 0.0160239 0.0260643 0.0320477 0.0223227
0 0.62707 0.0943022 0.0251221 0.0417196 0.0222838
2 0.855634 0.0620797 0.0525381 0.0420663 0.0221497
2 0.474933 0.0150754 0.0233172 0.0301508 0.0220391
0 0.00525335 0.140114 0.0104328 0.0597689 0.0216266
2 0.470468 0.171906 0.0534504 0.0305046 0.0212294
2 0.455933 0.070009 0.034847 0.0417298 0.021111
2 0.987995 0.0640698 0.0232164 0.0376562 0.0202972
2 0.684122 0.195353 0.056032 0.0267641 0.0202485
2 0.643658 0.018547 0.0373142 0.0220138 0.0199921
0 0.485014 0.0216904 0.035773 0.043333 0.0199055
1 0.927516 0.126337 0.030246 0.0422066 0.0189308
10 0.925978 0.125354 0.0278788 0.0395374 0.0189136
2 0.979299 0.0571747 0.0408012 0.0428559 0.0188985
0 0.642508 0.0960656 0.053904 0.0465167 0.0186065
0 0.8398 0.0578222 0.0195719 0.0418715 0.0185863
9 0.137453 0.0142329 0.0185018 0.0284657 0.0184896
2 0.805455 0.0329683 0.0467779 0.025214 0.0184828
0 0.207086 0.103954 0.0329847 0.0470748 0.0183186
0 0.744291 0.0190482 0.0172041 0.0380965 0.0180575
0 0.744448 0.0274225 0.0128979 0.0521011 0.0179596
3 0.519306 0.288331 0.034675 0.0460642 0.0179411
2 0.642256 0.114946 0.0696304 0.0705977 0.0178827
0 0.102904 0.0890415 0.0252666 0.0419508 0.0178026
0 0.745426 0.0300756 0.0138426 0.0504394 0.0176362
0 0.247644 0.070072 0.0198766 0.0337422 0.0174902
1 0.926277 0.128115 0.0291447 0.0416708 0.0171737
2 0.399816 0.0102532 0.0176269 0.0205065 0.0171155
2 0.684225 0.195552 0.0566058 0.0270681 0.0170523
2 0.450933 0.0472096 0.0444638 0.0577623 0.0170331
2 0.488108 0.221098 0.0768088 0.120838 0.0170303
2 0.455151 0.0700411 0.0366129 0.0447562 0.0168116
3 0.639431 0.102836 0.0610853 0.0555768 0.0167403
28 0.204075 0.667893 0.0787839 0.0804846 0.0159815
2 0.862464 0.0649846 0.0413651 0.0308569 0.0158079
0 0.924416 0.0586876 0.0170727 0.0384723 0.0156506
2 0.46495 0.126145 0.044185 0.0349539 0.0154172
2 0.454606 0.0104559 0.0361486 0.0209117 0.0152625
0 0.0466513 0.132593 0.0185843 0.0525465 0.0152291
0 0.00697871 0.141663 0.0139497 0.0658753 0.0151904
0 0.250895 0.0752952 0.0158495 0.0230252 0.0151067
28 0.203754 0.667035 0.0809713 0.079913 0.0148589
0 0.824616 0.0722909 0.0158562 0.0400954 0.0147888
2 0.00528927 0.112196 0.0105785 0.111714 0.0147679
3 0.8533 0.0794236 0.0412094 0.0342952 0.0147536
0 0.0437534 0.130788 0.0132409 0.0489517 0.0145959
0 0.753034 0.0196355 0.0134203 0.039172 0.0144122
0 0.508279 0.239888 0.0255428 0.0601456 0.0142886
2 0.505948 0.28643 0.0628737 0.0656524 0.0142536
9 0.134052 0.0282937 0.0135767 0.0197132 0.0140355
0 0.753294 0.00698942 0.0111671 0.0139399 0.013875
