2 0.883508 0.557537 0.114567 0.122659 0.807206
2 0.884053 0.557234 0.113281 0.121149 0.785122
2 0.883994 0.557361 0.113256 0.12156 0.776898
2 0.884095 0.557096 0.113531 0.121955 0.7695
2 0.883814 0.557258 0.113743 0.12091 0.739902
2 0.88403 0.557112 0.113481 0.121743 0.73957
2 0.884182 0.557413 0.114013 0.121638 0.730933
2 0.883536 0.55753 0.113586 0.120704 0.718795
2 0.883476 0.55727 0.113981 0.121162 0.713266
2 0.881528 0.358073 0.0610859 0.069717 0.667937
2 0.731946 0.32555 0.0607942 0.064961 0.64041
2 0.731496 0.32597 0.0607119 0.0655708 0.619135
2 0.731912 0.32608 0.0605141 0.0657751 0.617218
2 0.567953 0.190542 0.0311278 0.0428553 0.615215
2 0.881745 0.357488 0.0608871 0.069312 0.610754
2 0.738621 0.272175 0.0576109 0.0570937 0.601574
2 0.568058 0.188623 0.0327131 0.0464477 0.599601
2 0.73227 0.325818 0.0607983 0.0661221 0.5923
2 0.747701 0.206533 0.0348925 0.0481395 0.587416
2 0.884135 0.557338 0.112815 0.122939 0.586327
0 0.0306762 0.247917 0.018852 0.0528043 0.568316
2 0.738788 0.271527 0.0578981 0.0564381 0.564747
2 0.731919 0.325889 0.0602055 0.0661462 0.561192
2 0.88978 0.316531 0.0714127 0.05968 0.561144
2 0.73161 0.325579 0.0607986 0.0657158 0.554632
5 0.593518 0.0832289 0.0297409 0.0554499 0.549897
2 0.731861 0.325782 0.0608929 0.0653201 0.547438
2 0.747566 0.206116 0.0354818 0.046918 0.545823
2 0.881011 0.356373 0.061425 0.0673051 0.538445
2 0.732104 0.326269 0.0610278 0.0645595 0.538012
2 0.747698 0.205789 0.0359118 0.0475056 0.532342
2 0.889099 0.31654 0.0732155 0.0604548 0.532333
2 0.881619 0.358298 0.0617607 0.0688318 0.519944
2 0.881011 0.358244 0.0611727 0.0691342 0.513816
5 0.151558 0.594226 0.0869167 0.181704 0.512653
2 0.568541 0.189081 0.03372 0.0464032 0.512347
2 0.567985 0.188814 0.0335001 0.0462474 0.512137
0 0.0305275 0.247866 0.0185188 0.053981 0.51159
2 0.255348 0.210309 0.0297526 0.0355443 0.499354
2 0.881224 0.357864 0.0617889 0.0711442 0.493235
2 0.747463 0.205431 0.036673 0.0474971 0.491178
2 0.738451 0.271947 0.0576633 0.0562627 0.491173
2 0.732012 0.325964 0.0612913 0.0648957 0.489311
2 0.747939 0.206549 0.0352629 0.0483285 0.48279
2 0.881776 0.356558 0.0609648 0.0682192 0.477472
0 0.030696 0.247177 0.0190496 0.0526305 0.474527
5 0.152065 0.594052 0.0873238 0.181736 0.469051
2 0.568793 0.189326 0.0353477 0.0463197 0.462278
2 0.400094 0.146144 0.0263788 0.0329658 0.460408
5 0.151827 0.593809 0.0870687 0.181103 0.458691
2 0.962151 0.502797 0.0747923 0.113887 0.44967
2 0.737823 0.271694 0.0566292 0.0564159 0.442555
2 0.738883 0.272249 0.0563511 0.0574137 0.433771
7 0.962181 0.50313 0.0751152 0.113656 0.431137
2 0.74787 0.205815 0.0381462 0.0490051 0.426156
2 0.40038 0.145231 0.027262 0.0345252 0.425348
2 0.881673 0.357429 0.0610004 0.0690935 0.424202
2 0.881461 0.35855 0.0622116 0.069807 0.423799
2 0.738348 0.272063 0.0584772 0.0568266 0.419104
2 0.738911 0.272186 0.0588995 0.0575039 0.417644
2 0.881463 0.358534 0.0608669 0.0702598 0.417612
2 0.568158 0.188594 0.0337526 0.0460463 0.413385
5 0.152161 0.593779 0.0872458 0.179976 0.411579
2 0.891467 0.316059 0.0698826 0.0611921 0.411513
2 0.74768 0.205198 0.0363972 0.0481189 0.410268
0 0.0301936 0.247598 0.0186056 0.0542271 0.408679
2 0.889453 0.315844 0.0739948 0.0626479 0.406727
0 0.192717 0.258054 0.0151562 0.0563606 0.403915
2 0.255671 0.209543 0.0285352 0.0394236 0.402141
7 0.962136 0.502442 0.0747002 0.113433 0.398414
5 0.152264 0.593632 0.087963 0.180614 0.396349
2 0.568235 0.188908 0.033033 0.0467443 0.396081
5 0.152018 0.593728 0.0874447 0.180419 0.391299
2 0.513878 0.167303 0.0297647 0.0409005 0.388382
0 0.192749 0.257904 0.017209 0.0562541 0.388037
2 0.74679 0.206149 0.0378166 0.048766 0.385027
2 0.881826 0.358353 0.0614338 0.0702357 0.383461
2 0.514112 0.169807 0.0293352 0.0380964 0.38149
2 0.738359 0.270099 0.0571281 0.0533394 0.378625
2 0.962279 0.502942 0.0744522 0.112436 0.378623
2 0.732318 0.327111 0.0587734 0.0631034 0.378208
2 0.25518 0.207561 0.0280557 0.0408264 0.375866
0 0.0314622 0.248162 0.0188481 0.0538622 0.371025
5 0.593567 0.0849864 0.0294151 0.0533137 0.36958
7 0.962311 0.503259 0.0746834 0.1145 0.368431
2 0.756964 0.147023 0.0374619 0.0363838 0.367986
2 0.567907 0.188821 0.0336156 0.0461189 0.367232
5 0.152045 0.593636 0.087398 0.180619 0.363813
2 0.400681 0.144146 0.0274331 0.0356683 0.363291
5 0.151625 0.594018 0.0873656 0.18209 0.362691
2 0.757068 0.147326 0.0371643 0.0367731 0.359874
2 0.756797 0.146566 0.0377874 0.0374773 0.354025
7 0.962088 0.503006 0.0749077 0.114142 0.352468
2 0.739322 0.27154 0.0578897 0.0567437 0.348828
2 0.51351 0.166264 0.0300297 0.0404014 0.348607
2 0.962327 0.503114 0.0744724 0.113773 0.34562
2 0.568299 0.19213 0.0335409 0.0407277 0.337082
2 0.513951 0.165318 0.0311514 0.0418101 0.33626
2 0.513768 0.165074 0.0307949 0.0413268 0.33392
2 0.748246 0.205394 0.0382476 0.0494496 0.328205
2 0.400505 0.145104 0.026795 0.0346047 0.327317
2 0.739073 0.272122 0.0581137 0.0567248 0.325242
2 0.256301 0.213478 0.0298465 0.0328354 0.322845
2 0.513994 0.16672 0.0299213 0.0417517 0.322088
2 0.757006 0.1477 0.0361998 0.0361589 0.320764
5 0.619771 0.134856 0.0499905 0.0828617 0.314516
2 0.255742 0.212493 0.0280703 0.0347381 0.311257
2 0.885181 0.265645 0.0644983 0.0427947 0.310091
2 0.255463 0.2093 0.0283954 0.0395377 0.306922
2 0.51414 0.16956 0.0287884 0.0378523 0.30388
7 0.962292 0.502769 0.0749294 0.113571 0.301785
2 0.256677 0.209694 0.0300751 0.0392455 0.298393
2 0.748714 0.205755 0.0391656 0.0488594 0.29693
2 0.891675 0.319039 0.0679491 0.0556362 0.295662
2 0.738984 0.272461 0.056426 0.0549028 0.295419
2 0.255779 0.215303 0.0279497 0.0289962 0.293431
5 0.593451 0.0830658 0.0295093 0.0556362 0.287729
2 0.757091 0.147115 0.0365742 0.0372604 0.284267
5 0.152307 0.593615 0.0877214 0.181399 0.281052
0 0.0318054 0.24765 0.0203821 0.0535529 0.27993
5 0.593398 0.0833935 0.0305311 0.0547752 0.279418
2 0.731481 0.326247 0.0609376 0.0637946 0.268681
2 0.104031 0.415305 0.0833951 0.0905663 0.26817
0 0.800205 0.208862 0.0170725 0.0451214 0.266124
2 0.756812 0.147771 0.0357079 0.0359468 0.262924
2 0.88285 0.265253 0.0604837 0.0399343 0.262807
2 0.881343 0.354839 0.0601357 0.065872 0.260409
5 0.619935 0.134501 0.0493577 0.0827777 0.260188
0 0.327831 0.202749 0.0117173 0.0427314 0.257675
2 0.885498 0.26443 0.0650299 0.0431598 0.252175
5 0.620613 0.134059 0.04934 0.082649 0.251692
2 0.10374 0.415756 0.0833893 0.0909928 0.2503
2 0.889509 0.31678 0.0717386 0.0583581 0.248374
0 0.92505 0.246124 0.0171276 0.0487813 0.246391
2 0.738679 0.272172 0.0574489 0.0557985 0.246243
2 0.530726 0.120305 0.023439 0.0321013 0.244599
5 0.5929 0.0851255 0.0312712 0.0519234 0.243291
0 0.959657 0.24539 0.0159828 0.0549282 0.243122
2 0.401156 0.142865 0.028651 0.0352297 0.241773
0 0.194879 0.256005 0.0155924 0.0544643 0.240811
2 0.885945 0.266202 0.0639753 0.0404591 0.235477
2 0.962275 0.503139 0.0748972 0.113451 0.229054
7 0.10392 0.41576 0.0833784 0.0913773 0.228722
5 0.593516 0.0834845 0.0310987 0.0541822 0.227828
2 0.99237 0.208668 0.0145081 0.0550991 0.219509
0 0.925261 0.246787 0.0170986 0.0496336 0.217347
2 0.104199 0.415025 0.0830965 0.090659 0.216943
2 0.882919 0.358509 0.0640181 0.071913 0.216853
2 0.103746 0.415794 0.0831284 0.0915956 0.21132
0 0.800427 0.208077 0.0176147 0.0456991 0.210703
0 0.327797 0.20087 0.0121241 0.0402648 0.207814
2 0.103891 0.415397 0.0833581 0.0911476 0.206699
0 0.193177 0.258831 0.016142 0.0556681 0.202861
5 0.620432 0.134189 0.0488741 0.0824906 0.202079
0 0.959285 0.246387 0.016729 0.0552214 0.201018
2 0.400238 0.143286 0.031272 0.0356112 0.198828
2 0.104496 0.415324 0.0828826 0.0918674 0.198631
0 0.800434 0.208861 0.0155967 0.0446874 0.198105
0 0.95948 0.244938 0.0148933 0.0539072 0.19802
0 0.800225 0.208623 0.01716 0.0453562 0.197374
5 0.593537 0.0838359 0.0288165 0.0534054 0.195333
0 0.958946 0.244272 0.0156601 0.0557216 0.194588
5 0.619654 0.133993 0.0512897 0.0834173 0.194028
5 0.61985 0.133815 0.0523708 0.0847641 0.193463
0 0.800662 0.207851 0.0167467 0.0438591 0.191377
2 0.255727 0.218619 0.0293992 0.0290226 0.189679
5 0.620045 0.136118 0.0511901 0.0772828 0.188453
2 0.885848 0.264043 0.0623375 0.0428838 0.18814
2 0.886746 0.265442 0.0631546 0.0415839 0.18577
0 0.994882 0.403845 0.00949764 0.0902527 0.183407
2 0.104283 0.414727 0.0834311 0.0905019 0.180413
0 0.925465 0.244908 0.0164688 0.0464074 0.179568
0 0.327921 0.203435 0.0120548 0.0432318 0.179265
5 0.622376 0.136449 0.0470251 0.0774869 0.178987
2 0.992451 0.202846 0.0143661 0.0468004 0.1785
2 0.88316 0.265837 0.0608021 0.041725 0.177439
2 0.530612 0.119591 0.0242194 0.0331066 0.176221
5 0.622255 0.137943 0.0461107 0.0759157 0.173948
2 0.887239 0.317017 0.0715881 0.0587243 0.172664
2 0.871234 0.267212 0.0348427 0.0358304 0.16815
0 0.959253 0.243068 0.0151976 0.0519039 0.167993
2 0.535321 0.0784559 0.0201665 0.0228394 0.162165
2 0.103681 0.415497 0.0828411 0.0915652 0.160537
5 0.618996 0.134392 0.0529728 0.0809616 0.157114
0 0.9944 0.403293 0.0103626 0.0951995 0.155752
2 0.254856 0.207916 0.0288296 0.0421296 0.154302
2 0.889373 0.317039 0.0703428 0.057599 0.150444
2 0.217716 0.158332 0.0250176 0.0344209 0.146632
0 0.191366 0.257587 0.0172128 0.0569864 0.146205
0 0.924578 0.246326 0.0181982 0.0481273 0.144658
2 0.893106 0.266774 0.0495893 0.0415216 0.143815
0 0.80019 0.208923 0.0164429 0.0445141 0.142548
2 0.741008 0.273633 0.0515741 0.0542776 0.140491
2 0.894081 0.317098 0.0633303 0.0573583 0.140407
0 0.924876 0.245168 0.0180094 0.047296 0.139203
2 0.451732 0.111104 0.0217401 0.0288653 0.13851
2 0.889324 0.318273 0.0740913 0.0539449 0.132263
0 0.994618 0.405508 0.0100662 0.100458 0.129952
2 0.530779 0.121388 0.0236 0.032176 0.125141
2 0.399849 0.144223 0.0315892 0.0369522 0.124622
2 0.746107 0.206055 0.0390062 0.0499698 0.12292
2 0.757177 0.14775 0.037362 0.0366082 0.122447
2 0.451366 0.114408 0.0206528 0.0235896 0.121895
2 0.400953 0.142893 0.0272807 0.0339015 0.121824
9 0.718509 0.0543409 0.0153222 0.0331207 0.120327
0 0.994209 0.407889 0.0108662 0.10107 0.118927
2 0.746496 0.206001 0.0396031 0.047792 0.118157
2 0.357738 0.233035 0.0201394 0.0239513 0.117525
2 0.891124 0.262491 0.0529976 0.0377483 0.117278
0 0.924178 0.246636 0.0188671 0.0498689 0.117123
2 0.487468 0.078674 0.019408 0.0196364 0.114045
0 0.0769511 0.283107 0.0125226 0.0327798 0.111679
5 0.592661 0.0831267 0.0298065 0.0554298 0.110376
2 0.535368 0.0784033 0.0200812 0.0217703 0.10941
0 0.190037 0.257769 0.0220083 0.0572746 0.108713
2 0.218932 0.159705 0.0256091 0.0344924 0.108225
2 0.568429 0.196263 0.0331748 0.0335941 0.107055
0 0.0288981 0.247167 0.0222196 0.0556681 0.103231
2 0.882206 0.229182 0.0391649 0.0404114 0.102485
5 0.26537 0.126663 0.0227573 0.0377056 0.100426
2 0.48744 0.078967 0.0186289 0.0194661 0.100076
2 0.514614 0.0795029 0.0245594 0.0249203 0.0992341
2 0.879839 0.220086 0.0318962 0.037647 0.097933
2 0.870131 0.26608 0.0369442 0.0377074 0.0970442
61 0.374562 0.967622 0.129559 0.0637581 0.095551
0 0.0763272 0.284107 0.014797 0.0332268 0.0938385
0 0.995092 0.396273 0.00917473 0.0724112 0.0933379
0 0.198159 0.257136 0.0216634 0.0560649 0.0928209
2 0.757098 0.148308 0.0366542 0.0346122 0.0909053
2 0.441962 0.0930791 0.0234503 0.0230791 0.0892696
0 0.202884 0.238643 0.0108562 0.0259693 0.0875329
2 0.757183 0.146285 0.0387945 0.0359788 0.0849117
5 0.300246 0.053956 0.0269338 0.0464198 0.0848402
0 0.189932 0.258029 0.0216338 0.0590881 0.0844817
7 0.962565 0.502923 0.0748697 0.110661 0.083185
5 0.299512 0.0537223 0.027176 0.046415 0.0828199
2 0.265998 0.125527 0.0234926 0.0349544 0.0822239
0 0.993913 0.407421 0.0113697 0.104656 0.0820904
0 0.0357454 0.248275 0.0224747 0.0525278 0.0804255
2 0.358185 0.234198 0.0214064 0.0247079 0.0799394
0 0.733374 0.26972 0.0479649 0.0514655 0.0793838
0 0.197814 0.255648 0.0209098 0.0570061 0.0784942
0 0.0385185 0.248415 0.0204937 0.0536703 0.0777605
2 0.515819 0.079803 0.0217098 0.0243682 0.0774241
2 0.870772 0.266739 0.036705 0.0366099 0.0762883
2 0.357143 0.232045 0.0241844 0.028239 0.0740967
2 0.256716 0.207692 0.0298501 0.0424953 0.0739492
0 0.192789 0.256059 0.0196326 0.0551749 0.07282
2 0.45019 0.10023 0.0223255 0.0299649 0.0726651
2 0.991473 0.209576 0.0165417 0.0514348 0.072579
2 0.25612 0.217631 0.0292152 0.0310278 0.072535
2 0.0049652 0.358571 0.00970254 0.0268389 0.0721077
2 0.109247 0.404444 0.0739941 0.0704075 0.070585
2 0.731771 0.327874 0.060222 0.0614726 0.0704603
2 0.66408 0.105978 0.0161034 0.0253731 0.0703761
61 0.374616 0.968239 0.129266 0.0628895 0.0697935
2 0.513633 0.168951 0.0293251 0.0430435 0.0697043
0 0.987153 0.277008 0.0231808 0.0487583 0.0683682
2 0.880074 0.221973 0.0323696 0.0405588 0.0682777
2 0.886376 0.319098 0.0697296 0.0586837 0.0677491
5 0.594265 0.0846291 0.0306521 0.051868 0.0674099
5 0.265025 0.128402 0.0203841 0.0340809 0.067183
2 0.888383 0.266411 0.0597717 0.0397134 0.0669567
2 0.749577 0.28458 0.0328687 0.0340708 0.0663148
2 0.992131 0.213788 0.0150349 0.0649222 0.0662716
0 0.988402 0.26984 0.0225834 0.060858 0.0652462
0 0.987532 0.274892 0.0222061 0.0489805 0.0648395
0 0.987893 0.272014 0.0229477 0.054505 0.0635177
5 0.300322 0.053949 0.0284681 0.0476062 0.0631872
0 0.958755 0.247056 0.0159252 0.053977 0.0631642
0 0.908125 0.232356 0.0169773 0.0227252 0.061226
0 0.993162 0.220794 0.012962 0.0561767 0.0605685
0 0.203322 0.235955 0.0109672 0.0273925 0.0588937
2 0.532215 0.120334 0.0261633 0.0338624 0.0587952
0 0.0767699 0.276356 0.0156786 0.0444775 0.0587336
2 0.902095 0.317027 0.0484791 0.0548159 0.0578854
5 0.265341 0.126753 0.0235854 0.038696 0.0575841
2 0.991894 0.406792 0.0156769 0.0979896 0.0566992
0 0.0399289 0.334826 0.0226068 0.0505425 0.0562102
2 0.870588 0.268685 0.0340279 0.0347853 0.0561423
0 0.98907 0.268343 0.0212898 0.0727616 0.0558885
2 0.889964 0.316146 0.0744381 0.0562479 0.0556867
2 0.437494 0.0950085 0.0165474 0.0228337 0.0553464
2 0.229594 0.161179 0.0163813 0.0307898 0.0548964
61 0.37434 0.967828 0.129691 0.0636467 0.0547713
28 0.605344 0.961539 0.115463 0.0758116 0.0547095
2 0.215571 0.157825 0.0247201 0.0332136 0.0545052
2 0.89881 0.275925 0.0398495 0.0320561 0.0536201
61 0.37451 0.968129 0.128626 0.0628304 0.0535783
0 0.723543 0.273336 0.0282619 0.0453223 0.0517665
0 0.988333 0.275145 0.0224728 0.0510863 0.0516476
0 0.0290685 0.24725 0.0227817 0.0540684 0.051561
0 0.925321 0.247986 0.0175779 0.0488961 0.051049
2 0.513166 0.157605 0.0314956 0.0322021 0.0509175
5 0.629086 0.0680913 0.0474766 0.0536614 0.0506305
0 0.380564 0.106176 0.0100054 0.0186695 0.0503869
2 0.452002 0.11539 0.0206919 0.0251645 0.0503564
2 0.218498 0.157309 0.0247138 0.0330014 0.0500347
5 0.59264 0.0838387 0.0272594 0.0563357 0.049367
2 0.219299 0.155926 0.0274965 0.0358919 0.0493505
