2 0.554235 0.715787 0.234929 0.255139 0.876627
2 0.553093 0.716109 0.236228 0.254758 0.853454
2 0.304808 0.899158 0.338214 0.200617 0.851265
2 0.554105 0.716346 0.234848 0.257343 0.850897
2 0.161354 0.857076 0.322709 0.276498 0.849884
2 0.553854 0.716806 0.235079 0.255635 0.84967
2 0.30245 0.898232 0.343509 0.203031 0.846715
2 0.302754 0.898601 0.34272 0.201983 0.839624
2 0.307287 0.898755 0.33334 0.201284 0.837064
2 0.303953 0.900304 0.337859 0.198156 0.836493
2 0.160996 0.857473 0.321992 0.274145 0.834858
0 0.418419 0.342654 0.053769 0.130585 0.834663
2 0.553699 0.716636 0.234465 0.256051 0.833923
2 0.161309 0.857007 0.322432 0.274615 0.833561
0 0.418278 0.342104 0.0545141 0.131115 0.823013
2 0.303052 0.898509 0.342229 0.202606 0.821102
0 0.418018 0.342387 0.054828 0.130905 0.820781
2 0.445738 0.622984 0.223673 0.210407 0.820717
2 0.553157 0.716587 0.235244 0.252583 0.817937
2 0.300316 0.897602 0.344883 0.203922 0.817914
2 0.554309 0.715766 0.234538 0.256085 0.816824
2 0.302192 0.8987 0.344131 0.201757 0.814313
2 0.554937 0.715316 0.231545 0.253589 0.814277
2 0.445797 0.622718 0.222458 0.212841 0.808363
1 0.300586 0.414298 0.0664035 0.0751211 0.806225
2 0.161284 0.857303 0.322567 0.273903 0.798412
2 0.444998 0.62274 0.223911 0.212056 0.797121
2 0.300893 0.897665 0.346247 0.20438 0.795708
0 0.418003 0.342423 0.0539151 0.130934 0.794786
2 0.161624 0.857107 0.323248 0.274646 0.794191
0 0.418539 0.342603 0.0549137 0.131434 0.790769
2 0.445974 0.622225 0.224779 0.211628 0.790295
0 0.418108 0.343381 0.0536856 0.130467 0.789715
2 0.444921 0.622409 0.224876 0.211042 0.789138
2 0.16109 0.857397 0.32218 0.274079 0.784238
0 0.418657 0.342404 0.0542453 0.131238 0.77323
2 0.162148 0.856723 0.32406 0.274198 0.768541
1 0.30067 0.416065 0.0653156 0.0740714 0.758985
2 0.162936 0.856472 0.325873 0.276853 0.753138
2 0.162296 0.856526 0.324593 0.275536 0.74835
2 0.446059 0.622382 0.225105 0.213788 0.747585
2 0.554516 0.718406 0.234846 0.253934 0.746
2 0.446337 0.62245 0.225787 0.213139 0.74286
2 0.162738 0.856617 0.325191 0.273511 0.732132
0 0.750143 0.315206 0.0233459 0.124618 0.71093
2 0.445527 0.622641 0.224764 0.212419 0.709364
0 0.41907 0.342346 0.0538618 0.132528 0.706241
0 0.417953 0.342838 0.0536158 0.131591 0.701308
0 0.418884 0.342036 0.0547329 0.132333 0.692756
0 0.749955 0.315284 0.0227255 0.123485 0.685396
1 0.300891 0.416679 0.0641461 0.0723347 0.665768
1 0.300461 0.415035 0.0662847 0.0748002 0.618568
1 0.299519 0.414592 0.0635396 0.0733706 0.614181
1 0.300292 0.415771 0.0665383 0.0737703 0.561127
0 0.0800637 0.334395 0.0258309 0.102099 0.553905
0 0.418152 0.342258 0.0544351 0.125771 0.55197
0 0.749321 0.31798 0.0224614 0.120567 0.550043
0 0.750165 0.317191 0.0228126 0.121735 0.527582
1 0.301051 0.419189 0.0654192 0.0672888 0.525682
0 0.30182 0.382283 0.047797 0.109443 0.522487
0 0.301564 0.379774 0.0450845 0.105601 0.521041
0 0.750577 0.315317 0.0228601 0.122821 0.505777
0 0.301849 0.380445 0.0449058 0.105139 0.501145
0 0.0803209 0.333496 0.0244252 0.10085 0.498407
0 0.0796624 0.332904 0.0236656 0.0985338 0.498361
0 0.301258 0.382216 0.0474658 0.109738 0.495943
0 0.302492 0.380049 0.0435875 0.107679 0.474265
0 0.24526 0.364079 0.0360519 0.124238 0.454025
2 0.928104 0.146442 0.0602051 0.072103 0.448261
0 0.302695 0.380963 0.0437675 0.108538 0.444673
2 0.929503 0.1457 0.0615791 0.0717307 0.436748
2 0.777947 0.744586 0.2306 0.279941 0.424703
0 0.245337 0.363458 0.0366949 0.123258 0.416066
0 0.750812 0.315791 0.0234541 0.123119 0.411471
0 0.243727 0.364229 0.0353158 0.119469 0.402605
0 0.0803878 0.333863 0.0255592 0.101511 0.399572
2 0.929104 0.146402 0.0618771 0.0728641 0.394602
2 0.927715 0.146063 0.0585505 0.0711693 0.389425
1 0.299261 0.413101 0.0641195 0.0781244 0.388584
2 0.930752 0.145877 0.0636898 0.0715105 0.375225
0 0.302104 0.384195 0.0429668 0.114439 0.369956
2 0.926917 0.146974 0.0593246 0.0740196 0.365506
0 0.0351439 0.334663 0.0293002 0.105536 0.362159
0 0.245911 0.364135 0.0363295 0.123962 0.358028
2 0.777946 0.745279 0.231233 0.27902 0.355878
2 0.778082 0.745179 0.230826 0.277825 0.355853
0 0.245696 0.362692 0.0367578 0.123885 0.352853
2 0.445428 0.625613 0.22174 0.206046 0.35201
0 0.301604 0.382268 0.0424171 0.110322 0.350746
1 0.300596 0.416684 0.0644616 0.0720336 0.34437
0 0.0802568 0.333355 0.025574 0.101051 0.343172
0 0.418143 0.344537 0.05367 0.127463 0.342154
2 0.446271 0.624115 0.223815 0.206046 0.341451
2 0.923857 0.374607 0.150368 0.127776 0.340212
2 0.776877 0.745388 0.230339 0.279899 0.339823
2 0.931102 0.143548 0.0649895 0.0678138 0.337658
2 0.931734 0.145222 0.0646332 0.0708481 0.333025
0 0.0354583 0.335158 0.0292144 0.105608 0.328275
2 0.923416 0.374611 0.150256 0.127605 0.31901
0 0.748621 0.315618 0.0274683 0.126418 0.314625
0 0.0620371 0.325541 0.025852 0.0914308 0.310037
2 0.924148 0.374829 0.149877 0.127942 0.309902
2 0.928834 0.145344 0.0587601 0.0708019 0.305179
2 0.778397 0.744478 0.230532 0.280569 0.30342
0 0.035396 0.33407 0.0298217 0.105141 0.302255
2 0.927179 0.146948 0.0582558 0.0723622 0.301297
0 0.0355896 0.332619 0.0267292 0.10021 0.300637
0 0.0806313 0.334751 0.0255997 0.10289 0.29459
0 0.0616948 0.320722 0.0252542 0.082456 0.291923
0 0.0344984 0.335163 0.028724 0.104102 0.285803
0 0.0615585 0.323858 0.0257237 0.0896539 0.28163
0 0.0344839 0.334297 0.0276267 0.103097 0.278354
2 0.923635 0.374834 0.150071 0.127852 0.278332
1 0.301108 0.420544 0.063966 0.0647258 0.275714
2 0.777883 0.744916 0.230077 0.276263 0.271976
0 0.243454 0.363127 0.0343101 0.120343 0.26293
0 0.0799538 0.33182 0.0219309 0.0931907 0.258772
0 0.24261 0.365338 0.0333537 0.108583 0.257488
0 0.187819 0.212112 0.0256535 0.0799895 0.255797
2 0.924185 0.374223 0.150517 0.127267 0.253205
2 0.923928 0.374233 0.149971 0.127055 0.250214
0 0.747159 0.316401 0.0312141 0.127152 0.247823
2 0.925323 0.147205 0.0546831 0.072155 0.24548
2 0.346751 0.203474 0.0974141 0.0673338 0.243175
2 0.924685 0.37436 0.149619 0.127502 0.241188
0 0.370523 0.284876 0.0293227 0.104748 0.236944
0 0.750274 0.308197 0.0217873 0.108795 0.235799
0 0.248295 0.363901 0.0435081 0.12478 0.235206
0 0.748832 0.318519 0.0235837 0.117798 0.234613
0 0.0622706 0.326847 0.0271867 0.0966369 0.231011
0 0.749129 0.315252 0.0268629 0.125497 0.229123
2 0.715329 0.155719 0.0720516 0.0693977 0.225965
0 0.272557 0.173191 0.0157839 0.0544651 0.225953
0 0.27213 0.17271 0.0167185 0.0552536 0.221999
0 0.0351124 0.331606 0.0254976 0.0981195 0.219568
0 0.748938 0.315461 0.0271562 0.124983 0.215227
2 0.715506 0.153599 0.0717997 0.0663656 0.215075
0 0.461925 0.596417 0.0300979 0.0454981 0.214524
0 0.271757 0.172369 0.0174048 0.0566416 0.210033
5 0.716075 0.154422 0.0721119 0.0696404 0.208914
0 0.252694 0.365081 0.0511488 0.126011 0.207857
0 0.386263 0.198028 0.0215638 0.0557453 0.205744
1 0.301409 0.415177 0.0630604 0.0730629 0.205633
2 0.346517 0.203019 0.0950942 0.0660346 0.204764
5 0.715527 0.154723 0.0722085 0.0700303 0.204411
0 0.303362 0.382567 0.045253 0.109311 0.203335
3 0.601263 0.219945 0.0391144 0.0498321 0.199154
0 0.0626846 0.326333 0.0270678 0.0964857 0.198956
5 0.715183 0.155001 0.0737335 0.0691987 0.193944
0 0.0621731 0.324427 0.0253375 0.0896394 0.193674
0 0.0617364 0.325157 0.0243303 0.0910169 0.192656
0 0.247699 0.363895 0.0413332 0.124471 0.192223
0 0.369698 0.283513 0.0296505 0.103771 0.192165
0 0.188778 0.211942 0.0277103 0.0805801 0.190037
0 0.242657 0.366507 0.0332411 0.109101 0.189682
2 0.90914 0.0794079 0.0360397 0.0218035 0.185037
26 0.396969 0.359617 0.0162488 0.0217691 0.18452
0 0.187995 0.212405 0.0264517 0.0854781 0.184146
2 0.346418 0.203493 0.0964134 0.0668516 0.183651
0 0.676295 0.348786 0.0312647 0.129716 0.182399
5 0.714453 0.155702 0.0734493 0.0688654 0.182259
0 0.0358746 0.332776 0.0314622 0.105332 0.178126
2 0.931209 0.142485 0.0628366 0.0673304 0.177662
0 0.676027 0.348927 0.0309166 0.131061 0.177503
0 0.370224 0.284146 0.0293236 0.104854 0.177151
0 0.00769299 0.297925 0.0152912 0.120652 0.175832
0 0.677196 0.349128 0.0298139 0.129512 0.173778
0 0.0619413 0.328272 0.0273057 0.0975361 0.172772
0 0.187686 0.212898 0.0237639 0.0819035 0.17087
2 0.777524 0.741579 0.230361 0.279792 0.169368
0 0.123024 0.196683 0.0186463 0.0580867 0.168853
2 0.714863 0.155566 0.0721869 0.0685912 0.166546
0 0.461044 0.596215 0.0325098 0.0500425 0.16494
0 0.0604195 0.327388 0.0254221 0.08491 0.164854
0 0.00844083 0.29612 0.0167769 0.124825 0.164279
0 0.187838 0.213159 0.0244506 0.0821167 0.161869
2 0.777908 0.742974 0.232841 0.272847 0.160569
0 0.123591 0.196631 0.0176665 0.0570186 0.159138
0 0.244821 0.367169 0.0372072 0.115393 0.156043
0 0.124163 0.196111 0.0177388 0.0570015 0.155726
0 0.424385 0.340034 0.0426044 0.120658 0.152644
0 0.186123 0.211606 0.0224989 0.0784585 0.152326
0 0.418812 0.342393 0.0519912 0.125978 0.152151
0 0.293417 0.383043 0.0559417 0.112447 0.149975
2 0.777561 0.742881 0.231725 0.280671 0.146481
0 0.675538 0.348575 0.0297198 0.131684 0.144368
0 0.390508 0.199604 0.0201433 0.0494591 0.14423
2 0.345878 0.203909 0.0966829 0.0674964 0.142582
2 0.714937 0.15476 0.0710665 0.0699261 0.141779
0 0.188602 0.211132 0.0274066 0.0863687 0.138481
3 0.601369 0.219059 0.038826 0.0523469 0.138044
1 0.300113 0.415416 0.0645958 0.0733886 0.137306
3 0.601839 0.223635 0.0388871 0.0412346 0.135107
0 0.30105 0.380721 0.045752 0.11007 0.134855
2 0.910853 0.0792732 0.0397991 0.0232151 0.132637
3 0.601814 0.22597 0.0382926 0.0316669 0.132551
5 0.715921 0.154447 0.0724876 0.0692347 0.132506
0 0.676129 0.347564 0.0282446 0.127244 0.132337
2 0.924633 0.373915 0.1498 0.127833 0.127973
0 0.063811 0.327388 0.0281595 0.0993738 0.126851
0 0.676071 0.348638 0.0308223 0.130767 0.125552
0 0.188713 0.212241 0.0263009 0.0804639 0.122699
0 0.00810334 0.297681 0.0162067 0.123423 0.122612
0 0.0687992 0.331707 0.0375332 0.097322 0.120629
0 0.24862 0.362841 0.0427287 0.122995 0.120587
0 0.00806939 0.297699 0.0161388 0.1184 0.120064
0 0.385951 0.201119 0.0205764 0.0513689 0.118508
2 0.777971 0.741643 0.23001 0.267789 0.117979
1 0.280844 0.410793 0.100773 0.0759342 0.11685
0 0.462234 0.59529 0.0304016 0.0475497 0.116571
2 0.34668 0.203728 0.0956298 0.0680883 0.11636
0 0.749943 0.319154 0.0225208 0.115866 0.116073
0 0.0618052 0.315637 0.0237042 0.0701869 0.115933
0 0.00804607 0.301922 0.0160178 0.128176 0.11456
7 0.714055 0.155157 0.0703533 0.0690581 0.113357
0 0.676518 0.34903 0.0288563 0.128969 0.11283
2 0.92467 0.373731 0.149517 0.127298 0.110466
0 0.243139 0.356259 0.032999 0.105937 0.11035
0 0.675106 0.348765 0.02952 0.130961 0.109111
0 0.242256 0.35108 0.0324563 0.0851068 0.108987
0 0.597013 0.207594 0.0184555 0.039933 0.108978
1 0.0817317 0.35903 0.0222642 0.0549445 0.108959
0 0.334392 0.162709 0.0168227 0.0324365 0.108488
0 0.0799875 0.336544 0.0267246 0.098707 0.107416
0 0.545759 0.173793 0.0191134 0.038128 0.106831
0 0.122326 0.197326 0.0188088 0.0576736 0.106691
0 0.388085 0.199988 0.0215331 0.0507112 0.105991
1 0.300871 0.420592 0.0640958 0.0638516 0.105916
0 0.600067 0.204754 0.0225138 0.0423384 0.10579
0 0.236211 0.201587 0.0170673 0.048113 0.104361
0 0.00830567 0.299764 0.0164703 0.120529 0.104251
0 0.752412 0.315266 0.0292265 0.125123 0.103928
0 0.462606 0.596687 0.0301862 0.0449408 0.103568
0 0.461848 0.594387 0.0314187 0.0458048 0.10225
0 0.274099 0.172746 0.0170502 0.0529137 0.101972
0 0.236641 0.200894 0.0171133 0.0479189 0.101821
0 0.750554 0.309665 0.0228601 0.111327 0.101685
0 0.152536 0.21489 0.017993 0.0656878 0.101623
1 0.262411 0.409351 0.0581574 0.0686534 0.101314
5 0.714954 0.15541 0.0712238 0.0707304 0.100764
2 0.937179 0.0954309 0.0304817 0.0260083 0.0995991
9 0.779653 0.10638 0.0161015 0.033858 0.0988325
3 0.601849 0.224208 0.0379936 0.0342804 0.0986399
2 0.659503 0.163249 0.0416965 0.0386727 0.097965
0 0.0784909 0.332741 0.028241 0.102215 0.0973027
2 0.97565 0.145538 0.0243359 0.0253485 0.096266
0 0.674156 0.349007 0.0289053 0.130342 0.0960281
26 0.397472 0.359909 0.0158661 0.0221284 0.0942136
0 0.187866 0.214264 0.0260666 0.0849873 0.0939644
0 0.675835 0.347271 0.0275617 0.127182 0.0929895
0 0.389658 0.195835 0.0231463 0.0456893 0.0911552
0 0.0086177 0.299954 0.0172026 0.123854 0.0908153
0 0.124665 0.19632 0.0185917 0.0556951 0.0905242
0 0.334155 0.168916 0.0185089 0.0432547 0.0900978
0 0.235399 0.202351 0.0169065 0.0488496 0.089563
0 0.0819942 0.333692 0.0292534 0.101404 0.0890124
0 0.370402 0.286398 0.030822 0.0980684 0.0890087
0 0.384901 0.196515 0.0180585 0.0560229 0.0871993
2 0.705506 0.170934 0.0456966 0.0392629 0.0868729
0 0.602512 0.204682 0.0263 0.0405005 0.0860748
0 0.604144 0.207877 0.0261652 0.0400254 0.0858405
0 0.273409 0.172682 0.0184298 0.0551604 0.0857618
0 0.426071 0.342427 0.038029 0.121804 0.0855496
2 0.937048 0.0969988 0.0316124 0.0249945 0.0849706
0 0.335826 0.161949 0.0153207 0.027493 0.0847439
1 0.282588 0.413526 0.0983361 0.0764914 0.0844302
0 0.427087 0.178519 0.0151082 0.0589631 0.0839889
1 0.0821217 0.36101 0.0204375 0.0513143 0.0829984
1 0.263708 0.416262 0.0628406 0.0677583 0.0818746
8 0.780849 0.573989 0.232602 0.651977 0.0816375
0 0.370003 0.291157 0.0311079 0.0874405 0.080137
1 0.369795 0.308836 0.0311125 0.0528381 0.0800653
0 0.466227 0.591573 0.0366798 0.0448153 0.0790635
0 0.483131 0.588562 0.0825262 0.0829056 0.0786143
2 0.659162 0.163958 0.0413244 0.0371357 0.0771823
2 0.448194 0.625652 0.225546 0.2135 0.0766986
2 0.709557 0.15545 0.0594793 0.0701303 0.0765673
0 0.37037 0.2852 0.0311719 0.100393 0.0764863
0 0.18933 0.208013 0.0242685 0.0732906 0.0751387
0 0.0345745 0.325396 0.0221965 0.0861429 0.0748688
0 0.369512 0.284388 0.0334112 0.102294 0.0740262
0 0.676308 0.348919 0.0319808 0.130748 0.0730727
0 0.484879 0.581762 0.0709198 0.0685139 0.072464
0 0.385641 0.204259 0.0181481 0.0447231 0.0723154
0 0.602043 0.21525 0.0369851 0.0519839 0.0719621
0 0.490356 0.577035 0.0577072 0.0576553 0.0704047
0 0.23572 0.201455 0.0168349 0.0504406 0.0702978
0 0.0662113 0.328552 0.0336504 0.100882 0.0700828
5 0.623232 0.142348 0.0339823 0.0395063 0.0695197
0 0.541122 0.172412 0.0169329 0.0379756 0.0691039
0 0.427514 0.177677 0.0158748 0.0610012 0.0688216
3 0.601179 0.230851 0.0385222 0.0332739 0.0684984
5 0.77721 0.584824 0.234315 0.609347 0.0680288
0 0.0373222 0.330628 0.0296702 0.096171 0.0677954
2 0.93021 0.144498 0.0640387 0.0731503 0.0676772
2 0.929589 0.145338 0.0621815 0.0690416 0.0672343
3 0.31987 0.219615 0.0427607 0.0355783 0.0670857
2 0.923459 0.15513 0.0504854 0.0577148 0.066888
2 0.975455 0.150362 0.0231361 0.0174755 0.0666706
2 0.835931 0.406103 0.0709732 0.0774616 0.0656617
