2 0.285762 0.520571 0.238069 0.174398 0.915508
2 0.286282 0.522177 0.236301 0.17676 0.913207
2 0.30568 0.897834 0.338873 0.203836 0.885837
2 0.285757 0.521139 0.237082 0.174766 0.879215
2 0.286133 0.521454 0.238425 0.176499 0.87764
2 0.28638 0.52158 0.237807 0.176653 0.87704
2 0.306079 0.898795 0.336014 0.201318 0.876304
2 0.307895 0.897845 0.333776 0.203449 0.87621
2 0.285825 0.521097 0.23848 0.175089 0.87429
2 0.285485 0.521173 0.237747 0.175241 0.874074
2 0.306276 0.898185 0.336554 0.202577 0.872499
2 0.305724 0.898005 0.338771 0.203647 0.872494
2 0.305232 0.898198 0.339811 0.202803 0.864801
2 0.305198 0.898245 0.33914 0.202663 0.857815
2 0.286013 0.521138 0.238464 0.175274 0.855804
2 0.3033 0.89745 0.340639 0.204253 0.827182
2 0.16138 0.856429 0.322761 0.27319 0.824859
2 0.303876 0.897297 0.341806 0.205135 0.815152
2 0.161624 0.856124 0.322866 0.276135 0.802744
2 0.447674 0.620165 0.22614 0.215363 0.800417
2 0.16162 0.855872 0.322719 0.273174 0.799498
2 0.447222 0.620605 0.227303 0.215993 0.787378
2 0.285598 0.5206 0.239142 0.175908 0.784835
2 0.553621 0.715425 0.234534 0.253733 0.77531
2 0.55523 0.715196 0.233173 0.253862 0.766313
2 0.554026 0.71683 0.233419 0.252382 0.755392
1 0.494093 0.392459 0.0712284 0.0856024 0.754423
2 0.286594 0.520934 0.238853 0.175607 0.751658
2 0.446882 0.621406 0.224223 0.215271 0.737823
2 0.161343 0.856259 0.322686 0.27334 0.732834
2 0.554188 0.716514 0.232962 0.253915 0.72734
2 0.161773 0.855383 0.323546 0.273649 0.723714
2 0.554509 0.715369 0.233598 0.254191 0.716569
0 0.171813 0.367299 0.0388809 0.117601 0.711492
2 0.162263 0.855183 0.324526 0.273975 0.70947
2 0.162284 0.855164 0.324116 0.272974 0.70258
2 0.44791 0.619114 0.225766 0.213401 0.701604
2 0.161432 0.855961 0.322864 0.272582 0.695861
2 0.553901 0.717399 0.233044 0.253251 0.695402
0 0.171934 0.366317 0.0389846 0.118047 0.691073
0 0.171845 0.366935 0.0392767 0.116748 0.690728
1 0.493872 0.394019 0.0716778 0.0823659 0.689723
1 0.494764 0.394021 0.0731578 0.0829307 0.689351
1 0.494975 0.39388 0.0723152 0.0827117 0.677866
2 0.162826 0.85495 0.325169 0.272369 0.673452
1 0.494315 0.394644 0.0734435 0.0820444 0.670112
2 0.445806 0.619457 0.22401 0.214359 0.66824
0 0.171727 0.366763 0.0380253 0.116004 0.667307
0 0.497257 0.341326 0.0534335 0.132901 0.652788
0 0.498109 0.340345 0.0504803 0.131392 0.649277
0 0.358267 0.183081 0.0201828 0.0648657 0.648927
0 0.498071 0.341716 0.0532848 0.133782 0.643467
0 0.4978 0.340608 0.0503454 0.131719 0.639147
0 0.497965 0.340868 0.0494177 0.131902 0.636735
2 0.447587 0.620671 0.22653 0.216864 0.635834
0 0.172064 0.36683 0.0400541 0.118401 0.629206
0 0.0441342 0.320875 0.0267328 0.0924954 0.627839
0 0.0445166 0.322043 0.0265765 0.0960274 0.624954
0 0.0443124 0.321544 0.0270279 0.0966582 0.620773
0 0.498122 0.340716 0.0505845 0.131465 0.619288
0 0.358369 0.182713 0.0202796 0.0651941 0.611059
2 0.162987 0.85498 0.32572 0.275862 0.609221
2 0.448001 0.619958 0.225205 0.215942 0.603643
0 0.43336 0.165506 0.0215003 0.0676163 0.600763
0 0.433304 0.165163 0.0218771 0.0679566 0.589176
0 0.497698 0.341629 0.0491842 0.134154 0.56636
0 0.0444052 0.321548 0.0264082 0.0949745 0.566243
0 0.171437 0.367308 0.0361011 0.116967 0.562104
0 0.17242 0.366932 0.0415884 0.116977 0.553502
1 0.494944 0.394844 0.0721247 0.0803198 0.54949
1 0.494663 0.392565 0.074873 0.0866441 0.538198
0 0.433309 0.165303 0.0228711 0.0675663 0.53146
0 0.498346 0.3409 0.0509463 0.133327 0.528943
2 0.553811 0.714689 0.233802 0.253233 0.520277
0 0.358209 0.182411 0.0208783 0.0642843 0.518327
0 0.0440551 0.320019 0.0260895 0.0922689 0.51759
1 0.494795 0.399095 0.0726276 0.0725807 0.515999
2 0.264995 0.214378 0.109214 0.0709825 0.501557
2 0.928483 0.145792 0.062327 0.0742495 0.501262
0 0.0442211 0.319667 0.0265986 0.0913408 0.491725
0 0.0441598 0.321876 0.0283492 0.0975555 0.490993
0 0.433552 0.165516 0.0224997 0.0667462 0.487003
1 0.495527 0.39937 0.0712025 0.0707451 0.483489
2 0.26513 0.214114 0.110266 0.0706758 0.480528
2 0.554558 0.715737 0.234565 0.256939 0.479278
0 0.433579 0.165007 0.0202241 0.0669888 0.471947
0 0.358113 0.183379 0.0200471 0.0636172 0.469726
0 0.358635 0.182346 0.0211286 0.0639228 0.460702
0 0.171191 0.366424 0.0373906 0.114668 0.448727
2 0.928639 0.146041 0.0631458 0.0743571 0.444263
2 0.927137 0.146373 0.0604668 0.0736218 0.434552
2 0.927101 0.146075 0.0602966 0.0736631 0.434094
2 0.2652 0.214579 0.110481 0.0717271 0.42426
2 0.92672 0.145722 0.058379 0.0736437 0.415607
1 0.493707 0.392259 0.0723984 0.0872973 0.409499
2 0.929918 0.146046 0.0634678 0.0742733 0.409125
0 0.044613 0.321432 0.0274944 0.0924373 0.405111
2 0.264626 0.214122 0.110482 0.071454 0.401792
2 0.924563 0.146265 0.0555119 0.0732943 0.398104
0 0.359724 0.182729 0.0214375 0.0642718 0.382043
0 0.172125 0.365977 0.0376303 0.115833 0.38136
2 0.26534 0.21389 0.109469 0.0713929 0.381286
0 0.171688 0.367203 0.0380584 0.117937 0.375108
2 0.926811 0.146282 0.0606281 0.0749099 0.37339
2 0.883887 0.37239 0.16721 0.15486 0.369879
2 0.883703 0.372158 0.166974 0.157097 0.359191
2 0.26523 0.213765 0.11015 0.0725712 0.358747
2 0.26532 0.213617 0.109929 0.0715292 0.351199
0 0.433042 0.16506 0.0225473 0.0684832 0.350445
0 0.433133 0.165285 0.0212578 0.0689076 0.345113
0 0.433916 0.165796 0.0197441 0.0653766 0.339254
0 0.496753 0.341451 0.0432591 0.134777 0.339084
2 0.884018 0.372494 0.168212 0.15405 0.334517
2 0.265471 0.214298 0.109679 0.0723158 0.332158
2 0.931418 0.145515 0.0651779 0.075362 0.330024
1 0.494495 0.390734 0.0745352 0.0909408 0.327239
2 0.554825 0.718008 0.232599 0.249302 0.326866
0 0.0449395 0.319563 0.0280049 0.0915442 0.320878
2 0.305621 0.89704 0.335657 0.204071 0.306391
0 0.0430807 0.319397 0.0284017 0.0929913 0.289233
0 0.35901 0.18245 0.0220697 0.0652492 0.287191
2 0.777672 0.73819 0.230353 0.277457 0.276157
0 0.171946 0.373382 0.0388231 0.105231 0.274673
2 0.931556 0.144552 0.0668297 0.0720297 0.269331
2 0.883571 0.372474 0.16842 0.155141 0.265939
2 0.777429 0.738919 0.230864 0.277097 0.264767
0 0.358202 0.183154 0.0219834 0.066556 0.260317
0 0.359155 0.182996 0.0221823 0.0653844 0.255925
2 0.013121 0.818 0.0260569 0.092675 0.25269
0 0.497773 0.343761 0.0470709 0.133441 0.252432
0 0.495325 0.339939 0.0427217 0.131327 0.239724
2 0.88319 0.37235 0.169153 0.154504 0.23907
2 0.92765 0.145686 0.0579929 0.0751271 0.238561
1 0.494363 0.398682 0.0717731 0.0753917 0.228202
0 0.357852 0.180562 0.0219023 0.0627092 0.226642
0 0.0431635 0.319583 0.0276844 0.0925942 0.226245
5 0.717389 0.154373 0.0734991 0.0694583 0.225811
2 0.883841 0.372078 0.166828 0.157149 0.221456
2 0.0128123 0.81712 0.0254635 0.0979614 0.217708
0 0.434732 0.164981 0.022806 0.0667639 0.205474
2 0.716864 0.15422 0.0715922 0.0695413 0.19667
2 0.777562 0.73751 0.230091 0.278268 0.195289
2 0.716544 0.15357 0.0712872 0.0690705 0.193237
5 0.785651 0.47738 0.252559 0.810813 0.18731
5 0.787061 0.472425 0.251942 0.821042 0.185225
2 0.777499 0.737509 0.229094 0.277551 0.183273
0 0.173233 0.367241 0.0423415 0.117847 0.183137
2 0.777536 0.739354 0.228753 0.27422 0.182872
0 0.359685 0.183547 0.0224549 0.0647065 0.180184
1 0.495074 0.392228 0.0699802 0.0843134 0.179157
5 0.716406 0.15373 0.0739258 0.0695802 0.17764
2 0.716859 0.154524 0.071959 0.0695018 0.175716
0 0.358859 0.182249 0.0226415 0.0640281 0.174643
5 0.717559 0.153411 0.0726632 0.0698524 0.168788
0 0.494446 0.335074 0.0398519 0.121197 0.166988
0 0.170368 0.364999 0.0351636 0.112435 0.166763
5 0.717053 0.15409 0.0722427 0.0690331 0.163927
2 0.546764 0.706565 0.24958 0.272365 0.162982
2 0.0128282 0.820728 0.0256565 0.0854977 0.159957
2 0.0128402 0.818471 0.0254242 0.0924427 0.159719
2 0.502159 0.663554 0.334526 0.301234 0.153964
0 0.366773 0.120546 0.016878 0.0422664 0.148057
0 0.434898 0.164927 0.0229803 0.0655697 0.144704
0 0.0125924 0.820612 0.0251123 0.0863878 0.140421
2 0.502326 0.675803 0.33651 0.331548 0.140267
2 0.622877 0.142858 0.0322522 0.0371049 0.139744
7 0.883209 0.371851 0.168754 0.156232 0.13861
2 0.776516 0.739745 0.22906 0.279554 0.135553
0 0.300276 0.478657 0.0328565 0.0432998 0.133123
0 0.498484 0.340882 0.0483757 0.134283 0.132851
2 0.538759 0.681765 0.265139 0.31861 0.130367
0 0.172181 0.366614 0.0410985 0.117514 0.129189
0 0.267676 0.168821 0.0183409 0.0305589 0.124943
2 0.921976 0.147987 0.0499477 0.0710866 0.12211
0 0.36676 0.123187 0.0172574 0.047091 0.12104
2 0.975644 0.144534 0.0243776 0.0284409 0.118232
2 0.0127478 0.820437 0.0253726 0.0852221 0.117061
2 0.930151 0.144662 0.0669096 0.0766776 0.115939
2 0.0127384 0.820184 0.0252763 0.0968205 0.114883
2 0.622315 0.143553 0.032097 0.036332 0.114257
7 0.884007 0.373292 0.167071 0.155094 0.114167
5 0.717447 0.153587 0.0721745 0.0693848 0.114073
8 0.801019 0.468007 0.276631 0.86176 0.112146
2 0.510282 0.678611 0.323465 0.329881 0.109131
0 0.300072 0.479361 0.0333638 0.0422825 0.109029
2 0.0132073 0.819276 0.0262342 0.0922274 0.108619
5 0.716406 0.154477 0.0721401 0.0678929 0.108574
2 0.0125972 0.818594 0.0249778 0.0897824 0.108318
0 0.884184 0.356191 0.0339298 0.0392683 0.108221
0 0.00754124 0.29063 0.0150825 0.106243 0.106164
0 0.367159 0.125817 0.0196113 0.0527591 0.105479
0 0.012452 0.818973 0.0247369 0.0913689 0.105268
0 0.886422 0.355787 0.0290501 0.0382424 0.104891
7 0.7167 0.153992 0.0720278 0.0692177 0.103801
0 0.295752 0.160223 0.0189815 0.051483 0.103037
0 0.494227 0.326169 0.0375438 0.101926 0.102186
2 0.778874 0.737843 0.230195 0.268034 0.0992093
2 0.504113 0.680732 0.335337 0.330023 0.0985654
0 0.00743059 0.295309 0.0148031 0.111175 0.0979642
0 0.883218 0.35718 0.0322266 0.0376039 0.0976031
0 0.296763 0.162073 0.0204241 0.0555992 0.0959053
5 0.622623 0.142575 0.0321718 0.0366297 0.0950779
2 0.62304 0.142578 0.0326031 0.0368768 0.0927921
0 0.434832 0.164639 0.0222791 0.0668988 0.0903669
1 0.494193 0.402338 0.0703577 0.066642 0.0903247
0 0.365936 0.126133 0.0167413 0.0526411 0.0892317
0 0.300298 0.479067 0.0331346 0.0435775 0.08918
0 0.27435 0.293486 0.0181713 0.0932191 0.0889335
1 0.492595 0.396014 0.0690891 0.0800221 0.0887744
8 0.813818 0.469159 0.290188 0.830883 0.0887329
2 0.882495 0.372468 0.16986 0.154468 0.0884257
2 0.937797 0.0938548 0.0306843 0.0265965 0.088228
0 0.29968 0.479715 0.034011 0.0431525 0.0875636
0 0.300316 0.478674 0.0333865 0.0448455 0.0870465
0 0.887584 0.356158 0.0263273 0.0379779 0.0864982
0 0.0467815 0.320524 0.0245242 0.0905388 0.0849551
0 0.366992 0.120594 0.0178585 0.0430855 0.0838307
0 0.267655 0.166374 0.0190096 0.0348769 0.0833407
0 0.493705 0.326346 0.0380363 0.103187 0.0831228
2 0.716619 0.153826 0.0697195 0.0704857 0.0813384
0 0.00785099 0.285501 0.0156859 0.116676 0.0806692
2 0.0120788 0.818215 0.0240006 0.0910234 0.0805598
2 0.975278 0.150286 0.0236866 0.0187377 0.0796243
0 0.29993 0.479036 0.0332969 0.0443603 0.0791721
2 0.777272 0.732755 0.230498 0.284224 0.0775988
5 0.717197 0.154578 0.0723639 0.0710277 0.0757703
0 0.169847 0.364878 0.0314408 0.111404 0.0751471
0 0.299604 0.166194 0.0252022 0.0600759 0.0749487
0 0.171329 0.366526 0.0394318 0.117393 0.0746193
0 0.190509 0.201839 0.0213607 0.0700346 0.0734937
0 0.00830704 0.292374 0.0162635 0.11521 0.0729153
0 0.498767 0.350905 0.0477715 0.11754 0.0727791
0 0.366763 0.129828 0.0179415 0.0603599 0.0713113
8 0.789083 0.474467 0.258632 0.815298 0.0712639
0 0.172066 0.365973 0.0352978 0.115275 0.0695152
0 0.301104 0.167719 0.0204174 0.0466905 0.069199
0 0.274506 0.292133 0.0183909 0.0945261 0.0681535
8 0.798319 0.480955 0.271085 0.858297 0.0680606
0 0.886802 0.35584 0.0280928 0.0408033 0.0653248
0 0.501401 0.340248 0.0470888 0.132831 0.0641356
2 0.937651 0.0951314 0.0324749 0.0278202 0.0639337
1 0.495198 0.404409 0.0727903 0.0626169 0.0628379
2 0.9226 0.151867 0.0501789 0.0631184 0.0626554
0 0.885224 0.356669 0.0310268 0.0408187 0.0620426
0 0.0123809 0.819532 0.0247464 0.085503 0.0615028
2 0.881869 0.372258 0.170739 0.153574 0.0614123
0 0.491051 0.34571 0.0389196 0.129121 0.0607749
5 0.779465 0.456588 0.241263 0.837326 0.060468
0 0.274357 0.296506 0.0185682 0.086695 0.0604391
0 0.498157 0.353551 0.046421 0.109808 0.0598298
0 0.300433 0.164593 0.0230081 0.0518079 0.0595611
0 0.191257 0.204188 0.0218446 0.0711 0.0594652
2 0.266613 0.212012 0.112189 0.069482 0.0587113
8 0.802136 0.477206 0.292818 0.887124 0.0585125
2 0.663817 0.160109 0.0499195 0.0431571 0.0581081
2 0.66121 0.163146 0.042329 0.0372187 0.0579695
1 0.173257 0.397518 0.0364047 0.0571353 0.0576603
0 0.00845891 0.281005 0.0164082 0.127175 0.0576247
2 0.0130918 0.820801 0.0261837 0.0884285 0.0575137
2 0.912156 0.0774948 0.0405411 0.0246171 0.0567441
2 0.933922 0.0970173 0.0383852 0.0318876 0.0562138
0 0.518357 0.181805 0.014275 0.0643857 0.0560546
0 0.295507 0.158174 0.0174972 0.0480832 0.0558142
0 0.191365 0.20307 0.0210746 0.0689594 0.0556342
0 0.518704 0.181969 0.0144489 0.0639018 0.0555551
0 0.461689 0.590336 0.0348139 0.0528299 0.0550217
2 0.553481 0.713425 0.23855 0.262364 0.0533178
2 0.55097 0.169898 0.0481293 0.0340338 0.0530687
0 0.266011 0.173567 0.0227921 0.0404054 0.0521237
0 0.460648 0.593227 0.0363075 0.0547922 0.0515965
2 0.264834 0.213158 0.110538 0.0704838 0.0510662
2 0.910351 0.0772041 0.0383373 0.0235246 0.0504237
0 0.190807 0.200735 0.0220131 0.0657962 0.0503899
1 0.173266 0.39934 0.0357209 0.0535533 0.0493609
0 0.00797675 0.293985 0.0155817 0.112802 0.0493512
5 0.670358 0.146999 0.061141 0.0667571 0.0488838
0 0.27467 0.29659 0.0185271 0.0861999 0.0472945
0 0.274543 0.290997 0.0188555 0.0968407 0.0472792
0 0.462694 0.593296 0.0357365 0.0506796 0.0463857
0 0.213514 0.18953 0.0304408 0.0854456 0.0461589
0 0.484009 0.33194 0.0196442 0.104509 0.0455302
9 0.455165 0.0707698 0.0142354 0.020545 0.0445784
2 0.975046 0.13828 0.0247509 0.0419078 0.0444678
0 0.30459 0.172875 0.0266773 0.0527239 0.0442841
2 0.975244 0.150041 0.0242359 0.0213169 0.0440813
2 0.779187 0.733539 0.232632 0.273372 0.0438264
2 0.6213 0.142387 0.0356726 0.038068 0.043568
2 0.447521 0.620993 0.22358 0.211062 0.0427469
0 0.480997 0.580873 0.0646719 0.0686174 0.0424922
2 0.552478 0.16938 0.045229 0.0341334 0.0423666
8 0.814927 0.514044 0.29541 0.733775 0.0419494
0 0.495053 0.31014 0.0319843 0.0701078 0.0412938
2 0.446315 0.622258 0.222393 0.21126 0.0409166
0 0.487165 0.336754 0.0244528 0.114524 0.0406226
0 0.464584 0.591628 0.0342189 0.0499853 0.0395504
0 0.486909 0.576723 0.0544271 0.0585723 0.0394865
5 0.666103 0.147043 0.0535467 0.0696955 0.0392872
2 0.659676 0.164449 0.0400478 0.0344947 0.0389722
2 0.541912 0.683285 0.259941 0.32238 0.03897
5 0.623235 0.14451 0.0367773 0.0451524 0.0388338
