2 0.956885 0.365014 0.0621819 0.068037 0.74136
5 0.46212 0.491034 0.0766911 0.225617 0.734835
2 0.957505 0.364615 0.0621649 0.0681204 0.693193
2 0.957322 0.364628 0.0627541 0.0671194 0.692543
5 0.462382 0.490311 0.0757042 0.227044 0.689982
2 0.956894 0.365353 0.0615545 0.0664939 0.663869
2 0.693235 0.324849 0.0596679 0.0600949 0.659967
2 0.693081 0.324943 0.0603057 0.0607566 0.659202
2 0.957153 0.364544 0.0627201 0.067687 0.65829
2 0.957428 0.363941 0.0615532 0.0678803 0.654513
2 0.69366 0.3246 0.0607945 0.0603889 0.649541
2 0.957251 0.365215 0.0627438 0.0684258 0.649438
2 0.693636 0.325186 0.0607883 0.0603661 0.633786
2 0.252274 0.248939 0.0327495 0.0448011 0.62268
2 0.693509 0.325024 0.0604126 0.0601896 0.614237
2 0.957999 0.364117 0.0621628 0.0689203 0.609334
2 0.0912321 0.455505 0.0844866 0.093264 0.59333
2 0.252576 0.248717 0.032881 0.0446157 0.592176
2 0.252466 0.248032 0.0325244 0.0455469 0.582178
2 0.252524 0.247989 0.0324649 0.0447854 0.577263
2 0.693125 0.325331 0.0601163 0.0606738 0.572022
2 0.252811 0.248638 0.0332697 0.0454961 0.564531
2 0.806905 0.538747 0.104287 0.118454 0.56115
2 0.0909835 0.455403 0.0844464 0.0927182 0.558533
5 0.462914 0.494077 0.0759401 0.218125 0.557171
2 0.32908 0.241179 0.0413264 0.044918 0.55224
2 0.693209 0.325336 0.0607347 0.0610887 0.54164
2 0.0909332 0.455628 0.0848535 0.0930487 0.539779
2 0.956603 0.364636 0.0623381 0.0681643 0.537342
2 0.252465 0.248965 0.0324579 0.0453796 0.535911
0 0.894329 0.29814 0.0158226 0.0494233 0.535443
2 0.692564 0.324992 0.0614386 0.0608755 0.533194
2 0.69326 0.325079 0.0617035 0.0609364 0.514364
2 0.637899 0.245696 0.0442841 0.0449963 0.509588
5 0.462695 0.491256 0.0771633 0.225584 0.507693
2 0.531705 0.256393 0.0376401 0.0462544 0.506395
2 0.0910954 0.455182 0.0839171 0.0925619 0.505484
2 0.601247 0.26759 0.0393236 0.0384119 0.503009
2 0.531921 0.261215 0.0368993 0.038894 0.499299
2 0.0913441 0.455597 0.0843945 0.0937288 0.498704
2 0.328718 0.241919 0.040134 0.0445539 0.497967
2 0.807601 0.539403 0.103664 0.116294 0.495058
2 0.328795 0.241506 0.0409009 0.0445136 0.492202
2 0.806971 0.5385 0.103948 0.118383 0.490086
5 0.463104 0.49311 0.0758818 0.219833 0.489965
2 0.329035 0.24086 0.0404773 0.0443096 0.488443
2 0.469871 0.288266 0.0384842 0.0583485 0.480973
2 0.32872 0.241854 0.0418479 0.0445336 0.480264
2 0.0913058 0.45578 0.0848955 0.093431 0.479989
2 0.0909538 0.455666 0.0845498 0.0930239 0.478039
2 0.957033 0.365974 0.0632608 0.0677422 0.475697
2 0.807418 0.539048 0.103533 0.116911 0.468326
2 0.531877 0.257991 0.0359652 0.0443872 0.464442
5 0.462386 0.493729 0.0741558 0.23445 0.462258
2 0.456436 0.34391 0.046169 0.067676 0.461841
2 0.252361 0.248397 0.0320463 0.0461443 0.453729
2 0.328654 0.242639 0.0405314 0.0430956 0.448962
2 0.470524 0.287676 0.0389429 0.0583482 0.446771
2 0.80757 0.538924 0.103231 0.117453 0.443472
2 0.328372 0.243923 0.0405798 0.0412277 0.441074
2 0.807976 0.539042 0.10357 0.117459 0.437088
2 0.95777 0.367002 0.05903 0.0641127 0.435358
5 0.463032 0.517089 0.0754397 0.175412 0.4346
5 0.463426 0.499812 0.0772865 0.207893 0.430282
5 0.463829 0.49159 0.07721 0.227077 0.430029
2 0.600915 0.262121 0.0398786 0.0479906 0.425879
2 0.0910507 0.455492 0.085042 0.0924437 0.425273
2 0.80745 0.538756 0.103261 0.117502 0.419835
2 0.692695 0.32507 0.0612789 0.0603826 0.416292
2 0.807321 0.539217 0.102904 0.116753 0.409085
2 0.434174 0.170629 0.0218222 0.029145 0.40802
2 0.6384 0.246034 0.045001 0.0434164 0.407946
2 0.328511 0.242545 0.0413311 0.0450306 0.404185
2 0.807126 0.538773 0.103909 0.117279 0.397375
5 0.463236 0.517128 0.0763029 0.174744 0.395787
2 0.807337 0.539029 0.103175 0.11702 0.395735
0 0.893807 0.299641 0.015959 0.0497198 0.385716
2 0.329494 0.242137 0.0407231 0.0461341 0.38467
2 0.0909205 0.455502 0.0848513 0.0929533 0.384503
2 0.531758 0.256134 0.0386599 0.0446524 0.358876
2 0.328888 0.243035 0.0413999 0.0418155 0.356766
2 0.470011 0.287827 0.0389166 0.0582095 0.353791
2 0.601147 0.262215 0.0401588 0.0486892 0.352633
2 0.252907 0.249259 0.0322844 0.0457808 0.349178
2 0.456548 0.3439 0.0450424 0.0681764 0.34465
2 0.532033 0.256351 0.0378371 0.0468476 0.342752
2 0.328887 0.240755 0.042131 0.0444587 0.3405
2 0.469765 0.288205 0.0385742 0.0583919 0.335421
2 0.532125 0.255305 0.0382265 0.0472564 0.332683
2 0.600941 0.267257 0.0391031 0.039463 0.327559
2 0.456155 0.343366 0.0450197 0.0682415 0.325177
2 0.638427 0.245101 0.0459708 0.0462886 0.325071
2 0.600634 0.263536 0.0388215 0.0442875 0.322812
2 0.470018 0.288131 0.0384939 0.0579252 0.317879
2 0.470061 0.287903 0.0389031 0.0581116 0.316897
2 0.807455 0.539905 0.102621 0.116549 0.310636
7 0.469446 0.287929 0.0393133 0.0589455 0.309176
2 0.470302 0.286899 0.0377282 0.0574829 0.296813
2 0.638127 0.249185 0.0451162 0.0391773 0.292209
2 0.252624 0.249424 0.0320024 0.0455119 0.290426
2 0.253521 0.248873 0.0343859 0.0468256 0.286056
2 0.531712 0.258489 0.0381149 0.043491 0.283179
2 0.329735 0.240943 0.0411626 0.0456388 0.280809
5 0.189281 0.764252 0.321295 0.470273 0.278822
2 0.456872 0.343288 0.0467112 0.0680117 0.272721
5 0.463099 0.516458 0.0757698 0.176569 0.265114
5 0.462303 0.543812 0.0741865 0.121433 0.263439
2 0.469683 0.288841 0.0384195 0.059465 0.260607
2 0.53192 0.256026 0.0384621 0.046609 0.258643
0 0.894573 0.295729 0.0155313 0.0458048 0.257666
2 0.601589 0.262735 0.0388788 0.0476299 0.252071
5 0.274637 0.76418 0.151042 0.467997 0.239856
2 0.959285 0.267581 0.0431036 0.0502591 0.238152
5 0.191727 0.76251 0.314694 0.473779 0.237861
2 0.955465 0.266662 0.0345924 0.0471279 0.226556
5 0.462105 0.544243 0.073631 0.121595 0.224067
2 0.638644 0.244723 0.0449225 0.0468241 0.219832
5 0.462451 0.544231 0.0745674 0.121572 0.219321
2 0.992524 0.286503 0.0141104 0.033827 0.211562
2 0.639156 0.243168 0.0437624 0.0484124 0.209288
2 0.992097 0.285212 0.0150265 0.0347158 0.204832
2 0.252357 0.248266 0.032257 0.0458451 0.204481
2 0.957484 0.267789 0.0382084 0.0484488 0.200835
2 0.43448 0.169044 0.0221615 0.0303667 0.19717
2 0.456849 0.343061 0.0455273 0.0690409 0.19499
2 0.531627 0.255566 0.0377575 0.0458397 0.194286
2 0.638255 0.247396 0.0446228 0.042576 0.193513
0 0.892649 0.298558 0.0177406 0.0533174 0.190723
2 0.470226 0.286605 0.0370768 0.0559317 0.188424
2 0.955487 0.26704 0.0387253 0.0485278 0.186017
2 0.600691 0.261032 0.0402092 0.0497555 0.183921
5 0.463243 0.543156 0.075967 0.12359 0.182482
0 0.893173 0.29928 0.0173664 0.0505218 0.176423
2 0.450973 0.118278 0.0155195 0.0238665 0.17372
5 0.46259 0.541388 0.0747286 0.127227 0.173553
2 0.959845 0.267857 0.0433306 0.0499938 0.171252
7 0.456645 0.343772 0.0446892 0.0683625 0.170674
2 0.637901 0.244094 0.0450747 0.0474115 0.165357
5 0.277669 0.766626 0.147634 0.465235 0.160891
0 0.894025 0.30396 0.0159363 0.0428306 0.158081
5 0.193949 0.762557 0.30871 0.472639 0.15671
2 0.600959 0.261019 0.0401487 0.0501314 0.154667
2 0.434278 0.168967 0.0227648 0.0310196 0.151532
2 0.637875 0.247392 0.0453732 0.0422235 0.150965
2 0.600825 0.266455 0.0415205 0.0417265 0.149574
5 0.46211 0.493764 0.0743451 0.235632 0.145262
5 0.463183 0.535026 0.0759544 0.140022 0.144812
5 0.189072 0.759586 0.31711 0.479663 0.142036
5 0.198758 0.761189 0.301431 0.476367 0.141215
2 0.456301 0.343533 0.0451369 0.0688755 0.141116
2 0.425213 0.144713 0.0232862 0.0320899 0.139507
2 0.456758 0.344455 0.0441994 0.0682356 0.138983
2 0.958306 0.266728 0.0416058 0.0479443 0.136761
2 0.469823 0.289315 0.0376524 0.058837 0.135245
2 0.991603 0.285232 0.016116 0.0316072 0.135076
2 0.434049 0.169868 0.0235571 0.030118 0.132752
2 0.425334 0.144041 0.023917 0.0315406 0.132584
2 0.573025 0.224934 0.0305321 0.0348061 0.132029
5 0.456575 0.344211 0.0446392 0.0685903 0.131457
0 0.923162 0.266227 0.0205021 0.0398784 0.130606
2 0.532388 0.255433 0.0385659 0.0464616 0.130253
5 0.222294 0.652117 0.141542 0.139878 0.128272
0 0.924084 0.265686 0.0198463 0.0395552 0.12732
2 0.599475 0.251825 0.0374901 0.0319533 0.123526
5 0.198057 0.764448 0.302254 0.469732 0.122754
5 0.264567 0.761719 0.169813 0.462192 0.121918
5 0.22108 0.651491 0.139797 0.141833 0.114258
2 0.693343 0.324944 0.0612848 0.0600979 0.113768
5 0.462346 0.493514 0.0750912 0.233641 0.112233
2 0.957952 0.364182 0.0628464 0.0689132 0.111512
2 0.253627 0.248002 0.0351989 0.0467898 0.109431
5 0.220376 0.651789 0.140226 0.139265 0.106896
2 0.470238 0.287565 0.0375126 0.0594862 0.106495
2 0.0909848 0.455422 0.0850972 0.0945282 0.106165
2 0.450175 0.117453 0.0171509 0.0265093 0.101923
0 0.923023 0.268042 0.0209385 0.0364525 0.101125
2 0.573359 0.221061 0.0303185 0.0420384 0.1007
2 0.638649 0.242688 0.0448961 0.0475413 0.100598
5 0.204345 0.762903 0.286492 0.470287 0.100328
5 0.233916 0.764108 0.228973 0.469688 0.0999316
5 0.221377 0.654803 0.140234 0.134681 0.0973793
0 0.929809 0.201719 0.00949822 0.0182211 0.097339
2 0.425582 0.143162 0.02561 0.0326573 0.0958279
5 0.221692 0.648944 0.141013 0.145489 0.0952743
0 0.14846 0.25186 0.0149398 0.032109 0.0948594
5 0.572847 0.221125 0.0310114 0.0417711 0.0943076
2 0.456553 0.343696 0.0465696 0.0676657 0.0937414
5 0.153843 0.911813 0.174831 0.17557 0.0914353
2 0.572763 0.220332 0.0296787 0.042031 0.0907683
2 0.531892 0.255018 0.0385511 0.0462813 0.0888942
0 0.148339 0.250845 0.0146964 0.0328121 0.0863599
2 0.456924 0.344508 0.0440641 0.0684729 0.0863583
5 0.186481 0.762305 0.325962 0.473821 0.0849975
0 0.944357 0.297885 0.0164455 0.0395889 0.0845826
2 0.953637 0.267099 0.0351677 0.0473212 0.0836088
2 0.572971 0.219512 0.0292234 0.0395693 0.0808305
2 0.446142 0.115548 0.0260479 0.0297541 0.0808234
5 0.133281 0.912118 0.21387 0.174662 0.0807011
0 0.924328 0.267294 0.0200872 0.0373322 0.0800384
2 0.955497 0.27887 0.0270592 0.0278864 0.0795794
5 0.462558 0.543717 0.0742308 0.123366 0.076556
5 0.222821 0.64912 0.143671 0.144994 0.0764663
2 0.470525 0.288722 0.0402744 0.0578254 0.0759207
5 0.573065 0.22308 0.0302532 0.0418502 0.0715745
0 0.124282 0.365396 0.0163712 0.0693558 0.0711319
0 0.064751 0.258528 0.0133821 0.0505571 0.0702866
0 0.945363 0.29508 0.0155025 0.0339736 0.0692033
2 0.573178 0.22499 0.0296226 0.0351975 0.0674879
5 0.664007 0.175685 0.0227947 0.0480677 0.0672851
5 0.461927 0.543776 0.073484 0.123337 0.0667034
0 0.123486 0.366568 0.0151306 0.0694798 0.0666688
2 0.812028 0.178789 0.0215691 0.0192336 0.0664633
2 0.423866 0.145744 0.0208902 0.0311369 0.0646635
0 0.00445517 0.332101 0.00885097 0.0650273 0.0637577
2 0.0367913 0.643598 0.0329397 0.0172756 0.0630046
9 0.886224 0.225956 0.0190075 0.0202311 0.0623624
0 0.124416 0.364166 0.0152853 0.0653324 0.0622785
5 0.18374 0.7603 0.323279 0.476987 0.0619567
0 0.766207 0.168413 0.0114677 0.0285363 0.0600402
5 0.224385 0.650034 0.135218 0.144173 0.0587618
2 0.599694 0.255267 0.0398399 0.0395608 0.0585571
2 0.425619 0.143365 0.025663 0.0332105 0.0564642
0 0.0640374 0.260586 0.0129299 0.04302 0.0562747
0 0.288147 0.194629 0.0138815 0.0344279 0.0561905
5 0.735779 0.0866506 0.0781487 0.129626 0.0556595
0 0.92418 0.26927 0.0202244 0.0345817 0.0548422
2 0.723014 0.259916 0.0262653 0.0253274 0.0536952
0 0.082511 0.257106 0.0109053 0.0364718 0.0528511
2 0.956649 0.268374 0.0267256 0.0481011 0.0516995
5 0.12099 0.912176 0.241023 0.174041 0.0515317
0 0.00446789 0.331488 0.00886566 0.065717 0.0514629
2 0.466705 0.0820164 0.0273134 0.0197043 0.0509728
2 0.572646 0.223576 0.0305414 0.0392257 0.0507695
5 0.464126 0.543603 0.0778122 0.123308 0.0494998
5 0.735731 0.0855245 0.0784756 0.128509 0.0493755
2 0.180883 0.226153 0.0208157 0.0291115 0.0480843
0 0.308243 0.181298 0.0120707 0.0316871 0.0476518
2 0.722774 0.260632 0.0266819 0.0250006 0.0474921
2 0.969296 0.577062 0.0514626 0.0223369 0.0474279
2 0.600899 0.269319 0.0413731 0.0365136 0.0474051
5 0.459857 0.489611 0.0794931 0.226117 0.046853
0 0.00483591 0.330989 0.00951343 0.0664472 0.0457976
0 0.0815236 0.260116 0.0137188 0.0397446 0.0457488
9 0.886265 0.225949 0.0186533 0.018563 0.0452296
2 0.812945 0.178173 0.0222572 0.0200829 0.0433437
0 0.064978 0.259797 0.0132754 0.0492117 0.0429523
5 0.154762 0.9117 0.171949 0.175729 0.0429277
5 0.221728 0.654563 0.140641 0.134632 0.0419627
5 0.29916 0.088374 0.0302164 0.0430558 0.0416922
2 0.180681 0.234635 0.01998 0.0342758 0.0413766
5 0.663873 0.17556 0.0235531 0.0472252 0.0413603
0 0.764845 0.172338 0.0132423 0.0293618 0.0398646
0 0.946195 0.28763 0.0192871 0.0259773 0.0397961
0 0.887988 0.265605 0.0176449 0.0298375 0.0396514
0 0.76616 0.162726 0.0114564 0.0282088 0.0395715
0 0.290069 0.193847 0.0145866 0.0349233 0.0394689
5 0.461816 0.488056 0.0719778 0.221763 0.0385366
2 0.432456 0.169022 0.0255131 0.0301865 0.0379845
5 0.465748 0.0729676 0.0335302 0.0378105 0.0379249
0 0.306693 0.185571 0.0111288 0.0262496 0.0378744
5 0.574073 0.221707 0.0335577 0.0421498 0.0372997
0 0.00500939 0.332926 0.00993098 0.0694663 0.0370538
2 0.450759 0.117057 0.0193857 0.0278843 0.0365779
0 0.940218 0.284126 0.014143 0.0189375 0.0361221
5 0.73569 0.0841457 0.0784691 0.130148 0.0360045
2 0.663912 0.175684 0.0224709 0.0484114 0.0356843
0 0.107128 0.234707 0.0143967 0.0404331 0.0356679
0 0.125836 0.3652 0.0158241 0.0702697 0.0356501
2 0.100035 0.641374 0.0522136 0.0478272 0.0349227
5 0.262603 0.161335 0.0191503 0.037275 0.0347779
9 0.664738 0.174816 0.0210751 0.045588 0.0346966
5 0.132048 0.912098 0.215107 0.174748 0.0345609
2 0.72352 0.25978 0.0262546 0.0258184 0.0345133
2 0.955875 0.251331 0.0243692 0.0179911 0.0344674
0 0.12485 0.364423 0.0169177 0.0709123 0.0344588
5 0.299956 0.0884126 0.0302521 0.0432132 0.0341781
2 0.722969 0.260051 0.0282591 0.0265375 0.0341045
5 0.202001 0.763299 0.288946 0.469934 0.0340196
5 0.254237 0.763248 0.186651 0.465198 0.0337909
5 0.153622 0.915253 0.165591 0.169394 0.0336144
2 0.957604 0.268767 0.0353752 0.0482004 0.0327383
5 0.232448 0.632738 0.163418 0.178154 0.0324141
2 0.925421 0.269159 0.0193512 0.0340057 0.0322326
5 0.736357 0.0840295 0.0775105 0.127364 0.0321339
5 0.66377 0.175557 0.0231317 0.0483411 0.0319861
0 0.0825026 0.252551 0.0104694 0.0318178 0.0315542
0 0.924899 0.263843 0.0183323 0.0454292 0.0314865
7 0.469106 0.288268 0.0389146 0.0588916 0.0312633
5 0.2648 0.160866 0.0233891 0.037448 0.0312509
2 0.991859 0.279821 0.0153576 0.0367715 0.0312218
5 0.300517 0.088677 0.0345941 0.0433908 0.0307937
0 0.901039 0.202487 0.0130638 0.0169612 0.0307558
5 0.73668 0.0851851 0.0773628 0.127767 0.0304604
5 0.464967 0.074031 0.0345554 0.0393923 0.030249
0 0.00463121 0.330892 0.00923809 0.0701839 0.0301606
0 0.331156 0.188253 0.011027 0.0290541 0.0298662
5 0.187937 0.765121 0.316575 0.468944 0.0297345
0 0.942319 0.302679 0.0189327 0.0499595 0.0296673
0 0.107868 0.235834 0.0127691 0.0401839 0.0295841
2 0.223028 0.192468 0.0275551 0.0323773 0.0290872
