5 0.159328 0.698507 0.318422 0.253879 0.90179
5 0.159682 0.698001 0.318816 0.253985 0.887451
2 0.654139 0.916985 0.167552 0.163722 0.863917
5 0.159707 0.699139 0.318723 0.25698 0.862329
5 0.15942 0.695567 0.318624 0.253127 0.856258
5 0.159156 0.697411 0.317329 0.25317 0.854853
5 0.159807 0.699869 0.319099 0.25824 0.846992
2 0.639443 0.622906 0.0924938 0.076718 0.846389
2 0.639746 0.622829 0.0928297 0.0765415 0.841437
2 0.654236 0.917005 0.168775 0.162958 0.838613
5 0.159399 0.697294 0.318799 0.252723 0.837112
2 0.639306 0.622594 0.09326 0.076549 0.835952
5 0.159061 0.697376 0.31794 0.250716 0.832926
2 0.654087 0.918317 0.167159 0.16309 0.829311
5 0.159005 0.698088 0.317752 0.253012 0.819334
2 0.653983 0.917719 0.167236 0.164058 0.809893
5 0.160976 0.697153 0.320954 0.254853 0.809361
2 0.65475 0.91658 0.166357 0.165392 0.793597
2 0.639527 0.622889 0.093623 0.0771814 0.785815
2 0.654441 0.917721 0.166655 0.164193 0.776134
2 0.654015 0.917168 0.167918 0.164653 0.7682
2 0.743239 0.671417 0.102028 0.0981833 0.766886
2 0.639769 0.623038 0.0935317 0.0769674 0.751996
2 0.538033 0.810941 0.134816 0.110329 0.749956
2 0.537485 0.811349 0.134936 0.110674 0.745247
2 0.537429 0.811429 0.135125 0.111184 0.741888
2 0.639894 0.623026 0.0935213 0.0770105 0.736407
2 0.5374 0.811723 0.135785 0.110394 0.732146
2 0.743297 0.671425 0.101159 0.0979284 0.730419
2 0.537801 0.811886 0.135656 0.110899 0.725732
2 0.0951701 0.840675 0.176249 0.14457 0.722948
2 0.0957297 0.840682 0.174638 0.144034 0.717535
2 0.0959324 0.840553 0.173475 0.144084 0.709214
2 0.537476 0.810894 0.13445 0.109505 0.705273
2 0.53797 0.811429 0.136591 0.109745 0.700415
2 0.743492 0.671123 0.101492 0.0974112 0.696867
2 0.954318 0.511134 0.0600712 0.0510922 0.689577
2 0.743136 0.67132 0.10199 0.0985046 0.689084
2 0.743276 0.671223 0.101343 0.0977821 0.688034
2 0.639374 0.622562 0.093317 0.0773458 0.686404
2 0.538087 0.810486 0.13406 0.109341 0.685134
2 0.743599 0.67146 0.101667 0.0982941 0.682871
2 0.401213 0.715517 0.117339 0.1067 0.663512
2 0.537634 0.811144 0.134521 0.110769 0.661736
2 0.401122 0.716738 0.116971 0.105179 0.651994
2 0.743228 0.671459 0.10153 0.0981359 0.65146
2 0.40106 0.71444 0.117444 0.108319 0.64412
2 0.400929 0.716247 0.117134 0.106157 0.63499
2 0.640203 0.621911 0.0912663 0.0751827 0.629185
2 0.743267 0.671101 0.101344 0.0979199 0.627048
2 0.786729 0.564829 0.0818866 0.0695954 0.624553
2 0.401239 0.71586 0.117243 0.107471 0.618342
2 0.954553 0.510175 0.0584217 0.0522093 0.617156
2 0.401546 0.717452 0.117985 0.10483 0.616439
2 0.743405 0.67146 0.101967 0.0990105 0.615347
2 0.954199 0.51207 0.0586403 0.0484264 0.612494
2 0.743751 0.67159 0.101195 0.100099 0.611925
2 0.954635 0.511016 0.0595406 0.0507671 0.606531
2 0.786983 0.5648 0.0813749 0.0698429 0.596578
2 0.296302 0.559362 0.0974957 0.0704529 0.592037
2 0.401166 0.716745 0.116991 0.105334 0.590672
2 0.7863 0.565495 0.0824144 0.0691168 0.587804
2 0.400923 0.716197 0.116782 0.106532 0.585799
2 0.295873 0.559273 0.0977345 0.0700072 0.571039
2 0.954766 0.512698 0.0597755 0.0483353 0.568422
2 0.295842 0.559226 0.0987339 0.0695642 0.568115
2 0.29586 0.55968 0.0981473 0.07014 0.566709
2 0.296158 0.559559 0.0977111 0.0698755 0.558263
2 0.401183 0.715783 0.117014 0.107412 0.549819
2 0.787261 0.564099 0.0812615 0.070192 0.544687
2 0.639744 0.622407 0.0929561 0.077243 0.540746
2 0.954915 0.512179 0.0595358 0.0493198 0.539863
2 0.954513 0.51133 0.0581711 0.0497641 0.526818
2 0.787099 0.564193 0.0812781 0.0700722 0.525771
2 0.786582 0.566539 0.0811247 0.0664753 0.52088
2 0.0959071 0.84079 0.174706 0.143597 0.519762
2 0.401566 0.714418 0.11734 0.10962 0.516929
2 0.0960643 0.840608 0.173559 0.144078 0.500998
2 0.953508 0.515821 0.058073 0.0416786 0.498362
2 0.0950887 0.840414 0.17581 0.143484 0.491778
2 0.296828 0.559527 0.0970217 0.0699707 0.475214
2 0.786665 0.566976 0.0815658 0.0658792 0.470128
2 0.296059 0.559323 0.0983829 0.071524 0.458622
0 0.25401 0.751619 0.0284317 0.0867817 0.407106
2 0.295062 0.559783 0.100535 0.0699195 0.396783
0 0.492003 0.562202 0.0219748 0.0510757 0.3845
2 0.0955527 0.840807 0.175209 0.143348 0.379096
2 0.0959677 0.841248 0.173881 0.143929 0.377861
2 0.536101 0.812368 0.132208 0.110365 0.364678
2 0.786822 0.564764 0.0815142 0.0704011 0.360808
0 0.254331 0.752701 0.0269341 0.0862233 0.353299
2 0.0962959 0.840494 0.172961 0.14417 0.342198
2 0.0962231 0.841158 0.172893 0.144017 0.339246
0 0.492163 0.561051 0.0215025 0.0512991 0.33646
2 0.296257 0.559765 0.0987082 0.0719645 0.334522
2 0.639758 0.621962 0.0917872 0.075322 0.309475
2 0.786335 0.57219 0.0814297 0.0566949 0.307615
0 0.491841 0.563246 0.0223545 0.0507582 0.306829
2 0.786076 0.575962 0.080932 0.0488052 0.299857
0 0.491673 0.562972 0.0238695 0.0511135 0.289546
2 0.296769 0.559486 0.097307 0.0698753 0.283267
0 0.490515 0.563877 0.0255013 0.0516207 0.283141
0 0.253748 0.75388 0.0260268 0.0845673 0.280496
0 0.254202 0.750219 0.0282799 0.0863868 0.278448
0 0.490382 0.562051 0.0248304 0.0509138 0.270329
2 0.78728 0.563724 0.0814227 0.0706188 0.260709
0 0.491495 0.564722 0.0237608 0.0503494 0.249604
9 0.201321 0.490011 0.0142079 0.0271006 0.238577
0 0.49031 0.56619 0.0264284 0.0523363 0.214193
2 0.639762 0.622649 0.0910194 0.0766775 0.211869
2 0.295068 0.559073 0.0993159 0.0686479 0.196416
2 0.653965 0.919668 0.165926 0.159803 0.180105
2 0.787004 0.564651 0.0819414 0.0700433 0.179811
0 0.253284 0.751944 0.0300068 0.0850034 0.17878
9 0.20137 0.489967 0.0137211 0.027375 0.170272
0 0.491599 0.564991 0.0260612 0.0548755 0.167034
0 0.489217 0.557355 0.021761 0.0540934 0.166343
9 0.200942 0.490084 0.0158328 0.0276015 0.142311
9 0.200463 0.490206 0.0156394 0.0275992 0.139295
2 0.653556 0.917571 0.16811 0.164538 0.137014
0 0.491097 0.558547 0.0242073 0.0543223 0.136941
0 0.253507 0.751103 0.0303574 0.0844795 0.136739
5 0.596557 0.48598 0.103802 0.110167 0.133518
2 0.788337 0.563858 0.0792403 0.0668485 0.133092
0 0.253545 0.752572 0.0296961 0.084124 0.131095
2 0.30474 0.560078 0.0816105 0.068924 0.121274
2 0.953806 0.516597 0.0589479 0.0406593 0.116024
2 0.144513 0.51523 0.0880163 0.0410703 0.109961
0 0.796112 0.485864 0.0190243 0.0449472 0.101892
9 0.580337 0.492306 0.0112186 0.0266687 0.0990779
2 0.14754 0.515421 0.0821759 0.0404379 0.0967485
2 0.148232 0.51565 0.0824387 0.0389498 0.0918949
9 0.437953 0.480965 0.0121788 0.0252125 0.0915415
0 0.795027 0.493527 0.0198101 0.0615347 0.0910836
2 0.954743 0.51069 0.0601173 0.0527729 0.0875822
2 0.147002 0.515502 0.0839511 0.0406849 0.085863
2 0.959645 0.509056 0.0513046 0.0500187 0.0809518
9 0.386448 0.472515 0.0116869 0.0284256 0.080396
2 0.145068 0.515162 0.0859525 0.0410162 0.0757682
5 0.59632 0.486515 0.103703 0.11109 0.0755838
2 0.95455 0.510103 0.0596022 0.0534798 0.0753624
0 0.116812 0.815975 0.0184996 0.0236074 0.0727851
2 0.638813 0.622658 0.0903145 0.0758558 0.0714559
9 0.386133 0.475859 0.0106836 0.0320085 0.0698205
0 0.493919 0.564332 0.0279976 0.0503891 0.0683731
5 0.595987 0.485616 0.103418 0.109492 0.0668127
2 0.42607 0.531522 0.0185699 0.0293011 0.0629587
0 0.205603 0.680417 0.0328002 0.0619024 0.0611382
9 0.835152 0.336207 0.0130268 0.0279367 0.060316
9 0.579281 0.489553 0.0143276 0.0330543 0.0598905
2 0.426322 0.531169 0.0190357 0.0296398 0.0571719
0 0.203483 0.680133 0.0299899 0.062624 0.0567832
2 0.143902 0.51521 0.087727 0.0411219 0.0558182
9 0.796293 0.484158 0.018425 0.0411343 0.0547643
2 0.425425 0.532327 0.022521 0.0296308 0.0546577
5 0.138255 0.515682 0.0991496 0.0412912 0.0544077
2 0.425356 0.531489 0.0215374 0.0296155 0.0536888
9 0.200774 0.492092 0.0166298 0.0325241 0.0526025
0 0.795433 0.486647 0.0223698 0.0459067 0.0508387
0 0.483518 0.546394 0.012318 0.0524927 0.0500133
9 0.385555 0.474381 0.0117002 0.0269886 0.0494772
2 0.425636 0.532009 0.0209153 0.0298595 0.0492553
5 0.0697582 0.581946 0.139261 0.122773 0.0480378
5 0.596193 0.485838 0.10424 0.109863 0.0473539
2 0.640377 0.622609 0.0939499 0.0784376 0.0470454
9 0.199954 0.492291 0.0171654 0.0326036 0.0467181
0 0.215669 0.671107 0.0200331 0.0339996 0.0460277
5 0.596402 0.484709 0.100738 0.106801 0.0455914
5 0.595932 0.483425 0.0995538 0.104609 0.0453074
0 0.49269 0.55328 0.0186779 0.0549002 0.0445394
9 0.176342 0.438454 0.0153755 0.0246386 0.0444876
5 0.0702449 0.580724 0.140267 0.123775 0.0444231
2 0.993347 0.484838 0.0125454 0.0293743 0.0439909
9 0.439592 0.467382 0.0136543 0.0472571 0.0431806
0 0.202183 0.675658 0.0259807 0.0541994 0.0428709
2 0.307148 0.559987 0.0764397 0.0696772 0.0424218
2 0.951248 0.516512 0.052713 0.0407614 0.0412034
2 0.975562 0.49297 0.0215912 0.0218203 0.041056
2 0.994087 0.489745 0.0110611 0.0225163 0.0407492
5 0.0973852 0.570761 0.19477 0.15277 0.0398047
2 0.981974 0.487258 0.03533 0.0307625 0.0397733
0 0.201489 0.680268 0.0271678 0.0646564 0.039589
0 0.214269 0.677852 0.0224288 0.0511803 0.0392254
9 0.57249 0.492046 0.0204758 0.0271739 0.0392246
0 0.200731 0.678931 0.0254077 0.0663961 0.039008
9 0.385748 0.473379 0.0118503 0.0258587 0.038609
9 0.796135 0.483533 0.0182114 0.0397596 0.0385124
9 0.176879 0.43734 0.0146519 0.0259929 0.0377327
5 0.0981616 0.569876 0.195911 0.150685 0.037703
5 0.0930939 0.574147 0.185803 0.135678 0.0376285
2 0.0249941 0.830263 0.0498277 0.0717537 0.0373064
0 0.204392 0.680956 0.0287292 0.0640087 0.0368062
0 0.119032 0.813428 0.0174105 0.0255417 0.0366162
0 0.792993 0.495574 0.019166 0.0641989 0.0359786
2 0.0254659 0.823069 0.0507205 0.0803614 0.0357367
0 0.248086 0.662757 0.0183191 0.0327566 0.0356438
2 0.37147 0.546082 0.0286142 0.0325567 0.0354672
9 0.606684 0.492623 0.0133475 0.02732 0.0352772
5 0.597114 0.484391 0.0997852 0.106292 0.0349857
2 0.30807 0.558091 0.07453 0.0653791 0.0348197
5 0.138446 0.51548 0.0988681 0.040502 0.0337931
2 0.426589 0.531101 0.0214317 0.0297489 0.0335354
5 0.596431 0.484826 0.099152 0.106987 0.0326785
0 0.475722 0.559809 0.0174593 0.0370815 0.032292
0 0.253386 0.752963 0.0289798 0.080386 0.0321611
0 0.493381 0.565073 0.0294727 0.0521831 0.0319086
5 0.0695392 0.57974 0.138919 0.12133 0.0311182
0 0.247629 0.665614 0.019724 0.0359417 0.0309478
9 0.17449 0.438761 0.0147769 0.0241561 0.0297618
0 0.213763 0.679985 0.0216225 0.0560272 0.0297528
2 0.640064 0.621007 0.0904703 0.0732306 0.0292319
5 0.596411 0.485246 0.101502 0.107146 0.0290286
0 0.4826 0.567224 0.0338196 0.0517584 0.0289354
5 0.619 0.4865 0.0568095 0.107263 0.0288187
5 0.0699147 0.581757 0.139426 0.123331 0.0288086
0 0.203081 0.680371 0.0297742 0.065737 0.0285948
2 0.964615 0.512928 0.0399271 0.0425234 0.0283908
2 0.0256751 0.82569 0.0512316 0.0657524 0.0281908
2 0.651546 0.900061 0.149918 0.131534 0.0280484
0 0.256295 0.740346 0.0227584 0.0677017 0.0276761
2 0.955194 0.509861 0.0596146 0.0532606 0.0274377
0 0.180932 0.707704 0.015524 0.022941 0.0274079
5 0.596845 0.486632 0.0983152 0.110208 0.027343
2 0.639347 0.627242 0.0933719 0.085346 0.0273101
2 0.147852 0.51499 0.080754 0.0421194 0.0272554
0 0.203661 0.572178 0.0218789 0.0245432 0.0268928
0 0.494737 0.563514 0.0264364 0.0491148 0.0268567
0 0.201298 0.658763 0.0224296 0.0258789 0.0265185
5 0.620684 0.47279 0.0489626 0.080853 0.0263744
9 0.440252 0.455203 0.012317 0.0285837 0.0256551
2 0.946406 0.518649 0.0441181 0.0364111 0.0253397
5 0.0980561 0.568966 0.194884 0.149733 0.0252448
5 0.0948733 0.564427 0.188781 0.139451 0.0251977
9 0.436742 0.48133 0.0136761 0.0230854 0.0251332
5 0.157831 0.60086 0.159753 0.0619083 0.024876
2 0.954956 0.509921 0.0604286 0.0538082 0.0239182
9 0.572252 0.523096 0.0234531 0.0387903 0.0239131
9 0.572302 0.523321 0.0242283 0.0384003 0.0239036
2 0.644855 0.900475 0.137533 0.13014 0.0237157
5 0.138088 0.514932 0.0999399 0.0414305 0.0234202
5 0.0978583 0.571459 0.195324 0.151354 0.0230252
2 0.300413 0.557307 0.0893732 0.0656191 0.0228825
5 0.158614 0.599571 0.162574 0.0669678 0.0224769
5 0.098457 0.605615 0.196914 0.220598 0.0221317
2 0.0186175 0.827792 0.0371413 0.0646458 0.0220013
2 0.025119 0.829323 0.0502379 0.0631161 0.0219968
2 0.147453 0.515112 0.0807674 0.0424464 0.0217794
5 0.157708 0.600454 0.160656 0.0643908 0.0217217
2 0.958307 0.499925 0.0517803 0.0341969 0.0216746
9 0.20352 0.489856 0.0217447 0.0277534 0.0215229
0 0.791714 0.492611 0.0245287 0.0603039 0.0214973
0 0.245854 0.668795 0.020007 0.0346759 0.0213284
5 0.159232 0.599908 0.158179 0.066676 0.020818
0 0.253108 0.744913 0.0285147 0.0736284 0.0204984
2 0.789669 0.545474 0.0515955 0.0304201 0.0201134
5 0.598524 0.486898 0.0978247 0.109804 0.0196589
2 0.395303 0.543741 0.022894 0.0293635 0.0196309
5 0.0684363 0.583051 0.136838 0.122971 0.0195603
2 0.15676 0.605017 0.166622 0.0550531 0.0194297
0 0.489809 0.569168 0.029402 0.0518318 0.0191716
0 0.279263 0.658633 0.0137615 0.0229061 0.0189825
5 0.598555 0.486101 0.100722 0.109774 0.0186148
0 0.211866 0.683778 0.0245704 0.0564863 0.0184392
5 0.0692438 0.58208 0.138212 0.122972 0.0183804
2 0.0259011 0.81776 0.0516935 0.0812544 0.0180244
0 0.217667 0.665655 0.0178485 0.0369713 0.0179902
9 0.439814 0.454615 0.0148275 0.0361312 0.0179729
2 0.949228 0.518333 0.0496449 0.037896 0.0178032
0 0.148106 0.711737 0.0154679 0.0364773 0.0175733
2 0.0068236 0.852572 0.0134154 0.0442589 0.0175298
2 0.944356 0.519333 0.0400627 0.035424 0.0175089
2 0.025348 0.822853 0.05052 0.05569 0.017495
0 0.200185 0.655812 0.0227203 0.0250246 0.0174411
9 0.437329 0.468229 0.0153696 0.0506647 0.0173425
2 0.396534 0.542839 0.0249763 0.0308992 0.0172403
2 0.614897 0.979996 0.0764079 0.0390682 0.0167287
0 0.148224 0.710437 0.015771 0.0351249 0.0167182
0 0.254893 0.758908 0.0216164 0.0781527 0.0165656
2 0.0230734 0.826526 0.0460257 0.0688637 0.0164198
0 0.178702 0.709917 0.0187598 0.0243165 0.0162207
5 0.158012 0.601207 0.158487 0.0621719 0.0158553
2 0.653808 0.92093 0.165705 0.157219 0.015778
2 0.613817 0.982021 0.0736396 0.0350941 0.015452
2 0.00633445 0.847798 0.0125583 0.0376875 0.015402
2 0.394722 0.543968 0.0222119 0.028487 0.0152522
9 0.823972 0.0963343 0.0497051 0.153589 0.0150244
9 0.439179 0.466013 0.0146123 0.0515067 0.0149287
2 0.024444 0.832885 0.0488879 0.0674839 0.0148367
0 0.28384 0.662605 0.0141252 0.0227893 0.0146975
0 0.0472075 0.607947 0.0186492 0.0432171 0.0146368
9 0.174565 0.43773 0.0161973 0.0256682 0.0144686
0 0.796538 0.490707 0.0257708 0.0583373 0.0144576
0 0.0135938 0.746995 0.0172193 0.0269266 0.0140879
9 0.572676 0.523109 0.0239444 0.0389668 0.0140178
5 0.0901497 0.5773 0.180299 0.125891 0.0138854
0 0.199617 0.652849 0.0219259 0.0247679 0.0137859
0 0.0473485 0.60892 0.0176356 0.0406286 0.0137639
0 0.797345 0.484528 0.0217243 0.042665 0.0136494
0 0.166806 0.690742 0.0222831 0.0658407 0.013644
3 0.486323 0.57422 0.0321073 0.0426481 0.0136406
