5 0.096806 0.782517 0.142081 0.208098 0.613348
0 0.611908 0.511473 0.0238953 0.0818269 0.571732
2 0.0453521 0.944473 0.0879749 0.110113 0.558269
5 0.0971074 0.782213 0.141369 0.209035 0.557145
2 0.0451715 0.944471 0.0879632 0.110381 0.553924
2 0.181544 0.989975 0.0980129 0.0192333 0.544851
5 0.0962711 0.782166 0.143209 0.208298 0.531264
0 0.611971 0.51163 0.0233166 0.0835742 0.529804
2 0.628755 0.244697 0.0438586 0.0520336 0.513189
2 0.182199 0.98976 0.0977983 0.0197037 0.510453
2 0.62919 0.24437 0.045137 0.0515132 0.506694
2 0.182963 0.990215 0.0998915 0.0189672 0.506583
0 0.611853 0.51117 0.0239315 0.0841984 0.497017
5 0.0966879 0.782235 0.143132 0.208232 0.49665
5 0.0969291 0.782255 0.143377 0.207372 0.491976
2 0.0449527 0.944489 0.0893995 0.110184 0.489446
2 0.628641 0.24451 0.0443611 0.0515874 0.477612
2 0.628963 0.244769 0.0431482 0.0518948 0.476499
2 0.628711 0.244806 0.0443107 0.0519309 0.465905
2 0.044656 0.944561 0.088801 0.110424 0.462736
0 0.611791 0.511385 0.0216312 0.0855702 0.460135
2 0.62901 0.244938 0.0440264 0.0520681 0.447201
2 0.18188 0.99001 0.0993162 0.0194502 0.438426
2 0.628615 0.245353 0.0427209 0.0511114 0.437267
2 0.182038 0.989709 0.100688 0.0200741 0.433025
2 0.450417 0.169828 0.0272684 0.0333005 0.43277
2 0.404829 0.159315 0.0273077 0.0207473 0.420669
0 0.928695 0.173458 0.0148088 0.0378481 0.417544
2 0.0447503 0.944094 0.089159 0.111099 0.41315
2 0.4052 0.157526 0.0294083 0.0225437 0.402342
2 0.299931 0.193053 0.0300783 0.0293015 0.399608
2 0.439566 0.20998 0.0316439 0.047359 0.39872
2 0.299783 0.193877 0.030175 0.0283489 0.392708
2 0.62853 0.245936 0.0440214 0.0507005 0.391738
2 0.0447176 0.944169 0.0892171 0.111158 0.376885
2 0.439404 0.21048 0.0314719 0.0465292 0.375011
2 0.439541 0.211892 0.031411 0.0448679 0.371412
0 0.61198 0.511321 0.0234649 0.0838779 0.358052
2 0.439893 0.217628 0.032897 0.0357635 0.357076
2 0.439581 0.211472 0.0315874 0.0451239 0.354018
0 0.6107 0.510552 0.0225948 0.0832692 0.349708
2 0.0450553 0.944613 0.089675 0.110185 0.347714
0 0.611115 0.51116 0.0235693 0.0845724 0.343951
2 0.299605 0.194853 0.0307689 0.0272746 0.343882
5 0.0970813 0.782526 0.14252 0.207815 0.336444
2 0.083592 0.413945 0.0914819 0.0929558 0.33506
2 0.084013 0.413194 0.0918025 0.0932314 0.33351
2 0.182386 0.989664 0.0967181 0.0199074 0.327699
2 0.0456803 0.944699 0.0893431 0.110017 0.326541
2 0.62859 0.24434 0.0443584 0.0515572 0.32479
2 0.463038 0.118674 0.0224759 0.0262054 0.323433
5 0.0965504 0.781992 0.143726 0.208721 0.321532
2 0.4395 0.210201 0.0314383 0.0468776 0.319133
2 0.439973 0.212641 0.0311501 0.0430225 0.316933
2 0.181984 0.989156 0.0977011 0.0205883 0.31339
7 0.154862 0.343854 0.0521727 0.0681334 0.312584
2 0.0836027 0.412971 0.0923041 0.0920272 0.311882
0 0.931045 0.173897 0.0139988 0.0384436 0.311807
2 0.0457378 0.944668 0.0884391 0.110137 0.310111
2 0.462364 0.118758 0.0215563 0.0246722 0.309329
7 0.532039 0.509541 0.0812758 0.140126 0.305582
2 0.0835973 0.413371 0.092037 0.0920555 0.305128
0 0.61131 0.511543 0.0234011 0.0862665 0.300573
2 0.0838735 0.413776 0.0914911 0.0925087 0.300141
7 0.531795 0.509947 0.0810846 0.14019 0.299647
2 0.0845773 0.413013 0.0921597 0.0915197 0.294403
5 0.0972618 0.782096 0.141635 0.209336 0.289318
2 0.181751 0.988959 0.0990097 0.0210148 0.286843
7 0.154926 0.343495 0.0523241 0.0685883 0.286623
2 0.40497 0.149281 0.0282506 0.039885 0.286437
2 0.439327 0.210302 0.0317684 0.0464511 0.283969
2 0.183512 0.990006 0.100434 0.0192043 0.281392
7 0.154589 0.344157 0.0527172 0.0693729 0.279997
2 0.628885 0.245707 0.0436384 0.0499875 0.278423
2 0.450876 0.171523 0.0270926 0.0303623 0.277582
2 0.450401 0.170671 0.0272036 0.0310284 0.273405
7 0.531438 0.50991 0.0808743 0.140808 0.271004
7 0.531763 0.509699 0.0813734 0.13986 0.270295
7 0.531742 0.509492 0.0812267 0.140199 0.267998
2 0.0835451 0.414065 0.0917754 0.0927793 0.262999
2 0.440088 0.216654 0.0322025 0.0371613 0.26241
2 0.40487 0.158869 0.0276778 0.0215358 0.260516
2 0.0839816 0.415277 0.0928633 0.0919495 0.260042
5 0.58493 0.0525051 0.0279041 0.0392532 0.259375
7 0.531749 0.509598 0.0811646 0.139475 0.252212
2 0.462805 0.117494 0.023807 0.0271346 0.24767
0 0.182591 0.24637 0.0139208 0.0312782 0.244252
2 0.299621 0.194554 0.0299473 0.0270281 0.242645
7 0.154547 0.344569 0.0528776 0.0680759 0.239102
7 0.531831 0.50959 0.0808923 0.140078 0.232402
2 0.0840922 0.413948 0.092705 0.0920199 0.23156
0 0.611054 0.511383 0.0226868 0.0799149 0.226312
2 0.154867 0.343837 0.051971 0.0676447 0.22594
7 0.531134 0.509553 0.080909 0.138864 0.225658
2 0.0451064 0.944137 0.0896395 0.111109 0.225136
2 0.154575 0.344065 0.051968 0.0679818 0.220956
2 0.154764 0.34529 0.0512787 0.0636649 0.218535
2 0.15478 0.346024 0.0522357 0.0640639 0.217726
2 0.531867 0.509057 0.0807961 0.140428 0.213374
2 0.450886 0.17137 0.027186 0.0296284 0.212616
5 0.585021 0.0511744 0.0306291 0.0413467 0.206727
7 0.531311 0.508537 0.0801901 0.138482 0.206629
0 0.611761 0.510485 0.0246077 0.0846053 0.205435
2 0.531495 0.509151 0.0815623 0.138901 0.204927
2 0.628842 0.244356 0.0451454 0.0522558 0.198048
5 0.584872 0.0524801 0.0299455 0.0392431 0.182662
0 0.780192 0.15283 0.0121483 0.0338694 0.180913
2 0.181987 0.990144 0.0973488 0.0189516 0.178242
2 0.450696 0.163936 0.0280585 0.0444204 0.176112
2 0.300717 0.188346 0.0337575 0.0382036 0.174348
2 0.226008 0.158618 0.0294064 0.0310535 0.173284
5 0.401995 0.0976049 0.0450454 0.0520704 0.173113
2 0.182036 0.988771 0.0985533 0.0215069 0.171409
0 0.182744 0.246973 0.0145752 0.0311268 0.169171
2 0.299972 0.190462 0.0319627 0.0384659 0.168852
2 0.300891 0.188102 0.0319489 0.0393027 0.166992
0 0.778974 0.149377 0.013203 0.0355688 0.161759
5 0.400328 0.0989465 0.0403447 0.052915 0.160941
2 0.154905 0.347147 0.0513712 0.0620289 0.16051
2 0.300191 0.188492 0.0322485 0.0384609 0.159217
5 0.268707 0.139074 0.0377913 0.0452029 0.155538
2 0.404596 0.159607 0.0276152 0.0217389 0.15378
0 0.612029 0.512695 0.0220007 0.0860518 0.153514
0 0.667382 0.108269 0.013084 0.0229897 0.145402
0 0.116843 0.245978 0.0138816 0.0453541 0.139029
5 0.584934 0.0524606 0.0277302 0.0404257 0.136418
5 0.268363 0.138445 0.038491 0.0454847 0.13563
0 0.052382 0.335647 0.0179241 0.0384068 0.133923
5 0.741341 0.0511358 0.0804437 0.102088 0.129194
2 0.450887 0.164486 0.0279411 0.0438237 0.128973
2 0.404981 0.159437 0.02822 0.0224509 0.128144
0 0.116675 0.252585 0.0124826 0.0346141 0.126021
0 0.231445 0.194844 0.0146002 0.0330991 0.120697
5 0.268055 0.137561 0.0386181 0.0445124 0.118062
5 0.409848 0.0934676 0.0434402 0.0533678 0.11624
5 0.742616 0.0509645 0.07852 0.101656 0.115401
5 0.585527 0.0490153 0.0310769 0.0447034 0.114562
5 0.742098 0.0508458 0.0801029 0.101565 0.114448
2 0.184567 0.989061 0.103738 0.0209778 0.112003
0 0.781987 0.15978 0.00974579 0.0242184 0.110675
7 0.0964732 0.781833 0.142427 0.207764 0.108993
5 0.630002 0.0671254 0.0427607 0.0387605 0.107875
0 0.230143 0.20385 0.0130621 0.0267397 0.105489
0 0.934435 0.174715 0.0122398 0.0353925 0.103213
0 0.052631 0.33424 0.0164012 0.0355379 0.1014
2 0.361131 0.232154 0.0209472 0.0224296 0.0993512
2 0.087536 0.40766 0.0843783 0.0817029 0.0974302
0 0.934169 0.174033 0.0138174 0.0384984 0.0973646
2 0.184234 0.989888 0.0927332 0.0193232 0.0969707
0 0.928053 0.172441 0.014801 0.0388004 0.0962117
2 0.224715 0.159362 0.0271369 0.029899 0.0945095
2 0.30389 0.187318 0.038394 0.0392223 0.0933799
5 0.742927 0.0509678 0.0793372 0.101264 0.0930367
0 0.129153 0.208517 0.0113566 0.0236078 0.0926968
0 0.889256 0.166631 0.0143345 0.0315101 0.0915937
2 0.404892 0.150047 0.0289898 0.0376511 0.0902468
5 0.437309 0.0741827 0.028734 0.0414403 0.090232
2 0.305466 0.187262 0.0413055 0.040417 0.090116
2 0.462889 0.117408 0.0232523 0.027834 0.0900314
5 0.437878 0.0736241 0.0273164 0.039881 0.0877157
2 0.154554 0.347358 0.0521357 0.0618958 0.0860496
2 0.154541 0.348492 0.0532305 0.0599291 0.0844942
0 0.889738 0.166259 0.0128838 0.0303961 0.0832336
0 0.115467 0.250789 0.0132431 0.038295 0.0802413
0 0.611604 0.496897 0.0240788 0.0587039 0.0789345
0 0.888069 0.166108 0.012678 0.026925 0.0786156
2 0.171628 0.988974 0.126905 0.0214735 0.07819
2 0.405481 0.155582 0.0304828 0.0295535 0.0765768
5 0.743184 0.050844 0.0804911 0.101688 0.0761141
0 0.632605 0.0956321 0.0123932 0.0253718 0.0753863
2 0.225449 0.158691 0.0274015 0.030518 0.0751749
0 0.758432 0.128007 0.012291 0.0182064 0.0750918
0 0.265521 0.260582 0.015563 0.0474584 0.0743147
5 0.268862 0.138947 0.0392232 0.0468248 0.0742145
2 0.6304 0.244631 0.0436184 0.0512254 0.0733587
0 0.183457 0.238789 0.0149615 0.0457833 0.0725965
5 0.584701 0.05406 0.0285383 0.0367773 0.0723875
0 0.117208 0.256628 0.013816 0.0309741 0.0697784
0 0.994713 0.222241 0.00978012 0.0960125 0.069553
0 0.0222971 0.304104 0.0129336 0.0355384 0.0695435
5 0.404121 0.096162 0.0447485 0.0537695 0.0691084
2 0.047092 0.9464 0.0832063 0.10632 0.0688511
2 0.364068 0.233233 0.0238372 0.0228996 0.0685237
5 0.741053 0.0517344 0.0814156 0.103422 0.0656209
0 0.994447 0.218722 0.0103439 0.101351 0.0653187
0 0.61012 0.516519 0.0164362 0.0757537 0.064459
5 0.585046 0.0511746 0.0309893 0.0424141 0.0643876
0 0.265556 0.263075 0.0155061 0.0475267 0.0640381
5 0.437968 0.0717451 0.0268782 0.0403151 0.0633619
0 0.184182 0.246654 0.0143821 0.0305172 0.0628136
9 0.821013 0.122768 0.0112576 0.0199661 0.0607234
7 0.155447 0.341444 0.0517807 0.0732895 0.0595209
2 0.0890822 0.403848 0.0811499 0.0730865 0.0594201
0 0.611037 0.493326 0.0230698 0.0474276 0.0564885
2 0.45116 0.161493 0.0269512 0.0465491 0.0557998
2 0.405838 0.14913 0.0311031 0.0413059 0.0554004
0 0.778339 0.142996 0.0127217 0.034038 0.0550116
5 0.399272 0.10422 0.0305852 0.0421433 0.0549901
0 0.115746 0.246799 0.0151846 0.0454872 0.0549305
2 0.405057 0.149696 0.0313459 0.0398669 0.0544958
2 0.225198 0.159036 0.0303186 0.0307397 0.0539013
0 0.128505 0.209905 0.0114673 0.0245917 0.0534015
0 0.0227976 0.301089 0.0129535 0.0353471 0.0531773
2 0.360162 0.231997 0.0196255 0.0228809 0.0528432
2 0.45004 0.163892 0.0315696 0.0437219 0.0524494
0 0.806465 0.163515 0.0104914 0.0229973 0.0522753
5 0.259866 0.141012 0.0199188 0.0430942 0.0520872
0 0.885258 0.16814 0.0132313 0.0289346 0.0520479
5 0.744267 0.0511395 0.082325 0.102279 0.0520183
5 0.268342 0.140117 0.0365785 0.0492589 0.0510937
0 0.233363 0.187933 0.0134209 0.0225498 0.0502491
0 0.994783 0.213629 0.00969906 0.0772843 0.0501956
0 0.265033 0.262403 0.0152883 0.0482698 0.0500973
0 0.632682 0.0978008 0.0122298 0.0219654 0.0500464
0 0.720639 0.0532022 0.0123539 0.0320732 0.0498279
9 0.821275 0.0877034 0.0139299 0.0372705 0.0495684
5 0.631048 0.0688334 0.042552 0.0399832 0.049168
0 0.118205 0.23911 0.0115029 0.0379052 0.0490563
5 0.270247 0.138791 0.0350251 0.0431551 0.0486252
5 0.584031 0.054835 0.027398 0.0351042 0.0477738
0 0.0515775 0.333329 0.0199985 0.0393618 0.0477384
0 0.266292 0.248256 0.0131752 0.0294872 0.0475493
5 0.395048 0.0948472 0.0278907 0.0393001 0.0469961
0 0.265489 0.24336 0.0145379 0.0238985 0.0466952
0 0.22803 0.209197 0.0157516 0.0241797 0.0458298
0 0.9074 0.170134 0.0113529 0.0148158 0.0455556
0 0.995074 0.232731 0.00916328 0.0788026 0.0449859
2 0.361656 0.233667 0.0216563 0.0242374 0.0445086
0 0.051758 0.335085 0.0201976 0.0421329 0.0440155
5 0.630943 0.0744512 0.0454594 0.0548975 0.0430855
0 0.757381 0.12656 0.0113621 0.0204114 0.0425909
0 0.995069 0.197809 0.00908775 0.0507404 0.0413253
5 0.741204 0.0539792 0.0807066 0.107958 0.038809
2 0.183187 0.98865 0.0954486 0.0218731 0.038278
5 0.225087 0.157258 0.0292433 0.0315564 0.0377278
5 0.415259 0.0332597 0.0318065 0.0655813 0.0371648
2 0.155502 0.341996 0.0527925 0.0700978 0.0371299
2 0.62892 0.247898 0.0420151 0.0470976 0.0369115
5 0.633497 0.0800543 0.018585 0.0567697 0.0368808
2 0.484933 0.0927963 0.0200426 0.0222266 0.0365276
0 0.00526961 0.930132 0.0103864 0.0308855 0.0357322
2 0.437511 0.0717775 0.0272395 0.0388559 0.0356727
9 0.185745 0.0487295 0.015442 0.0305031 0.0352444
0 0.264796 0.268036 0.0158996 0.0399684 0.0351539
2 0.462034 0.117761 0.0215914 0.0260199 0.0351356
0 0.806271 0.157648 0.0103828 0.0351955 0.0350705
2 0.225477 0.157306 0.0289127 0.0319345 0.0350492
0 0.888475 0.167113 0.0171707 0.0315556 0.0350411
0 0.00992122 0.958826 0.019773 0.0815662 0.0346738
2 0.448687 0.162784 0.0325161 0.0437482 0.0342733
2 0.364778 0.234128 0.0261414 0.0232723 0.0340582
0 0.0513789 0.330516 0.017981 0.039102 0.0340479
0 0.995206 0.193972 0.00895615 0.0486562 0.0336327
0 0.0234209 0.307381 0.0151637 0.0337704 0.0331617
5 0.436074 0.0757496 0.0313793 0.0413093 0.0327509
2 0.178784 0.989644 0.0927991 0.0198826 0.0320624
0 0.33247 0.161384 0.011328 0.022892 0.0320489
2 0.462514 0.119617 0.0215921 0.026613 0.0318935
2 0.301517 0.1872 0.0296094 0.0412921 0.0316688
0 0.0506242 0.320198 0.0190645 0.0594346 0.0315674
5 0.410843 0.0338478 0.0242509 0.0676956 0.0313269
0 0.888063 0.167422 0.0184834 0.0304173 0.0310436
2 0.00646245 0.936514 0.0127731 0.0423473 0.0309098
2 0.0461197 0.133319 0.0549185 0.0184903 0.0308588
2 0.485049 0.0941349 0.0209311 0.0248401 0.0304122
0 0.0491235 0.306323 0.0162221 0.0336498 0.0303332
2 0.40088 0.114636 0.0287596 0.0232481 0.0299334
0 0.885898 0.170102 0.0147041 0.0258436 0.0297364
2 0.400109 0.115723 0.0283402 0.0238352 0.0296007
5 0.0969095 0.781815 0.142235 0.205971 0.0295546
0 0.720353 0.0514611 0.0122641 0.0300981 0.0293411
5 0.583688 0.0489843 0.0322922 0.0471318 0.0292764
0 0.924707 0.172978 0.014637 0.0364687 0.0291026
2 0.00879802 0.955785 0.0175747 0.0815998 0.028978
2 0.45094 0.16222 0.0280379 0.0463925 0.0289499
5 0.405022 0.0887325 0.0418769 0.0396939 0.0288865
5 0.754736 0.0478196 0.0578201 0.0956391 0.0284692
5 0.634261 0.0645512 0.0470016 0.0346776 0.0283773
0 0.921523 0.172638 0.0108044 0.0353463 0.0282797
2 0.0102667 0.956579 0.0204676 0.0844173 0.0282061
5 0.404301 0.147599 0.0303098 0.0419453 0.0280013
5 0.405523 0.0994843 0.0407619 0.0509502 0.0276085
0 0.995393 0.2498 0.00855103 0.0429695 0.0272034
5 0.438785 0.0652449 0.0280704 0.0343082 0.0268075
5 0.417833 0.0818705 0.0304928 0.0336184 0.0266942
2 0.348494 0.287595 0.0211577 0.026302 0.0265779
5 0.744229 0.0506043 0.0791596 0.100303 0.0264669
9 0.18574 0.04773 0.0163907 0.0311775 0.0262032
2 0.0849133 0.414175 0.0901462 0.0913947 0.0254533
0 0.692392 0.0780718 0.00908642 0.0131131 0.0253589
0 0.471681 0.209654 0.0105196 0.023287 0.0249243
0 0.668217 0.108737 0.0159049 0.0259848 0.0246851
9 0.821501 0.0870871 0.0148392 0.0369396 0.0244983
2 0.0913643 0.146442 0.0310424 0.0240196 0.0243134
0 0.330102 0.158278 0.0109467 0.0261594 0.0240474
9 0.25967 0.149425 0.0157577 0.0251791 0.0239621
2 0.463023 0.119476 0.0210308 0.0267192 0.0234764
2 0.0528022 0.1359 0.0468583 0.0211801 0.0234007
2 0.103968 0.610587 0.0559654 0.0501987 0.0231673
0 0.190305 0.234307 0.014646 0.0395215 0.0231195
