2 0.789919 0.761317 0.11995 0.144007 0.742342
2 0.790221 0.761409 0.120337 0.144169 0.742011
2 0.790359 0.761355 0.120729 0.144246 0.737743
2 0.789889 0.761565 0.119736 0.14306 0.735158
2 0.790314 0.761675 0.120597 0.143633 0.734562
2 0.790039 0.761482 0.119699 0.142741 0.724529
2 0.790375 0.76149 0.120651 0.144035 0.71494
2 0.790231 0.761392 0.121206 0.144344 0.694559
2 0.24973 0.499748 0.102611 0.0736553 0.671249
2 0.790164 0.76154 0.121177 0.144178 0.651433
2 0.2498 0.499598 0.103074 0.0728041 0.644213
2 0.249563 0.499669 0.103046 0.072427 0.633273
2 0.249646 0.49945 0.102965 0.0726526 0.61288
2 0.249827 0.499265 0.102581 0.0725489 0.579456
0 0.634875 0.472483 0.0211878 0.0566456 0.575745
2 0.249779 0.499403 0.102655 0.0723238 0.575036
2 0.25038 0.499162 0.102318 0.0732136 0.573334
2 0.250096 0.498974 0.102328 0.0731055 0.568235
0 0.637571 0.473004 0.0250994 0.0561983 0.54552
2 0.0695277 0.96209 0.137007 0.0749926 0.543222
2 0.0696115 0.962564 0.137486 0.0742466 0.523554
2 0.0695736 0.962556 0.137371 0.0737026 0.522811
0 0.635422 0.472927 0.0227712 0.0556429 0.520178
2 0.0698793 0.96254 0.138092 0.0743134 0.510975
2 0.249884 0.498974 0.105782 0.0732064 0.50764
2 0.0687663 0.962261 0.137002 0.0748585 0.462291
0 0.631974 0.472269 0.016363 0.0567177 0.45372
0 0.637378 0.472939 0.0247337 0.0556294 0.45139
2 0.960951 0.754126 0.0771166 0.169037 0.444692
2 0.249882 0.49918 0.107238 0.0731935 0.441196
2 0.0693978 0.962588 0.137177 0.073774 0.439378
2 0.96073 0.754443 0.0776091 0.167145 0.405102
0 0.637236 0.472575 0.0244617 0.0572941 0.3957
0 0.638843 0.472779 0.0225684 0.0559402 0.385669
2 0.0689253 0.96265 0.137186 0.0736252 0.384505
0 0.637135 0.472912 0.024457 0.0568564 0.384493
0 0.604751 0.46988 0.0130497 0.0573038 0.379027
2 0.0694265 0.962541 0.137591 0.0742409 0.369611
2 0.960709 0.760411 0.0775278 0.156526 0.356299
0 0.636359 0.472732 0.0234908 0.0553756 0.350463
0 0.572636 0.480119 0.0178612 0.0568613 0.348549
2 0.960574 0.753947 0.0783894 0.168372 0.330371
0 0.63749 0.472767 0.0252913 0.055348 0.303206
0 0.606242 0.469988 0.0126505 0.0578382 0.30205
0 0.605917 0.470196 0.012743 0.0577213 0.286506
0 0.572631 0.480746 0.0174316 0.0569265 0.280365
2 0.960956 0.769994 0.0771763 0.137437 0.270138
0 0.569284 0.477853 0.0206118 0.0576132 0.269926
0 0.577555 0.477929 0.015761 0.0616124 0.269464
2 0.961006 0.771352 0.0771965 0.135117 0.266919
2 0.277115 0.891718 0.193387 0.155188 0.244523
2 0.960798 0.769477 0.0772959 0.13765 0.242526
0 0.577943 0.47606 0.0148151 0.0586974 0.235342
2 0.960781 0.767861 0.0774208 0.141369 0.232933
2 0.960755 0.75319 0.078018 0.171411 0.228242
0 0.575685 0.478981 0.0175756 0.0611103 0.227961
2 0.961096 0.766117 0.0773254 0.145617 0.225731
2 0.381578 0.478074 0.0183965 0.0310159 0.221674
2 0.961161 0.753385 0.0767796 0.167094 0.221627
2 0.960995 0.767409 0.0774372 0.143199 0.213507
11 0.155243 0.426766 0.0132869 0.0282597 0.205838
6 0.276131 0.893116 0.192619 0.159661 0.186484
2 0.382105 0.478596 0.0193701 0.032584 0.172805
2 0.0688482 0.962755 0.136372 0.0733299 0.163684
2 0.277162 0.892658 0.193893 0.156035 0.163415
0 0.57901 0.473039 0.0143531 0.0523723 0.154052
0 0.604328 0.470526 0.013724 0.0555902 0.153316
6 0.562979 0.767121 0.839063 0.465759 0.150046
0 0.0152296 0.522144 0.0230098 0.0712895 0.147749
2 0.276904 0.893118 0.192629 0.156159 0.140394
1 0.325807 0.532696 0.0351189 0.0414798 0.13668
0 0.0168439 0.5219 0.0203912 0.068721 0.136008
0 0.0148778 0.521689 0.0235913 0.0726946 0.135075
0 0.324977 0.516023 0.0300624 0.0688276 0.12868
9 0.155327 0.42734 0.0126866 0.0295654 0.128453
6 0.570529 0.771637 0.819074 0.456725 0.127847
2 0.276648 0.891215 0.193986 0.155191 0.116234
2 0.384473 0.478738 0.0248975 0.0341547 0.114
2 0.276387 0.892674 0.192759 0.156949 0.101579
2 0.383391 0.480501 0.0227856 0.0342751 0.0971845
0 0.560273 0.478239 0.0142521 0.0591736 0.0946109
2 0.384645 0.478956 0.0245095 0.0341275 0.09374
0 0.597215 0.474039 0.014942 0.0465493 0.0902093
2 0.130643 0.50675 0.0688876 0.0446597 0.0893834
0 0.765078 0.445979 0.0122118 0.0310987 0.0874596
0 0.572249 0.481582 0.0179958 0.0560499 0.0872398
6 0.276217 0.892833 0.195522 0.158606 0.085553
2 0.584052 0.825808 0.0267893 0.0195168 0.0850171
6 0.586153 0.77806 0.821771 0.443881 0.0834501
6 0.548397 0.770073 0.866537 0.459855 0.0831453
0 0.595591 0.472254 0.0128212 0.0502344 0.0829704
6 0.276788 0.892825 0.193079 0.157693 0.0789869
0 0.559581 0.478835 0.0131344 0.0499908 0.0782148
0 0.56955 0.475728 0.0226759 0.0613821 0.0743853
1 0.326972 0.534953 0.0313492 0.0358747 0.0730602
0 0.325697 0.516358 0.0307432 0.0689654 0.0730357
6 0.275827 0.893027 0.190647 0.155136 0.0729359
6 0.54153 0.753983 0.899643 0.492033 0.0655754
6 0.58602 0.778159 0.824707 0.443683 0.065447
9 0.339992 0.417533 0.00953879 0.0214364 0.0653148
2 0.466832 0.899128 0.0306529 0.0215614 0.0652327
0 0.629951 0.469266 0.0143208 0.0559635 0.064539
2 0.129266 0.508357 0.0614218 0.041874 0.0637195
0 0.511162 0.475593 0.016078 0.0422977 0.0629305
0 0.564099 0.478949 0.0143715 0.0549334 0.062034
2 0.0691133 0.962319 0.136694 0.0738972 0.0605043
0 0.0149992 0.522004 0.0263846 0.0755943 0.0602656
2 0.0689561 0.962656 0.136496 0.0737366 0.0590833
0 0.0138496 0.521442 0.0276992 0.0749245 0.0585568
2 0.383686 0.47991 0.0210562 0.0334755 0.058122
0 0.592897 0.470503 0.0144291 0.05317 0.0549657
0 0.014831 0.521944 0.0266694 0.0744905 0.054818
0 0.575084 0.479959 0.0179369 0.0596739 0.0537324
0 0.605693 0.468912 0.0136709 0.0571907 0.0535
2 0.127071 0.507536 0.0638843 0.042239 0.0533922
2 0.275263 0.893048 0.189804 0.154837 0.0532166
0 0.566543 0.47851 0.0212437 0.0638441 0.0526874
2 0.128504 0.507802 0.0632255 0.0431831 0.0521725
1 0.326508 0.527991 0.0308642 0.0478228 0.0521427
2 0.13531 0.507111 0.0704726 0.0437767 0.0520164
0 0.764704 0.447311 0.0140878 0.0330105 0.0518121
0 0.560605 0.475957 0.0147104 0.0545595 0.0512955
2 0.129443 0.508451 0.0631739 0.0422322 0.0509688
0 0.321104 0.492835 0.0204129 0.0298583 0.05054
1 0.325946 0.526878 0.0318034 0.0503549 0.0504939
2 0.128777 0.50635 0.0679044 0.0444386 0.0495085
6 0.275815 0.890961 0.196572 0.155257 0.048968
2 0.129897 0.507617 0.0630078 0.0440132 0.0485116
0 0.0101867 0.521699 0.0203735 0.0735632 0.0481543
0 0.586599 0.472608 0.0201784 0.0536653 0.0475428
2 0.58471 0.827089 0.0250858 0.0197779 0.0472313
0 0.325466 0.505616 0.0274297 0.0508427 0.0462107
0 0.514502 0.476037 0.0183979 0.042778 0.0453444
0 0.511166 0.475826 0.0159632 0.0408543 0.0448136
2 0.385193 0.479589 0.0245388 0.0338081 0.0424949
1 0.324372 0.531654 0.0351439 0.0445169 0.0416659
0 0.60592 0.470873 0.0192732 0.0561337 0.0412244
0 0.732558 0.451628 0.0111448 0.0316662 0.040236
0 0.325144 0.506713 0.0277081 0.055402 0.0398048
6 0.555553 0.768379 0.849395 0.463242 0.0391001
2 0.127376 0.506302 0.0629269 0.0448452 0.0387182
0 0.56285 0.469728 0.0214135 0.0700649 0.0385769
0 0.590972 0.468541 0.0184698 0.0548723 0.0382957
0 0.585888 0.476294 0.0183067 0.0530928 0.0368133
2 0.1345 0.508722 0.0600923 0.0412225 0.0352565
2 0.134563 0.509355 0.0562107 0.0406895 0.0349371
0 0.514722 0.476137 0.0139946 0.03979 0.0319259
0 0.014491 0.524171 0.0250632 0.0681573 0.0314148
0 0.514444 0.475996 0.0152597 0.0418903 0.0312376
2 0.466205 0.898712 0.0318008 0.0226446 0.03048
0 0.0137693 0.520238 0.0275387 0.0741241 0.0303631
2 0.463239 0.449619 0.0292248 0.0185978 0.0301786
2 0.466975 0.898465 0.0317359 0.0234138 0.0299559
0 0.517626 0.476413 0.0215014 0.0421338 0.0298942
2 0.462487 0.4552 0.032218 0.026848 0.0295447
1 0.323876 0.531562 0.0361787 0.0457019 0.0290936
0 0.324897 0.495659 0.0272213 0.0358359 0.0289446
2 0.0894922 0.50635 0.0504127 0.0396728 0.0287172
0 0.606461 0.471515 0.0194425 0.0565472 0.0274592
2 0.0691394 0.962137 0.136483 0.0746826 0.0260482
1 0.321841 0.532819 0.0407459 0.0429804 0.0257485
2 0.32421 0.489965 0.0258601 0.0280288 0.0256755
0 0.324346 0.514847 0.0337188 0.0720444 0.0252739
2 0.462216 0.456518 0.0319162 0.0272854 0.0247996
2 0.379891 0.478452 0.026235 0.0344419 0.024652
0 0.58266 0.458267 0.0198684 0.0824511 0.0245027
2 0.863944 0.667528 0.0178673 0.0179388 0.0244948
2 0.797092 0.718786 0.099453 0.0583408 0.0243339
2 0.126775 0.504963 0.0811591 0.0466825 0.0242077
2 0.790166 0.762118 0.120898 0.143835 0.024135
2 0.796358 0.718306 0.0964886 0.0569906 0.0236804
2 0.463184 0.450402 0.0281393 0.0201876 0.0234475
2 0.681664 0.765127 0.019603 0.0214846 0.0234026
2 0.088995 0.510558 0.0497708 0.029862 0.023242
1 0.319264 0.530077 0.0422174 0.045103 0.023197
9 0.535318 0.288869 0.0196527 0.0481454 0.0227896
0 0.352079 0.489632 0.0203177 0.0319622 0.0227408
0 0.552957 0.484452 0.023641 0.0844212 0.0223906
6 0.538871 0.746552 0.906031 0.506896 0.0221282
5 0.550939 0.427914 0.0985666 0.087816 0.0219341
0 0.322245 0.48955 0.0216613 0.0278888 0.0215258
1 0.328439 0.535447 0.0354012 0.0375365 0.0210638
2 0.141069 0.508015 0.0497469 0.0423873 0.0206582
2 0.0693301 0.962397 0.137998 0.074667 0.0205803
2 0.0878007 0.507363 0.0505526 0.0345127 0.0205255
9 0.535052 0.28909 0.0200217 0.0477335 0.0199678
2 0.0889153 0.509715 0.0512414 0.0310997 0.0198359
5 0.550558 0.438199 0.102106 0.105274 0.0196234
2 0.382102 0.479045 0.0258003 0.038344 0.018449
6 0.276003 0.894785 0.197421 0.160251 0.0182294
13 0.594206 0.628116 0.0647381 0.0606886 0.017781
5 0.549647 0.437607 0.101786 0.102909 0.0169031
0 0.765894 0.444256 0.0121805 0.0334158 0.0166572
2 0.460629 0.464573 0.0334468 0.0401524 0.0164268
2 0.58374 0.825285 0.026298 0.0208673 0.0163651
0 0.764014 0.446052 0.0134293 0.0299646 0.0162269
2 0.144777 0.509899 0.0472556 0.0388913 0.0152821
0 0.35222 0.489304 0.0201793 0.0317438 0.014923
2 0.0878994 0.507423 0.0514788 0.0336294 0.0148158
9 0.535079 0.285242 0.0225655 0.0556486 0.0147934
2 0.400413 0.944487 0.023011 0.0198914 0.0146957
0 0.0174865 0.519592 0.0181041 0.0662617 0.0145918
9 0.155648 0.42919 0.0130765 0.0335962 0.0145508
2 0.355073 0.484946 0.0365553 0.0360188 0.0143077
0 0.732459 0.450039 0.0110382 0.0288115 0.0142343
1 0.350833 0.490313 0.0220998 0.0307911 0.0141653
2 0.891964 0.653557 0.0166483 0.0142176 0.0141275
0 0.814909 0.42822 0.0166048 0.0224723 0.0138762
2 0.460677 0.465635 0.0325456 0.0433836 0.0136926
0 0.318199 0.489222 0.0193098 0.0280411 0.0135872
2 0.635936 0.794721 0.0237969 0.0207089 0.0135381
2 0.973241 0.700713 0.052844 0.0567507 0.0131953
2 0.97335 0.698869 0.0512703 0.0518436 0.0131837
0 0.0122959 0.536408 0.0245919 0.0448768 0.0130835
2 0.467329 0.899344 0.0327052 0.0236822 0.0128161
2 0.0987604 0.508038 0.0403404 0.0359598 0.0125876
1 0.324222 0.536348 0.0414555 0.0438845 0.0124752
2 0.981248 0.606709 0.0366503 0.0301581 0.0124009
2 0.152957 0.509166 0.0303459 0.0379416 0.0123156
2 0.862527 0.666986 0.0210964 0.0177034 0.0119316
2 0.797204 0.721055 0.102936 0.0632809 0.0118735
2 0.122927 0.428877 0.0806044 0.0336312 0.0118647
6 0.27685 0.87562 0.192486 0.194365 0.0114079
0 0.549162 0.48758 0.0294971 0.0843514 0.0113733
5 0.550879 0.438479 0.100701 0.106807 0.0113713
2 0.458827 0.464418 0.0426687 0.0430367 0.0111494
0 0.550059 0.481439 0.0300953 0.0977571 0.0111224
9 0.39388 0.400201 0.0107522 0.0322119 0.0109869
9 0.39358 0.40151 0.0120558 0.031874 0.0109733
0 0.52195 0.477488 0.023411 0.0399867 0.0109541
2 0.0480389 0.964462 0.0948525 0.0704138 0.0108334
6 0.189532 0.89929 0.368571 0.177018 0.0106221
1 0.329429 0.532561 0.0339705 0.0402217 0.0106191
0 0.637127 0.470637 0.0269762 0.058564 0.0104612
2 0.129261 0.429507 0.06549 0.0329577 0.0104598
9 0.792375 0.300434 0.0127033 0.0209708 0.0103608
2 0.979237 0.608198 0.0415257 0.0283871 0.0102571
2 0.121386 0.428638 0.083275 0.0356072 0.010185
2 0.351599 0.489679 0.0231961 0.0322367 0.0101818
2 0.635896 0.79414 0.0232929 0.020834 0.0100643
0 0.511154 0.478124 0.0153254 0.0359036 0.0099063
0 0.587724 0.456366 0.0285714 0.0825978 0.0098701
13 0.594667 0.625016 0.0629097 0.0561887 0.00960064
9 0.15604 0.427496 0.0158153 0.0326001 0.00959718
0 0.444882 0.480092 0.0105067 0.0151455 0.00958302
5 0.550832 0.438553 0.0951595 0.105556 0.00950048
2 0.0819827 0.508414 0.0673503 0.033511 0.00945618
9 0.53497 0.289221 0.0208168 0.0487963 0.00928582
2 0.106524 0.506697 0.0474154 0.0382505 0.00928185
2 0.379172 0.480146 0.026748 0.0353725 0.0092639
0 0.0141338 0.515917 0.0279422 0.088204 0.00925412
0 0.814601 0.426481 0.0160414 0.021623 0.00919243
2 0.981045 0.608295 0.0369968 0.0305096 0.00907276
2 0.973535 0.701347 0.0516308 0.0560284 0.00906869
1 0.0147764 0.540967 0.0250202 0.0366436 0.00896774
0 0.994081 0.74687 0.0110416 0.0534521 0.00895739
2 0.790267 0.762109 0.119931 0.142997 0.00893486
5 0.548524 0.439423 0.107268 0.106717 0.00885427
0 0.555803 0.482713 0.0353601 0.0821724 0.00873926
13 0.59495 0.627777 0.0659802 0.0566955 0.00870101
2 0.112335 0.5047 0.0376018 0.0415758 0.00858658
2 0.747952 0.449031 0.0413639 0.0311469 0.00847246
9 0.527018 0.439503 0.0244692 0.0389116 0.00829657
2 0.796275 0.719238 0.0986504 0.0584608 0.00823459
2 0.973899 0.698538 0.0522013 0.0541401 0.00822402
9 0.128116 0.372528 0.0139225 0.0254541 0.00812469
5 0.585321 0.45471 0.0334804 0.0851921 0.00808908
2 0.0787268 0.503677 0.0336696 0.0316188 0.0080807
2 0.147438 0.506906 0.0467947 0.0401537 0.00802057
2 0.912013 0.644837 0.0435001 0.0293739 0.00767214
2 0.466169 0.898048 0.0310022 0.023177 0.00766062
2 0.461741 0.464923 0.0329023 0.0372103 0.00761095
2 0.547827 0.402601 0.0859209 0.039115 0.00758462
5 0.549454 0.429081 0.0971663 0.0897589 0.00749946
2 0.0902976 0.503765 0.0588056 0.0409027 0.00744124
3 0.351639 0.490631 0.0219874 0.0332902 0.00737696
6 0.191462 0.904061 0.380347 0.187703 0.0073744
0 0.994477 0.743917 0.0103655 0.0465723 0.00733836
13 0.595077 0.627631 0.0651466 0.0563438 0.0073105
5 0.549397 0.426342 0.0947359 0.0860052 0.00729566
2 0.330317 0.489123 0.0301306 0.0327379 0.00725745
2 0.0875916 0.501765 0.0533315 0.0378977 0.00723756
6 0.5425 0.747732 0.908014 0.504535 0.00720953
7 0.960831 0.753314 0.0779129 0.173437 0.0070728
9 0.128967 0.372144 0.0140924 0.0254528 0.00705409
9 0.341628 0.419382 0.0104807 0.0269035 0.00703667
9 0.510146 0.401891 0.0112544 0.020918 0.00701638
0 0.566764 0.442324 0.0181967 0.0354488 0.00700275
2 0.796685 0.718919 0.0957915 0.0581081 0.00699106
2 0.0478913 0.963997 0.0954763 0.0708675 0.0069464
9 0.536198 0.287202 0.0224297 0.0496848 0.0068287
2 0.915447 0.643545 0.0319538 0.0222929 0.00673679
0 0.813262 0.429925 0.0183128 0.0260811 0.00671799
2 0.793392 0.717022 0.0882191 0.0536138 0.00656135
2 0.46529 0.464478 0.0427628 0.0459806 0.00653121
0 0.511264 0.4732 0.0199976 0.0454962 0.00648449
6 0.192034 0.899766 0.377957 0.183768 0.00645906
1 0.0102861 0.54096 0.0205722 0.0382691 0.00644033
2 0.905739 0.648219 0.0452118 0.024156 0.00622158
9 0.540084 0.278005 0.0286776 0.0699237 0.00619957
