2 0.0983428 0.681318 0.196401 0.245505 0.925777
2 0.0984618 0.681112 0.196443 0.245318 0.924668
2 0.0984319 0.681353 0.196828 0.24486 0.90327
2 0.09841 0.681472 0.196457 0.243691 0.901016
2 0.0984748 0.682217 0.196657 0.244438 0.895881
2 0.0981761 0.682215 0.196184 0.244369 0.895245
2 0.130429 0.363724 0.128336 0.126706 0.871768
2 0.0985257 0.681299 0.197051 0.24527 0.858429
2 0.0982979 0.681527 0.195728 0.24488 0.857351
2 0.131017 0.363978 0.128273 0.126655 0.855541
2 0.493097 0.278713 0.110948 0.110011 0.848001
2 0.130694 0.364056 0.128331 0.126156 0.844687
2 0.676795 0.321235 0.0916497 0.112021 0.840586
2 0.493131 0.278817 0.111379 0.110105 0.834722
2 0.0983814 0.681747 0.196284 0.246125 0.834027
2 0.131279 0.363667 0.128403 0.126737 0.827056
2 0.130361 0.363473 0.128797 0.126436 0.826455
2 0.676846 0.321274 0.090328 0.112764 0.822446
2 0.130193 0.363866 0.12793 0.125771 0.81608
2 0.493142 0.278646 0.11116 0.110177 0.80576
2 0.130324 0.363268 0.128426 0.125932 0.805372
2 0.493218 0.278343 0.110935 0.110131 0.804069
2 0.493179 0.278606 0.110738 0.110463 0.80249
2 0.130691 0.363522 0.127883 0.126214 0.797556
2 0.493175 0.278523 0.110681 0.110397 0.795898
2 0.676899 0.320915 0.0904103 0.113472 0.790355
2 0.0977855 0.68161 0.195553 0.245453 0.78187
2 0.130204 0.363636 0.12843 0.126571 0.780654
2 0.676562 0.321123 0.0897476 0.111895 0.77715
2 0.934126 0.270825 0.101129 0.1037 0.776848
2 0.493118 0.278599 0.110413 0.109934 0.776203
2 0.933984 0.271316 0.101209 0.103506 0.770272
2 0.934166 0.27104 0.100833 0.102905 0.770224
2 0.933821 0.271804 0.100974 0.103594 0.76849
2 0.934102 0.271369 0.100814 0.103452 0.768116
2 0.493266 0.278669 0.110845 0.109877 0.764968
2 0.493065 0.278674 0.110095 0.110097 0.760832
2 0.492723 0.278962 0.111101 0.11028 0.753325
2 0.677003 0.32045 0.0902087 0.112161 0.746173
2 0.130584 0.363962 0.127612 0.126483 0.743771
2 0.933976 0.271705 0.100477 0.103608 0.739107
2 0.676778 0.320985 0.0894814 0.112004 0.736121
2 0.0482502 0.518324 0.0962228 0.159512 0.728262
2 0.933518 0.270488 0.101418 0.103918 0.711816
2 0.648425 0.240499 0.094917 0.0959957 0.707189
2 0.648798 0.240391 0.0940856 0.0960789 0.704399
2 0.676833 0.320579 0.0912466 0.113535 0.701664
2 0.676778 0.319998 0.0898363 0.113024 0.701155
2 0.0486912 0.518432 0.0972086 0.159473 0.700827
2 0.649491 0.240379 0.0954492 0.0964695 0.696709
2 0.0491109 0.518284 0.097115 0.159906 0.696506
2 0.648908 0.24 0.0939535 0.0958979 0.690118
2 0.0487505 0.518065 0.0968779 0.159752 0.687033
2 0.676482 0.320929 0.0894423 0.113001 0.667511
2 0.0485132 0.517958 0.0962146 0.158131 0.661401
2 0.648335 0.24029 0.0945982 0.095591 0.655792
2 0.0484061 0.518564 0.0966633 0.160369 0.652745
2 0.64852 0.240495 0.0943047 0.0956524 0.649823
2 0.649299 0.240817 0.0954939 0.0964174 0.641362
2 0.0487319 0.51842 0.0972987 0.159765 0.633325
2 0.933507 0.272797 0.101149 0.102349 0.629427
2 0.933917 0.272938 0.101123 0.102437 0.618831
2 0.93369 0.270725 0.100936 0.103748 0.611486
2 0.0484639 0.51831 0.0968278 0.158966 0.610201
2 0.649495 0.240465 0.0948797 0.0966456 0.594703
2 0.648999 0.24001 0.0940184 0.096507 0.582306
2 0.648255 0.240838 0.0941803 0.096952 0.580364
2 0.0489946 0.521574 0.0979891 0.166342 0.570586
2 0.0484403 0.518251 0.0968807 0.159148 0.547651
5 0.854988 0.128758 0.104229 0.150474 0.520791
5 0.855501 0.127657 0.104332 0.14919 0.486677
5 0.856399 0.138065 0.107719 0.170022 0.484163
0 0.0438068 0.318682 0.030095 0.100127 0.468027
0 0.0442709 0.318363 0.0293974 0.0999082 0.44797
2 0.67724 0.320096 0.0894794 0.114847 0.447837
2 0.0985826 0.682575 0.197165 0.246786 0.443326
0 0.0445537 0.318573 0.0282376 0.100027 0.439608
0 0.0436037 0.316942 0.0278795 0.0958859 0.437322
5 0.855168 0.128877 0.102853 0.150196 0.425714
5 0.854499 0.129931 0.105575 0.154162 0.354569
5 0.864708 0.127592 0.0830067 0.148034 0.336673
5 0.868352 0.12491 0.078178 0.14344 0.309341
0 0.04447 0.318018 0.0281722 0.100586 0.306459
5 0.866901 0.126864 0.0791929 0.146441 0.302032
5 0.854704 0.127763 0.106017 0.149896 0.28853
5 0.852876 0.138936 0.111334 0.172877 0.282912
0 0.0431164 0.317802 0.0285396 0.09878 0.271894
2 0.0983788 0.681946 0.196489 0.245493 0.230353
5 0.854738 0.134068 0.105005 0.160247 0.224575
0 0.0428739 0.316135 0.0284864 0.094755 0.216712
0 0.0430911 0.316865 0.0290712 0.0966245 0.216009
9 0.466236 0.0616273 0.0141445 0.0253725 0.215108
0 0.0440532 0.317544 0.0274317 0.0984216 0.214082
9 0.466298 0.0636959 0.016692 0.0289958 0.206264
2 0.864482 0.206754 0.033794 0.0589672 0.178629
0 0.0435989 0.317624 0.0272185 0.0975399 0.175755
0 0.566033 0.164878 0.0170292 0.0596459 0.167343
0 0.382178 0.164382 0.0231292 0.0615119 0.16713
2 0.864824 0.206059 0.0342896 0.0594055 0.166996
0 0.0443077 0.320316 0.026524 0.093424 0.159419
0 0.565856 0.16047 0.0174977 0.0686251 0.158766
2 0.15054 0.18125 0.0383053 0.0360674 0.154633
0 0.0506 0.185467 0.019094 0.0616345 0.154589
2 0.150794 0.180364 0.0378726 0.0360269 0.153981
0 0.38262 0.163548 0.0234765 0.0622188 0.144238
9 0.463242 0.063777 0.0217448 0.0279846 0.142825
0 0.0505691 0.184826 0.0195552 0.0614639 0.132768
2 0.863231 0.205177 0.031217 0.0564932 0.13162
2 0.816905 0.153898 0.0301643 0.0327453 0.123855
0 0.0513812 0.186124 0.0192581 0.0610355 0.118022
5 0.855712 0.143933 0.109407 0.18059 0.117749
9 0.464359 0.0645006 0.0197989 0.031334 0.115304
0 0.383403 0.165155 0.0243696 0.0639738 0.114888
2 0.860365 0.206664 0.0246397 0.0570846 0.114038
5 0.854341 0.115777 0.111554 0.128398 0.111094
2 0.149845 0.181697 0.0357057 0.0345528 0.107942
0 0.0504346 0.184762 0.0194698 0.0621323 0.103893
2 0.149844 0.180234 0.0352763 0.0345868 0.10256
2 0.990669 0.151524 0.0172256 0.0214848 0.102197
2 0.817066 0.139316 0.0313068 0.061375 0.0969024
2 0.990697 0.138571 0.0178616 0.045181 0.0965937
0 0.049948 0.185054 0.0195202 0.0615604 0.096412
0 0.382575 0.163147 0.0240997 0.0615426 0.0956715
0 0.383093 0.164893 0.0239273 0.0629812 0.0904768
0 0.417526 0.128962 0.015597 0.0314633 0.0881194
2 0.990331 0.13182 0.018615 0.0561313 0.0867373
5 0.875132 0.114097 0.0597837 0.121832 0.0858055
3 0.224762 0.20046 0.04771 0.0556353 0.0844043
0 0.0502503 0.18413 0.01892 0.0613903 0.0819958
0 0.0500151 0.18427 0.0183806 0.0626925 0.0817193
9 0.458716 0.0659219 0.0157772 0.0298912 0.0803429
2 0.861257 0.207234 0.0276367 0.0583269 0.0801509
5 0.852614 0.14504 0.111904 0.185061 0.0791879
0 0.382459 0.147619 0.0223225 0.0316542 0.0789043
2 0.0985058 0.68107 0.197012 0.245272 0.0767844
2 0.816822 0.153327 0.0293205 0.033786 0.0756225
9 0.466032 0.0695818 0.0193846 0.0396534 0.0750204
2 0.986426 0.116605 0.0266819 0.0942551 0.0749288
2 0.860097 0.20631 0.0301977 0.0579012 0.0733686
0 0.415482 0.139553 0.0192717 0.0521348 0.0726016
0 0.565077 0.159033 0.0206676 0.07251 0.0725423
5 0.856027 0.13633 0.0978863 0.168193 0.0722777
3 0.225152 0.199789 0.0503315 0.05671 0.0670123
5 0.856173 0.121725 0.10337 0.139287 0.0668607
0 0.0494295 0.186145 0.019303 0.0605435 0.0664253
2 0.98425 0.115288 0.0310387 0.0962593 0.06523
2 0.860542 0.204632 0.0243256 0.0539467 0.0642083
3 0.224262 0.210801 0.0440039 0.0345637 0.0636291
2 0.817114 0.139872 0.0313293 0.0593031 0.0626647
2 0.700867 0.0778873 0.0215761 0.0192525 0.0619276
2 0.701143 0.0777979 0.022423 0.0186692 0.0601137
3 0.223932 0.210889 0.0439041 0.0343986 0.0600882
0 0.417124 0.124554 0.0141439 0.0241474 0.0596898
5 0.875187 0.112828 0.0599197 0.119599 0.0594512
2 0.148338 0.184378 0.0374018 0.0419863 0.0594354
2 0.149205 0.182532 0.040964 0.0387249 0.0584718
0 0.955389 0.135971 0.022394 0.0602374 0.0574403
2 0.9837 0.105822 0.0318729 0.06117 0.0574234
5 0.983582 0.11423 0.0323755 0.0963325 0.0562114
2 0.988377 0.114933 0.022493 0.0923035 0.056084
3 0.224853 0.201266 0.0463846 0.0522622 0.0559181
5 0.875578 0.116792 0.0602318 0.12722 0.055803
0 0.955598 0.144405 0.0238689 0.0782725 0.0541111
2 0.149538 0.182338 0.0388041 0.0385851 0.0532746
2 0.817687 0.148305 0.0306261 0.0437643 0.0526625
2 0.989347 0.150426 0.0194574 0.0256532 0.0518503
5 0.874719 0.130785 0.0623207 0.138937 0.0516515
0 0.414636 0.136954 0.0195173 0.0495449 0.0507627
0 0.044647 0.317567 0.0277581 0.0980232 0.0497824
0 0.384415 0.165153 0.0274631 0.0612871 0.0452741
2 0.817458 0.137382 0.0319014 0.0602782 0.0437965
0 0.239983 0.191935 0.0249022 0.0457463 0.0425999
9 0.460434 0.0686509 0.0226344 0.0328322 0.0425506
2 0.81692 0.155222 0.0305573 0.0357403 0.0423669
2 0.816872 0.154974 0.0298763 0.0363088 0.0409474
2 0.983727 0.130249 0.0275993 0.0587645 0.0405229
2 0.983295 0.110941 0.0318972 0.0741556 0.0397733
0 0.954207 0.131572 0.020557 0.0508118 0.0392257
5 0.876089 0.149154 0.0605429 0.0773869 0.03815
2 0.149301 0.182724 0.0375388 0.037336 0.0380986
5 0.876448 0.113383 0.0631918 0.12497 0.0376577
5 0.859336 0.116771 0.102694 0.141081 0.0374996
2 0.147954 0.184717 0.0399057 0.039697 0.0364836
2 0.905225 0.375496 0.058849 0.0207911 0.0359785
2 0.840923 0.185744 0.068338 0.0939695 0.0357209
3 0.224577 0.198594 0.0461705 0.0574908 0.0355801
2 0.840435 0.184817 0.067445 0.0979567 0.0354892
2 0.989266 0.136543 0.0204529 0.0487817 0.0354398
2 0.866281 0.203138 0.0380918 0.0573915 0.0353789
2 0.866234 0.205121 0.0382881 0.0585429 0.0352332
0 0.516329 0.251431 0.0206745 0.0261845 0.0350597
0 0.411064 0.140005 0.0237353 0.0514275 0.0349381
0 0.079277 0.309834 0.0217554 0.0666875 0.0348126
0 0.40917 0.132808 0.0191193 0.0378522 0.0346779
2 0.817712 0.151006 0.0326107 0.0458375 0.0343689
2 0.983707 0.0996065 0.0297085 0.0463433 0.0339578
2 0.97011 0.127894 0.020612 0.0475729 0.0338596
0 0.382935 0.172647 0.0207186 0.0469445 0.0330685
3 0.225393 0.195495 0.05201 0.0560198 0.0320614
5 0.873984 0.0844504 0.0540545 0.06045 0.0320369
0 0.0925515 0.303367 0.0229277 0.0536916 0.0320251
0 0.957391 0.153844 0.0243023 0.0477393 0.0314732
2 0.983539 0.114264 0.0322084 0.0897844 0.031419
2 0.905443 0.374963 0.0590057 0.0198971 0.0306224
0 0.091949 0.304007 0.0258696 0.0559422 0.0303033
2 0.817433 0.139304 0.0332108 0.0629671 0.0293767
3 0.224539 0.194753 0.0489953 0.0535983 0.0293513
0 0.0927723 0.302068 0.0214085 0.0532283 0.0292437
1 0.225617 0.204817 0.0466283 0.0449989 0.0292424
2 0.984017 0.0967776 0.03134 0.055941 0.0288297
9 0.128049 0.0564142 0.0134193 0.0364295 0.0287002
0 0.380454 0.163263 0.0273506 0.062877 0.02867
0 0.0428902 0.318212 0.0289331 0.0973337 0.028546
2 0.700857 0.0769278 0.0234294 0.0207083 0.0284742
9 0.219265 0.147452 0.011952 0.0288698 0.0284372
5 0.874828 0.154868 0.0596582 0.0899551 0.0283186
0 0.384254 0.153024 0.0248313 0.0443781 0.0281469
0 0.441519 0.140638 0.0152035 0.0495308 0.0266411
2 0.933434 0.274218 0.0998768 0.0987164 0.0264489
0 0.0681208 0.181946 0.0168923 0.047649 0.0264338
9 0.7814 0.10155 0.0230156 0.0327109 0.026172
5 0.874446 0.08725 0.0536966 0.0666217 0.0259767
0 0.0899417 0.308612 0.0276397 0.0654187 0.0257032
0 0.386885 0.163345 0.0306603 0.0623272 0.0252466
2 0.700429 0.0767583 0.0233948 0.0209496 0.0249502
2 0.970442 0.119158 0.0151222 0.0317938 0.0248538
0 0.416186 0.143241 0.019631 0.0583106 0.0248365
0 0.233078 0.196585 0.0364287 0.0505195 0.0247931
9 0.127959 0.0606888 0.0143528 0.0464661 0.0247011
5 0.876447 0.102713 0.0602386 0.101491 0.0242219
2 0.840013 0.181554 0.0713955 0.106756 0.0242054
0 0.0748684 0.299881 0.0172253 0.069216 0.0240978
2 0.217203 0.187988 0.0309575 0.0351596 0.02375
2 0.81849 0.265569 0.0207994 0.031482 0.0235584
0 0.0826395 0.308477 0.0282273 0.0661191 0.0235484
0 0.404112 0.12482 0.0122734 0.0247635 0.0235076
2 0.864172 0.207907 0.0329731 0.0581844 0.0233528
2 0.817182 0.137621 0.0319187 0.0597865 0.022228
0 0.38024 0.163067 0.0262348 0.0610417 0.0219751
0 0.00545133 0.202705 0.0107766 0.0958648 0.0219002
0 0.224828 0.196587 0.0480388 0.0580669 0.0218125
0 0.564945 0.159 0.0205471 0.0730179 0.0216246
0 0.0898156 0.302073 0.0355315 0.0646274 0.0214765
0 0.0748694 0.31083 0.0161387 0.0643001 0.0214598
0 0.0751343 0.309536 0.0168055 0.067349 0.0212819
2 0.819025 0.266124 0.0187485 0.0301423 0.0210726
2 0.958863 0.132867 0.022217 0.0547888 0.0208498
3 0.223268 0.211134 0.0433509 0.0336143 0.02079
0 0.443235 0.145239 0.0139482 0.0510625 0.0207834
0 0.468329 0.17174 0.0164383 0.068265 0.0206532
0 0.970919 0.111438 0.0134251 0.0355729 0.0204882
2 0.817597 0.263938 0.0310417 0.0432231 0.0204512
2 0.90487 0.374808 0.0579094 0.0210271 0.0202114
0 0.955302 0.145233 0.0272778 0.0774902 0.0201975
0 0.146891 0.602392 0.0220433 0.0301683 0.0201924
5 0.209861 0.144628 0.0996366 0.133462 0.0197906
9 0.453315 0.0673907 0.0213613 0.0300805 0.0196804
5 0.88521 0.115417 0.0770767 0.13174 0.0195872
2 0.992409 0.0932339 0.014502 0.0430417 0.0195829
5 0.875793 0.148144 0.060762 0.0763983 0.0195812
5 0.875529 0.150381 0.0588524 0.0807175 0.0195236
5 0.875051 0.153097 0.0590912 0.0894698 0.0193097
0 0.566057 0.163445 0.0159978 0.0618005 0.0193063
5 0.207352 0.142516 0.104033 0.130234 0.0192375
2 0.863997 0.187901 0.0345966 0.0898428 0.0191897
0 0.386869 0.153751 0.0304944 0.0444642 0.0191191
0 0.415188 0.133638 0.0207113 0.0490838 0.0190329
0 0.565006 0.161494 0.0215961 0.0660383 0.0189589
2 0.843361 0.185785 0.0687172 0.0999142 0.0188954
0 0.0451002 0.325507 0.0242978 0.083774 0.0187943
0 0.00500878 0.203626 0.00993637 0.0980456 0.0187884
2 0.861391 0.187834 0.0282585 0.085135 0.0185227
0 0.954152 0.141435 0.0245117 0.0698916 0.0184291
0 0.46856 0.173355 0.0194758 0.0659849 0.018405
0 0.438465 0.145883 0.0171471 0.0552837 0.0184015
0 0.0744781 0.295594 0.0165206 0.0689822 0.0183861
2 0.982593 0.104876 0.0341644 0.0515869 0.0182975
2 0.905593 0.374879 0.0590466 0.0199183 0.0181369
0 0.468445 0.171172 0.017231 0.0695552 0.0181007
0 0.0436124 0.185996 0.0184678 0.0575627 0.0175996
0 0.566608 0.174428 0.0155732 0.0420116 0.0170808
0 0.518909 0.247397 0.0217684 0.030028 0.0170123
0 0.564338 0.159505 0.0203442 0.063796 0.0169695
0 0.0564224 0.186358 0.0224915 0.0603374 0.0169271
0 0.0778992 0.299738 0.0199132 0.0639486 0.0168731
2 0.81765 0.136536 0.0297014 0.0591125 0.0168522
0 0.0501776 0.181098 0.018866 0.0624279 0.0167551
0 0.468132 0.184936 0.0153725 0.0418868 0.0166191
0 0.441871 0.12851 0.0139631 0.0266945 0.0165509
2 0.826708 0.163897 0.050351 0.057581 0.0163985
2 0.67702 0.321085 0.0889455 0.113366 0.0160847
0 0.0752796 0.306387 0.0170199 0.0669612 0.0158259
2 0.676537 0.321603 0.089551 0.112045 0.0156706
9 0.194199 0.149838 0.0108922 0.030302 0.0156666
0 0.969682 0.132828 0.0208912 0.0546254 0.0156461
0 0.0788391 0.305639 0.0207922 0.05946 0.0155724
0 0.0052216 0.203644 0.0103729 0.0861021 0.0155049
2 0.840345 0.182542 0.0680157 0.0871346 0.0154867
61 0.896317 0.910277 0.193624 0.178794 0.0154806
0 0.0689385 0.181554 0.0195067 0.0481732 0.015407
