2 0.554516 0.716097 0.233238 0.257621 0.888458
2 0.553802 0.716279 0.234225 0.256926 0.870682
2 0.555165 0.716373 0.231641 0.254683 0.863786
2 0.554199 0.716712 0.232758 0.258526 0.861942
2 0.554317 0.71679 0.232528 0.257942 0.857774
2 0.553984 0.717408 0.233334 0.256862 0.846771
2 0.553876 0.715758 0.23335 0.256363 0.836275
2 0.240561 0.636521 0.246726 0.188851 0.825993
2 0.240697 0.636708 0.247134 0.189846 0.806193
2 0.162144 0.856878 0.323895 0.276839 0.797094
2 0.554696 0.716197 0.233209 0.257639 0.795003
2 0.446333 0.626788 0.221439 0.209131 0.793043
2 0.241433 0.636814 0.24799 0.189884 0.787966
2 0.162636 0.856087 0.325271 0.278239 0.785766
2 0.240766 0.636386 0.247264 0.189677 0.777908
2 0.241157 0.636594 0.247036 0.188779 0.774169
2 0.24114 0.636791 0.247085 0.18898 0.763354
2 0.161612 0.856711 0.323224 0.275858 0.760105
2 0.162078 0.856664 0.323401 0.276337 0.755155
2 0.446839 0.62639 0.223015 0.208178 0.750326
2 0.162439 0.856224 0.324708 0.277254 0.746727
2 0.444557 0.626867 0.220613 0.208882 0.744536
2 0.162883 0.856203 0.325332 0.276165 0.734556
2 0.163368 0.856172 0.326279 0.279595 0.731634
2 0.554994 0.717827 0.232884 0.257129 0.724214
2 0.241002 0.637129 0.247309 0.189093 0.720211
2 0.241157 0.636842 0.247618 0.189541 0.717613
2 0.447042 0.62566 0.221309 0.209748 0.714664
2 0.241447 0.637427 0.247728 0.189039 0.695387
2 0.446783 0.626222 0.223642 0.210366 0.693836
0 0.460023 0.35376 0.0277684 0.13144 0.673715
0 0.459703 0.353753 0.027137 0.131219 0.665565
2 0.396866 0.899499 0.517488 0.200271 0.655301
0 0.460408 0.353638 0.0285765 0.131766 0.645413
2 0.164177 0.856043 0.327987 0.278101 0.637063
0 0.459977 0.352269 0.0312415 0.131798 0.636316
0 0.459784 0.3533 0.027726 0.12997 0.632758
2 0.397981 0.899426 0.518937 0.200776 0.605408
0 0.697122 0.213347 0.0296877 0.0775101 0.605164
2 0.162237 0.856417 0.324474 0.277708 0.598011
0 0.698059 0.212678 0.0290482 0.0777914 0.590011
2 0.445958 0.627244 0.22251 0.20544 0.575844
0 0.459498 0.352475 0.0308561 0.132246 0.571612
2 0.445013 0.625994 0.220502 0.208106 0.570337
2 0.162137 0.85576 0.324274 0.279382 0.566287
0 0.697449 0.211108 0.0292755 0.079931 0.561695
0 0.460571 0.353807 0.0303839 0.132938 0.561476
2 0.931465 0.147857 0.0667183 0.0748198 0.550593
2 0.930689 0.148022 0.0662947 0.0758445 0.546957
2 0.932136 0.147515 0.0669697 0.0749422 0.539138
2 0.932156 0.14725 0.0667418 0.0748462 0.538539
0 0.358721 0.182782 0.0195264 0.0646438 0.534006
0 0.358481 0.182808 0.0200539 0.0640319 0.501641
0 0.697289 0.214103 0.0295971 0.0761545 0.494137
0 0.459402 0.35357 0.0298959 0.130672 0.491779
2 0.395264 0.900053 0.528557 0.199405 0.48137
2 0.445592 0.62576 0.222146 0.206702 0.474985
2 0.398283 0.899594 0.516226 0.200342 0.47067
0 0.459832 0.352529 0.0292538 0.129327 0.467469
2 0.930807 0.147056 0.0631592 0.0731081 0.464374
2 0.930724 0.147884 0.0652868 0.0738661 0.455685
2 0.932021 0.14707 0.0654553 0.0734042 0.444606
2 0.394396 0.900566 0.528523 0.198228 0.44212
2 0.396782 0.900352 0.525529 0.198666 0.442024
2 0.929085 0.147731 0.0627564 0.0730605 0.433135
0 0.697076 0.210807 0.0304964 0.0797332 0.391877
2 0.240546 0.637144 0.245713 0.189547 0.378854
2 0.54612 0.167208 0.0535919 0.0440753 0.374048
0 0.358621 0.183344 0.0190005 0.0639647 0.367227
2 0.777863 0.751861 0.22856 0.289337 0.360583
2 0.777405 0.75157 0.227109 0.287452 0.359834
2 0.401548 0.900479 0.51558 0.198312 0.320691
2 0.932536 0.14485 0.065745 0.0694463 0.317169
0 0.359126 0.182664 0.0211116 0.0630479 0.310311
0 0.35863 0.181328 0.0211888 0.064573 0.308148
2 0.546309 0.1686 0.05361 0.0404722 0.304136
2 0.404041 0.900702 0.510756 0.197912 0.30055
2 0.546396 0.168282 0.0536431 0.041178 0.300532
2 0.93312 0.146047 0.065176 0.0723218 0.294802
2 0.401514 0.90136 0.515423 0.196661 0.294639
2 0.776587 0.751608 0.226147 0.292598 0.294424
2 0.778123 0.752258 0.228061 0.288991 0.291667
2 0.931755 0.146297 0.0660856 0.0731495 0.284887
2 0.777585 0.750724 0.227922 0.29081 0.279097
0 0.0990761 0.253317 0.0273273 0.0752182 0.275279
0 0.0211938 0.314551 0.0276865 0.0942786 0.270283
0 0.695973 0.213241 0.0328804 0.0728599 0.261474
0 0.00829268 0.322799 0.0165415 0.0774445 0.260293
2 0.546539 0.168327 0.0536365 0.0412253 0.258913
2 0.399068 0.899315 0.51494 0.200837 0.258337
0 0.459493 0.35442 0.0298455 0.129087 0.256235
2 0.54697 0.167414 0.0541135 0.0415459 0.254022
0 0.358637 0.182696 0.0211117 0.0638712 0.252315
0 0.359695 0.182521 0.0221281 0.0666897 0.252251
0 0.0986169 0.253599 0.0274419 0.0743833 0.246125
2 0.92567 0.148697 0.0554335 0.0719991 0.239744
0 0.359351 0.183013 0.0226903 0.0640553 0.237796
0 0.0214755 0.315424 0.0292432 0.0957512 0.23498
2 0.548638 0.166791 0.0581202 0.0448016 0.234308
2 0.55457 0.717301 0.232422 0.257661 0.232368
2 0.779177 0.752908 0.230136 0.289488 0.227835
2 0.776154 0.751159 0.225427 0.290582 0.227732
2 0.546868 0.167863 0.0537016 0.0422621 0.226267
0 0.00554941 0.322259 0.0110988 0.0715991 0.224349
0 0.697145 0.22809 0.0238569 0.0482154 0.224299
0 0.0196248 0.317609 0.0315584 0.0919596 0.221399
5 0.716836 0.15385 0.0704258 0.0664906 0.209381
0 0.0229939 0.31513 0.0271838 0.0959043 0.208828
2 0.4427 0.626405 0.215491 0.206396 0.207873
0 0.099642 0.253041 0.0276303 0.0764996 0.207205
2 0.244828 0.317646 0.0773467 0.123185 0.204728
2 0.546213 0.168248 0.0534039 0.0419371 0.202615
2 0.244698 0.317281 0.0771415 0.122427 0.201804
0 0.0222281 0.314198 0.0253862 0.0918448 0.201554
5 0.622713 0.143874 0.0338856 0.0384613 0.197944
5 0.717311 0.15354 0.0712524 0.0663436 0.19759
2 0.439276 0.62523 0.209288 0.206822 0.196556
0 0.00791641 0.32212 0.0158328 0.0781754 0.195599
2 0.245038 0.317092 0.0781309 0.12347 0.194755
0 0.0990928 0.252926 0.0262631 0.0744121 0.194603
2 0.244228 0.317458 0.0769003 0.122343 0.192788
5 0.717392 0.153231 0.0714365 0.0667228 0.191156
0 0.359172 0.183658 0.0216452 0.0676366 0.189254
0 0.00650962 0.324505 0.0130192 0.0836574 0.187043
3 0.700911 0.23463 0.0308331 0.0365404 0.185474
0 0.697476 0.215053 0.0308689 0.0725854 0.184665
2 0.544507 0.167749 0.0496752 0.0420637 0.181941
0 0.893617 0.346054 0.0236712 0.103172 0.181937
0 0.357457 0.167324 0.0207259 0.0898652 0.179079
2 0.546446 0.167669 0.0544567 0.0452539 0.178133
2 0.546599 0.167299 0.054798 0.0412206 0.178088
0 0.144089 0.33303 0.0157623 0.0973273 0.173785
2 0.554967 0.712994 0.231272 0.267451 0.171172
2 0.245266 0.3178 0.0773281 0.123217 0.168886
0 0.0228213 0.313556 0.0258176 0.0909819 0.167725
0 0.891973 0.365449 0.0280231 0.138575 0.166259
0 0.459197 0.352102 0.0294208 0.127742 0.164367
2 0.716442 0.154146 0.0683897 0.0664547 0.158936
2 0.244108 0.317536 0.0771736 0.123877 0.155957
7 0.716338 0.153171 0.0694363 0.0659802 0.153578
0 0.099481 0.255543 0.0279979 0.0793279 0.151773
0 0.693726 0.213508 0.0346616 0.0749856 0.151123
9 0.452097 0.0722783 0.0141928 0.0246164 0.148105
2 0.775986 0.749465 0.225189 0.29235 0.147336
0 0.144091 0.332833 0.0166094 0.100401 0.145685
2 0.243615 0.317183 0.0764373 0.122155 0.142754
2 0.310235 0.898918 0.342654 0.202164 0.140791
2 0.908911 0.0781793 0.0315346 0.0234373 0.14023
5 0.716613 0.153634 0.0707245 0.0672843 0.138947
5 0.716667 0.154105 0.0668295 0.0659233 0.137889
0 0.0991634 0.253031 0.0265446 0.0744611 0.135311
5 0.622495 0.144768 0.0325733 0.0365188 0.135242
5 0.204618 0.15134 0.0904519 0.129991 0.130052
0 0.0161506 0.317734 0.0323012 0.090396 0.129192
0 0.894564 0.340923 0.0239754 0.0930148 0.127479
0 0.696662 0.21154 0.0339417 0.0775922 0.126408
0 0.359293 0.182704 0.0238361 0.0617982 0.124804
0 0.0237773 0.317816 0.0243642 0.0943145 0.123327
2 0.245823 0.318528 0.0789974 0.12546 0.123211
0 0.0171846 0.3219 0.0314185 0.0883479 0.122739
5 0.780628 0.460931 0.237136 0.881392 0.121254
2 0.311932 0.898384 0.352646 0.202381 0.117859
2 0.245518 0.318558 0.0780252 0.124341 0.116755
0 0.0188544 0.314613 0.0368029 0.0965659 0.115886
0 0.891612 0.368199 0.0484577 0.148883 0.113173
2 0.245662 0.317447 0.0777555 0.122991 0.113166
0 0.889014 0.367222 0.0346525 0.149289 0.112562
0 0.144234 0.333968 0.0191369 0.100491 0.110712
0 0.0994995 0.249196 0.0253132 0.067851 0.110421
0 0.143647 0.329714 0.0152125 0.0903887 0.107964
3 0.696945 0.23492 0.020302 0.0356704 0.106739
5 0.205178 0.151341 0.0905656 0.130155 0.106496
2 0.778098 0.751995 0.228378 0.28926 0.105125
0 0.00527276 0.311201 0.0104454 0.0498133 0.104829
0 0.360671 0.184064 0.0224755 0.066228 0.103963
7 0.716722 0.154445 0.0700928 0.0671984 0.103886
2 0.777488 0.749783 0.229315 0.293493 0.100927
2 0.880533 0.131089 0.0379318 0.0799223 0.100881
0 0.0115402 0.324945 0.0230803 0.0800227 0.100714
5 0.717192 0.153468 0.0714901 0.0673447 0.100362
0 0.144025 0.333826 0.0189084 0.0996738 0.0995396
2 0.912576 0.0785154 0.0394297 0.025368 0.0992056
2 0.545481 0.168667 0.05222 0.0405243 0.0977483
3 0.695672 0.236286 0.0427345 0.0440231 0.0975124
2 0.586459 0.164239 0.0367287 0.041798 0.0941486
5 0.623536 0.143117 0.0343509 0.0394001 0.0940744
3 0.698769 0.236201 0.0433052 0.0395382 0.0932017
2 0.836096 0.157527 0.072496 0.0850739 0.0920281
0 0.898248 0.368405 0.0639179 0.150501 0.0918101
0 0.0841587 0.221832 0.0147088 0.0516804 0.0918013
2 0.660316 0.1497 0.0464769 0.0654842 0.0914855
0 0.698232 0.232493 0.0264689 0.0396655 0.0905962
0 0.692362 0.214357 0.0363092 0.0715214 0.0895242
2 0.975757 0.136775 0.0245743 0.0447004 0.0885457
0 0.0219031 0.302774 0.0230865 0.0693768 0.0878305
0 0.883302 0.36848 0.0379177 0.147592 0.086525
0 0.143797 0.334202 0.0201931 0.101155 0.0853855
2 0.88335 0.132141 0.0266661 0.0759152 0.0818459
5 0.715385 0.153937 0.0657795 0.0658509 0.0816251
5 0.780082 0.470956 0.239076 0.860985 0.0813085
2 0.446904 0.627484 0.224665 0.207391 0.0811582
2 0.240337 0.282696 0.06312 0.0520473 0.0807781
3 0.694511 0.242994 0.053359 0.0535924 0.0804899
2 0.44675 0.625126 0.223415 0.212654 0.0799064
2 0.548815 0.166852 0.0579559 0.0415617 0.0798572
3 0.694127 0.241686 0.0492435 0.0518129 0.0792538
0 0.102586 0.260618 0.0277856 0.0783753 0.0785936
9 0.454988 0.0736968 0.0138657 0.0248456 0.0776059
5 0.623597 0.142877 0.033119 0.0390387 0.0774203
0 0.89943 0.368515 0.0672333 0.149885 0.0773245
2 0.243265 0.310642 0.0730994 0.111013 0.0772581
2 0.835451 0.155013 0.0722302 0.0893832 0.0771634
0 0.702913 0.215011 0.038788 0.0727654 0.0768167
2 0.933586 0.143928 0.0654152 0.0688921 0.0766332
5 0.663096 0.149617 0.0500811 0.0655721 0.0761114
2 0.659374 0.161981 0.0425455 0.0418097 0.0753929
0 0.884109 0.370854 0.0378532 0.144694 0.0747563
2 0.58656 0.164966 0.035952 0.042069 0.0744873
2 0.933301 0.145092 0.0697998 0.0780309 0.0735938
2 0.240723 0.28279 0.0637972 0.0513957 0.072963
0 0.899304 0.368784 0.0669376 0.151096 0.0721101
0 0.898524 0.368417 0.0654444 0.150443 0.0716606
0 0.894798 0.348673 0.0339897 0.107117 0.0711449
2 0.580134 0.163635 0.0556975 0.0454446 0.0699659
2 0.659094 0.160746 0.0437901 0.0438234 0.0698703
0 0.143293 0.337878 0.0181051 0.0929389 0.0698069
0 0.0978662 0.254222 0.0259434 0.0757049 0.0694086
0 0.0828898 0.224143 0.0165007 0.0573885 0.0684566
5 0.666087 0.148792 0.056418 0.0668259 0.0681888
0 0.00645892 0.331551 0.0129178 0.0768644 0.0675124
2 0.659452 0.157088 0.043734 0.0513567 0.0674696
3 0.707154 0.237737 0.0296282 0.0315526 0.0672187
2 0.975501 0.150488 0.0227207 0.0184253 0.0663175
0 0.143403 0.318091 0.0149082 0.068044 0.0662882
2 0.883292 0.129655 0.0358936 0.079061 0.0662389
2 0.241031 0.281474 0.061141 0.0504855 0.0661302
3 0.6929 0.250742 0.0480252 0.0518655 0.0659737
3 0.694371 0.25173 0.0512835 0.0615078 0.0659064
2 0.244915 0.318453 0.0780832 0.125718 0.0654151
8 0.783109 0.447538 0.241645 0.891827 0.0640513
0 0.899182 0.368414 0.0674408 0.149856 0.0638475
0 0.0989573 0.250656 0.0248638 0.0732808 0.0638092
2 0.240394 0.281448 0.0620611 0.0496055 0.0623681
2 0.835212 0.156244 0.0713821 0.0874583 0.0622919
2 0.837532 0.162708 0.074551 0.0963854 0.0615821
2 0.852209 0.158387 0.0395273 0.0803182 0.0610172
2 0.586811 0.164205 0.0361897 0.0413575 0.0605841
2 0.826313 0.161304 0.0552177 0.0726199 0.0604518
0 0.297955 0.163995 0.0128728 0.0565032 0.0598084
2 0.240903 0.2965 0.064284 0.0789027 0.0597859
2 0.926099 0.148562 0.0555401 0.0718823 0.0593022
2 0.660085 0.150815 0.0451075 0.0630635 0.05872
0 0.878911 0.369436 0.0303396 0.14133 0.0584419
0 0.0985402 0.252082 0.0317031 0.0846581 0.0581264
2 0.856129 0.154958 0.0206928 0.0608371 0.0576882
3 0.692643 0.240944 0.0447361 0.0489882 0.0576171
0 0.299156 0.165563 0.0145409 0.0586227 0.0570974
0 0.884599 0.364006 0.0366207 0.133615 0.0570829
0 0.895331 0.342026 0.0294165 0.0945783 0.056896
2 0.81708 0.168701 0.0348677 0.0613034 0.0562218
2 0.241041 0.281423 0.061413 0.0506739 0.0557985
0 0.698999 0.212084 0.0360765 0.0766652 0.0548389
5 0.662079 0.148854 0.0488182 0.0669633 0.0543499
0 0.0242571 0.305246 0.022605 0.0716986 0.0536874
0 0.143104 0.314119 0.0152379 0.0616516 0.0535734
0 0.321637 0.153057 0.00980101 0.0476973 0.0532125
5 0.622318 0.144516 0.0353477 0.0387923 0.0531824
9 0.450687 0.071288 0.0165081 0.0250987 0.0530892
0 0.337845 0.163585 0.0111904 0.0315439 0.0527835
3 0.704779 0.235836 0.0341278 0.0319987 0.0521327
2 0.974832 0.139804 0.0242256 0.0387317 0.0519395
2 0.833433 0.156166 0.0685443 0.0809881 0.0518182
0 0.0228796 0.332985 0.0221941 0.0664382 0.051229
0 0.746386 0.167146 0.0124147 0.0303233 0.051221
2 0.883303 0.14689 0.0216831 0.0447432 0.0509509
2 0.875953 0.137357 0.0484547 0.0941633 0.0507188
2 0.88241 0.133402 0.0345501 0.0775457 0.0505719
3 0.694804 0.246471 0.0534112 0.0583333 0.0504689
0 0.48516 0.578406 0.070934 0.0628852 0.0503914
2 0.240297 0.301566 0.0670472 0.0879345 0.0501806
5 0.668944 0.14924 0.0632884 0.0658734 0.0499911
3 0.695745 0.249596 0.0550826 0.0620989 0.0497161
8 0.780659 0.46974 0.241797 0.878086 0.0493055
2 0.818621 0.162289 0.0389141 0.0738467 0.0491255
0 0.0897574 0.242471 0.0185637 0.0776517 0.0490795
2 0.856192 0.152243 0.022056 0.0646395 0.0490504
0 0.206739 0.181992 0.0243292 0.0766623 0.0486249
2 0.886602 0.140951 0.0282654 0.0532384 0.0483705
2 0.779319 0.75058 0.228641 0.289097 0.0481789
2 0.621619 0.14589 0.0357331 0.0368276 0.0475565
2 0.622312 0.145041 0.0333843 0.0358 0.0473329
0 0.355618 0.143127 0.0175148 0.0405738 0.0469503
0 0.48681 0.576441 0.0665779 0.0579338 0.0469243
2 0.975101 0.146969 0.0234583 0.0277235 0.0465651
5 0.202515 0.15037 0.095365 0.132522 0.0461522
2 0.564302 0.163869 0.0870585 0.0468513 0.046082
7 0.778348 0.473426 0.236553 0.845425 0.0455575
2 0.913443 0.0769114 0.0401451 0.0273902 0.0452549
9 0.457871 0.0764864 0.0152191 0.0318712 0.0450718
3 0.69124 0.245465 0.0436835 0.0495694 0.0449231
