2 0.223764 0.921429 0.212456 0.155024 0.604889
2 0.883765 0.582265 0.0713411 0.0586824 0.596501
2 0.26635 0.497677 0.102195 0.0732211 0.581694
2 0.223614 0.921031 0.211744 0.155601 0.56993
2 0.883703 0.582318 0.0726334 0.0590113 0.566839
2 0.223584 0.921728 0.21363 0.155712 0.561465
2 0.266445 0.497826 0.101834 0.073381 0.557387
2 0.224312 0.921668 0.213161 0.155599 0.55624
2 0.883096 0.583169 0.0727051 0.0598342 0.550502
2 0.983324 0.467853 0.0325214 0.0585527 0.547057
2 0.223259 0.921223 0.212045 0.156513 0.534888
2 0.223186 0.921005 0.213144 0.157188 0.530001
2 0.883302 0.58321 0.0726994 0.0598278 0.523078
2 0.983232 0.467985 0.0326607 0.0584391 0.510138
2 0.88344 0.582777 0.0732452 0.0608042 0.508057
2 0.266378 0.497845 0.101696 0.0727623 0.490274
2 0.266323 0.497586 0.101877 0.0731701 0.483793
2 0.223745 0.920585 0.211953 0.156675 0.473679
2 0.883777 0.582678 0.0723501 0.0596689 0.464745
2 0.883334 0.583369 0.0732296 0.0612152 0.464543
2 0.983409 0.468939 0.0323565 0.0595887 0.459441
2 0.983387 0.468833 0.0325054 0.0594395 0.440385
2 0.266485 0.497879 0.102094 0.0730029 0.435695
2 0.983178 0.468613 0.0330511 0.0605544 0.430453
2 0.983329 0.469865 0.0327421 0.0572912 0.428146
2 0.983392 0.468294 0.0323616 0.0594635 0.407659
2 0.224602 0.920472 0.208668 0.154343 0.40747
2 0.266287 0.497731 0.102126 0.073216 0.39176
2 0.883513 0.582574 0.0716625 0.0592755 0.390969
2 0.983671 0.46895 0.0320808 0.0581678 0.372015
2 0.266687 0.497451 0.101093 0.0721615 0.367665
2 0.883867 0.582064 0.0716957 0.0591884 0.364798
2 0.223323 0.921203 0.213996 0.157009 0.345155
0 0.422835 0.493913 0.018334 0.0568117 0.332675
0 0.383779 0.497572 0.0273281 0.0691002 0.327515
2 0.884239 0.582675 0.0734043 0.059237 0.318142
0 0.382705 0.498663 0.0245443 0.0651032 0.315692
0 0.422535 0.494113 0.0162896 0.0556726 0.314636
9 0.17212 0.425678 0.0146294 0.0299427 0.291541
0 0.386494 0.496955 0.0301488 0.0695965 0.278791
0 0.422386 0.488721 0.0147171 0.043705 0.276159
2 0.224392 0.921774 0.209756 0.152915 0.273192
2 0.266343 0.497141 0.102283 0.0747726 0.267522
0 0.00726497 0.525331 0.0145299 0.0373911 0.266104
2 0.266836 0.497558 0.101992 0.0715719 0.263702
0 0.0117874 0.524441 0.020612 0.0389301 0.260773
9 0.172332 0.426421 0.0149368 0.0310902 0.254205
0 0.392682 0.496009 0.0200109 0.0677606 0.246351
0 0.385842 0.497593 0.0278906 0.0672727 0.245019
0 0.0118149 0.525285 0.0215002 0.0391041 0.243817
2 0.983558 0.476046 0.0320057 0.0488825 0.238201
0 0.382158 0.499492 0.0177463 0.0635827 0.236532
2 0.983376 0.472855 0.0324125 0.0542358 0.234711
0 0.385414 0.49752 0.0297112 0.0686007 0.23061
0 0.00941946 0.525462 0.0181719 0.037476 0.226575
0 0.0146902 0.524667 0.0168007 0.0383562 0.208912
0 0.440289 0.500513 0.0183884 0.0630472 0.184103
0 0.424438 0.497219 0.0186767 0.0648558 0.177361
0 0.385603 0.49809 0.0305551 0.0697711 0.169259
0 0.0856611 0.524735 0.0138036 0.048963 0.168318
0 0.0133366 0.524764 0.0193357 0.038406 0.16637
0 0.086198 0.511076 0.0172859 0.0745989 0.159325
0 0.394755 0.491258 0.0178102 0.0588308 0.151776
0 0.384535 0.497981 0.0289691 0.0690859 0.148669
0 0.424417 0.494468 0.0180773 0.0587562 0.145407
0 0.424457 0.499248 0.0234884 0.0701956 0.143628
0 0.424928 0.498136 0.0195044 0.0651676 0.142992
0 0.440235 0.50527 0.0191437 0.0608479 0.141217
0 0.4225 0.487573 0.0147242 0.0443336 0.135456
0 0.440877 0.498627 0.0198041 0.0644182 0.124598
0 0.364505 0.487254 0.0190184 0.0342351 0.115217
2 0.98427 0.466024 0.0305288 0.0550639 0.101659
0 0.0863566 0.518292 0.0152706 0.0586979 0.10074
2 0.883399 0.583074 0.0733625 0.06148 0.0954602
0 0.0864461 0.510646 0.0176468 0.0751632 0.0858506
0 0.439405 0.501524 0.0198314 0.0681342 0.0841253
0 0.440071 0.504547 0.0237942 0.0692653 0.0801975
0 0.0134319 0.523983 0.0211391 0.0396536 0.079907
2 0.413264 0.940486 0.0339742 0.0220366 0.0793997
0 0.346286 0.503118 0.0187031 0.0517006 0.0786513
2 0.266681 0.496865 0.101849 0.0748909 0.0781767
0 0.345331 0.505056 0.0189198 0.0517229 0.0780482
0 0.345483 0.504313 0.0191576 0.0513474 0.0761752
2 0.41442 0.940498 0.0312982 0.0209278 0.0757668
0 0.364777 0.487012 0.0190022 0.0331358 0.0737228
2 0.885275 0.582272 0.0686016 0.0586411 0.073047
0 0.363889 0.485968 0.014576 0.0335239 0.0725498
2 0.266381 0.497097 0.101823 0.075189 0.0707712
2 0.98323 0.468633 0.0335393 0.0595203 0.07037
0 0.385453 0.497572 0.0259611 0.0674612 0.0692681
0 0.425737 0.489816 0.0161262 0.0502827 0.0687557
0 0.440492 0.505425 0.0204041 0.0666933 0.0668439
1 0.436192 0.510898 0.0263676 0.0607931 0.0649222
0 0.341502 0.493569 0.0175958 0.0442959 0.06482
0 0.0855349 0.528017 0.0137939 0.0393348 0.0648076
0 0.0868056 0.509987 0.0201347 0.0762415 0.0622163
0 0.346669 0.500127 0.0272798 0.0606316 0.0598497
2 0.985882 0.454566 0.0275776 0.0338692 0.0595708
2 0.546203 0.856494 0.0223558 0.019957 0.0579382
0 0.838953 0.476716 0.0144869 0.0427378 0.0553975
0 0.396266 0.483063 0.0174827 0.0437638 0.0529976
0 0.00979548 0.525892 0.019591 0.0400362 0.0527015
0 0.363009 0.487529 0.0196738 0.0328848 0.0521668
0 0.0864743 0.51279 0.0176132 0.0721697 0.0518631
7 0.565902 0.438822 0.112914 0.112286 0.0504276
9 0.359996 0.415549 0.0123624 0.0198277 0.0501461
0 0.434168 0.501617 0.0259436 0.0723063 0.0489778
7 0.264094 0.498096 0.104775 0.0725689 0.0486803
9 0.357362 0.416782 0.0107066 0.0245737 0.0474616
7 0.566105 0.43956 0.110261 0.113499 0.0469689
2 0.224156 0.920853 0.214009 0.157499 0.0464432
0 0.143607 0.511256 0.0197136 0.06794 0.0454064
9 0.357597 0.416938 0.0103315 0.0239203 0.0444071
0 0.00831455 0.523511 0.0166291 0.0398933 0.0439868
1 0.440407 0.511162 0.0214052 0.0611525 0.0436978
0 0.782136 0.398525 0.0114772 0.0252008 0.0430375
2 0.813472 0.700985 0.021521 0.0191514 0.0428827
2 0.224027 0.921497 0.213463 0.156153 0.042784
0 0.333156 0.48801 0.0133739 0.0265388 0.0421384
0 0.143152 0.515552 0.0173253 0.0603376 0.0417988
7 0.56418 0.440171 0.115784 0.113432 0.0409249
9 0.801673 0.0637491 0.0483206 0.12746 0.0396792
0 0.144516 0.509849 0.0195706 0.0675446 0.0395123
0 0.146941 0.50911 0.0247233 0.0677174 0.0388961
0 0.442606 0.49471 0.0174475 0.0596983 0.0387092
2 0.697479 0.767619 0.0234324 0.0184282 0.0367869
2 0.650929 0.792746 0.022204 0.0222346 0.0363865
0 0.344438 0.499486 0.0179476 0.0492073 0.0361927
7 0.564636 0.439059 0.118094 0.11265 0.0361782
0 0.333863 0.488778 0.0139668 0.0313128 0.0359848
2 0.700169 0.768668 0.0288062 0.0200143 0.0347671
9 0.801891 0.0637947 0.0522087 0.127001 0.0344497
0 0.838658 0.478454 0.0159657 0.0475655 0.0342639
0 0.417048 0.484159 0.0156977 0.03827 0.0342044
0 0.0867896 0.510889 0.0185414 0.0756529 0.0341366
12 0.583761 0.476299 0.0234181 0.0385571 0.0339682
0 0.368187 0.494928 0.0253365 0.0519634 0.0327349
7 0.568884 0.44015 0.104633 0.112057 0.0320296
0 0.782582 0.397975 0.0121257 0.0274336 0.0315687
9 0.582433 0.287967 0.0220115 0.047828 0.0312697
1 0.383384 0.521197 0.0263549 0.0241659 0.0295055
9 0.582344 0.28839 0.0230408 0.0488318 0.0287444
9 0.582278 0.287898 0.0219713 0.0477228 0.0287107
12 0.583425 0.474876 0.0250013 0.0407198 0.0286643
0 0.839385 0.471095 0.013163 0.031867 0.028485
9 0.802153 0.063625 0.0503418 0.12725 0.0283557
2 0.546838 0.857419 0.0229452 0.0202612 0.0274829
7 0.266896 0.498008 0.101905 0.0727282 0.0269026
7 0.567929 0.438931 0.107165 0.111286 0.0266076
9 0.172205 0.427819 0.0159969 0.0353542 0.026191
0 0.605593 0.457391 0.0268859 0.0809098 0.0253876
0 0.0869725 0.508836 0.0204961 0.0757519 0.0252562
0 0.0127162 0.525149 0.0218263 0.0402448 0.0248588
2 0.564404 0.399728 0.0879307 0.0366789 0.0239353
7 0.569253 0.439187 0.104543 0.111297 0.0230331
0 0.171032 0.51544 0.0117797 0.0271744 0.0227007
0 0.36324 0.488417 0.0188019 0.0337591 0.0224827
2 0.266582 0.498066 0.101529 0.0714086 0.0223118
0 0.14694 0.509445 0.0257593 0.0732767 0.0216858
2 0.599685 0.823113 0.0248254 0.0213932 0.021277
2 0.414018 0.939918 0.0333293 0.0227116 0.0210474
9 0.550082 0.285456 0.0197346 0.0483005 0.0209289
0 0.149068 0.509302 0.0302643 0.0723841 0.0205815
0 0.143044 0.53054 0.0167592 0.0326254 0.0204233
9 0.550258 0.285554 0.0201084 0.0482072 0.0200726
0 0.0869616 0.52739 0.0167414 0.0427816 0.0199883
7 0.576251 0.441609 0.0894506 0.111875 0.0198058
12 0.583754 0.477513 0.0225092 0.0378355 0.0190317
2 0.564696 0.399598 0.0849215 0.0363458 0.0188071
2 0.812066 0.70272 0.0249969 0.0232321 0.0185861
7 0.568482 0.438682 0.106191 0.110942 0.0182125
9 0.820712 0.469253 0.01206 0.0325584 0.0181942
0 0.403704 0.482487 0.0110559 0.0405588 0.01814
9 0.577744 0.442429 0.013453 0.0300919 0.0174441
2 0.569027 0.440207 0.102761 0.113186 0.0174422
9 0.550227 0.28577 0.0196582 0.0474749 0.017381
0 0.352037 0.49766 0.0262489 0.0495831 0.0172876
2 0.563685 0.399192 0.0864603 0.03721 0.017162
9 0.550386 0.2859 0.0197577 0.0475692 0.0167841
9 0.171256 0.426929 0.0211806 0.0322542 0.016548
9 0.802383 0.0658343 0.0505163 0.13138 0.0165098
2 0.224063 0.921377 0.210974 0.156806 0.0164846
2 0.568216 0.441029 0.106233 0.114106 0.0164733
6 0.545787 0.782141 0.89674 0.435718 0.0159654
6 0.917848 0.619012 0.164153 0.15073 0.0156541
2 0.413194 0.939953 0.0350372 0.0227722 0.0151481
9 0.79843 0.104697 0.0373474 0.0374978 0.015057
9 0.802802 0.0639622 0.0530621 0.127655 0.0149849
2 0.565574 0.399673 0.085859 0.0355087 0.0148657
2 0.650125 0.791763 0.0246706 0.0232555 0.0148148
0 0.838666 0.476198 0.013596 0.0425388 0.0146931
2 0.223433 0.920643 0.212891 0.157833 0.0145777
9 0.79488 0.104163 0.0301317 0.0366949 0.0144136
0 0.351971 0.503953 0.0333322 0.0583039 0.014294
6 0.915759 0.620981 0.166763 0.150542 0.0141944
0 0.146007 0.502689 0.0182666 0.0612307 0.0140793
9 0.550498 0.285722 0.0210333 0.0487353 0.0139248
9 0.582599 0.288192 0.0243882 0.0491419 0.0138386
0 0.171065 0.512201 0.0137955 0.0320487 0.0133756
2 0.862987 0.673335 0.0428848 0.0368905 0.0132147
2 0.59876 0.822914 0.0253916 0.0218847 0.012983
0 0.399663 0.478138 0.0177434 0.0337881 0.0128105
2 0.77975 0.72021 0.0194724 0.0180109 0.0127442
0 0.261345 0.523693 0.0172112 0.0236923 0.012713
9 0.85246 0.614269 0.0127913 0.0174055 0.0125387
2 0.567187 0.42167 0.0982968 0.0784046 0.0124852
2 0.983145 0.480455 0.0331242 0.0387905 0.0121687
9 0.173028 0.426413 0.0177284 0.0329105 0.0119485
9 0.582623 0.288466 0.0226046 0.050042 0.0119387
7 0.583005 0.440267 0.0770025 0.113144 0.0118959
2 0.482053 0.895389 0.0280013 0.0224941 0.0118576
9 0.802632 0.0640275 0.0517124 0.128055 0.0115904
0 0.407334 0.484897 0.0142221 0.0426156 0.0114775
9 0.79618 0.10467 0.0325966 0.0368579 0.0112741
9 0.791187 0.103589 0.0229393 0.0364312 0.0108629
9 0.799254 0.105359 0.0391768 0.0384179 0.0106961
2 0.584637 0.476315 0.0241007 0.03983 0.0105306
1 0.428744 0.510893 0.0335398 0.059547 0.0105244
9 0.55036 0.285968 0.0206368 0.0481611 0.0105122
0 0.606104 0.45576 0.0279977 0.0855917 0.0104976
14 0.0716015 0.562613 0.0194899 0.0179676 0.0104515
2 0.983855 0.465582 0.0317759 0.0645523 0.0103669
0 0.605522 0.470889 0.026029 0.0561735 0.0103327
2 0.599935 0.822529 0.0228546 0.0217312 0.0102296
0 0.598946 0.822307 0.0233623 0.0221672 0.00998179
2 0.131522 0.42603 0.0448377 0.0260151 0.00992696
0 0.610144 0.457291 0.0225 0.0797274 0.00990744
0 0.375873 0.50748 0.0334637 0.0513613 0.00990387
2 0.20336 0.501041 0.0284193 0.0261415 0.00987463
0 0.339786 0.500054 0.0275982 0.054557 0.00975355
0 0.607587 0.455774 0.0271984 0.0838783 0.00974733
1 0.385801 0.517269 0.028765 0.0327899 0.00970921
0 0.891524 0.419009 0.0127729 0.0283849 0.00968332
9 0.173258 0.427192 0.0173643 0.0329278 0.00968235
9 0.820691 0.468815 0.0123703 0.0320763 0.00961886
9 0.801599 0.0644327 0.0550957 0.128004 0.00951694
9 0.577091 0.43662 0.0145164 0.0423779 0.00948231
6 0.551139 0.783832 0.876518 0.432337 0.0094404
9 0.363245 0.394352 0.0166872 0.0315932 0.00914929
9 0.789291 0.103441 0.0193064 0.0366452 0.00913013
2 0.813225 0.699822 0.0223196 0.0201104 0.0089499
9 0.41261 0.396266 0.0138838 0.0349214 0.00893916
0 0.606126 0.456501 0.027846 0.0846971 0.00891044
0 0.0877007 0.510965 0.0211891 0.0747479 0.00890963
2 0.569451 0.439213 0.102378 0.112065 0.00883339
0 0.387305 0.494379 0.0351186 0.0711945 0.00880327
2 0.883236 0.583159 0.0730122 0.0615877 0.00873693
2 0.864961 0.671484 0.049469 0.0401915 0.00871194
2 0.566116 0.400232 0.0810375 0.0337 0.00861048
13 0.129009 0.509474 0.103684 0.0766457 0.00855784
9 0.401151 0.396252 0.0160885 0.0265529 0.0083426
9 0.408918 0.424588 0.0131742 0.0212311 0.0082625
1 0.440227 0.508906 0.0252562 0.0658452 0.00814799
2 0.97708 0.51933 0.0454021 0.0412813 0.00807494
6 0.535453 0.771368 0.885281 0.456586 0.00789271
0 0.14288 0.507655 0.0497047 0.0712616 0.00784927
6 0.532909 0.765337 0.913424 0.469326 0.00779661
2 0.741583 0.742339 0.0222223 0.0179291 0.00777532
2 0.865105 0.673125 0.0420353 0.0366316 0.00770674
9 0.528703 0.400644 0.0129381 0.0221383 0.00767454
9 0.794229 0.104017 0.0287716 0.0376101 0.00766163
6 0.91816 0.617571 0.161596 0.146973 0.00764853
0 0.838171 0.477289 0.0167679 0.045328 0.00760434
0 0.121589 0.499682 0.0171382 0.0312281 0.00752888
7 0.978492 0.499608 0.0422493 0.0828272 0.00752776
9 0.768485 0.320649 0.0122048 0.0149845 0.00749263
2 0.976441 0.518788 0.0412724 0.0417642 0.00745426
7 0.569166 0.439579 0.103464 0.11263 0.00743132
0 0.362225 0.500631 0.0573661 0.063666 0.00740744
2 0.799004 0.397168 0.0382993 0.0352829 0.00733491
9 0.809575 0.306693 0.0147236 0.0339371 0.00722659
2 0.584308 0.400298 0.0399758 0.0317897 0.00716842
2 0.128834 0.427219 0.0419402 0.026454 0.00698399
0 0.892917 0.415676 0.012495 0.0275501 0.00697227
2 0.521204 0.472403 0.0211342 0.0406981 0.00697201
0 0.839236 0.472444 0.0131779 0.0364679 0.00694453
0 0.348271 0.511233 0.0288558 0.0476461 0.00690857
2 0.106419 0.504229 0.0601978 0.0606941 0.00689096
2 0.98321 0.475032 0.0335807 0.0478705 0.00685848
9 0.803139 0.0645446 0.055055 0.128402 0.00680697
2 0.978875 0.519896 0.0413948 0.0485199 0.00679591
2 0.20345 0.501763 0.0258052 0.0276701 0.00678868
9 0.369188 0.390726 0.0258151 0.0214561 0.00677706
2 0.565687 0.400197 0.0938606 0.0357489 0.00670416
2 0.865688 0.674724 0.0420628 0.0347066 0.00666831
2 0.520238 0.473103 0.0194931 0.0388504 0.00655879
2 0.856498 0.679057 0.028339 0.0259146 0.00654634
2 0.519677 0.473869 0.018989 0.0376025 0.00652095
9 0.807912 0.300379 0.0132946 0.0235711 0.00651028
0 0.121982 0.500566 0.0183661 0.0334927 0.00650552
2 0.126042 0.508026 0.0991553 0.0748682 0.00646084
2 0.797785 0.397099 0.0336955 0.0340839 0.00642812
2 0.0541987 0.352095 0.0224918 0.0155871 0.00637888
2 0.883794 0.58267 0.0728928 0.0588717 0.00636233
2 0.848077 0.683436 0.0196671 0.0195156 0.00635701
2 0.977992 0.520524 0.0400251 0.0426924 0.00630381
1 0.605924 0.477798 0.0249573 0.0435454 0.00628761
9 0.408384 0.426866 0.0153854 0.0218439 0.00623529
9 0.808497 0.302792 0.014254 0.0286464 0.00617376
2 0.106089 0.497618 0.0549392 0.0429529 0.0061627
