5 0.367791 0.55395 0.413916 0.408394 0.928885
5 0.367919 0.554704 0.413425 0.4076 0.926585
5 0.367928 0.554389 0.413691 0.409159 0.920996
5 0.368187 0.553131 0.414762 0.410137 0.912865
5 0.368105 0.554812 0.412924 0.407156 0.908619
5 0.368005 0.553932 0.413186 0.406295 0.902932
5 0.368587 0.553565 0.413127 0.406812 0.900043
5 0.296437 0.333711 0.177299 0.142462 0.887314
5 0.910681 0.46162 0.177894 0.22595 0.886955
5 0.801103 0.787122 0.394149 0.422693 0.883864
5 0.36909 0.553428 0.4132 0.409205 0.881188
5 0.910528 0.461048 0.177547 0.224742 0.879307
5 0.367699 0.552844 0.412845 0.40694 0.871284
5 0.910747 0.461085 0.177062 0.224921 0.866039
5 0.297102 0.333798 0.178541 0.142939 0.862292
5 0.91069 0.461161 0.177672 0.224637 0.856729
5 0.910754 0.461357 0.17814 0.224545 0.856608
5 0.801673 0.785918 0.394723 0.424442 0.853299
5 0.910513 0.461055 0.177675 0.224906 0.845487
5 0.910544 0.4611 0.177718 0.224354 0.845475
5 0.296934 0.333341 0.177894 0.142037 0.836491
5 0.073216 0.368026 0.144552 0.146493 0.833462
5 0.910735 0.461265 0.177915 0.225183 0.833096
5 0.0734449 0.367931 0.144701 0.147312 0.830244
2 0.670763 0.436074 0.127467 0.0973463 0.828514
5 0.0729073 0.368048 0.14476 0.147233 0.826905
5 0.296178 0.33334 0.176332 0.142072 0.826171
5 0.295639 0.333794 0.173673 0.141886 0.825998
5 0.0727586 0.368113 0.144214 0.147012 0.825131
5 0.296669 0.333511 0.177541 0.142501 0.823852
5 0.367847 0.553736 0.413221 0.40978 0.823443
5 0.910802 0.460643 0.17803 0.225233 0.818674
2 0.59546 0.466856 0.12942 0.102383 0.816604
5 0.801285 0.787292 0.393621 0.423698 0.815177
2 0.448143 0.412341 0.0983347 0.0793642 0.809934
5 0.296937 0.333441 0.17614 0.14328 0.809056
2 0.595427 0.467401 0.129087 0.10203 0.808832
5 0.297064 0.333608 0.176186 0.142052 0.807263
5 0.0724416 0.367586 0.144384 0.146847 0.80643
2 0.595474 0.467337 0.129575 0.104515 0.80634
2 0.448163 0.412613 0.097427 0.0802919 0.805847
2 0.5953 0.46738 0.128933 0.101455 0.795298
2 0.669655 0.436855 0.127604 0.0946874 0.79512
2 0.595338 0.46744 0.128796 0.101966 0.793335
2 0.595272 0.468071 0.128015 0.103679 0.792596
5 0.0724417 0.368233 0.144883 0.146323 0.789778
2 0.595326 0.467625 0.129408 0.102239 0.787871
2 0.595457 0.467245 0.128549 0.102459 0.786874
2 0.669879 0.436507 0.127369 0.0943151 0.786506
5 0.910705 0.461586 0.177565 0.22622 0.779096
2 0.669399 0.436697 0.127753 0.0951186 0.778381
2 0.670162 0.436696 0.127402 0.0943865 0.776122
5 0.0727416 0.368155 0.145355 0.146776 0.77033
2 0.774444 0.528314 0.156281 0.12679 0.76569
5 0.801294 0.787193 0.394324 0.424574 0.765409
2 0.595451 0.467435 0.129696 0.103061 0.760807
2 0.670028 0.436639 0.128352 0.0955012 0.75983
5 0.377177 0.319486 0.179899 0.134472 0.755548
2 0.775215 0.528209 0.157147 0.126975 0.753805
2 0.669835 0.436645 0.127087 0.0947955 0.74664
2 0.774656 0.528127 0.156746 0.126555 0.74418
2 0.775103 0.528287 0.157436 0.126939 0.739158
5 0.0726315 0.36826 0.143818 0.147203 0.731585
2 0.670194 0.436364 0.127339 0.0948594 0.729046
2 0.448434 0.41286 0.0986577 0.0793648 0.726845
2 0.669733 0.436679 0.127198 0.0949616 0.725472
5 0.801629 0.785819 0.395359 0.426293 0.719276
2 0.448227 0.413031 0.0986379 0.0799003 0.717418
2 0.952182 0.600201 0.0946426 0.113979 0.711003
2 0.774405 0.528538 0.156694 0.126748 0.703105
2 0.952049 0.59972 0.0950031 0.115197 0.699694
5 0.296542 0.333517 0.174049 0.141744 0.699167
2 0.774687 0.52817 0.157363 0.127782 0.698626
5 0.802126 0.784829 0.394519 0.429433 0.695598
2 0.774454 0.52841 0.156117 0.127001 0.693431
2 0.952072 0.599365 0.0948769 0.114529 0.690065
5 0.0733494 0.368598 0.144835 0.147266 0.689995
2 0.774303 0.529 0.15661 0.126009 0.687609
5 0.296792 0.333332 0.172186 0.142048 0.686438
2 0.669765 0.436627 0.129047 0.0932199 0.680883
2 0.448318 0.412889 0.0985586 0.0793831 0.678888
2 0.951994 0.600002 0.0951439 0.113095 0.658492
5 0.376794 0.318776 0.181432 0.135662 0.657476
2 0.448398 0.412014 0.098094 0.0805905 0.655824
2 0.952118 0.600025 0.0947811 0.113169 0.655567
5 0.80243 0.785255 0.394242 0.427548 0.65304
2 0.44846 0.412293 0.0986238 0.0799742 0.651538
5 0.801353 0.784633 0.396601 0.427678 0.643442
5 0.375682 0.32076 0.183435 0.137718 0.642321
2 0.951572 0.600064 0.0962999 0.113039 0.640901
5 0.800931 0.783733 0.396591 0.431921 0.640431
2 0.137287 0.438968 0.0665688 0.0866709 0.640046
2 0.775192 0.528844 0.157855 0.128688 0.634344
2 0.509522 0.385799 0.0921713 0.0800993 0.632929
2 0.509301 0.385068 0.0932404 0.0779194 0.63136
2 0.509313 0.384839 0.0922662 0.07856 0.626671
2 0.951953 0.599637 0.0956253 0.114074 0.607591
5 0.378752 0.319298 0.177754 0.138414 0.607185
2 0.774392 0.529055 0.157132 0.12748 0.606744
5 0.375516 0.319376 0.182698 0.135036 0.605147
2 0.951911 0.600304 0.09506 0.111772 0.602156
2 0.510133 0.385605 0.0929751 0.0797985 0.601705
2 0.951925 0.599955 0.0957655 0.113178 0.597947
2 0.509862 0.385357 0.0926148 0.0793963 0.564394
2 0.509372 0.385473 0.0920034 0.0788555 0.563808
2 0.510242 0.385266 0.0910872 0.0790757 0.550877
5 0.378143 0.31877 0.178959 0.137244 0.533441
5 0.377319 0.320037 0.179255 0.136086 0.527447
2 0.137429 0.438215 0.0659853 0.087606 0.525112
2 0.952026 0.59979 0.0949856 0.113385 0.510107
2 0.44829 0.412596 0.0990855 0.0799423 0.505825
2 0.510001 0.385242 0.0922133 0.0796098 0.499476
2 0.447726 0.412735 0.0989051 0.0779448 0.487536
5 0.802097 0.78382 0.393565 0.427821 0.48443
2 0.137572 0.438245 0.0673514 0.0901086 0.474887
2 0.137283 0.437555 0.0670564 0.0902625 0.456347
2 0.137241 0.438644 0.0661643 0.0871292 0.446248
5 0.376598 0.317692 0.181134 0.135308 0.438633
5 0.376166 0.31874 0.182254 0.133842 0.435135
5 0.379083 0.319595 0.177489 0.139089 0.42334
2 0.137466 0.439019 0.0662362 0.0866653 0.407111
2 0.511042 0.385237 0.092637 0.0775192 0.405744
2 0.550933 0.221655 0.0490099 0.0333189 0.402741
5 0.379189 0.319922 0.174987 0.134279 0.399535
2 0.137329 0.439115 0.0668074 0.089253 0.39473
2 0.138058 0.437942 0.0658543 0.0890246 0.376472
5 0.0100194 0.197824 0.0199058 0.130429 0.361129
2 0.551277 0.22161 0.0494823 0.0328439 0.359396
2 0.551291 0.221354 0.0478714 0.0338349 0.353966
5 0.0105768 0.195637 0.0209668 0.129213 0.351391
2 0.137095 0.438374 0.0665068 0.0877485 0.342001
5 0.0728336 0.368099 0.143779 0.148124 0.337526
5 0.00986287 0.199508 0.0196308 0.132861 0.327974
2 0.510735 0.385787 0.0927267 0.0781087 0.312535
0 0.679155 0.242933 0.0163507 0.0421349 0.311913
2 0.550785 0.222131 0.0465158 0.0318785 0.309907
2 0.447221 0.410326 0.0982989 0.0780233 0.299217
0 0.679122 0.237991 0.0155865 0.0329979 0.298442
2 0.136988 0.437701 0.067487 0.0884769 0.294643
2 0.510062 0.385611 0.0938953 0.0783447 0.294114
5 0.0112872 0.193669 0.0224145 0.136625 0.288611
2 0.550903 0.221471 0.0490129 0.0327622 0.276349
2 0.446458 0.412089 0.1023 0.0777036 0.271807
2 0.137916 0.437525 0.0673549 0.0894919 0.258475
2 0.551095 0.221607 0.0489544 0.0326411 0.255743
2 0.670064 0.437862 0.127558 0.0945276 0.212307
0 0.679271 0.247337 0.0177601 0.0498671 0.199473
5 0.378078 0.320271 0.1795 0.139137 0.189069
5 0.0101722 0.195632 0.0202587 0.123166 0.184585
2 0.550895 0.221571 0.0486534 0.0319105 0.176972
2 0.440114 0.204852 0.0303808 0.0265335 0.171424
5 0.410949 0.325457 0.106696 0.120616 0.169316
0 0.500914 0.229275 0.0176841 0.0329282 0.162363
0 0.500844 0.228245 0.0178081 0.035321 0.159266
2 0.136919 0.438736 0.0666329 0.086783 0.149935
2 0.00917875 0.416894 0.0183575 0.0336977 0.143038
5 0.0105505 0.188682 0.0209857 0.121253 0.135891
2 0.510077 0.385404 0.0928495 0.0782415 0.132633
2 0.137702 0.438911 0.0653748 0.0860006 0.131041
2 0.368754 0.1879 0.0338431 0.0242068 0.130988
2 0.459161 0.199712 0.0274195 0.0239261 0.125194
2 0.453341 0.201144 0.0400517 0.0267004 0.125005
2 0.448734 0.202053 0.0480309 0.0276793 0.124433
2 0.442414 0.204983 0.0362927 0.0284365 0.121226
2 0.550813 0.221066 0.0495705 0.0337602 0.120937
2 0.00914403 0.417645 0.0182777 0.0330021 0.120659
2 0.55101 0.221996 0.0482147 0.0325621 0.11822
2 0.459629 0.200174 0.0253994 0.02342 0.117435
2 0.595852 0.467565 0.129551 0.103108 0.117107
2 0.550239 0.222795 0.0467447 0.0346208 0.113784
0 0.500656 0.230149 0.0184891 0.0327078 0.108804
5 0.793508 0.749641 0.410242 0.499689 0.108479
0 0.820457 0.262306 0.0168365 0.0410282 0.103817
9 0.840248 0.182343 0.0190777 0.0449872 0.102857
2 0.458627 0.200501 0.0280505 0.0260687 0.099304
0 0.500469 0.226571 0.017863 0.0378309 0.0989995
2 0.521202 0.20561 0.041904 0.0342735 0.0981817
2 0.0971153 0.182909 0.0526308 0.0321665 0.097957
5 0.390633 0.320845 0.152204 0.129991 0.0930498
0 0.820319 0.265619 0.0187809 0.046053 0.0886926
2 0.105165 0.185214 0.0370208 0.0285208 0.0848997
2 0.10188 0.182732 0.0439289 0.0327378 0.0809992
3 0.808135 0.269855 0.0453502 0.0471329 0.0803828
2 0.550885 0.222413 0.0494188 0.0353885 0.0758347
5 0.801053 0.787371 0.397754 0.425258 0.0756084
2 0.00952661 0.41826 0.0187653 0.0348104 0.0755979
2 0.0218526 0.2806 0.0435511 0.0550084 0.074088
0 0.378472 0.197615 0.0124393 0.026328 0.073478
2 0.370934 0.191375 0.0319926 0.0282847 0.0729892
5 0.298069 0.334432 0.173719 0.141024 0.0655262
9 0.84 0.181978 0.0193348 0.0458712 0.0648236
2 0.438103 0.206547 0.0290092 0.0274896 0.0640395
2 0.105118 0.182431 0.038516 0.0321512 0.0632988
2 0.106137 0.184459 0.0355934 0.028834 0.0626953
3 0.808203 0.270629 0.0453924 0.0463294 0.0604195
0 0.500322 0.228633 0.018388 0.034056 0.0600771
2 0.524884 0.206736 0.0373678 0.0327578 0.0595175
2 0.544948 0.221273 0.0381104 0.0297582 0.059378
2 0.441042 0.204056 0.0345509 0.0286695 0.0568078
2 0.448254 0.202403 0.0484289 0.028938 0.0563771
2 0.0216182 0.280463 0.0431379 0.0528678 0.0563274
0 0.933885 0.562455 0.0314949 0.0297587 0.0561899
5 0.0108235 0.191933 0.0214823 0.131148 0.0545445
2 0.517348 0.20466 0.0411505 0.0334105 0.0544386
2 0.0943111 0.183664 0.0573887 0.0317788 0.0542908
2 0.099645 0.182056 0.0469958 0.0338528 0.0536627
2 0.0210521 0.280716 0.0420798 0.0519183 0.0534043
3 0.808601 0.272883 0.0425171 0.0422596 0.0523727
2 0.366402 0.188082 0.0270036 0.0228175 0.0521812
0 0.93278 0.55957 0.0293785 0.0334055 0.052008
2 0.446667 0.41207 0.101049 0.0770962 0.0516424
2 0.545762 0.222146 0.0388922 0.0288809 0.051623
2 0.369698 0.189188 0.0312204 0.0239312 0.0511831
2 0.0958795 0.183882 0.0549533 0.0299298 0.0488393
2 0.0207445 0.281033 0.041373 0.0504166 0.0483631
2 0.5238 0.206407 0.0350202 0.0337006 0.0475863
2 0.0227554 0.280632 0.0443227 0.0538427 0.047211
2 0.0768865 0.189343 0.0245414 0.0195047 0.04676
2 0.551103 0.220893 0.0496268 0.0355772 0.04648
0 0.482885 0.215254 0.0114285 0.0271484 0.0463219
9 0.0473248 0.161605 0.0166474 0.0240554 0.0455132
0 0.00963006 0.421187 0.0190164 0.0397495 0.0452745
2 0.360143 0.187228 0.0193614 0.0201961 0.0452234
2 0.0215678 0.280416 0.042222 0.0533204 0.0451611
5 0.402247 0.319239 0.131005 0.129101 0.0444335
2 0.0220386 0.280566 0.0440773 0.054284 0.0443161
0 0.678213 0.246603 0.0208601 0.0506724 0.0437618
5 0.802559 0.787705 0.394599 0.422986 0.0435624
2 0.740955 0.631528 0.0636724 0.0439917 0.0402326
0 0.680323 0.24306 0.0191792 0.048216 0.0399266
0 0.500348 0.229828 0.0187689 0.0339487 0.0396033
0 0.906823 0.263826 0.0240393 0.046669 0.039283
0 0.90745 0.262599 0.0257511 0.0460987 0.0391993
5 0.911925 0.431173 0.175864 0.167133 0.0388382
2 0.0734944 0.190524 0.0175628 0.0167172 0.0386926
0 0.906513 0.262596 0.0237576 0.0472849 0.0383344
2 0.0212458 0.280819 0.0409467 0.0501617 0.0382589
2 0.0215235 0.281064 0.043047 0.0507537 0.0378785
0 0.377009 0.193923 0.0166637 0.0275604 0.037257
0 0.679434 0.251147 0.0189537 0.0490215 0.0368791
2 0.358923 0.188037 0.0160196 0.018423 0.0368771
2 0.447473 0.20076 0.0469011 0.0344163 0.0365423
10 0.582763 0.250317 0.0195353 0.0296824 0.0359839
2 0.101084 0.180117 0.0455912 0.0358092 0.035454
0 0.48377 0.212925 0.0141448 0.0288396 0.0349263
9 0.83811 0.181216 0.0247677 0.0507475 0.0348924
0 0.678145 0.23797 0.0204011 0.0333233 0.0345813
0 0.919348 0.224921 0.0127155 0.0239541 0.0343477
5 0.798025 0.772145 0.400631 0.452192 0.0335461
0 0.820155 0.260524 0.0161627 0.0416626 0.0333474
0 0.677984 0.247242 0.0213571 0.0534413 0.0322149
9 0.0492004 0.16236 0.0180644 0.0253466 0.0317052
10 0.582594 0.25122 0.0194756 0.0301246 0.0315737
2 0.0419497 0.196321 0.0172921 0.0226535 0.0314582
5 0.41709 0.322555 0.10072 0.123461 0.0312552
2 0.741715 0.631158 0.0628764 0.0431403 0.031113
9 0.839205 0.181823 0.0212223 0.0522681 0.0306275
0 0.8056 0.272136 0.0370385 0.0431405 0.0305439
2 0.984704 0.258996 0.0298857 0.0497746 0.0304184
3 0.808978 0.268784 0.0424385 0.0446215 0.0301837
2 0.740932 0.630954 0.065623 0.0433756 0.0301714
5 0.0240789 0.277948 0.0475068 0.0604892 0.0301514
9 0.703764 0.127707 0.0163794 0.0303045 0.0300658
2 0.984388 0.260244 0.0306831 0.0466895 0.0296284
2 0.522741 0.206008 0.0419609 0.0326221 0.0293265
0 0.00995087 0.42186 0.0193743 0.0420259 0.0289013
0 0.680587 0.247772 0.0189657 0.054717 0.0288489
2 0.985319 0.261557 0.0285629 0.0450902 0.0286079
9 0.703655 0.126622 0.0168683 0.0299035 0.0280989
2 0.0102601 0.41813 0.0201893 0.0351374 0.027141
9 0.837632 0.181367 0.0257763 0.0528441 0.0270712
2 0.741017 0.631334 0.0644091 0.0433434 0.0270607
2 0.448546 0.199271 0.0486738 0.0313899 0.0266584
0 0.907293 0.261124 0.0221043 0.0484759 0.0265261
0 0.808092 0.272382 0.040485 0.0430196 0.0262832
0 0.804122 0.263999 0.0223104 0.0290614 0.0260671
5 0.0109768 0.201864 0.0217794 0.115758 0.0254682
3 0.805897 0.27454 0.0376655 0.0381395 0.0247117
2 0.0988352 0.17999 0.0410465 0.036012 0.0241279
2 0.0101998 0.418264 0.0200743 0.0337212 0.0234777
2 0.503694 0.207962 0.0179623 0.0280731 0.0232672
0 0.736946 0.232093 0.014233 0.0383523 0.0231204
2 0.43925 0.206634 0.0317599 0.0281371 0.0228043
5 0.912162 0.430295 0.175676 0.163498 0.022216
9 0.157583 0.141978 0.0167077 0.0319235 0.0219858
0 0.906759 0.263363 0.0237064 0.0462295 0.021734
9 0.0479727 0.163555 0.0169097 0.0288473 0.0215439
5 0.0233594 0.224406 0.0467188 0.167202 0.0213855
5 0.00862829 0.196779 0.017106 0.130834 0.0213267
2 0.0234028 0.277842 0.0465158 0.0597631 0.0213005
0 0.950455 0.218815 0.0208668 0.0352641 0.0210856
0 0.692343 0.228698 0.00996342 0.0228321 0.0207074
0 0.951721 0.218134 0.0174696 0.0329658 0.0206949
0 0.934313 0.563898 0.0341063 0.0253296 0.0203689
0 0.45534 0.612878 0.0204331 0.0417162 0.0199564
9 0.702202 0.130048 0.0184418 0.0331893 0.019903
0 0.519468 0.208702 0.0156351 0.0293006 0.0194875
0 0.802058 0.270583 0.0276785 0.0419557 0.0192316
0 0.993552 0.557476 0.0120644 0.0251222 0.0192194
5 0.783387 0.748644 0.427693 0.495309 0.0189732
