5 0.898991 0.423066 0.201224 0.237656 0.902098
5 0.899252 0.425338 0.200933 0.239733 0.901527
2 0.555462 0.372302 0.102991 0.0831789 0.883201
5 0.89706 0.423983 0.205429 0.237758 0.878621
2 0.684991 0.460726 0.142773 0.118653 0.868589
2 0.555139 0.372247 0.102733 0.0833928 0.867043
2 0.869373 0.725438 0.241782 0.208784 0.864196
5 0.896308 0.422514 0.206443 0.237531 0.863007
2 0.685084 0.460765 0.142725 0.118846 0.862432
2 0.555378 0.372148 0.102528 0.0842632 0.859935
2 0.55561 0.372399 0.102761 0.0829766 0.859486
2 0.870087 0.726061 0.238711 0.20847 0.859255
2 0.684906 0.460663 0.142421 0.118844 0.857782
5 0.898635 0.424666 0.201513 0.239301 0.847117
2 0.685188 0.461156 0.142641 0.119242 0.845086
5 0.896378 0.422897 0.205602 0.237004 0.839493
5 0.898986 0.423929 0.201406 0.238951 0.836818
2 0.555257 0.371951 0.102479 0.0835616 0.836733
2 0.684993 0.460885 0.142548 0.11812 0.82995
2 0.555456 0.372006 0.102672 0.0832542 0.827251
2 0.685068 0.460605 0.142144 0.118993 0.826405
2 0.68495 0.460941 0.142327 0.118475 0.823473
2 0.55474 0.371767 0.102793 0.0841317 0.821038
5 0.899155 0.42474 0.200497 0.23928 0.820729
2 0.68531 0.461165 0.14279 0.118888 0.818127
2 0.869231 0.725941 0.241198 0.209039 0.81809
2 0.555117 0.371836 0.102375 0.083865 0.816072
2 0.685144 0.460694 0.142587 0.118441 0.813817
2 0.55544 0.372301 0.102658 0.0841656 0.795368
5 0.898809 0.423962 0.200859 0.24015 0.791919
2 0.869281 0.726194 0.241582 0.208814 0.790115
2 0.868831 0.724933 0.240781 0.20852 0.790044
2 0.868885 0.726098 0.240817 0.208938 0.787455
5 0.898486 0.422425 0.202162 0.238384 0.780833
2 0.869372 0.725718 0.240925 0.208843 0.763698
2 0.555964 0.372128 0.102904 0.0826406 0.763697
2 0.870157 0.724618 0.239943 0.209409 0.758541
2 0.872991 0.727174 0.238065 0.212729 0.701316
2 0.636994 0.198831 0.0482354 0.0366741 0.68214
2 0.373448 0.355682 0.0881904 0.074757 0.679081
2 0.373831 0.355576 0.0879612 0.0744046 0.663636
2 0.870008 0.725176 0.242455 0.210215 0.656301
2 0.637429 0.197946 0.0496582 0.0383986 0.654859
2 0.373793 0.355582 0.0884647 0.0746592 0.648055
2 0.887273 0.582611 0.22479 0.237617 0.639882
2 0.373663 0.35561 0.0875186 0.0744734 0.633331
2 0.374012 0.355742 0.0881477 0.0742218 0.625812
2 0.373599 0.355779 0.0875704 0.0746665 0.608598
2 0.0825396 0.260536 0.031181 0.0396222 0.605587
2 0.886984 0.583326 0.224195 0.24033 0.605583
2 0.887717 0.5837 0.223927 0.242549 0.582844
2 0.162929 0.266081 0.0437522 0.0400227 0.579779
2 0.638591 0.19785 0.0506332 0.0378792 0.560226
2 0.887313 0.583632 0.224693 0.238025 0.549432
2 0.0820764 0.260407 0.0312634 0.0394621 0.541617
2 0.374041 0.355846 0.0880071 0.0752183 0.5402
2 0.373863 0.355798 0.0877667 0.0748527 0.536541
2 0.162176 0.2655 0.0422861 0.0400119 0.511051
2 0.162642 0.265927 0.0429986 0.0384073 0.508012
2 0.081893 0.259959 0.0316811 0.0386943 0.507141
2 0.0823181 0.259673 0.0324048 0.0393688 0.501946
2 0.63861 0.198465 0.0511833 0.0371082 0.501079
0 0.134146 0.655993 0.0324162 0.098517 0.500928
2 0.082281 0.259378 0.0311685 0.0383234 0.497379
0 0.134 0.654538 0.0305774 0.0947243 0.491787
2 0.887057 0.583964 0.224781 0.236515 0.491212
2 0.637359 0.198907 0.049076 0.0370863 0.484401
2 0.0820946 0.259284 0.0320713 0.0378737 0.480428
2 0.636723 0.200139 0.0480845 0.0318884 0.476632
2 0.163645 0.266274 0.0449719 0.038885 0.471676
2 0.637082 0.19924 0.0484603 0.0353148 0.468476
2 0.886648 0.584185 0.224994 0.238813 0.467612
1 0.164048 0.83592 0.0458783 0.105597 0.46288
2 0.637524 0.198747 0.0497418 0.0377713 0.444184
2 0.368836 0.162049 0.0352841 0.0223783 0.432362
2 0.639512 0.19703 0.0546893 0.0391484 0.418243
2 0.888511 0.582469 0.221949 0.244276 0.414254
2 0.550974 0.189583 0.0485991 0.03327 0.407638
1 0.167327 0.839747 0.0395735 0.0978148 0.406888
0 0.133565 0.656782 0.0337204 0.0974985 0.404161
0 0.133167 0.656094 0.0327486 0.0987771 0.391301
0 0.0283878 0.810998 0.0452463 0.107856 0.390083
2 0.162196 0.266686 0.0402823 0.0399506 0.38664
0 0.133225 0.655425 0.0307306 0.0983499 0.379105
2 0.550795 0.189758 0.0478326 0.032824 0.374619
2 0.163059 0.266394 0.0434534 0.0386574 0.370981
2 0.161672 0.265242 0.0423973 0.0398243 0.370068
2 0.374107 0.355548 0.0882317 0.0746723 0.363795
2 0.0820846 0.259399 0.0329185 0.0386888 0.361942
2 0.0824352 0.259148 0.0315177 0.0389258 0.36075
2 0.335216 0.474899 0.106498 0.100356 0.360599
2 0.27831 0.191928 0.035268 0.0254202 0.360562
2 0.278516 0.191219 0.0363956 0.0262738 0.359888
0 0.028095 0.81083 0.0436476 0.109095 0.358636
2 0.36944 0.162735 0.0361814 0.0227408 0.357772
7 0.334831 0.474654 0.106965 0.0998886 0.356574
2 0.550592 0.1889 0.0483002 0.0343346 0.355084
0 0.029502 0.810082 0.0434738 0.106654 0.354525
0 0.0279994 0.810397 0.0436181 0.10993 0.347041
2 0.887654 0.583503 0.224691 0.244024 0.338305
2 0.369896 0.162292 0.0373656 0.0227347 0.333272
0 0.0281544 0.810457 0.0410286 0.10665 0.332699
2 0.161399 0.265514 0.0413684 0.0405881 0.332196
7 0.335298 0.474378 0.106707 0.101038 0.331871
2 0.12737 0.213671 0.0280906 0.0221148 0.3317
0 0.134345 0.654436 0.0313214 0.0956481 0.331364
0 0.134385 0.656242 0.0325303 0.100325 0.32931
7 0.335249 0.474999 0.10591 0.100942 0.325863
0 0.132504 0.648224 0.0273635 0.0825615 0.325423
2 0.550805 0.189674 0.0477983 0.0328021 0.315313
2 0.0819236 0.259622 0.03339 0.0395576 0.31199
2 0.374087 0.355566 0.0878882 0.074579 0.311989
2 0.63661 0.200021 0.0488494 0.0338727 0.304557
2 0.370453 0.162299 0.0361061 0.0215642 0.304497
2 0.33529 0.474776 0.106825 0.100953 0.303702
0 0.0278916 0.810307 0.0409895 0.107493 0.303043
2 0.127358 0.212134 0.0288377 0.0244642 0.302315
7 0.335358 0.474942 0.106816 0.100811 0.30212
2 0.369259 0.16246 0.0364967 0.0215057 0.283712
7 0.335105 0.474556 0.106752 0.100622 0.282901
2 0.368849 0.162656 0.0354972 0.0209974 0.279168
2 0.368659 0.161907 0.0353333 0.0214944 0.277807
2 0.127556 0.212227 0.0291868 0.0248711 0.26978
2 0.888315 0.584357 0.221957 0.239789 0.263907
0 0.133174 0.655322 0.0295532 0.0988501 0.258708
0 0.0279972 0.810818 0.0447352 0.110008 0.253356
2 0.0122991 0.407256 0.0238888 0.0344497 0.250052
2 0.551665 0.189352 0.0484146 0.0337603 0.248856
2 0.0120145 0.406632 0.0223463 0.0353062 0.247199
2 0.278173 0.191407 0.0350863 0.0266575 0.242447
2 0.550517 0.189315 0.0489529 0.0330164 0.235966
2 0.55147 0.189301 0.0483513 0.0335394 0.228553
2 0.520979 0.173833 0.0521017 0.0330038 0.227019
2 0.374291 0.356842 0.0877772 0.071636 0.226264
0 0.164353 0.806568 0.0395714 0.0902051 0.221669
0 0.16242 0.813074 0.0449116 0.0960625 0.21931
2 0.278419 0.190771 0.0358846 0.028241 0.218269
7 0.3352 0.475719 0.106921 0.100599 0.215924
2 0.278424 0.190658 0.0352999 0.0275841 0.214017
0 0.134242 0.657353 0.0345783 0.0983757 0.212837
2 0.637541 0.196846 0.0527431 0.0408125 0.212271
2 0.16668 0.268327 0.0535915 0.0425905 0.210562
1 0.170104 0.84129 0.0337625 0.0943792 0.210529
2 0.37356 0.356135 0.0872994 0.0730163 0.209962
0 0.132835 0.655752 0.0329504 0.0984572 0.204713
0 0.164056 0.781489 0.0377496 0.0973951 0.204249
2 0.518233 0.174496 0.0488544 0.0304057 0.203813
1 0.167809 0.838375 0.0387156 0.100804 0.202596
2 0.127443 0.213501 0.0280855 0.0231316 0.200015
2 0.172158 0.269006 0.0592151 0.0441093 0.196691
2 0.165054 0.267233 0.047824 0.040449 0.194633
0 0.0276676 0.81092 0.0467325 0.11131 0.191001
2 0.0122314 0.406628 0.0229685 0.0347182 0.186669
0 0.0299244 0.810966 0.042092 0.107015 0.184994
2 0.556384 0.372264 0.102255 0.0822415 0.17994
2 0.520848 0.174426 0.0469241 0.0326354 0.179657
2 0.127962 0.212569 0.0292535 0.0221244 0.179454
1 0.172335 0.84316 0.0293118 0.0916004 0.177159
0 0.0277454 0.810802 0.0444198 0.108976 0.176291
2 0.0520147 0.231029 0.0278334 0.0416646 0.1672
2 0.0118161 0.406734 0.0221261 0.0350184 0.166363
0 0.161906 0.769206 0.0365236 0.0712885 0.165115
2 0.2777 0.191787 0.0379823 0.0261259 0.161588
0 0.132308 0.65144 0.0312457 0.0906271 0.158981
0 0.026977 0.808457 0.0378596 0.103361 0.158127
1 0.164828 0.829375 0.0471052 0.12042 0.155991
2 0.19278 0.29707 0.0387036 0.0283133 0.155321
0 0.134399 0.762249 0.0562558 0.139655 0.151452
7 0.335188 0.474449 0.107309 0.100905 0.148753
0 0.132823 0.657177 0.033716 0.0989643 0.146643
0 0.133726 0.66003 0.0337295 0.0957782 0.145937
2 0.550144 0.186928 0.0477867 0.0306615 0.144434
0 0.161034 0.779747 0.0436494 0.0935911 0.144368
2 0.189099 0.292815 0.0431916 0.0325428 0.142071
2 0.51763 0.175254 0.0464302 0.0324347 0.133333
2 0.183439 0.184411 0.0263185 0.0196335 0.132595
2 0.0117218 0.406669 0.0226361 0.0346087 0.130873
0 0.0312343 0.811309 0.0394226 0.107137 0.130766
5 0.0602817 0.16084 0.0469988 0.0365996 0.129348
1 0.173962 0.844603 0.0277164 0.0887632 0.129021
0 0.161848 0.754072 0.0303169 0.0441813 0.124991
0 0.161842 0.763624 0.0374217 0.0611088 0.124659
0 0.161464 0.757539 0.0322876 0.0489749 0.124186
2 0.278117 0.191136 0.0363475 0.0268733 0.124152
2 0.0117038 0.406508 0.0227573 0.0346654 0.124046
0 0.161579 0.755805 0.031429 0.0467861 0.124001
2 0.526202 0.174648 0.0412197 0.0319894 0.12363
2 0.521394 0.174633 0.0427458 0.03255 0.123179
2 0.0528699 0.231408 0.0317257 0.0430042 0.122318
2 0.182995 0.18518 0.0237686 0.0182641 0.122243
2 0.0120905 0.406249 0.0223624 0.0347781 0.121305
5 0.0118823 0.18668 0.0236666 0.12344 0.120329
0 0.134391 0.751648 0.0529329 0.12417 0.119307
0 0.161942 0.757091 0.0323115 0.047902 0.117387
2 0.27828 0.190435 0.0368105 0.0287049 0.114845
0 0.162202 0.777002 0.0411311 0.090918 0.111504
0 0.133797 0.754328 0.0538718 0.138675 0.107608
0 0.16133 0.785784 0.0481604 0.108819 0.106245
1 0.163217 0.82867 0.0460116 0.119748 0.105216
2 0.636489 0.196951 0.0515714 0.0402002 0.103657
5 0.0131114 0.186482 0.0260495 0.1233 0.103364
0 0.135476 0.761444 0.0581069 0.137366 0.103066
2 0.183925 0.286931 0.0376744 0.0274652 0.102174
2 0.508453 0.175186 0.0284679 0.0291268 0.101878
1 0.162848 0.828037 0.0495449 0.123641 0.101005
2 0.523409 0.173688 0.0504057 0.0322751 0.100936
2 0.641427 0.197262 0.058136 0.0399798 0.099361
5 0.0603454 0.160361 0.047585 0.0376873 0.0982955
0 0.848677 0.395013 0.0233927 0.0492761 0.0963465
2 0.550771 0.190224 0.0479454 0.0342651 0.0945774
0 0.160315 0.80023 0.046224 0.073523 0.0906677
2 0.0517861 0.230483 0.0281561 0.0408412 0.0894726
0 0.135845 0.7547 0.0584276 0.113922 0.0892648
2 0.194636 0.305898 0.0298873 0.0311706 0.0891484
5 0.0137217 0.186954 0.0274016 0.125517 0.0888929
10 0.402899 0.188176 0.015441 0.0307539 0.0877837
0 0.296869 0.471722 0.0289177 0.0563293 0.0877107
1 0.162943 0.837685 0.0472341 0.101961 0.0872627
2 0.887093 0.563826 0.225814 0.199952 0.0867028
5 0.0119766 0.184161 0.0237743 0.114816 0.0861998
7 0.335607 0.475165 0.106416 0.101 0.0858356
0 0.16239 0.82151 0.0453375 0.114301 0.0851835
2 0.187252 0.289505 0.0446452 0.0307021 0.0848623
2 0.360074 0.495374 0.0552795 0.0573051 0.0833052
1 0.167006 0.832607 0.039605 0.112676 0.082235
0 0.164953 0.814263 0.0401567 0.100758 0.0816254
9 0.70541 0.0888867 0.0200603 0.030176 0.0804055
0 0.293532 0.472997 0.0220942 0.0558588 0.0782608
2 0.371217 0.162025 0.0411528 0.0209037 0.0780375
0 0.186934 0.312849 0.0291564 0.0469775 0.0761323
0 0.848359 0.393007 0.0234753 0.0449085 0.0759943
2 0.53126 0.176053 0.035102 0.030839 0.0755419
0 0.134865 0.763959 0.056801 0.143553 0.074667
2 0.0530672 0.231378 0.0285491 0.0422199 0.0731585
0 0.173263 0.314718 0.0333387 0.0627549 0.073117
2 0.185342 0.185712 0.0221698 0.0169998 0.0727145
2 0.161474 0.26596 0.0416584 0.0406405 0.0722698
5 0.0614282 0.159843 0.0475327 0.0373643 0.0718891
2 0.360233 0.495168 0.0549052 0.0600678 0.0714571
2 0.627285 0.190486 0.066153 0.0321592 0.0690436
0 0.135001 0.745343 0.0556569 0.0914471 0.0682826
0 0.850238 0.392079 0.0251909 0.0460798 0.0659446
2 0.18732 0.294672 0.0494524 0.0341904 0.0644749
0 0.137089 0.764689 0.0609634 0.145534 0.0639919
3 0.161197 0.823953 0.0518668 0.130176 0.0639491
2 0.359736 0.493099 0.0566102 0.0610231 0.0629257
5 0.0600191 0.160801 0.0465173 0.036856 0.0623965
2 0.0534751 0.23171 0.0287732 0.0417822 0.0623428
1 0.162586 0.839337 0.0481476 0.0973053 0.0623204
0 0.165973 0.807774 0.0380003 0.0887325 0.0611312
5 0.0598231 0.16067 0.0467826 0.0375292 0.060361
9 0.704931 0.0895023 0.017675 0.0289991 0.0598021
2 0.194258 0.300183 0.0367798 0.0305029 0.0596129
1 0.167148 0.830538 0.04553 0.120067 0.0586382
9 0.980496 0.0909968 0.0363293 0.0342953 0.0580454
0 0.150452 0.766805 0.0563958 0.09232 0.0576291
2 0.98482 0.657372 0.0296978 0.0828178 0.0569486
0 0.16632 0.825068 0.0390125 0.12159 0.0563435
0 0.30907 0.470458 0.0512609 0.0609118 0.0559037
0 0.848444 0.395281 0.0233156 0.0502748 0.0556639
0 0.134233 0.757151 0.0538366 0.11041 0.0548493
0 0.13434 0.657125 0.0392485 0.101436 0.0545049
2 0.98517 0.657401 0.0289253 0.0844401 0.0543093
1 0.165967 0.829422 0.0479411 0.121938 0.0540746
2 0.360267 0.492528 0.0569562 0.0648476 0.0538226
2 0.986885 0.656542 0.0255123 0.0829767 0.0534991
0 0.0317673 0.812117 0.0420428 0.102108 0.0533473
0 0.159988 0.805981 0.0489935 0.0803122 0.0527783
0 0.17289 0.312762 0.0286652 0.0589145 0.0527334
2 0.527191 0.17458 0.0409067 0.0324707 0.0527187
2 0.175862 0.471735 0.0643189 0.0510376 0.0526408
10 0.402881 0.18875 0.014905 0.0296807 0.0521415
2 0.0528022 0.231504 0.0287366 0.0415989 0.0520634
1 0.154758 0.828054 0.0664706 0.119728 0.0517177
0 0.133856 0.752386 0.0541055 0.0994258 0.051203
0 0.306785 0.469748 0.0484282 0.0570848 0.0510146
0 0.165663 0.79267 0.0378049 0.0975107 0.0509728
2 0.129842 0.213252 0.0324985 0.0229333 0.0495048
2 0.0826166 0.262618 0.0314165 0.0413407 0.0494661
2 0.195913 0.304144 0.0340284 0.0348022 0.0491757
3 0.160371 0.821195 0.0471918 0.0638771 0.0484365
0 0.380223 0.487502 0.016122 0.0326592 0.0481993
0 0.850062 0.387231 0.02346 0.0384317 0.0479754
2 0.129744 0.212124 0.0334918 0.0258328 0.0477716
0 0.131336 0.639641 0.0247432 0.0655718 0.0470797
2 0.17638 0.472219 0.0643683 0.0479013 0.0469006
3 0.159842 0.80925 0.0489093 0.0828461 0.0466889
2 0.549315 0.190077 0.0471088 0.0301444 0.0463445
5 0.00917872 0.181226 0.0183574 0.107314 0.0459373
0 0.181593 0.319355 0.0270524 0.0549285 0.0456149
2 0.125305 0.212628 0.0294921 0.0219975 0.0453433
2 0.985897 0.657425 0.0275593 0.0837605 0.04477
2 0.373533 0.35567 0.0884587 0.075325 0.044637
0 0.308984 0.471175 0.051906 0.0618299 0.0443745
0 0.807802 0.614883 0.0224495 0.0353418 0.0442569
2 0.17581 0.4715 0.0633734 0.0512745 0.04388
9 0.981204 0.0895613 0.0362097 0.0330126 0.0438399
2 0.620958 0.188713 0.0556743 0.0311102 0.0436381
2 0.176434 0.472186 0.0645512 0.050278 0.0431802
2 0.185056 0.296353 0.0481376 0.0369087 0.0430933
