2 0.0978824 0.677398 0.195441 0.247461 0.917967
2 0.0977414 0.677478 0.195327 0.247648 0.904979
2 0.0978982 0.67752 0.195379 0.245877 0.901283
2 0.09783 0.677388 0.19566 0.246258 0.89072
2 0.0977159 0.678483 0.195432 0.247052 0.888316
2 0.0979046 0.678512 0.195642 0.247371 0.875178
2 0.0976938 0.67747 0.19464 0.246939 0.829733
2 0.525282 0.271121 0.125018 0.104424 0.814461
2 0.525214 0.271098 0.124059 0.104351 0.796066
5 0.855155 0.358918 0.289046 0.368617 0.793327
5 0.854675 0.358713 0.28978 0.36836 0.78898
5 0.85596 0.356306 0.287531 0.366962 0.788942
5 0.855555 0.3585 0.288891 0.368672 0.788109
5 0.855884 0.357335 0.288233 0.372586 0.78494
2 0.525519 0.270953 0.124714 0.105184 0.782339
2 0.525114 0.271162 0.124402 0.104528 0.773472
2 0.524981 0.270832 0.123853 0.103674 0.75797
2 0.525427 0.270761 0.123948 0.105293 0.755886
2 0.524877 0.271039 0.12419 0.104395 0.750785
5 0.854904 0.35696 0.289615 0.370487 0.749083
5 0.855154 0.359287 0.288829 0.364858 0.740136
5 0.85525 0.359435 0.288674 0.365196 0.737377
2 0.631781 0.468568 0.163216 0.164522 0.737063
2 0.0978561 0.677833 0.195066 0.24779 0.736286
2 0.677083 0.316754 0.0887327 0.111064 0.735963
5 0.855282 0.356795 0.289243 0.369476 0.720886
2 0.67719 0.316475 0.0890217 0.111131 0.718541
5 0.85485 0.360081 0.289362 0.365819 0.706818
2 0.67733 0.316408 0.0883553 0.110536 0.70194
2 0.677559 0.316328 0.0883764 0.110699 0.686141
2 0.525447 0.271358 0.124518 0.105391 0.683289
2 0.676949 0.316591 0.0889385 0.110758 0.667226
2 0.525214 0.270798 0.125007 0.105378 0.662026
2 0.525314 0.270852 0.124307 0.105061 0.65862
2 0.525114 0.2712 0.124226 0.10419 0.654185
2 0.631434 0.467995 0.163017 0.163876 0.64233
2 0.0979771 0.679131 0.195954 0.248476 0.631182
2 0.631563 0.468439 0.16332 0.164013 0.627034
0 0.0434992 0.311837 0.0348873 0.103902 0.620103
0 0.0435108 0.312019 0.03413 0.103243 0.614189
2 0.677244 0.316335 0.0886543 0.110231 0.608275
2 0.677776 0.315771 0.0891642 0.10966 0.596744
0 0.0434579 0.311999 0.0331735 0.102733 0.588715
2 0.631655 0.468303 0.163482 0.164516 0.585022
0 0.954454 0.13678 0.0207188 0.0631088 0.554734
2 0.631815 0.468471 0.16354 0.164799 0.554374
0 0.953716 0.136771 0.018956 0.0622764 0.548058
2 0.677795 0.315742 0.0885099 0.109784 0.547284
0 0.953977 0.137017 0.0212963 0.0637874 0.531119
0 0.954205 0.136734 0.0196468 0.0616852 0.52262
0 0.0423416 0.310713 0.0338345 0.100965 0.519685
2 0.677921 0.315731 0.0892994 0.10959 0.501773
0 0.0424378 0.31302 0.0331465 0.101956 0.484385
0 0.0428238 0.311745 0.0334726 0.102381 0.47475
0 0.0421036 0.311798 0.0331392 0.101533 0.458592
2 0.63131 0.467964 0.162752 0.161678 0.429777
2 0.631613 0.468384 0.162731 0.16123 0.376168
2 0.676622 0.316807 0.0899805 0.111846 0.357941
0 0.042891 0.313514 0.0326594 0.104971 0.35102
2 0.631391 0.468687 0.162346 0.161569 0.346762
0 0.955601 0.13672 0.0208118 0.0645613 0.298967
0 0.0444889 0.31038 0.0296295 0.0982089 0.291286
2 0.631917 0.468646 0.162661 0.162529 0.284462
2 0.631396 0.468669 0.161167 0.161854 0.276889
2 0.631485 0.467678 0.162502 0.161246 0.259785
0 0.042729 0.312429 0.0326784 0.0978892 0.241692
5 0.858498 0.117884 0.0988636 0.130643 0.219882
0 0.27848 0.192113 0.0153149 0.0530939 0.219523
0 0.0766937 0.288807 0.0236745 0.0787381 0.217916
0 0.0747791 0.288085 0.0214633 0.0764915 0.215094
0 0.043908 0.310987 0.0380016 0.106412 0.209414
5 0.857049 0.125229 0.101031 0.145136 0.204952
0 0.953038 0.136917 0.0213875 0.063748 0.199104
0 0.382643 0.166039 0.0174792 0.0481117 0.198952
0 0.0752918 0.288018 0.0227122 0.0767568 0.198522
0 0.11513 0.207976 0.0211162 0.0597283 0.197098
0 0.0751893 0.287221 0.0232925 0.0754478 0.1956
0 0.953706 0.136983 0.0224197 0.0640652 0.19455
5 0.857957 0.117482 0.0995201 0.12914 0.190122
0 0.279124 0.199543 0.0154026 0.0425353 0.188273
0 0.0929815 0.30336 0.0224199 0.0610899 0.185673
0 0.0930441 0.302093 0.0225219 0.0608755 0.18376
0 0.955874 0.136149 0.0200256 0.0650139 0.180898
5 0.877324 0.115045 0.0609303 0.124707 0.178422
5 0.876612 0.115176 0.0615679 0.124148 0.177574
0 0.113841 0.204118 0.0221543 0.064713 0.174495
0 0.0765497 0.286244 0.023502 0.0737055 0.172989
5 0.20609 0.139144 0.101269 0.140926 0.168662
0 0.953086 0.136829 0.022341 0.063523 0.168566
0 0.0772468 0.290689 0.0235943 0.081788 0.167238
0 0.953466 0.13705 0.0219715 0.0633094 0.165381
5 0.205385 0.140047 0.102555 0.140051 0.162336
0 0.38266 0.163319 0.0175337 0.0527782 0.162197
5 0.873428 0.115285 0.0695179 0.12385 0.161204
9 0.464106 0.0631385 0.0160397 0.0281069 0.154384
0 0.969881 0.126456 0.0124199 0.0433868 0.153916
0 0.545648 0.167258 0.0169809 0.0584956 0.153742
2 0.525126 0.270985 0.123754 0.104349 0.152271
9 0.465355 0.0605975 0.0131227 0.0233543 0.152009
0 0.113981 0.208895 0.018842 0.0617097 0.147101
0 0.970803 0.133733 0.0151867 0.0568359 0.14572
0 0.114722 0.207503 0.0217199 0.061972 0.145694
0 0.0929663 0.299675 0.0210124 0.0654798 0.142441
5 0.856147 0.126744 0.10523 0.148811 0.13861
0 0.566637 0.173544 0.014211 0.0378549 0.137998
0 0.115441 0.211381 0.020613 0.0582846 0.137563
0 0.545765 0.166018 0.0190104 0.0611654 0.137528
0 0.112415 0.201773 0.0209509 0.0644203 0.135879
0 0.11464 0.206532 0.0229142 0.0660577 0.128432
0 0.0417419 0.314233 0.0330648 0.0970919 0.124651
0 0.0863093 0.295973 0.0356455 0.0741861 0.124519
0 0.0876635 0.303703 0.0344265 0.0631463 0.123661
0 0.0933676 0.302874 0.0225476 0.0604684 0.123111
0 0.56632 0.172835 0.0133732 0.0389434 0.119614
0 0.545932 0.164018 0.0200001 0.0637843 0.109955
0 0.144966 0.213696 0.0175053 0.0652934 0.106389
0 0.0745058 0.309915 0.0174099 0.0598983 0.105141
0 0.382921 0.160241 0.0195197 0.057113 0.104532
5 0.205035 0.139385 0.0965491 0.138821 0.103705
0 0.970563 0.135381 0.0158581 0.0592579 0.100122
2 0.0979708 0.677774 0.195942 0.247073 0.099824
5 0.984397 0.115619 0.0307747 0.0942587 0.0963737
0 0.0748035 0.300654 0.0187406 0.063794 0.0962341
0 0.0746468 0.309298 0.0180132 0.0547436 0.0960608
0 0.113158 0.204574 0.019902 0.0656712 0.0958616
5 0.856136 0.118506 0.102736 0.133476 0.0935799
0 0.0427628 0.314112 0.0300098 0.0945147 0.0918924
5 0.984127 0.11463 0.0312733 0.0979155 0.0918824
5 0.857649 0.124431 0.106073 0.157677 0.0912965
0 0.0767817 0.303139 0.0217613 0.0625998 0.0882577
0 0.11615 0.220594 0.0198819 0.0642381 0.0867307
2 0.0973404 0.677929 0.194567 0.247156 0.0838874
2 0.676267 0.316863 0.0880983 0.111362 0.0830891
5 0.221147 0.155034 0.0663399 0.10416 0.0830849
0 0.278246 0.18832 0.0164178 0.058288 0.0829196
2 0.0980812 0.678199 0.195895 0.247798 0.0818037
0 0.114965 0.216523 0.0203863 0.0623146 0.0811433
5 0.857542 0.117509 0.100741 0.130459 0.0810897
9 0.464989 0.0616267 0.0150537 0.0248049 0.0795667
5 0.203648 0.139885 0.105098 0.14099 0.07917
0 0.0835373 0.306971 0.0332144 0.0587043 0.0773371
0 0.145458 0.209231 0.017466 0.0585433 0.0743817
5 0.203748 0.138623 0.0963193 0.136027 0.074327
5 0.208809 0.141469 0.0964522 0.136538 0.0740096
5 0.205787 0.140094 0.0943993 0.134466 0.0736155
0 0.14508 0.216391 0.0171075 0.0655051 0.0725371
5 0.220664 0.156014 0.0673582 0.10369 0.0722647
0 0.115034 0.216957 0.0229447 0.0711752 0.0710577
0 0.0830421 0.289815 0.0351308 0.0824963 0.0686058
2 0.777799 0.348895 0.109561 0.0630349 0.0684026
5 0.856559 0.118256 0.102191 0.131587 0.0683867
0 0.968981 0.136687 0.0139362 0.0627533 0.068027
9 0.463011 0.0631832 0.0182502 0.0271117 0.0678069
0 0.0770197 0.271423 0.0224088 0.0447358 0.0672641
0 0.090459 0.305687 0.0258667 0.0582157 0.0653517
0 0.956155 0.135902 0.0217449 0.063904 0.0650392
2 0.631327 0.468914 0.16082 0.160627 0.0649177
5 0.986729 0.11628 0.0260563 0.090792 0.0645233
0 0.382468 0.162837 0.0208449 0.0557461 0.06375
5 0.87566 0.116058 0.0686903 0.128007 0.0633875
0 0.110819 0.198046 0.0183502 0.0625193 0.0632572
5 0.217299 0.154931 0.0708607 0.105439 0.0627767
9 0.440602 0.101372 0.0132776 0.0302656 0.062437
5 0.854592 0.127959 0.109381 0.154396 0.0586258
2 0.841292 0.173663 0.0673767 0.0630692 0.0564895
0 0.0830945 0.308156 0.0309759 0.0576106 0.0564049
0 0.545736 0.15739 0.0167765 0.0522228 0.0558848
5 0.20801 0.149387 0.091432 0.117462 0.0549904
0 0.383283 0.158554 0.0173257 0.0586413 0.0531797
0 0.954752 0.135991 0.0174393 0.063407 0.0511758
5 0.20311 0.137763 0.104998 0.142932 0.0503943
9 0.460376 0.0657425 0.0163621 0.0298387 0.0476744
0 0.0753294 0.274896 0.02206 0.0534085 0.0472475
0 0.40673 0.130693 0.0153244 0.037554 0.0471349
0 0.279192 0.203834 0.0149882 0.040372 0.0468262
0 0.565468 0.158818 0.0184779 0.068214 0.0465633
0 0.954905 0.138964 0.0200649 0.0633581 0.0456615
0 0.381596 0.163684 0.0215014 0.056757 0.0429031
0 0.0930059 0.290847 0.0147725 0.0539393 0.042615
0 0.133153 0.213659 0.0233762 0.0700815 0.0411445
2 0.776786 0.349495 0.110117 0.0568867 0.0408941
0 0.873825 0.158639 0.0164658 0.0462795 0.0403842
0 0.147345 0.284058 0.0216386 0.0473853 0.0402054
2 0.84318 0.171906 0.0678131 0.0651909 0.0396917
2 0.777977 0.340077 0.108988 0.0759613 0.0384842
5 0.203376 0.137238 0.0957661 0.139606 0.0378021
0 0.129694 0.182171 0.0168712 0.0400902 0.0376591
9 0.46432 0.0738494 0.0170953 0.0494525 0.0375416
5 0.218807 0.171398 0.0537537 0.0714167 0.0371779
5 0.223146 0.155685 0.0603827 0.101701 0.0370018
5 0.207463 0.15082 0.0894851 0.110694 0.0361541
0 0.546051 0.17612 0.0153303 0.0420106 0.035934
1 0.147429 0.290422 0.024945 0.0510429 0.0351058
0 0.990256 0.115206 0.0186665 0.090303 0.0350086
5 0.220803 0.156867 0.0641648 0.10713 0.0343809
0 0.135122 0.28455 0.0203781 0.0628342 0.0335278
9 0.440407 0.102708 0.0135166 0.0325353 0.0333067
0 0.12919 0.179039 0.0174204 0.0362223 0.0331862
1 0.147204 0.287966 0.0237754 0.0495553 0.0331499
2 0.604423 0.497503 0.10508 0.103885 0.032957
0 0.971105 0.115806 0.0132301 0.0352089 0.0326728
0 0.991215 0.12351 0.016814 0.0723525 0.032463
0 0.54808 0.16594 0.0247002 0.0592587 0.0317709
2 0.935599 0.204657 0.0628616 0.0619809 0.030907
5 0.220793 0.171546 0.0532545 0.0701986 0.0309016
0 0.27742 0.187153 0.0154212 0.0566525 0.0304594
0 0.150783 0.293101 0.0204297 0.0544442 0.0303076
5 0.222193 0.155999 0.0629733 0.105766 0.0300662
0 0.116766 0.228594 0.0184593 0.0517177 0.0296985
0 0.137246 0.186493 0.0130257 0.0245133 0.0296112
0 0.11478 0.191451 0.0216156 0.0476667 0.0294622
0 0.150407 0.291968 0.019983 0.0522976 0.029181
0 0.133311 0.209146 0.0186405 0.0700449 0.0290089
9 0.437866 0.10861 0.012133 0.0288814 0.0286516
5 0.986283 0.114916 0.0266951 0.0913279 0.0286323
2 0.216803 0.184568 0.042598 0.0392866 0.0285502
0 0.135302 0.278727 0.0204706 0.0636405 0.0284731
0 0.145593 0.281156 0.0205458 0.050336 0.0281058
2 0.604664 0.498405 0.104597 0.102224 0.028044
0 0.691754 0.119814 0.012171 0.0289854 0.0279332
5 0.215828 0.175605 0.0491163 0.0633949 0.0274121
0 0.406336 0.131022 0.0160621 0.0381622 0.027338
0 0.130338 0.187939 0.0159322 0.0486071 0.0263702
2 0.777933 0.332651 0.115064 0.0905042 0.0263252
9 0.779463 0.0944271 0.0179052 0.0271729 0.0251796
0 0.114681 0.22825 0.0223815 0.0563057 0.0247824
0 0.150733 0.289848 0.0181755 0.0496028 0.0246773
1 0.135086 0.288656 0.0199553 0.0553383 0.024069
2 0.777376 0.338843 0.111727 0.0799601 0.0240444
2 0.935448 0.205115 0.0628988 0.0565031 0.0236375
2 0.935592 0.204705 0.0624706 0.0579578 0.0235842
0 0.384789 0.163032 0.0233286 0.0536511 0.0233556
0 0.280367 0.194239 0.0192593 0.0551224 0.0226805
2 0.935587 0.204755 0.0624048 0.0605953 0.0220411
1 0.134336 0.292394 0.0202288 0.0570847 0.0220084
9 0.779845 0.100577 0.0220289 0.0398236 0.021774
0 0.0377917 0.311296 0.024925 0.0970436 0.0217296
2 0.935542 0.203926 0.0632296 0.0571279 0.0216608
5 0.855626 0.355786 0.288342 0.365013 0.0211195
2 0.991655 0.129483 0.0159164 0.0609924 0.0209762
0 0.710901 0.0769288 0.0159365 0.0248129 0.0207779
2 0.775224 0.351041 0.114969 0.0565475 0.0206172
5 0.216561 0.175997 0.047353 0.0611443 0.0206098
2 0.77814 0.352149 0.110785 0.0603517 0.0205532
5 0.985974 0.112508 0.0274832 0.0799255 0.0203667
5 0.228733 0.154118 0.0627188 0.0997132 0.0202747
2 0.935741 0.204534 0.0623684 0.061386 0.0202643
5 0.876138 0.122423 0.0589218 0.110144 0.0202452
5 0.876454 0.141493 0.0603636 0.0731198 0.0201469
0 0.690696 0.0796389 0.0122168 0.0197159 0.0198459
0 0.141022 0.287181 0.0301577 0.0631043 0.0198228
2 0.612622 0.498229 0.121867 0.101891 0.0195168
9 0.459428 0.0694547 0.0165653 0.0330062 0.0193751
0 0.145091 0.201987 0.0172827 0.0490289 0.0191669
5 0.222126 0.159356 0.0518083 0.094639 0.0190369
0 0.569043 0.156353 0.015142 0.0694202 0.0190298
61 0.896607 0.909579 0.184543 0.180086 0.0190072
2 0.264141 0.179805 0.016739 0.037496 0.0187914
2 0.84054 0.178008 0.0686646 0.0602836 0.0185501
0 0.712539 0.0748241 0.0174547 0.0295822 0.0182196
5 0.204046 0.133821 0.105545 0.149554 0.0181873
0 0.87394 0.160441 0.0170517 0.0464798 0.0181661
0 0.108686 0.183043 0.0138418 0.0390244 0.0180223
0 0.781583 0.147919 0.0110761 0.0311602 0.017811
2 0.843551 0.173959 0.074258 0.0673906 0.0178012
2 0.992118 0.149255 0.0149307 0.0215332 0.0177528
0 0.550169 0.164907 0.0228832 0.0580116 0.0175636
0 0.27403 0.192214 0.0255698 0.0612952 0.0174583
5 0.884015 0.113595 0.0775444 0.123858 0.0174095
2 0.844609 0.174807 0.0734732 0.0664692 0.0173565
61 0.911957 0.908608 0.144999 0.180385 0.0170924
0 0.129622 0.223108 0.0239773 0.0574913 0.0169451
0 0.140611 0.212104 0.0182302 0.0659399 0.0168251
0 0.0827779 0.185701 0.0126218 0.0386578 0.0167479
0 0.385147 0.165936 0.022683 0.0484698 0.0166236
5 0.861149 0.125639 0.0959234 0.138723 0.0165615
2 0.776888 0.334183 0.11338 0.0889316 0.0165193
0 0.150598 0.294635 0.022699 0.0556194 0.0164012
2 0.841613 0.175982 0.0664593 0.0598243 0.0163768
9 0.128022 0.0520579 0.0124653 0.0304566 0.0162483
0 0.439969 0.107378 0.0147029 0.0427336 0.0161915
9 0.464146 0.0711381 0.016832 0.0432147 0.01619
0 0.782226 0.146922 0.0122478 0.0310301 0.01609
0 0.0462532 0.308172 0.0230567 0.0936286 0.0158529
2 0.934924 0.204584 0.0620316 0.0578942 0.0158087
2 0.603946 0.496024 0.104318 0.107044 0.0157916
2 0.842848 0.174065 0.0618286 0.0537231 0.015675
0 0.3784 0.163019 0.0284319 0.0519436 0.0155268
2 0.984459 0.0904135 0.0301132 0.0384819 0.0155122
0 0.875148 0.161475 0.0173706 0.0423363 0.0154816
61 0.894082 0.909394 0.186105 0.180736 0.0152927
0 0.271409 0.183862 0.0239818 0.0466553 0.0152394
2 0.775298 0.34307 0.117872 0.0723636 0.0152157
5 0.875227 0.0814149 0.0547667 0.0579883 0.0151579
0 0.247571 0.189213 0.0147351 0.0351167 0.014837
9 0.467428 0.0776771 0.0139406 0.051137 0.0146259
2 0.21566 0.188371 0.0400404 0.0356772 0.0145955
2 0.760812 0.33665 0.0765774 0.0792853 0.0145486
2 0.607231 0.49769 0.103328 0.101948 0.0145311
2 0.842671 0.170949 0.064374 0.0648811 0.0144612
