2 0.551879 0.712798 0.235883 0.25178 0.907891
2 0.552055 0.713268 0.234226 0.249925 0.906335
2 0.55149 0.712915 0.236294 0.251486 0.900715
2 0.551969 0.714132 0.235419 0.251751 0.875129
2 0.551746 0.712999 0.235629 0.251308 0.869599
2 0.551893 0.714158 0.234946 0.250823 0.868083
2 0.443765 0.618504 0.22556 0.218314 0.867722
2 0.444143 0.61868 0.225835 0.219095 0.86468
2 0.444918 0.617963 0.225351 0.22002 0.860769
2 0.551327 0.712503 0.235813 0.250732 0.86064
2 0.444939 0.618085 0.226448 0.217473 0.860278
2 0.444144 0.618798 0.226635 0.216131 0.850074
2 0.552172 0.712734 0.235512 0.251843 0.847664
2 0.444855 0.618884 0.227349 0.219234 0.841273
2 0.444998 0.617871 0.227594 0.217339 0.832113
2 0.444577 0.618252 0.227025 0.219493 0.831044
2 0.552429 0.713846 0.235658 0.251127 0.733094
0 0.0709498 0.453576 0.037251 0.138634 0.718328
0 0.0706296 0.453855 0.0359788 0.139047 0.71255
2 0.77673 0.751452 0.230149 0.291531 0.691119
0 0.0711187 0.453239 0.0373566 0.138045 0.689091
0 0.222042 0.316142 0.036373 0.151712 0.678653
2 0.258995 0.235752 0.127986 0.0842337 0.672477
2 0.258903 0.235632 0.127382 0.0838854 0.671705
0 0.221929 0.315707 0.0373652 0.151434 0.662239
0 0.222047 0.315816 0.0365585 0.151826 0.661412
0 0.0707052 0.453918 0.0370031 0.136498 0.660416
2 0.25843 0.235606 0.127757 0.0836327 0.653083
2 0.259013 0.235687 0.127344 0.0837622 0.649674
0 0.221324 0.315678 0.0399082 0.151555 0.645595
2 0.259006 0.235766 0.127259 0.0839665 0.643068
0 0.370845 0.353266 0.0264737 0.110516 0.63635
2 0.259309 0.235798 0.128034 0.0839656 0.633086
2 0.258483 0.235697 0.127845 0.0845246 0.63096
2 0.259188 0.235799 0.127047 0.0830993 0.626001
2 0.776565 0.752258 0.229415 0.291241 0.624959
3 0.173215 0.929852 0.344685 0.13948 0.622424
2 0.776821 0.748635 0.230793 0.29567 0.618272
2 0.258557 0.235881 0.127716 0.0835402 0.615126
0 0.370637 0.353776 0.0264505 0.111065 0.609058
0 0.370601 0.352898 0.0269954 0.111323 0.608624
0 0.369887 0.355523 0.0232639 0.105504 0.607094
0 0.0325701 0.462848 0.0373234 0.142565 0.605716
2 0.776276 0.751273 0.229583 0.291215 0.602628
0 0.0327239 0.462866 0.0374688 0.143618 0.598637
0 0.369726 0.354686 0.0236518 0.108132 0.595343
0 0.0342453 0.463896 0.040747 0.142513 0.581964
2 0.258352 0.235492 0.126857 0.0845048 0.580572
0 0.340778 0.339542 0.0312058 0.103406 0.571991
0 0.341226 0.339296 0.0307295 0.103494 0.566578
2 0.776594 0.75108 0.22954 0.293963 0.565424
0 0.222011 0.315445 0.03667 0.151794 0.55912
0 0.0717232 0.453584 0.0396538 0.13883 0.554232
0 0.0343661 0.464266 0.040641 0.142114 0.549951
0 0.34013 0.340106 0.0304114 0.105127 0.549202
0 0.340253 0.339578 0.0303174 0.1046 0.548753
0 0.677246 0.374303 0.0360855 0.132125 0.546086
0 0.22197 0.31528 0.0374409 0.151863 0.524058
0 0.676914 0.374728 0.0373129 0.131973 0.523706
2 0.776385 0.74825 0.22945 0.295682 0.523099
0 0.0291242 0.463582 0.0313391 0.137813 0.513927
0 0.678255 0.374264 0.0384638 0.131967 0.513138
0 0.676833 0.374079 0.0367561 0.132674 0.510983
2 0.776205 0.751393 0.229495 0.292665 0.506595
3 0.173225 0.93073 0.34404 0.137815 0.504063
0 0.676245 0.374286 0.0338739 0.132856 0.502305
0 0.456185 0.319339 0.0323612 0.109414 0.500582
0 0.368772 0.353294 0.0245132 0.109173 0.49792
0 0.676694 0.374156 0.0360699 0.133436 0.494498
0 0.341154 0.339398 0.0303324 0.104392 0.49449
0 0.0688143 0.450902 0.0324872 0.135686 0.494457
0 0.456162 0.319493 0.0329323 0.108901 0.494193
0 0.341021 0.341329 0.0310607 0.100502 0.493337
0 0.676713 0.374341 0.0356739 0.132616 0.487291
0 0.676764 0.374242 0.0316405 0.1352 0.477263
3 0.173436 0.931027 0.344193 0.137 0.477191
2 0.258792 0.235535 0.12475 0.0854723 0.476255
2 0.715183 0.152809 0.0743485 0.0702906 0.474619
2 0.444276 0.61931 0.225558 0.222835 0.470867
3 0.173383 0.928836 0.344257 0.14141 0.470124
2 0.715913 0.152465 0.0735388 0.0703548 0.457369
0 0.341425 0.339269 0.0298278 0.102404 0.453733
0 0.0306759 0.463954 0.0338985 0.1398 0.451826
2 0.715595 0.150886 0.0741095 0.0677524 0.450001
2 0.775838 0.751878 0.228684 0.292647 0.449935
0 0.676525 0.375047 0.0324605 0.13616 0.447854
0 0.0316363 0.463769 0.0352824 0.141976 0.441722
0 0.369933 0.360583 0.0230083 0.0968426 0.428315
0 0.340403 0.339525 0.0305704 0.104368 0.423109
0 0.357204 0.184044 0.0178438 0.0594721 0.417524
0 0.676173 0.373002 0.0373636 0.130401 0.417476
0 0.0712634 0.452915 0.0395164 0.134469 0.413963
0 0.456539 0.318953 0.0335323 0.108454 0.412346
0 0.925403 0.172715 0.0317459 0.0879751 0.410538
3 0.173003 0.93008 0.343884 0.138653 0.402752
0 0.357271 0.18309 0.018067 0.0605062 0.400274
0 0.143366 0.322272 0.0302213 0.105723 0.398663
3 0.173038 0.930297 0.343958 0.13895 0.396845
0 0.357438 0.184642 0.0184422 0.0569487 0.39504
3 0.172692 0.931355 0.343291 0.13639 0.391536
0 0.924708 0.171623 0.0312897 0.0909292 0.39041
2 0.716105 0.152363 0.0737247 0.0702879 0.386603
0 0.403836 0.337288 0.0306988 0.115821 0.383448
2 0.777228 0.752396 0.231503 0.291405 0.378294
0 0.676532 0.375395 0.0369351 0.133421 0.377163
2 0.715631 0.152129 0.0736261 0.0704074 0.372131
2 0.546332 0.164943 0.060803 0.0422352 0.367124
0 0.223193 0.328631 0.0323412 0.12432 0.366212
0 0.222014 0.31625 0.0362653 0.151379 0.363943
0 0.675768 0.374071 0.0370028 0.131924 0.362665
0 0.046265 0.288799 0.0343743 0.0927023 0.359184
0 0.40389 0.338743 0.0307003 0.120389 0.354786
0 0.143107 0.322373 0.0314687 0.10604 0.353826
2 0.715825 0.152194 0.0748774 0.0697074 0.353255
0 0.926397 0.172108 0.0297047 0.0857449 0.350796
0 0.143762 0.32245 0.0289702 0.104492 0.349946
0 0.223271 0.326259 0.0328356 0.128635 0.342887
0 0.0729128 0.270863 0.0231565 0.0771708 0.339981
2 0.778026 0.750232 0.228375 0.292739 0.339144
0 0.456235 0.319305 0.0328128 0.108135 0.33844
0 0.145082 0.322268 0.0268929 0.105042 0.336534
2 0.560866 0.163774 0.0910591 0.0466829 0.334887
0 0.926547 0.172904 0.0302835 0.0821153 0.334709
2 0.561649 0.159847 0.0890953 0.0524888 0.333735
0 0.403662 0.339718 0.0312107 0.116223 0.333609
0 0.0733055 0.270735 0.0222499 0.0767943 0.331818
0 0.0445009 0.287984 0.0342953 0.0914692 0.328243
0 0.357508 0.182851 0.0182568 0.0608278 0.32439
0 0.456367 0.320303 0.0323547 0.108205 0.318159
0 0.379926 0.201419 0.0224089 0.063149 0.310036
0 0.339318 0.340389 0.0284791 0.101503 0.308648
2 0.563159 0.161952 0.0866214 0.0467136 0.308484
0 0.0709746 0.452764 0.0395579 0.137803 0.30787
0 0.404618 0.344398 0.0307013 0.102057 0.299955
0 0.404084 0.338807 0.0302388 0.119346 0.296776
0 0.0732546 0.269428 0.022207 0.0755589 0.296055
0 0.044001 0.288636 0.0319121 0.0922908 0.292445
0 0.357522 0.182971 0.018426 0.0583501 0.291245
0 0.0456123 0.285571 0.0363913 0.0854257 0.291177
0 0.143501 0.321924 0.0272961 0.104689 0.289464
0 0.370117 0.351324 0.026474 0.111427 0.287606
2 0.549681 0.165177 0.0644741 0.0418031 0.284256
0 0.0449526 0.288563 0.0344254 0.0892799 0.282344
0 0.926492 0.171385 0.0330194 0.0887274 0.28067
0 0.222763 0.329402 0.0328391 0.124132 0.280602
0 0.925025 0.171471 0.0341593 0.088024 0.2795
0 0.0457694 0.288485 0.033337 0.0930222 0.276309
0 0.923333 0.170147 0.0365677 0.0942443 0.273523
2 0.106281 0.216277 0.0593364 0.0347051 0.272157
0 0.0703812 0.453546 0.0378066 0.138927 0.268947
2 0.561218 0.163411 0.0901992 0.0461816 0.266679
0 0.342371 0.339971 0.0291868 0.105018 0.266519
2 0.552726 0.714417 0.237385 0.252983 0.263678
3 0.172496 0.930075 0.34353 0.139014 0.263628
0 0.0731959 0.269383 0.0221743 0.0741921 0.263442
2 0.71627 0.152125 0.0748789 0.0705344 0.262918
0 0.473129 0.171144 0.0232943 0.0634628 0.261756
2 0.715835 0.151825 0.0746434 0.0703568 0.260141
0 0.930081 0.17274 0.0245762 0.0817208 0.259836
0 0.0730033 0.26929 0.0224011 0.0776926 0.256298
0 0.472854 0.173895 0.0199242 0.0607089 0.254817
0 0.925445 0.172688 0.0323181 0.0859542 0.254558
2 0.102901 0.213997 0.0651936 0.0387056 0.253424
0 0.380844 0.202504 0.0239236 0.0601255 0.250355
2 0.446679 0.619905 0.228691 0.219195 0.249086
0 0.0731379 0.27067 0.0230758 0.0783614 0.247769
2 0.105197 0.215427 0.0611431 0.0351767 0.243931
2 0.54449 0.165675 0.0568188 0.041555 0.241086
0 0.403225 0.337709 0.0314292 0.116295 0.239815
0 0.0719663 0.271791 0.0251469 0.0786363 0.236193
0 0.144278 0.321872 0.0233438 0.102746 0.235535
2 0.716232 0.151667 0.0748703 0.070525 0.229582
0 0.473141 0.172313 0.0220024 0.0627978 0.218678
0 0.455764 0.325404 0.0314604 0.096825 0.217349
17 0.403893 0.338982 0.0311418 0.120073 0.216191
0 0.381628 0.202052 0.0233223 0.0596311 0.214571
0 0.456064 0.320613 0.0327174 0.106386 0.214535
2 0.046935 0.233382 0.0938699 0.0658773 0.214494
0 0.40338 0.342603 0.0321606 0.113454 0.213314
0 0.403721 0.341795 0.0319729 0.109565 0.212857
0 0.923025 0.169592 0.0387592 0.0955986 0.212094
0 0.370887 0.355015 0.0253848 0.106989 0.20815
2 0.544233 0.16611 0.0566202 0.0410092 0.207806
0 0.473527 0.170254 0.022438 0.0623507 0.206801
2 0.106106 0.216559 0.0605162 0.0353898 0.205991
0 0.358116 0.182939 0.0200207 0.0600865 0.205395
0 0.390937 0.194723 0.0173968 0.0612934 0.204207
0 0.37063 0.3533 0.0271977 0.110399 0.201947
0 0.954146 0.142709 0.0198296 0.0585496 0.20146
0 0.143438 0.321966 0.0307352 0.10436 0.200887
2 0.0451133 0.230476 0.0880203 0.0626503 0.199458
2 0.104314 0.215529 0.0631337 0.0360053 0.19907
0 0.390249 0.195664 0.0180168 0.062578 0.19819
0 0.404472 0.337527 0.0302195 0.11864 0.196152
2 0.715743 0.152291 0.0729176 0.0693449 0.193725
0 0.0683827 0.451538 0.0305918 0.135866 0.191229
0 0.390998 0.194153 0.0179677 0.0608642 0.189595
0 0.0455708 0.285733 0.0357071 0.0887642 0.183916
2 0.102327 0.208975 0.0681375 0.0507467 0.183137
2 0.544871 0.165921 0.0574757 0.0408604 0.18191
0 0.403415 0.335259 0.0296511 0.112013 0.179107
2 0.105954 0.216639 0.0614807 0.0367054 0.178009
0 0.472308 0.170107 0.0236862 0.063173 0.178003
0 0.0472243 0.279104 0.0361663 0.0826909 0.175026
2 0.106531 0.216866 0.0618836 0.0354166 0.174635
2 0.56388 0.157931 0.0860796 0.0541567 0.174444
0 0.1421 0.321282 0.0313431 0.106642 0.174426
0 0.0662355 0.451286 0.0253998 0.133494 0.173173
0 0.507985 0.38674 0.0239563 0.110322 0.1706
0 0.385698 0.19585 0.0245211 0.0627485 0.170134
2 0.775744 0.750711 0.227082 0.2927 0.168732
0 0.143847 0.317298 0.0200907 0.0934427 0.16492
0 0.508836 0.389351 0.0230713 0.103982 0.164173
0 0.473023 0.169262 0.0234974 0.062414 0.16312
46 0.0651445 0.93123 0.129999 0.136963 0.162253
2 0.0242478 0.231673 0.0484955 0.0638426 0.161693
0 0.029874 0.464337 0.0319266 0.141401 0.161634
0 0.953632 0.1399 0.0206434 0.0602945 0.161579
0 0.456147 0.322148 0.0327332 0.102352 0.160372
2 0.0263805 0.229975 0.0515729 0.0607259 0.160148
2 0.0432618 0.235244 0.0863225 0.0663331 0.159295
0 0.954196 0.146058 0.0193092 0.0535024 0.157155
0 0.0440592 0.288043 0.0330399 0.0862509 0.155167
2 0.0245834 0.230536 0.0491667 0.0600951 0.152715
2 0.0467137 0.231318 0.0894918 0.0663738 0.150362
0 0.677341 0.375118 0.0387695 0.134857 0.150172
0 0.0433994 0.288529 0.0331044 0.0887006 0.149443
2 0.10416 0.207309 0.0653596 0.0531956 0.149348
2 0.0280107 0.230789 0.0544313 0.0631107 0.148497
0 0.142589 0.322334 0.0320876 0.104946 0.147143
2 0.0473226 0.23126 0.0944749 0.0638029 0.147021
2 0.776599 0.743477 0.23147 0.307153 0.146344
0 0.456324 0.319967 0.0334765 0.107599 0.146339
0 0.0715883 0.264614 0.0241772 0.0675853 0.140938
3 0.173328 0.93015 0.3458 0.139137 0.140712
3 0.193071 0.961914 0.304948 0.0756767 0.140504
0 0.222576 0.331192 0.0319335 0.118952 0.139257
0 0.378702 0.204694 0.0217861 0.0584873 0.139005
2 0.561439 0.15001 0.0912381 0.0712684 0.138396
3 0.172911 0.931364 0.34457 0.136283 0.137149
2 0.0253424 0.23409 0.0501881 0.0522931 0.13546
2 0.543992 0.165874 0.0564047 0.0408136 0.134711
0 0.383304 0.195665 0.0174739 0.0559808 0.134348
0 0.189218 0.165298 0.0230282 0.0577569 0.134274
0 0.341204 0.340437 0.031271 0.105644 0.134231
0 0.384944 0.198548 0.024728 0.0642917 0.132946
0 0.390692 0.192992 0.0187571 0.0593898 0.132843
2 0.543542 0.166299 0.0561521 0.0411448 0.132651
0 0.341006 0.339915 0.0283036 0.104813 0.129397
2 0.562394 0.150479 0.0894234 0.070244 0.127581
0 0.934219 0.171718 0.0181286 0.0761409 0.127349
2 0.774485 0.749206 0.225151 0.291696 0.126228
2 0.0493602 0.248574 0.0809778 0.0565902 0.125745
2 0.66081 0.160557 0.0433538 0.0397299 0.124976
2 0.0239485 0.23264 0.0478486 0.0603895 0.123359
0 0.474291 0.170919 0.0214617 0.0607952 0.123228
2 0.171352 0.20435 0.0594743 0.0332151 0.122624
0 0.3907 0.197282 0.0167278 0.0609215 0.122575
0 0.509454 0.405413 0.0281664 0.14822 0.119399
0 0.508797 0.405664 0.0256102 0.148673 0.118329
2 0.107925 0.216667 0.0584611 0.0350832 0.117913
0 0.0733133 0.268844 0.0228262 0.0764941 0.117448
2 0.565511 0.149492 0.0840292 0.0720644 0.117294
2 0.54412 0.165128 0.0547007 0.0409822 0.117045
0 0.40273 0.346415 0.0317032 0.108482 0.115498
2 0.663638 0.158192 0.0503607 0.0446274 0.11548
0 0.509612 0.402322 0.0241732 0.128991 0.114896
0 0.189202 0.16475 0.02264 0.05674 0.11431
2 0.661867 0.159845 0.0464663 0.0409732 0.114228
0 0.455965 0.327036 0.0333327 0.0937083 0.111489
0 0.508649 0.381781 0.0210912 0.0971188 0.111431
0 0.368007 0.352219 0.020719 0.106753 0.110923
0 0.0448684 0.286637 0.0465737 0.092227 0.110178
3 0.193077 0.961888 0.304261 0.0751217 0.109619
0 0.058807 0.270839 0.022138 0.0779643 0.109537
2 0.832151 0.14817 0.06495 0.0677845 0.108613
2 0.172356 0.203243 0.0547355 0.0328775 0.108444
0 0.508961 0.406316 0.0356518 0.148196 0.107383
0 0.189601 0.16468 0.022187 0.0588645 0.106705
2 0.543067 0.16605 0.0546303 0.0409903 0.105954
2 0.714919 0.1525 0.0720299 0.0704976 0.101134
2 0.0468687 0.23151 0.0932607 0.0647659 0.101052
2 0.830198 0.155937 0.0629778 0.064209 0.100093
2 0.830673 0.15194 0.0645111 0.0685109 0.099198
2 0.172409 0.204277 0.0547293 0.0326279 0.0986514
2 0.831785 0.151008 0.0628551 0.0778988 0.0979848
0 0.456347 0.32349 0.0338403 0.100768 0.0977506
0 0.0581908 0.263742 0.0217809 0.0696812 0.0975943
2 0.0244055 0.232872 0.0488013 0.0652338 0.0965735
46 0.0648329 0.931444 0.129284 0.136578 0.0963561
0 0.509853 0.406503 0.0313038 0.146976 0.0958234
0 0.370887 0.3627 0.0208475 0.0936842 0.0949973
17 0.403306 0.340742 0.032428 0.118949 0.0949387
0 0.142705 0.310934 0.0182788 0.0819519 0.0942583
2 0.174083 0.205623 0.0528289 0.0308407 0.0941834
2 0.659919 0.159423 0.0430287 0.0423233 0.0930105
0 0.993781 0.112307 0.0114763 0.0755877 0.0927957
0 0.922718 0.172335 0.0344955 0.0818395 0.0923323
2 0.0241201 0.235943 0.0482401 0.0493893 0.0920838
2 0.831799 0.15221 0.0643269 0.0642969 0.0917079
