2 0.49916 0.325171 0.118616 0.0520508 0.865199
2 0.499467 0.322334 0.118664 0.0482815 0.842489
2 0.498928 0.324416 0.119023 0.0518679 0.794293
0 0.0646893 0.616266 0.0396101 0.127963 0.781656
0 0.0642323 0.616105 0.0394666 0.127615 0.78165
2 0.500205 0.323695 0.117322 0.0521495 0.777176
2 0.499831 0.323871 0.116777 0.0507706 0.769589
2 0.499673 0.32414 0.116709 0.0511817 0.763983
0 0.0647709 0.613954 0.0391998 0.131306 0.742049
2 0.500433 0.325088 0.116884 0.0536862 0.734136
0 0.0642691 0.614415 0.0392857 0.130726 0.719911
0 0.0641326 0.614247 0.0396363 0.132628 0.715817
2 0.47403 0.285662 0.0830392 0.0511833 0.714438
0 0.119908 0.615325 0.0392778 0.127249 0.714331
0 0.0646743 0.614521 0.0392094 0.132592 0.713338
0 0.119274 0.617934 0.0352593 0.119859 0.710367
0 0.120046 0.615273 0.0392479 0.127724 0.701892
0 0.119494 0.615678 0.0377576 0.127166 0.695002
0 0.0646253 0.614415 0.0382721 0.132074 0.684615
0 0.0647499 0.614067 0.0392448 0.132576 0.684094
2 0.500269 0.324502 0.118914 0.0529297 0.641967
0 0.119249 0.616004 0.037171 0.12581 0.639782
0 0.15174 0.621231 0.0307787 0.107333 0.636784
0 0.119434 0.615271 0.0384481 0.1272 0.6247
0 0.11846 0.618164 0.0336387 0.119806 0.613447
2 0.474967 0.28583 0.0845442 0.0508323 0.613254
0 0.366482 0.628656 0.031983 0.123622 0.603461
2 0.4737 0.285686 0.0824514 0.0518866 0.599466
0 0.151519 0.621192 0.0309335 0.107123 0.594518
0 0.151775 0.621634 0.0316665 0.106837 0.567098
2 0.473454 0.286034 0.0832339 0.052584 0.564301
0 0.118427 0.616568 0.0343621 0.125412 0.564025
2 0.500085 0.32453 0.117057 0.0515104 0.547451
0 0.151227 0.622372 0.0311734 0.105305 0.544985
0 0.0645784 0.616496 0.0392454 0.128261 0.54105
2 0.475231 0.286014 0.0847692 0.0509686 0.528136
0 0.366622 0.630032 0.0313966 0.126699 0.524234
0 0.119166 0.620488 0.0352108 0.117067 0.522113
2 0.474033 0.286148 0.0832356 0.0522217 0.519881
0 0.150824 0.621458 0.0305735 0.10642 0.516329
0 0.366528 0.631355 0.0313396 0.129351 0.501024
0 0.366607 0.625895 0.0319913 0.117522 0.488785
2 0.831394 0.21849 0.049342 0.0263662 0.478615
0 0.150265 0.621791 0.031429 0.105732 0.473819
2 0.47201 0.284833 0.0782919 0.052764 0.469053
0 0.151074 0.622581 0.0318466 0.1049 0.467843
2 0.501142 0.324114 0.114736 0.0513727 0.467693
2 0.190027 0.293531 0.0685268 0.0557251 0.46767
0 0.366788 0.628183 0.0304499 0.117168 0.467254
0 0.151623 0.621239 0.0304773 0.107392 0.462173
2 0.471597 0.28558 0.0791399 0.0515799 0.457569
2 0.189524 0.292779 0.0676146 0.0569089 0.450395
2 0.797382 0.231031 0.0510307 0.0609079 0.43514
0 0.0649577 0.616121 0.0400207 0.129671 0.432369
2 0.190444 0.293467 0.067525 0.0563083 0.430378
2 0.501295 0.323647 0.114875 0.0502926 0.430108
0 0.151432 0.622345 0.0288238 0.102559 0.423464
2 0.830213 0.218394 0.0522676 0.026349 0.419497
2 0.797088 0.230912 0.0501719 0.0605812 0.406926
0 0.36681 0.629687 0.0316094 0.123818 0.40112
2 0.1892 0.292292 0.0680445 0.0565602 0.399004
2 0.798566 0.239637 0.0496113 0.0446847 0.389504
2 0.497931 0.323717 0.113397 0.050758 0.377933
0 0.366559 0.633289 0.0312737 0.133987 0.377595
2 0.797142 0.231438 0.0500011 0.0591193 0.374602
2 0.561044 0.299291 0.0874586 0.0528442 0.368792
2 0.565304 0.299397 0.0801934 0.0529194 0.361438
0 0.118363 0.620468 0.0332518 0.115887 0.360349
2 0.830161 0.217762 0.0535326 0.0260287 0.351052
2 0.188999 0.293096 0.0682 0.0560769 0.350312
2 0.79739 0.230714 0.0498566 0.060156 0.347509
0 0.366642 0.626566 0.0322043 0.118637 0.340029
2 0.561298 0.300901 0.0883305 0.0539077 0.327319
2 0.278845 0.323699 0.117887 0.0650552 0.32521
2 0.474225 0.285928 0.0842813 0.0511761 0.323243
2 0.190505 0.292393 0.0681955 0.057051 0.319284
2 0.189254 0.293636 0.0673306 0.0547865 0.315192
2 0.560324 0.301657 0.0909758 0.0542613 0.311572
2 0.0952503 0.30644 0.0356525 0.0456954 0.308846
2 0.189254 0.293303 0.0677846 0.057281 0.307537
2 0.797791 0.23646 0.0495123 0.0511151 0.307478
2 0.797617 0.232173 0.0500532 0.0608042 0.296262
2 0.561044 0.30144 0.0883553 0.0543851 0.290677
2 0.189342 0.293694 0.0670717 0.0563126 0.289958
2 0.093173 0.30559 0.0409202 0.0455904 0.284521
2 0.562764 0.300683 0.0809999 0.0543394 0.282928
2 0.0966018 0.305951 0.0329669 0.0440338 0.282797
0 0.151699 0.621634 0.0317979 0.104722 0.281442
2 0.0968375 0.305975 0.0325417 0.0447156 0.281129
2 0.611663 0.286235 0.0577833 0.0466885 0.276286
2 0.831153 0.219658 0.0528788 0.0273494 0.272721
2 0.561877 0.300607 0.0855826 0.0527793 0.270434
2 0.79706 0.23157 0.0513943 0.0603179 0.266856
2 0.801311 0.242023 0.0448542 0.0403572 0.26118
5 0.0352225 0.281089 0.0704449 0.148922 0.259855
2 0.279025 0.323579 0.118261 0.0651638 0.259608
2 0.0969211 0.304919 0.0335558 0.0448649 0.25805
2 0.0967761 0.306913 0.0324326 0.0444705 0.257927
2 0.473439 0.286204 0.0819494 0.0523891 0.256341
2 0.279043 0.319715 0.117855 0.0703814 0.245997
0 0.149894 0.620961 0.0306335 0.104117 0.240726
2 0.609149 0.288249 0.0645411 0.0472968 0.238376
2 0.5598 0.302804 0.0895908 0.0526226 0.231187
2 0.564052 0.300791 0.0849833 0.0525237 0.230567
2 0.278367 0.323625 0.118196 0.0642683 0.2211
2 0.829807 0.218541 0.0528286 0.027901 0.218566
2 0.506685 0.324139 0.102779 0.050635 0.218538
2 0.830996 0.219909 0.052791 0.0272448 0.212127
2 0.797852 0.240939 0.0486338 0.0430377 0.204039
2 0.569521 0.29977 0.0718564 0.0517323 0.203964
2 0.279011 0.320955 0.1182 0.0688537 0.201859
2 0.0974647 0.305051 0.032178 0.0434243 0.200581
0 0.0643179 0.613885 0.0384922 0.129491 0.199092
2 0.610354 0.274863 0.0552747 0.0247664 0.197687
2 0.0921881 0.305316 0.0419509 0.0457357 0.197632
2 0.188691 0.292556 0.068415 0.0561635 0.19755
2 0.27849 0.322335 0.119759 0.066607 0.197065
0 0.152657 0.625539 0.0253268 0.0956082 0.191333
2 0.609947 0.274124 0.0557259 0.0268375 0.186819
2 0.329162 0.279504 0.0612137 0.0532831 0.185875
2 0.56153 0.298656 0.0849596 0.0557784 0.185284
2 0.279348 0.321584 0.118449 0.0674991 0.185076
2 0.796953 0.230765 0.0492923 0.0609546 0.182623
2 0.282153 0.314512 0.125964 0.0827989 0.18237
0 0.367088 0.63004 0.0297083 0.1267 0.178998
5 0.0352134 0.28081 0.0698242 0.141263 0.178109
2 0.329644 0.277299 0.0573751 0.0468015 0.174104
5 0.0359584 0.293128 0.0708458 0.115707 0.172789
2 0.609802 0.283282 0.0567856 0.0416398 0.170067
0 0.264368 0.280091 0.0236192 0.0580925 0.167811
2 0.328863 0.28264 0.0615886 0.0587229 0.167795
0 0.747654 0.26507 0.0202303 0.048716 0.165445
2 0.609985 0.275187 0.0554358 0.0249618 0.164009
2 0.190569 0.293195 0.068707 0.0558403 0.156593
0 0.754477 0.261045 0.0159704 0.0454003 0.156134
2 0.891965 0.225491 0.0694927 0.0506557 0.15425
2 0.610564 0.27801 0.0568178 0.0321898 0.15407
2 0.804542 0.230669 0.063135 0.0610959 0.151746
0 0.366969 0.630944 0.0303141 0.130844 0.150786
0 0.746459 0.263744 0.0172112 0.0470844 0.150301
0 0.747559 0.266082 0.0230398 0.0518146 0.149661
5 0.0355601 0.28016 0.0711203 0.144192 0.149248
2 0.328844 0.280729 0.0615954 0.0546786 0.149102
5 0.0359577 0.291944 0.0718378 0.121424 0.142579
0 0.11763 0.617712 0.032553 0.117777 0.141727
2 0.474429 0.285273 0.0844889 0.0519956 0.138576
2 0.0947098 0.305342 0.0397354 0.0433158 0.137578
2 0.609665 0.288385 0.0644827 0.0474142 0.13663
0 0.753607 0.254817 0.0146669 0.0322559 0.134018
0 0.365942 0.633853 0.0331567 0.135146 0.132367
5 0.0358155 0.280149 0.0716309 0.143484 0.131678
2 0.801959 0.243845 0.04079 0.036942 0.129144
0 0.277491 0.288415 0.0524083 0.076798 0.127402
2 0.328292 0.284663 0.06243 0.0602273 0.125819
0 0.971597 0.238224 0.0192423 0.05507 0.125116
2 0.186845 0.29468 0.0625692 0.0524525 0.123301
5 0.0353881 0.280871 0.0707761 0.141979 0.122728
2 0.611371 0.276385 0.0564723 0.027168 0.122515
0 0.754315 0.262619 0.0175549 0.0467256 0.122164
0 0.289658 0.290348 0.0256097 0.0590381 0.121538
0 0.192697 0.244314 0.0147205 0.0382671 0.121261
0 0.971039 0.236874 0.020953 0.0560059 0.119045
0 0.1941 0.245771 0.0162314 0.0369961 0.118944
5 0.0349731 0.279175 0.0697753 0.144865 0.11795
0 0.264511 0.273436 0.0233748 0.0466572 0.11689
2 0.0907167 0.305984 0.045981 0.0476156 0.114324
0 0.981609 0.239414 0.0252079 0.054601 0.113401
0 0.981586 0.239576 0.0274838 0.0535673 0.111803
2 0.329719 0.273691 0.0560161 0.0394078 0.110892
2 0.279311 0.312044 0.119897 0.0881415 0.110821
5 0.0352136 0.278553 0.0702839 0.146436 0.110425
0 0.118951 0.617312 0.0348032 0.124078 0.107633
0 0.9731 0.238863 0.0205475 0.055012 0.106506
0 0.150965 0.621385 0.0306427 0.102844 0.105725
0 0.749993 0.261851 0.0213745 0.0465196 0.105629
2 0.892516 0.224629 0.0700436 0.0531075 0.104932
5 0.0356936 0.27921 0.0713871 0.146056 0.10461
5 0.0359913 0.279964 0.0719826 0.14956 0.104337
2 0.0915066 0.306251 0.0448113 0.0493673 0.103808
0 0.282194 0.292195 0.0418899 0.0678926 0.103699
2 0.892114 0.224828 0.0707912 0.0518119 0.101661
2 0.57179 0.29353 0.0732475 0.0463828 0.0993444
2 0.891616 0.22295 0.0676283 0.048958 0.0989512
2 0.261685 0.309982 0.0832638 0.0455334 0.0983505
2 0.610577 0.282146 0.0588734 0.040656 0.0975156
0 0.983204 0.238544 0.0273809 0.0521113 0.0948457
2 0.791264 0.231693 0.0406778 0.0569726 0.0947467
2 0.891923 0.227216 0.0708286 0.0509744 0.092927
0 0.246382 0.262571 0.01192 0.0260307 0.0917524
2 0.32927 0.270377 0.0570797 0.03321 0.0909156
2 0.328774 0.286046 0.0600756 0.0634531 0.0906238
0 0.930712 0.238645 0.012373 0.0310281 0.0902465
2 0.330122 0.280024 0.0572862 0.0508743 0.090047
5 0.035503 0.281961 0.0710061 0.148081 0.0891754
2 0.195617 0.29288 0.0546154 0.0547738 0.0890626
7 0.0357288 0.29237 0.0714576 0.0956036 0.0884927
2 0.831004 0.216509 0.0500698 0.0290383 0.0883478
2 0.79654 0.230328 0.0502797 0.0597825 0.0876255
0 0.990699 0.236681 0.0175785 0.0541906 0.0865272
2 0.283415 0.3123 0.126491 0.0859119 0.0853627
2 0.563166 0.310177 0.0749355 0.0382644 0.083788
2 0.892771 0.225371 0.0719456 0.0507103 0.083759
2 0.904593 0.205077 0.0260391 0.0172191 0.0826143
0 0.366985 0.624125 0.0305192 0.107306 0.0804538
0 0.247172 0.263015 0.0131342 0.0266485 0.0797356
2 0.0913409 0.306962 0.0446666 0.0492797 0.0790044
2 0.89193 0.225498 0.0680811 0.0460217 0.0782663
0 0.281602 0.293208 0.0428607 0.0677362 0.0779646
0 0.752822 0.264664 0.0224333 0.0486777 0.0764702
2 0.893729 0.225046 0.0729403 0.0515876 0.0755154
2 0.609599 0.282513 0.0624272 0.0465469 0.075404
2 0.277567 0.321762 0.116962 0.0634917 0.0747148
2 0.796673 0.229045 0.0488625 0.0590773 0.073501
0 0.726516 0.264426 0.026775 0.0360326 0.0726082
0 0.991311 0.236668 0.0163128 0.0517255 0.0721698
2 0.829389 0.217284 0.0526886 0.0286612 0.0709995
2 0.329242 0.273966 0.0583278 0.0430077 0.0708525
0 0.0815037 0.196964 0.0140502 0.0327291 0.070784
2 0.618064 0.29845 0.0271317 0.0271768 0.0704805
2 0.6509 0.983308 0.201767 0.0327951 0.069092
5 0.0360235 0.298128 0.0719132 0.110948 0.068924
2 0.282406 0.305956 0.127993 0.0927659 0.0681273
0 0.930247 0.236042 0.0118301 0.0277525 0.0676882
2 0.802921 0.227176 0.0596821 0.052068 0.0659995
0 0.264211 0.270966 0.0188962 0.0411244 0.0658367
0 0.263857 0.274206 0.0233244 0.047008 0.0651776
0 0.0800603 0.195964 0.0147811 0.0336231 0.0645433
2 0.571977 0.297934 0.100423 0.0530406 0.0636874
2 0.264292 0.292803 0.0800386 0.0729128 0.0620907
2 0.893273 0.206867 0.0548687 0.020435 0.0609056
2 0.830697 0.217378 0.0509499 0.0278564 0.0598948
0 0.991738 0.234687 0.0157604 0.0532882 0.0569825
2 0.891962 0.226309 0.0692688 0.0488064 0.0557505
0 0.290634 0.281266 0.0234704 0.0388934 0.0554572
0 0.148374 0.621087 0.0281098 0.111699 0.0550838
0 0.434513 0.605345 0.0179695 0.111518 0.0541145
0 0.26562 0.278401 0.0254443 0.0551921 0.0527429
0 0.256613 0.288642 0.0411076 0.0773946 0.0526482
2 0.618549 0.292072 0.0322969 0.0400439 0.0521806
0 0.971694 0.235083 0.0190573 0.055203 0.0520186
2 0.653888 0.983474 0.200789 0.0324295 0.052016
2 0.511035 0.322854 0.0951696 0.0493076 0.0514204
1 0.726502 0.267201 0.0253175 0.0324461 0.0505066
0 0.989342 0.237578 0.0207394 0.0548394 0.0492625
2 0.276108 0.321791 0.124091 0.0645327 0.0488797
2 0.189782 0.293331 0.0688008 0.0581824 0.0487802
0 0.76989 0.268993 0.0317307 0.0328659 0.0487297
2 0.815656 0.218879 0.0813977 0.0396674 0.0484621
0 0.992587 0.22874 0.0141483 0.04425 0.047588
0 0.970369 0.236407 0.0273529 0.0550869 0.0468171
9 0.719902 0.201443 0.0170883 0.0277832 0.0463359
0 0.19231 0.24267 0.0124149 0.0388671 0.0460366
2 0.62043 0.288988 0.0396244 0.0451984 0.04599
2 0.26747 0.323474 0.0967919 0.0608794 0.0459307
0 0.311583 0.290942 0.0272938 0.0604243 0.0458775
0 0.0452393 0.228196 0.0178869 0.0422157 0.0453815
0 0.779352 0.23553 0.0223307 0.0569737 0.0453678
2 0.276429 0.290872 0.0551476 0.0748744 0.0447731
2 0.278541 0.309037 0.0477132 0.0386892 0.0447308
0 0.772595 0.26907 0.0276314 0.0324218 0.0446756
2 0.328984 0.2702 0.0570192 0.0347357 0.0438882
0 0.756913 0.262813 0.0263373 0.0443928 0.0436402
2 0.802435 0.227483 0.0471231 0.042417 0.0433731
2 0.797698 0.228683 0.0492559 0.0587066 0.042703
2 0.557432 0.302117 0.0878963 0.0550628 0.0424828
2 0.556379 0.308907 0.0877983 0.0420369 0.0419883
2 0.327793 0.288208 0.0596865 0.0672762 0.0417549
2 0.569701 0.299072 0.072791 0.0535747 0.0410207
2 0.279214 0.326615 0.121241 0.0554045 0.0406733
2 0.270998 0.326725 0.103699 0.0559405 0.0400056
2 0.655307 0.98349 0.201918 0.0323961 0.0398761
0 0.434504 0.606752 0.0177076 0.113583 0.0398292
0 0.189823 0.238115 0.0115884 0.0284099 0.0384733
1 0.725276 0.268378 0.0257785 0.0342117 0.0384359
2 0.329133 0.271561 0.0566144 0.0361904 0.0380556
0 0.0185498 0.190925 0.0112879 0.0299068 0.0373352
2 0.881014 0.228217 0.0479122 0.0500666 0.0372116
9 0.00624865 0.299136 0.0124642 0.0513606 0.0371238
1 0.769166 0.269908 0.0342244 0.0325943 0.0370491
2 0.47126 0.286373 0.0788076 0.052416 0.0368467
0 0.890191 0.401015 0.0131536 0.0352178 0.0367386
0 0.740659 0.266923 0.0174104 0.0491031 0.036686
1 0.727534 0.268398 0.0282301 0.0393483 0.0364699
2 0.65043 0.982786 0.211166 0.0339035 0.0364299
9 0.720621 0.202764 0.0182351 0.0280033 0.036056
2 0.573109 0.296388 0.0669659 0.045785 0.0357579
0 0.960142 0.236745 0.0127066 0.0425223 0.0355761
0 0.890111 0.401435 0.0142279 0.0350266 0.0346658
0 0.282116 0.287753 0.0415623 0.0611965 0.0331362
2 0.616807 0.298842 0.0248089 0.0282275 0.0324813
2 0.325308 0.287422 0.0551489 0.0669914 0.032208
0 0.240516 0.26325 0.0121783 0.0253275 0.0316219
0 0.321201 0.288982 0.0480374 0.0673828 0.0314699
0 0.366577 0.61649 0.0315405 0.0985256 0.0313618
2 0.60739 0.275341 0.0602501 0.0359346 0.0311656
0 0.0451882 0.227325 0.0171758 0.040663 0.0308648
2 0.0936795 0.30485 0.0428174 0.044938 0.0304938
2 0.560992 0.312174 0.0717306 0.0338799 0.0304676
0 0.783687 0.225889 0.0206232 0.0528573 0.0299517
2 0.278391 0.334278 0.117318 0.0399808 0.0298661
