2 0.923745 0.521315 0.151197 0.14348 0.848874
2 0.92353 0.521761 0.152008 0.14337 0.821631
2 0.811821 0.515812 0.129145 0.137968 0.819555
2 0.508924 0.267651 0.0528482 0.063883 0.815397
2 0.811681 0.515306 0.129147 0.137923 0.811944
2 0.507766 0.267666 0.0510313 0.0644955 0.793513
2 0.923645 0.521759 0.152034 0.142887 0.789139
2 0.668686 0.371543 0.0939659 0.0909006 0.788279
2 0.923948 0.521096 0.151572 0.143098 0.781797
2 0.668762 0.369685 0.0925913 0.087957 0.778338
2 0.811714 0.515564 0.12865 0.137997 0.778019
2 0.668893 0.370044 0.0923738 0.0881714 0.768613
2 0.92397 0.521519 0.151314 0.142296 0.767356
2 0.668902 0.370249 0.0932732 0.0874744 0.766817
2 0.811435 0.51545 0.129671 0.138354 0.761362
2 0.668649 0.369547 0.0924589 0.0884253 0.761209
2 0.923898 0.520986 0.151428 0.145355 0.76119
2 0.811795 0.515684 0.128187 0.138986 0.759279
2 0.811682 0.515355 0.128507 0.13852 0.758178
2 0.668343 0.369713 0.0928791 0.0880948 0.755878
2 0.69922 0.333592 0.0791929 0.0815999 0.754953
2 0.811462 0.515783 0.130301 0.138039 0.754065
2 0.823617 0.385261 0.114426 0.0920803 0.748857
2 0.823325 0.385455 0.114246 0.0918086 0.747647
2 0.700151 0.332654 0.0790087 0.0800378 0.730312
2 0.823632 0.38498 0.113876 0.0923241 0.728933
2 0.507892 0.26782 0.0510145 0.0634308 0.726308
2 0.923697 0.522168 0.151743 0.141596 0.721747
2 0.81175 0.51612 0.129862 0.137977 0.718501
2 0.811616 0.516149 0.129316 0.137578 0.716268
2 0.507672 0.268563 0.051377 0.0627731 0.711781
2 0.823465 0.384655 0.114436 0.0934865 0.711617
2 0.507517 0.267928 0.050567 0.0650288 0.708001
2 0.507904 0.267567 0.0508116 0.0655928 0.703864
2 0.811812 0.515434 0.128643 0.138646 0.702134
2 0.923534 0.522723 0.152257 0.141285 0.700276
2 0.8232 0.384942 0.114318 0.0933359 0.697041
2 0.823295 0.38427 0.114568 0.0930396 0.689654
2 0.507544 0.267217 0.0512177 0.0643406 0.686851
2 0.823847 0.385432 0.113742 0.0920416 0.683197
2 0.898679 0.176579 0.0591326 0.0389699 0.670921
2 0.507654 0.268214 0.0517479 0.063888 0.66914
2 0.922729 0.522647 0.153576 0.140943 0.665143
2 0.700162 0.333698 0.0787238 0.0803214 0.661558
2 0.699859 0.333235 0.0800311 0.0796908 0.660644
2 0.823995 0.385702 0.113103 0.0911659 0.658677
2 0.899517 0.176661 0.0578449 0.0386257 0.656884
2 0.899924 0.176583 0.0571198 0.0386955 0.63355
2 0.898862 0.176616 0.058345 0.038866 0.63299
2 0.700021 0.332949 0.0789633 0.080603 0.622818
2 0.811869 0.515649 0.128102 0.139315 0.621361
2 0.287095 0.22129 0.0487983 0.0402662 0.60186
2 0.507327 0.268345 0.0517036 0.0630051 0.58958
2 0.89914 0.17662 0.058197 0.0388214 0.585562
2 0.220962 0.222317 0.06288 0.0557937 0.579092
2 0.899358 0.177148 0.0582268 0.0390898 0.578779
5 0.187356 0.200923 0.169519 0.0785487 0.567003
2 0.952632 0.47157 0.0936169 0.11132 0.562726
2 0.221428 0.222459 0.0624823 0.0544365 0.561931
2 0.823636 0.384736 0.11343 0.0935273 0.555652
2 0.668261 0.370393 0.0927588 0.0885374 0.542441
2 0.953094 0.472964 0.0933418 0.113391 0.538808
2 0.593172 0.271421 0.0673308 0.0800174 0.53017
2 0.22107 0.222013 0.0625786 0.0545697 0.528702
2 0.59307 0.271247 0.0681892 0.0802619 0.527434
2 0.89829 0.176967 0.0574949 0.0403448 0.526528
2 0.221428 0.222221 0.0630266 0.0550481 0.524817
2 0.592619 0.271381 0.0687328 0.0804977 0.524598
2 0.899185 0.176576 0.0583046 0.0394022 0.513677
2 0.952705 0.471395 0.0936974 0.111882 0.50183
5 0.187575 0.200546 0.170651 0.0809692 0.501046
2 0.953127 0.472637 0.0933071 0.112644 0.500875
5 0.186257 0.199929 0.168758 0.0790646 0.496415
2 0.286792 0.221022 0.0485255 0.0395175 0.495125
2 0.593028 0.271057 0.067376 0.0801569 0.469955
2 0.286612 0.22066 0.0488424 0.0392943 0.469682
2 0.822967 0.383952 0.115042 0.0936584 0.463009
2 0.509345 0.217424 0.0355715 0.0346198 0.462478
5 0.188892 0.201058 0.171899 0.0779493 0.46226
2 0.95294 0.472066 0.0933214 0.112143 0.46181
2 0.286577 0.219976 0.0487274 0.0374165 0.454516
2 0.699878 0.333638 0.078952 0.0809017 0.442805
2 0.953353 0.471571 0.0927952 0.111077 0.441156
2 0.952954 0.471974 0.0932455 0.112237 0.434258
2 0.510109 0.218209 0.034828 0.0356545 0.42183
2 0.454151 0.162054 0.0236383 0.0247351 0.420135
2 0.699674 0.33286 0.0782434 0.0805446 0.414717
2 0.668898 0.369805 0.0935652 0.0862972 0.41406
2 0.95281 0.471248 0.0933788 0.110129 0.412428
2 0.69971 0.332298 0.079973 0.0834855 0.405404
3 0.357993 0.317179 0.0334912 0.0414683 0.386802
9 0.597762 0.0981545 0.016857 0.0251799 0.384288
2 0.952204 0.193271 0.0411251 0.0366786 0.379673
2 0.593341 0.271066 0.0684966 0.0787448 0.379236
2 0.221227 0.222612 0.0626833 0.0547196 0.374743
2 0.700173 0.331977 0.0780762 0.0784607 0.374638
2 0.291713 0.25369 0.0421003 0.0506056 0.373776
2 0.951744 0.192913 0.0405685 0.0370084 0.36958
5 0.14724 0.199685 0.0906047 0.0734811 0.368332
2 0.220817 0.222638 0.0625269 0.0526563 0.360918
2 0.291272 0.253181 0.0414862 0.0511211 0.359424
2 0.221193 0.221976 0.0629273 0.0541035 0.355286
3 0.358087 0.313717 0.0348488 0.048335 0.350922
2 0.287271 0.220591 0.0485428 0.0388718 0.346176
5 0.185927 0.200038 0.168092 0.0761101 0.344159
2 0.509704 0.217631 0.0346062 0.0340052 0.334058
2 0.511194 0.221189 0.0370406 0.0409886 0.317931
2 0.291265 0.252489 0.0429642 0.0501611 0.311283
2 0.286032 0.221974 0.0480007 0.0405615 0.307448
2 0.953219 0.19138 0.0454987 0.0399901 0.300067
2 0.508466 0.268205 0.0522766 0.0652374 0.299539
2 0.952075 0.193234 0.0414579 0.0369971 0.299502
2 0.824234 0.386221 0.113315 0.0908347 0.299168
5 0.148316 0.20018 0.0912992 0.0751256 0.294695
2 0.66882 0.370015 0.0951016 0.0887357 0.293575
2 0.952778 0.192464 0.0455019 0.0370916 0.288834
2 0.951399 0.193443 0.0406261 0.0366986 0.288814
2 0.510642 0.219051 0.0344401 0.0373592 0.286885
2 0.593502 0.270727 0.0677521 0.0786985 0.280594
9 0.508411 0.0563244 0.0151 0.0180964 0.270084
2 0.291799 0.25441 0.0430083 0.0512198 0.268233
5 0.18617 0.19795 0.167006 0.082193 0.266598
2 0.591277 0.271634 0.0705999 0.081915 0.266417
2 0.811416 0.515552 0.127736 0.138585 0.263305
3 0.981187 0.212084 0.0370808 0.0419423 0.261292
5 0.183285 0.199776 0.162667 0.0782349 0.25881
2 0.288631 0.221147 0.0462584 0.0405045 0.256205
2 0.221385 0.222154 0.0632845 0.0545806 0.254508
2 0.951196 0.192616 0.0411488 0.0377919 0.254151
3 0.358244 0.318552 0.033729 0.0392169 0.252342
0 0.359651 0.297062 0.0296966 0.0440595 0.250549
2 0.426493 0.161513 0.0261074 0.023994 0.247856
2 0.976523 0.310437 0.0459278 0.122758 0.245913
2 0.595458 0.271251 0.0642961 0.0792247 0.245508
3 0.357859 0.320338 0.0312957 0.035874 0.24527
2 0.427386 0.159895 0.026969 0.0271025 0.244635
2 0.898502 0.176383 0.057539 0.0379056 0.242926
2 0.899065 0.176717 0.0574436 0.0398963 0.241579
5 0.361501 0.150007 0.0408326 0.0612867 0.240251
2 0.454513 0.161741 0.0237801 0.0256395 0.239677
2 0.426719 0.162421 0.0253878 0.0236712 0.23901
2 0.953218 0.192954 0.0446232 0.037685 0.236681
9 0.597876 0.0973407 0.0167646 0.0254298 0.235514
0 0.360791 0.296315 0.0274694 0.0424997 0.23375
2 0.700745 0.333491 0.078756 0.0793181 0.232933
2 0.595304 0.271235 0.0640848 0.0784296 0.229127
2 0.291585 0.254169 0.0420027 0.0500739 0.228276
2 0.287361 0.220767 0.0485209 0.039396 0.227837
9 0.605123 0.142364 0.0135345 0.0287872 0.22692
3 0.358447 0.30752 0.0334287 0.0608476 0.221965
2 0.291315 0.253333 0.0419662 0.0506246 0.220797
5 0.147745 0.199858 0.0913463 0.0760456 0.216495
2 0.220642 0.222771 0.063047 0.0555588 0.215166
2 0.899037 0.176491 0.0576283 0.0387836 0.214597
2 0.220961 0.222671 0.0625761 0.0552168 0.21217
5 0.361076 0.150149 0.0378814 0.0575809 0.211698
5 0.14701 0.200021 0.0897058 0.0744023 0.210108
2 0.291471 0.25415 0.0406285 0.0498098 0.205545
2 0.668847 0.36954 0.0925768 0.0865215 0.202996
2 0.292599 0.253216 0.0416119 0.0491799 0.202819
2 0.511698 0.219445 0.0358665 0.0370265 0.198107
2 0.897525 0.176306 0.0578754 0.0385389 0.195486
2 0.976669 0.312184 0.0459663 0.108573 0.194085
2 0.976514 0.305601 0.0458672 0.130606 0.194019
2 0.510156 0.217729 0.0371257 0.0359168 0.19282
3 0.981297 0.212395 0.0366253 0.0410349 0.185771
2 0.700324 0.333948 0.0790947 0.0818086 0.183815
2 0.956245 0.192393 0.0514112 0.0396727 0.180585
3 0.981113 0.212167 0.0369875 0.0418302 0.175442
2 0.50911 0.220153 0.0345715 0.036759 0.17542
5 0.359224 0.150765 0.0354914 0.0578565 0.172864
2 0.976815 0.310778 0.0458042 0.121906 0.166604
2 0.56302 0.233202 0.0535406 0.0774741 0.165109
5 0.359533 0.151312 0.0371023 0.0586639 0.164048
2 0.28759 0.223387 0.0486288 0.0451512 0.160306
2 0.977138 0.324592 0.0451553 0.0991717 0.158859
2 0.976881 0.329048 0.0453867 0.0817238 0.158625
2 0.954595 0.448556 0.0905479 0.0668767 0.153184
2 0.976604 0.316912 0.0459579 0.104702 0.151665
2 0.976402 0.319447 0.0465664 0.092077 0.150728
5 0.362692 0.147103 0.0418222 0.0609594 0.150382
0 0.360032 0.294157 0.0276818 0.0383776 0.149029
3 0.980906 0.211631 0.0373791 0.0433569 0.148791
3 0.357578 0.316869 0.0350661 0.0426771 0.148607
5 0.185937 0.197657 0.168729 0.0832584 0.148224
2 0.562518 0.231528 0.051699 0.0737216 0.145205
9 0.618416 0.0543954 0.0145507 0.0176859 0.145098
2 0.427107 0.160747 0.0251852 0.0266215 0.143412
5 0.147765 0.200543 0.088799 0.0759769 0.142645
2 0.359152 0.166407 0.0330181 0.0282386 0.141116
5 0.358882 0.152704 0.0350471 0.0555439 0.141091
2 0.561412 0.23339 0.050984 0.0751611 0.140183
2 0.976645 0.304348 0.0456873 0.132765 0.139254
5 0.186335 0.197768 0.168434 0.0801971 0.138913
2 0.278081 0.222852 0.031201 0.0383823 0.135159
3 0.358486 0.306359 0.0328091 0.0613625 0.134026
2 0.981376 0.215329 0.0372488 0.0346795 0.133813
2 0.562132 0.232332 0.0512892 0.0763565 0.133192
2 0.977061 0.332279 0.0452475 0.0788362 0.130728
0 0.358825 0.306004 0.032907 0.060739 0.127442
2 0.97732 0.303542 0.0448599 0.133607 0.12665
2 0.976644 0.324464 0.0457249 0.100983 0.125899
2 0.453832 0.162747 0.0243858 0.0246717 0.123242
2 0.950187 0.19314 0.0412144 0.0355169 0.122997
2 0.0117146 0.220153 0.0232037 0.0381335 0.122289
2 0.976681 0.33009 0.0453705 0.0774622 0.122247
3 0.291439 0.254204 0.040771 0.0491864 0.120914
2 0.976805 0.305192 0.0458817 0.131458 0.120242
5 0.182856 0.201074 0.156865 0.0833126 0.119916
2 0.976603 0.316293 0.0457529 0.0858664 0.118454
2 0.507882 0.268523 0.0521137 0.0634978 0.115512
2 0.427744 0.160778 0.0299234 0.0273765 0.113946
2 0.455656 0.160803 0.0234974 0.0285252 0.113769
2 0.563379 0.232463 0.0523252 0.0752876 0.112858
2 0.0115646 0.221142 0.0229658 0.0397792 0.111955
2 0.981052 0.213086 0.0368553 0.0414158 0.109746
2 0.358124 0.31867 0.0337537 0.0439205 0.108851
2 0.699543 0.333414 0.0798952 0.0796868 0.105582
2 0.288545 0.220401 0.0448712 0.0375827 0.105415
2 0.0116704 0.218962 0.0231382 0.0387333 0.104576
9 0.605318 0.144822 0.0126995 0.0266522 0.104046
2 0.978419 0.302359 0.0426674 0.13923 0.10279
2 0.220557 0.222788 0.0618401 0.0540064 0.102749
2 0.595739 0.271498 0.0626894 0.078363 0.101819
2 0.561176 0.233297 0.0510817 0.0751591 0.100585
0 0.362573 0.29285 0.0217086 0.0346809 0.100299
0 0.725633 0.291875 0.0271042 0.0557537 0.0999803
2 0.953005 0.448689 0.0931301 0.0659338 0.0991371
2 0.562039 0.217482 0.0495918 0.0460975 0.0986569
0 0.357667 0.306092 0.0346681 0.0623066 0.0970056
0 0.726979 0.292605 0.0250947 0.0552259 0.0954586
5 0.177689 0.201284 0.151105 0.078336 0.0945364
7 0.976912 0.304458 0.0454643 0.142975 0.0942271
2 0.509772 0.217602 0.0367992 0.0351907 0.0940838
2 0.981895 0.212943 0.035565 0.0404124 0.0925893
0 0.358548 0.306147 0.0334103 0.0616503 0.0913676
2 0.95095 0.477641 0.0976206 0.104249 0.0896522
5 0.35982 0.149726 0.0367929 0.0594607 0.0893344
2 0.700442 0.334545 0.0792948 0.0780175 0.0886167
2 0.0118174 0.220513 0.0234581 0.0339694 0.0884091
2 0.976844 0.308023 0.0456511 0.114271 0.0882622
0 0.725204 0.286918 0.0247807 0.0468307 0.0880189
3 0.356336 0.320456 0.0310856 0.0369281 0.0863112
2 0.101189 0.221479 0.0325053 0.024874 0.0860309
5 0.356896 0.143847 0.027503 0.0465196 0.0847455
2 0.561272 0.217146 0.0486578 0.0453506 0.0820526
0 0.727312 0.286618 0.0221304 0.0460061 0.0818131
2 0.981018 0.213137 0.0371693 0.0423083 0.0817866
2 0.329344 0.143225 0.0246496 0.023687 0.0816836
2 0.290143 0.252752 0.0451307 0.0495785 0.0811337
3 0.358038 0.307042 0.0355785 0.06182 0.0787606
0 0.679146 0.23347 0.0170642 0.040773 0.0778427
5 0.504841 0.122012 0.0421192 0.112352 0.0774225
0 0.984538 0.204795 0.0299393 0.0581952 0.0768375
2 0.39305 0.165234 0.0218205 0.0202716 0.076487
2 0.358909 0.167346 0.0322292 0.027246 0.0758823
9 0.904452 0.0814853 0.0136295 0.0244787 0.0752606
2 0.561791 0.218764 0.0495975 0.0487909 0.0739522
2 0.289499 0.235052 0.0460359 0.0675087 0.0735756
9 0.682699 0.0522026 0.0143721 0.0184353 0.0734376
2 0.717175 0.350122 0.0443945 0.0501387 0.0722035
2 0.950208 0.194003 0.0415163 0.0360477 0.072084
2 0.0116172 0.222292 0.0232344 0.0387815 0.071743
2 0.707313 0.346315 0.0642218 0.0556681 0.0714892
0 0.727498 0.292852 0.0231316 0.0570876 0.0707378
9 0.605515 0.140828 0.0148756 0.031099 0.0705048
2 0.560797 0.229097 0.0502416 0.0686341 0.0686263
9 0.903898 0.0855139 0.0152355 0.0334288 0.065088
0 0.727452 0.297228 0.0234605 0.0616813 0.0648624
5 0.351954 0.153586 0.0483223 0.0551427 0.0646673
2 0.561812 0.217641 0.0491047 0.0466302 0.0643677
2 0.55778 0.233338 0.056703 0.0731971 0.0631955
2 0.950888 0.469099 0.0974499 0.101243 0.0620844
2 0.589817 0.270739 0.076011 0.0794973 0.0619836
0 0.378136 0.177913 0.0142887 0.0305009 0.0607771
2 0.977473 0.303491 0.0443813 0.144329 0.0604264
2 0.713564 0.349955 0.0517117 0.0509463 0.0596729
2 0.0121194 0.219244 0.02411 0.0379697 0.0590731
5 0.148816 0.201642 0.092648 0.0787601 0.0570943
0 0.979619 0.173348 0.0229116 0.0566104 0.0563877
0 0.679846 0.236717 0.017732 0.0458231 0.0557262
0 0.980427 0.178855 0.0221979 0.0492838 0.0554686
9 0.598494 0.0969114 0.0181511 0.027185 0.0552752
5 0.151641 0.201486 0.100156 0.0793231 0.0539042
5 0.364221 0.147137 0.0484432 0.0606421 0.0537011
5 0.147217 0.197276 0.0901208 0.0773167 0.0524331
2 0.0147315 0.22173 0.029463 0.0371405 0.0522866
0 0.703182 0.265568 0.0169312 0.0458695 0.0522039
2 0.960325 0.191111 0.0611275 0.0413247 0.0513266
2 0.952524 0.450303 0.094339 0.0711216 0.0512572
2 0.561594 0.21817 0.0498499 0.047679 0.0508263
0 0.691215 0.266909 0.0233927 0.0488908 0.0504643
0 0.180314 0.218984 0.0194727 0.026266 0.0504244
2 0.561939 0.217096 0.0486439 0.045214 0.0496601
9 0.820035 0.0554516 0.0123528 0.0134315 0.0494905
2 0.258318 0.220686 0.0130959 0.0194055 0.0477875
2 0.428847 0.155376 0.0312855 0.0348696 0.0476913
0 0.981902 0.186218 0.0230803 0.03755 0.047552
2 0.699158 0.331636 0.0766759 0.0777847 0.0463479
0 0.724932 0.284143 0.0224289 0.043051 0.0451389
