2 0.313234 0.222139 0.0871881 0.075208 0.833243
2 0.31299 0.222424 0.0875418 0.0746384 0.832907
2 0.31293 0.222124 0.0877444 0.0748818 0.826798
2 0.31308 0.222589 0.0867578 0.0754973 0.812982
2 0.613466 0.395807 0.126781 0.115547 0.812202
2 0.613701 0.395702 0.127368 0.114973 0.80846
2 0.613516 0.395787 0.127625 0.116026 0.799669
2 0.61292 0.395953 0.127432 0.114188 0.792958
2 0.312969 0.222114 0.0875084 0.075347 0.783554
2 0.613327 0.395584 0.126811 0.115798 0.780311
2 0.613783 0.395969 0.127834 0.11481 0.774455
2 0.612971 0.39584 0.127441 0.115332 0.753673
2 0.654674 0.600385 0.134485 0.170581 0.748912
2 0.453616 0.14871 0.0662682 0.068293 0.740761
2 0.708537 0.211314 0.0829145 0.0786431 0.735317
2 0.312564 0.222374 0.0881049 0.0746376 0.733523
2 0.312767 0.221991 0.087885 0.0751621 0.729485
2 0.31311 0.222211 0.0879318 0.0747735 0.725363
2 0.452869 0.148037 0.0661388 0.0680616 0.720444
2 0.613031 0.395644 0.12715 0.115416 0.719298
2 0.613234 0.395452 0.126622 0.116022 0.710532
2 0.811673 0.903136 0.226772 0.193022 0.709153
2 0.708669 0.21139 0.0831295 0.0779734 0.70822
2 0.654461 0.600232 0.134544 0.171513 0.702647
2 0.708375 0.211376 0.0828798 0.077716 0.699896
2 0.291289 0.165504 0.0835279 0.0694099 0.697801
2 0.503178 0.412732 0.111816 0.128352 0.69413
2 0.452689 0.149043 0.0665316 0.0671033 0.694101
2 0.452883 0.148617 0.0660297 0.0673738 0.693766
2 0.292175 0.165245 0.0828093 0.0689889 0.692504
2 0.612955 0.395708 0.126773 0.115554 0.686029
2 0.811637 0.903899 0.22739 0.191414 0.683872
2 0.453318 0.148337 0.0667975 0.0672172 0.682247
5 0.0225974 0.0913396 0.0451095 0.103414 0.677768
2 0.453349 0.148393 0.0665024 0.067825 0.673836
5 0.0224798 0.0917102 0.0448621 0.102285 0.673538
2 0.503021 0.41271 0.111047 0.129173 0.672008
5 0.0226071 0.0920427 0.0451698 0.102356 0.670742
2 0.290935 0.165436 0.0839822 0.0678376 0.665951
2 0.810827 0.903843 0.227204 0.191564 0.661997
2 0.453877 0.148624 0.0662384 0.0667961 0.660555
2 0.291224 0.165819 0.0833447 0.0678156 0.660428
5 0.02253 0.0919684 0.04506 0.102292 0.654811
2 0.503055 0.412794 0.112116 0.128018 0.649533
2 0.502874 0.412982 0.111853 0.128787 0.64419
2 0.709162 0.211622 0.081953 0.0782429 0.642619
2 0.811649 0.903199 0.227612 0.192757 0.640216
2 0.290932 0.165232 0.0831963 0.0677489 0.630112
2 0.654063 0.599596 0.135412 0.170877 0.630024
2 0.654554 0.600394 0.134756 0.171265 0.627758
2 0.654522 0.600337 0.134646 0.170801 0.621648
2 0.603976 0.152928 0.0544339 0.0679501 0.618628
2 0.453065 0.148415 0.0658714 0.0672565 0.615926
2 0.503211 0.412815 0.111028 0.129262 0.613929
2 0.70859 0.211165 0.0831766 0.0781109 0.61015
2 0.291218 0.165373 0.0827521 0.0674914 0.605981
2 0.709215 0.211545 0.0818506 0.0776367 0.603281
0 0.5519 0.236852 0.0246551 0.0715593 0.594305
2 0.291011 0.165986 0.0841255 0.0683053 0.590654
0 0.145883 0.369379 0.0353629 0.0808975 0.58538
2 0.312447 0.222541 0.0886553 0.0737589 0.576997
2 0.67078 0.151042 0.0590968 0.0650388 0.576362
0 0.55157 0.236744 0.0256891 0.071875 0.570437
3 0.486364 0.231007 0.030768 0.0423779 0.569548
5 0.0225991 0.0917671 0.0451904 0.102419 0.568065
3 0.487007 0.231805 0.0302793 0.0426693 0.567695
0 0.14592 0.3702 0.0362682 0.0822862 0.565135
2 0.503126 0.413209 0.111122 0.128407 0.557705
2 0.603868 0.152082 0.0536635 0.0696603 0.551878
0 0.551615 0.236587 0.0259466 0.0726232 0.551198
2 0.503615 0.412854 0.111438 0.128876 0.548624
0 0.551784 0.235672 0.0231408 0.0701503 0.547868
2 0.811795 0.903105 0.226936 0.192499 0.544497
0 0.551801 0.236684 0.026403 0.0723945 0.540923
0 0.789198 0.340226 0.0249657 0.0906888 0.539352
5 0.0225623 0.0915179 0.0451247 0.102406 0.532179
2 0.654291 0.599919 0.134857 0.171404 0.530179
2 0.291974 0.164952 0.0839528 0.0679821 0.529718
0 0.790216 0.338407 0.0252827 0.087646 0.520717
2 0.291224 0.165687 0.0827656 0.0677352 0.51749
0 0.146239 0.369989 0.0359148 0.0830719 0.511712
0 0.145742 0.370315 0.0352402 0.0827353 0.509145
2 0.670027 0.151432 0.0601706 0.0651506 0.505465
2 0.654667 0.600252 0.135213 0.170112 0.501619
3 0.485651 0.228868 0.0328793 0.0456621 0.49414
2 0.654336 0.59998 0.134923 0.170314 0.493419
2 0.811195 0.902994 0.227017 0.192403 0.486434
2 0.81117 0.903049 0.227602 0.193478 0.482129
2 0.60415 0.15261 0.0529911 0.0702128 0.478657
0 0.791217 0.343817 0.027397 0.0984769 0.472577
0 0.144491 0.369631 0.0349174 0.0821838 0.468688
5 0.0235127 0.0838306 0.0470254 0.120234 0.459379
0 0.789916 0.339298 0.0292685 0.0916478 0.457219
2 0.707747 0.211816 0.0839825 0.0755481 0.445287
0 0.359041 0.144825 0.0182549 0.053106 0.445095
0 0.144714 0.369579 0.0352334 0.0810066 0.442336
2 0.503144 0.413048 0.110626 0.128495 0.442149
0 0.789838 0.338328 0.0280094 0.0903906 0.44177
3 0.141629 0.400567 0.0580538 0.0667565 0.438657
2 0.708285 0.212069 0.0821542 0.0786072 0.431723
0 0.551312 0.235706 0.0252643 0.0703816 0.431673
2 0.670392 0.151492 0.0579544 0.0643966 0.423061
2 0.671178 0.151362 0.0568037 0.0653494 0.421093
0 0.359173 0.143719 0.0188478 0.052399 0.418052
3 0.486115 0.229416 0.0324409 0.0461703 0.413456
2 0.604545 0.152967 0.0528742 0.0683445 0.410775
2 0.708193 0.211578 0.0835762 0.078524 0.406552
0 0.147058 0.370276 0.037941 0.0826928 0.403764
2 0.669621 0.150911 0.0597291 0.0646892 0.401533
5 0.937305 0.755248 0.124941 0.466235 0.399482
3 0.142495 0.39956 0.0576909 0.0657919 0.396211
2 0.603486 0.152402 0.0538651 0.0690127 0.392566
3 0.551919 0.254936 0.0264765 0.0398889 0.389352
0 0.989963 0.109144 0.0195698 0.0552215 0.389105
0 0.552244 0.232782 0.0223659 0.0632381 0.388329
2 0.707927 0.212236 0.0832379 0.0770756 0.385327
2 0.641983 0.11755 0.0441315 0.0572089 0.382173
3 0.141592 0.399118 0.0576667 0.0677082 0.3724
2 0.67029 0.150785 0.0607092 0.0649748 0.372008
7 0.37597 0.0884124 0.0559842 0.0683435 0.371965
0 0.789918 0.343104 0.0241751 0.0972935 0.370524
7 0.376758 0.0872817 0.0547099 0.0693915 0.369162
2 0.503855 0.413209 0.110583 0.128797 0.362786
7 0.867956 0.352954 0.077021 0.103502 0.357658
3 0.48514 0.227634 0.0354342 0.0499999 0.356959
5 0.937086 0.755463 0.124273 0.466371 0.352827
2 0.604235 0.152992 0.0526925 0.0691207 0.349773
2 0.605471 0.152758 0.050135 0.06924 0.347877
3 0.142229 0.403509 0.0565383 0.0644338 0.345697
3 0.551499 0.254576 0.0261375 0.0397977 0.344553
0 0.989637 0.109183 0.0195904 0.0548212 0.34191
2 0.641477 0.117709 0.0468498 0.0560518 0.340403
5 0.0236331 0.0920197 0.047139 0.103139 0.338873
2 0.642951 0.116956 0.0427525 0.0537924 0.338573
0 0.360067 0.144573 0.020248 0.0568141 0.338455
7 0.375577 0.0882119 0.0577086 0.0714458 0.335791
2 0.503121 0.412611 0.11137 0.128956 0.335706
2 0.605119 0.154096 0.0517671 0.0705008 0.33243
0 0.483314 0.210575 0.0356701 0.0786027 0.331246
2 0.642303 0.1182 0.0445971 0.0571035 0.329733
7 0.869548 0.351868 0.0717426 0.104791 0.329707
0 0.988909 0.108902 0.0204243 0.0554964 0.328855
2 0.607204 0.15439 0.0479428 0.0697315 0.328223
0 0.359383 0.144196 0.0208311 0.056812 0.326025
2 0.669569 0.151216 0.0582404 0.0648668 0.325401
0 0.989571 0.109141 0.0200161 0.0547955 0.323857
5 0.936936 0.753542 0.124591 0.456323 0.322619
3 0.140705 0.40113 0.0586708 0.0663178 0.320358
7 0.868739 0.351631 0.0736973 0.104528 0.31466
7 0.93736 0.752414 0.124726 0.45527 0.312612
0 0.483201 0.210721 0.035821 0.0801377 0.310086
2 0.50346 0.41308 0.111671 0.129321 0.310029
0 0.359088 0.144799 0.0185617 0.0542861 0.307069
0 0.989776 0.109088 0.0198818 0.0556287 0.302786
0 0.784238 0.33999 0.0326044 0.0908827 0.302483
7 0.374603 0.0873949 0.059153 0.0722155 0.298973
5 0.0232073 0.0931485 0.0462485 0.102041 0.298729
7 0.870317 0.35158 0.0703926 0.104462 0.298596
3 0.484333 0.215486 0.0353583 0.0705648 0.296633
2 0.605768 0.15399 0.0504296 0.0673005 0.27863
3 0.551474 0.242567 0.0265114 0.0625952 0.275275
7 0.374689 0.0876072 0.0590302 0.0723726 0.274782
7 0.869642 0.35154 0.0718437 0.104118 0.272728
0 0.989882 0.108882 0.0189903 0.0558451 0.272503
3 0.791039 0.372719 0.0306876 0.0474151 0.272449
2 0.668529 0.150173 0.059013 0.0649553 0.27032
0 0.147387 0.369205 0.0387088 0.0800747 0.269258
2 0.4532 0.149192 0.0661421 0.0668818 0.265652
3 0.790273 0.371902 0.0325117 0.0479597 0.263026
5 0.0227334 0.0921925 0.0453311 0.099859 0.260815
0 0.552329 0.233 0.0226855 0.0637357 0.259839
0 0.988503 0.109305 0.0190224 0.0551753 0.259633
2 0.588421 0.107518 0.0425947 0.0516355 0.254681
0 0.145117 0.369959 0.0335768 0.0831553 0.252679
0 0.989242 0.108967 0.0206198 0.054959 0.25103
0 0.147038 0.372255 0.0371753 0.0880402 0.248862
7 0.378427 0.0885195 0.050092 0.0688683 0.248004
5 0.93679 0.755362 0.125853 0.471251 0.245857
0 0.483135 0.207548 0.0341763 0.077522 0.245799
2 0.578179 0.077013 0.0413109 0.0488977 0.24251
0 0.552576 0.237748 0.0260325 0.0708918 0.237434
2 0.642862 0.117867 0.0425521 0.0562127 0.237341
2 0.589085 0.107642 0.0436603 0.0511022 0.236188
2 0.808441 0.903468 0.222762 0.191934 0.23582
2 0.707989 0.211344 0.0825275 0.0766024 0.234101
2 0.810226 0.910228 0.210815 0.178369 0.23319
7 0.689883 0.323382 0.0741329 0.107052 0.22631
7 0.690599 0.322988 0.0747784 0.105412 0.224524
0 0.624461 0.24927 0.0244004 0.0478804 0.224078
0 0.482735 0.210987 0.0363083 0.0774231 0.223174
0 0.625262 0.248759 0.0227349 0.0473212 0.219683
5 0.93681 0.755785 0.125085 0.469685 0.218692
3 0.791663 0.372377 0.0299099 0.0475934 0.218668
3 0.789494 0.371264 0.0314371 0.04847 0.218047
2 0.690899 0.322601 0.0750971 0.106354 0.216077
2 0.669402 0.151121 0.0592694 0.0644987 0.215827
7 0.378433 0.089048 0.0499002 0.0687123 0.215767
7 0.378465 0.0891957 0.0504226 0.0672416 0.210122
5 0.936533 0.758326 0.125655 0.469584 0.20946
2 0.64122 0.119513 0.0454805 0.0576165 0.209363
7 0.870504 0.351374 0.0699963 0.104525 0.208732
3 0.789518 0.372912 0.0317115 0.0472084 0.208515
7 0.937239 0.750165 0.125001 0.4557 0.20845
7 0.379046 0.087496 0.0481824 0.0710006 0.208257
0 0.780008 0.348021 0.0250669 0.0754063 0.205878
0 0.989878 0.108788 0.0196245 0.0554274 0.205141
0 0.623585 0.259644 0.0270576 0.0680913 0.204486
2 0.579312 0.0770472 0.0429056 0.0491616 0.204292
2 0.641605 0.120452 0.0465865 0.0591642 0.203722
2 0.643947 0.119636 0.0424618 0.0561452 0.202672
7 0.37968 0.0890182 0.0466858 0.0666058 0.201671
3 0.623026 0.280683 0.0320042 0.0423651 0.201555
2 0.810149 0.90216 0.225623 0.194141 0.201061
3 0.484774 0.218012 0.0344297 0.0673434 0.200596
7 0.869543 0.352505 0.0721622 0.104834 0.200289
3 0.139007 0.402099 0.0617676 0.0668099 0.197708
7 0.936855 0.751806 0.125131 0.459284 0.196949
3 0.62372 0.282017 0.0289642 0.0383434 0.196308
3 0.790778 0.374006 0.0299402 0.0466976 0.195931
5 0.936514 0.756922 0.126302 0.469997 0.19507
0 0.737251 0.297458 0.0308973 0.0623124 0.193245
2 0.690325 0.322424 0.0739446 0.106882 0.192715
0 0.736893 0.297241 0.0305899 0.0625827 0.192021
0 0.360469 0.14436 0.0211606 0.0543622 0.191606
3 0.624207 0.282161 0.0308424 0.0389745 0.190968
2 0.645882 0.116401 0.0428855 0.0565087 0.187856
3 0.552736 0.252993 0.0261168 0.0442714 0.184185
7 0.69007 0.323199 0.0742071 0.104998 0.183463
0 0.360135 0.143958 0.0214376 0.0543664 0.180978
2 0.590104 0.107174 0.0461657 0.052155 0.18096
2 0.291223 0.16608 0.0831235 0.0689712 0.178911
0 0.625059 0.252536 0.0239629 0.0537921 0.177351
3 0.483268 0.212381 0.0377121 0.0768195 0.176126
0 0.737671 0.297523 0.0288391 0.0620033 0.174306
0 0.495481 0.108283 0.0130379 0.0507261 0.173813
3 0.14467 0.392581 0.0532058 0.0620953 0.1735
3 0.142516 0.400168 0.0549529 0.0633266 0.171826
0 0.484382 0.210287 0.0362347 0.0808729 0.171387
0 0.775564 0.35369 0.0189749 0.0597758 0.169776
0 0.35865 0.145394 0.0173136 0.0544071 0.166291
0 0.849575 0.0737651 0.0156223 0.0492467 0.163231
2 0.673911 0.151259 0.0502781 0.0643404 0.16237
0 0.775212 0.354966 0.0191741 0.0587728 0.160927
2 0.984054 0.429665 0.0314064 0.149112 0.160427
7 0.868586 0.352141 0.0742163 0.104493 0.156511
0 0.788144 0.341362 0.0278355 0.0945239 0.155854
0 0.736431 0.29761 0.0323814 0.0639899 0.155488
0 0.748777 0.33053 0.0210606 0.0447469 0.15481
0 0.482374 0.194573 0.0327951 0.0478524 0.154737
0 0.624191 0.262458 0.0295782 0.0723713 0.154514
0 0.139003 0.378782 0.0482295 0.0761784 0.153573
0 0.495427 0.109722 0.0133705 0.0493464 0.152417
2 0.983907 0.430579 0.0317257 0.150613 0.151928
7 0.689991 0.323031 0.0740869 0.106391 0.148645
0 0.360314 0.144347 0.0207098 0.0547501 0.148258
2 0.6021 0.152138 0.0562761 0.0703866 0.146561
0 0.831747 0.0441338 0.0124634 0.0515038 0.146187
0 0.849545 0.0742 0.0152187 0.0496019 0.145368
7 0.936379 0.67211 0.125978 0.625447 0.145079
2 0.708383 0.211394 0.0818347 0.0770544 0.142926
2 0.689794 0.322671 0.0745262 0.106164 0.142523
7 0.936074 0.650307 0.126682 0.580222 0.139277
3 0.138571 0.396162 0.0598879 0.0559816 0.138748
0 0.553029 0.236942 0.0259985 0.069497 0.137033
3 0.551837 0.239438 0.0268925 0.0693697 0.136989
0 0.482158 0.1992 0.031649 0.0587261 0.136921
3 0.140097 0.402184 0.0536464 0.0626764 0.133399
3 0.749027 0.329444 0.0211599 0.0458998 0.132742
2 0.613592 0.395665 0.127387 0.114577 0.129924
2 0.983831 0.430615 0.0318779 0.153085 0.129851
2 0.578806 0.0754006 0.0431338 0.0505309 0.127262
2 0.625567 0.0906841 0.0419399 0.0526637 0.126947
0 0.624957 0.247204 0.0227675 0.0445493 0.125574
0 0.790399 0.328375 0.0213358 0.0689923 0.125566
2 0.594074 0.109405 0.0526344 0.0519041 0.125139
2 0.690164 0.318784 0.0744497 0.114269 0.123829
7 0.935857 0.637424 0.128122 0.554532 0.12373
0 0.849946 0.0740766 0.0157511 0.049503 0.12307
2 0.811274 0.902597 0.229018 0.193814 0.123037
0 0.479831 0.194099 0.0287988 0.0420518 0.121222
2 0.313107 0.222942 0.0875603 0.0740214 0.121135
2 0.670677 0.151469 0.05977 0.0666945 0.120421
0 0.856466 0.339499 0.0275848 0.0805837 0.120384
7 0.936588 0.66854 0.126557 0.615881 0.120237
3 0.623607 0.280762 0.0288813 0.038599 0.119996
0 0.14339 0.369238 0.0325726 0.08108 0.118901
2 0.689945 0.315755 0.0753432 0.120654 0.117698
2 0.57785 0.0756365 0.0419508 0.0497413 0.116955
0 0.74869 0.328536 0.0232224 0.0482875 0.11664
0 0.849765 0.0736752 0.0161016 0.0491261 0.115733
2 0.616142 0.0599265 0.0286435 0.0252391 0.115541
7 0.871334 0.351673 0.0680531 0.104798 0.115352
3 0.483605 0.223316 0.0372433 0.0556916 0.11524
2 0.291281 0.165745 0.0821114 0.0672469 0.114564
0 0.137119 0.370342 0.0493888 0.0819356 0.114261
0 0.778009 0.353283 0.0209791 0.0635161 0.113031
0 0.803892 0.0321316 0.0105259 0.0320827 0.112867
3 0.483934 0.229045 0.0364466 0.0461897 0.111447
0 0.831279 0.0461308 0.0143759 0.0558339 0.109904
0 0.623801 0.268328 0.0299926 0.0610693 0.109812
