2 0.269917 0.914017 0.250767 0.171008 0.946813
2 0.270926 0.914114 0.251657 0.171117 0.928991
5 0.262853 0.364871 0.274863 0.232972 0.928669
2 0.26972 0.914625 0.252033 0.169944 0.926731
2 0.0741543 0.752721 0.147035 0.152546 0.925818
2 0.269788 0.915014 0.251814 0.169417 0.922669
2 0.270029 0.91425 0.252176 0.170567 0.92243
5 0.262892 0.36508 0.274697 0.232922 0.920862
2 0.270323 0.914314 0.251679 0.170451 0.918618
5 0.262928 0.365153 0.274873 0.232482 0.917197
5 0.262566 0.365173 0.275314 0.233938 0.916242
2 0.0739501 0.752619 0.146217 0.152473 0.912577
2 0.270818 0.91401 0.251467 0.170636 0.910987
5 0.262859 0.364592 0.274616 0.232834 0.908479
2 0.0739667 0.753124 0.147379 0.152373 0.904916
2 0.0735574 0.753185 0.146751 0.152718 0.903596
2 0.0737861 0.753281 0.147398 0.152992 0.903
5 0.262863 0.365416 0.275398 0.232496 0.896068
5 0.263161 0.365394 0.275718 0.232451 0.895809
2 0.270102 0.914467 0.251221 0.17056 0.889004
2 0.270418 0.914553 0.251186 0.170248 0.885801
5 0.262939 0.365006 0.275398 0.23323 0.877221
5 0.262571 0.365533 0.275747 0.234054 0.87519
5 0.262869 0.365307 0.27582 0.233136 0.867656
2 0.2698 0.914425 0.251043 0.170138 0.84879
2 0.0738724 0.752428 0.147175 0.153925 0.84826
2 0.0739992 0.752321 0.147087 0.15373 0.848229
2 0.39419 0.222133 0.0693839 0.0430085 0.821473
2 0.904583 0.512758 0.159259 0.120465 0.820308
2 0.904341 0.512861 0.158971 0.120877 0.815092
2 0.399986 0.752257 0.228957 0.165641 0.814898
2 0.0732957 0.752993 0.145963 0.151687 0.811199
2 0.904117 0.512715 0.158493 0.120322 0.80766
2 0.904415 0.512132 0.159008 0.119987 0.803001
2 0.400719 0.751905 0.231567 0.165966 0.799049
2 0.400713 0.7515 0.230319 0.164309 0.796066
2 0.400458 0.752045 0.22881 0.16517 0.794719
2 0.394435 0.222444 0.0699519 0.0426329 0.794211
2 0.904308 0.512796 0.158468 0.119661 0.785024
2 0.395329 0.221913 0.0695098 0.0447491 0.777545
2 0.747221 0.362008 0.088365 0.0877771 0.774955
2 0.904714 0.512003 0.159305 0.119894 0.774533
2 0.972468 0.479757 0.0540283 0.0926376 0.772634
2 0.74685 0.361532 0.0881367 0.0874028 0.770999
2 0.39435 0.222264 0.0695988 0.0433207 0.765661
2 0.147413 0.218554 0.0558214 0.0390763 0.764959
2 0.400537 0.751579 0.230971 0.165457 0.760815
2 0.400513 0.751942 0.231501 0.165486 0.758164
2 0.394332 0.222514 0.0696081 0.0424756 0.757373
2 0.972659 0.480028 0.0541534 0.0927067 0.755848
2 0.747371 0.36189 0.0884192 0.0879139 0.750311
2 0.40066 0.751548 0.231693 0.164417 0.748278
2 0.972556 0.47976 0.0540579 0.093391 0.736093
2 0.7474 0.361948 0.088682 0.0883608 0.734798
2 0.400391 0.752149 0.228644 0.164582 0.733891
2 0.904301 0.513187 0.159707 0.120963 0.730676
2 0.904036 0.512401 0.158504 0.120164 0.72995
2 0.747279 0.36199 0.0892653 0.0880453 0.72615
2 0.400396 0.751945 0.229622 0.164866 0.722587
2 0.0732306 0.753447 0.146017 0.151193 0.721353
2 0.0735562 0.752355 0.146617 0.153403 0.720805
2 0.636471 0.194044 0.0539423 0.0418968 0.720088
2 0.904658 0.513187 0.159314 0.121392 0.718065
2 0.147177 0.218484 0.0554739 0.0394209 0.718001
2 0.147103 0.218211 0.0561629 0.0394215 0.707046
2 0.972959 0.47991 0.0535135 0.0920359 0.70681
2 0.637192 0.193688 0.0533689 0.0417117 0.70416
2 0.401341 0.75203 0.232856 0.165038 0.703583
2 0.395133 0.22228 0.0707326 0.0441697 0.696793
2 0.747514 0.36172 0.0887596 0.0872819 0.695909
2 0.904314 0.512933 0.158999 0.119048 0.689371
2 0.747501 0.361909 0.0894746 0.0884146 0.68417
2 0.972787 0.479677 0.0535809 0.0911581 0.682061
2 0.147262 0.218105 0.0562357 0.0395052 0.673487
2 0.395242 0.222267 0.068019 0.0418373 0.672617
2 0.972549 0.479766 0.0538496 0.0919233 0.650547
2 0.747378 0.361849 0.0889093 0.0875607 0.640769
2 0.394886 0.222049 0.0690692 0.0419765 0.633901
2 0.394542 0.222634 0.0688464 0.0412831 0.632851
2 0.147535 0.218283 0.0555568 0.0391206 0.632048
2 0.868147 0.402924 0.122841 0.0919665 0.630139
2 0.952495 0.238228 0.0489594 0.0492311 0.629987
2 0.867975 0.403364 0.123545 0.0928381 0.626846
2 0.636891 0.193982 0.0536559 0.0426192 0.625612
2 0.636755 0.19376 0.0538294 0.0421992 0.621904
2 0.952649 0.238716 0.0483213 0.0496896 0.619063
2 0.146904 0.218534 0.0550778 0.0395482 0.617394
2 0.95268 0.238033 0.0481998 0.0489932 0.614323
2 0.952168 0.238875 0.047168 0.0490574 0.610904
2 0.868356 0.4028 0.12368 0.0914211 0.608904
2 0.147635 0.217515 0.0559532 0.0396806 0.599586
2 0.952075 0.239036 0.0469708 0.0496682 0.596118
2 0.508227 0.193704 0.0573734 0.0354017 0.595926
2 0.837024 0.228647 0.0684319 0.0611567 0.594327
2 0.147149 0.217848 0.0549832 0.0395437 0.590574
2 0.960302 0.902379 0.0783142 0.186218 0.588345
2 0.960345 0.902529 0.0788914 0.186334 0.5875
2 0.952792 0.238367 0.0480934 0.0488268 0.582386
2 0.185475 0.206252 0.0374513 0.0290651 0.580883
2 0.636828 0.193814 0.0541618 0.042526 0.57998
2 0.960259 0.902052 0.0785845 0.185298 0.576828
2 0.348451 0.216268 0.0410842 0.0404827 0.571055
2 0.147569 0.218828 0.0556138 0.039629 0.571046
2 0.508217 0.193775 0.0569878 0.0355616 0.568871
2 0.866942 0.401934 0.120998 0.090402 0.566756
2 0.0738017 0.753735 0.147188 0.153225 0.560111
2 0.868317 0.403249 0.123951 0.0923046 0.558992
2 0.508023 0.194808 0.0582941 0.0362321 0.556928
2 0.636965 0.193386 0.0542376 0.0424845 0.55656
2 0.835828 0.232594 0.0659226 0.0532378 0.551323
2 0.697347 0.200794 0.0610178 0.0387463 0.551103
2 0.833679 0.231048 0.0624577 0.0587639 0.550488
2 0.867381 0.402086 0.121273 0.0898683 0.548952
2 0.952643 0.238874 0.0473454 0.0503352 0.540106
2 0.833983 0.232561 0.0634392 0.0556364 0.536793
2 0.973024 0.481549 0.0530884 0.0876541 0.530742
2 0.185073 0.207218 0.0372971 0.0291311 0.526278
2 0.973089 0.480966 0.0538216 0.0908323 0.522427
2 0.960358 0.903058 0.0782959 0.187018 0.522067
2 0.508901 0.193185 0.0585946 0.0360692 0.521937
2 0.508134 0.194178 0.0586871 0.0357256 0.521411
2 0.348942 0.215633 0.0409618 0.0388643 0.521269
2 0.868021 0.403627 0.124427 0.0937714 0.516204
2 0.697989 0.200543 0.062096 0.0386556 0.51513
2 0.609761 0.264683 0.0569419 0.0837827 0.511476
2 0.835296 0.232237 0.0658039 0.0556941 0.506634
2 0.952584 0.238875 0.0483023 0.0498656 0.50529
2 0.147234 0.218595 0.0561988 0.0401031 0.501754
2 0.867938 0.402545 0.122933 0.0948877 0.494844
2 0.508982 0.193789 0.0586224 0.0361403 0.491407
2 0.747532 0.361509 0.0906427 0.0874311 0.490764
2 0.835866 0.2304 0.0670582 0.059264 0.490755
2 0.508068 0.193953 0.0581763 0.0356873 0.490328
2 0.508799 0.193449 0.0565666 0.0358635 0.490143
2 0.347997 0.216174 0.038594 0.039285 0.489137
2 0.348592 0.215826 0.039854 0.0395689 0.487313
2 0.651987 0.304472 0.0740171 0.0813873 0.485
2 0.18487 0.20616 0.0378253 0.0288643 0.484393
2 0.697393 0.199983 0.0609914 0.0403104 0.476323
2 0.866041 0.401863 0.118398 0.0931729 0.475595
2 0.83584 0.229831 0.066235 0.0579194 0.473904
2 0.952625 0.238884 0.048386 0.0508057 0.473742
2 0.394575 0.222494 0.0691109 0.0415429 0.472881
2 0.147645 0.217304 0.0555314 0.0395593 0.472287
2 0.636666 0.193782 0.0538999 0.0424017 0.47153
2 0.610563 0.264536 0.0583014 0.0833601 0.464304
2 0.960329 0.903033 0.0782032 0.185846 0.461069
2 0.507883 0.194295 0.0579621 0.0374241 0.458484
2 0.960279 0.902232 0.0790262 0.18631 0.457626
2 0.18505 0.206562 0.0382439 0.0294074 0.455762
2 0.697873 0.199908 0.0621014 0.0401147 0.454927
2 0.972975 0.478766 0.0535011 0.0938997 0.446886
2 0.972732 0.480103 0.0536844 0.0943656 0.444152
2 0.874891 0.197402 0.0522484 0.04112 0.443767
2 0.348972 0.21623 0.0416773 0.04035 0.438498
2 0.86245 0.401228 0.111967 0.0921152 0.438352
2 0.347976 0.215647 0.0389981 0.0381379 0.437373
2 0.875593 0.194931 0.0517574 0.0457067 0.436752
2 0.609682 0.265563 0.0583096 0.08511 0.436165
2 0.63688 0.194393 0.0541267 0.0419529 0.433293
2 0.636884 0.193631 0.053297 0.0409091 0.424404
2 0.650003 0.303532 0.0728185 0.0799257 0.42144
2 0.348888 0.216828 0.0436401 0.0416481 0.410479
2 0.348621 0.215478 0.0407133 0.0409075 0.409981
2 0.609667 0.265801 0.0587786 0.0851846 0.407433
2 0.8745 0.198168 0.0503592 0.0415421 0.403449
2 0.18493 0.20522 0.0393417 0.0290927 0.39731
2 0.862604 0.400226 0.111618 0.0891994 0.395992
2 0.508071 0.193825 0.0582674 0.0360681 0.392518
2 0.184963 0.206295 0.0373369 0.0294539 0.388713
2 0.698224 0.199371 0.0629642 0.0405288 0.381576
2 0.836623 0.229275 0.0689503 0.0609118 0.380475
5 0.364326 0.153612 0.0433292 0.0613726 0.378385
2 0.96009 0.900856 0.0786732 0.18469 0.378183
2 0.348141 0.215508 0.0398804 0.0407454 0.377054
2 0.650158 0.306995 0.0738583 0.087958 0.376967
2 0.610087 0.26435 0.0577438 0.0813456 0.375346
2 0.185125 0.205343 0.0383186 0.0292372 0.373619
2 0.698466 0.20207 0.0614719 0.0348881 0.369971
2 0.960216 0.902298 0.078414 0.184857 0.367673
2 0.735848 0.182644 0.0427632 0.0327277 0.365978
2 0.96017 0.900509 0.0792217 0.185013 0.364884
2 0.746478 0.36169 0.0893267 0.0869513 0.359927
2 0.697385 0.19973 0.0616348 0.0405767 0.359305
2 0.960327 0.903181 0.0785107 0.190739 0.356771
2 0.609699 0.265539 0.0575213 0.0834144 0.354964
2 0.610854 0.266295 0.0590017 0.0836666 0.35445
2 0.869448 0.4028 0.123375 0.0908691 0.353642
2 0.507873 0.195192 0.0573627 0.0382045 0.352505
5 0.364351 0.153195 0.0429356 0.0612055 0.35037
2 0.650447 0.303996 0.0733206 0.084482 0.345474
2 0.697294 0.201763 0.0603634 0.0366314 0.344124
2 0.833734 0.241282 0.0625938 0.0372122 0.337373
2 0.650419 0.304097 0.0745404 0.0844472 0.336551
5 0.365009 0.153362 0.0455171 0.0612708 0.330081
2 0.393691 0.222181 0.070506 0.0427862 0.3299
2 0.610471 0.263977 0.0577263 0.0817283 0.316632
2 0.977377 0.315731 0.0442207 0.114636 0.315363
2 0.65069 0.310391 0.0744204 0.0962973 0.313701
2 0.836982 0.228663 0.0651096 0.0600413 0.312251
2 0.737039 0.183265 0.0396427 0.0322918 0.310964
2 0.651006 0.303779 0.0705061 0.0791963 0.308543
2 0.609528 0.266429 0.0589062 0.0860038 0.306606
2 0.97776 0.333113 0.043675 0.0828088 0.301001
5 0.364967 0.151178 0.0444904 0.0605325 0.300671
2 0.609702 0.265935 0.0576109 0.0856398 0.29768
2 0.875196 0.196755 0.052161 0.0419436 0.296588
2 0.977646 0.323958 0.0441488 0.0972762 0.292276
2 0.973222 0.481235 0.0533989 0.0909801 0.291738
2 0.735587 0.181854 0.0429647 0.0334463 0.29075
9 0.508007 0.0599953 0.0145913 0.0178548 0.288762
2 0.34832 0.215556 0.0408359 0.0406849 0.287532
2 0.872687 0.193632 0.0557739 0.0485587 0.284044
5 0.363484 0.15366 0.0426734 0.0603555 0.278493
2 0.749273 0.240485 0.0605932 0.0519778 0.272549
2 0.730965 0.183374 0.0523718 0.0327737 0.267371
2 0.977578 0.313635 0.0437662 0.118779 0.264471
2 0.977976 0.325484 0.043474 0.0980145 0.261598
2 0.63659 0.194463 0.0542656 0.0432196 0.261525
2 0.833357 0.239913 0.0625065 0.0405131 0.260028
2 0.652817 0.311992 0.0731346 0.0959359 0.258195
2 0.427417 0.165636 0.0232484 0.0257272 0.257813
2 0.977644 0.330497 0.0439354 0.0751416 0.257707
2 0.875457 0.199622 0.0500164 0.036941 0.257235
2 0.977371 0.320981 0.0446156 0.0974383 0.256708
2 0.731879 0.182934 0.0502762 0.0331269 0.251671
2 0.63718 0.194112 0.0545502 0.0428836 0.240083
2 0.698346 0.202502 0.0611568 0.0351435 0.236552
2 0.649018 0.303064 0.0711628 0.0787472 0.234058
2 0.454051 0.166394 0.0218456 0.0269892 0.233647
5 0.363332 0.154528 0.0414638 0.0579115 0.23159
9 0.507953 0.0604789 0.0148809 0.0193944 0.227848
2 0.978267 0.337047 0.0434492 0.0719379 0.224687
2 0.977811 0.315684 0.043815 0.115417 0.223353
2 0.398152 0.751414 0.226078 0.165793 0.223302
2 0.749447 0.238875 0.0602345 0.0486438 0.211663
2 0.853349 0.218689 0.0400059 0.0429159 0.206979
2 0.747332 0.360832 0.0896307 0.0861355 0.201047
2 0.147215 0.219122 0.0551542 0.0389675 0.198637
2 0.972899 0.479179 0.0532646 0.0935129 0.197622
2 0.427503 0.165858 0.022274 0.0262719 0.197562
2 0.977553 0.319183 0.0443195 0.0966507 0.195646
2 0.742648 0.35643 0.0817211 0.0779318 0.195185
2 0.757703 0.237467 0.0442404 0.0458099 0.190735
2 0.737101 0.182521 0.0399759 0.0333269 0.190354
2 0.736069 0.181606 0.0415281 0.0324807 0.189298
2 0.873881 0.192825 0.055073 0.0490472 0.188913
2 0.977887 0.313485 0.0436796 0.119474 0.180006
2 0.74828 0.241952 0.0593517 0.0523978 0.178521
2 0.738396 0.182317 0.0398233 0.0325305 0.177456
9 0.620379 0.0583749 0.011762 0.016772 0.171635
2 0.651349 0.321057 0.0759377 0.118956 0.17023
2 0.867346 0.192369 0.0663807 0.0487571 0.168274
2 0.294927 0.178814 0.0236751 0.0290522 0.1678
2 0.183042 0.205637 0.0443936 0.029681 0.165544
2 0.0262602 0.234446 0.052505 0.0305098 0.163089
2 0.609697 0.264737 0.0580842 0.0828787 0.162843
2 0.977928 0.33722 0.0433165 0.0753988 0.160395
5 0.371829 0.15058 0.0599489 0.0648768 0.159451
2 0.430589 0.163887 0.0267576 0.0285689 0.152648
2 0.977163 0.332736 0.0449669 0.0796861 0.152458
9 0.683996 0.0565845 0.0134321 0.0179421 0.15236
2 0.879677 0.18518 0.0450159 0.0349988 0.151401
2 0.684467 0.161304 0.039693 0.0335325 0.151045
2 0.570507 0.224674 0.0342981 0.0438113 0.149563
2 0.649859 0.30364 0.0709685 0.0805258 0.149454
2 0.748796 0.240196 0.0604904 0.0514812 0.146571
2 0.867732 0.194649 0.0695904 0.0498219 0.145155
2 0.741593 0.245235 0.0465509 0.0427044 0.143289
2 0.684412 0.160934 0.0386395 0.0346631 0.142927
2 0.873949 0.194209 0.0528969 0.04665 0.142354
2 0.842591 0.221263 0.0600918 0.0464971 0.139185
2 0.697572 0.199259 0.0612037 0.0415019 0.138827
2 0.569007 0.228831 0.0297911 0.0335866 0.138363
2 0.977612 0.31859 0.0447092 0.0791972 0.137702
2 0.427921 0.161959 0.0247531 0.0311515 0.132813
5 0.360638 0.152962 0.0346591 0.0560115 0.132151
2 0.747302 0.240756 0.0580211 0.0509735 0.131677
2 0.0265212 0.234658 0.0528513 0.0319279 0.131443
2 0.952778 0.237889 0.0478329 0.0489625 0.130454
2 0.613985 0.990211 0.135262 0.0190304 0.127382
2 0.684195 0.161139 0.0386682 0.034964 0.124386
2 0.61515 0.990321 0.137403 0.0187881 0.124012
2 0.748343 0.239546 0.0584068 0.0510414 0.123529
2 0.756073 0.237988 0.0469168 0.0462271 0.122905
2 0.613599 0.989927 0.138868 0.0196369 0.122462
2 0.857772 0.403358 0.100515 0.0782682 0.121676
0 0.578725 0.214986 0.0167581 0.026212 0.120308
2 0.73058 0.182761 0.0545931 0.0340756 0.119982
2 0.833127 0.238512 0.0614126 0.0430605 0.119794
2 0.749299 0.238825 0.0591846 0.0494645 0.11744
2 0.972939 0.479688 0.0535633 0.0906134 0.116056
2 0.875631 0.192244 0.0514008 0.0484665 0.115934
2 0.570663 0.22557 0.0328183 0.041997 0.114917
2 0.741707 0.243402 0.0471022 0.0504241 0.111542
2 0.866435 0.18903 0.068099 0.0419036 0.108878
2 0.610448 0.262375 0.0578398 0.0777941 0.107616
9 0.619963 0.0611201 0.0141773 0.0227381 0.105333
2 0.455105 0.165479 0.0228518 0.030524 0.104539
2 0.685008 0.161378 0.0411333 0.0345166 0.104241
