5 0.367757 0.545841 0.415594 0.407391 0.905243
5 0.36782 0.546431 0.415472 0.403631 0.899119
5 0.368377 0.547599 0.415308 0.405253 0.898791
5 0.910664 0.444906 0.178486 0.222962 0.889719
5 0.910666 0.444032 0.177794 0.221871 0.883875
5 0.910757 0.445489 0.177798 0.223079 0.883075
5 0.910486 0.443893 0.178109 0.220247 0.881286
5 0.910746 0.44407 0.177612 0.220979 0.877511
5 0.368059 0.546417 0.415136 0.404588 0.876338
5 0.368229 0.545902 0.416325 0.406517 0.87489
5 0.910529 0.443782 0.177691 0.220578 0.874759
5 0.910968 0.444843 0.177266 0.222416 0.866941
5 0.368472 0.546355 0.415364 0.404617 0.859661
5 0.368328 0.546452 0.415245 0.403011 0.859201
5 0.367937 0.546517 0.414918 0.404925 0.851775
5 0.368425 0.546486 0.413941 0.407023 0.845844
5 0.910487 0.444115 0.1779 0.222165 0.845431
5 0.2965 0.324906 0.178704 0.139628 0.841639
5 0.910639 0.444701 0.17824 0.221606 0.838693
5 0.296098 0.325344 0.178789 0.138875 0.837019
5 0.910771 0.444644 0.177953 0.220978 0.822401
2 0.593118 0.454725 0.129708 0.103296 0.820636
5 0.368493 0.546068 0.416361 0.407418 0.818998
2 0.592839 0.454457 0.129354 0.103304 0.813265
5 0.296941 0.324697 0.17692 0.13993 0.812493
2 0.592811 0.454326 0.128812 0.104068 0.807053
5 0.296841 0.324888 0.18046 0.138515 0.803874
2 0.593047 0.454571 0.128928 0.102939 0.798796
2 0.593202 0.454514 0.129299 0.104306 0.785131
5 0.0721465 0.362877 0.144293 0.147145 0.783707
2 0.593452 0.454456 0.130309 0.102558 0.782254
5 0.376224 0.311169 0.178761 0.132788 0.775854
2 0.592865 0.454736 0.129876 0.102675 0.775715
2 0.593363 0.454414 0.130634 0.103055 0.77535
5 0.296056 0.324218 0.176471 0.141261 0.771814
5 0.37684 0.312478 0.179632 0.134984 0.765988
5 0.296831 0.325243 0.179065 0.140111 0.765508
5 0.0713592 0.36239 0.142718 0.144421 0.76346
2 0.509104 0.375885 0.0937418 0.0791339 0.746265
2 0.509374 0.375726 0.0938694 0.0786861 0.744882
2 0.67037 0.42536 0.12847 0.0963571 0.742655
5 0.0713204 0.362095 0.141991 0.145586 0.740838
2 0.593256 0.454058 0.129175 0.104459 0.739643
2 0.0988373 0.497284 0.0797127 0.0969124 0.738958
2 0.0989858 0.497186 0.0799403 0.0965993 0.735678
2 0.509295 0.375968 0.0945269 0.0790751 0.733931
2 0.44803 0.403409 0.0981715 0.0817404 0.733595
5 0.29598 0.325575 0.178035 0.139409 0.733385
2 0.446531 0.40376 0.0975003 0.080473 0.732551
5 0.071252 0.361661 0.142504 0.143451 0.730921
2 0.447723 0.40298 0.0982834 0.0830492 0.728905
5 0.0713958 0.362484 0.142792 0.144127 0.724647
5 0.0714605 0.362529 0.142254 0.144457 0.721591
2 0.0989538 0.497472 0.0800392 0.0964478 0.720953
5 0.0717374 0.361883 0.143475 0.143922 0.720491
5 0.295922 0.325785 0.177151 0.139329 0.720259
2 0.0990303 0.49694 0.0801274 0.0972619 0.719271
2 0.669211 0.425198 0.128941 0.0963341 0.718588
2 0.669722 0.425057 0.12818 0.0959306 0.716526
2 0.509051 0.375806 0.0935057 0.0789534 0.715774
2 0.447995 0.40337 0.0982899 0.0816706 0.715019
5 0.37627 0.310627 0.180121 0.131553 0.714043
2 0.447851 0.403428 0.0970386 0.0829712 0.712648
5 0.375543 0.311454 0.18052 0.133093 0.708597
2 0.669747 0.425595 0.128196 0.0958864 0.705304
2 0.509307 0.376511 0.0946648 0.0792638 0.703274
2 0.669083 0.425044 0.128618 0.0965797 0.698513
2 0.0989449 0.49739 0.0795081 0.0967834 0.697065
2 0.447819 0.403486 0.0970707 0.0811004 0.693976
2 0.0987621 0.497402 0.0799577 0.0976875 0.68741
5 0.296558 0.325576 0.175526 0.140626 0.681089
2 0.669673 0.424863 0.128863 0.0969198 0.68082
5 0.297055 0.324654 0.173512 0.140361 0.680667
5 0.07095 0.362179 0.141176 0.146606 0.676539
2 0.593218 0.454372 0.129651 0.102607 0.671949
2 0.774517 0.51501 0.1581 0.127586 0.66729
2 0.670302 0.425427 0.128499 0.0960046 0.661556
5 0.0713527 0.362905 0.142208 0.146184 0.651569
2 0.447566 0.403439 0.097926 0.0820244 0.651446
2 0.774317 0.515197 0.158148 0.125902 0.631723
2 0.775021 0.514917 0.15851 0.1276 0.630601
2 0.952092 0.584429 0.0947714 0.115873 0.624504
5 0.377609 0.312235 0.176261 0.13548 0.619592
2 0.669476 0.424845 0.12974 0.097011 0.6184
5 0.37678 0.311073 0.179231 0.13295 0.612362
2 0.951807 0.584008 0.095364 0.115793 0.608784
2 0.951718 0.584099 0.0957991 0.115163 0.607659
2 0.447863 0.403407 0.0983383 0.0832705 0.600523
2 0.669143 0.425616 0.129111 0.0972401 0.591795
2 0.951837 0.583843 0.0953068 0.116001 0.590746
2 0.509202 0.375845 0.0935032 0.0785544 0.574798
5 0.376198 0.312751 0.178295 0.13532 0.570409
2 0.951851 0.584485 0.0952709 0.115268 0.565806
2 0.951459 0.584079 0.0965843 0.115397 0.559949
2 0.774866 0.514668 0.157449 0.127522 0.559665
2 0.774073 0.514918 0.156183 0.12582 0.553485
5 0.869205 0.806577 0.260637 0.386847 0.541531
5 0.377108 0.311544 0.17774 0.13574 0.539999
5 0.376128 0.310479 0.179273 0.132586 0.533333
2 0.774202 0.514963 0.156561 0.128093 0.532772
5 0.378878 0.312064 0.173466 0.132257 0.531127
2 0.0984071 0.497423 0.0803568 0.0969109 0.526789
2 0.592902 0.453562 0.129926 0.104416 0.526759
2 0.951508 0.58391 0.0965666 0.115392 0.520936
5 0.868277 0.806032 0.261775 0.386999 0.520353
5 0.868806 0.806381 0.261129 0.386333 0.512563
2 0.136582 0.432149 0.0653657 0.0879478 0.510325
2 0.951874 0.584169 0.0957434 0.115684 0.503829
5 0.868333 0.805932 0.261808 0.38669 0.501714
2 0.0985093 0.497647 0.0786764 0.0966763 0.499213
2 0.774221 0.515085 0.156737 0.126949 0.484849
0 0.775946 0.242083 0.0245079 0.0450381 0.482851
2 0.137452 0.431798 0.066026 0.0893917 0.479299
5 0.869239 0.806612 0.260231 0.386235 0.476973
0 0.775663 0.242099 0.0250625 0.0450348 0.470069
0 0.775659 0.241604 0.0252333 0.0457935 0.467759
2 0.510238 0.375384 0.092169 0.0766378 0.463551
2 0.509711 0.375064 0.0934883 0.0778795 0.462937
2 0.671243 0.426694 0.127478 0.0952897 0.462582
5 0.87029 0.806812 0.25888 0.386377 0.458917
2 0.508802 0.375196 0.0934094 0.0782271 0.458091
2 0.951888 0.584511 0.0954319 0.114678 0.456793
0 0.77566 0.241841 0.0246655 0.0451327 0.452899
0 0.77582 0.242072 0.0243113 0.0448159 0.451604
5 0.0718822 0.362253 0.14281 0.144163 0.450879
2 0.447298 0.402955 0.0972356 0.0803717 0.44489
2 0.136802 0.432027 0.064859 0.0881307 0.433852
2 0.77433 0.515096 0.156034 0.125449 0.425678
2 0.13645 0.431718 0.0664162 0.0878413 0.420531
2 0.773976 0.515545 0.157088 0.125412 0.400729
0 0.775644 0.24231 0.0243126 0.0453876 0.39816
5 0.377592 0.311609 0.177313 0.130724 0.384181
2 0.0997941 0.49819 0.0818522 0.0955877 0.364344
2 0.136225 0.431981 0.0660732 0.0871317 0.34678
2 0.137668 0.431532 0.0650592 0.0894125 0.322829
2 0.136805 0.431787 0.0656315 0.0874991 0.319723
2 0.125384 0.234225 0.0285426 0.032229 0.305054
5 0.867517 0.806549 0.263244 0.38599 0.299732
2 0.137091 0.43211 0.0647602 0.0898752 0.297585
2 0.517056 0.194638 0.0519107 0.0310129 0.296837
5 0.378741 0.31001 0.17538 0.130639 0.296434
2 0.774763 0.514914 0.157654 0.126797 0.277907
2 0.775025 0.515362 0.159879 0.128052 0.273177
2 0.136886 0.431962 0.0656296 0.0881114 0.267581
2 0.517089 0.195205 0.0503532 0.0320883 0.259847
2 0.447897 0.403143 0.0983715 0.0826049 0.240407
2 0.51616 0.193391 0.0507566 0.0317673 0.239325
2 0.125069 0.233535 0.0294295 0.0324792 0.237159
2 0.508815 0.374937 0.0941938 0.0813517 0.235758
5 0.868006 0.806406 0.262425 0.386391 0.234652
2 0.951723 0.584449 0.0953968 0.117405 0.232569
2 0.447053 0.402667 0.099515 0.0795465 0.215277
2 0.550309 0.210537 0.0508163 0.0347107 0.214599
5 0.0720564 0.36331 0.144037 0.147336 0.209727
2 0.517331 0.195336 0.0499748 0.0310227 0.209124
2 0.516338 0.194406 0.0501323 0.0328449 0.208835
2 0.549823 0.210921 0.0493081 0.0336764 0.201543
2 0.12536 0.234069 0.0287284 0.0331755 0.187121
0 0.918552 0.273276 0.0275072 0.0548553 0.172123
2 0.516359 0.193702 0.0500213 0.0334502 0.170572
2 0.549771 0.210888 0.049276 0.0341691 0.168207
0 0.918752 0.273284 0.0284935 0.0539155 0.161251
0 0.919438 0.272711 0.0288223 0.055427 0.154666
0 0.91931 0.273082 0.0282558 0.0544831 0.151058
0 0.701185 0.23824 0.025237 0.0611671 0.14136
5 0.870117 0.806566 0.258974 0.383268 0.13531
2 0.550176 0.210546 0.0496367 0.0348026 0.132273
2 0.124845 0.233192 0.0292677 0.0332099 0.130247
2 0.549755 0.210293 0.0480391 0.0352986 0.128895
5 0.0709789 0.362108 0.141245 0.145637 0.128642
2 0.12495 0.232397 0.0306521 0.0346842 0.124176
2 0.550042 0.210272 0.0477859 0.0345122 0.118372
0 0.582183 0.210456 0.0168346 0.0419461 0.115973
0 0.919494 0.275126 0.0251873 0.0504352 0.113857
0 0.310796 0.201548 0.0149772 0.0293813 0.111947
2 0.364937 0.177722 0.0360838 0.0233531 0.111002
0 0.919079 0.274341 0.0279739 0.0521324 0.110379
5 0.378635 0.312435 0.176295 0.137503 0.108753
5 0.296496 0.326434 0.178965 0.14082 0.10816
2 0.516219 0.195957 0.0509665 0.0330605 0.100943
0 0.700469 0.249114 0.026243 0.0399981 0.0996493
0 0.702708 0.2378 0.0233341 0.0607451 0.0991172
2 0.00880147 0.414221 0.017484 0.0315014 0.0975784
2 0.443895 0.194023 0.0189537 0.0233843 0.0969195
0 0.776383 0.242017 0.0275766 0.0464202 0.0949918
5 0.868184 0.805277 0.263115 0.389445 0.0946038
0 0.919593 0.274734 0.0276373 0.0524132 0.0937768
0 0.700591 0.240155 0.0260288 0.0573725 0.0925307
0 0.701206 0.242327 0.0256851 0.0542026 0.0923669
2 0.0990984 0.497403 0.0809009 0.0967451 0.0902532
0 0.919747 0.273858 0.0282135 0.053158 0.0888572
2 0.509231 0.375377 0.0909884 0.0774325 0.0886369
0 0.701575 0.237815 0.0283515 0.0602015 0.0881143
0 0.917561 0.272593 0.0293079 0.0541733 0.0878063
0 0.310227 0.200885 0.0163762 0.0282634 0.0849112
0 0.920998 0.275553 0.0249168 0.0505228 0.0807206
0 0.3094 0.201544 0.0144463 0.0273451 0.0805793
0 0.684126 0.225971 0.0167274 0.0482922 0.0794987
2 0.124819 0.231872 0.0295864 0.0343914 0.076815
2 0.668856 0.425105 0.130242 0.0984905 0.0757584
2 0.00855372 0.412935 0.0169612 0.0294842 0.0756366
2 0.547197 0.211936 0.0458784 0.0303106 0.072487
2 0.501216 0.195683 0.0202688 0.0222163 0.0714938
5 0.868662 0.805872 0.26123 0.387086 0.0713513
2 0.443767 0.193073 0.0220632 0.0249268 0.071221
3 0.700985 0.252392 0.0249488 0.0368209 0.0710769
2 0.505652 0.196012 0.0309456 0.0300655 0.070583
2 0.365629 0.178556 0.0364169 0.0231526 0.0703115
0 0.777219 0.243608 0.0260132 0.0459836 0.0696522
0 0.701789 0.245519 0.0273851 0.0476589 0.0685192
2 0.5162 0.194624 0.0524425 0.0319099 0.0673107
0 0.581843 0.214845 0.0178121 0.0410131 0.0654757
0 0.703422 0.22352 0.0193386 0.0315744 0.0646075
0 0.699572 0.234892 0.0227347 0.0530942 0.0615835
2 0.98275 0.242469 0.0337315 0.0539986 0.0615615
0 0.367789 0.205192 0.0105996 0.0273563 0.0606771
2 0.136133 0.431811 0.0669779 0.0869938 0.0585725
0 0.68394 0.22933 0.0172219 0.0452105 0.0581257
3 0.701076 0.251919 0.0253426 0.0378031 0.057163
2 0.982436 0.243408 0.0345276 0.0540047 0.0556801
2 0.021878 0.797359 0.0436203 0.15516 0.0519562
0 0.689402 0.231908 0.0192745 0.0483649 0.0511263
2 0.889632 0.679304 0.0730183 0.0554752 0.0509809
2 0.125727 0.233315 0.0323583 0.0342902 0.0509805
0 0.917572 0.273536 0.0298592 0.0527644 0.0509287
2 0.364583 0.178036 0.0363158 0.0237414 0.0507599
2 0.0232916 0.277329 0.0465321 0.0524042 0.049331
0 0.58197 0.201962 0.0170696 0.0560164 0.0490848
2 0.517087 0.195357 0.0531414 0.0301725 0.048781
0 0.494925 0.220542 0.0151903 0.0323176 0.0482197
0 0.893085 0.428939 0.0245867 0.0579199 0.0471812
2 0.45337 0.191633 0.0319077 0.0269317 0.045302
9 0.703841 0.11739 0.0244499 0.031255 0.0435845
2 0.98098 0.244763 0.0375744 0.0587711 0.0432989
2 0.363428 0.178703 0.0323011 0.0222279 0.0429766
2 0.124315 0.232905 0.0305067 0.0339443 0.0427662
2 0.0983664 0.497573 0.0801401 0.0975845 0.0416532
0 0.683772 0.232907 0.0160952 0.0389912 0.041124
2 0.551063 0.209374 0.0525274 0.0365302 0.0405754
0 0.792385 0.226325 0.0111319 0.0310185 0.0404697
0 0.695147 0.229564 0.0176903 0.0455908 0.0397215
0 0.917115 0.272041 0.0281315 0.0519341 0.0394041
2 0.889814 0.680862 0.0727703 0.0536165 0.0392428
5 0.911657 0.41688 0.176025 0.167857 0.0389565
9 0.703183 0.116392 0.0234381 0.0314885 0.0386978
9 0.70332 0.116513 0.0249006 0.0321735 0.036164
0 0.698202 0.238932 0.0320435 0.0578757 0.0361042
0 0.93431 0.544945 0.0333271 0.0312941 0.0360411
2 0.452782 0.191306 0.033301 0.0263854 0.0357789
0 0.775873 0.239826 0.0257851 0.0469101 0.0349553
9 0.70243 0.117666 0.0223061 0.031419 0.0348297
5 0.789139 0.744198 0.420557 0.510672 0.0345744
0 0.917122 0.210426 0.0123095 0.0225431 0.0345114
2 0.0233976 0.277501 0.0466114 0.0521603 0.0342544
0 0.891288 0.423706 0.0250261 0.0538776 0.0339521
0 0.776175 0.239887 0.0253245 0.046947 0.0337802
0 0.892176 0.437218 0.0211802 0.042264 0.0337317
0 0.044736 0.272142 0.0132152 0.0299122 0.0334491
2 0.889486 0.679333 0.0729752 0.0522495 0.0333658
9 0.977914 0.121293 0.0420635 0.0311061 0.0331856
2 0.889439 0.679401 0.0738058 0.0537435 0.0319914
0 0.583865 0.21444 0.0176069 0.0396737 0.0317869
2 0.446839 0.192138 0.0274395 0.0277374 0.0315063
0 0.893215 0.427231 0.0252773 0.057594 0.0306856
2 0.538569 0.206631 0.0307355 0.0250819 0.030655
0 0.00933884 0.414395 0.0185292 0.0349151 0.0295021
5 0.783293 0.742595 0.430942 0.506785 0.0294601
2 0.0218262 0.807053 0.0432076 0.134538 0.0292765
2 0.0219012 0.780949 0.0437406 0.189198 0.0287558
0 0.710632 0.224441 0.0127553 0.0370804 0.0284462
9 0.926811 0.129606 0.0233185 0.0477093 0.0283312
9 0.703883 0.118234 0.02693 0.0315811 0.0282951
0 0.935102 0.987266 0.0700846 0.0245941 0.0282023
0 0.919795 0.272905 0.0286396 0.0536244 0.0280971
0 0.653227 0.210096 0.0119493 0.0298529 0.028017
0 0.36809 0.206757 0.0109734 0.0283166 0.0278727
0 0.652606 0.211072 0.0149358 0.0317358 0.027866
2 0.890598 0.682481 0.0717163 0.0500452 0.0271178
9 0.977909 0.121545 0.0428249 0.0335539 0.0269198
2 0.512203 0.19185 0.0423918 0.0312451 0.0268834
2 0.458355 0.190033 0.0283789 0.0245498 0.0266756
2 0.456753 0.190117 0.027429 0.0273541 0.0265673
9 0.609804 0.114964 0.023805 0.0275931 0.0263742
0 0.775019 0.241908 0.0287085 0.0456175 0.0259971
2 0.0995059 0.497345 0.0816351 0.0977972 0.0255681
9 0.865248 0.127017 0.0199844 0.0370625 0.025478
2 0.890008 0.680021 0.0734482 0.0554594 0.0251856
0 0.931746 0.987535 0.0625698 0.0241829 0.0250041
2 0.982256 0.243522 0.0351376 0.0538071 0.0248527
2 0.54066 0.207417 0.0359798 0.0374485 0.0246837
0 0.633671 0.218623 0.0140818 0.0338998 0.0240206
9 0.926102 0.127011 0.0207958 0.0441175 0.0239571
9 0.865996 0.128236 0.0186932 0.0350376 0.0238965
0 0.931953 0.987485 0.0620491 0.0242462 0.0236873
0 0.931967 0.987386 0.0625011 0.0244272 0.0236201
2 0.371018 0.178663 0.0272124 0.0224942 0.0235581
0 0.579931 0.184719 0.0153608 0.0239019 0.0229737
2 0.458793 0.189952 0.026487 0.0261336 0.0227298
0 0.366354 0.206503 0.0151713 0.0312365 0.0224715
0 0.311541 0.199323 0.0185614 0.0308384 0.0224439
