2 0.772664 0.264321 0.0892259 0.06301 0.823168
2 0.772684 0.264209 0.0887452 0.0622049 0.815407
2 0.54456 0.363939 0.105007 0.0824556 0.78813
2 0.772748 0.265132 0.0892801 0.0637213 0.783083
2 0.772894 0.26455 0.0886772 0.0622173 0.780371
2 0.544212 0.363566 0.104523 0.0821682 0.779368
2 0.772569 0.263751 0.0895654 0.0633703 0.778003
2 0.657571 0.227465 0.0776241 0.0429203 0.776689
2 0.773017 0.263623 0.0889794 0.0632428 0.773354
2 0.773068 0.264016 0.0889805 0.0608031 0.763981
2 0.544878 0.364165 0.104973 0.0823397 0.744041
2 0.657554 0.227475 0.0769633 0.0436186 0.738744
2 0.6574 0.227898 0.0768505 0.0425864 0.716048
2 0.657581 0.228252 0.0770252 0.043284 0.71369
2 0.544318 0.363834 0.104582 0.0824973 0.707904
2 0.657586 0.228208 0.0771189 0.0438355 0.704207
2 0.16715 0.497006 0.111638 0.14871 0.702324
2 0.544317 0.36373 0.106022 0.0837129 0.694834
2 0.657769 0.228171 0.0765602 0.0436804 0.681171
2 0.544798 0.363539 0.10409 0.0822237 0.680215
2 0.455021 0.213685 0.0606739 0.0352262 0.678982
2 0.657766 0.227306 0.0764438 0.0438061 0.668528
2 0.544305 0.363839 0.104419 0.0828035 0.665779
2 0.166638 0.496865 0.112269 0.148263 0.654367
2 0.424308 0.19057 0.0536761 0.0348982 0.654252
5 0.901033 0.431196 0.197518 0.251394 0.646112
2 0.772536 0.264353 0.0886457 0.0631156 0.644293
0 0.337951 0.748284 0.0456403 0.119374 0.638882
2 0.772769 0.264705 0.089937 0.062998 0.636131
2 0.166819 0.497087 0.111813 0.148706 0.629907
2 0.455377 0.214019 0.0594211 0.0339054 0.628722
2 0.657279 0.227245 0.0764072 0.0444032 0.627253
2 0.244878 0.315591 0.0621945 0.0581064 0.626627
5 0.90097 0.427382 0.19661 0.245094 0.624848
2 0.424235 0.190699 0.0536266 0.0348976 0.6221
2 0.424449 0.190692 0.0535824 0.0344783 0.617192
2 0.424575 0.190502 0.051696 0.0349944 0.611073
2 0.166533 0.496956 0.111128 0.147483 0.610543
2 0.245293 0.316252 0.0605239 0.0572476 0.608804
2 0.166324 0.497189 0.11269 0.148503 0.607426
2 0.244909 0.316288 0.0620344 0.0576232 0.606696
5 0.900841 0.436128 0.197762 0.263523 0.600951
0 0.337561 0.748499 0.0463419 0.119125 0.600245
5 0.901071 0.427686 0.19702 0.24669 0.595957
2 0.245022 0.315436 0.0623551 0.0581041 0.591436
2 0.657336 0.228103 0.0772339 0.042779 0.585969
5 0.900478 0.42676 0.197896 0.245978 0.579604
2 0.424058 0.19107 0.0541323 0.0343539 0.579048
2 0.244771 0.316165 0.061871 0.057987 0.57683
2 0.455328 0.213616 0.0597345 0.0357239 0.571736
2 0.166535 0.497121 0.112063 0.148548 0.570647
5 0.90102 0.430236 0.196603 0.250767 0.564057
2 0.454744 0.21368 0.0597418 0.0355678 0.562575
5 0.90079 0.431325 0.197139 0.255039 0.562157
5 0.897178 0.441498 0.205208 0.273763 0.561243
2 0.772902 0.2647 0.0878713 0.0630886 0.558114
2 0.657764 0.227217 0.076013 0.0440043 0.555078
2 0.455122 0.213334 0.0597211 0.0366198 0.553864
2 0.455948 0.213874 0.0583576 0.0348768 0.552138
2 0.657229 0.228235 0.0769154 0.0422115 0.543046
2 0.166221 0.49727 0.113444 0.149056 0.516269
2 0.245975 0.318227 0.0602085 0.0538305 0.514772
0 0.337608 0.748256 0.0465505 0.119823 0.502319
2 0.424255 0.190076 0.0519684 0.03448 0.499406
2 0.670662 0.400398 0.12022 0.0862096 0.472185
5 0.901191 0.428269 0.196897 0.245452 0.468936
2 0.772324 0.264431 0.0881048 0.0637851 0.461794
2 0.491593 0.449925 0.122101 0.101502 0.459324
5 0.895605 0.43304 0.207754 0.258352 0.457612
2 0.166037 0.496532 0.113245 0.149292 0.456244
2 0.545054 0.363753 0.106394 0.0834085 0.456158
0 0.338512 0.750786 0.0481354 0.117367 0.449888
2 0.671166 0.402185 0.122393 0.0890583 0.441277
2 0.492015 0.449308 0.123479 0.10178 0.44096
2 0.245595 0.315711 0.0612491 0.0589301 0.440809
2 0.544062 0.363521 0.105076 0.0836745 0.440615
2 0.670849 0.40373 0.123283 0.0918669 0.440486
2 0.491756 0.44989 0.122376 0.101088 0.43014
2 0.65781 0.228209 0.0766588 0.0420847 0.429418
0 0.33863 0.748649 0.0463353 0.119113 0.42872
2 0.673784 0.459144 0.141045 0.109449 0.426648
2 0.673126 0.45894 0.142135 0.108324 0.421686
2 0.423435 0.19042 0.0518106 0.0338638 0.420117
2 0.424302 0.1907 0.0521288 0.0338835 0.417163
5 0.886951 0.580391 0.225147 0.242605 0.416592
5 0.900801 0.42374 0.197115 0.238388 0.416481
2 0.245472 0.316593 0.0601377 0.0566741 0.414791
2 0.672985 0.458613 0.140061 0.108744 0.40849
2 0.491738 0.450118 0.121866 0.100665 0.407478
2 0.667519 0.392105 0.116515 0.069283 0.405937
2 0.165726 0.496467 0.11367 0.149807 0.40153
2 0.673875 0.458874 0.140523 0.109187 0.399476
2 0.493651 0.44927 0.122543 0.103739 0.396427
2 0.672319 0.401785 0.122886 0.0893637 0.393749
9 0.221265 0.263549 0.0279112 0.0283702 0.390291
2 0.491977 0.449581 0.122747 0.100818 0.38492
2 0.67083 0.401599 0.121802 0.0908306 0.380159
5 0.88722 0.580941 0.225094 0.242716 0.376086
2 0.671082 0.404513 0.12447 0.0941214 0.373908
2 0.245554 0.320632 0.0609934 0.0491238 0.370805
2 0.673826 0.458629 0.141731 0.108831 0.358498
2 0.672924 0.459053 0.142746 0.108298 0.357243
5 0.887173 0.580445 0.22463 0.240366 0.353322
0 0.33802 0.744767 0.0438574 0.111209 0.352205
2 0.673328 0.458561 0.142055 0.108777 0.345693
2 0.490979 0.451276 0.121606 0.100981 0.341928
5 0.887445 0.580067 0.224743 0.240342 0.333259
2 0.244929 0.315955 0.0631349 0.058398 0.330976
2 0.67341 0.402775 0.128011 0.092146 0.315364
2 0.424051 0.190474 0.0532418 0.0358368 0.311662
0 0.3381 0.752067 0.0466421 0.116953 0.309905
5 0.887008 0.579654 0.224745 0.240758 0.307225
2 0.545228 0.364519 0.10833 0.0826942 0.299111
2 0.454033 0.213716 0.0613415 0.0360308 0.29736
2 0.668569 0.391824 0.118027 0.0715422 0.297259
2 0.453985 0.213709 0.0596302 0.031603 0.295619
2 0.670427 0.398643 0.120706 0.0844527 0.295253
2 0.424784 0.190719 0.0545623 0.0348383 0.29416
2 0.49104 0.451676 0.121501 0.101813 0.280078
5 0.887681 0.577876 0.224168 0.239992 0.278354
5 0.886915 0.580198 0.225775 0.241356 0.277439
2 0.67354 0.458703 0.141966 0.108949 0.277069
5 0.887165 0.578637 0.224945 0.239099 0.273771
2 0.49172 0.450203 0.121733 0.100777 0.272808
2 0.371538 0.160193 0.02797 0.020868 0.261722
2 0.673798 0.458556 0.140905 0.109074 0.257314
5 0.887143 0.547204 0.225713 0.310295 0.256381
2 0.673673 0.458511 0.141815 0.109219 0.250675
2 0.454967 0.214057 0.0612633 0.0364686 0.243779
2 0.492121 0.449852 0.122439 0.100941 0.241953
0 0.332657 0.766831 0.0359102 0.0782976 0.241304
0 0.333162 0.769191 0.0363669 0.0774103 0.240375
2 0.501965 0.384962 0.101165 0.0550976 0.239573
2 0.245261 0.316243 0.062314 0.0589893 0.23764
5 0.886704 0.5794 0.226313 0.239411 0.236792
0 0.33059 0.768801 0.0317157 0.0771781 0.234433
9 0.221965 0.263217 0.0294735 0.0285389 0.231563
2 0.551855 0.190298 0.0496946 0.0318063 0.227007
2 0.424253 0.191172 0.0524595 0.0344097 0.226189
2 0.551598 0.191521 0.0483647 0.0298997 0.223719
0 0.0285268 0.809921 0.0443033 0.109505 0.223673
2 0.551638 0.191449 0.0485451 0.0298009 0.222957
0 0.0285025 0.809342 0.0443916 0.110141 0.221748
0 0.340114 0.729374 0.0348016 0.0768639 0.217125
0 0.0284111 0.809924 0.0455222 0.10915 0.216846
2 0.551133 0.190527 0.050244 0.0314797 0.195633
2 0.644834 0.3935 0.0705729 0.0552553 0.19538
2 0.551403 0.190178 0.0497055 0.0320564 0.191153
2 0.493727 0.382523 0.0842358 0.0531755 0.177785
0 0.330142 0.768273 0.0316182 0.0759362 0.170716
2 0.516272 0.174587 0.0465347 0.0303714 0.168348
2 0.370878 0.16021 0.0340446 0.0207034 0.167897
2 0.455313 0.215258 0.0597492 0.0354002 0.166326
2 0.5168 0.173295 0.047081 0.0323679 0.164691
2 0.372105 0.160902 0.0303751 0.020948 0.164021
2 0.494798 0.380216 0.0837566 0.0488669 0.161955
0 0.337049 0.74505 0.0455349 0.11183 0.157468
2 0.462048 0.215587 0.0461163 0.0320063 0.154852
9 0.221934 0.263017 0.0294464 0.0282624 0.153123
2 0.644609 0.393121 0.0693665 0.0577564 0.15033
2 0.458712 0.214923 0.0529144 0.0335306 0.148087
2 0.649588 0.393929 0.0795415 0.0563348 0.147652
2 0.498265 0.38235 0.0940966 0.0533699 0.146747
2 0.518402 0.174509 0.0432137 0.0331784 0.143271
0 0.334662 0.770663 0.0389817 0.0792992 0.142173
0 0.336859 0.734466 0.0407703 0.089707 0.138383
2 0.371324 0.160666 0.0309925 0.0211439 0.13312
0 0.0215445 0.163506 0.0196377 0.0352574 0.131915
0 0.329024 0.768165 0.0289741 0.0765259 0.129964
2 0.772558 0.264437 0.0887829 0.0631402 0.129063
0 0.0298503 0.809401 0.0425437 0.10774 0.128241
2 0.645724 0.394202 0.0717835 0.0544255 0.127059
2 0.0141739 0.406777 0.0223476 0.0375759 0.12619
2 0.49358 0.449047 0.123099 0.102914 0.125223
2 0.772547 0.264954 0.0872137 0.0628686 0.124487
0 0.0282142 0.809942 0.044617 0.110934 0.123726
2 0.492922 0.380485 0.0812569 0.0496244 0.122276
0 0.0297 0.810167 0.0425394 0.106439 0.118618
0 0.0228597 0.16451 0.0215914 0.0340431 0.113949
0 0.0241338 0.163472 0.0233017 0.0361094 0.113644
9 0.22159 0.262707 0.0297169 0.0296624 0.113305
0 0.0288923 0.809199 0.0425662 0.107839 0.110273
2 0.551304 0.189273 0.0501778 0.029485 0.107104
2 0.658216 0.227473 0.0747244 0.0438089 0.104908
2 0.494421 0.381959 0.0855431 0.0537575 0.103994
0 0.0277721 0.809933 0.0465985 0.1115 0.0992209
0 0.341273 0.746636 0.04211 0.114957 0.0991898
2 0.498806 0.381273 0.0959364 0.0494152 0.0969228
7 0.672926 0.428217 0.133049 0.142351 0.0961128
2 0.657303 0.389213 0.0945049 0.0590925 0.0919461
2 0.643813 0.393604 0.067926 0.0580006 0.0906697
2 0.372011 0.160351 0.0320789 0.0223284 0.0906093
0 0.328029 0.766317 0.0275104 0.0728059 0.0898711
0 0.339346 0.76939 0.0491518 0.0791048 0.0896539
2 0.496258 0.383294 0.0891596 0.0559518 0.0880126
2 0.494089 0.380396 0.0837273 0.0507634 0.0869888
2 0.643818 0.394348 0.0688406 0.0547631 0.0858222
2 0.460165 0.16967 0.0271252 0.0256189 0.0836139
2 0.671837 0.403272 0.121398 0.094366 0.08353
2 0.531088 0.413237 0.0568122 0.0546899 0.0816636
2 0.530688 0.41368 0.0576164 0.0532878 0.081243
2 0.500291 0.385459 0.100275 0.0579947 0.0803481
0 0.0277975 0.809875 0.0441134 0.110497 0.0803103
2 0.647364 0.393763 0.0744663 0.0536887 0.0791768
0 0.0471356 0.150138 0.0163762 0.0270013 0.0785356
7 0.672298 0.434249 0.133803 0.155693 0.078194
0 0.954817 0.581143 0.0446308 0.0558247 0.0769797
2 0.55248 0.190507 0.0485856 0.0304711 0.0765103
0 0.951515 0.580943 0.0432011 0.0546846 0.0764463
2 0.504721 0.175571 0.0215821 0.028248 0.0761502
2 0.541468 0.363548 0.113291 0.0807285 0.0753741
0 0.0734067 0.176089 0.0176261 0.0221767 0.0744799
7 0.672182 0.429034 0.131742 0.142525 0.0739718
2 0.544898 0.363188 0.103748 0.0825828 0.0727336
0 0.853572 0.393562 0.0225876 0.0446698 0.072546
2 0.51482 0.175448 0.0438601 0.0340714 0.0725018
0 0.0726433 0.175009 0.0161492 0.023545 0.0713817
2 0.0138909 0.406801 0.0200694 0.0369171 0.070892
2 0.552205 0.191173 0.0492252 0.0295218 0.0704943
2 0.657192 0.392277 0.0933033 0.0569952 0.0682561
0 0.0251988 0.165729 0.0211947 0.0314871 0.0670081
2 0.884533 0.558398 0.220552 0.19742 0.066746
2 0.699783 0.422501 0.0634628 0.060354 0.0665192
2 0.503724 0.40553 0.10908 0.0682359 0.0662883
2 0.368832 0.160257 0.0350701 0.0199621 0.0660831
5 0.0134385 0.197518 0.0267039 0.173303 0.0657204
2 0.530682 0.416798 0.0578369 0.060395 0.0654585
0 0.3396 0.746543 0.0447957 0.121836 0.0623733
2 0.529426 0.174319 0.0231632 0.0308957 0.0621893
0 0.954214 0.580621 0.0425543 0.0541828 0.0618359
0 0.952022 0.581343 0.0454605 0.0562938 0.0616882
2 0.503776 0.174672 0.025066 0.0285319 0.0610648
2 0.551463 0.192501 0.0487535 0.0299058 0.0601636
0 0.339738 0.74926 0.0507057 0.12076 0.0600501
2 0.530837 0.413862 0.0587218 0.0528414 0.0592186
7 0.672562 0.433405 0.132485 0.155018 0.0589512
2 0.66174 0.395542 0.110328 0.0778825 0.058175
0 0.0312763 0.8187 0.0406613 0.0878624 0.0569894
2 0.670711 0.399246 0.126402 0.0846685 0.0556956
2 0.521836 0.174837 0.0350315 0.0333534 0.0556492
0 0.985078 0.656814 0.0291742 0.0830125 0.055478
2 0.0138518 0.406523 0.0208286 0.0357876 0.0551507
0 0.953086 0.582033 0.0458601 0.0587669 0.0547112
0 0.985354 0.656909 0.0286297 0.0836256 0.0543401
0 0.807617 0.620822 0.0275736 0.0480825 0.0542183
5 0.0137395 0.195766 0.0272811 0.175892 0.052581
2 0.532722 0.414304 0.0512768 0.052713 0.0518938
7 0.0141876 0.197281 0.028147 0.148885 0.0502958
2 0.644561 0.394774 0.0687336 0.0529048 0.0502339
0 0.962648 0.59436 0.0703087 0.086273 0.0491739
5 0.0141939 0.20059 0.0281593 0.162525 0.0487151
0 0.853803 0.38962 0.0222214 0.0423666 0.0486444
2 0.498912 0.38205 0.0949578 0.0565589 0.0462872
7 0.162977 0.496372 0.12017 0.149535 0.0459553
2 0.368621 0.161099 0.0358537 0.0202259 0.0454611
0 0.682435 0.433364 0.0520005 0.0517469 0.0450504
2 0.70285 0.420331 0.0580833 0.0572396 0.0437662
7 0.0138122 0.201917 0.02744 0.132984 0.0437242
0 0.851302 0.396644 0.0248905 0.0537618 0.0436976
0 0.984251 0.656045 0.0307699 0.0830732 0.0428529
0 0.0239908 0.781781 0.0304002 0.0511088 0.0425222
0 0.682037 0.43318 0.05222 0.0508267 0.042445
0 0.955292 0.582405 0.0442358 0.0590602 0.0421652
7 0.0138506 0.199379 0.0274297 0.169723 0.0416112
0 0.339987 0.751452 0.0474374 0.114861 0.0416095
0 0.9845 0.655665 0.0302807 0.0841665 0.0409527
2 0.0123677 0.405738 0.0232505 0.0343406 0.0406582
0 0.528568 0.174551 0.0246145 0.0314971 0.0405461
2 0.688843 0.4068 0.0855611 0.0829849 0.0405457
0 0.80782 0.618333 0.025396 0.0413176 0.040407
0 0.964442 0.59197 0.067775 0.0803836 0.040121
2 0.0126072 0.406132 0.0226573 0.0340356 0.0399088
2 0.013424 0.405884 0.0206903 0.0356545 0.039619
0 0.984526 0.656537 0.0302868 0.0834533 0.0395755
0 0.0897668 0.157031 0.0130659 0.034249 0.0392237
0 0.074862 0.176687 0.0200716 0.0208722 0.038939
9 0.981175 0.0945444 0.0372257 0.0392858 0.0387717
7 0.671015 0.433872 0.134065 0.154604 0.037994
2 0.771402 0.264778 0.091602 0.0632925 0.037826
0 0.0472579 0.148015 0.0145424 0.0231205 0.0375104
0 0.031436 0.819724 0.039545 0.0879164 0.0374592
2 0.289353 0.161992 0.0238571 0.0314531 0.0371663
2 0.53139 0.414137 0.055139 0.052708 0.0369313
2 0.493905 0.379035 0.0817297 0.0475127 0.0367112
0 0.958249 0.579298 0.0381222 0.0522019 0.036282
0 0.338193 0.772735 0.0449875 0.0872535 0.036275
2 0.658043 0.387991 0.0933263 0.058863 0.0359523
2 0.496394 0.378679 0.0788589 0.0452186 0.034814
0 0.684649 0.433573 0.0474211 0.0505949 0.0347227
2 0.700983 0.419414 0.062892 0.0588653 0.0343119
9 0.780269 0.12192 0.0163649 0.0262692 0.0343085
2 0.883202 0.541726 0.215408 0.163023 0.0342963
2 0.48321 0.4265 0.0985847 0.0548544 0.034137
0 0.680192 0.433323 0.0566219 0.0549053 0.0338314
9 0.981433 0.0932676 0.036508 0.0374955 0.033668
0 0.0308363 0.812501 0.0421382 0.101958 0.0332921
0 0.851469 0.396189 0.0239483 0.053674 0.0331828
0 0.989192 0.656636 0.0208469 0.0819693 0.0323535
9 0.220836 0.263093 0.0314491 0.0311198 0.0318097
2 0.246371 0.321788 0.0589849 0.0466874 0.0316768
