2 0.553816 0.700668 0.229292 0.239793 0.916489
2 0.553999 0.701041 0.229781 0.240707 0.916445
2 0.553632 0.700959 0.229586 0.240902 0.908352
2 0.553997 0.700445 0.229733 0.240073 0.900529
2 0.55426 0.700937 0.229525 0.238864 0.898882
2 0.117941 0.878696 0.234981 0.241479 0.896179
2 0.117459 0.878296 0.234427 0.242417 0.893312
2 0.0719085 0.578809 0.143817 0.182021 0.884087
2 0.554011 0.700907 0.230212 0.239506 0.882878
2 0.117693 0.879745 0.234496 0.239964 0.867791
2 0.117194 0.877833 0.234336 0.244224 0.865374
2 0.55449 0.700369 0.229084 0.241524 0.862077
2 0.554348 0.701233 0.229805 0.240889 0.861482
2 0.0719752 0.578367 0.143784 0.181291 0.855899
2 0.0720255 0.579704 0.143438 0.183446 0.855062
2 0.554328 0.700506 0.229999 0.242185 0.854965
2 0.117751 0.879137 0.234813 0.241031 0.854249
2 0.554383 0.700954 0.23001 0.24104 0.845824
2 0.11723 0.87726 0.234007 0.244559 0.845795
2 0.0719423 0.579294 0.143656 0.181991 0.84346
2 0.117552 0.877769 0.234322 0.243158 0.841606
2 0.118185 0.879604 0.235521 0.239911 0.835679
2 0.0718805 0.578547 0.143705 0.182346 0.834838
2 0.117274 0.878886 0.234296 0.241999 0.832055
2 0.0719022 0.579946 0.143408 0.181996 0.816826
2 0.700285 0.359391 0.183569 0.128393 0.80995
2 0.118472 0.88059 0.235593 0.237733 0.799624
2 0.700033 0.359209 0.182293 0.127299 0.786827
2 0.0722549 0.579554 0.144283 0.182546 0.768263
2 0.699854 0.358769 0.182026 0.127137 0.767494
2 0.699603 0.359055 0.182767 0.127455 0.762633
2 0.700718 0.359412 0.184431 0.127181 0.760243
2 0.700695 0.358464 0.183203 0.128125 0.7556
2 0.824438 0.277687 0.18083 0.104734 0.753695
2 0.700384 0.359146 0.18345 0.126145 0.748815
2 0.82423 0.27752 0.180123 0.105571 0.743756
2 0.824758 0.277635 0.181254 0.104841 0.74145
2 0.69966 0.358738 0.181934 0.12999 0.740105
2 0.70046 0.358712 0.183465 0.129584 0.733274
2 0.824318 0.277611 0.180247 0.105772 0.732173
2 0.0719538 0.579916 0.14379 0.183533 0.701472
2 0.824438 0.277368 0.181082 0.104112 0.68358
2 0.824611 0.277696 0.181098 0.105387 0.682661
0 0.357222 0.170885 0.0202566 0.0610302 0.665267
0 0.35731 0.170682 0.0208754 0.0607182 0.656535
0 0.357214 0.170946 0.0200056 0.0612552 0.656228
0 0.0339064 0.370329 0.0397317 0.102736 0.651244
7 0.595604 0.175085 0.167594 0.132836 0.650447
7 0.595391 0.174441 0.16666 0.131456 0.637189
7 0.595162 0.175073 0.166783 0.130911 0.629813
2 0.824687 0.277686 0.180515 0.105051 0.629174
2 0.824764 0.277563 0.180906 0.10508 0.628986
0 0.0340982 0.369551 0.0395527 0.103855 0.604316
7 0.595444 0.175241 0.167419 0.131983 0.602665
0 0.0335535 0.369543 0.0396357 0.104502 0.599004
0 0.35698 0.171212 0.0198496 0.0603899 0.595493
0 0.0339036 0.369736 0.0398964 0.104516 0.589927
7 0.595685 0.174558 0.167761 0.132469 0.571302
2 0.824232 0.277947 0.181003 0.105452 0.569965
0 0.35778 0.170422 0.0211191 0.0620204 0.569948
2 0.715594 0.143828 0.0720492 0.068363 0.565899
0 0.357742 0.170691 0.0213264 0.0618282 0.563433
0 0.0338319 0.368333 0.0385044 0.104716 0.559062
0 0.0341744 0.36933 0.038865 0.106965 0.552753
7 0.59578 0.174991 0.166872 0.131878 0.537631
7 0.595476 0.174987 0.16837 0.130867 0.53414
0 0.161884 0.393565 0.023895 0.122898 0.533959
2 0.715738 0.143772 0.0733185 0.070011 0.530059
0 0.161267 0.394211 0.0261194 0.128121 0.508262
0 0.0343552 0.370447 0.0388706 0.0992295 0.508141
0 0.0343371 0.368643 0.0390048 0.102038 0.505061
2 0.716014 0.143434 0.0732073 0.069721 0.496675
2 0.71626 0.141056 0.0723393 0.0644971 0.485761
0 0.571069 0.512406 0.0347175 0.153323 0.484248
2 0.714796 0.1439 0.0743958 0.06794 0.483317
2 0.716378 0.143404 0.0714819 0.0687897 0.478462
0 0.161651 0.393905 0.026097 0.126666 0.476245
0 0.161573 0.39723 0.0250743 0.114552 0.472356
0 0.102389 0.280566 0.026928 0.0846359 0.471496
0 0.10203 0.280335 0.0271088 0.0840884 0.462819
0 0.101203 0.280828 0.026283 0.0848025 0.46033
2 0.716093 0.14345 0.0729259 0.0679878 0.459671
0 0.101653 0.281099 0.0268145 0.086202 0.45768
2 0.824827 0.278259 0.180121 0.105812 0.456561
0 0.571423 0.513226 0.033436 0.153169 0.451396
0 0.571451 0.511917 0.0359766 0.152761 0.443013
7 0.595142 0.174411 0.167585 0.13374 0.442512
0 0.144592 0.395433 0.0383885 0.134091 0.431436
0 0.0337062 0.370346 0.0385071 0.104708 0.430572
0 0.1623 0.395017 0.0230872 0.121309 0.424246
0 0.162111 0.39337 0.0245027 0.119969 0.422361
0 0.0714401 0.295219 0.0228754 0.0839928 0.41949
0 0.596401 0.512097 0.042082 0.165338 0.417041
0 0.145277 0.395131 0.0381418 0.133563 0.413173
0 0.302535 0.149096 0.0187131 0.0627504 0.412134
0 0.572055 0.510339 0.0324638 0.147426 0.408506
0 0.303097 0.149463 0.0180752 0.0610074 0.404816
2 0.715507 0.143676 0.0723672 0.0695698 0.391213
0 0.596342 0.512532 0.0459166 0.165681 0.386829
0 0.102392 0.280351 0.0266458 0.0836883 0.384615
0 0.161227 0.396529 0.0252215 0.119709 0.383377
2 0.716237 0.143333 0.0729606 0.0691553 0.382846
0 0.572171 0.511277 0.0374147 0.154164 0.376334
0 0.102052 0.280431 0.0264889 0.0845882 0.372229
0 0.144632 0.395758 0.0395731 0.134553 0.372086
0 0.162487 0.393689 0.0263505 0.125919 0.370059
0 0.571517 0.513576 0.0353363 0.153136 0.369518
2 0.716648 0.142671 0.072835 0.0681927 0.369416
0 0.302509 0.149082 0.0200317 0.0637082 0.367744
0 0.103759 0.279948 0.0287613 0.0849791 0.361673
0 0.0714746 0.294418 0.0224279 0.0846246 0.356219
0 0.596715 0.513989 0.0528128 0.170039 0.349877
0 0.596899 0.513314 0.0462687 0.167826 0.349554
0 0.0713477 0.292611 0.023442 0.0883411 0.347789
7 0.595098 0.174148 0.166484 0.129974 0.347311
0 0.146338 0.395508 0.039598 0.133018 0.347238
0 0.104013 0.28059 0.0286771 0.0855084 0.346811
0 0.0092234 0.341486 0.0184213 0.128155 0.341948
0 0.162079 0.393249 0.0233128 0.120825 0.338998
0 0.572227 0.512882 0.0315512 0.154175 0.33771
7 0.594906 0.173689 0.165853 0.129038 0.329156
0 0.0709967 0.297025 0.0218714 0.0804231 0.328202
0 0.0309077 0.367584 0.0346373 0.104194 0.326662
2 0.0270062 0.220862 0.0527532 0.0516662 0.32603
0 0.597017 0.513991 0.0495319 0.16901 0.324551
0 0.145322 0.393994 0.0393008 0.131492 0.317253
2 0.0267385 0.216368 0.053197 0.0554013 0.315696
0 0.155617 0.395225 0.0369013 0.131602 0.315039
2 0.0268029 0.224404 0.052115 0.0476554 0.314964
0 0.302625 0.149617 0.0158442 0.0597888 0.308815
0 0.0721863 0.29489 0.0249337 0.0839484 0.303215
2 0.0269979 0.222547 0.0530817 0.0427949 0.301097
0 0.0715393 0.292515 0.02421 0.0874916 0.284595
0 0.00880713 0.338049 0.0173874 0.12963 0.280933
0 0.163705 0.393645 0.0285963 0.128465 0.278171
0 0.0086646 0.339089 0.0171829 0.127917 0.277043
0 0.594963 0.510998 0.0406574 0.163512 0.275306
0 0.140075 0.394619 0.029479 0.132037 0.274706
0 0.0393254 0.368096 0.0285509 0.0928608 0.272909
0 0.300821 0.149196 0.021637 0.0638751 0.272705
2 0.0269095 0.222249 0.0535695 0.0498395 0.268934
2 0.0718065 0.580063 0.143613 0.184541 0.265251
0 0.59559 0.513243 0.0504654 0.166324 0.264025
0 0.0706842 0.293228 0.0216832 0.0851768 0.260331
0 0.00917707 0.34199 0.0182762 0.118897 0.260096
0 0.357123 0.16997 0.0221034 0.0605006 0.255001
2 0.0204987 0.229511 0.0409067 0.0465614 0.254247
0 0.144788 0.396151 0.0366779 0.133414 0.242492
0 0.300091 0.1491 0.0234006 0.0646195 0.235085
0 0.596879 0.51298 0.0412851 0.16822 0.234327
0 0.300781 0.149678 0.0219805 0.0622666 0.234114
2 0.0267882 0.221125 0.0535014 0.0432074 0.233874
0 0.00919026 0.33845 0.0183225 0.135624 0.224393
0 0.358416 0.170677 0.0231963 0.0623573 0.221705
0 0.103444 0.279562 0.0279791 0.0848592 0.216403
0 0.00874598 0.344337 0.017492 0.132889 0.215864
0 0.101493 0.280387 0.0240921 0.0841165 0.215517
0 0.0721001 0.292699 0.0256984 0.0856318 0.210931
0 0.071566 0.293132 0.0251959 0.0903934 0.208473
0 0.00833264 0.345061 0.016502 0.114248 0.204932
2 0.0269671 0.223765 0.0535107 0.0503176 0.19948
0 0.0693234 0.291852 0.0195218 0.084183 0.196362
2 0.026881 0.213663 0.0537119 0.0700274 0.191011
0 0.140407 0.391875 0.0282818 0.125234 0.190786
0 0.295543 0.150012 0.0209662 0.0620133 0.189725
0 0.139199 0.389739 0.0267411 0.11997 0.184855
2 0.0268164 0.224226 0.0533456 0.0450709 0.184425
0 0.90561 0.0992 0.0228313 0.0507076 0.17531
0 0.00850243 0.331129 0.0170049 0.103937 0.173489
2 0.0261633 0.22392 0.0523232 0.0475263 0.172573
0 0.594099 0.51367 0.059571 0.166965 0.170353
2 0.824336 0.277606 0.17937 0.104824 0.166501
9 0.447016 0.0595742 0.0126221 0.0256428 0.165298
0 0.57199 0.508972 0.0318922 0.149107 0.160507
2 0.713149 0.144295 0.0665861 0.0690379 0.156467
2 0.0171558 0.228598 0.0342298 0.0413119 0.155169
0 0.905081 0.100233 0.0236917 0.0516126 0.154655
0 0.595256 0.509394 0.0319484 0.15713 0.14937
0 0.0715971 0.302643 0.0209323 0.0674912 0.146517
9 0.448543 0.0598028 0.0159563 0.0275343 0.142097
0 0.573235 0.512243 0.0367198 0.158877 0.141892
2 0.0159753 0.235161 0.0319505 0.0480875 0.140902
0 0.594537 0.510474 0.0336355 0.160946 0.138729
2 0.0229381 0.208727 0.0458761 0.0841359 0.138639
0 0.00898143 0.323909 0.0179629 0.10292 0.133437
0 0.198578 0.287673 0.0249081 0.0928123 0.129134
0 0.905082 0.0970967 0.0229296 0.0470912 0.126986
0 0.101043 0.280833 0.0240332 0.0853209 0.123645
0 0.0718865 0.296438 0.0240384 0.0805542 0.123435
0 0.588593 0.515147 0.0724286 0.170289 0.123257
2 0.0208817 0.230601 0.041572 0.0439092 0.123177
0 0.418506 0.118004 0.0142651 0.0346712 0.121851
0 0.245918 0.171974 0.013376 0.0384089 0.120519
0 0.35797 0.170214 0.0241085 0.0614152 0.115898
2 0.0148492 0.236222 0.0296984 0.0498685 0.114449
0 0.58807 0.513969 0.0688112 0.16814 0.114105
2 0.00879475 0.176608 0.0174498 0.0258983 0.112488
0 0.144714 0.396111 0.0363453 0.131836 0.105838
2 0.0265071 0.228406 0.052637 0.0517629 0.105089
0 0.596948 0.497471 0.0289616 0.132216 0.104638
2 0.830429 0.143598 0.0640503 0.0622118 0.104454
2 0.715119 0.143327 0.0764308 0.0694823 0.103896
0 0.5721 0.505721 0.0306061 0.136624 0.102185
2 0.831014 0.139365 0.0649012 0.0668745 0.0954225
0 0.245149 0.175343 0.0145732 0.0430542 0.0940222
0 0.30355 0.148967 0.0222443 0.061918 0.0932496
2 0.939672 0.0822439 0.032193 0.0319813 0.0931422
2 0.985432 0.105255 0.0283613 0.0398017 0.0919071
2 0.82193 0.165421 0.0433962 0.0363636 0.0887083
0 0.980044 0.0438257 0.0182423 0.0403991 0.0856759
0 0.304384 0.149257 0.0207275 0.0602628 0.0823436
2 0.935729 0.0871775 0.0413557 0.0387526 0.0822271
0 0.101202 0.282408 0.0210627 0.0799313 0.0810755
0 0.355282 0.170508 0.0254287 0.0630753 0.0807479
0 0.418904 0.129656 0.0160065 0.0566732 0.0785294
2 0.937387 0.0829513 0.0373005 0.0320165 0.0774592
2 0.0075668 0.17413 0.0149636 0.0274703 0.0760769
0 0.139194 0.380459 0.0250397 0.100664 0.0755867
2 0.986284 0.105544 0.0266642 0.0389413 0.07545
0 0.198663 0.287031 0.0252168 0.0929481 0.0737397
2 0.920761 0.0625758 0.0452986 0.0298623 0.0727467
2 0.0158166 0.196803 0.0313599 0.0465875 0.0725653
2 0.936449 0.0854561 0.0391705 0.0369918 0.0724207
0 0.853952 0.139548 0.0194813 0.0576307 0.0723989
0 0.978775 0.0414038 0.0164001 0.0377134 0.072027
0 0.853776 0.139885 0.0184959 0.0585031 0.0712275
2 0.926769 0.0730609 0.0592249 0.0540311 0.0711749
2 0.871687 0.116397 0.050666 0.0742925 0.0707194
2 0.985396 0.0961262 0.028726 0.059157 0.0704803
5 0.218119 0.14989 0.0931787 0.102325 0.0697379
2 0.026071 0.215324 0.0519454 0.0668715 0.0694077
0 0.985964 0.0899961 0.0273964 0.0636925 0.0679609
2 0.021271 0.214372 0.0424244 0.0730349 0.0675072
0 0.00910876 0.338295 0.0175173 0.131105 0.0657506
2 0.872827 0.113569 0.0501751 0.0715868 0.0647976
2 0.872742 0.11539 0.046125 0.0728395 0.0641761
2 0.828814 0.16339 0.0588996 0.0357331 0.0641742
0 0.987222 0.0873058 0.0248676 0.0639659 0.064041
2 0.814613 0.165469 0.0312111 0.0338702 0.0636921
0 0.957295 0.132317 0.0243771 0.0712086 0.0634578
0 0.293156 0.149087 0.0228827 0.0635749 0.0629376
2 0.0264709 0.210653 0.0529419 0.0672372 0.0626387
0 0.24689 0.169777 0.0134258 0.0368676 0.0624461
2 0.831521 0.138519 0.0619768 0.0655662 0.0623318
2 0.925025 0.059375 0.0568089 0.0326946 0.0616953
0 0.358719 0.171103 0.0229715 0.0617459 0.0613588
2 0.830312 0.144794 0.0621344 0.0616475 0.060099
9 0.449903 0.060761 0.0181251 0.0263718 0.0595173
0 0.0729172 0.292587 0.0269957 0.0832593 0.0590542
0 0.198804 0.287091 0.0258469 0.0946128 0.0586913
0 0.984188 0.0907102 0.0309536 0.0624862 0.058476
2 0.814668 0.163403 0.0313013 0.0366154 0.0577338
2 0.947677 0.456235 0.102497 0.0507672 0.0573831
0 0.10079 0.285472 0.021736 0.0747682 0.0572226
0 0.993332 0.041519 0.0124147 0.0332846 0.0571649
2 0.825855 0.165092 0.0532352 0.0372785 0.0567105
0 0.0132882 0.241536 0.0265363 0.0546142 0.0565886
2 0.934043 0.13305 0.0663204 0.074932 0.0563928
0 0.903619 0.102685 0.0246817 0.0524366 0.0552569
2 0.0131707 0.18695 0.0263414 0.045365 0.0549197
0 0.00994842 0.332523 0.0198246 0.135409 0.0547263
0 0.596397 0.50858 0.0299892 0.159858 0.0543127
2 0.910684 0.0607939 0.0823914 0.0334555 0.0541036
0 0.0111626 0.252265 0.0221256 0.0773047 0.053815
2 0.700616 0.35827 0.186007 0.131092 0.0538036
2 0.0243447 0.201624 0.0485518 0.0748414 0.0534592
2 0.667175 0.152977 0.0246519 0.037662 0.0530853
0 0.984921 0.0873125 0.0294136 0.0681894 0.0529944
2 0.712824 0.302116 0.0505779 0.0344572 0.0527148
0 0.595013 0.510286 0.0393865 0.160211 0.0526184
0 0.968872 0.0470144 0.030518 0.0505346 0.0522311
2 0.931089 0.131987 0.0626995 0.0791863 0.0520827
0 0.979795 0.0448799 0.0195988 0.0414322 0.0519184
0 0.359175 0.171548 0.0231351 0.0615105 0.0518314
2 0.87069 0.11572 0.048431 0.0734991 0.0510974
2 0.921853 0.0706854 0.0705818 0.0514723 0.0508716
2 0.932171 0.132886 0.0674847 0.0752353 0.0506015
2 0.825095 0.138962 0.0740217 0.0735157 0.0504577
2 0.871328 0.114182 0.0510799 0.0719748 0.0502097
0 0.284837 0.149622 0.0126326 0.062651 0.0501231
2 0.902338 0.0639731 0.0813999 0.0379156 0.049929
9 0.458935 0.0671398 0.0139405 0.0318388 0.048393
0 0.968273 0.0593025 0.0186655 0.0356326 0.0480962
2 0.028418 0.227126 0.0503967 0.0510459 0.047986
2 0.933555 0.0800218 0.0476227 0.045228 0.0471147
2 0.82661 0.164418 0.0531231 0.0364816 0.0469703
2 0.863188 0.115968 0.0750641 0.0725697 0.0466079
0 0.0277418 0.365989 0.0315687 0.096233 0.0465951
2 0.948078 0.455161 0.102216 0.0479727 0.04617
0 0.290794 0.149955 0.0157414 0.062233 0.045896
2 0.0228846 0.203539 0.0457693 0.0926903 0.0458525
2 0.985205 0.093162 0.0289696 0.0625616 0.045852
2 0.853191 0.28234 0.110057 0.0951771 0.0458092
2 0.0133669 0.187762 0.0263883 0.0446144 0.0456608
2 0.667528 0.153727 0.0256705 0.0375366 0.0453245
2 0.0358072 0.821534 0.0715085 0.134702 0.0453069
0 0.984486 0.0914133 0.0303558 0.0638528 0.0452086
0 0.417138 0.114555 0.0119144 0.0288121 0.0445285
2 0.706634 0.301722 0.0397984 0.0331381 0.0444147
2 0.026989 0.209259 0.0536252 0.0757866 0.0442638
