2 0.13173 0.797088 0.116054 0.175391 0.748197
5 0.414191 0.322936 0.0667249 0.140139 0.740091
5 0.41541 0.322767 0.0682373 0.142708 0.730315
2 0.280313 0.764429 0.107556 0.174447 0.727132
5 0.414565 0.32246 0.0663517 0.141465 0.719977
2 0.921103 0.339597 0.0439987 0.0560956 0.707208
2 0.132124 0.797564 0.115887 0.17447 0.697795
5 0.415226 0.322897 0.0677542 0.142713 0.693514
5 0.415494 0.323088 0.0683565 0.142475 0.693252
2 0.280191 0.764483 0.106966 0.174073 0.687913
2 0.206938 0.924669 0.140108 0.149628 0.673918
5 0.414937 0.322326 0.0672335 0.140864 0.669198
2 0.325808 0.643227 0.0847747 0.134237 0.667128
2 0.393497 0.931971 0.126718 0.135305 0.656034
2 0.280438 0.76433 0.107871 0.173661 0.655917
2 0.131398 0.796634 0.116476 0.175452 0.651969
2 0.280252 0.76407 0.107253 0.174108 0.645935
2 0.393604 0.931983 0.127008 0.135044 0.644118
2 0.39334 0.931983 0.127335 0.135011 0.64222
2 0.280533 0.763966 0.107303 0.175662 0.641584
2 0.325768 0.643246 0.0847232 0.134816 0.640771
5 0.168185 0.363644 0.136616 0.153062 0.640535
2 0.393359 0.932089 0.127075 0.13505 0.638379
2 0.393438 0.932212 0.127605 0.135471 0.635683
5 0.447499 0.587227 0.0754702 0.148594 0.633987
5 0.447332 0.587024 0.0756391 0.147943 0.631504
2 0.394247 0.932005 0.12568 0.135629 0.628687
2 0.131879 0.797445 0.116361 0.174605 0.623837
2 0.92056 0.339288 0.0442024 0.0554285 0.623153
2 0.131583 0.797266 0.11569 0.175271 0.621897
5 0.415311 0.322969 0.068259 0.141985 0.620678
2 0.206528 0.924588 0.140772 0.14986 0.618588
2 0.32555 0.642725 0.0844151 0.133276 0.61444
2 0.132171 0.79746 0.115718 0.174692 0.609255
2 0.280034 0.763661 0.107896 0.172478 0.599989
2 0.393337 0.931501 0.127606 0.135958 0.595837
2 0.326301 0.643353 0.084668 0.134142 0.590212
2 0.325772 0.643159 0.0844176 0.13388 0.589266
2 0.13195 0.797523 0.115804 0.174022 0.587609
2 0.280371 0.764475 0.109034 0.171436 0.586503
2 0.20661 0.924695 0.140222 0.14996 0.586472
2 0.54409 0.188742 0.0210989 0.0292126 0.586003
2 0.279764 0.763779 0.108443 0.173188 0.58481
2 0.921156 0.338841 0.0454956 0.0564258 0.581821
2 0.206515 0.924766 0.140513 0.149907 0.576817
0 0.542336 0.53493 0.0189556 0.0906879 0.573175
5 0.447855 0.587561 0.0761929 0.148637 0.569473
5 0.0583344 0.722643 0.116644 0.152307 0.568983
0 0.542542 0.534228 0.0169555 0.0901864 0.568502
2 0.280045 0.764076 0.107758 0.174396 0.565423
2 0.921353 0.339215 0.0451771 0.0564481 0.564988
5 0.167676 0.365013 0.136645 0.152638 0.561062
2 0.325821 0.643124 0.0854537 0.13399 0.557753
2 0.990949 0.451067 0.0173115 0.0659454 0.553454
2 0.131674 0.797669 0.115282 0.17627 0.549698
5 0.0582588 0.72257 0.116272 0.152913 0.533865
2 0.13206 0.796976 0.116302 0.17443 0.533543
5 0.447508 0.587811 0.0753349 0.148566 0.533022
5 0.447178 0.586602 0.075247 0.148455 0.533003
5 0.413925 0.322733 0.064048 0.141624 0.532983
2 0.206674 0.924593 0.14014 0.149765 0.532865
2 0.921615 0.338984 0.0438332 0.0561669 0.530975
2 0.205934 0.925143 0.142103 0.148719 0.529103
5 0.167695 0.365109 0.137613 0.152719 0.528059
2 0.280225 0.764311 0.107781 0.174857 0.520649
2 0.131718 0.797312 0.115069 0.175869 0.517421
2 0.393819 0.931625 0.127332 0.135764 0.516388
5 0.446894 0.586957 0.0750066 0.14845 0.513561
2 0.920689 0.339385 0.0444363 0.0555487 0.507206
0 0.54237 0.533649 0.0171852 0.0883528 0.505233
2 0.325541 0.643618 0.0841598 0.134561 0.503909
5 0.413918 0.322146 0.0693048 0.141619 0.502653
2 0.920856 0.338899 0.0456871 0.0557339 0.50227
0 0.542519 0.534713 0.0171675 0.0904716 0.500936
5 0.0581189 0.722374 0.116238 0.151505 0.489909
2 0.205901 0.924877 0.141534 0.14984 0.486532
5 0.058488 0.722279 0.116518 0.152823 0.486022
5 0.16749 0.366485 0.137649 0.150447 0.484957
0 0.542399 0.534763 0.0186767 0.0913996 0.483069
0 0.542484 0.534713 0.0190479 0.0914484 0.478447
2 0.921896 0.339267 0.045775 0.0558908 0.477564
2 0.325553 0.643512 0.08374 0.134294 0.477441
2 0.206241 0.924967 0.142267 0.149443 0.470401
5 0.168249 0.363879 0.136817 0.153649 0.455987
2 0.325579 0.643431 0.0847496 0.134848 0.454237
5 0.167954 0.363739 0.137737 0.155453 0.453187
2 0.054971 0.939605 0.108518 0.119861 0.451982
5 0.0584354 0.72206 0.116572 0.152576 0.450328
2 0.92163 0.339251 0.0449631 0.0556893 0.447128
5 0.552812 0.740572 0.0799926 0.166274 0.444802
2 0.991113 0.451357 0.0170647 0.0659109 0.442043
5 0.552812 0.740357 0.079547 0.166136 0.435781
2 0.394036 0.931899 0.126516 0.13575 0.43404
5 0.416915 0.745956 0.0897191 0.168152 0.429188
2 0.920683 0.339997 0.0432316 0.0553108 0.424687
2 0.544706 0.188229 0.0216431 0.0292511 0.417508
5 0.446798 0.586146 0.0752977 0.147594 0.41175
0 0.542887 0.537303 0.0171822 0.085977 0.411726
5 0.553104 0.740521 0.0804247 0.166128 0.411004
2 0.990986 0.451334 0.0172482 0.0665419 0.405455
2 0.990589 0.450806 0.0182693 0.0648376 0.403128
2 0.0547518 0.940405 0.109265 0.118882 0.397618
5 0.446237 0.586976 0.0750368 0.148493 0.39333
2 0.393855 0.931997 0.127187 0.135345 0.393326
5 0.414843 0.321675 0.0698223 0.141615 0.392645
5 0.0584088 0.722194 0.115939 0.152816 0.391064
2 0.990324 0.449588 0.0187469 0.0663465 0.389512
5 0.297682 0.48443 0.0577172 0.0889371 0.387996
2 0.0548723 0.939391 0.10858 0.120139 0.380214
5 0.297905 0.484186 0.0572676 0.0893646 0.37641
2 0.551981 0.900245 0.0957936 0.113945 0.37279
2 0.416459 0.746319 0.0902915 0.167924 0.369937
2 0.416503 0.746346 0.0895899 0.167684 0.365001
5 0.261294 0.228995 0.0380429 0.0745 0.363916
2 0.552558 0.900295 0.0955988 0.114288 0.363691
5 0.0581216 0.722657 0.116243 0.152135 0.36134
2 0.258283 0.570951 0.0664237 0.0919184 0.361253
5 0.260623 0.230417 0.0355812 0.0725678 0.361058
2 0.920541 0.344447 0.04361 0.0462983 0.359747
5 0.732558 0.123072 0.0769941 0.105609 0.356774
2 0.207247 0.924656 0.138641 0.149745 0.349753
5 0.167756 0.365197 0.137981 0.150748 0.346947
5 0.297767 0.48437 0.0590732 0.0881439 0.345345
5 0.416788 0.74606 0.0904856 0.16814 0.34222
5 0.168389 0.368018 0.137965 0.146379 0.331274
5 0.55309 0.741108 0.0804171 0.165094 0.328969
2 0.416558 0.746204 0.0903567 0.166911 0.328417
5 0.553052 0.740751 0.0809015 0.164901 0.319102
2 0.0549431 0.939652 0.109396 0.1198 0.318852
7 0.05524 0.939434 0.109909 0.119928 0.314463
5 0.732119 0.121877 0.0778024 0.103324 0.310456
5 0.416998 0.746125 0.0895824 0.167494 0.310287
2 0.553053 0.899381 0.0976744 0.112362 0.310173
2 0.0550616 0.939469 0.109563 0.120021 0.309544
2 0.258749 0.568089 0.0668617 0.0943222 0.308394
5 0.195465 0.647676 0.0994096 0.184419 0.308091
5 0.216503 0.431474 0.354087 0.476679 0.307561
0 0.819549 0.317749 0.0143074 0.0494178 0.30735
5 0.261828 0.227611 0.0378876 0.0768534 0.304353
2 0.26128 0.563428 0.0704696 0.109368 0.301163
2 0.055025 0.939624 0.109622 0.119878 0.299813
5 0.397001 0.434319 0.0507252 0.0893882 0.299622
2 0.553259 0.741068 0.0812984 0.165199 0.289443
5 0.298037 0.484274 0.0568814 0.0900245 0.28906
5 0.415324 0.313285 0.0681367 0.154336 0.28822
5 0.553145 0.740355 0.0806781 0.165548 0.286705
5 0.733329 0.123526 0.0768213 0.107171 0.280828
5 0.0583024 0.722274 0.115763 0.151518 0.278531
0 0.0313175 0.382642 0.0156817 0.0600858 0.276416
5 0.297891 0.484191 0.0568367 0.0880682 0.27561
5 0.416675 0.745912 0.0897495 0.168224 0.274613
0 0.887637 0.303193 0.0131866 0.0412101 0.272798
5 0.298111 0.484686 0.0571485 0.088199 0.272493
2 0.261287 0.564557 0.0712878 0.106423 0.270715
2 0.261411 0.562729 0.0719899 0.108784 0.270402
2 0.980386 0.322627 0.0336491 0.0329104 0.270011
5 0.215824 0.432158 0.352028 0.474507 0.264986
5 0.297653 0.484042 0.0590429 0.0873988 0.264946
5 0.297901 0.484406 0.0581742 0.0879391 0.26482
7 0.195133 0.647239 0.0997004 0.185053 0.261925
5 0.260891 0.232307 0.033377 0.0682212 0.256384
5 0.297885 0.484507 0.0581714 0.087234 0.256056
5 0.261115 0.227971 0.0360152 0.0761901 0.254725
5 0.261005 0.228777 0.0370367 0.072648 0.254664
7 0.195187 0.648236 0.100004 0.183585 0.249935
2 0.0551457 0.939551 0.10898 0.120311 0.248968
5 0.416834 0.746251 0.0899169 0.167468 0.248681
5 0.416535 0.746122 0.0906048 0.16827 0.244778
7 0.195256 0.647761 0.100336 0.183976 0.241807
2 0.97957 0.322535 0.0343599 0.033377 0.240404
5 0.180388 0.479957 0.280183 0.376985 0.240402
5 0.26013 0.230203 0.0356703 0.0702874 0.239618
5 0.732544 0.122196 0.0765059 0.103659 0.236682
7 0.195061 0.652009 0.100018 0.177097 0.233325
2 0.977255 0.323138 0.0334251 0.0303703 0.229701
5 0.195883 0.459084 0.313921 0.423646 0.228951
0 0.819746 0.319748 0.0131607 0.0477589 0.227154
0 0.0315587 0.383804 0.0144763 0.0613303 0.224434
5 0.39679 0.438124 0.0499413 0.0813729 0.224293
2 0.261035 0.565087 0.0710873 0.106375 0.22256
7 0.1953 0.650979 0.10011 0.179012 0.221716
5 0.553208 0.741346 0.0808233 0.165524 0.221692
7 0.0552735 0.939484 0.109782 0.12032 0.219532
0 0.542425 0.532005 0.0161514 0.0864243 0.218951
0 0.88731 0.301886 0.0122107 0.0394128 0.2189
2 0.552087 0.899702 0.0947407 0.113068 0.217941
2 0.261116 0.562604 0.072183 0.110167 0.216943
2 0.416816 0.746144 0.0898032 0.167612 0.214376
5 0.298002 0.483878 0.0574279 0.0901259 0.214305
0 0.0309814 0.379996 0.0149531 0.054274 0.213995
2 0.552747 0.901192 0.0963108 0.115764 0.212773
5 0.259756 0.239928 0.0336995 0.0532164 0.210692
2 0.989389 0.451108 0.0203066 0.0690327 0.209845
7 0.194475 0.653835 0.0997047 0.174576 0.209591
2 0.545559 0.188851 0.0240447 0.0299049 0.207374
5 0.167897 0.369993 0.138625 0.138735 0.205923
5 0.732321 0.126023 0.0793827 0.113496 0.20539
5 0.139828 0.534604 0.203628 0.267936 0.20486
5 0.413674 0.3108 0.0684988 0.110116 0.20089
5 0.553724 0.741673 0.0822962 0.16578 0.194765
2 0.920658 0.342664 0.0427982 0.0505325 0.194092
5 0.396416 0.424792 0.0512647 0.108033 0.19403
2 0.552812 0.898868 0.0992138 0.11137 0.193992
5 0.396251 0.423586 0.0512016 0.109996 0.192648
5 0.140278 0.515359 0.204649 0.301591 0.191512
2 0.354914 0.556558 0.0726379 0.102607 0.191028
2 0.991168 0.453596 0.016765 0.0636457 0.190554
2 0.978772 0.312755 0.0307476 0.0503873 0.189217
0 0.754104 0.219265 0.0144371 0.0327477 0.186792
7 0.396325 0.438517 0.0493519 0.0817302 0.186549
2 0.261282 0.563812 0.0709232 0.110716 0.185544
2 0.255822 0.571625 0.0610916 0.0906178 0.184541
2 0.978263 0.322769 0.0355461 0.0325829 0.182986
2 0.991487 0.450779 0.0162588 0.0671619 0.179466
0 0.819916 0.316543 0.0140705 0.0492591 0.179159
5 0.732835 0.126994 0.0784967 0.115566 0.174384
7 0.194899 0.650812 0.0992791 0.179191 0.172243
7 0.397527 0.438613 0.0502812 0.0807622 0.171627
0 0.704262 0.204646 0.0110569 0.0254026 0.169371
2 0.989623 0.450682 0.0200485 0.0694878 0.168907
5 0.140976 0.530823 0.205286 0.2704 0.168629
2 0.551941 0.900359 0.0957844 0.114625 0.167912
5 0.26052 0.231387 0.0368411 0.0717483 0.166144
2 0.422043 0.377696 0.038135 0.0349737 0.165137
0 0.0725911 0.371686 0.0133181 0.0468225 0.163606
2 0.544137 0.188504 0.0222619 0.0272513 0.162458
7 0.55385 0.741554 0.0832403 0.165607 0.162447
0 0.958528 0.404508 0.0193197 0.0622464 0.162314
2 0.354712 0.556556 0.0737867 0.104477 0.161774
5 0.195616 0.645355 0.0986826 0.18448 0.156151
5 0.732103 0.120799 0.0784188 0.10246 0.153334
0 0.754441 0.216803 0.0173062 0.0339914 0.152561
5 0.319039 0.438437 0.057864 0.080452 0.152044
0 0.378913 0.369393 0.0227934 0.0487309 0.151749
5 0.210858 0.442407 0.344618 0.453747 0.151501
2 0.981386 0.323457 0.0363157 0.0343423 0.151141
2 0.260763 0.562764 0.0708608 0.110148 0.147757
0 0.0724037 0.373405 0.0136762 0.0489159 0.146427
0 0.958803 0.402659 0.0202351 0.0617185 0.142643
5 0.540179 0.133332 0.0327536 0.0307381 0.141377
5 0.352974 0.556602 0.0741739 0.103721 0.141124
5 0.732831 0.129982 0.077886 0.11885 0.139285
5 0.261703 0.226718 0.0372327 0.0764955 0.139195
0 0.754075 0.22051 0.0139117 0.0322 0.138486
2 0.978437 0.313717 0.0315153 0.0508086 0.137356
5 0.145793 0.507829 0.213797 0.320992 0.136079
5 0.397429 0.438751 0.0501697 0.0803569 0.135553
2 0.54543 0.188555 0.025001 0.0300864 0.133835
5 0.216439 0.238234 0.0249668 0.0385286 0.132004
2 0.257322 0.569441 0.0627779 0.0928833 0.130121
7 0.971786 0.277372 0.0473223 0.0619766 0.127259
5 0.146402 0.520236 0.213529 0.297896 0.12649
0 0.0310032 0.376888 0.015276 0.0480749 0.125989
5 0.203151 0.453662 0.325588 0.431335 0.125585
5 0.541734 0.133847 0.030402 0.0315957 0.12461
5 0.261789 0.226811 0.0366959 0.0759814 0.123516
2 0.421668 0.377411 0.0390541 0.0358355 0.122129
0 0.95758 0.413254 0.0161755 0.0449581 0.121171
5 0.168075 0.369568 0.137851 0.143018 0.121111
5 0.322242 0.437132 0.0554504 0.0782747 0.121105
5 0.218165 0.237166 0.0332032 0.0391797 0.12058
5 0.354163 0.556685 0.0724629 0.10505 0.120469
2 0.205731 0.924859 0.143087 0.149769 0.119865
0 0.959113 0.40477 0.016567 0.0598746 0.116851
5 0.415636 0.306471 0.0670541 0.16408 0.116731
2 0.72017 0.307433 0.0295231 0.0283195 0.116682
5 0.355079 0.557302 0.0738935 0.104338 0.115893
2 0.553853 0.900075 0.098209 0.113239 0.115446
2 0.981028 0.321942 0.0372034 0.0366882 0.114294
5 0.155901 0.501921 0.230781 0.333447 0.111939
2 0.720432 0.307443 0.0297614 0.0291242 0.111912
2 0.981115 0.322707 0.0348932 0.0348655 0.110164
5 0.198739 0.472055 0.320083 0.395138 0.109775
2 0.719785 0.308038 0.0299714 0.0281014 0.109457
7 0.396921 0.438491 0.0512429 0.0802236 0.109277
5 0.258804 0.236456 0.0352092 0.0599848 0.108626
0 0.887713 0.302616 0.0138552 0.0413707 0.108225
5 0.733883 0.12063 0.0748106 0.097882 0.107681
5 0.412285 0.3188 0.0657102 0.0898589 0.106478
2 0.556927 0.921806 0.108501 0.156136 0.106434
0 0.887383 0.301922 0.01427 0.0419755 0.106017
5 0.355594 0.557728 0.0732834 0.10388 0.10524
0 0.887725 0.300967 0.0135799 0.0393635 0.105048
5 0.219475 0.237104 0.0373339 0.0399135 0.104121
0 0.378292 0.36807 0.0230107 0.0500374 0.103778
2 0.980857 0.32111 0.0353859 0.037879 0.102215
0 0.959521 0.40409 0.0199223 0.0648811 0.1022
7 0.396712 0.438327 0.0515745 0.081331 0.100423
7 0.969509 0.277046 0.0474495 0.0628312 0.100064
5 0.446063 0.586013 0.0742654 0.146973 0.099991
2 0.650242 0.148658 0.0202688 0.0244163 0.0987662
2 0.353982 0.556262 0.0737563 0.106331 0.0987506
2 0.554112 0.921051 0.103822 0.156119 0.0987326
2 0.261042 0.563984 0.0707778 0.0936573 0.0984073
5 0.540757 0.133914 0.034952 0.0328362 0.0977528
5 0.343476 0.274805 0.0597016 0.101552 0.0973512
5 0.250106 0.387416 0.104746 0.174137 0.0949209
5 0.142727 0.525799 0.204748 0.286548 0.094526
5 0.835101 0.0707834 0.142163 0.0521425 0.094004
5 0.830304 0.0700868 0.132507 0.0514384 0.0916904
