2 0.185062 0.421601 0.126119 0.119155 0.753123
2 0.713058 0.0740397 0.0279606 0.027944 0.750599
2 0.184854 0.421554 0.125789 0.11906 0.745382
2 0.18499 0.421719 0.126581 0.119187 0.728725
2 0.184493 0.421562 0.126838 0.119349 0.712079
2 0.184596 0.421485 0.125942 0.119066 0.707538
2 0.185131 0.421712 0.12577 0.118669 0.703723
2 0.712723 0.0746387 0.0276562 0.0270755 0.700311
2 0.18451 0.42134 0.126813 0.118895 0.687066
2 0.184486 0.421267 0.126302 0.119504 0.684399
2 0.712953 0.0742008 0.0274983 0.0277049 0.68213
2 0.184986 0.421442 0.12657 0.119825 0.678217
2 0.831874 0.150337 0.0389166 0.0568514 0.652018
2 0.660705 0.147867 0.0399577 0.0499261 0.64838
2 0.184314 0.420904 0.126483 0.118515 0.64584
2 0.712821 0.074556 0.0276558 0.0272538 0.644221
2 0.660343 0.148119 0.0400299 0.0509951 0.635258
2 0.950034 0.17862 0.0400776 0.0586132 0.63502
2 0.433873 0.235371 0.0748768 0.0836309 0.629852
2 0.83143 0.151158 0.0386671 0.0540343 0.617378
2 0.433698 0.236269 0.0750806 0.0852502 0.616888
2 0.434032 0.236315 0.0726204 0.0834044 0.611663
2 0.901857 0.100196 0.0331284 0.0491039 0.606757
2 0.901939 0.100647 0.033205 0.0473755 0.601342
2 0.901647 0.101132 0.0337683 0.0488714 0.600848
2 0.950758 0.177895 0.0406765 0.0589838 0.600536
5 0.826859 0.486448 0.0830158 0.146048 0.600241
2 0.434081 0.235259 0.0745484 0.0828688 0.591417
2 0.950542 0.178174 0.0403305 0.0583295 0.582296
5 0.827148 0.486086 0.0821913 0.145672 0.580439
2 0.660291 0.147008 0.0414024 0.0508153 0.576326
2 0.660017 0.147195 0.041592 0.0512369 0.568161
2 0.885211 0.177059 0.0379057 0.0533181 0.564391
2 0.884568 0.177062 0.0374771 0.0540702 0.561298
2 0.884679 0.17659 0.0376272 0.0535422 0.551806
2 0.950768 0.178216 0.0391745 0.058384 0.546871
5 0.82716 0.486024 0.0819267 0.145739 0.541527
2 0.954284 0.0436824 0.0200933 0.0232552 0.541186
2 0.434059 0.235552 0.0740129 0.0827822 0.523282
2 0.831725 0.151116 0.0385681 0.0549284 0.522886
2 0.902069 0.100671 0.0330368 0.0478303 0.519662
2 0.901213 0.101293 0.0336344 0.0479738 0.519362
2 0.434212 0.234742 0.074351 0.0842766 0.512954
2 0.901775 0.101313 0.0322723 0.0468112 0.510115
2 0.901726 0.100591 0.0326916 0.0485906 0.503478
2 0.901514 0.10143 0.0321266 0.0473066 0.501242
5 0.826827 0.486261 0.0820948 0.14647 0.495457
2 0.88441 0.177021 0.0380396 0.0546147 0.494883
2 0.832322 0.151585 0.0384319 0.0560558 0.490799
5 0.827022 0.486303 0.0824459 0.145603 0.489629
2 0.433995 0.235946 0.0740597 0.0840851 0.484319
2 0.433942 0.235238 0.0743768 0.0837185 0.472036
2 0.83154 0.150478 0.0394482 0.0547565 0.471323
2 0.950611 0.177998 0.0396557 0.057981 0.467632
2 0.950581 0.178326 0.0388952 0.05893 0.461554
2 0.874732 0.0744431 0.0235157 0.0263856 0.460988
2 0.669366 0.0778153 0.0254629 0.030318 0.45925
2 0.83158 0.151517 0.0402512 0.0552938 0.458475
2 0.433853 0.235902 0.0743747 0.0838116 0.456817
2 0.88455 0.176773 0.0376728 0.054804 0.451439
2 0.950499 0.178132 0.0395267 0.0584171 0.443258
2 0.668643 0.078958 0.0280117 0.0286639 0.438064
5 0.827169 0.486021 0.0821642 0.145851 0.436416
2 0.832397 0.0857412 0.0249241 0.0223515 0.429736
5 0.827172 0.486147 0.0825939 0.146202 0.419329
2 0.713775 0.074229 0.0298695 0.0309817 0.417046
2 0.433977 0.235154 0.0745933 0.0841615 0.413907
5 0.827154 0.485835 0.0828009 0.145519 0.410382
2 0.90143 0.100044 0.0333549 0.0488035 0.404875
2 0.434474 0.235717 0.0732367 0.0827011 0.397789
2 0.660428 0.147723 0.0407362 0.0500801 0.396
2 0.884014 0.176872 0.0375942 0.055092 0.394466
2 0.83188 0.151803 0.038065 0.0538112 0.37728
2 0.8842 0.176785 0.0366329 0.0555777 0.375557
2 0.669946 0.0774926 0.0264774 0.0298946 0.373387
2 0.950588 0.177614 0.0390696 0.0591267 0.370545
2 0.874382 0.073233 0.0230148 0.0287702 0.360047
2 0.83126 0.150815 0.0392962 0.0552612 0.357801
2 0.832273 0.0826813 0.0256128 0.0264542 0.35702
2 0.885032 0.176734 0.0382921 0.0553435 0.356698
2 0.660422 0.147345 0.0411922 0.0505955 0.354519
2 0.660222 0.147678 0.0407213 0.0504838 0.351485
2 0.660335 0.146986 0.0418858 0.0509765 0.337368
2 0.714182 0.0727048 0.0294209 0.0303892 0.335046
2 0.883896 0.176058 0.0375629 0.0538261 0.332818
2 0.875267 0.0730398 0.023633 0.029035 0.327132
5 0.827462 0.486183 0.0836456 0.146713 0.325826
2 0.832576 0.150544 0.0387554 0.0569207 0.318115
2 0.433936 0.234771 0.0757399 0.0846251 0.316016
2 0.660049 0.147094 0.0406616 0.0507448 0.309266
2 0.660253 0.147533 0.0411867 0.0510612 0.294889
2 0.950403 0.177589 0.0389343 0.0581193 0.293769
5 0.82756 0.486067 0.0840252 0.145697 0.284785
2 0.851658 0.0582775 0.0231518 0.0249241 0.273312
2 0.670261 0.0772104 0.0271582 0.03006 0.273022
2 0.66784 0.0783792 0.0287396 0.0300567 0.266069
2 0.875253 0.0735024 0.0239996 0.0288508 0.260432
2 0.669739 0.0774683 0.0279033 0.0303213 0.257171
2 0.950181 0.178333 0.0393694 0.0586724 0.22948
2 0.781094 0.0200451 0.0257033 0.0255925 0.200358
2 0.78066 0.0197415 0.0256494 0.0251328 0.189174
2 0.472145 0.18083 0.0436422 0.0341851 0.18322
2 0.830599 0.083442 0.0274231 0.0244112 0.176412
2 0.470987 0.17896 0.0416782 0.0298127 0.165616
2 0.472073 0.1838 0.0431734 0.0382741 0.163425
2 0.831486 0.0796686 0.025975 0.0309124 0.161403
2 0.184128 0.420574 0.125673 0.118515 0.158482
2 0.747456 0.0551409 0.0279134 0.0436975 0.157008
2 0.667248 0.0770848 0.0313221 0.0321131 0.153145
2 0.750078 0.0671908 0.0216912 0.0229212 0.15225
2 0.137883 0.621967 0.182126 0.195374 0.152247
2 0.472388 0.184628 0.0457746 0.0420606 0.146598
2 0.831709 0.152309 0.0383179 0.0519403 0.14286
2 0.750133 0.0657365 0.0225502 0.0280592 0.142658
2 0.950688 0.174577 0.0369938 0.0538904 0.136657
2 0.83092 0.0815852 0.0287281 0.0306096 0.135218
2 0.832793 0.0836317 0.0260252 0.0258308 0.130316
2 0.832296 0.0812185 0.0269197 0.0295597 0.12922
2 0.470522 0.182013 0.0441153 0.0357739 0.129015
2 0.433842 0.235667 0.0752008 0.0827943 0.125778
2 0.469325 0.18423 0.0504559 0.0413287 0.122282
2 0.472844 0.184514 0.0526121 0.0440482 0.114102
2 0.137147 0.621972 0.182495 0.193991 0.113611
2 0.138437 0.624129 0.182348 0.19891 0.108576
2 0.954499 0.0409629 0.0205837 0.0283967 0.106485
2 0.832225 0.152829 0.0385738 0.0543902 0.10592
2 0.779973 0.0191687 0.0265484 0.0271072 0.102528
2 0.883699 0.175903 0.0373924 0.0542405 0.100498
2 0.903018 0.100475 0.0358192 0.0491371 0.092357
2 0.137359 0.619225 0.181224 0.188136 0.0921842
2 0.744751 0.0501373 0.0319282 0.0448576 0.0890838
2 0.830393 0.0765265 0.0285656 0.0382188 0.0840569
2 0.83098 0.083212 0.0283558 0.0291483 0.0831436
2 0.950585 0.174437 0.0371134 0.052424 0.0787606
2 0.901458 0.0953413 0.0309841 0.0361109 0.0773863
2 0.476609 0.184696 0.0511186 0.0438847 0.0772382
2 0.46898 0.180225 0.0465213 0.0329584 0.0739624
2 0.136606 0.623346 0.181208 0.197089 0.0731986
2 0.135465 0.621719 0.180534 0.193495 0.0723896
2 0.851765 0.0587738 0.0236137 0.0279235 0.072146
2 0.738932 0.0402105 0.0228205 0.0239991 0.0679186
2 0.742077 0.0431942 0.0284992 0.0298424 0.067067
2 0.745761 0.0526104 0.0301504 0.0452652 0.065928
2 0.754304 0.0643263 0.0294585 0.030979 0.0633897
2 0.474265 0.18283 0.0588671 0.0434469 0.063147
2 0.668971 0.0756203 0.0293655 0.0351152 0.0596339
2 0.745425 0.0547311 0.0309435 0.0440843 0.0574587
2 0.742799 0.0415159 0.0252193 0.0263642 0.0572409
2 0.851854 0.0553598 0.024873 0.0304488 0.0571989
2 0.953393 0.0441253 0.0236055 0.0245557 0.0522057
2 0.884718 0.176106 0.0366741 0.05374 0.0519217
2 0.782456 0.0162234 0.0253258 0.0316238 0.0512972
2 0.47924 0.183063 0.0567496 0.0453383 0.0489428
2 0.831685 0.0693752 0.028162 0.0506502 0.0485727
2 0.467522 0.179508 0.0443237 0.0305013 0.0444724
2 0.885768 0.176234 0.0384319 0.0539036 0.0429651
2 0.8995 0.0286074 0.0159451 0.0198461 0.0424826
2 0.903141 0.100178 0.0361921 0.0499345 0.0418206
5 0.932137 0.0227604 0.0319878 0.0453159 0.0407786
2 0.955088 0.00917475 0.0158329 0.0181739 0.0395118
2 0.90321 0.0223696 0.0227169 0.0334654 0.0390505
5 0.913648 0.0212201 0.0254959 0.0417359 0.0362911
2 0.781162 0.0177322 0.0272923 0.0298066 0.0358124
2 0.477049 0.184684 0.0533169 0.0447318 0.0357589
2 0.134668 0.622523 0.179599 0.195211 0.0349533
2 0.782105 0.0194199 0.0271366 0.0293241 0.0334128
2 0.840929 0.0712404 0.0434071 0.0484458 0.0331783
2 0.197212 0.41199 0.101602 0.0993593 0.0322729
2 0.851676 0.058811 0.0232029 0.0257604 0.0322691
2 0.740354 0.0399126 0.0235399 0.0259947 0.031931
2 0.135531 0.619741 0.17833 0.188675 0.0315721
2 0.875128 0.071219 0.0232706 0.0348043 0.0309434
2 0.659701 0.147743 0.0385056 0.0511914 0.0296834
2 0.814912 0.0387589 0.0226336 0.0233456 0.0295185
2 0.139077 0.625523 0.181451 0.202905 0.0294715
5 0.826759 0.486613 0.083617 0.146351 0.0286241
2 0.951006 0.180777 0.0380756 0.0561018 0.0278903
2 0.782279 0.0203452 0.0268145 0.0291235 0.0271397
2 0.899425 0.0205706 0.0173317 0.0334235 0.0260485
2 0.713564 0.0695731 0.0299257 0.0366813 0.0255188
2 0.745526 0.0461112 0.0322126 0.0389698 0.0244274
2 0.950746 0.178034 0.0407974 0.0589051 0.0238169
2 0.766766 0.0686294 0.0197195 0.0239678 0.0235709
2 0.900635 0.101547 0.0335054 0.0483569 0.0234508
2 0.473824 0.186833 0.0438631 0.0478912 0.0233383
2 0.953847 0.044574 0.0217918 0.0246652 0.022837
0 0.0213314 0.0332412 0.0423922 0.0664824 0.02274
79 0.878371 0.936044 0.0297642 0.127912 0.0224197
2 0.77971 0.0199654 0.0301083 0.027774 0.0220246
2 0.831938 0.0685646 0.0303211 0.0536995 0.02195
0 0.0206931 0.0321206 0.0410391 0.0637101 0.0199912
2 0.791159 0.0109552 0.0173243 0.0211945 0.0199198
2 0.815453 0.0355341 0.0242428 0.025916 0.0195098
7 0.929243 0.023802 0.0194351 0.0364442 0.0189384
79 0.878704 0.934653 0.0322418 0.130694 0.0185853
7 0.660065 0.148155 0.0403628 0.0510906 0.0182491
2 0.815547 0.0321578 0.0243526 0.0329625 0.0178116
5 0.931031 0.0232512 0.0258091 0.0443659 0.0178077
2 0.869011 0.0768711 0.0311401 0.0325366 0.0177614
2 0.905423 0.0209029 0.0280876 0.0368531 0.0171682
2 0.76011 0.0650592 0.0427984 0.0323958 0.0170424
2 0.851013 0.0549088 0.0262482 0.0316092 0.0164349
2 0.667687 0.0801049 0.0280896 0.0294613 0.0159956
2 0.783762 0.219047 0.0271854 0.0394558 0.015516
2 0.814703 0.0164222 0.0277489 0.0266983 0.0153215
79 0.879634 0.936467 0.0300167 0.126231 0.0148515
0 0.0183941 0.0325373 0.0363858 0.0639615 0.0147553
2 0.903253 0.0999789 0.0362551 0.0485321 0.01452
2 0.815369 0.0378673 0.0223022 0.0229938 0.0140338
2 0.138597 0.625885 0.182738 0.203274 0.0133878
2 0.957248 0.0435715 0.0276169 0.0268929 0.0133248
2 0.952621 0.173638 0.0382217 0.0515533 0.0131657
0 0.257772 0.00720518 0.0217062 0.0144104 0.0130986
2 0.70178 0.0749935 0.0520531 0.0298256 0.0128015
2 0.743175 0.0533764 0.0345667 0.0489992 0.0125782
2 0.816311 0.0142977 0.0251192 0.0206025 0.0123397
0 0.0175416 0.0327842 0.0335922 0.0645494 0.0115309
2 0.871648 0.0712007 0.0283945 0.0360629 0.0114625
0 0.738125 0.0395169 0.0194792 0.0240668 0.0113316
2 0.713372 0.0699673 0.0294979 0.0360106 0.0113243
2 0.953631 0.0446693 0.0244152 0.0258431 0.0112508
2 0.668413 0.079427 0.0265673 0.0297789 0.0110946
2 0.829677 0.00902118 0.0310768 0.017784 0.0107849
0 0.0155061 0.0325762 0.0308161 0.0649135 0.0106696
5 0.912602 0.0211554 0.0224232 0.0397316 0.0105706
5 0.912017 0.0219564 0.0201321 0.0395793 0.010305
2 0.481157 0.181193 0.0715294 0.0475825 0.0102554
6 0.136509 0.624843 0.180335 0.199823 0.00983257
2 0.198807 0.39815 0.0979326 0.0714042 0.00975346
7 0.929271 0.0258634 0.0178661 0.0321627 0.00972076
2 0.884088 0.0150871 0.0157389 0.0189398 0.00936904
2 0.819133 0.0120132 0.0408556 0.0234323 0.0092872
5 0.817173 0.0243844 0.0330479 0.0481773 0.00924357
2 0.955212 0.0110121 0.016975 0.0206668 0.009157
2 0.927386 0.0111281 0.0235596 0.0222562 0.00852694
2 0.811792 0.0117075 0.0404686 0.0231362 0.00852568
79 0.880175 0.934535 0.0305115 0.130056 0.00842878
0 0.0161076 0.0333163 0.0321221 0.0666326 0.00841235
2 0.779791 0.0180685 0.026569 0.0287422 0.00838224
6 0.115809 0.690609 0.226731 0.338467 0.00836433
6 0.113457 0.691754 0.226156 0.340386 0.00835038
2 0.468081 0.184261 0.0508445 0.0418213 0.00830007
0 0.0308761 0.032069 0.058815 0.064138 0.00817833
2 0.137647 0.613007 0.177856 0.175567 0.0081006
5 0.955424 0.0396651 0.0214123 0.0300097 0.00796988
2 0.860598 0.0701502 0.0290482 0.0417716 0.00791207
2 0.717878 0.0700442 0.0374075 0.0329653 0.00784568
2 0.883928 0.177775 0.0366701 0.0525099 0.00777191
2 0.896562 0.0147043 0.0252396 0.0294085 0.00764273
2 0.817445 0.0306976 0.0234936 0.0425467 0.00751309
79 0.881207 0.937569 0.0300327 0.124863 0.00748657
79 0.880172 0.934531 0.0311703 0.12993 0.00740909
2 0.474984 0.181121 0.0613253 0.0482163 0.00704845
2 0.751194 0.069191 0.0228199 0.0280852 0.00702424
2 0.882772 0.0719393 0.0301163 0.0355132 0.00664086
2 0.784858 0.2185 0.0261244 0.0380896 0.00643635
7 0.94303 0.0237439 0.043609 0.0466329 0.00630232
2 0.653715 0.149846 0.0265938 0.0475439 0.00618867
2 0.783892 0.219167 0.0281191 0.0406963 0.00614653
5 0.889624 0.0189223 0.0212131 0.0378446 0.00605353
6 0.240517 0.485398 0.406231 0.537085 0.00591001
2 0.139476 0.627312 0.185333 0.205542 0.00576803
2 0.758268 0.0526377 0.0538368 0.0557339 0.00569496
2 0.914101 0.0228029 0.0190708 0.0374891 0.00567307
0 0.0141107 0.0327539 0.0281033 0.0651419 0.00565248
13 0.0503086 0.0643728 0.100617 0.0460431 0.00565174
0 0.0244657 0.0310107 0.0450899 0.0613595 0.00564699
2 0.837752 0.132139 0.0274097 0.0220043 0.00544247
6 0.113137 0.700439 0.225504 0.358148 0.00543664
13 0.0506679 0.0631592 0.101336 0.0460037 0.0054362
2 0.678014 0.077162 0.0448328 0.0293498 0.00543305
0 0.0247553 0.031895 0.0491528 0.0634581 0.00540775
2 0.940313 0.0148091 0.045961 0.0296181 0.00536392
2 0.660051 0.146967 0.0424387 0.0502118 0.00533748
2 0.479872 0.186636 0.0507546 0.0499027 0.00531278
6 0.234676 0.44824 0.409121 0.562048 0.00526193
2 0.903451 0.10161 0.0357967 0.0466268 0.00516982
6 0.114186 0.694841 0.225979 0.34813 0.00513859
2 0.950806 0.182416 0.0375572 0.0525319 0.00494416
2 0.783735 0.218914 0.0264607 0.0398037 0.00492074
2 0.750704 0.0697937 0.0209195 0.0257234 0.00486928
79 0.879969 0.934631 0.0304642 0.129801 0.00483365
2 0.887545 0.176986 0.0423901 0.0559234 0.00472287
2 0.831623 0.014442 0.0141256 0.0210239 0.00451866
5 0.954806 0.0269774 0.0223343 0.0529193 0.00445275
2 0.831693 0.0608365 0.0284685 0.0454147 0.00436473
2 0.854303 0.21676 0.0161531 0.0362991 0.00436194
2 0.784049 0.220135 0.0271967 0.0421667 0.00432126
7 0.938883 0.0203076 0.0445774 0.0402126 0.00424004
0 0.0280625 0.0308573 0.0449138 0.0617145 0.00421462
2 0.837487 0.00625794 0.0230293 0.0125159 0.00414278
6 0.236666 0.459814 0.43605 0.598727 0.00408561
0 0.266309 0.00730769 0.0370142 0.014561 0.0040495
2 0.653759 0.0817248 0.0269411 0.0182604 0.00403546
2 0.661553 0.147134 0.0424427 0.0503793 0.00400706
2 0.153521 0.455825 0.0594518 0.0501553 0.00399059
2 0.281222 0.00604469 0.0287934 0.0120854 0.0039768
5 0.91089 0.478708 0.0240055 0.127227 0.00387836
2 0.153505 0.455508 0.0589283 0.051475 0.003858
6 0.116462 0.688856 0.232057 0.34048 0.00382442
