5 0.717134 0.111041 0.155969 0.221049 0.919625
5 0.71715 0.110528 0.155537 0.221057 0.899614
5 0.717433 0.110925 0.156514 0.22185 0.888197
5 0.717066 0.110749 0.155777 0.221498 0.882778
5 0.717314 0.111373 0.154459 0.222747 0.879546
5 0.716883 0.110949 0.155894 0.221898 0.872887
5 0.716865 0.110825 0.155546 0.221651 0.867068
5 0.717356 0.11087 0.156289 0.22174 0.864905
5 0.716989 0.111303 0.15539 0.222067 0.859903
5 0.716878 0.110805 0.156257 0.221611 0.857563
2 0.605038 0.294673 0.0708859 0.115963 0.641439
2 0.605414 0.294587 0.0706842 0.116149 0.630665
2 0.825942 0.604164 0.188905 0.274105 0.617532
2 0.604885 0.294571 0.0709572 0.115911 0.597001
2 0.486922 0.369941 0.0810005 0.159582 0.595226
2 0.826323 0.604572 0.187925 0.273532 0.587653
2 0.486656 0.369009 0.0812739 0.158196 0.583958
2 0.605315 0.294525 0.0708406 0.115978 0.577259
2 0.487204 0.370124 0.0811935 0.160612 0.562671
2 0.605331 0.294248 0.0711653 0.115242 0.560228
2 0.825797 0.604112 0.18833 0.274867 0.558014
2 0.604955 0.294987 0.0709858 0.116099 0.555502
2 0.486886 0.370391 0.0814446 0.158483 0.55082
2 0.487013 0.369446 0.0813976 0.159127 0.542868
2 0.605067 0.294555 0.0710314 0.116072 0.538999
2 0.60562 0.294366 0.0709997 0.115585 0.537985
2 0.605309 0.294904 0.0709363 0.11629 0.536774
2 0.605021 0.294596 0.0705317 0.116372 0.517816
2 0.825924 0.604493 0.188628 0.27288 0.478251
2 0.487135 0.370156 0.0816873 0.159978 0.47283
67 0.522689 0.736228 0.130971 0.322802 0.466186
2 0.487452 0.370712 0.0813787 0.159751 0.426631
2 0.957734 0.288662 0.0835594 0.125048 0.423073
67 0.522497 0.735032 0.132284 0.319249 0.423002
67 0.522571 0.734494 0.130893 0.317942 0.421021
2 0.825857 0.604133 0.187911 0.273632 0.405083
2 0.678421 0.674235 0.156539 0.318065 0.39559
2 0.872305 0.0657156 0.0725105 0.0585364 0.375761
2 0.826324 0.604376 0.187299 0.274479 0.374665
5 0.487275 0.3706 0.0818824 0.158451 0.367304
2 0.679309 0.675078 0.153816 0.320728 0.357014
2 0.82543 0.604107 0.189705 0.274137 0.337667
2 0.879068 0.400273 0.150188 0.166571 0.33661
2 0.560238 0.153086 0.0461157 0.0772491 0.335398
5 0.879129 0.401458 0.150646 0.165385 0.33408
2 0.957754 0.288586 0.0835285 0.124581 0.331624
2 0.872948 0.0655344 0.071731 0.0583116 0.324761
2 0.957683 0.289247 0.0836098 0.124479 0.313695
2 0.957844 0.287667 0.0835104 0.128259 0.309201
5 0.878135 0.400303 0.14962 0.170064 0.308298
67 0.676947 0.674409 0.155689 0.318098 0.302055
5 0.487185 0.370662 0.081486 0.158579 0.301624
2 0.643957 0.191414 0.0711611 0.0940998 0.296614
7 0.87282 0.0660415 0.0734358 0.0583349 0.295258
2 0.872469 0.0652656 0.0740593 0.0576524 0.294407
5 0.878775 0.401888 0.150105 0.163723 0.293947
2 0.825911 0.605266 0.186686 0.274526 0.293872
2 0.957895 0.288542 0.0832993 0.124764 0.293488
67 0.521622 0.733295 0.132066 0.318298 0.285327
2 0.878746 0.399416 0.150133 0.170047 0.279662
2 0.957635 0.288996 0.0842102 0.125733 0.278504
2 0.644294 0.191558 0.0707909 0.0929871 0.273519
2 0.644474 0.191206 0.0714172 0.0928401 0.269391
67 0.523897 0.740491 0.132005 0.318242 0.268585
7 0.872203 0.0660722 0.0747578 0.0575699 0.265783
2 0.559941 0.152275 0.0462957 0.0780732 0.259224
7 0.873144 0.0654065 0.0733269 0.0582283 0.258438
5 0.48751 0.371646 0.0815804 0.159008 0.253843
2 0.957927 0.289426 0.0836052 0.12396 0.249119
2 0.682768 0.64813 0.148517 0.270345 0.240553
2 0.957731 0.288684 0.0840565 0.125406 0.235435
2 0.873254 0.0656663 0.0722672 0.0593218 0.235428
67 0.523543 0.739928 0.132714 0.31827 0.231111
2 0.827601 0.605384 0.18548 0.274557 0.230972
2 0.644258 0.191351 0.0711481 0.0927404 0.228764
2 0.644647 0.191321 0.0704771 0.0940378 0.228517
2 0.677544 0.673661 0.155061 0.318855 0.227777
2 0.872156 0.0652012 0.0761972 0.0568251 0.222669
5 0.879082 0.402051 0.149669 0.164623 0.222545
2 0.957964 0.289077 0.0830202 0.123263 0.221702
2 0.957811 0.289032 0.0833942 0.123673 0.216928
2 0.678349 0.67441 0.154441 0.321874 0.213442
2 0.878816 0.401262 0.150364 0.166375 0.212215
67 0.522677 0.735525 0.130521 0.318008 0.201129
67 0.522626 0.73447 0.132126 0.31686 0.200653
67 0.678259 0.673961 0.152506 0.321479 0.198684
2 0.644265 0.191154 0.0716088 0.093971 0.196083
2 0.682052 0.65271 0.148472 0.279979 0.193739
67 0.677681 0.673478 0.152692 0.321436 0.191764
2 0.873202 0.0656671 0.0725773 0.0591737 0.189578
9 0.130806 0.024693 0.0100606 0.0253986 0.189465
67 0.52445 0.740562 0.132389 0.30478 0.187302
67 0.523985 0.742112 0.131652 0.301913 0.183929
7 0.878529 0.401218 0.151038 0.166414 0.181
5 0.560336 0.153029 0.0455276 0.075902 0.180314
67 0.677249 0.67252 0.154628 0.320484 0.179129
2 0.560534 0.153318 0.0460463 0.0769235 0.177215
2 0.644332 0.191355 0.0720794 0.0920129 0.17551
2 0.270869 0.0765599 0.0272303 0.0278247 0.168879
5 0.878788 0.401385 0.150897 0.163984 0.160578
2 0.681958 0.65546 0.150209 0.283431 0.148626
5 0.560726 0.15398 0.0448931 0.0750941 0.147577
2 0.486623 0.369152 0.0815081 0.157096 0.146865
5 0.561059 0.153752 0.0454958 0.0755409 0.130265
7 0.874024 0.0658515 0.0703634 0.0583696 0.129338
2 0.677367 0.671863 0.156353 0.318022 0.127531
2 0.486594 0.368697 0.0814016 0.157782 0.12653
0 0.991235 0.053732 0.0168114 0.0540711 0.125312
0 0.991216 0.0530855 0.0168068 0.0558462 0.124594
2 0.644519 0.190623 0.0704582 0.0927525 0.123772
0 0.858649 0.042447 0.0167562 0.0247066 0.122037
0 0.442722 0.0229294 0.0250947 0.0458588 0.113713
0 0.990709 0.0535037 0.018008 0.0538002 0.111409
9 0.130796 0.0265493 0.0111552 0.0252691 0.109172
2 0.878292 0.400467 0.15005 0.166927 0.107202
2 0.985116 0.242598 0.0289516 0.0545107 0.106836
2 0.560254 0.152868 0.047058 0.076947 0.102062
0 0.443238 0.024081 0.0257113 0.0471187 0.101557
2 0.559937 0.151342 0.04734 0.0774534 0.101195
0 0.992341 0.0575751 0.014566 0.0450535 0.0995749
2 0.187913 0.130912 0.0441438 0.0416091 0.0982491
0 0.442542 0.0220568 0.0262365 0.0440985 0.0966655
0 0.977802 0.0510643 0.0182354 0.0513079 0.096556
67 0.679063 0.67464 0.149879 0.318459 0.0952624
2 0.986084 0.248638 0.0270586 0.0438751 0.0919794
67 0.522106 0.733541 0.133073 0.314981 0.0918694
0 0.978576 0.0531198 0.017918 0.0494033 0.090029
2 0.559766 0.151656 0.0462442 0.0767548 0.0848
2 0.873035 0.0667356 0.0720648 0.0600081 0.0836474
2 0.985224 0.241888 0.02887 0.0545737 0.0830842
2 0.986726 0.225743 0.0257957 0.0228741 0.0799474
2 0.269905 0.0758943 0.0255099 0.0286164 0.079122
0 0.986721 0.0545433 0.0210222 0.0495003 0.074582
2 0.978891 0.247632 0.0415253 0.0570481 0.0743516
2 0.60756 0.305367 0.0662518 0.0930735 0.0743338
2 0.958671 0.0529135 0.0225285 0.0299334 0.0721411
2 0.272623 0.0764197 0.0305744 0.027308 0.0708372
2 0.271057 0.0747079 0.0296531 0.0330706 0.0707099
0 0.990066 0.0513162 0.0192711 0.0556054 0.0706188
0 0.991798 0.0518123 0.0156328 0.0580588 0.0691624
2 0.270491 0.0768635 0.0264429 0.028883 0.0684302
2 0.872149 0.0657075 0.073428 0.0568648 0.0661077
2 0.987156 0.225745 0.0245377 0.0217004 0.0656688
2 0.184358 0.234139 0.0462908 0.0215435 0.0641308
7 0.645796 0.191105 0.0699686 0.091713 0.0632463
2 0.986302 0.232318 0.0265331 0.0354748 0.0625766
2 0.957677 0.285169 0.0841274 0.12672 0.0612722
2 0.9585 0.0523982 0.0227463 0.0307886 0.0609618
2 0.986341 0.231568 0.0265503 0.0350393 0.0593023
2 0.606118 0.299559 0.0697132 0.103543 0.0587762
0 0.876887 0.109569 0.0163101 0.0356087 0.0584226
2 0.877407 0.400083 0.148151 0.169991 0.058209
2 0.186722 0.133386 0.0411838 0.0393509 0.0576203
2 0.872906 0.065674 0.0713253 0.0591628 0.0559319
2 0.188477 0.11486 0.043798 0.0632375 0.0540574
2 0.186689 0.134424 0.0413507 0.0384868 0.0533164
0 0.440188 0.0261177 0.0287125 0.0507145 0.0521108
7 0.645331 0.192046 0.0709815 0.0908722 0.0510809
0 0.876727 0.10855 0.0159882 0.0375994 0.0509944
7 0.872025 0.0639422 0.0752991 0.0603197 0.049205
2 0.609073 0.308392 0.0637547 0.0874349 0.0480252
0 0.858607 0.0407378 0.0157223 0.0259097 0.0452417
2 0.187942 0.130069 0.0433037 0.0431686 0.0450443
2 0.272353 0.0759455 0.0316863 0.0290779 0.0441031
2 0.960292 0.0511457 0.0240944 0.0388558 0.0438392
2 0.964353 0.0494087 0.0365059 0.0440575 0.0390973
7 0.87664 0.0648832 0.0650755 0.0574414 0.0389734
2 0.190576 0.104436 0.0380578 0.0494464 0.0388842
2 0.187303 0.131249 0.0425899 0.0410123 0.0384869
0 0.308788 0.105754 0.0163419 0.0352426 0.03844
0 0.442327 0.0240865 0.028372 0.0481731 0.037959
0 0.443904 0.0268696 0.0262806 0.0535588 0.0378985
2 0.189176 0.128304 0.0427044 0.0385662 0.0375676
41 0.95552 0.953541 0.088504 0.0922482 0.0373288
0 0.0778513 0.0930205 0.0162384 0.0426434 0.0372034
0 0.443908 0.0260842 0.0254066 0.0519128 0.0370914
7 0.6457 0.192024 0.0689499 0.0905912 0.0370421
0 0.323877 0.109786 0.0380857 0.0551153 0.0362296
2 0.968908 0.0521027 0.0231884 0.0383809 0.0362248
0 0.876002 0.108039 0.0173161 0.0374603 0.0342873
2 0.8786 0.401373 0.150618 0.163736 0.0340167
0 0.312541 0.112156 0.0214217 0.0490057 0.0338538
2 0.268867 0.0746533 0.0290535 0.0289865 0.0334642
2 0.976864 0.241598 0.0455036 0.0540506 0.0332855
41 0.955368 0.953762 0.0880993 0.0919262 0.0329429
0 0.992744 0.0618219 0.0138277 0.0479702 0.0326849
0 0.384137 0.0780174 0.0285339 0.0611877 0.0319336
5 0.717448 0.110623 0.156037 0.221245 0.031859
2 0.187854 0.116121 0.0426869 0.0477954 0.031109
0 0.406833 0.0209944 0.0215782 0.0403217 0.0306531
2 0.323382 0.0999685 0.0417536 0.0659447 0.0301809
2 0.826268 0.604729 0.189423 0.272437 0.029848
41 0.955978 0.953512 0.0875179 0.0919075 0.029548
2 0.975083 0.253197 0.0485046 0.0501209 0.0293821
0 0.324543 0.113438 0.0314362 0.0402538 0.0293347
0 0.444463 0.0239397 0.0260031 0.0478793 0.0292638
0 0.322232 0.106893 0.0283134 0.0371553 0.0285894
0 0.971806 0.0533848 0.0180023 0.0372147 0.0283195
2 0.269947 0.0759033 0.030427 0.0293187 0.0282012
0 0.518981 0.317514 0.0105053 0.0223852 0.027959
2 0.18846 0.108838 0.0398988 0.0543644 0.0278837
67 0.376705 0.420563 0.0333903 0.0578669 0.0278346
0 0.32235 0.114375 0.0327733 0.0437826 0.0277381
2 0.988906 0.269189 0.0213902 0.0568325 0.0275366
2 0.603583 0.279107 0.0638567 0.0868776 0.0268219
2 0.977953 0.263077 0.0431919 0.0662077 0.0267664
0 0.326687 0.108811 0.0285355 0.0385677 0.0265411
5 0.75068 0.0156557 0.0831146 0.0313114 0.0264932
2 0.877342 0.330019 0.0407307 0.0302176 0.0264602
56 0.955505 0.953865 0.0876526 0.0916878 0.026315
2 0.975399 0.257189 0.0474026 0.0541265 0.0261298
0 0.314518 0.121719 0.0170058 0.0393678 0.0260648
2 0.607547 0.307218 0.0666801 0.0887382 0.0259037
67 0.37686 0.420448 0.0332708 0.0578877 0.0258712
0 0.384914 0.0792824 0.032525 0.0659215 0.0257271
0 0.814963 0.3795 0.0161285 0.0411733 0.0255852
5 0.738002 0.0154831 0.024839 0.0309662 0.0254969
5 0.729925 0.0154878 0.0427774 0.0309757 0.0254798
0 0.384213 0.066629 0.0272112 0.0535661 0.0253876
2 0.558547 0.152135 0.0492203 0.0798255 0.0253092
2 0.188659 0.101666 0.0262575 0.0379815 0.0252439
41 0.955895 0.953711 0.0877232 0.0915535 0.0250545
9 0.125239 0.0198752 0.0203898 0.0358735 0.024783
0 0.972432 0.0546803 0.0167599 0.0381246 0.0243425
67 0.376941 0.419997 0.0331709 0.0575108 0.024239
0 0.856185 0.348452 0.0243618 0.0442894 0.0241076
2 0.189511 0.114913 0.0433645 0.0497144 0.0237885
2 0.886252 0.33525 0.0626963 0.0469519 0.02378
2 0.603522 0.277115 0.0655079 0.0829388 0.0237343
2 0.199048 0.0881237 0.0422001 0.0318503 0.023538
0 0.326659 0.0949228 0.0306416 0.0566327 0.0233415
2 0.324173 0.108257 0.0372749 0.0498574 0.0230981
2 0.843525 0.0718117 0.0179218 0.0354417 0.0228157
41 0.955585 0.953531 0.0879313 0.0920435 0.0227573
0 0.875989 0.108768 0.0176514 0.0366461 0.0227267
5 0.724807 0.0146047 0.0538751 0.0290492 0.0225084
0 0.978226 0.0486064 0.0170555 0.0541466 0.0224625
0 0.311421 0.114458 0.0150793 0.048252 0.0224395
9 0.124862 0.0268055 0.0174608 0.025057 0.0224137
5 0.735309 0.0148414 0.0297527 0.0295648 0.0222417
2 0.183303 0.234297 0.0489584 0.024543 0.0219203
41 0.955576 0.95312 0.0878422 0.0928587 0.0218952
60 0.584655 0.710757 0.777885 0.575659 0.0218597
41 0.955627 0.953694 0.0875885 0.0913826 0.0217704
2 0.179514 0.129189 0.0281017 0.0299256 0.0217524
2 0.281932 0.0729085 0.0208073 0.0348512 0.0216017
0 0.0776498 0.0949031 0.0144631 0.0415778 0.0212654
2 0.23215 0.0567199 0.0150638 0.0229969 0.021239
0 0.444284 0.0261848 0.0302861 0.0517743 0.0209567
0 0.407896 0.0227899 0.0198435 0.0371568 0.0201794
0 0.193089 0.0961385 0.0210533 0.0303712 0.0200963
41 0.955737 0.953507 0.0875584 0.0917572 0.0199771
2 0.188598 0.132108 0.0427896 0.0391985 0.0198168
67 0.377018 0.420568 0.0336377 0.0574457 0.0196653
0 0.383606 0.0706311 0.0266032 0.0478151 0.01946
2 0.976161 0.260592 0.0469337 0.0618951 0.0193901
0 0.9904 0.280922 0.0183893 0.0341096 0.0193068
2 0.558113 0.132167 0.041053 0.0425985 0.0189186
0 0.324073 0.117031 0.0311777 0.0399607 0.0186456
2 0.878736 0.327189 0.0379997 0.0323916 0.0185941
0 0.384215 0.067071 0.0291427 0.0526831 0.0183265
0 0.323695 0.094828 0.0288675 0.0510715 0.0182265
0 0.287053 0.0822519 0.0107112 0.0237433 0.0180346
0 0.331734 0.0885906 0.0192192 0.0456328 0.018016
0 0.384635 0.0814094 0.0322968 0.0704423 0.0178501
0 0.409176 0.0209212 0.0188977 0.0412982 0.0177157
0 0.0779573 0.0915828 0.0164075 0.0423882 0.0174846
0 0.317369 0.122956 0.0182777 0.029497 0.0174356
41 0.955695 0.953744 0.0875721 0.0918972 0.0174346
60 0.568298 0.724503 0.790801 0.550157 0.0173345
0 0.406435 0.019808 0.0205326 0.0396077 0.0171679
0 0.384921 0.0735269 0.0307196 0.0555365 0.0170638
0 0.189014 0.105315 0.0375273 0.0476124 0.0167944
2 0.188854 0.113044 0.0427323 0.0508949 0.0164321
2 0.185638 0.134721 0.0421145 0.0399014 0.0161668
2 0.884674 0.336494 0.0604595 0.0316828 0.0160652
0 0.409988 0.0222371 0.0162081 0.0399346 0.0159192
0 0.323879 0.0974798 0.0398154 0.0633643 0.0156886
0 0.435928 0.0290056 0.0148972 0.0525959 0.0156283
0 0.973231 0.0455034 0.0191624 0.0526081 0.0152492
0 0.18628 0.124217 0.03997 0.0323911 0.0152351
0 0.355015 0.0443793 0.02082 0.0391278 0.0151384
0 0.437799 0.0213502 0.0362825 0.0427004 0.0150745
0 0.853961 0.352514 0.0265694 0.0457289 0.0147889
7 0.645929 0.192892 0.0686598 0.0879202 0.0145277
2 0.832101 0.340142 0.0237095 0.029719 0.0144758
2 0.682559 0.647508 0.148546 0.267421 0.014447
0 0.384524 0.0741326 0.0313645 0.0605767 0.0141756
0 0.365902 0.0424373 0.0188316 0.0427757 0.0141155
2 0.880105 0.322643 0.0325073 0.0238681 0.0140999
0 0.192293 0.0911728 0.016912 0.0276425 0.0140023
0 0.216405 0.0620556 0.0119137 0.0239449 0.0139374
0 0.641087 0.164479 0.0477663 0.0425068 0.0138845
67 0.37626 0.420539 0.0345573 0.0572296 0.0136668
2 0.846464 0.0699417 0.0213654 0.0389936 0.0136168
2 0.643227 0.162861 0.042938 0.0400935 0.0135837
67 0.377106 0.419705 0.0333009 0.0580389 0.0135419
0 0.384522 0.0828036 0.0297367 0.0709955 0.0135322
0 0.216198 0.0685821 0.0142098 0.0293544 0.0135283
0 0.308384 0.101142 0.0178989 0.0359274 0.0135076
