5 0.174542 0.637653 0.0896237 0.152744 0.848097
5 0.174877 0.637651 0.089381 0.152123 0.816076
5 0.174791 0.638147 0.0897148 0.153742 0.806867
5 0.17473 0.637843 0.0898994 0.153234 0.798053
5 0.174903 0.637785 0.0896703 0.15274 0.77741
5 0.174561 0.638253 0.0898684 0.153584 0.776586
5 0.333719 0.186513 0.107444 0.118182 0.767762
5 0.333652 0.185888 0.108129 0.120304 0.751719
5 0.2218 0.308358 0.133151 0.190597 0.746465
5 0.334447 0.186915 0.109102 0.117956 0.731713
5 0.333886 0.186705 0.108291 0.118387 0.725747
5 0.333771 0.186176 0.109069 0.116952 0.722649
5 0.221726 0.306941 0.132051 0.19291 0.715596
5 0.333761 0.186012 0.108435 0.119158 0.707501
5 0.174853 0.638041 0.0898969 0.153741 0.691839
5 0.221877 0.308756 0.13293 0.188983 0.689146
5 0.33402 0.18656 0.108571 0.117454 0.684493
5 0.333423 0.186471 0.107755 0.117746 0.669638
2 0.591987 0.897104 0.133055 0.205085 0.659288
2 0.5932 0.897317 0.13244 0.204616 0.648644
2 0.67354 0.378437 0.0717037 0.081338 0.646953
5 0.222034 0.307172 0.131497 0.193012 0.643082
5 0.334216 0.187095 0.109085 0.117507 0.633577
5 0.174489 0.63775 0.09009 0.153577 0.632439
2 0.673836 0.378583 0.072328 0.0816275 0.627872
5 0.22165 0.306885 0.133376 0.193784 0.626657
2 0.673713 0.378251 0.0719947 0.082536 0.613915
5 0.17423 0.638159 0.0898821 0.154469 0.613412
2 0.673758 0.37819 0.0717348 0.0814128 0.612005
2 0.0983331 0.774596 0.141865 0.209061 0.60697
2 0.673819 0.378144 0.072415 0.0820201 0.60044
5 0.222234 0.309556 0.132402 0.189294 0.593069
2 0.0983932 0.774907 0.141392 0.208702 0.555005
2 0.674263 0.379093 0.0730337 0.0810023 0.543971
2 0.673803 0.378362 0.0716476 0.0819092 0.536268
2 0.279104 0.42681 0.0749406 0.113891 0.53566
2 0.673973 0.37871 0.0740547 0.0816098 0.534291
2 0.278989 0.426759 0.0751498 0.114408 0.519804
5 0.222249 0.312447 0.130791 0.183384 0.507151
2 0.279494 0.426667 0.0756045 0.114346 0.506833
2 0.0986364 0.775151 0.142343 0.207023 0.50204
2 0.0981169 0.773694 0.14188 0.206775 0.493723
2 0.0985557 0.773721 0.142315 0.206778 0.482413
2 0.279183 0.427011 0.0751581 0.114595 0.480629
0 0.392251 0.271724 0.0152453 0.0546908 0.479479
5 0.221329 0.311485 0.130886 0.184642 0.475228
5 0.43492 0.638239 0.0846255 0.159665 0.459866
0 0.392409 0.272851 0.0153636 0.0552164 0.458189
0 0.330941 0.272399 0.0137664 0.0491961 0.455079
2 0.630281 0.249629 0.0401848 0.0428312 0.451515
2 0.0989011 0.773614 0.141626 0.20608 0.441535
2 0.279238 0.426893 0.0752251 0.114503 0.441015
2 0.0983654 0.773141 0.14173 0.206092 0.435735
2 0.0452416 0.938107 0.0902287 0.122871 0.433028
0 0.330773 0.272089 0.0139933 0.0509501 0.431869
2 0.0451286 0.938351 0.0889584 0.122356 0.430779
2 0.279345 0.42729 0.0755679 0.11492 0.426184
2 0.630897 0.25293 0.0396709 0.037264 0.425291
2 0.279035 0.426743 0.0752644 0.114451 0.423123
2 0.0456585 0.938099 0.0896112 0.122813 0.420608
2 0.592484 0.897454 0.133397 0.20433 0.41889
2 0.0448822 0.938295 0.0895245 0.122741 0.418748
2 0.0446509 0.938516 0.089185 0.122509 0.410806
2 0.0446363 0.938539 0.089116 0.122383 0.391949
2 0.0979564 0.774491 0.141891 0.205398 0.38835
2 0.629772 0.241602 0.0412033 0.0585933 0.387493
2 0.630081 0.240807 0.0423605 0.0611096 0.372262
2 0.279273 0.426813 0.075576 0.11527 0.36505
2 0.590266 0.889382 0.122352 0.1884 0.362081
2 0.429495 0.83817 0.10529 0.226269 0.357878
2 0.0982024 0.773613 0.142099 0.206427 0.357191
2 0.629868 0.241698 0.0418295 0.0579202 0.353129
0 0.330857 0.271187 0.013804 0.0481733 0.349038
5 0.222423 0.313445 0.131269 0.18124 0.346323
2 0.630586 0.242211 0.0407221 0.0579864 0.341626
5 0.434628 0.638276 0.0832163 0.15943 0.340668
2 0.528478 0.0733504 0.0166643 0.0240082 0.340608
2 0.278999 0.427139 0.0748677 0.115416 0.340473
2 0.221053 0.8929 0.142064 0.210719 0.337208
5 0.434767 0.638202 0.0839104 0.159105 0.335776
2 0.220431 0.893554 0.144017 0.211618 0.332387
5 0.583631 0.720608 0.0928314 0.173787 0.327635
5 0.5836 0.720446 0.092463 0.173532 0.327222
2 0.278923 0.426702 0.0754132 0.114549 0.326364
2 0.0449516 0.938578 0.0897406 0.122308 0.32606
2 0.678702 0.38007 0.0637094 0.079527 0.322279
2 0.0457607 0.938305 0.0896544 0.12277 0.314892
2 0.630329 0.249326 0.0413694 0.0432429 0.314616
2 0.630395 0.241697 0.041059 0.0593782 0.3112
2 0.592824 0.896842 0.127934 0.205073 0.308936
0 0.392018 0.274728 0.014309 0.0536339 0.308469
2 0.429241 0.838273 0.104936 0.226611 0.299943
2 0.591333 0.897417 0.127027 0.204053 0.299187
2 0.528417 0.0737916 0.0153364 0.0230772 0.288609
2 0.429986 0.838386 0.104826 0.228015 0.287493
2 0.429413 0.838797 0.10483 0.227287 0.286336
2 0.630122 0.240787 0.0411573 0.060292 0.285232
5 0.219704 0.893398 0.145864 0.212169 0.283206
2 0.220907 0.892329 0.143424 0.214039 0.281341
5 0.434662 0.638247 0.0832816 0.15921 0.279292
0 0.330512 0.272128 0.0134757 0.0514983 0.276
2 0.675678 0.38003 0.0705437 0.0801826 0.274131
5 0.387387 0.0807455 0.04365 0.0526688 0.269991
2 0.219803 0.893587 0.144776 0.211321 0.263399
5 0.583354 0.720331 0.0922123 0.174021 0.25591
2 0.430378 0.83922 0.105706 0.229238 0.249756
5 0.583786 0.720796 0.0926571 0.17419 0.248775
2 0.583659 0.721038 0.0928057 0.174244 0.245854
2 0.0457501 0.938763 0.0885847 0.121985 0.245631
5 0.386951 0.0830698 0.0490144 0.059362 0.244731
2 0.278555 0.427584 0.0737298 0.112052 0.243564
2 0.482798 0.0891265 0.0224157 0.0264952 0.243388
0 0.391885 0.270539 0.014071 0.0524437 0.242284
2 0.220529 0.892918 0.143099 0.213471 0.240568
5 0.583388 0.720871 0.0923403 0.173743 0.23914
2 0.62974 0.240319 0.0433556 0.05864 0.236097
2 0.220647 0.892353 0.143932 0.213787 0.23352
2 0.590254 0.894544 0.123929 0.197888 0.230848
5 0.219219 0.892857 0.145865 0.213486 0.228897
5 0.430104 0.83937 0.105561 0.228134 0.227872
5 0.434532 0.638428 0.082817 0.159461 0.222871
2 0.590889 0.89513 0.125206 0.200172 0.220048
5 0.38738 0.0768454 0.0496909 0.0503429 0.219208
2 0.228427 0.145557 0.0316534 0.0322731 0.219029
5 0.174328 0.6385 0.0893724 0.1543 0.20892
5 0.389543 0.075366 0.0445832 0.046352 0.201044
0 0.85699 0.177694 0.0131647 0.0448478 0.199922
5 0.434601 0.638042 0.0821159 0.158629 0.198495
2 0.430308 0.839042 0.104805 0.228441 0.195208
2 0.630909 0.254344 0.0390202 0.0347825 0.192758
0 0.856479 0.178408 0.013451 0.0449601 0.192643
5 0.222131 0.307051 0.131776 0.191878 0.192125
2 0.630827 0.240892 0.0416513 0.058856 0.182055
2 0.590663 0.893288 0.121956 0.196092 0.180253
5 0.580971 0.0313261 0.0247478 0.0388866 0.175705
2 0.583257 0.720521 0.0932778 0.173568 0.17537
2 0.589772 0.893969 0.123694 0.196899 0.175182
2 0.483295 0.0886091 0.0223102 0.0282415 0.17241
0 0.392455 0.27255 0.0139499 0.0548488 0.171107
5 0.434637 0.638192 0.0822582 0.159657 0.170491
2 0.590814 0.895282 0.125484 0.19998 0.168734
2 0.227778 0.145928 0.0314788 0.0324178 0.167371
2 0.58345 0.720486 0.0920458 0.174081 0.167331
5 0.434414 0.638535 0.0827973 0.159841 0.163507
2 0.672437 0.378085 0.0743851 0.0791857 0.161799
2 0.673388 0.376346 0.0734077 0.0766975 0.160797
5 0.414708 0.122209 0.0345296 0.0484105 0.160261
5 0.220935 0.307133 0.132313 0.193011 0.160006
5 0.434923 0.637218 0.0846401 0.1569 0.158042
0 0.392568 0.273562 0.0152194 0.0562609 0.157008
5 0.393929 0.0743887 0.0481007 0.0442668 0.151531
5 0.430577 0.839378 0.10672 0.228394 0.148594
5 0.386756 0.0881077 0.0458293 0.061812 0.147309
2 0.430004 0.838474 0.105735 0.227144 0.144569
0 0.856836 0.181765 0.013567 0.0376246 0.144399
5 0.402112 0.149253 0.044608 0.051539 0.141775
5 0.401481 0.151166 0.0395556 0.0487288 0.139181
2 0.583403 0.720303 0.0928089 0.174121 0.138391
2 0.59163 0.895057 0.124307 0.199552 0.137659
0 0.757294 0.117077 0.0128678 0.0197883 0.137452
2 0.227864 0.146023 0.0316869 0.0327513 0.136553
7 0.401899 0.150615 0.0397483 0.0485571 0.135744
5 0.389249 0.0859464 0.0450186 0.0652948 0.135418
2 0.590917 0.889302 0.121099 0.188465 0.134181
0 0.754823 0.131984 0.0148928 0.0485271 0.133046
5 0.434465 0.638623 0.0823613 0.158851 0.126306
2 0.429517 0.839069 0.105377 0.2284 0.121542
5 0.401922 0.149216 0.0419687 0.05115 0.12075
0 0.978389 0.153896 0.0102837 0.0272077 0.12002
2 0.249174 0.203505 0.0282972 0.0249429 0.120007
0 0.753466 0.141004 0.0114607 0.0319625 0.119925
5 0.580537 0.0301414 0.0268268 0.0423744 0.11775
5 0.333917 0.18532 0.104268 0.120616 0.116938
0 0.995357 0.240671 0.00853977 0.0437607 0.115353
0 0.906911 0.156668 0.0124454 0.0193063 0.114584
5 0.393791 0.0762446 0.0497813 0.0474043 0.111223
0 0.667911 0.127569 0.0303772 0.053598 0.10602
0 0.860711 0.179299 0.0209171 0.0413981 0.105765
2 0.24905 0.204386 0.028506 0.0267868 0.103409
2 0.630401 0.239229 0.0414742 0.0622141 0.103315
5 0.227763 0.145515 0.0313867 0.0328275 0.103086
0 0.945846 0.174542 0.016917 0.0470207 0.100656
5 0.583441 0.720774 0.0932288 0.174223 0.100337
5 0.220388 0.3176 0.127395 0.171918 0.0977235
0 0.995238 0.241415 0.00866947 0.0419712 0.0958521
0 0.946204 0.174956 0.0174274 0.0472212 0.0949846
2 0.249427 0.202387 0.0286764 0.0237587 0.0948364
7 0.402558 0.152802 0.035223 0.0444552 0.0947379
0 0.860597 0.176679 0.021002 0.0452825 0.0929836
5 0.357172 0.102659 0.0459626 0.0582612 0.0928465
2 0.413251 0.992506 0.087764 0.0141594 0.0919018
2 0.228673 0.144676 0.0324763 0.0333006 0.0912109
2 0.212223 0.874092 0.0879512 0.0801914 0.0899808
2 0.436981 0.114518 0.0185118 0.0304351 0.0896803
2 0.448633 0.216847 0.0259298 0.022627 0.086803
5 0.402321 0.138753 0.0465929 0.071806 0.0861906
0 0.978499 0.152558 0.0119598 0.030201 0.0859092
2 0.449288 0.216127 0.0253479 0.0211316 0.0853473
5 0.466296 0.0499975 0.0337968 0.0450318 0.0821637
5 0.434567 0.0732816 0.0258133 0.0202063 0.0819292
5 0.392607 0.0952858 0.0331693 0.0428608 0.0804546
5 0.358465 0.10204 0.0426501 0.0574245 0.0798031
5 0.469004 0.049172 0.0280647 0.0412762 0.0796554
0 0.129306 0.19612 0.0112147 0.0285567 0.0792764
5 0.581363 0.0269178 0.0284747 0.0465665 0.0785974
2 0.412446 0.992475 0.0859353 0.0141832 0.0777001
0 0.9951 0.240769 0.00903664 0.041667 0.0773916
2 0.483335 0.0897093 0.0241551 0.0288615 0.0767027
2 0.221523 0.892471 0.142304 0.21373 0.0757301
0 0.027705 0.378697 0.015484 0.0449948 0.075273
5 0.228326 0.144978 0.0334151 0.0340368 0.0747569
5 0.388884 0.0831145 0.046566 0.0615994 0.0739776
2 0.106256 0.108297 0.040256 0.0192427 0.0734938
0 0.0274125 0.374923 0.0140445 0.0367479 0.0709066
0 0.668514 0.128873 0.0301785 0.0505828 0.0702051
0 0.95092 0.175097 0.0135288 0.0440971 0.0696235
0 0.129575 0.196645 0.0107675 0.027571 0.0696108
5 0.404083 0.136298 0.0497053 0.0763063 0.0694195
5 0.383778 0.0920478 0.0482312 0.0576788 0.0681741
2 0.244857 0.218893 0.0305278 0.0172091 0.0666131
5 0.22762 0.144739 0.0323375 0.0326861 0.0655313
2 0.526932 0.0732494 0.0210279 0.0261485 0.0653222
2 0.249116 0.202931 0.0290216 0.0264123 0.0651068
5 0.435948 0.0596731 0.02761 0.0456201 0.0644092
5 0.417691 0.12238 0.0314769 0.0479868 0.0643505
5 0.355951 0.101944 0.030581 0.0553315 0.0630862
5 0.632504 0.0555753 0.0321075 0.0393898 0.062861
5 0.360253 0.100567 0.0419409 0.0583975 0.0623061
0 0.867763 0.185507 0.0119726 0.0285479 0.0618634
5 0.469385 0.0529732 0.0290467 0.0409841 0.0605828
2 0.483304 0.0893284 0.0244772 0.0289884 0.0603047
5 0.360262 0.100531 0.041046 0.0614286 0.0599022
5 0.357391 0.103291 0.0499408 0.0596611 0.0597251
5 0.576874 0.029502 0.0238464 0.0410607 0.0590102
0 0.951353 0.175492 0.013858 0.0434952 0.0577533
0 0.0433677 0.218426 0.0142163 0.0231737 0.057732
0 0.0437553 0.229928 0.0159167 0.0472389 0.0570668
0 0.66 0.121842 0.0167765 0.0395856 0.0567244
0 0.0438701 0.23065 0.0153759 0.0488062 0.0566246
2 0.230241 0.145592 0.0357146 0.0328545 0.0543553
2 0.106447 0.109283 0.041697 0.0215264 0.0542521
2 0.278522 0.432536 0.0727891 0.104417 0.0539823
2 0.429279 0.11286 0.0317854 0.0337681 0.0538811
0 0.331283 0.272288 0.0158574 0.0507067 0.053827
2 0.454972 0.0828054 0.0192305 0.0268204 0.0523545
5 0.415497 0.121572 0.0337899 0.0491787 0.0518306
0 0.868231 0.187096 0.0129135 0.0270211 0.051022
2 0.20786 0.870623 0.10334 0.0881493 0.0508744
2 0.107499 0.108387 0.0410285 0.0202185 0.0508529
2 0.526757 0.0735502 0.0209135 0.0255562 0.0505263
2 0.630936 0.254694 0.0387177 0.0343541 0.0487621
2 0.412864 0.992523 0.0894943 0.0141232 0.0483215
5 0.392747 0.09806 0.0290818 0.0412118 0.0481771
5 0.359047 0.101319 0.0423897 0.0558428 0.0481237
5 0.434559 0.0602692 0.02661 0.0434917 0.0478901
2 0.403505 0.15181 0.0393868 0.0457078 0.0472235
2 0.31697 0.232454 0.0423157 0.0297279 0.0460975
2 0.412555 0.992262 0.0908912 0.0146469 0.0458571
2 0.212066 0.877361 0.0877717 0.0727743 0.0455761
5 0.580959 0.03312 0.0240881 0.036508 0.0449638
5 0.217732 0.318123 0.12227 0.171024 0.0443971
5 0.467213 0.052629 0.0330955 0.045073 0.0439308
2 0.480396 0.0897142 0.0296833 0.0312621 0.0426543
5 0.580306 0.0295352 0.027726 0.0407145 0.0420898
2 0.230369 0.145069 0.0349467 0.0336329 0.0420715
5 0.628084 0.0561133 0.0303095 0.0389385 0.0420042
5 0.390375 0.0970935 0.0341532 0.0465354 0.0416037
5 0.356405 0.103508 0.0460377 0.0582703 0.0415916
0 0.86567 0.176839 0.0158897 0.0438117 0.0405365
0 0.858953 0.174038 0.0181931 0.0464613 0.0405038
0 0.666057 0.126625 0.0276067 0.0477268 0.0404409
5 0.221833 0.307072 0.132639 0.193923 0.0391893
5 0.404031 0.137689 0.0429345 0.0759762 0.038531
2 0.0471454 0.122187 0.0539791 0.0187181 0.0385106
7 0.403121 0.149373 0.0416511 0.0514003 0.0382472
2 0.434002 0.11319 0.0243038 0.0329583 0.0376816
2 0.205073 0.910749 0.114741 0.171848 0.0375501
0 0.169071 0.156677 0.0160149 0.0298474 0.0373792
0 0.0280271 0.384368 0.0176965 0.057584 0.0368628
2 0.228164 0.853339 0.126902 0.131255 0.0363339
0 0.331476 0.271665 0.0153752 0.0507198 0.0359515
5 0.436725 0.0551455 0.0277635 0.0409149 0.0354973
5 0.41441 0.126934 0.0299836 0.0498612 0.0353971
2 0.433439 0.0752379 0.025011 0.0183211 0.0352486
5 0.304756 0.0419687 0.0284086 0.0439183 0.0349228
0 0.667704 0.0946111 0.0148432 0.0232508 0.0348857
2 0.0471103 0.122469 0.0564669 0.0214232 0.0348781
5 0.49563 0.0277299 0.0340408 0.0431688 0.0344964
2 0.222768 0.81024 0.0375465 0.0322992 0.0343169
5 0.401727 0.153554 0.0359791 0.0450781 0.0340631
2 0.00647337 0.920133 0.0127964 0.032354 0.0336395
2 0.234548 0.851696 0.111214 0.127272 0.0334229
0 0.933887 0.156679 0.00823784 0.0172374 0.0332658
5 0.41265 0.122633 0.0388778 0.05213 0.0331023
0 0.753405 0.144318 0.0120716 0.0300835 0.0326961
0 0.666279 0.112688 0.0241364 0.0597516 0.0326726
5 0.434846 0.0660908 0.0261398 0.0360118 0.0324286
2 0.219728 0.895797 0.143954 0.207229 0.03236
2 0.438957 0.217503 0.0348701 0.0231688 0.0320808
2 0.0491981 0.94262 0.0791547 0.11476 0.0319108
