2 0.261697 0.403775 0.108748 0.0818641 0.821551
2 0.261736 0.403616 0.108182 0.0808655 0.818807
2 0.261577 0.403548 0.108454 0.0813653 0.816299
2 0.322763 0.21451 0.0687513 0.0471066 0.803889
2 0.26187 0.403688 0.108529 0.0806155 0.798317
2 0.140531 0.478054 0.159387 0.118294 0.760446
5 0.280833 0.175243 0.125739 0.0860912 0.755013
2 0.261858 0.403784 0.107939 0.080381 0.754324
2 0.261694 0.403576 0.108249 0.0817605 0.751496
2 0.322824 0.214393 0.0691031 0.0464437 0.746729
2 0.403194 0.315566 0.068112 0.0633025 0.743554
2 0.81012 0.234933 0.0608164 0.061156 0.738953
2 0.403186 0.315331 0.0688849 0.0632877 0.736113
2 0.403095 0.316011 0.0681637 0.0637695 0.72947
2 0.261565 0.403732 0.108188 0.0809965 0.724238
5 0.280864 0.175734 0.12475 0.0861806 0.722045
2 0.810694 0.234389 0.0600739 0.0615604 0.719738
2 0.322741 0.21461 0.0697022 0.0464697 0.711893
5 0.280782 0.174809 0.125155 0.0854144 0.707794
2 0.586833 0.23108 0.0432636 0.0444962 0.703378
5 0.280541 0.1749 0.12395 0.0847481 0.702847
2 0.321862 0.21435 0.070405 0.0461155 0.700009
2 0.403192 0.315647 0.0685093 0.0637635 0.696812
5 0.27852 0.174898 0.125827 0.0879736 0.694098
5 0.280673 0.174731 0.125141 0.0850231 0.693231
2 0.140632 0.47787 0.160063 0.118091 0.683508
2 0.810377 0.233812 0.0606962 0.0608562 0.682714
2 0.81062 0.2346 0.0610479 0.0605939 0.68001
2 0.810331 0.23451 0.0608431 0.0606067 0.667406
2 0.523866 0.249447 0.0505295 0.0587864 0.665578
2 0.323056 0.214461 0.0684727 0.0463517 0.661433
5 0.280559 0.174935 0.124885 0.0856188 0.660898
2 0.736994 0.285906 0.0637268 0.094792 0.657656
2 0.736932 0.285949 0.0637486 0.094285 0.645931
2 0.810301 0.234337 0.0618355 0.0603893 0.645301
2 0.523095 0.250227 0.0494633 0.0585604 0.645289
2 0.403223 0.315831 0.068483 0.0638407 0.643322
2 0.737207 0.28582 0.0628815 0.0946157 0.643156
2 0.810288 0.234359 0.0607622 0.0606792 0.641983
2 0.747679 0.161008 0.0438225 0.0293874 0.641167
2 0.587075 0.230366 0.0430102 0.0446227 0.638815
2 0.522784 0.249939 0.0495405 0.0587295 0.634151
2 0.140664 0.477191 0.158616 0.117928 0.632744
5 0.280631 0.175672 0.124382 0.0859344 0.628741
2 0.141132 0.477767 0.159895 0.117621 0.619371
2 0.523614 0.249503 0.0501884 0.0592167 0.618638
2 0.141162 0.477838 0.159271 0.118109 0.615428
2 0.58695 0.231428 0.0419101 0.0448056 0.61441
2 0.144211 0.229732 0.0591136 0.0504152 0.613623
2 0.871205 0.172484 0.0627358 0.0405257 0.612797
2 0.523785 0.249435 0.0497251 0.058011 0.609117
2 0.141142 0.477555 0.159862 0.117865 0.607743
2 0.523038 0.249759 0.0494587 0.0574709 0.605812
2 0.736986 0.28578 0.0638465 0.0950221 0.603755
2 0.141177 0.477768 0.159444 0.118256 0.602088
2 0.586904 0.230015 0.0426289 0.0450648 0.597191
2 0.402883 0.315863 0.0677875 0.0628349 0.583007
2 0.587359 0.230816 0.0422049 0.0446792 0.581288
2 0.323206 0.21426 0.0698386 0.0487753 0.57595
2 0.403097 0.315214 0.0678891 0.0637398 0.569639
2 0.322772 0.21466 0.0688988 0.0465143 0.568343
2 0.141449 0.478005 0.159959 0.118281 0.566505
2 0.40293 0.315224 0.0687702 0.0642003 0.566357
2 0.871084 0.172556 0.0625504 0.0400584 0.565884
2 0.737354 0.285215 0.0639225 0.0947534 0.561537
2 0.737068 0.285719 0.0641082 0.0950858 0.561046
2 0.747516 0.160675 0.0437527 0.0291729 0.55996
0 0.587918 0.307456 0.0242268 0.0536847 0.55924
0 0.0591155 0.705602 0.0388496 0.0958797 0.555296
2 0.736952 0.286081 0.0644008 0.0955526 0.552991
2 0.747779 0.160843 0.0435629 0.0297291 0.551138
5 0.280634 0.176142 0.12553 0.0833784 0.548337
2 0.870206 0.172671 0.0612263 0.0395752 0.54761
2 0.870227 0.172901 0.0602356 0.0393177 0.545668
2 0.402504 0.315659 0.0684578 0.0634918 0.543417
0 0.0576425 0.705578 0.0365142 0.0948486 0.537797
2 0.200703 0.221474 0.0586922 0.0364976 0.537394
0 0.0592463 0.705946 0.0394119 0.0974427 0.536628
2 0.656119 0.215574 0.0285614 0.0427972 0.536087
2 0.523006 0.249694 0.0491528 0.0582955 0.535266
2 0.144242 0.229815 0.0585548 0.0486746 0.533747
2 0.322724 0.214156 0.0682229 0.047876 0.528288
2 0.201523 0.220652 0.0589475 0.0374971 0.525799
0 0.587866 0.306682 0.0234585 0.0522262 0.524145
2 0.737353 0.285778 0.0640238 0.0954448 0.521797
0 0.588104 0.306397 0.0241063 0.0527012 0.520427
1 0.0592015 0.753161 0.0641587 0.0911995 0.515428
2 0.8711 0.172082 0.0618956 0.0413368 0.512915
2 0.143928 0.228233 0.0601762 0.0487213 0.512117
2 0.143387 0.228626 0.0572934 0.0482106 0.5079
0 0.587875 0.308789 0.0237041 0.0564323 0.501798
2 0.869926 0.173431 0.0600727 0.0377764 0.499269
2 0.402641 0.315771 0.069257 0.0634161 0.498758
2 0.200967 0.220477 0.0584936 0.0390636 0.497112
0 0.588526 0.30571 0.0239165 0.0512257 0.493064
0 0.587223 0.30673 0.0248049 0.0521605 0.4918
2 0.747298 0.160619 0.043504 0.0294479 0.49152
2 0.587113 0.230459 0.0415989 0.0443593 0.491044
2 0.200552 0.221081 0.0589064 0.0376172 0.486214
1 0.0595771 0.754616 0.0627581 0.088402 0.477362
2 0.747277 0.160618 0.0435951 0.0294537 0.477339
0 0.0573702 0.705614 0.0359822 0.0947205 0.476715
0 0.0594765 0.705197 0.0389425 0.0966913 0.476465
2 0.748316 0.160655 0.0433228 0.0287592 0.475361
2 0.322391 0.215369 0.0682493 0.0461768 0.472038
0 0.0578194 0.706533 0.0377191 0.0980145 0.47051
2 0.655826 0.214944 0.0293311 0.0439485 0.469649
2 0.141402 0.47787 0.160126 0.118145 0.469621
2 0.587604 0.230019 0.0446281 0.0446003 0.469092
2 0.14404 0.23016 0.057838 0.0508207 0.468628
1 0.0593391 0.75396 0.061799 0.0886747 0.463183
1 0.0592335 0.753593 0.065069 0.089851 0.460574
0 0.587395 0.307407 0.0241401 0.0540285 0.457837
2 0.871208 0.171912 0.0624195 0.0413521 0.449639
2 0.736745 0.285945 0.0634958 0.0950887 0.446914
2 0.747424 0.160314 0.0438892 0.029338 0.441521
2 0.655983 0.216499 0.0301001 0.039803 0.430619
0 0.587492 0.308278 0.0235657 0.0543691 0.427624
2 0.262233 0.40341 0.109712 0.080429 0.427016
5 0.362699 0.146849 0.0494605 0.0725933 0.425501
0 0.587582 0.311112 0.022109 0.0591047 0.41712
0 0.05804 0.706771 0.0375269 0.0972767 0.408951
1 0.0594728 0.761068 0.0616197 0.0756866 0.407578
1 0.0596873 0.753017 0.0645055 0.0905772 0.406205
0 0.271264 0.517662 0.0268929 0.076578 0.404516
0 0.0562524 0.704244 0.0353819 0.0927729 0.404478
1 0.0597087 0.753118 0.0635634 0.0918317 0.40401
2 0.144382 0.228796 0.0592484 0.0483313 0.403882
2 0.736788 0.285149 0.0647314 0.094404 0.399678
2 0.870801 0.17205 0.0613441 0.04045 0.397622
2 0.391473 0.193226 0.0524009 0.0399624 0.396548
0 0.272306 0.517489 0.0253425 0.0753286 0.394849
3 0.962213 0.379159 0.0406313 0.0678938 0.3902
0 0.0577392 0.706308 0.0367962 0.0967184 0.38941
0 0.273438 0.517339 0.0229389 0.0752724 0.386193
2 0.391712 0.193006 0.0529857 0.0412982 0.385504
0 0.254056 0.238032 0.0145482 0.0382113 0.384958
2 0.39135 0.193669 0.0524039 0.0395261 0.384629
2 0.555009 0.516522 0.104837 0.128769 0.382487
2 0.869867 0.17325 0.0594559 0.0379329 0.382386
2 0.655867 0.217277 0.0279763 0.0401452 0.382239
2 0.554385 0.517241 0.105582 0.128142 0.380432
2 0.14404 0.228867 0.0604633 0.0489681 0.379725
2 0.748507 0.160695 0.0438287 0.0296482 0.377927
2 0.694576 0.156333 0.0391768 0.0331918 0.376605
2 0.403142 0.315011 0.0689604 0.0642133 0.369298
2 0.553881 0.519903 0.104824 0.122692 0.36832
2 0.202387 0.219288 0.059246 0.0393302 0.366092
2 0.391889 0.192589 0.0533332 0.0422367 0.36403
2 0.391868 0.192097 0.0533051 0.0418459 0.363528
0 0.374109 0.461101 0.029915 0.0646215 0.362784
2 0.141013 0.47821 0.159912 0.117035 0.362282
5 0.363649 0.146757 0.0478844 0.0716941 0.361098
2 0.202866 0.218822 0.055579 0.0406822 0.358436
2 0.487573 0.159627 0.0273542 0.0305589 0.352722
2 0.655797 0.214123 0.0296732 0.0448769 0.348018
2 0.977946 0.274706 0.0435078 0.0558983 0.345503
2 0.693586 0.15613 0.0369425 0.0325434 0.33862
2 0.810305 0.234559 0.0613491 0.0612912 0.337575
0 0.253815 0.23806 0.0152617 0.0391724 0.337024
2 0.654941 0.176536 0.0268868 0.0349244 0.332506
3 0.961853 0.378778 0.0408081 0.0717237 0.331412
2 0.391413 0.192387 0.0527785 0.0411349 0.327323
0 0.37536 0.457085 0.0280664 0.0574461 0.32439
2 0.487903 0.159796 0.0274296 0.0303253 0.323974
2 0.323108 0.214118 0.0691227 0.0472853 0.320374
2 0.554361 0.517467 0.10525 0.12749 0.319627
2 0.872458 0.171723 0.0662895 0.0429672 0.317679
2 0.810235 0.234689 0.0610069 0.062049 0.310951
2 0.69442 0.15554 0.0377148 0.0339197 0.31022
0 0.374054 0.465082 0.0320699 0.0731741 0.309342
2 0.554333 0.521074 0.105186 0.119927 0.309054
2 0.142431 0.229157 0.054936 0.0480534 0.308949
2 0.978248 0.275387 0.0428427 0.0559232 0.308502
2 0.942485 0.202603 0.102965 0.0673802 0.30523
2 0.871597 0.171957 0.0645901 0.0425022 0.305182
0 0.373611 0.46494 0.0328748 0.0728043 0.304194
2 0.556708 0.515988 0.104693 0.131379 0.298618
2 0.144733 0.228962 0.059127 0.0465606 0.298541
0 0.27313 0.517139 0.023577 0.0756144 0.297705
2 0.694198 0.156086 0.0371783 0.0327684 0.297088
2 0.460446 0.16063 0.0246637 0.0282354 0.29544
0 0.586941 0.31151 0.0226118 0.0594053 0.292984
9 0.507403 0.0596635 0.0148687 0.0175805 0.291669
0 0.373874 0.45314 0.028876 0.0480228 0.290374
2 0.555046 0.517529 0.10568 0.12723 0.288742
2 0.978009 0.273171 0.0439816 0.0534636 0.28854
3 0.962699 0.38306 0.0404655 0.0651189 0.287757
2 0.035224 0.87229 0.0696223 0.118941 0.285957
5 0.363139 0.1477 0.0499074 0.0688635 0.285428
2 0.810413 0.234125 0.0614214 0.0603041 0.285059
0 0.253597 0.238326 0.0154322 0.0395323 0.284963
2 0.810145 0.234135 0.062009 0.0604405 0.281657
5 0.362874 0.14789 0.0488197 0.0691402 0.281514
2 0.654628 0.177287 0.0261303 0.034093 0.281175
0 0.270329 0.515871 0.0325908 0.0727762 0.276098
1 0.0601724 0.753155 0.0649539 0.0898298 0.275695
2 0.487786 0.159885 0.028566 0.03015 0.275171
2 0.922898 0.202834 0.0650742 0.0625442 0.270273
2 0.694858 0.156039 0.0388815 0.0326876 0.267703
2 0.142698 0.227762 0.0575238 0.0484886 0.267028
2 0.0347708 0.88025 0.0694684 0.134066 0.266983
2 0.555485 0.516826 0.104223 0.12818 0.266353
0 0.27049 0.519778 0.0296345 0.0779603 0.265679
2 0.0351785 0.885694 0.0703569 0.146792 0.260631
2 0.609115 0.197066 0.0290526 0.0471001 0.258766
2 0.609254 0.193167 0.0303218 0.0493607 0.257978
0 0.37562 0.454113 0.02761 0.0515831 0.256506
3 0.961592 0.377526 0.041271 0.0747707 0.256052
2 0.201786 0.2202 0.0599321 0.0401253 0.251124
5 0.361068 0.148725 0.0510137 0.0667014 0.25093
2 0.554961 0.517139 0.104266 0.127507 0.250922
2 0.97774 0.274207 0.0445192 0.0560599 0.250839
2 0.940241 0.200941 0.0996887 0.0638454 0.250667
2 0.0348689 0.883832 0.0697379 0.145451 0.250616
0 0.272261 0.514922 0.0237316 0.0714936 0.250353
2 0.122734 0.202373 0.0845332 0.05527 0.246812
2 0.655945 0.215636 0.0283623 0.042032 0.243734
2 0.694862 0.156281 0.0394871 0.033461 0.243353
2 0.694316 0.15686 0.0401887 0.0326837 0.242921
0 0.269026 0.516622 0.0326575 0.0746537 0.241746
2 0.0353542 0.881325 0.0699733 0.137987 0.240648
2 0.60898 0.193718 0.0286455 0.0494045 0.240452
2 0.0349085 0.880777 0.0697015 0.137675 0.240292
2 0.694113 0.155295 0.0376904 0.0339314 0.239782
2 0.200648 0.22143 0.06135 0.0377595 0.238985
2 0.609448 0.195433 0.0293844 0.0488671 0.238101
2 0.656451 0.215375 0.0308504 0.0437718 0.235281
2 0.608403 0.197125 0.0288651 0.0470995 0.23406
2 0.0420274 0.217003 0.0614727 0.0329543 0.230326
1 0.0591277 0.75264 0.0644419 0.0915526 0.226195
2 0.488047 0.159551 0.0284483 0.0305299 0.225734
2 0.953569 0.235645 0.0895563 0.0739094 0.225263
2 0.609007 0.195677 0.0289707 0.0483572 0.224123
2 0.0349908 0.881565 0.0699406 0.138459 0.223365
2 0.554898 0.523433 0.10551 0.115702 0.221535
1 0.0594301 0.752626 0.063634 0.0917068 0.219522
3 0.961506 0.376722 0.0393166 0.0607629 0.218399
2 0.0450188 0.217005 0.0695058 0.0326255 0.217188
1 0.0590339 0.762491 0.0616572 0.0729923 0.215766
2 0.0349531 0.882333 0.0697022 0.141351 0.215436
5 0.36173 0.148309 0.0502589 0.0693823 0.215124
2 0.976081 0.275336 0.0472742 0.0576544 0.214877
2 0.586424 0.231049 0.0434794 0.0460056 0.212636
2 0.694323 0.156426 0.0388979 0.0326176 0.211619
0 0.0552391 0.699393 0.0328716 0.0826542 0.210932
2 0.0349671 0.879816 0.0698807 0.132578 0.210741
9 0.507288 0.060042 0.0152668 0.0196631 0.210488
2 0.943177 0.20206 0.100344 0.070037 0.208988
3 0.961836 0.375904 0.0404827 0.0675323 0.208172
2 0.460297 0.15784 0.0253683 0.0346071 0.207498
1 0.268274 0.55535 0.0387253 0.0646551 0.207093
5 0.292678 0.175037 0.150323 0.0849425 0.20697
2 0.460252 0.158773 0.025625 0.0326997 0.205633
2 0.306697 0.875119 0.193912 0.249127 0.205174
0 0.37581 0.453115 0.0278698 0.0507328 0.203589
2 0.587583 0.230705 0.0433933 0.0444003 0.201772
2 0.978083 0.275777 0.0430023 0.0573022 0.201477
0 0.374375 0.451491 0.0297882 0.0461164 0.199788
2 0.609541 0.195323 0.0294281 0.046827 0.199532
2 0.034906 0.869325 0.0696909 0.114049 0.199265
2 0.655858 0.219228 0.0278183 0.0361505 0.197608
2 0.92096 0.206919 0.0614677 0.0532269 0.196942
2 0.736767 0.28532 0.0640077 0.0936168 0.196328
2 0.923125 0.201482 0.0667702 0.0639381 0.196058
2 0.736654 0.286626 0.0633573 0.0930588 0.192983
5 0.364334 0.144503 0.0510434 0.0759878 0.191824
2 0.923009 0.202662 0.065892 0.0622518 0.191269
2 0.144369 0.230412 0.0573267 0.0488792 0.188483
4 0.306646 0.874947 0.194989 0.249156 0.182879
2 0.392211 0.189447 0.0530748 0.0478331 0.181543
2 0.929698 0.235672 0.0460272 0.0735851 0.180788
2 0.391954 0.191818 0.0544858 0.0412552 0.180235
2 0.522714 0.248772 0.0499254 0.0563032 0.179326
2 0.39177 0.190417 0.0529503 0.0466343 0.17895
2 0.460247 0.15745 0.0254553 0.0348253 0.17789
2 0.972127 0.227378 0.0550762 0.0568954 0.173077
2 0.591889 0.192379 0.0637463 0.0521467 0.172799
2 0.0347517 0.883321 0.0693944 0.142787 0.172469
4 0.306332 0.874857 0.193999 0.249171 0.17205
0 0.373207 0.459629 0.0336792 0.0633352 0.171496
0 0.37439 0.461365 0.0320808 0.0676991 0.170671
3 0.971761 0.226335 0.0554802 0.0550867 0.169652
2 0.976523 0.273377 0.0461218 0.0528904 0.169213
2 0.586596 0.230503 0.0412186 0.0452071 0.168773
2 0.5234 0.249149 0.0501514 0.0580605 0.167998
0 0.375074 0.457089 0.0314389 0.0591938 0.166165
2 0.148883 0.227075 0.0676097 0.0438893 0.163292
2 0.203216 0.218605 0.0548593 0.0405139 0.162955
3 0.961948 0.372551 0.0387754 0.0619413 0.161676
2 0.639132 0.141174 0.0249186 0.0412495 0.160939
2 0.0351195 0.870788 0.070175 0.119253 0.160773
2 0.943861 0.207636 0.103067 0.0823715 0.158474
2 0.638941 0.140647 0.0261794 0.0417058 0.158375
2 0.524052 0.249618 0.0503012 0.0582933 0.158232
2 0.954286 0.23429 0.089082 0.0763942 0.157466
1 0.0605147 0.75317 0.0627188 0.0909333 0.157083
0 0.372381 0.46372 0.0353426 0.0702806 0.156141
2 0.978067 0.276195 0.0431858 0.0570342 0.155247
2 0.123758 0.201793 0.0858779 0.0563974 0.154932
