2 0.525802 0.224159 0.0828293 0.0994036 0.786568
2 0.525436 0.224213 0.0827835 0.0990793 0.767632
2 0.525815 0.224374 0.0830147 0.0999509 0.767623
2 0.525515 0.224395 0.0828419 0.0995217 0.748318
2 0.525778 0.223994 0.0832711 0.099664 0.744336
2 0.525536 0.223994 0.0835975 0.0995821 0.672974
2 0.525627 0.224041 0.0831861 0.100062 0.661092
67 0.498302 0.663273 0.124061 0.293459 0.639484
67 0.497598 0.66227 0.12416 0.293194 0.618137
67 0.49742 0.665205 0.122538 0.295477 0.59979
67 0.497519 0.665361 0.123462 0.296794 0.597885
2 0.959114 0.285641 0.0808147 0.128951 0.559426
2 0.525538 0.224612 0.0831684 0.100199 0.541609
2 0.95904 0.285376 0.0808334 0.129394 0.521903
2 0.959162 0.285105 0.0806007 0.128922 0.504275
2 0.958952 0.285758 0.0816284 0.129225 0.451888
67 0.498215 0.662768 0.123449 0.292238 0.450424
67 0.498518 0.663155 0.124471 0.29174 0.44576
2 0.95892 0.285496 0.0816849 0.128823 0.418387
2 0.959039 0.285301 0.0809164 0.129225 0.411664
2 0.488791 0.367505 0.0813257 0.158279 0.408995
2 0.959089 0.285604 0.0808527 0.128753 0.402097
5 0.715649 0.0278621 0.172074 0.0557241 0.400248
2 0.958966 0.286065 0.0810543 0.129197 0.382222
2 0.959043 0.286288 0.0813951 0.129123 0.369853
2 0.489325 0.368042 0.0808186 0.159145 0.367424
5 0.720066 0.0278182 0.181915 0.0556365 0.350262
5 0.714294 0.02804 0.171158 0.0554058 0.349793
5 0.713528 0.0283941 0.167435 0.0562391 0.34044
0 0.856426 0.175209 0.0215179 0.0986831 0.334872
2 0.959093 0.285708 0.0805191 0.129761 0.33417
0 0.830518 0.195118 0.0222221 0.0912302 0.330493
2 0.488881 0.366999 0.0814101 0.157334 0.326341
0 0.830107 0.197226 0.0246029 0.0940993 0.316229
67 0.498564 0.665172 0.123139 0.289138 0.315746
0 0.969122 0.150438 0.0281836 0.079288 0.314905
2 0.489441 0.366888 0.0810589 0.159356 0.314719
0 0.856269 0.173278 0.0214054 0.0992241 0.313469
2 0.488876 0.368124 0.0820887 0.157822 0.310576
5 0.724139 0.0288258 0.188214 0.0576517 0.30749
67 0.49755 0.662686 0.123085 0.293139 0.303669
0 0.926919 0.170033 0.0212982 0.0835635 0.301187
5 0.303235 0.0527587 0.0940435 0.105517 0.30007
5 0.715838 0.0281942 0.173489 0.0563884 0.2955
5 0.724149 0.0284657 0.19258 0.0569313 0.295375
5 0.303215 0.0523877 0.0943681 0.104698 0.294886
0 0.928316 0.169072 0.0224604 0.0822921 0.284988
0 0.96854 0.152775 0.029694 0.0827975 0.284039
2 0.525708 0.224335 0.0830916 0.0999612 0.283735
5 0.489978 0.368802 0.0818323 0.159738 0.280131
0 0.969679 0.149812 0.027103 0.0779806 0.28002
0 0.829959 0.19654 0.0225958 0.0950925 0.273355
0 0.968105 0.152686 0.029438 0.086912 0.269639
0 0.967428 0.153528 0.0324627 0.0851345 0.267799
0 0.927804 0.170249 0.0221033 0.0826231 0.267489
2 0.489559 0.368688 0.0815675 0.158343 0.267121
5 0.303103 0.0530699 0.0943659 0.105932 0.265979
67 0.498419 0.664965 0.123521 0.289653 0.265805
0 0.830169 0.197444 0.0243618 0.0957035 0.265387
2 0.489647 0.368178 0.0812303 0.160319 0.264223
5 0.48971 0.367692 0.0814793 0.160018 0.263359
0 0.926669 0.170915 0.0212772 0.0819247 0.252596
0 0.855956 0.164369 0.02162 0.0875133 0.249258
5 0.303099 0.0532332 0.0938687 0.106466 0.245238
5 0.489741 0.368794 0.0815302 0.158997 0.243221
0 0.830124 0.196017 0.0222183 0.0978598 0.239814
0 0.857105 0.171051 0.0230377 0.102672 0.237194
67 0.497991 0.662507 0.124057 0.292033 0.236788
5 0.713932 0.0288416 0.169771 0.0566963 0.236233
0 0.857551 0.178974 0.0221729 0.0901713 0.235397
0 0.856442 0.171082 0.0203209 0.0997851 0.231548
5 0.726266 0.029084 0.192911 0.058168 0.230388
0 0.857407 0.172431 0.0222599 0.103252 0.230364
5 0.728682 0.0299293 0.198503 0.0598586 0.229911
67 0.495992 0.664251 0.122055 0.292933 0.229797
0 0.969876 0.140671 0.0255577 0.0592695 0.225699
0 0.856861 0.169667 0.0225979 0.100683 0.222319
0 0.92868 0.168734 0.0220224 0.0808961 0.221034
0 0.927453 0.169788 0.022731 0.0823436 0.21657
0 0.928494 0.168786 0.0231813 0.0817961 0.20962
5 0.303059 0.0527158 0.0945403 0.105371 0.207146
5 0.303075 0.052426 0.0949765 0.104749 0.201241
67 0.497969 0.662611 0.125 0.295318 0.200349
0 0.829586 0.195474 0.0205112 0.100499 0.193736
0 0.965973 0.153319 0.0279606 0.0867297 0.191587
5 0.714475 0.0291041 0.168625 0.057094 0.188437
7 0.303177 0.0545272 0.093483 0.108467 0.172787
0 0.926013 0.172664 0.0200634 0.0796249 0.1711
0 0.927841 0.169147 0.0231152 0.0825529 0.169577
0 0.831449 0.191831 0.0219761 0.0855012 0.168388
5 0.303691 0.0540199 0.0956297 0.107563 0.159729
2 0.52538 0.21854 0.0817522 0.0873272 0.1481
0 0.858067 0.174973 0.0260351 0.0972617 0.147398
2 0.458791 0.0160487 0.0364109 0.0320975 0.145808
0 0.967911 0.152596 0.0305412 0.0838166 0.144871
0 0.813107 0.162499 0.0190887 0.0865034 0.144662
2 0.933368 0.0616654 0.0272621 0.0340175 0.141301
2 0.459329 0.0166332 0.033425 0.0324032 0.137084
0 0.929366 0.167981 0.021981 0.0794596 0.136735
2 0.597849 0.147853 0.0352608 0.0185215 0.136605
2 0.460456 0.0153228 0.0403761 0.0306455 0.136118
67 0.379213 0.416098 0.0333716 0.0556407 0.134477
2 0.46051 0.0163381 0.0381526 0.0326761 0.13176
0 0.857559 0.173046 0.0209908 0.101263 0.131732
2 0.933506 0.0623249 0.0280716 0.0345103 0.129764
2 0.597705 0.147744 0.0356249 0.0188533 0.129459
2 0.504242 0.007199 0.0302515 0.0143332 0.126809
5 0.303424 0.0530993 0.0955228 0.105849 0.125819
5 0.303581 0.052511 0.0949233 0.105022 0.125623
2 0.45584 0.0162901 0.0423729 0.0325802 0.124681
0 0.969955 0.147473 0.0273281 0.0748156 0.122986
2 0.460137 0.0168387 0.0351796 0.0332389 0.113993
0 0.971047 0.149841 0.0295105 0.0764854 0.113751
0 0.991398 0.155126 0.0165623 0.0530255 0.111001
2 0.00758356 0.221767 0.0151047 0.0835532 0.109437
0 0.925024 0.184758 0.0182194 0.0548385 0.108578
0 0.963274 0.174734 0.0192314 0.0411572 0.1074
2 0.456606 0.0168294 0.0394312 0.0333746 0.107265
2 0.935192 0.0620155 0.0296047 0.036188 0.105321
0 0.962652 0.172988 0.0239004 0.0457007 0.103391
2 0.501766 0.00769704 0.0379534 0.0153941 0.103334
2 0.576774 0.0180162 0.0391394 0.0352613 0.0973105
0 0.830293 0.195715 0.0287781 0.102132 0.0967053
67 0.379332 0.416146 0.0334008 0.0558468 0.0959683
0 0.989851 0.174561 0.0196568 0.0923245 0.0953015
2 0.526002 0.225328 0.0834438 0.0986713 0.0943214
2 0.935403 0.0622011 0.0309422 0.0352931 0.094293
0 0.929158 0.167649 0.0206865 0.0802067 0.0934916
0 0.46929 0.0774309 0.0396854 0.0729937 0.0911628
2 0.935632 0.0621292 0.0318768 0.0350596 0.0908673
0 0.991332 0.152401 0.0166811 0.0554771 0.0899083
0 0.466432 0.0713225 0.0438335 0.0696912 0.0896262
0 0.925522 0.183483 0.0187485 0.0579424 0.0895418
67 0.379361 0.416023 0.0336399 0.0563123 0.0890407
2 0.00774817 0.220756 0.0154342 0.0876625 0.0875772
0 0.813595 0.161733 0.0228687 0.0898569 0.0872172
0 0.991363 0.156627 0.0165186 0.0547355 0.0855841
0 0.785129 0.0735565 0.0316921 0.0485986 0.0850757
67 0.378916 0.415995 0.0336271 0.055526 0.0850254
0 0.924435 0.185125 0.0172516 0.0539396 0.0848969
0 0.858261 0.172048 0.0251802 0.102401 0.0847204
2 0.755504 0.0593002 0.0374887 0.0544566 0.0818938
0 0.991437 0.173267 0.0164566 0.0872207 0.0815582
0 0.469875 0.0798031 0.0415428 0.0692882 0.0771815
0 0.969644 0.136896 0.0248318 0.0521798 0.0758449
0 0.00706256 0.226012 0.0140249 0.073494 0.0756176
0 0.99346 0.0546785 0.0123053 0.053888 0.074721
2 0.458475 0.0176134 0.0349771 0.0334197 0.0740045
0 0.463781 0.0705163 0.0487196 0.0748761 0.0735021
2 0.773665 0.0581924 0.0595798 0.0558287 0.0732462
0 0.812074 0.167528 0.0159899 0.0769133 0.0730704
0 0.9889 0.176807 0.0216251 0.0933367 0.0717883
0 0.974337 0.155835 0.0296478 0.0854443 0.0706632
0 0.832039 0.181963 0.0222315 0.06578 0.0704593
67 0.379057 0.415653 0.0336247 0.0557635 0.0687382
2 0.52584 0.224435 0.0833271 0.10008 0.0679419
0 0.813569 0.163002 0.0219099 0.0880024 0.0676156
0 0.464786 0.0704925 0.0471859 0.0671795 0.0649119
0 0.81325 0.157399 0.0245188 0.0987893 0.0648607
5 0.729371 0.0289424 0.203782 0.0578847 0.0648405
0 0.828919 0.194615 0.0344299 0.102769 0.0645527
2 0.00687388 0.222834 0.0137468 0.078762 0.0640644
0 0.813902 0.16287 0.02174 0.0831439 0.0636104
2 0.394164 0.0573914 0.0352181 0.0508759 0.063563
0 0.858827 0.185193 0.0185989 0.0791117 0.0628964
2 0.00691896 0.222653 0.0138356 0.0793961 0.0623647
3 0.786017 0.0819215 0.0227927 0.0351919 0.061977
0 0.970967 0.14038 0.027142 0.0571154 0.0614312
0 0.989235 0.175606 0.0207153 0.0942553 0.0607268
9 0.13271 0.0215421 0.0109548 0.0268552 0.0606938
0 0.859351 0.178426 0.0223934 0.0901834 0.0603645
0 0.466371 0.0953044 0.0265018 0.0468226 0.0601936
2 0.394497 0.054926 0.0350689 0.0496981 0.0594423
0 0.812659 0.108627 0.0215603 0.0530813 0.0575446
0 0.460523 0.0811034 0.0336563 0.0561591 0.0569757
67 0.379537 0.415636 0.0331501 0.0560303 0.0562
67 0.379424 0.416008 0.0338148 0.0570711 0.0557004
2 0.503861 0.00800128 0.0346899 0.0160005 0.0550813
67 0.379449 0.415428 0.0338083 0.0560227 0.0549664
3 0.469515 0.101527 0.026819 0.0389932 0.0540705
0 0.983139 0.173039 0.0261368 0.0708801 0.0523711
0 0.468642 0.0716996 0.0425018 0.0671825 0.0520389
2 0.962738 0.0557492 0.0734198 0.0491059 0.0515159
0 0.813861 0.167727 0.0188717 0.0746974 0.0515054
0 0.75744 0.0693259 0.0166167 0.0377017 0.0501432
2 0.975538 0.0393244 0.0452417 0.0232497 0.0500267
2 0.979183 0.253509 0.0408463 0.061791 0.04987
9 0.131041 0.0255095 0.0102204 0.0209074 0.0494009
0 0.813495 0.110619 0.0225365 0.0470013 0.0492009
0 0.814107 0.157868 0.0250336 0.0973828 0.0491199
0 0.00664502 0.220823 0.0132175 0.0831028 0.0487603
0 0.812411 0.106179 0.0202538 0.0526899 0.0485827
2 0.573995 0.0177485 0.0433689 0.0354969 0.0484716
0 0.465782 0.0718332 0.0485806 0.0754071 0.0482061
2 0.5753 0.0183904 0.0430574 0.0367808 0.0479077
2 0.502208 0.00934203 0.0363907 0.0186841 0.0471368
2 0.597698 0.148302 0.0357946 0.01921 0.046629
0 0.993591 0.0488366 0.01208 0.0660045 0.0465586
3 0.46842 0.0775328 0.045183 0.0823198 0.0464716
2 0.179869 0.115741 0.0497214 0.0672155 0.0463695
0 0.754351 0.0632906 0.0319587 0.049395 0.0459582
0 0.961065 0.177283 0.0188272 0.0400395 0.0455363
3 0.788645 0.082147 0.0299567 0.0365606 0.0452029
0 0.78141 0.0598197 0.0286036 0.0418092 0.0449201
2 0.459556 0.0177356 0.0372223 0.0338317 0.0442416
0 0.814011 0.161665 0.022662 0.0888708 0.0435269
0 0.784714 0.079967 0.0291033 0.0387893 0.0433932
2 0.597815 0.147193 0.0360525 0.0224361 0.0430759
0 0.00676409 0.229122 0.0134279 0.0687336 0.0429368
0 0.99077 0.160502 0.0176659 0.0862037 0.0426202
0 0.855344 0.15673 0.0210892 0.0740547 0.0425893
0 0.786204 0.0756787 0.0356012 0.0440906 0.0424742
2 0.163771 0.109591 0.0171093 0.0464778 0.0420085
2 0.576573 0.0178341 0.039196 0.03491 0.0416076
2 0.168886 0.109861 0.0265714 0.0495533 0.0414193
2 0.393585 0.0541149 0.0335751 0.0465423 0.0411072
0 0.81283 0.165419 0.0187302 0.0808598 0.0410282
0 0.827567 0.195911 0.0287216 0.0993901 0.0406444
0 0.459968 0.0934673 0.0210724 0.0399956 0.0404502
0 0.984924 0.184292 0.0270409 0.0763699 0.0404341
0 0.993668 0.0595303 0.0118591 0.044164 0.0402707
0 0.476885 0.089677 0.0281106 0.0547177 0.039007
2 0.788466 0.0798473 0.0324557 0.0372655 0.0389375
2 0.576348 0.0187415 0.0380034 0.0339888 0.0385906
2 0.478555 0.0130961 0.0676718 0.0261921 0.0380816
2 0.971063 0.0542634 0.0546249 0.0493139 0.0380034
0 0.960362 0.175072 0.0185795 0.0409953 0.0377366
2 0.76256 0.0597218 0.0495419 0.0606392 0.0376975
67 0.3793 0.416319 0.0324186 0.0558933 0.0373171
0 0.395647 0.051717 0.0295012 0.0422454 0.0371806
0 0.964296 0.17386 0.0236074 0.0455296 0.0369987
0 0.813214 0.117448 0.0220535 0.0365785 0.0368921
2 0.408332 0.0574019 0.0647466 0.0533495 0.0368288
0 0.447688 0.0691018 0.0202203 0.0647871 0.0364067
2 0.393865 0.0586201 0.0360124 0.0544744 0.0361334
2 0.394682 0.0536944 0.034296 0.0518203 0.035975
3 0.476833 0.10247 0.0233387 0.0324616 0.0353817
2 0.959606 0.257661 0.0800583 0.0721477 0.0353201
0 0.448054 0.073722 0.0202525 0.0649258 0.0350789
2 0.597861 0.148292 0.0355407 0.0192543 0.0347871
2 0.929044 0.0619196 0.0242134 0.0331683 0.0345893
3 0.469946 0.0970662 0.0348522 0.0485397 0.0344653
9 0.130657 0.0117154 0.0146935 0.0234307 0.0342732
0 0.811735 0.109699 0.022438 0.0544092 0.034028
0 0.810778 0.119638 0.0213665 0.0346246 0.0337009
2 0.163914 0.110097 0.016693 0.04704 0.0336523
2 0.489691 0.012002 0.0678724 0.024004 0.0334143
2 0.97428 0.039806 0.0450275 0.0199317 0.0333955
2 0.771404 0.0620217 0.0680884 0.0655448 0.0331872
0 0.988877 0.181123 0.0219032 0.089958 0.0328367
3 0.46917 0.104322 0.0238277 0.0377082 0.0326896
0 0.403536 0.0413632 0.0135575 0.0254649 0.0326664
2 0.754721 0.0602624 0.0342615 0.0524439 0.0324334
2 0.934409 0.0605421 0.0302204 0.0369158 0.0323487
2 0.460912 0.0507177 0.0458105 0.0366126 0.0323258
0 0.811291 0.183622 0.014315 0.0455664 0.0313086
0 0.462772 0.0637265 0.0472674 0.05748 0.0307432
2 0.576476 0.0202679 0.0379031 0.0317143 0.0304347
5 0.489954 0.36992 0.0820147 0.158928 0.0303671
0 0.402438 0.0474742 0.0176477 0.0352552 0.0303552
2 0.985299 0.252901 0.0287598 0.0614994 0.0299323
2 0.7623 0.0585969 0.0486115 0.0553287 0.0298169
0 0.46602 0.0711308 0.0473509 0.0728672 0.0293393
67 0.379231 0.416161 0.0332605 0.057592 0.0290059
0 0.985795 0.18897 0.0240528 0.068108 0.0289854
2 0.967532 0.0551536 0.0603725 0.0475995 0.0285768
0 0.396326 0.0501923 0.0218574 0.0420925 0.0281381
2 0.166762 0.108042 0.022361 0.0469804 0.0278824
2 0.394969 0.0513796 0.0314026 0.04288 0.0277208
2 0.576996 0.018573 0.0388987 0.0363042 0.0275548
2 0.468706 0.0787567 0.0454647 0.076331 0.0272243
0 0.989609 0.183484 0.0200539 0.0782199 0.0271752
2 0.393231 0.0531174 0.0315232 0.0442706 0.027081
2 0.409645 0.0604257 0.0670054 0.0628017 0.026455
2 0.750855 0.0615919 0.0270819 0.0430421 0.0262995
2 0.974871 0.25292 0.0496891 0.0586388 0.0259106
2 0.523737 0.0133273 0.0801735 0.0266545 0.0258809
2 0.576728 0.0201564 0.0396228 0.0361478 0.025808
2 0.471579 0.100056 0.0395535 0.0400417 0.0257375
2 0.597873 0.147541 0.0372677 0.019337 0.02571
2 0.404754 0.0591689 0.058716 0.0595274 0.0255657
0 0.449087 0.0843503 0.0215343 0.0552503 0.025349
2 0.39263 0.0568996 0.0338755 0.0501956 0.0253426
0 0.851164 0.17284 0.0267448 0.0827793 0.0248276
0 0.00579992 0.219831 0.0115244 0.0858982 0.02454
2 0.987267 0.232428 0.024465 0.0233999 0.024476
2 0.461924 0.0645246 0.0490522 0.0639603 0.0244285
0 0.461116 0.0965773 0.0200895 0.0399288 0.0244056
2 0.394414 0.0516919 0.030195 0.041294 0.024377
2 0.597627 0.147059 0.0371653 0.0230155 0.0241322
0 0.447909 0.0533337 0.0203204 0.0388252 0.0238401
0 0.987449 0.199312 0.0224487 0.0527135 0.0235242
2 0.931531 0.0620208 0.0301476 0.0347882 0.0233182
0 0.968276 0.141733 0.0277218 0.0611176 0.0231339
2 0.464267 0.0162672 0.0398121 0.0325344 0.0229805
2 0.163074 0.110045 0.0167248 0.0420187 0.0229653
0 0.96698 0.179024 0.0269745 0.0513767 0.0227312
2 0.179033 0.120588 0.0482321 0.0805628 0.0227262
2 0.163024 0.110605 0.0165184 0.0427077 0.0226903
0 0.463605 0.0663248 0.0476418 0.0786212 0.0224895
