2 0.508558 0.825508 0.218817 0.249117 0.92475
2 0.508812 0.825747 0.218977 0.249753 0.916824
2 0.508588 0.825466 0.218386 0.249144 0.916257
2 0.508561 0.825061 0.218814 0.249278 0.915491
2 0.508587 0.825058 0.219657 0.25024 0.905524
2 0.508302 0.825116 0.218698 0.249782 0.901097
2 0.508468 0.825438 0.21827 0.248801 0.891553
2 0.509261 0.825982 0.22015 0.250808 0.889736
2 0.508569 0.825306 0.219491 0.250045 0.888144
2 0.508317 0.824956 0.218851 0.249553 0.866714
2 0.537985 0.304497 0.0911743 0.0622992 0.853151
2 0.275062 0.646912 0.131489 0.171495 0.80495
2 0.274872 0.646969 0.131615 0.171122 0.797985
2 0.537188 0.303724 0.0921019 0.0625838 0.785945
2 0.275033 0.647157 0.131673 0.172015 0.782655
2 0.537587 0.303429 0.0916426 0.0631699 0.78075
2 0.537416 0.304105 0.0915911 0.0627376 0.779502
2 0.537408 0.303516 0.0911212 0.0628501 0.774828
2 0.275195 0.647335 0.130851 0.171194 0.76847
2 0.274925 0.647166 0.131203 0.171382 0.762622
2 0.537544 0.303795 0.0910599 0.0625517 0.760462
2 0.582666 0.581178 0.165457 0.150501 0.757338
2 0.274772 0.646863 0.131072 0.171717 0.752256
2 0.582246 0.581221 0.164889 0.150945 0.740567
2 0.275081 0.646984 0.131252 0.171809 0.733156
2 0.582164 0.581165 0.163658 0.151531 0.730933
2 0.537335 0.303436 0.0920965 0.0632412 0.730843
2 0.583004 0.581464 0.16486 0.150944 0.72999
2 0.274654 0.647269 0.130813 0.172076 0.728143
2 0.582269 0.581267 0.164513 0.151369 0.710712
2 0.663145 0.204439 0.0539223 0.0389067 0.70237
2 0.581882 0.580675 0.165138 0.151895 0.702138
2 0.581796 0.580976 0.164979 0.152252 0.694318
2 0.161132 0.515499 0.0958409 0.115303 0.694288
2 0.663947 0.204385 0.0550179 0.0391217 0.689478
2 0.58157 0.581095 0.163534 0.150947 0.675096
2 0.66285 0.204323 0.0547165 0.0395631 0.667932
2 0.307867 0.339662 0.0791945 0.075487 0.663324
2 0.581938 0.581101 0.165951 0.151511 0.661702
2 0.308352 0.339386 0.0785911 0.0733179 0.647473
2 0.663504 0.204428 0.0556459 0.039126 0.646119
2 0.307866 0.339622 0.0793829 0.0755751 0.637859
2 0.307918 0.339856 0.078939 0.0763174 0.631402
2 0.664409 0.204555 0.0567497 0.039352 0.628217
2 0.161015 0.516276 0.0955829 0.113634 0.624833
2 0.664069 0.204784 0.0549629 0.0391204 0.622857
2 0.665439 0.204447 0.0566366 0.0391419 0.619425
2 0.16123 0.516307 0.0945824 0.113675 0.615203
2 0.308012 0.340088 0.0790519 0.0758049 0.613247
2 0.274978 0.647345 0.130326 0.170936 0.600753
2 0.160959 0.51673 0.0952309 0.113981 0.594772
2 0.308101 0.339867 0.0796806 0.0757455 0.590555
2 0.537613 0.304171 0.0920876 0.062907 0.588623
2 0.161095 0.517722 0.0949582 0.112043 0.583994
2 0.161086 0.516933 0.0953577 0.113484 0.571795
2 0.307882 0.340091 0.0795858 0.0762897 0.559116
2 0.663622 0.204918 0.053996 0.0388883 0.549771
2 0.661981 0.204342 0.0515635 0.0402879 0.530108
2 0.308046 0.340201 0.079052 0.0764617 0.529275
2 0.161161 0.517479 0.0944039 0.11293 0.525955
2 0.160917 0.51463 0.0966656 0.117428 0.497279
2 0.308838 0.339938 0.0792637 0.0741626 0.484104
2 0.161457 0.517831 0.0942117 0.112806 0.454309
7 0.788824 0.693598 0.216213 0.196098 0.452694
7 0.788685 0.694491 0.2153 0.196409 0.446908
2 0.665407 0.204621 0.0586475 0.0386998 0.436299
7 0.788561 0.693973 0.215222 0.195459 0.40834
7 0.788635 0.693521 0.215231 0.194603 0.398869
2 0.581907 0.580417 0.163974 0.151026 0.385913
2 0.55064 0.192953 0.0487139 0.0350981 0.380828
7 0.788741 0.694142 0.213736 0.196492 0.378059
7 0.788994 0.69381 0.215167 0.194264 0.376764
2 0.55092 0.193419 0.0483642 0.0335113 0.375666
2 0.161374 0.518079 0.0945815 0.111068 0.373528
2 0.274668 0.647652 0.130824 0.172243 0.367481
2 0.518908 0.17786 0.0479377 0.0317625 0.362047
2 0.307358 0.339755 0.0789136 0.0761472 0.355273
7 0.788288 0.693509 0.213045 0.195675 0.353643
7 0.788784 0.693955 0.214251 0.194607 0.352362
2 0.368772 0.163679 0.0382835 0.0227955 0.346316
2 0.664245 0.204069 0.0574164 0.0408432 0.34144
7 0.788662 0.693829 0.21541 0.1962 0.334288
7 0.788543 0.693268 0.213986 0.195271 0.330866
2 0.522362 0.177831 0.0460393 0.0322383 0.329596
2 0.522129 0.177739 0.0492422 0.0315142 0.318431
2 0.520318 0.17797 0.0486688 0.031566 0.318344
2 0.369585 0.163992 0.0383486 0.0227418 0.314081
2 0.0125856 0.408125 0.0235994 0.034178 0.307885
2 0.665404 0.204601 0.056473 0.0387483 0.281716
2 0.551188 0.193781 0.0491723 0.0333783 0.279052
2 0.660864 0.203558 0.0515802 0.0412022 0.277283
2 0.162616 0.26557 0.0422555 0.0493482 0.275391
2 0.307795 0.33963 0.0789756 0.0729265 0.274772
2 0.369283 0.16412 0.0377147 0.0230608 0.267786
2 0.307891 0.3399 0.0794014 0.076777 0.265582
2 0.368232 0.164167 0.037214 0.0215502 0.24751
2 0.369053 0.163987 0.0384589 0.0222612 0.241822
2 0.163085 0.265376 0.0427787 0.0479671 0.24052
2 0.309207 0.341462 0.0780589 0.0729741 0.234372
2 0.36834 0.163661 0.0380586 0.0229564 0.233836
2 0.0125102 0.407504 0.0221008 0.0342069 0.232752
2 0.518492 0.177884 0.0449745 0.0319701 0.228403
2 0.52384 0.178609 0.0485935 0.0312388 0.224191
2 0.162081 0.264055 0.0419695 0.0473891 0.223799
2 0.160885 0.514444 0.0969805 0.118702 0.222645
2 0.151109 0.213389 0.0272829 0.0271581 0.221417
2 0.665669 0.204194 0.0590616 0.0398148 0.215475
2 0.151047 0.213723 0.0278291 0.0276382 0.211147
2 0.16161 0.262873 0.0411614 0.0477286 0.2062
2 0.309782 0.341088 0.0754466 0.0734618 0.205648
2 0.162895 0.264702 0.0410848 0.0475764 0.205171
2 0.537224 0.304179 0.0934849 0.0628751 0.203877
2 0.549958 0.194392 0.0471901 0.030263 0.201604
2 0.165265 0.267563 0.0383797 0.0441712 0.198386
2 0.550168 0.19238 0.047449 0.0346412 0.193662
2 0.258055 0.197028 0.029327 0.0191859 0.181029
2 0.445156 0.18023 0.0179692 0.0219919 0.178704
2 0.526315 0.178505 0.0446798 0.0300943 0.178048
2 0.369264 0.163783 0.0391758 0.0221111 0.175971
2 0.0124443 0.407653 0.0217853 0.0344299 0.175643
2 0.346089 0.211898 0.0455284 0.0222011 0.175354
7 0.162589 0.265046 0.0426204 0.0482304 0.171269
2 0.164233 0.266095 0.0391478 0.0498311 0.17049
2 0.163966 0.264421 0.0417103 0.0461448 0.161385
2 0.151441 0.215098 0.0265 0.0257677 0.161085
2 0.550367 0.199267 0.0496705 0.0428515 0.158035
9 0.231496 0.228045 0.0163434 0.0285516 0.155692
2 0.275001 0.647012 0.131185 0.170831 0.151566
2 0.151271 0.215072 0.0271862 0.0256192 0.150715
2 0.30818 0.339831 0.0782958 0.0728094 0.149149
2 0.550276 0.193046 0.0488178 0.031182 0.148688
9 0.0295377 0.825608 0.0335568 0.08037 0.147095
2 0.34592 0.211644 0.0456183 0.0216441 0.143992
2 0.0128776 0.40761 0.0224461 0.03386 0.141926
2 0.520437 0.176554 0.0497737 0.0341064 0.138513
2 0.258647 0.197827 0.0285636 0.01871 0.136396
2 0.549877 0.18901 0.0475067 0.0269525 0.130983
2 0.15413 0.513409 0.111426 0.120628 0.123814
9 0.0298078 0.825211 0.0346209 0.080132 0.117412
2 0.45254 0.176301 0.0329124 0.0296131 0.117304
2 0.346674 0.212395 0.0465732 0.0229637 0.116454
2 0.346729 0.213576 0.0482589 0.0247347 0.115403
2 0.16189 0.259826 0.0395751 0.0397279 0.114724
5 0.103603 0.243 0.0577626 0.0728396 0.112804
2 0.0126817 0.407207 0.0219055 0.0338593 0.111732
2 0.0123958 0.407574 0.0219994 0.0340826 0.107058
2 0.455863 0.174412 0.0301228 0.0293505 0.102743
2 0.163825 0.267833 0.0394028 0.0453356 0.101956
2 0.345887 0.214965 0.0490344 0.0290178 0.100821
9 0.0296197 0.824964 0.0340889 0.080291 0.100712
2 0.0363943 0.20569 0.0230074 0.0197277 0.0998963
0 0.777539 0.668834 0.0275009 0.0456114 0.0995347
2 0.769615 0.651919 0.15204 0.111822 0.0983882
9 0.221979 0.222567 0.0316793 0.0395949 0.0977549
9 0.029271 0.825058 0.0344585 0.0818192 0.0971039
2 0.141349 0.466427 0.0564016 0.032439 0.096423
9 0.0287636 0.823355 0.035472 0.0829662 0.0950428
5 0.102746 0.234094 0.0571956 0.0576578 0.0946306
2 0.168063 0.275042 0.0295147 0.0300862 0.0943813
2 0.453796 0.175334 0.0349735 0.0296581 0.0938789
5 0.00981149 0.186634 0.0195172 0.121367 0.0882322
2 0.3459 0.218651 0.0490948 0.0364355 0.0875668
9 0.0294713 0.825049 0.035423 0.0797272 0.0872709
10 0.563868 0.207371 0.0206226 0.041204 0.0842521
2 0.0364496 0.205638 0.0234974 0.0197154 0.0842485
9 0.0300917 0.824687 0.035197 0.0790258 0.0821668
2 0.527297 0.179071 0.0448269 0.0291386 0.0814416
2 0.345557 0.217736 0.0491371 0.0340936 0.0803543
2 0.345284 0.21682 0.0501699 0.0313487 0.07872
5 0.011256 0.183889 0.0223586 0.1165 0.0786722
2 0.523462 0.179101 0.0448416 0.0329528 0.0782441
2 0.452778 0.176264 0.0329637 0.0311056 0.0778353
2 0.45816 0.174721 0.0259543 0.0280487 0.0777372
2 0.143074 0.472257 0.0791431 0.0452154 0.0768669
11 0.732078 0.149012 0.0247948 0.0284763 0.0765452
0 0.77586 0.667427 0.0270645 0.045039 0.0744485
2 0.546383 0.188689 0.0412805 0.0333191 0.0740592
2 0.257135 0.197598 0.0311118 0.0194795 0.073694
2 0.454308 0.173895 0.0323587 0.0306279 0.0733616
5 0.103264 0.233452 0.0546185 0.0529025 0.0719581
2 0.012278 0.407582 0.0223669 0.0339153 0.0674638
0 0.779205 0.667552 0.0278075 0.0470283 0.0667254
2 0.370257 0.163905 0.0422586 0.0228139 0.0643668
2 0.770076 0.651285 0.149903 0.110122 0.0626787
2 0.141361 0.468677 0.057414 0.0349762 0.0620031
0 0.0277159 0.816845 0.037005 0.0996506 0.0609312
10 0.564891 0.207456 0.0196646 0.0406131 0.0606709
5 0.10151 0.241492 0.0620462 0.0748888 0.060136
2 0.44926 0.178135 0.029175 0.0292363 0.0592993
0 0.777556 0.66727 0.0309917 0.0513605 0.0589897
2 0.765938 0.653076 0.160336 0.114928 0.0589388
2 0.168335 0.274179 0.0312301 0.0317325 0.0580745
5 0.0116117 0.188108 0.0229992 0.123845 0.0574393
2 0.140652 0.466695 0.0528466 0.0319094 0.0561834
5 0.102186 0.237422 0.0586226 0.065852 0.0538094
2 0.661587 0.205362 0.0499051 0.0389363 0.0520646
9 0.221055 0.222341 0.0314167 0.0394252 0.0518048
2 0.554257 0.19537 0.0425982 0.0333466 0.0517999
9 0.116355 0.135579 0.0151125 0.0233252 0.051582
2 0.113885 0.267088 0.0452722 0.0365949 0.0501368
9 0.704215 0.0947612 0.0187427 0.0295159 0.0491118
5 0.0106785 0.186556 0.0212089 0.119988 0.0485294
2 0.159399 0.477177 0.0998424 0.0543487 0.0482774
2 0.551091 0.200456 0.0480742 0.0459987 0.047959
5 0.108693 0.234226 0.0431157 0.049694 0.0472346
2 0.455895 0.175344 0.0322718 0.027656 0.0469514
2 0.257871 0.19857 0.030166 0.020072 0.0468487
2 0.258045 0.198327 0.0296958 0.0200104 0.0462039
5 0.110857 0.260612 0.0447928 0.0469696 0.0459602
2 0.160584 0.262604 0.0392812 0.0445251 0.0458918
5 0.101138 0.238416 0.0596072 0.069386 0.04545
2 0.151126 0.213443 0.0302317 0.0279013 0.0441078
2 0.112918 0.26822 0.0421843 0.031698 0.0438841
2 0.133023 0.480395 0.0898412 0.0630134 0.0434868
2 0.223533 0.220833 0.0350681 0.0418509 0.04332
2 0.5513 0.193038 0.0483586 0.0381678 0.0432088
9 0.0290982 0.823129 0.0359616 0.0820789 0.0424228
2 0.156364 0.264666 0.0313007 0.0450437 0.0420868
2 0.767729 0.652236 0.154613 0.111625 0.0420353
5 0.105393 0.243202 0.055037 0.073004 0.0419141
2 0.77545 0.650693 0.139033 0.109438 0.0416208
2 0.161436 0.474509 0.0941178 0.0489873 0.0396677
2 0.148144 0.492182 0.119664 0.08074 0.0390985
9 0.704911 0.094423 0.0188879 0.0284942 0.0389725
2 0.983942 0.213772 0.031366 0.0434098 0.0386246
2 0.147951 0.486903 0.108334 0.0735609 0.0381389
2 0.161109 0.261446 0.0412232 0.0445032 0.0378111
2 0.112288 0.268303 0.0421502 0.0318045 0.0376189
2 0.348594 0.215379 0.0454643 0.0266864 0.0363253
0 0.719849 0.187385 0.0140793 0.0333119 0.0350115
2 0.225145 0.22228 0.0328717 0.0409135 0.0349984
2 0.13233 0.489229 0.0847633 0.0761579 0.0347988
5 0.101597 0.242158 0.0630547 0.077239 0.0345739
0 0.920489 0.193657 0.0193752 0.0241432 0.0338126
7 0.15165 0.511763 0.11614 0.121465 0.0332222
0 0.776856 0.668787 0.0260805 0.0457181 0.0332136
5 0.011407 0.179099 0.0226516 0.116915 0.032979
2 0.225707 0.221325 0.0408822 0.0431704 0.0329485
0 0.742926 0.64979 0.0343922 0.0368683 0.0320921
2 0.141863 0.465449 0.0561015 0.0322809 0.0319178
9 0.218984 0.221972 0.0288507 0.0384688 0.0318577
2 0.981741 0.214011 0.0358252 0.0408451 0.031279
2 0.223097 0.222082 0.0363031 0.0413589 0.0309899
2 0.984167 0.212219 0.0310116 0.0458971 0.0308384
0 0.771818 0.666103 0.0182677 0.0412115 0.030386
2 0.98259 0.213096 0.0340416 0.044417 0.0298636
0 0.00392184 0.307368 0.007811 0.0464866 0.0295385
2 0.224851 0.221106 0.0385643 0.0434643 0.0284848
9 0.238421 0.22677 0.0168444 0.0302827 0.0270545
5 0.101408 0.23311 0.0542608 0.0543275 0.0263261
2 0.835513 0.42828 0.0235641 0.0191915 0.0259926
2 0.153278 0.267363 0.025102 0.0423414 0.0258741
2 0.111736 0.267853 0.0422881 0.0330554 0.0251855
2 0.945097 0.755168 0.0269245 0.0250601 0.0250669
2 0.958982 0.21432 0.0810059 0.050816 0.0243491
9 0.705687 0.0934123 0.0238222 0.0297949 0.0241116
2 0.957977 0.214199 0.0828789 0.0513609 0.0239198
2 0.502157 0.173023 0.0208344 0.024298 0.0237538
2 0.766664 0.654074 0.159933 0.115615 0.0233242
0 0.751154 0.65384 0.020577 0.0366046 0.0232475
2 0.957204 0.213338 0.0848587 0.0471334 0.0231308
2 0.769217 0.651037 0.151536 0.109698 0.0228966
5 0.110854 0.235059 0.040809 0.0450889 0.022825
2 0.550382 0.197796 0.0492054 0.042125 0.0228037
2 0.163556 0.475393 0.0909735 0.0524317 0.0227451
2 0.95983 0.214521 0.0798153 0.0503364 0.0226339
2 0.505371 0.177566 0.0261192 0.0286738 0.0225995
2 0.338056 0.224381 0.0485649 0.0382409 0.0225808
0 0.756479 0.655709 0.0229216 0.0437416 0.0219631
2 0.95672 0.213463 0.0865602 0.047532 0.0217454
2 0.51152 0.179801 0.0303813 0.032351 0.0216755
2 0.96077 0.216837 0.0784603 0.0459089 0.0216727
0 0.565672 0.204443 0.0191202 0.0347866 0.0216717
11 0.732033 0.148343 0.0255382 0.0319416 0.0213503
9 0.0292236 0.826344 0.0333072 0.0795668 0.0212757
5 0.0128201 0.225385 0.0256199 0.21708 0.0209333
0 0.792296 0.65356 0.105502 0.101866 0.0204909
2 0.141986 0.46594 0.0551499 0.0319385 0.0204773
2 0.0222789 0.784177 0.029606 0.045443 0.0204602
0 0.782883 0.670159 0.0391462 0.0655689 0.0195723
0 0.945864 0.75165 0.0266514 0.0293575 0.0194933
2 0.9864 0.219433 0.0263767 0.0432566 0.0194278
2 0.148108 0.481781 0.0669086 0.0570592 0.0193309
2 0.944833 0.753363 0.0261028 0.0276361 0.019309
2 0.0236168 0.287379 0.0471064 0.0875474 0.0192892
2 0.0219606 0.779918 0.0287152 0.0380484 0.0192333
0 0.00407735 0.306748 0.00796505 0.0470692 0.0190739
7 0.0702008 0.165447 0.0421867 0.0382778 0.0189267
9 0.0279208 0.819809 0.0355132 0.0943537 0.0188519
0 0.719769 0.179937 0.0141506 0.0360239 0.0187997
0 0.841955 0.654394 0.011307 0.0263214 0.0187317
0 0.91894 0.189534 0.0225822 0.0267423 0.018668
0 0.741521 0.649788 0.0374895 0.0375504 0.0186605
9 0.219138 0.221992 0.0288961 0.0395539 0.0185516
0 0.0228837 0.783124 0.0294296 0.0456457 0.0185039
7 0.149353 0.51163 0.117136 0.12056 0.0185007
0 0.868001 0.666808 0.0123167 0.0283442 0.0183845
0 0.806873 0.666596 0.0750912 0.0727578 0.0183632
2 0.560434 0.202262 0.0302788 0.0463169 0.0183579
2 0.0220426 0.781576 0.0295377 0.0420097 0.0183174
