2 0.336717 0.408246 0.100504 0.0848232 0.845877
2 0.337379 0.408342 0.10176 0.0855028 0.830703
2 0.336586 0.408271 0.100446 0.0847388 0.820996
2 0.337074 0.408327 0.101113 0.0853454 0.820537
2 0.336675 0.408169 0.100557 0.0848305 0.818717
2 0.337111 0.408265 0.101136 0.0853203 0.814079
2 0.336771 0.408554 0.10024 0.0844482 0.813487
2 0.33654 0.408363 0.100399 0.0844328 0.813327
2 0.336483 0.4083 0.100827 0.0849255 0.805794
2 0.0813946 0.499942 0.139153 0.0953627 0.767051
2 0.150103 0.223677 0.0571945 0.0387626 0.761842
5 0.243094 0.184843 0.127613 0.101862 0.751059
5 0.242829 0.18541 0.127686 0.102819 0.74701
2 0.0817606 0.499551 0.139089 0.0965636 0.74514
2 0.14955 0.223211 0.0575144 0.0383821 0.742609
2 0.0814368 0.499582 0.139481 0.0958497 0.735706
5 0.243326 0.186888 0.129118 0.106883 0.734599
2 0.0815831 0.50039 0.139408 0.0951803 0.734144
2 0.238369 0.220871 0.0716116 0.0462723 0.73188
2 0.0815952 0.500529 0.139215 0.0954879 0.725312
2 0.081661 0.499966 0.139632 0.0954478 0.722923
2 0.0816275 0.500773 0.139287 0.0953002 0.718397
2 0.633231 0.387358 0.0833759 0.120393 0.716842
5 0.242548 0.185202 0.128701 0.10164 0.712863
5 0.24315 0.186596 0.127964 0.106776 0.705983
2 0.0816401 0.499593 0.140056 0.0950851 0.701695
2 0.464942 0.294068 0.0641861 0.0555575 0.701693
2 0.529619 0.293082 0.0708944 0.0722404 0.701052
5 0.242888 0.184429 0.128375 0.0996454 0.700067
2 0.464916 0.293625 0.0637191 0.0575451 0.69201
2 0.149926 0.223556 0.0567822 0.039018 0.688046
5 0.242354 0.185798 0.127804 0.102343 0.674363
5 0.24355 0.184993 0.128324 0.100711 0.672167
2 0.879344 0.222122 0.0622833 0.0432648 0.67202
2 0.63319 0.387179 0.084166 0.120742 0.658564
2 0.149694 0.223464 0.0569181 0.0384136 0.657031
2 0.52988 0.29264 0.0707726 0.071858 0.656345
2 0.530034 0.292757 0.0715876 0.0720565 0.653212
2 0.150651 0.223098 0.0565133 0.0384285 0.639505
2 0.63323 0.387555 0.0835819 0.120516 0.637205
2 0.633265 0.387483 0.0834817 0.120874 0.636719
2 0.464985 0.2939 0.0636318 0.0558952 0.636102
2 0.464456 0.294222 0.0641619 0.0555756 0.631733
5 0.865782 0.158176 0.115943 0.0687484 0.631414
2 0.529586 0.292899 0.0718638 0.0716927 0.622624
5 0.900988 0.159561 0.187391 0.0703338 0.622452
2 0.543928 0.213587 0.0382208 0.0455119 0.622137
2 0.238506 0.221017 0.0721612 0.0449023 0.621932
2 0.238942 0.220802 0.0715392 0.0463527 0.617883
2 0.529698 0.293045 0.0724119 0.07164 0.61239
2 0.543609 0.213614 0.0373949 0.045114 0.608936
2 0.15014 0.223344 0.0581008 0.0372523 0.607484
2 0.633191 0.387731 0.083534 0.120029 0.605419
2 0.879204 0.22193 0.0632456 0.0436594 0.60449
2 0.633536 0.387305 0.0837576 0.121089 0.603977
5 0.893253 0.158541 0.171142 0.0687046 0.603707
2 0.46482 0.292693 0.0636538 0.0578889 0.600075
2 0.775612 0.257604 0.0516716 0.0605958 0.598114
2 0.150053 0.223492 0.0585422 0.0373334 0.596342
0 0.446524 0.425459 0.028731 0.0842308 0.589837
5 0.866237 0.157981 0.11711 0.068327 0.586788
2 0.633611 0.387407 0.0832228 0.120814 0.585261
2 0.353056 0.20156 0.0550113 0.0418367 0.584951
2 0.464674 0.29315 0.0632242 0.0584842 0.578151
2 0.776089 0.25791 0.0512802 0.0608523 0.575126
2 0.775802 0.257829 0.0519858 0.0605969 0.573553
2 0.353286 0.201026 0.0534233 0.0410411 0.572473
2 0.14962 0.223589 0.0582771 0.0372895 0.570084
5 0.24322 0.183499 0.128384 0.0967501 0.56877
2 0.633206 0.38726 0.0840668 0.120527 0.565668
2 0.87883 0.221287 0.0621548 0.042956 0.565126
2 0.776166 0.257809 0.0511189 0.0616164 0.563814
2 0.544387 0.213735 0.038662 0.0452384 0.559687
2 0.353673 0.20091 0.0536534 0.0415251 0.557002
2 0.354952 0.200791 0.0514499 0.0405183 0.554038
2 0.92824 0.248144 0.0396301 0.0485516 0.552096
2 0.544671 0.214091 0.0368757 0.0454975 0.549308
2 0.879733 0.222017 0.0629524 0.0430961 0.54763
2 0.0817524 0.499737 0.139388 0.0966345 0.545312
2 0.879469 0.221705 0.0631329 0.0440022 0.5452
2 0.775745 0.257434 0.0509993 0.0617782 0.537165
0 0.446669 0.425099 0.0289936 0.0826256 0.536775
2 0.77587 0.257516 0.0509274 0.06076 0.526843
2 0.543807 0.214469 0.0370747 0.0451369 0.525724
2 0.465486 0.29382 0.0646337 0.055758 0.523567
5 0.864515 0.158297 0.115018 0.0679587 0.523005
2 0.878761 0.221405 0.0610153 0.0433979 0.521682
2 0.633928 0.38729 0.0831829 0.121271 0.521096
5 0.864725 0.158111 0.114246 0.0683704 0.520794
2 0.239037 0.220165 0.0721551 0.045558 0.519296
2 0.353652 0.201561 0.0550087 0.0421064 0.517056
2 0.529244 0.292581 0.0708292 0.0718036 0.515444
0 0.446481 0.42702 0.0286089 0.0868403 0.51481
2 0.35369 0.201385 0.0522017 0.0411128 0.511546
2 0.928041 0.248287 0.0392639 0.0499085 0.507126
2 0.544147 0.213898 0.0375824 0.0444141 0.503983
2 0.879396 0.220947 0.0632256 0.044054 0.492361
2 0.0813963 0.499267 0.139503 0.0962465 0.490074
5 0.900789 0.15949 0.186678 0.0705688 0.489884
2 0.928188 0.247581 0.040131 0.0495299 0.488733
2 0.151064 0.222915 0.056978 0.0385016 0.488644
0 0.446252 0.425686 0.0294392 0.0855427 0.487069
2 0.529935 0.292786 0.0709991 0.0723065 0.485719
2 0.775801 0.256978 0.0516578 0.060555 0.485713
2 0.239391 0.219868 0.0708615 0.0460989 0.483586
2 0.52933 0.29272 0.0707836 0.0714354 0.482833
5 0.864848 0.15824 0.115318 0.0688383 0.481936
0 0.446875 0.419683 0.0290399 0.0718257 0.476722
2 0.971687 0.231354 0.0536861 0.0525034 0.474709
2 0.543522 0.213303 0.03787 0.0460354 0.474669
2 0.14977 0.223158 0.0588368 0.0378433 0.471299
2 0.353437 0.202149 0.0554618 0.0426071 0.470601
2 0.354372 0.202024 0.0519259 0.041889 0.466223
2 0.464948 0.293713 0.0628784 0.0568038 0.465922
2 0.879708 0.222454 0.061644 0.0432617 0.465349
2 0.775551 0.257475 0.051425 0.0605305 0.46211
2 0.238683 0.220471 0.0718641 0.0456484 0.461205
2 0.928436 0.248099 0.0406673 0.0481539 0.45503
2 0.543828 0.213226 0.0384527 0.0460758 0.450415
2 0.464931 0.293656 0.0642303 0.0565925 0.445364
2 0.238788 0.220587 0.0721274 0.0444638 0.42797
2 0.928592 0.247612 0.0402815 0.049158 0.424687
2 0.529612 0.292824 0.0710335 0.0716533 0.413436
5 0.882688 0.158717 0.150274 0.0692188 0.413042
5 0.90096 0.160667 0.188789 0.0711997 0.40541
0 0.446407 0.421885 0.0294697 0.0763176 0.404572
2 0.971958 0.230206 0.0540192 0.0524715 0.40066
2 0.77583 0.257413 0.0516357 0.0612776 0.398462
2 0.971282 0.230678 0.0531019 0.0495115 0.396732
2 0.928428 0.247918 0.0384317 0.0498098 0.394653
0 0.603728 0.29453 0.0234858 0.0755562 0.387403
2 0.972075 0.230448 0.0541779 0.0504097 0.383645
2 0.977036 0.31256 0.0448387 0.1238 0.382439
2 0.977185 0.311842 0.0445854 0.124519 0.381218
2 0.929241 0.247912 0.0381264 0.0493873 0.379722
2 0.352909 0.201584 0.0550338 0.0423569 0.3787
0 0.603446 0.296458 0.0231869 0.0734647 0.37735
2 0.879438 0.2223 0.0625523 0.0436836 0.373801
2 0.977511 0.315717 0.0444185 0.119841 0.369463
0 0.603662 0.296244 0.021899 0.0763779 0.36594
2 0.971334 0.230374 0.0556366 0.0512887 0.365785
2 0.353453 0.202022 0.0554368 0.042862 0.361498
2 0.743684 0.172549 0.0496094 0.0514018 0.360205
2 0.487414 0.158236 0.0283791 0.0319626 0.350277
2 0.23934 0.220087 0.0720571 0.0468256 0.349158
5 0.882443 0.158952 0.15251 0.0692685 0.343989
2 0.46107 0.161153 0.0243663 0.0268727 0.340272
2 0.9772 0.320698 0.0447811 0.105543 0.336233
2 0.62101 0.177341 0.0283348 0.0361702 0.335621
2 0.653977 0.153813 0.0260776 0.0317647 0.333666
2 0.487821 0.157377 0.0291694 0.0340373 0.32996
5 0.901078 0.160312 0.187159 0.0728675 0.329303
2 0.928655 0.247326 0.0407291 0.0507884 0.327789
0 0.446367 0.427082 0.0292391 0.0871189 0.326706
2 0.65394 0.154021 0.024728 0.0312099 0.325678
0 0.603987 0.295247 0.022862 0.0764024 0.321869
2 0.776044 0.257587 0.05106 0.0609227 0.317227
0 0.603054 0.294694 0.0243505 0.0741058 0.314546
2 0.9282 0.247216 0.0389671 0.0502401 0.314406
2 0.621292 0.177955 0.0274126 0.0354312 0.304991
0 0.446859 0.426813 0.028793 0.0878184 0.30349
2 0.928294 0.248247 0.0394165 0.0506129 0.298708
2 0.544077 0.214562 0.0380047 0.0439402 0.29743
2 0.487708 0.157409 0.0295452 0.0336395 0.297145
2 0.976789 0.310915 0.0454245 0.12737 0.294116
2 0.653931 0.153595 0.0262211 0.0312415 0.293604
2 0.238138 0.220467 0.069667 0.0457546 0.286996
5 0.117854 0.2006 0.05808 0.0586852 0.28591
2 0.621064 0.177554 0.0281578 0.0370484 0.285537
0 0.446924 0.425872 0.0300659 0.0863666 0.284723
2 0.878676 0.222198 0.0636557 0.0433997 0.278272
2 0.487705 0.158108 0.0284902 0.0325679 0.275149
2 0.97729 0.313897 0.0448051 0.111143 0.274039
2 0.977369 0.313028 0.0447227 0.123844 0.268485
2 0.971732 0.230014 0.0556269 0.052317 0.26286
2 0.97901 0.272926 0.0418358 0.0510633 0.259019
2 0.353668 0.201974 0.0558158 0.0428866 0.255655
2 0.488884 0.157376 0.0292574 0.0349103 0.254316
2 0.977408 0.31263 0.044672 0.124695 0.253492
2 0.461113 0.158664 0.0258091 0.0337456 0.25282
2 0.114321 0.211555 0.0469988 0.033635 0.251993
0 0.603238 0.29406 0.0236717 0.0739784 0.247655
2 0.742465 0.173042 0.0505938 0.0517895 0.243966
2 0.978805 0.273804 0.041745 0.0521246 0.241619
5 0.117689 0.198655 0.059631 0.0560382 0.239749
5 0.90195 0.159472 0.186842 0.0701553 0.237119
2 0.00993577 0.228179 0.0196825 0.0253022 0.235883
2 0.971815 0.230081 0.054089 0.0520448 0.233875
2 0.928277 0.247434 0.0398035 0.0489111 0.229829
2 0.743981 0.171238 0.0511198 0.0481185 0.226828
2 0.622203 0.178782 0.0295876 0.0350564 0.226342
2 0.240894 0.220976 0.0743896 0.0454325 0.225907
2 0.978365 0.274196 0.0432708 0.052393 0.222397
2 0.682858 0.141508 0.0258034 0.0264297 0.221736
2 0.462073 0.156783 0.0283489 0.0353463 0.221615
2 0.461066 0.157535 0.025299 0.0343737 0.221221
5 0.116917 0.198982 0.0591673 0.0540793 0.218624
2 0.977293 0.311201 0.0448713 0.128147 0.217654
2 0.460909 0.158272 0.0253028 0.0328909 0.21709
2 0.621273 0.177862 0.0269817 0.0363515 0.216983
2 0.743287 0.165365 0.0509552 0.0366346 0.216354
2 0.977021 0.314844 0.0449108 0.123394 0.21594
2 0.653638 0.1542 0.025555 0.032697 0.212781
2 0.565314 0.159229 0.0232384 0.0339566 0.209885
2 0.56564 0.157523 0.0234674 0.0355384 0.208393
2 0.977159 0.321115 0.0450785 0.105188 0.206483
2 0.878527 0.220616 0.0609142 0.0440343 0.20419
2 0.543536 0.214294 0.0368757 0.0449727 0.202011
5 0.117592 0.199955 0.0572738 0.0580726 0.200349
2 0.0816289 0.500866 0.140221 0.0959269 0.197469
2 0.743323 0.163066 0.0505773 0.0313842 0.197326
2 0.0267248 0.228422 0.0533634 0.0291145 0.19579
0 0.447215 0.425136 0.0306593 0.0861645 0.193718
5 0.117414 0.200811 0.0593151 0.0592033 0.193184
5 0.864211 0.157739 0.113798 0.0680951 0.191406
0 0.446987 0.415968 0.0288197 0.0638049 0.191313
2 0.742838 0.173543 0.0501686 0.0520139 0.190423
2 0.00974481 0.226502 0.019391 0.0251657 0.188935
0 0.603796 0.294102 0.0250897 0.0764426 0.188897
2 0.488322 0.154077 0.0308376 0.0400188 0.185419
2 0.113154 0.212332 0.0434037 0.0314415 0.18439
2 0.149801 0.222675 0.0583159 0.0375298 0.184208
0 0.603092 0.29176 0.0249481 0.0709452 0.180365
2 0.963043 0.189253 0.0573986 0.0419158 0.174475
5 0.116876 0.199738 0.0561906 0.057018 0.169648
0 0.0186288 0.574679 0.0244804 0.0466794 0.169298
2 0.962819 0.18893 0.0575279 0.0415979 0.167816
2 0.97173 0.230357 0.0556068 0.0485286 0.167669
5 0.117045 0.199585 0.0578332 0.0568577 0.167402
0 0.603885 0.297621 0.0208406 0.0757499 0.165146
2 0.149624 0.22288 0.0564502 0.0383962 0.164681
0 0.603269 0.295875 0.0228081 0.0764001 0.158985
2 0.978666 0.275385 0.0417477 0.0538842 0.155584
9 0.508554 0.0588354 0.0154075 0.0170133 0.154543
2 0.428036 0.158677 0.0217119 0.0302536 0.153499
2 0.962267 0.188419 0.0591826 0.0420928 0.150387
9 0.620371 0.0573179 0.0126067 0.0141645 0.150177
5 0.901967 0.159883 0.188474 0.0703779 0.148591
2 0.633774 0.124992 0.0244608 0.0240281 0.148178
2 0.683092 0.141109 0.0270403 0.0256226 0.148125
2 0.979299 0.274899 0.0407654 0.0520594 0.146324
2 0.747091 0.162747 0.0426611 0.0310752 0.143555
2 0.653501 0.154338 0.0251524 0.0321361 0.141395
2 0.0369454 0.217937 0.0384076 0.0286889 0.140853
2 0.654372 0.153599 0.0275702 0.0320302 0.14063
2 0.0276255 0.223713 0.055251 0.0372748 0.13968
2 0.743243 0.173002 0.0485352 0.0519723 0.139373
2 0.116785 0.212226 0.0529093 0.0324639 0.138859
2 0.298764 0.82454 0.231607 0.350046 0.137948
0 0.0187174 0.574553 0.0276042 0.0494024 0.136899
2 0.621578 0.17889 0.0269246 0.0354833 0.134502
2 0.962521 0.188676 0.0579039 0.0418799 0.134276
5 0.363359 0.144178 0.0487556 0.0688962 0.133581
2 0.427803 0.159241 0.0206198 0.0302708 0.12901
2 0.978074 0.310558 0.0432434 0.127588 0.12584
2 0.0365128 0.219314 0.0383021 0.0299762 0.125309
2 0.738835 0.173536 0.0409943 0.0505573 0.124748
2 0.972262 0.229665 0.0546316 0.0524854 0.123467
2 0.0275637 0.224465 0.0551275 0.0364458 0.122731
2 0.529441 0.292035 0.0716953 0.0736249 0.118803
2 0.972886 0.230678 0.0535439 0.0526435 0.117586
0 0.0771823 0.448608 0.0217323 0.0214674 0.117395
2 0.621869 0.175304 0.0297405 0.0424241 0.117247
2 0.742908 0.173086 0.0498961 0.0523666 0.116995
2 0.977276 0.323351 0.0446823 0.106845 0.115099
0 0.0300599 0.601396 0.0359671 0.0588854 0.114853
2 0.353075 0.202083 0.0558975 0.0454256 0.114835
2 0.298936 0.824611 0.231126 0.349773 0.114826
2 0.0328854 0.221578 0.0465977 0.0348043 0.114412
0 0.60343 0.297475 0.0224317 0.0784444 0.114215
2 0.29793 0.824488 0.230904 0.350346 0.114059
0 0.0789381 0.450161 0.0248763 0.0242508 0.113501
2 0.633232 0.124132 0.0246296 0.0255638 0.113405
2 0.116572 0.211492 0.053115 0.0342328 0.112443
5 0.362877 0.14543 0.0457145 0.0683011 0.111036
2 0.529373 0.293422 0.0710982 0.071769 0.110806
2 0.46225 0.155654 0.0296955 0.0378685 0.109485
2 0.565551 0.15808 0.0241325 0.033828 0.108656
2 0.928708 0.247164 0.0412857 0.0485545 0.107274
2 0.964111 0.189488 0.0547005 0.0412894 0.106805
2 0.961614 0.189113 0.0597027 0.0420712 0.104621
5 0.361888 0.14796 0.0431831 0.0629864 0.10408
2 0.116245 0.203793 0.0546139 0.048659 0.102448
0 0.604033 0.308101 0.0203262 0.0617568 0.10238
2 0.683745 0.141061 0.0262099 0.0244217 0.102202
2 0.633524 0.386663 0.0827974 0.120831 0.102174
2 0.487327 0.154957 0.033082 0.0390006 0.101565
2 0.683405 0.141585 0.0268429 0.0268565 0.100769
2 0.977182 0.31438 0.0450356 0.0934747 0.0997821
2 0.977085 0.31916 0.045224 0.104475 0.0988697
2 0.963394 0.188938 0.0567183 0.0409397 0.0984786
2 0.565343 0.159252 0.0241276 0.0332644 0.0974378
2 0.566319 0.156583 0.0257469 0.0367017 0.0974034
2 0.396355 0.163377 0.0204141 0.0280408 0.0972564
0 0.665223 0.263315 0.0161587 0.0524139 0.0965692
2 0.595935 0.151977 0.0230953 0.0342411 0.0954617
2 0.621295 0.178839 0.0268468 0.0360551 0.0937327
0 0.0384207 0.599432 0.0360405 0.0555889 0.0916935
0 0.664618 0.265038 0.0155722 0.0536473 0.0909744
2 0.430223 0.15848 0.0277706 0.0332251 0.0903167
