6 0.761041 0.711447 0.263509 0.574942 0.765607
6 0.762704 0.71164 0.259918 0.574733 0.764606
6 0.760496 0.711356 0.261587 0.574982 0.746555
6 0.762284 0.71131 0.258291 0.575339 0.741206
2 0.525425 0.247087 0.0540987 0.0528388 0.705343
2 0.420761 0.366577 0.0837632 0.086261 0.704433
2 0.525308 0.858006 0.165422 0.248418 0.701719
2 0.525479 0.247469 0.0545478 0.0527291 0.697785
2 0.524754 0.857143 0.16711 0.249282 0.690197
2 0.525487 0.247777 0.0531265 0.0533009 0.680123
2 0.420187 0.365856 0.0837672 0.0861934 0.672589
2 0.420043 0.365927 0.0839956 0.0852453 0.669459
2 0.420144 0.365502 0.0832607 0.0862369 0.663899
2 0.419989 0.365726 0.083506 0.0856235 0.656847
2 0.524657 0.858788 0.166914 0.25233 0.656438
6 0.762907 0.71125 0.257196 0.575463 0.647994
2 0.525761 0.857106 0.168023 0.248824 0.645622
2 0.525525 0.247542 0.054376 0.0529325 0.641609
6 0.761965 0.710582 0.261116 0.576396 0.632732
2 0.41986 0.365964 0.0833399 0.0858944 0.632597
2 0.42017 0.366019 0.0837113 0.0857529 0.630386
2 0.525481 0.247409 0.0540516 0.053104 0.625405
2 0.420498 0.36649 0.0845299 0.086272 0.620347
2 0.525264 0.85784 0.165159 0.24912 0.617096
6 0.76231 0.711018 0.260226 0.573723 0.612966
2 0.328002 0.33315 0.0827204 0.0772215 0.61008
2 0.526081 0.246572 0.0529507 0.0530616 0.604079
2 0.624792 0.181037 0.0383066 0.0427221 0.586161
6 0.761952 0.711006 0.257649 0.573937 0.585171
2 0.327956 0.33349 0.0819984 0.0767058 0.582121
2 0.328041 0.333513 0.0828888 0.0776105 0.572194
2 0.327754 0.333247 0.0823634 0.0762228 0.57005
2 0.327999 0.333716 0.0830055 0.0769292 0.565941
2 0.525408 0.858713 0.165651 0.250014 0.561856
6 0.21657 0.918292 0.430085 0.162379 0.555281
2 0.525142 0.858693 0.167754 0.252743 0.554834
2 0.327945 0.333648 0.0834153 0.0772836 0.553376
2 0.327917 0.333293 0.0827564 0.0764158 0.550326
2 0.75401 0.13904 0.0232523 0.0296872 0.549407
2 0.625234 0.179984 0.0366602 0.0420694 0.545905
6 0.217352 0.918722 0.430878 0.161635 0.540493
6 0.216337 0.91816 0.430412 0.162098 0.538457
2 0.710679 0.144655 0.0288925 0.0351283 0.5383
2 0.420365 0.365929 0.0835991 0.0850839 0.538082
6 0.216315 0.91841 0.428587 0.162161 0.537527
2 0.625361 0.179596 0.037612 0.0430221 0.528516
2 0.625358 0.180563 0.0375182 0.043268 0.525134
6 0.216739 0.918114 0.42956 0.16276 0.523156
2 0.327966 0.333174 0.0836381 0.076449 0.523026
2 0.710379 0.14483 0.0286261 0.034072 0.521681
2 0.838987 0.236531 0.0387884 0.0535093 0.519959
2 0.753638 0.139329 0.0218866 0.030293 0.513036
6 0.761934 0.711378 0.25797 0.573933 0.509357
2 0.625209 0.179636 0.0377224 0.042907 0.507788
2 0.839304 0.236232 0.0390745 0.0543915 0.491571
2 0.710247 0.145845 0.0286345 0.0335695 0.490452
2 0.686472 0.203296 0.0404278 0.0492347 0.480338
2 0.625124 0.180293 0.0368658 0.041731 0.478355
2 0.62523 0.17996 0.0365868 0.0420264 0.478234
2 0.710488 0.145332 0.0283844 0.0348629 0.471341
6 0.217545 0.918498 0.432204 0.161594 0.467298
2 0.525707 0.247883 0.0523841 0.0525186 0.466159
6 0.216671 0.918802 0.431859 0.161331 0.464777
2 0.524294 0.858401 0.167158 0.252058 0.464652
2 0.710482 0.144249 0.0304974 0.0365271 0.450256
2 0.525813 0.246851 0.0534212 0.0526279 0.44309
6 0.216388 0.918002 0.431386 0.163023 0.436516
2 0.862871 0.132448 0.019906 0.0202738 0.433509
2 0.710312 0.144106 0.0299074 0.0358667 0.428074
2 0.624705 0.181439 0.0365078 0.0399336 0.424971
2 0.753842 0.138954 0.0247311 0.0315335 0.419883
2 0.711014 0.145044 0.0302654 0.0345925 0.417143
2 0.838926 0.236927 0.0383881 0.0543432 0.404726
2 0.328077 0.333526 0.0839075 0.0782731 0.401604
2 0.52541 0.246832 0.0555294 0.0526756 0.398929
2 0.32794 0.333318 0.0837136 0.0772627 0.397829
2 0.892093 0.139846 0.0221706 0.0269583 0.394447
2 0.784895 0.103927 0.0178668 0.021402 0.390454
2 0.538904 0.322011 0.074544 0.0866747 0.384218
2 0.538921 0.322782 0.0750261 0.0872319 0.383661
2 0.839101 0.236271 0.0392357 0.0536757 0.377507
2 0.538904 0.322024 0.0749137 0.0880507 0.369319
2 0.539013 0.322316 0.0754114 0.0867583 0.363447
2 0.963852 0.171776 0.0252975 0.0345885 0.361268
2 0.539233 0.321521 0.0735495 0.0847162 0.359287
2 0.963294 0.171346 0.0245792 0.0355631 0.35286
2 0.334623 0.0570572 0.0418345 0.0206698 0.351453
6 0.217166 0.918727 0.430751 0.161612 0.350787
2 0.963222 0.172365 0.0243544 0.0328546 0.347029
2 0.524979 0.858076 0.166372 0.251121 0.341681
6 0.215587 0.918151 0.430999 0.162283 0.334699
2 0.526068 0.248015 0.0523452 0.0529861 0.334101
2 0.626335 0.179651 0.0370566 0.0442346 0.322084
2 0.892351 0.13895 0.0215923 0.0277697 0.314423
2 0.686574 0.205247 0.0401548 0.0505669 0.312716
2 0.93012 0.151066 0.0214556 0.0391123 0.307209
2 0.963149 0.172742 0.0247353 0.0327014 0.304758
2 0.539074 0.323287 0.0748748 0.0885274 0.301361
2 0.686244 0.204097 0.0411743 0.0507684 0.297422
2 0.539378 0.322786 0.0748095 0.08816 0.296616
2 0.863398 0.132634 0.0186808 0.0205635 0.284852
2 0.929957 0.151879 0.0223331 0.0374334 0.282329
2 0.839357 0.236342 0.0398054 0.0543806 0.273146
2 0.753474 0.139253 0.0230453 0.0305526 0.272769
2 0.6868 0.201207 0.0409397 0.0463315 0.270873
2 0.334371 0.0572315 0.0419631 0.0212419 0.267176
2 0.963072 0.171457 0.0248714 0.035581 0.26287
2 0.753358 0.139809 0.022238 0.030631 0.262383
2 0.538742 0.321337 0.075448 0.0870046 0.257652
2 0.838765 0.236751 0.0393074 0.054687 0.251746
2 0.0859696 0.0961288 0.071906 0.0323511 0.250251
2 0.0809781 0.0969781 0.0812187 0.0336934 0.24934
2 0.686319 0.201312 0.0407641 0.0463157 0.245201
2 0.525528 0.247856 0.0537051 0.0526499 0.235568
2 0.96374 0.170325 0.0257023 0.0379694 0.203031
2 0.891901 0.138231 0.0217232 0.0274402 0.202937
2 0.83857 0.237054 0.0362129 0.0528449 0.202762
2 0.864052 0.132522 0.0221989 0.0189758 0.199987
2 0.963174 0.17051 0.0264687 0.0363723 0.198544
2 0.334649 0.0573487 0.0420719 0.0209698 0.196284
2 0.839233 0.236584 0.0401413 0.0535565 0.192784
2 0.92996 0.151502 0.0217007 0.0390313 0.188624
2 0.686994 0.204867 0.0414115 0.0526739 0.17676
2 0.075689 0.10013 0.0950349 0.0403442 0.176613
2 0.0884348 0.0955085 0.0656945 0.0310375 0.175281
2 0.626486 0.179326 0.038924 0.0435519 0.171536
2 0.686954 0.198949 0.0415581 0.0448844 0.168838
2 0.838966 0.236981 0.0385368 0.0551833 0.166988
6 0.760428 0.712568 0.263118 0.574121 0.161228
2 0.538087 0.322958 0.0743866 0.0838216 0.16064
2 0.33645 0.0591186 0.0499037 0.0244832 0.158939
2 0.804841 0.107093 0.0211117 0.0225698 0.158269
2 0.929785 0.152447 0.0217007 0.0387808 0.155855
2 0.328142 0.33404 0.0816738 0.0765421 0.154626
2 0.839298 0.23583 0.0393093 0.0537126 0.15407
2 0.538917 0.322521 0.0740879 0.0844167 0.146874
2 0.838906 0.236965 0.0384434 0.0557369 0.143736
2 0.807994 0.102455 0.0308861 0.0314522 0.141298
2 0.623763 0.1814 0.0395599 0.0406124 0.141161
2 0.891082 0.139419 0.0236191 0.0273197 0.137731
2 0.0849403 0.0987845 0.0750502 0.0366369 0.134876
2 0.6872 0.201182 0.0419607 0.0498519 0.12906
2 0.783827 0.104407 0.0204817 0.0237544 0.127871
2 0.52846 0.324093 0.0546207 0.0828423 0.127281
2 0.0106795 0.104269 0.021284 0.032224 0.126524
2 0.679161 0.222418 0.0230898 0.0277621 0.125977
2 0.686984 0.197584 0.0409864 0.0519898 0.124957
2 0.963924 0.173043 0.0247467 0.0344004 0.123475
2 0.784825 0.10298 0.0188511 0.0231971 0.121765
2 0.687061 0.194442 0.0400291 0.0518602 0.116312
2 0.0625942 0.102902 0.118806 0.0482819 0.113165
2 0.930082 0.151298 0.0224247 0.0394542 0.109442
2 0.0709412 0.103098 0.10241 0.0484406 0.106066
2 0.328779 0.333577 0.0813169 0.0776169 0.104552
2 0.623794 0.18295 0.0393275 0.0386987 0.104331
2 0.0887027 0.0991365 0.0677884 0.0369588 0.101466
2 0.0769227 0.0967703 0.0845347 0.0341425 0.101027
6 0.213491 0.91873 0.425731 0.162036 0.0979557
2 0.0741908 0.0994372 0.094966 0.0396962 0.0943676
2 0.793227 0.102731 0.0354313 0.0266326 0.0937579
2 0.627113 0.179782 0.0381115 0.0433252 0.0926044
2 0.92974 0.14995 0.0214552 0.0407572 0.0913893
2 0.786956 0.104714 0.0232258 0.0243791 0.0909912
2 0.862982 0.134173 0.0211283 0.0216578 0.090262
2 0.538441 0.321708 0.0750546 0.0894417 0.0901325
2 0.272053 0.0675063 0.0290801 0.0141871 0.0893113
2 0.33737 0.0587823 0.0559269 0.0245536 0.0887821
2 0.708376 0.144464 0.0342187 0.0357156 0.088099
6 0.762588 0.709866 0.256179 0.56989 0.0857247
2 0.0619227 0.107014 0.122257 0.0554172 0.0839646
2 0.87945 0.113414 0.0193443 0.0210553 0.0795308
2 0.33277 0.0577192 0.0428271 0.0219104 0.0792265
2 0.061889 0.107318 0.12273 0.054926 0.0775639
2 0.812263 0.109488 0.0321293 0.0292367 0.0775418
2 0.687104 0.191559 0.0429561 0.0656638 0.0768465
2 0.811996 0.10932 0.0335026 0.0222532 0.076696
2 0.79617 0.289391 0.0300911 0.0409671 0.0762734
2 0.929124 0.152663 0.0234859 0.0382172 0.0755647
2 0.753328 0.141132 0.02175 0.0324667 0.0744549
9 0.966077 0.0913761 0.0143658 0.0194902 0.0723117
2 0.795803 0.289045 0.0281164 0.0397167 0.072268
2 0.67823 0.22253 0.0236778 0.0285451 0.0716254
2 0.086354 0.0916303 0.0660367 0.0278518 0.0714388
2 0.879039 0.114226 0.0186632 0.0202503 0.070006
2 0.525441 0.247885 0.0538095 0.0513017 0.0697027
2 0.795732 0.289492 0.030528 0.0394891 0.0660108
2 0.0855351 0.0947426 0.0712562 0.0331975 0.0646784
2 0.274411 0.066861 0.0252828 0.0139376 0.0640648
2 0.524532 0.342198 0.0461411 0.0514661 0.0629551
2 0.929177 0.151516 0.023205 0.0393878 0.0627965
2 0.863884 0.127681 0.02155 0.0301263 0.0613858
2 0.416225 0.0422686 0.0247026 0.0211886 0.0608465
2 0.686103 0.207119 0.0413505 0.0528268 0.0591321
0 0.532379 0.0273008 0.0156114 0.0204133 0.0584528
2 0.863419 0.134412 0.0208427 0.0211269 0.0560942
2 0.0101997 0.103582 0.0203306 0.0309013 0.055939
2 0.0614473 0.108304 0.122785 0.0562498 0.0533193
2 0.678257 0.22135 0.0248251 0.0284696 0.05326
2 0.0108998 0.107193 0.0217956 0.0379347 0.0522062
2 0.867815 0.124018 0.0307137 0.0368249 0.0504815
2 0.929069 0.150914 0.0229271 0.0399735 0.0502331
2 0.686914 0.201792 0.0418615 0.0466686 0.05008
2 0.686607 0.204849 0.0416719 0.0528014 0.0492387
2 0.0917682 0.0980727 0.0613772 0.0360054 0.0492227
2 0.683519 0.221016 0.0333105 0.0281725 0.047138
2 0.525221 0.247895 0.0530644 0.051681 0.0466893
5 0.405394 0.0280898 0.102939 0.0560426 0.0460071
2 0.838845 0.237533 0.0370834 0.0540105 0.0453105
2 0.625236 0.179935 0.0384611 0.0444217 0.0435158
2 0.525346 0.24733 0.0542421 0.0538884 0.0431398
2 0.419971 0.366642 0.0832741 0.0852097 0.0418352
2 0.0113378 0.105655 0.0225147 0.0344143 0.0402946
0 0.532255 0.026895 0.0163457 0.0215982 0.0396918
2 0.796243 0.289139 0.02928 0.0403646 0.0395169
2 0.334109 0.0587602 0.0455326 0.0230751 0.0394405
2 0.443446 0.042448 0.0184967 0.016431 0.0386835
2 0.0612969 0.10576 0.122452 0.0546476 0.0375582
5 0.405945 0.0284634 0.10374 0.0569268 0.0365557
2 0.525795 0.247882 0.0533033 0.0536864 0.0365385
2 0.0612549 0.106766 0.121642 0.0533876 0.0361461
2 0.065063 0.104142 0.116187 0.0501746 0.0349483
2 0.814297 0.103948 0.0467171 0.0364483 0.0338732
2 0.809698 0.11102 0.0222466 0.0235155 0.0332943
5 0.405448 0.0289273 0.102742 0.0578546 0.0326488
2 0.325366 0.0599109 0.0671587 0.0263444 0.0313312
2 0.076797 0.102569 0.0921085 0.045206 0.0309021
2 0.689072 0.17461 0.0358679 0.033526 0.030378
2 0.795959 0.289089 0.030967 0.0406938 0.0295668
2 0.524359 0.341102 0.0471271 0.05054 0.0293081
6 0.123247 0.7244 0.24534 0.321245 0.0285427
5 0.40468 0.0277996 0.103335 0.0543074 0.0285416
2 0.688172 0.179565 0.0382465 0.0434226 0.0281079
5 0.405361 0.0293069 0.102311 0.0586137 0.0279776
2 0.879198 0.135137 0.0389576 0.0244175 0.0276991
2 0.685344 0.209234 0.0383537 0.0522407 0.027233
5 0.405454 0.027955 0.102671 0.055253 0.0268189
2 0.262438 0.0696469 0.049508 0.0162862 0.0266757
2 0.524737 0.334288 0.0482397 0.0536827 0.0260803
2 0.525466 0.334897 0.0478868 0.063 0.0256123
2 0.412742 0.0427373 0.0340946 0.0229832 0.0255034
5 0.397726 0.0298395 0.118034 0.059679 0.0251967
2 0.524781 0.340062 0.047673 0.0507481 0.0246187
7 0.0430084 0.07618 0.0856966 0.0959498 0.024126
2 0.525444 0.247313 0.0550933 0.0524822 0.0239129
7 0.061695 0.0815832 0.123207 0.101995 0.0234386
2 0.372145 0.05294 0.0309161 0.0121948 0.0231406
6 0.123534 0.738349 0.246764 0.350453 0.0230505
2 0.08202 0.0952066 0.0773846 0.0329588 0.0229688
7 0.061032 0.0760365 0.12185 0.0969884 0.0227732
6 0.123856 0.734772 0.245849 0.339491 0.0226936
2 0.0744594 0.0973577 0.080579 0.0358805 0.0226573
6 0.72961 0.709551 0.324299 0.577185 0.0226414
6 0.123548 0.736088 0.246384 0.342068 0.0222545
6 0.670299 0.710287 0.448196 0.578077 0.0218836
6 0.153117 0.662434 0.186079 0.195204 0.0212482
2 0.833283 0.0787494 0.0278469 0.0206235 0.0210066
5 0.405459 0.0286101 0.102007 0.0572202 0.0209927
7 0.0402301 0.0759908 0.0803238 0.0941056 0.0209633
2 0.835769 0.11031 0.0188334 0.0250795 0.0207171
2 0.0616132 0.106369 0.123226 0.0552094 0.0200279
2 0.708402 0.144724 0.0336699 0.0358532 0.0199893
2 0.332045 0.0596335 0.054478 0.0241009 0.0195432
7 0.539147 0.32426 0.0743808 0.089591 0.0194389
2 0.818176 0.117316 0.0183865 0.0197223 0.0193264
2 0.871202 0.117098 0.0368359 0.0365614 0.018821
2 0.244453 0.0714089 0.0183721 0.0135392 0.0187417
2 0.623287 0.180519 0.0410331 0.0425562 0.0186338
2 0.524222 0.343301 0.045656 0.0535575 0.0179425
5 0.406399 0.027323 0.0991129 0.0542565 0.0178971
2 0.0610978 0.107194 0.122023 0.0447901 0.0177693
2 0.351984 0.0599439 0.0862258 0.0278433 0.017676
6 0.668755 0.701622 0.467851 0.583309 0.0176671
0 0.0676332 0.0549213 0.024259 0.0619591 0.0175057
9 0.945869 0.0856532 0.0148323 0.0254508 0.0173286
6 0.123811 0.736758 0.247257 0.346311 0.0172736
2 0.0114759 0.103844 0.0224935 0.0319462 0.0170931
2 0.83931 0.0798058 0.0217068 0.0196654 0.0170547
2 0.167978 0.0860403 0.0369458 0.0137405 0.016706
6 0.153569 0.663224 0.186528 0.197977 0.0165878
2 0.753334 0.141392 0.0226807 0.0322606 0.0165529
2 0.794509 0.28952 0.0308126 0.0404296 0.0161355
2 0.327085 0.336071 0.080897 0.0731357 0.0161295
0 0.82186 0.0740165 0.0117088 0.0160336 0.0159295
2 0.933914 0.152424 0.0307552 0.0426435 0.0155023
2 0.838737 0.235806 0.0380114 0.0535357 0.0154617
7 0.0608635 0.0810281 0.121727 0.11202 0.0154447
0 0.0683759 0.0546373 0.022151 0.0611866 0.0151797
6 0.12369 0.732004 0.246577 0.333017 0.0150884
0 0.945963 0.0840025 0.0138203 0.0268544 0.0145355
2 0.959069 0.172479 0.0347647 0.0357813 0.014361
6 0.154057 0.663283 0.184605 0.196152 0.0143194
2 0.327849 0.334362 0.0819952 0.0755395 0.0140475
0 0.0657807 0.0555203 0.0279958 0.0585072 0.0136772
2 0.524837 0.342783 0.0468723 0.048915 0.0136417
2 0.325346 0.0618219 0.0849054 0.0293977 0.013548
2 0.559851 0.295664 0.0283175 0.0356933 0.0135176
2 0.795913 0.288884 0.0295797 0.0407524 0.0133195
2 0.710839 0.1461 0.0307286 0.0374992 0.0132457
2 0.688428 0.180767 0.0395297 0.0432444 0.0131513
5 0.389163 0.0304641 0.13723 0.0609283 0.0131408
