2 0.498514 0.862871 0.225514 0.265061 0.930727
2 0.49881 0.863738 0.224855 0.266113 0.923347
5 0.365091 0.555522 0.411628 0.403141 0.911998
2 0.498983 0.862732 0.226905 0.265218 0.911225
2 0.498817 0.863153 0.225941 0.264548 0.910121
5 0.365408 0.55557 0.411108 0.404319 0.908414
2 0.499541 0.865107 0.224578 0.265797 0.90433
2 0.498623 0.863217 0.225206 0.26484 0.904077
2 0.498426 0.863761 0.223895 0.265846 0.902382
5 0.365826 0.554622 0.412802 0.404796 0.901784
5 0.365863 0.55456 0.411031 0.404821 0.899769
5 0.365662 0.556642 0.410333 0.404787 0.888132
5 0.364939 0.554421 0.412622 0.401521 0.885308
5 0.366029 0.554557 0.410584 0.403226 0.882653
5 0.366973 0.555504 0.410388 0.402669 0.878802
2 0.498352 0.863304 0.225476 0.265969 0.871939
2 0.95126 0.327809 0.0965124 0.0628287 0.845222
5 0.365049 0.552395 0.411386 0.399728 0.843683
2 0.951218 0.327703 0.0964617 0.0624214 0.843235
5 0.29499 0.335773 0.17767 0.142681 0.841861
2 0.498027 0.864281 0.22385 0.265386 0.828908
2 0.951218 0.327648 0.0966068 0.0629102 0.823837
5 0.295566 0.33607 0.178651 0.142728 0.817495
5 0.798833 0.790175 0.39963 0.415851 0.808169
5 0.293758 0.335506 0.176403 0.142291 0.80079
5 0.294557 0.335507 0.177874 0.142519 0.782875
2 0.667428 0.443193 0.12776 0.100403 0.77911
2 0.951449 0.328037 0.0965548 0.0631815 0.779008
5 0.294521 0.335249 0.178285 0.142395 0.777685
2 0.951287 0.327332 0.0965389 0.0622365 0.769094
2 0.951014 0.327577 0.0974649 0.0617868 0.761435
5 0.365714 0.553795 0.411475 0.402506 0.753963
2 0.590884 0.47035 0.128048 0.105226 0.752373
2 0.59031 0.47044 0.127601 0.10595 0.746458
2 0.591165 0.470252 0.12856 0.105789 0.745889
5 0.294998 0.335903 0.176558 0.143882 0.743785
2 0.215619 0.616636 0.117215 0.145145 0.74292
2 0.591033 0.470023 0.128238 0.105497 0.742125
2 0.445914 0.418518 0.0971791 0.081547 0.736762
2 0.590428 0.469378 0.126613 0.105506 0.735303
2 0.667634 0.443211 0.127402 0.0991571 0.735029
2 0.950633 0.606745 0.0976419 0.117214 0.734593
2 0.591204 0.470341 0.129516 0.105943 0.734282
2 0.951311 0.32738 0.0968468 0.062524 0.733153
5 0.294849 0.335292 0.176282 0.142677 0.729679
2 0.215398 0.616893 0.116881 0.144644 0.726065
2 0.667424 0.442043 0.128543 0.100629 0.726032
2 0.215477 0.616672 0.117319 0.143987 0.723555
2 0.772092 0.533401 0.158674 0.127531 0.721834
2 0.771628 0.534299 0.157639 0.127148 0.718839
2 0.215232 0.616944 0.117728 0.144192 0.717508
2 0.667341 0.443318 0.128456 0.100018 0.715321
2 0.215254 0.616747 0.117595 0.1449 0.715224
2 0.951535 0.327509 0.0969305 0.0635014 0.713368
2 0.950311 0.606842 0.0988819 0.116863 0.710101
5 0.373216 0.320675 0.180596 0.137167 0.705444
2 0.446247 0.416882 0.0974561 0.0791695 0.701591
2 0.590658 0.469704 0.127816 0.106334 0.699851
2 0.591075 0.46964 0.127988 0.105866 0.699649
2 0.628037 0.266721 0.0692383 0.0441598 0.69874
2 0.771863 0.534257 0.158214 0.127108 0.697456
2 0.771729 0.533347 0.158238 0.127505 0.696934
2 0.446024 0.417329 0.0979446 0.0787588 0.692038
2 0.772588 0.533281 0.158584 0.127967 0.691622
2 0.215593 0.616822 0.117126 0.144683 0.689591
2 0.667397 0.442897 0.128668 0.0998022 0.687968
2 0.951154 0.328167 0.0971252 0.0632945 0.687228
2 0.667504 0.443266 0.129218 0.0994163 0.683569
2 0.66747 0.443091 0.128055 0.0998255 0.683172
5 0.798412 0.790833 0.399789 0.417216 0.680922
2 0.215402 0.616647 0.116304 0.144004 0.680345
2 0.772049 0.534655 0.157274 0.126518 0.674502
2 0.667402 0.442922 0.128589 0.0996498 0.673821
2 0.445889 0.417504 0.0977983 0.0779026 0.673757
2 0.215657 0.616366 0.116753 0.144095 0.672184
5 0.800828 0.788489 0.396961 0.418027 0.670607
2 0.446231 0.417239 0.0988449 0.0788156 0.6706
5 0.796644 0.790378 0.403853 0.418555 0.67032
2 0.950489 0.605952 0.0980328 0.118277 0.668652
2 0.446083 0.417951 0.0981747 0.0781389 0.665723
2 0.77211 0.533197 0.158871 0.127627 0.665038
2 0.667975 0.443797 0.128255 0.0997211 0.664409
2 0.950333 0.606453 0.0983265 0.118061 0.660079
2 0.591357 0.469534 0.129468 0.10767 0.659787
2 0.950426 0.607122 0.0983349 0.117314 0.654268
2 0.628401 0.267067 0.0705984 0.0436859 0.653976
5 0.908605 0.468271 0.181335 0.221231 0.652944
5 0.295594 0.335343 0.173906 0.143013 0.652068
2 0.772051 0.534211 0.157994 0.127104 0.651055
2 0.215314 0.616452 0.116412 0.144648 0.647958
2 0.509706 0.390697 0.0857503 0.0763508 0.647824
2 0.950371 0.607122 0.0982174 0.1171 0.646739
2 0.215245 0.617269 0.115752 0.144182 0.646448
2 0.667161 0.441842 0.127499 0.100007 0.641645
5 0.294199 0.335559 0.173058 0.141382 0.638432
2 0.445939 0.417814 0.0983894 0.0788088 0.6379
2 0.688887 0.300068 0.0911978 0.0559406 0.625916
2 0.68914 0.300199 0.0918519 0.0546024 0.620129
5 0.909283 0.468602 0.180482 0.221926 0.619965
2 0.950363 0.606476 0.0988668 0.117262 0.619365
2 0.446351 0.417292 0.0972971 0.0791108 0.61848
2 0.508031 0.390683 0.0875837 0.0773756 0.617276
2 0.499286 0.863026 0.226046 0.265969 0.615957
2 0.689478 0.29979 0.0915179 0.0551432 0.614682
2 0.508226 0.390534 0.0874314 0.0772507 0.609189
2 0.628471 0.266632 0.0712956 0.044423 0.603804
2 0.508415 0.390842 0.0866868 0.078006 0.60168
2 0.950515 0.606154 0.0984779 0.117518 0.601037
2 0.590699 0.471128 0.128271 0.105158 0.595258
5 0.909509 0.468314 0.179983 0.222372 0.591774
2 0.772662 0.533922 0.15891 0.128992 0.582915
2 0.509241 0.390307 0.0859085 0.0780332 0.576747
5 0.909719 0.467953 0.180109 0.22191 0.574534
2 0.134308 0.43978 0.064933 0.0868454 0.573873
5 0.909074 0.469847 0.180934 0.221966 0.572166
5 0.295377 0.334986 0.171503 0.143112 0.567171
2 0.628401 0.266333 0.0710728 0.0429777 0.54359
2 0.689275 0.299944 0.0924212 0.055426 0.543258
2 0.507829 0.390735 0.0880965 0.0779239 0.541125
2 0.950568 0.327745 0.0985311 0.063238 0.535316
2 0.688818 0.299477 0.0917582 0.0535509 0.53493
2 0.68981 0.298623 0.0909493 0.0516912 0.531317
5 0.909151 0.46763 0.1805 0.223902 0.530842
2 0.950525 0.607263 0.0980919 0.116609 0.528202
5 0.0716144 0.365377 0.142684 0.144077 0.528068
5 0.0715641 0.364866 0.143128 0.142839 0.525247
2 0.689409 0.299586 0.090568 0.052793 0.521625
2 0.0798512 0.478735 0.080876 0.104768 0.521024
2 0.508262 0.391301 0.0875336 0.0776723 0.514736
5 0.0715037 0.365099 0.142418 0.144578 0.513155
5 0.908726 0.467596 0.180868 0.224663 0.511793
5 0.908997 0.469176 0.181504 0.223864 0.508544
2 0.445771 0.417156 0.0986449 0.0775083 0.507211
2 0.628466 0.266353 0.0700379 0.043302 0.504131
2 0.628597 0.266867 0.0706828 0.0443945 0.501935
5 0.798671 0.788209 0.401419 0.423081 0.500925
2 0.0796959 0.478815 0.080834 0.104934 0.495074
2 0.509041 0.39073 0.0848419 0.077125 0.488993
5 0.795936 0.782772 0.406473 0.431551 0.485991
2 0.0802543 0.478802 0.0798461 0.104235 0.48552
2 0.508842 0.390256 0.0864105 0.0784873 0.476897
5 0.909897 0.468345 0.179899 0.223765 0.475565
2 0.0800204 0.478647 0.0809721 0.104799 0.472033
5 0.796913 0.790312 0.404916 0.419375 0.469632
2 0.08042 0.478576 0.0800613 0.104267 0.469491
2 0.950484 0.606719 0.0979677 0.119603 0.460283
2 0.135393 0.438976 0.06606 0.0877056 0.460068
5 0.0714323 0.365473 0.142865 0.143569 0.45433
2 0.690157 0.299066 0.0937323 0.0504434 0.451868
5 0.909511 0.470371 0.180697 0.227682 0.450897
2 0.627928 0.266359 0.068591 0.0446326 0.448862
5 0.071794 0.365283 0.142442 0.144284 0.446695
2 0.134275 0.43863 0.0647496 0.0876032 0.4367
2 0.6892 0.298904 0.0910543 0.0523326 0.426405
2 0.134452 0.439104 0.0651282 0.0880589 0.424536
5 0.380336 0.322725 0.167506 0.133412 0.418209
5 0.0718054 0.368746 0.142837 0.149963 0.405112
2 0.0800566 0.478693 0.0813192 0.105066 0.404739
2 0.134575 0.439593 0.0651895 0.0881935 0.395981
5 0.37608 0.313457 0.176175 0.154492 0.394374
5 0.375229 0.310663 0.177664 0.159368 0.390827
2 0.134671 0.43987 0.0654555 0.0874908 0.388718
5 0.406107 0.329217 0.1151 0.121069 0.38801
2 0.510265 0.390889 0.0843538 0.0757856 0.386233
2 0.134639 0.439636 0.0651236 0.0865824 0.384267
2 0.628205 0.266815 0.0696381 0.0445865 0.381585
5 0.0715645 0.365687 0.143129 0.144216 0.370088
5 0.0717691 0.365186 0.14306 0.144473 0.369786
2 0.499132 0.863659 0.226391 0.265749 0.364552
2 0.690279 0.298933 0.0931662 0.050356 0.354866
5 0.0715602 0.364765 0.14312 0.143739 0.344209
2 0.080983 0.478369 0.0819005 0.105045 0.341612
2 0.549388 0.22673 0.0505407 0.0336467 0.340204
2 0.549111 0.226857 0.0494799 0.0326044 0.337331
2 0.688958 0.300148 0.0911621 0.0538736 0.336447
2 0.77233 0.534396 0.158469 0.127525 0.335403
5 0.373713 0.316997 0.179552 0.14932 0.335115
5 0.377399 0.324553 0.171714 0.130254 0.334013
2 0.549161 0.227311 0.049118 0.032949 0.330249
2 0.591085 0.470955 0.12744 0.105553 0.330221
5 0.375241 0.31081 0.177579 0.162268 0.329347
2 0.508171 0.390834 0.0877308 0.0779896 0.326071
2 0.0802994 0.479977 0.0826206 0.10446 0.316118
2 0.135381 0.439553 0.0666647 0.0873207 0.315246
2 0.134784 0.439712 0.0667754 0.086906 0.310612
5 0.375031 0.317946 0.175928 0.148283 0.309278
2 0.549268 0.22663 0.0505856 0.0334858 0.305979
2 0.3611 0.230003 0.042834 0.0292493 0.299404
2 0.360808 0.230724 0.042544 0.0278775 0.290429
5 0.799011 0.788334 0.400832 0.423122 0.281813
5 0.400525 0.326379 0.126351 0.12644 0.280967
2 0.360493 0.230371 0.04254 0.028128 0.279166
2 0.54959 0.226962 0.0505151 0.0334193 0.278649
2 0.50778 0.263933 0.0387185 0.0246722 0.255378
2 0.360881 0.228826 0.0431433 0.0318227 0.253097
2 0.360774 0.228709 0.042982 0.0320146 0.238662
2 0.547861 0.22698 0.0480856 0.0314908 0.233812
2 0.361644 0.231315 0.0428642 0.0274405 0.232862
2 0.508385 0.263702 0.0379713 0.0249039 0.215786
2 0.508029 0.264223 0.0388695 0.0242257 0.21483
5 0.799923 0.788214 0.399611 0.422181 0.214456
2 0.549469 0.226466 0.0507791 0.031986 0.210344
2 0.509835 0.391053 0.086004 0.0770242 0.20764
5 0.375574 0.310527 0.17614 0.161916 0.203281
5 0.388817 0.325573 0.150146 0.12663 0.20301
5 0.786239 0.750704 0.423521 0.498592 0.201235
5 0.800488 0.788907 0.398406 0.418712 0.200638
5 0.799731 0.788582 0.399422 0.421329 0.196062
2 0.628776 0.267204 0.0709328 0.0436456 0.189815
2 0.508398 0.264306 0.0419498 0.0246141 0.189029
2 0.686068 0.296201 0.0857418 0.0447616 0.183857
0 0.832275 0.266082 0.0207752 0.0501954 0.182516
5 0.40972 0.328132 0.109221 0.122089 0.177044
2 0.686789 0.295699 0.0861856 0.0446081 0.176958
0 0.832223 0.264795 0.0192019 0.0521139 0.175303
2 0.951297 0.327754 0.097406 0.0617764 0.172102
2 0.508383 0.26352 0.0384132 0.025823 0.169365
2 0.36362 0.190439 0.0323507 0.0208342 0.16838
2 0.444715 0.417052 0.100463 0.0765805 0.166083
2 0.0800053 0.478823 0.080656 0.10154 0.165822
5 0.402506 0.327944 0.122458 0.123484 0.164688
2 0.667069 0.442973 0.128675 0.100224 0.162924
2 0.949574 0.327711 0.0953095 0.0607786 0.160508
5 0.411217 0.328921 0.105639 0.121246 0.159187
2 0.545745 0.223723 0.043291 0.0279036 0.152022
5 0.402659 0.325854 0.122565 0.124067 0.149476
2 0.551768 0.227131 0.04713 0.0310092 0.146973
2 0.508164 0.262982 0.0372401 0.0253107 0.144722
2 0.365791 0.189696 0.0369231 0.0212692 0.144481
5 0.0724827 0.368131 0.143819 0.150787 0.141889
2 0.506819 0.210296 0.0324341 0.0289857 0.140062
5 0.0719214 0.367019 0.143614 0.149359 0.139272
2 0.361265 0.22944 0.0433055 0.0301259 0.138315
2 0.135673 0.43906 0.0648399 0.0868597 0.136375
5 0.404904 0.330322 0.116945 0.119073 0.132597
2 0.431926 0.249483 0.0346336 0.0306305 0.12795
2 0.511887 0.263009 0.0453274 0.0248887 0.125918
2 0.549643 0.226108 0.0510756 0.0351625 0.124476
2 0.630045 0.267298 0.0685753 0.0440999 0.124048
5 0.296339 0.336242 0.172851 0.142097 0.116655
5 0.905427 0.467574 0.173354 0.2231 0.115746
2 0.550819 0.22779 0.0464094 0.0292706 0.113516
5 0.0717973 0.36424 0.142222 0.141642 0.113056
2 0.549183 0.2252 0.0514407 0.0352513 0.11257
2 0.36571 0.190294 0.0368022 0.0212544 0.110985
2 0.44412 0.20572 0.0196177 0.0234412 0.110401
2 0.499951 0.210096 0.0198133 0.0246652 0.109846
2 0.504656 0.210605 0.0272805 0.0289726 0.10744
2 0.135109 0.439684 0.0644991 0.0859333 0.107147
2 0.506537 0.209006 0.0330262 0.0308735 0.106157
2 0.215491 0.616503 0.116583 0.144452 0.103637
2 0.628339 0.266865 0.069548 0.0445088 0.103151
2 0.431507 0.248487 0.0331083 0.0291259 0.102614
2 0.360653 0.228861 0.0440296 0.0317226 0.102361
9 0.454411 0.24886 0.0224726 0.0347958 0.101938
5 0.909883 0.467418 0.178889 0.22464 0.0969917
5 0.911006 0.442497 0.177368 0.171496 0.0912884
5 0.0190159 0.396252 0.0378082 0.142482 0.0906534
5 0.292749 0.334141 0.177372 0.136019 0.0887805
5 0.91118 0.437131 0.177491 0.160022 0.0883839
2 0.0200469 0.282435 0.0399334 0.0514427 0.0876201
5 0.018546 0.392968 0.0369014 0.13597 0.0858069
2 0.431118 0.251314 0.0326824 0.0314681 0.0857954
2 0.440152 0.248614 0.0508692 0.0344857 0.0830522
2 0.0309681 0.216147 0.0247429 0.0202249 0.0826699
2 0.431263 0.24932 0.0327953 0.0285525 0.0819381
5 0.901493 0.467413 0.177879 0.223015 0.0817524
2 0.680717 0.294712 0.0740982 0.0403908 0.0809637
9 0.926786 0.152033 0.0231014 0.0444738 0.0805322
0 0.832407 0.2683 0.0221054 0.047024 0.0800026
2 0.689955 0.300587 0.0939003 0.0565896 0.0795004
0 0.832357 0.264913 0.02244 0.0538409 0.0789984
2 0.361648 0.230766 0.0419214 0.0277392 0.0767444
5 0.0713854 0.363998 0.142771 0.141442 0.0765609
2 0.312172 0.233344 0.0346618 0.0250561 0.0739962
2 0.439891 0.249836 0.0489977 0.0351627 0.0731301
2 0.499341 0.864774 0.226397 0.265831 0.0730211
5 0.374081 0.311229 0.181499 0.16582 0.0708712
2 0.440505 0.247972 0.0505716 0.0347355 0.070136
5 0.796615 0.756478 0.404577 0.484798 0.0692116
5 0.776535 0.750454 0.44225 0.499092 0.0689807
2 0.681494 0.29401 0.0741213 0.0397928 0.0686306
2 0.457347 0.202493 0.025037 0.0277624 0.0686022
2 0.445828 0.248614 0.0403612 0.0361386 0.068591
5 0.364783 0.189658 0.0392886 0.021208 0.0684879
2 0.516957 0.210373 0.0434959 0.0308341 0.0666644
5 0.785556 0.75723 0.423714 0.481137 0.0659257
5 0.0187775 0.37632 0.0373205 0.123625 0.0643454
0 0.0551511 0.277249 0.0286091 0.0516403 0.0640161
5 0.0200892 0.397179 0.0400399 0.145382 0.06383
2 0.628219 0.266084 0.0706011 0.0439521 0.0638208
2 0.311304 0.22876 0.0331247 0.0180746 0.0631624
0 0.0604719 0.276981 0.0389174 0.0594266 0.0629694
0 0.0576211 0.275782 0.0312962 0.057986 0.0608187
2 0.0202401 0.282116 0.0403933 0.0500992 0.0599343
0 0.055846 0.276279 0.0284298 0.0558348 0.0592351
5 0.0713534 0.36499 0.141854 0.144344 0.0587749
9 0.926374 0.150612 0.0216743 0.0431201 0.0586842
2 0.772083 0.534444 0.159462 0.128027 0.0581452
0 0.831857 0.263525 0.0204309 0.0545676 0.0573001
