5 0.250769 0.281486 0.278287 0.128675 0.889198
5 0.251549 0.281616 0.276215 0.127848 0.858397
5 0.250899 0.281443 0.27752 0.129459 0.848763
5 0.251275 0.281508 0.27945 0.128671 0.844881
5 0.251331 0.282067 0.278272 0.127064 0.84081
5 0.251596 0.281812 0.276942 0.127015 0.829505
5 0.251657 0.281852 0.278752 0.127833 0.80339
5 0.251435 0.281947 0.278229 0.127898 0.778295
5 0.25198 0.281901 0.277443 0.12963 0.74101
5 0.252478 0.282136 0.276783 0.128275 0.733402
2 0.0591186 0.299424 0.0774365 0.0493241 0.724164
5 0.646906 0.277009 0.390034 0.121687 0.719183
2 0.0599151 0.299512 0.07757 0.0490973 0.669138
5 0.647072 0.27284 0.389532 0.114733 0.652775
5 0.646578 0.288024 0.387924 0.144366 0.651907
5 0.647273 0.275211 0.388569 0.117699 0.646314
0 0.123323 0.627961 0.0309469 0.0785393 0.640291
5 0.646846 0.285424 0.387631 0.138182 0.638412
5 0.647159 0.2762 0.389615 0.120255 0.633057
0 0.0673811 0.603334 0.0345708 0.130816 0.622945
0 0.0677525 0.603054 0.0349188 0.128904 0.622574
0 0.123445 0.62729 0.0310496 0.0783592 0.621718
0 0.123348 0.627341 0.030965 0.078212 0.621128
0 0.0669155 0.600823 0.0337191 0.131892 0.620335
0 0.0674116 0.601136 0.0342554 0.132516 0.61911
5 0.647617 0.273022 0.388756 0.114459 0.605361
0 0.066847 0.600714 0.0339833 0.132801 0.605136
2 0.0619084 0.299857 0.0805561 0.0484948 0.604622
2 0.0606847 0.299712 0.0793416 0.0487034 0.595025
2 0.0606115 0.299859 0.0802303 0.0490946 0.584531
0 0.0664539 0.600598 0.0334231 0.13155 0.583882
0 0.123679 0.627104 0.0307355 0.0778776 0.577026
2 0.0603344 0.299836 0.0803411 0.0488077 0.57679
5 0.648877 0.276704 0.39213 0.122553 0.575194
5 0.645617 0.274187 0.384417 0.114558 0.573543
0 0.19119 0.629591 0.0290739 0.0844275 0.544262
5 0.646931 0.285704 0.387712 0.138746 0.529062
5 0.647536 0.275613 0.390427 0.120414 0.527623
0 0.122842 0.628644 0.0326373 0.0798488 0.495717
0 0.123429 0.626753 0.030433 0.0772066 0.495375
0 0.0681304 0.603497 0.0338238 0.12699 0.487001
0 0.190777 0.629981 0.0299571 0.0828235 0.474451
0 0.122906 0.62814 0.0324038 0.0812716 0.461502
0 0.149974 0.6089 0.0300349 0.111032 0.448164
0 0.191048 0.629409 0.030458 0.0841795 0.434274
0 0.0660814 0.601717 0.0324281 0.134039 0.428414
0 0.150562 0.60719 0.0294945 0.108457 0.42464
0 0.19185 0.629301 0.0291749 0.0841895 0.417099
0 0.0679902 0.602796 0.0343409 0.129251 0.416675
0 0.0675233 0.601976 0.0361263 0.132185 0.411741
0 0.149729 0.608434 0.0309532 0.109115 0.390198
0 0.151863 0.614977 0.0254782 0.0986337 0.374904
0 0.190885 0.630014 0.0283987 0.0838442 0.366283
2 0.829724 0.20467 0.0539658 0.0278861 0.361713
0 0.151021 0.609265 0.0280997 0.109615 0.357824
0 0.150838 0.608733 0.0297165 0.109731 0.356939
0 0.189845 0.628465 0.0290659 0.0807356 0.335647
0 0.190873 0.629235 0.0302886 0.0841743 0.33173
2 0.830175 0.204607 0.0530119 0.0271842 0.320202
0 0.123361 0.626397 0.0302688 0.0780731 0.320143
0 0.15072 0.609854 0.0286867 0.111177 0.309035
0 0.150631 0.608525 0.02812 0.109757 0.307624
2 0.83021 0.204992 0.0540564 0.0278134 0.297846
0 0.192273 0.629883 0.0292675 0.0860256 0.297528
0 0.122827 0.62978 0.0312891 0.0754736 0.297468
0 0.372966 0.610044 0.0279677 0.0985155 0.288736
0 0.123256 0.625161 0.0295562 0.0742453 0.273025
0 0.190832 0.628628 0.030141 0.0791994 0.260995
0 0.373336 0.611583 0.0276765 0.0963949 0.257032
0 0.372714 0.613745 0.0277962 0.103897 0.246404
2 0.0598405 0.299871 0.0801103 0.04957 0.24399
5 0.645539 0.292202 0.384657 0.150751 0.232523
0 0.15197 0.618228 0.0255449 0.0948611 0.230908
0 0.151485 0.616752 0.0262539 0.101487 0.216713
0 0.121696 0.628653 0.0354788 0.0816638 0.214633
0 0.372863 0.605863 0.0280628 0.0906384 0.213016
0 0.373471 0.610056 0.0276804 0.0952946 0.212776
0 0.149696 0.608159 0.0297269 0.109963 0.207116
0 0.372651 0.619247 0.0297005 0.120607 0.179356
0 0.150329 0.608749 0.0290288 0.108899 0.163968
0 0.192888 0.629224 0.0258103 0.0872447 0.162199
0 0.230773 0.282608 0.0123412 0.0253262 0.162049
2 0.82998 0.202955 0.0551819 0.0322607 0.16115
2 0.8302 0.204248 0.0534874 0.029739 0.158404
0 0.371612 0.624915 0.0281108 0.122871 0.148677
0 0.0655472 0.600722 0.0318669 0.132285 0.147423
2 0.830499 0.203803 0.0532013 0.0304918 0.143133
2 0.0154828 0.293452 0.030709 0.0496883 0.140261
2 0.0577619 0.299551 0.074273 0.0492169 0.139669
0 0.190785 0.630745 0.0293953 0.0852046 0.130991
0 0.149045 0.608854 0.0290479 0.110559 0.129335
0 0.151113 0.611999 0.0294816 0.107273 0.126787
0 0.371397 0.62325 0.032086 0.128401 0.126427
2 0.0568015 0.299313 0.0734378 0.0495449 0.123855
0 0.372172 0.62208 0.0299245 0.125173 0.123616
0 0.271833 0.27959 0.0172602 0.02533 0.121072
2 0.905725 0.190942 0.0232635 0.0176828 0.116565
0 0.447783 0.272787 0.031231 0.0564039 0.115304
2 0.829839 0.204824 0.0542805 0.0270629 0.114925
0 0.407784 0.254133 0.0136869 0.0241759 0.104955
0 0.0136888 0.292101 0.0272848 0.0524984 0.0934459
0 0.25329 0.283651 0.0130118 0.020914 0.0921725
0 0.0139956 0.291452 0.0278585 0.0553887 0.087971
0 0.340499 0.27113 0.0185605 0.0389555 0.0825632
0 0.370872 0.622997 0.0342336 0.127654 0.0800316
0 0.123411 0.629144 0.0323054 0.0773819 0.0791676
0 0.372917 0.611272 0.0293981 0.105681 0.0781873
0 0.014038 0.29259 0.0280759 0.0524144 0.0780174
0 0.372606 0.62483 0.0270049 0.119481 0.0770885
0 0.210242 0.284809 0.0126838 0.0255465 0.0769756
0 0.270621 0.275459 0.0184285 0.0297115 0.0734001
0 0.233287 0.283281 0.0124825 0.0266711 0.0725506
0 0.150163 0.621619 0.0262387 0.0842511 0.0715101
0 0.0139438 0.293731 0.0271461 0.0509803 0.0712575
5 0.645794 0.272486 0.38368 0.113514 0.0710149
0 0.447881 0.272559 0.0312662 0.0547502 0.0706793
2 0.446778 0.272768 0.0309734 0.0535622 0.070678
2 0.061814 0.299421 0.0802671 0.0475331 0.0700921
0 0.447395 0.273061 0.0304832 0.0529164 0.0693691
0 0.446327 0.272974 0.0261935 0.0519404 0.0693036
0 0.447982 0.272159 0.028919 0.0557363 0.0680711
0 0.0053956 0.717553 0.0107912 0.0895794 0.0670592
2 0.829647 0.204242 0.0533329 0.0287944 0.0670472
0 0.0121877 0.29308 0.0243057 0.0511243 0.0632741
2 0.0147349 0.292538 0.0293431 0.0539309 0.0632281
0 0.181584 0.278982 0.0135723 0.0259796 0.0628761
0 0.373882 0.605886 0.0273899 0.0838125 0.0616613
0 0.448366 0.273394 0.0296551 0.0594427 0.0600295
0 0.307218 0.276633 0.0172226 0.0325212 0.0592254
2 0.446698 0.274633 0.0253244 0.0483958 0.0584902
0 0.215231 0.28493 0.0131799 0.0250546 0.0580353
0 0.306668 0.275354 0.0170847 0.0331142 0.0578307
0 0.00706449 0.71713 0.014129 0.0898108 0.0577325
0 0.341328 0.261876 0.01763 0.0272231 0.0561744
0 0.406883 0.248695 0.0204343 0.0413173 0.0545961
2 0.0151776 0.295033 0.0298861 0.0487548 0.054549
2 0.262597 0.736899 0.523894 0.191302 0.0542456
0 0.0150542 0.714738 0.0301085 0.0982866 0.0537211
2 0.907877 0.188208 0.0225948 0.0200145 0.0533099
2 0.262094 0.734944 0.521975 0.187261 0.0531587
0 0.211013 0.286137 0.0134876 0.0237381 0.0521285
0 0.54333 0.291874 0.0159922 0.0341594 0.052107
0 0.188265 0.624708 0.0264478 0.0725587 0.0514133
0 0.216437 0.286193 0.0142513 0.0239024 0.0506234
0 0.0140827 0.715358 0.0281654 0.0949045 0.0505673
0 0.326923 0.273039 0.0190271 0.0363825 0.0493732
2 0.829373 0.203502 0.0543829 0.0305465 0.0486008
0 0.0147752 0.715793 0.0295505 0.0930256 0.0484449
2 0.0610817 0.299525 0.079993 0.0488649 0.0483738
0 0.407999 0.25931 0.0137159 0.0339439 0.0482262
0 0.0142165 0.716061 0.0281232 0.0951217 0.0477533
0 0.242338 0.283577 0.00983009 0.023074 0.0463419
0 0.231538 0.279014 0.0154083 0.0298318 0.0456434
0 0.0139893 0.715442 0.0279787 0.0943134 0.0448011
2 0.892852 0.192112 0.0520252 0.0211412 0.044185
0 0.338006 0.273137 0.0215521 0.0373435 0.0439767
2 0.262439 0.734785 0.521959 0.183929 0.0435265
2 0.0615749 0.29945 0.0837928 0.0482601 0.0435151
0 0.149911 0.607839 0.0258104 0.109501 0.0433449
0 0.446403 0.272241 0.0314226 0.0531532 0.0433089
0 0.447081 0.272358 0.0321146 0.0520634 0.0426102
5 0.556956 0.276263 0.205642 0.101854 0.0425479
2 0.0615578 0.299656 0.0839543 0.0493999 0.042372
0 0.145439 0.28496 0.0138809 0.0265752 0.0391069
2 0.445077 0.275119 0.0327368 0.0472367 0.0380374
0 0.373323 0.613536 0.0318193 0.109047 0.0375604
0 0.253269 0.285803 0.0148251 0.0203086 0.0368344
2 0.26204 0.7341 0.523294 0.182152 0.0366942
0 0.556603 0.29617 0.0151941 0.0268654 0.0366357
0 0.328788 0.274654 0.0239365 0.0352407 0.0363728
0 0.277484 0.282158 0.0110193 0.0199848 0.0361517
5 0.556678 0.27923 0.205155 0.112826 0.0357582
2 0.262037 0.733537 0.521847 0.180813 0.0353609
0 0.27161 0.281781 0.016513 0.0275723 0.0345433
9 0.0838616 0.154354 0.0131224 0.0329384 0.0342908
0 0.332361 0.270216 0.017137 0.0395535 0.0338502
2 0.83013 0.20853 0.0557898 0.0345758 0.0338067
0 0.147136 0.574013 0.0188306 0.0415673 0.0337723
0 0.196566 0.283923 0.0169049 0.0247521 0.0337708
0 0.54198 0.290572 0.0176649 0.0371794 0.0336107
2 0.828117 0.199884 0.0570442 0.0366321 0.0331455
0 0.87321 0.179946 0.0194416 0.0266203 0.0323636
0 0.144983 0.286886 0.0145925 0.0285773 0.0320775
0 0.0126555 0.286688 0.0252298 0.0621249 0.0319894
0 0.351966 0.257659 0.0164451 0.0248553 0.0305675
2 0.829224 0.209423 0.057333 0.0356308 0.030412
0 0.148811 0.574863 0.0218186 0.0422045 0.0303728
9 0.211967 0.117909 0.0135877 0.0292881 0.0298841
0 0.246003 0.285888 0.0104055 0.0210014 0.0297027
0 0.00796034 0.717221 0.0159207 0.0902893 0.0287282
0 0.00542456 0.715428 0.0108491 0.0974127 0.0286201
0 0.14797 0.575216 0.0212782 0.0434693 0.0283962
0 0.0139003 0.715911 0.0278006 0.091119 0.028263
0 0.0147482 0.714627 0.026729 0.0945131 0.0280809
2 0.0154706 0.285342 0.0307705 0.0607358 0.0280607
2 0.0264382 0.292407 0.0528765 0.0582945 0.0278518
0 0.0660237 0.60082 0.0319816 0.133953 0.0274178
0 0.150692 0.60964 0.0315563 0.109953 0.0273891
0 0.615806 0.28878 0.0192207 0.0287625 0.0273227
0 0.19727 0.286059 0.0169028 0.0242276 0.027309
0 0.528799 0.289792 0.0151783 0.0350257 0.027172
0 0.87196 0.216909 0.029203 0.0533102 0.0267818
2 0.90876 0.189335 0.0314692 0.0242961 0.0265619
2 0.830273 0.209279 0.0567074 0.0352956 0.0265536
0 0.291033 0.282603 0.0125055 0.0186189 0.0258294
7 0.26254 0.689917 0.523767 0.281776 0.0258038
0 0.149012 0.59921 0.0246611 0.0908669 0.025689
0 0.181075 0.282457 0.0160256 0.033252 0.0249957
0 0.14901 0.574875 0.0233167 0.0430136 0.0249878
0 0.0144286 0.288831 0.0288571 0.059485 0.0249376
5 0.556866 0.274357 0.204341 0.101214 0.0249067
2 0.261457 0.731055 0.522064 0.174916 0.0244186
0 0.452008 0.284146 0.0272627 0.081636 0.0243974
0 0.325636 0.276084 0.0178356 0.0324543 0.024331
0 0.41069 0.257693 0.0119216 0.0276266 0.0241883
2 0.263077 0.735435 0.522924 0.188008 0.023195
2 0.90064 0.191771 0.0404873 0.022302 0.0229414
0 0.614295 0.292708 0.0201313 0.0327247 0.0228744
0 0.805151 0.302351 0.0234945 0.0683454 0.0228512
9 0.0831407 0.152288 0.0134604 0.0306667 0.0228117
0 0.0132564 0.71644 0.0265128 0.0921423 0.021961
0 0.291475 0.274361 0.0124983 0.0298661 0.0217454
0 0.209969 0.277023 0.013621 0.02854 0.0217384
2 0.262877 0.731508 0.52182 0.180254 0.0213064
0 0.277925 0.275862 0.0115568 0.0284921 0.0208418
0 0.457036 0.34037 0.017764 0.0705205 0.0207039
2 0.893224 0.199469 0.0662567 0.036478 0.0206465
0 0.871896 0.217005 0.0293304 0.0512488 0.0204299
0 0.37127 0.629451 0.0265953 0.115995 0.0195296
5 0.556473 0.273335 0.205328 0.103265 0.0193998
0 0.872059 0.21531 0.0304039 0.0512431 0.019349
0 0.564302 0.296585 0.0224051 0.0306951 0.0191534
0 0.321233 0.273678 0.014591 0.0337992 0.0189993
2 0.873564 0.192799 0.0232332 0.011792 0.0186899
2 0.908877 0.205268 0.105685 0.0489174 0.0185172
0 0.528517 0.28853 0.0171513 0.0342029 0.0182885
0 0.111222 0.317404 0.0196708 0.0269985 0.0182643
0 0.193291 0.630918 0.0308591 0.0851796 0.0180675
0 0.780989 0.295858 0.0262569 0.0319484 0.018063
0 0.253667 0.276328 0.0127593 0.0293563 0.0176877
0 0.874855 0.18331 0.0191868 0.0222747 0.0175718
0 0.87204 0.215728 0.0298368 0.0524107 0.0174761
0 0.56178 0.296477 0.0220547 0.0287368 0.0172647
0 0.449698 0.273932 0.0330576 0.0605516 0.0171937
9 0.00430792 0.174582 0.00837797 0.0343136 0.01716
0 0.71962 0.197684 0.0185313 0.0434145 0.0166874
0 0.112119 0.313993 0.0208437 0.0309982 0.0165931
0 0.492004 0.289061 0.017206 0.0326652 0.0164517
5 0.557597 0.274188 0.205108 0.100963 0.0164228
2 0.918829 0.215747 0.127944 0.0493385 0.0162452
0 0.870173 0.174057 0.0184002 0.0387383 0.016218
2 0.985226 0.230469 0.0288784 0.0427779 0.0159327
0 0.243548 0.2757 0.0132672 0.0316278 0.0159093
5 0.556907 0.273237 0.205307 0.102341 0.0158985
0 0.8054 0.293587 0.0220013 0.0571314 0.0158646
0 0.189777 0.628156 0.0327196 0.08648 0.0157472
0 0.214987 0.278471 0.0129313 0.0292428 0.0156582
0 0.612478 0.297009 0.0207207 0.035904 0.015625
0 0.45821 0.743712 0.0113031 0.0380491 0.0156073
0 0.0465806 0.24687 0.014462 0.0357037 0.0154627
9 0.211838 0.116068 0.0135995 0.0267144 0.0151422
2 0.892294 0.208979 0.0709644 0.0523755 0.0151398
0 0.993608 0.191601 0.0120804 0.0606601 0.0151387
2 0.0595091 0.299117 0.0795957 0.0495156 0.0151055
0 0.780647 0.297084 0.0284248 0.0331281 0.0150863
2 0.442658 0.275809 0.0279331 0.0447551 0.0149963
2 0.910183 0.21187 0.105742 0.0499316 0.0149861
2 0.915043 0.21313 0.117742 0.0484456 0.0148966
2 0.911625 0.186731 0.0227581 0.0256927 0.0148929
0 0.372415 0.596789 0.0281955 0.0746351 0.0147003
0 0.416418 0.254384 0.011987 0.0256981 0.0146594
0 0.112507 0.319258 0.018097 0.0285481 0.0144893
0 0.543029 0.291419 0.018741 0.0398997 0.0142306
0 0.18131 0.279332 0.0141477 0.0298726 0.0141919
0 0.373206 0.621326 0.0316251 0.125627 0.0140891
0 0.316961 0.258157 0.0164471 0.0219898 0.0140497
0 0.612124 0.299184 0.0207233 0.0305011 0.014022
0 0.564173 0.297446 0.0236888 0.0306658 0.0136511
0 0.50987 0.284971 0.015638 0.0281358 0.0131416
0 0.8717 0.213118 0.0299044 0.0467226 0.0131223
0 0.110911 0.313864 0.0221611 0.034286 0.0130434
0 0.491339 0.291582 0.018475 0.0363331 0.0130055
0 0.579702 0.29688 0.0119228 0.0285981 0.013004
0 0.151159 0.620367 0.0323835 0.1118 0.0129976
0 0.796201 0.182665 0.0181989 0.048333 0.0129943
0 0.456708 0.335404 0.0162129 0.0619448 0.0129508
2 0.993003 0.236122 0.0132458 0.0304713 0.0129018
0 0.805013 0.298208 0.0221054 0.0526479 0.0128654
0 0.169972 0.278758 0.0117755 0.0285618 0.0128438
9 0.00433184 0.175085 0.00856851 0.0353837 0.0127334
0 0.00819772 0.719377 0.0163954 0.0856165 0.0127123
0 0.00521382 0.246166 0.0101447 0.0266502 0.0127006
0 0.309085 0.265236 0.0165232 0.0334413 0.0127004
0 0.606966 0.289744 0.0170004 0.0298269 0.0125937
2 0.0883745 0.302255 0.0320542 0.0397686 0.0124956
0 0.0684558 0.605465 0.0335819 0.123087 0.0124586
0 0.815872 0.172415 0.0147711 0.0195679 0.012423
0 0.0469214 0.244815 0.0149393 0.0355407 0.0123743
0 0.153438 0.622969 0.0256497 0.0976709 0.0123509
0 0.110919 0.319007 0.017417 0.0277822 0.0123382
