5 0.175304 0.51933 0.350607 0.243181 0.785375
2 0.18484 0.349338 0.0889748 0.0549987 0.762045
2 0.185594 0.349434 0.086817 0.0544324 0.757723
5 0.172101 0.519568 0.343444 0.243841 0.750237
5 0.176792 0.518613 0.353584 0.242002 0.741945
2 0.0585444 0.354092 0.0765137 0.0512829 0.735288
5 0.172296 0.519133 0.343443 0.242099 0.731786
5 0.174022 0.519538 0.347813 0.244134 0.72825
5 0.171146 0.519332 0.341816 0.241505 0.714428
2 0.186302 0.350578 0.086336 0.0544539 0.709287
5 0.174516 0.518881 0.34877 0.242884 0.703042
5 0.173636 0.519371 0.347271 0.240957 0.697335
2 0.18642 0.349677 0.0859355 0.0544269 0.690602
2 0.186067 0.350335 0.0867158 0.0540503 0.685172
5 0.174875 0.518689 0.349495 0.244746 0.683356
2 0.185608 0.349941 0.087129 0.0553805 0.680759
2 0.0581342 0.354648 0.0770847 0.0511648 0.648814
5 0.176007 0.519572 0.351432 0.239958 0.644983
2 0.186117 0.349463 0.0863132 0.0546312 0.637393
2 0.186103 0.35007 0.0881495 0.0547434 0.634268
2 0.185321 0.349078 0.089075 0.0562748 0.634069
2 0.0578762 0.353821 0.0773636 0.0524494 0.616213
2 0.0585703 0.353891 0.0792161 0.051564 0.616012
2 0.0579174 0.35411 0.0797817 0.0519118 0.608
2 0.0584731 0.353726 0.0792984 0.0519414 0.60377
2 0.0581688 0.354168 0.0774934 0.0516323 0.596323
0 0.0654079 0.674498 0.0376182 0.117109 0.581731
2 0.80969 0.279787 0.0569134 0.0263131 0.575064
0 0.0655121 0.674175 0.0370308 0.11589 0.570668
0 0.0657297 0.674857 0.0365395 0.11616 0.543657
2 0.0587981 0.354812 0.0794848 0.0522573 0.530003
7 0.305777 0.336592 0.128551 0.114357 0.524909
2 0.81016 0.27975 0.0555235 0.0263382 0.52344
0 0.402994 0.365333 0.0229341 0.0559178 0.513234
7 0.304534 0.337849 0.127433 0.112605 0.502582
7 0.304955 0.337245 0.128771 0.113905 0.498594
0 0.0656338 0.674758 0.0373993 0.116317 0.495712
2 0.810142 0.280023 0.0562985 0.0265869 0.493939
7 0.304123 0.338186 0.127267 0.111409 0.472232
7 0.305258 0.337284 0.129212 0.112943 0.455182
2 0.988151 0.529733 0.0232124 0.213022 0.448877
7 0.305338 0.337176 0.128567 0.113837 0.44617
2 0.0581118 0.354475 0.0779527 0.0513508 0.438879
7 0.305562 0.336388 0.128607 0.114262 0.429147
7 0.304341 0.337869 0.1272 0.112423 0.41442
2 0.988284 0.527927 0.0229458 0.209959 0.397333
0 0.403147 0.365914 0.0234173 0.0558445 0.395698
7 0.305671 0.336784 0.12971 0.113729 0.386445
2 0.809443 0.279175 0.0577375 0.0280772 0.382266
2 0.809569 0.279367 0.0563435 0.0277607 0.381083
2 0.0585724 0.354382 0.0755272 0.051015 0.368771
0 0.403086 0.365636 0.0221294 0.0559654 0.366601
2 0.988388 0.526926 0.0227465 0.210425 0.364543
2 0.153376 0.333544 0.0493277 0.0413456 0.338454
2 0.0587215 0.355833 0.0770028 0.0486468 0.337897
0 0.0650356 0.674122 0.037498 0.116212 0.335671
2 0.988162 0.530362 0.0231571 0.216775 0.324727
2 0.153574 0.331696 0.0474127 0.04214 0.308541
2 0.809055 0.27947 0.0577572 0.0285432 0.289778
0 0.403648 0.365891 0.026259 0.0575583 0.276954
0 0.402835 0.365749 0.0231277 0.056768 0.276095
2 0.811649 0.28011 0.0533604 0.0262832 0.268051
0 0.0634665 0.675059 0.0347538 0.117482 0.258391
0 0.403503 0.366578 0.0252385 0.056169 0.258381
0 0.402904 0.365322 0.0226443 0.0557179 0.242556
2 0.187261 0.35042 0.0838307 0.052886 0.237175
2 0.154898 0.332734 0.051577 0.0436024 0.236439
2 0.809939 0.279621 0.0577086 0.0270211 0.236081
2 0.15302 0.332189 0.0481697 0.0437023 0.235942
0 0.0649002 0.674595 0.0374693 0.115709 0.234753
2 0.988395 0.527636 0.0227327 0.211415 0.230529
2 0.00862795 0.353002 0.0171636 0.0387301 0.19248
0 0.403002 0.366826 0.0251288 0.0555228 0.190932
7 0.303699 0.339111 0.126958 0.108165 0.18972
0 0.403845 0.365597 0.0255953 0.058246 0.183984
2 0.987282 0.514339 0.0244389 0.172991 0.179407
2 0.152434 0.333528 0.0483164 0.0446465 0.178374
2 0.152094 0.334149 0.0474476 0.0384186 0.170431
2 0.33616 0.489362 0.0575257 0.0612152 0.166375
2 0.00896196 0.353289 0.0179239 0.0418096 0.159652
0 0.963702 0.332453 0.024301 0.047223 0.15946
2 0.987657 0.516128 0.0237553 0.16856 0.159056
1 0.763456 0.322727 0.0328983 0.0442238 0.152959
2 0.00915447 0.351814 0.0183089 0.0427865 0.148273
0 0.73137 0.324455 0.0198379 0.0474599 0.148264
0 0.964124 0.331831 0.0226772 0.0447693 0.147478
2 0.00889862 0.353759 0.0177378 0.0398196 0.144917
2 0.338858 0.489085 0.0515096 0.0565948 0.142068
2 0.984988 0.526668 0.0296261 0.211461 0.137261
2 0.984834 0.525622 0.0298279 0.210495 0.137088
0 0.0672557 0.676949 0.0344541 0.109221 0.136976
2 0.989049 0.510002 0.0211903 0.178614 0.136944
0 0.0628162 0.674236 0.0337463 0.117227 0.134889
0 0.963722 0.333003 0.023852 0.0458289 0.1308
2 0.98878 0.511966 0.0216656 0.174732 0.130035
2 0.987997 0.515699 0.0231396 0.172743 0.129071
0 0.0668997 0.676666 0.0352745 0.110148 0.125207
2 0.987898 0.530366 0.0234646 0.157753 0.124477
0 0.964268 0.332084 0.022522 0.0444586 0.122933
2 0.989343 0.516614 0.0208469 0.191969 0.120327
0 0.964072 0.332496 0.022208 0.043952 0.114809
2 0.0127316 0.352604 0.0253166 0.045035 0.10948
2 0.987043 0.510998 0.0250525 0.180153 0.108796
0 0.731849 0.323294 0.0189558 0.0466382 0.10866
0 0.85326 0.292908 0.0292744 0.0570073 0.107756
0 0.732344 0.324902 0.0200644 0.0475211 0.106154
2 0.806615 0.278146 0.0592037 0.0229695 0.105235
2 0.98804 0.549852 0.0231665 0.168174 0.102668
0 0.759378 0.292729 0.0131655 0.0363495 0.101857
0 0.732192 0.325891 0.0223799 0.0484131 0.10179
0 0.964008 0.332506 0.0231277 0.0463788 0.100902
2 0.883559 0.282184 0.0405704 0.0458401 0.0989119
2 0.335022 0.490309 0.0599964 0.063443 0.0988018
2 0.25347 0.800372 0.5062 0.175876 0.0982312
2 0.33694 0.486762 0.0536908 0.0521142 0.0964076
0 0.853512 0.294413 0.0292242 0.0554999 0.096201
2 0.337183 0.490033 0.0585635 0.0598707 0.0924354
0 0.963647 0.329708 0.0233082 0.0457081 0.0901149
2 0.986685 0.505444 0.0256611 0.168297 0.0895437
0 0.759132 0.308618 0.0184489 0.0668367 0.0892796
1 0.704618 0.327509 0.0401588 0.039873 0.088736
0 0.0589736 0.566244 0.0314399 0.108485 0.0884367
0 0.852451 0.293663 0.0289366 0.0551542 0.0873578
1 0.757261 0.326396 0.0372371 0.0429325 0.0868214
2 0.336292 0.488092 0.05843 0.0635506 0.0832676
2 0.871445 0.284606 0.0610004 0.0526195 0.0830209
2 0.0137708 0.353806 0.0275417 0.0441953 0.0816842
9 0.0710444 0.216817 0.0112501 0.0246589 0.0815823
2 0.15118 0.336463 0.0427208 0.0347898 0.0807624
2 0.337544 0.487104 0.053211 0.0526764 0.0803931
2 0.81009 0.278873 0.0583166 0.027684 0.0788583
0 0.963285 0.33041 0.0250221 0.0487926 0.0787044
2 0.988118 0.556922 0.0229534 0.157841 0.0783858
0 0.0976003 0.519674 0.0391827 0.0581715 0.0779346
7 0.305602 0.328488 0.129213 0.130745 0.0772611
9 0.336848 0.487415 0.0538803 0.05539 0.0770886
2 0.185977 0.35074 0.0880076 0.0536616 0.0761783
2 0.987457 0.527403 0.0242264 0.157411 0.0749146
7 0.253985 0.797978 0.507851 0.172685 0.0739311
0 0.0592188 0.566345 0.0317018 0.109843 0.073762
2 0.0081943 0.355139 0.0163728 0.0396856 0.0737344
9 0.336372 0.485756 0.0548948 0.0553702 0.0731742
0 0.851592 0.296213 0.0276915 0.0525524 0.0725771
7 0.255357 0.799307 0.510411 0.176766 0.0723177
2 0.336717 0.486423 0.0542188 0.0548323 0.0717096
2 0.255443 0.8005 0.509895 0.17774 0.0714755
2 0.989354 0.510008 0.0205769 0.176835 0.070186
2 0.986959 0.50865 0.0251513 0.174248 0.0700002
9 0.334632 0.486243 0.0564291 0.0566154 0.0678502
0 0.738409 0.324949 0.016397 0.0354069 0.0673476
0 0.0944603 0.519955 0.043382 0.057542 0.0668947
0 0.988469 0.534642 0.0225723 0.203777 0.0662676
1 0.757518 0.327143 0.0276482 0.0375126 0.0652622
9 0.336948 0.485748 0.0534914 0.0508688 0.0651624
2 0.87781 0.286122 0.0818483 0.0491034 0.0646869
0 0.734421 0.323974 0.0205275 0.0475551 0.0642574
1 0.772654 0.321151 0.0228423 0.0418527 0.0639812
0 0.101368 0.519974 0.0313818 0.0571713 0.0624975
0 0.758792 0.291475 0.012075 0.0328615 0.0621014
1 0.745832 0.328035 0.0389107 0.0431692 0.0618441
0 0.0935571 0.520102 0.0432259 0.058611 0.0611968
1 0.773046 0.317003 0.0178635 0.0394617 0.0603975
0 0.0592179 0.564632 0.0328722 0.111503 0.0597695
0 0.0581272 0.56418 0.0297936 0.11334 0.0597627
0 0.717224 0.326109 0.0181517 0.0466435 0.058938
2 0.886664 0.268104 0.0282433 0.0190999 0.0571513
0 0.766125 0.298369 0.0251734 0.0507195 0.0564879
0 0.853576 0.291801 0.0290363 0.0561761 0.0561851
2 0.811724 0.2794 0.0533907 0.0289017 0.0561423
2 0.872712 0.288704 0.0650358 0.057055 0.0554736
0 0.0592715 0.565603 0.0321378 0.114307 0.0541332
0 0.100019 0.519473 0.0375136 0.0588171 0.0529257
2 0.156528 0.334389 0.0497018 0.0402777 0.0524389
7 0.369985 0.334687 0.258664 0.116285 0.0512048
2 0.872813 0.280308 0.0637787 0.0462288 0.0500694
2 0.0332319 0.347163 0.0662675 0.0524982 0.0495135
0 0.40378 0.369275 0.0259495 0.0535268 0.0489258
1 0.754897 0.329179 0.0350456 0.0398975 0.0482423
0 0.402543 0.3645 0.0219575 0.0547395 0.0476797
0 0.40306 0.368678 0.026983 0.0561838 0.0474045
2 0.255847 0.801158 0.510247 0.181084 0.0472691
2 0.17354 0.339398 0.0909352 0.053799 0.0463918
7 0.307346 0.335508 0.132272 0.114717 0.046325
2 0.987493 0.547269 0.024255 0.16166 0.0461612
2 0.339584 0.486558 0.0494972 0.049189 0.0458005
1 0.760784 0.326337 0.0334684 0.0415722 0.0457431
7 0.37121 0.334892 0.259676 0.118078 0.045017
7 0.370391 0.334339 0.256461 0.117197 0.0440762
9 0.0709837 0.215303 0.0110385 0.0238163 0.0439908
2 0.871944 0.285989 0.0659025 0.0517739 0.0439042
9 0.0287729 0.233192 0.0106587 0.02837 0.0438945
0 0.05894 0.56543 0.0315997 0.102543 0.0438266
2 0.138916 0.337018 0.0238983 0.033071 0.0432983
2 0.886908 0.282975 0.0348305 0.047102 0.0431307
2 0.00902485 0.348731 0.0179574 0.0450542 0.0421276
1 0.714819 0.327854 0.0250072 0.0444485 0.0420739
2 0.992903 0.468591 0.0134792 0.0897932 0.0412939
0 0.853624 0.289809 0.0283752 0.0556022 0.0412443
2 0.154158 0.337874 0.050003 0.0372434 0.0410628
0 0.102185 0.518796 0.0327617 0.0568821 0.0407462
0 0.733419 0.325269 0.024047 0.0482858 0.0406632
2 0.991293 0.506095 0.0167057 0.165244 0.040228
7 0.370421 0.333431 0.257669 0.119451 0.0399586
0 0.771836 0.303085 0.0196688 0.0518404 0.0399234
0 0.718551 0.323656 0.0170265 0.0468925 0.0398108
2 0.328782 0.489718 0.0701738 0.0635661 0.0384974
2 0.987434 0.560389 0.0242985 0.15026 0.0384378
0 0.231617 0.314066 0.0122014 0.0295333 0.0380396
0 0.719651 0.327082 0.018005 0.0465176 0.0380275
1 0.757973 0.325068 0.0233452 0.036143 0.0376695
0 0.722288 0.327759 0.019634 0.0463094 0.0373331
2 0.887663 0.267375 0.0282188 0.0203254 0.0372756
7 0.370519 0.333083 0.257465 0.116439 0.0372167
2 0.986423 0.504794 0.0262531 0.165388 0.0372082
1 0.705364 0.330894 0.0353711 0.0357162 0.0371206
1 0.740264 0.325722 0.0193282 0.0385869 0.0370309
0 0.0933084 0.51958 0.0429948 0.0586492 0.0366761
2 0.808989 0.281017 0.0582458 0.0291155 0.0364441
2 0.984392 0.521812 0.0307693 0.223441 0.0360181
7 0.255924 0.801135 0.510744 0.181722 0.0356964
2 0.0381141 0.346813 0.0762282 0.0512324 0.0356543
0 0.897499 0.299612 0.0168877 0.0419172 0.0352203
2 0.871875 0.286976 0.0664803 0.060748 0.0350226
0 0.883622 0.295019 0.0270088 0.0586208 0.0349576
0 0.823847 0.305185 0.0208874 0.0608929 0.0348106
2 0.853426 0.292333 0.0297131 0.0539969 0.0345396
2 0.340023 0.489622 0.0504042 0.0545425 0.0338514
2 0.246679 0.795968 0.493358 0.164672 0.033839
2 0.856518 0.290155 0.0358215 0.0573888 0.0336288
2 0.810608 0.276538 0.057999 0.0344381 0.0330733
2 0.132626 0.334801 0.0182 0.0352636 0.033043
1 0.775003 0.315958 0.0168791 0.0330331 0.0326674
12 0.4161 0.627518 0.0181002 0.0531881 0.0317362
9 0.199377 0.182193 0.0140607 0.0265582 0.030055
2 0.870014 0.291456 0.062035 0.0601056 0.0294839
9 0.0296791 0.233395 0.00986908 0.0281694 0.029097
2 0.993594 0.458187 0.0120659 0.0654363 0.028826
2 0.255744 0.79909 0.511092 0.181482 0.028142
0 0.896988 0.30277 0.0178429 0.0463722 0.0273826
0 0.0483046 0.564677 0.0505302 0.117538 0.0273666
2 0.338793 0.48647 0.0509138 0.0498392 0.0272359
2 0.186802 0.350006 0.0897641 0.0526133 0.0268137
0 0.405948 0.366213 0.0290687 0.0570408 0.0264983
0 0.763044 0.288267 0.0178169 0.0305092 0.0262579
0 0.405858 0.366846 0.02929 0.0577462 0.0256602
0 0.0468889 0.566427 0.0517794 0.112995 0.0255048
0 0.853001 0.296897 0.025399 0.0529022 0.0252352
0 0.894212 0.292349 0.0222858 0.0388056 0.0246087
0 0.993732 0.4552 0.0117388 0.0753946 0.0245594
0 0.0952143 0.518887 0.0418511 0.0590879 0.0244552
1 0.704589 0.325076 0.0394079 0.0432313 0.024435
0 0.230933 0.31518 0.0137658 0.0312219 0.0244305
0 0.860928 0.294035 0.0394856 0.0588322 0.0239109
2 0.249374 0.800627 0.498505 0.174463 0.0238948
0 0.993735 0.457063 0.0117594 0.0662489 0.0235421
9 0.334974 0.482555 0.0546262 0.0528925 0.0235325
2 0.918189 0.289677 0.0296038 0.0389929 0.023441
2 0.853808 0.293197 0.029355 0.0582205 0.0229959
0 0.69414 0.317319 0.0194767 0.0348631 0.0227222
0 0.0929402 0.520279 0.0419506 0.0581839 0.0226814
0 0.693925 0.323169 0.0182603 0.0358178 0.0226285
0 0.736871 0.323008 0.0231373 0.04301 0.0224404
0 0.0593753 0.562492 0.0313568 0.100931 0.0224133
0 0.0925364 0.52051 0.0410472 0.0584559 0.0223487
2 0.918829 0.290449 0.0314564 0.0416001 0.0217676
2 0.98864 0.561186 0.0218964 0.149551 0.0214936
58 0.991203 0.35752 0.0168081 0.0283769 0.0214871
2 0.129149 0.330164 0.0193318 0.036916 0.0211647
0 0.252045 0.32476 0.0225522 0.0499467 0.0210286
2 0.120368 0.329297 0.0188481 0.0359871 0.0208165
0 0.0324991 0.299557 0.0146695 0.0428011 0.0203659
9 0.99112 0.0908724 0.0170341 0.0572827 0.020317
2 0.903255 0.287534 0.061554 0.0462505 0.0201706
2 0.804532 0.274764 0.0592419 0.0249535 0.0201347
0 0.0329293 0.299847 0.014852 0.0423186 0.0200759
0 0.104454 0.51962 0.037968 0.0598977 0.0197747
9 0.115073 0.255731 0.0114335 0.0289487 0.0197746
0 0.820578 0.317108 0.0115664 0.0373697 0.0197291
0 0.849143 0.29853 0.0226593 0.0513013 0.0196599
9 0.0717343 0.221957 0.0149442 0.0334843 0.0193331
0 0.0922911 0.519255 0.0414698 0.058404 0.0192112
1 0.761843 0.319467 0.0279651 0.0512536 0.0188324
12 0.416238 0.627666 0.0174952 0.0541588 0.0188244
0 0.856797 0.256275 0.0170582 0.0246119 0.0186697
2 0.987547 0.564276 0.024048 0.142837 0.0186172
1 0.696083 0.328389 0.0222618 0.0356791 0.0185174
0 0.694649 0.325143 0.0203779 0.0380988 0.0184006
2 0.0610574 0.353883 0.0731901 0.0486974 0.018236
2 0.252447 0.324996 0.0227891 0.0510577 0.0178431
0 0.252396 0.338984 0.0248226 0.0713844 0.0177551
2 0.888447 0.285437 0.0287861 0.0490425 0.0177085
2 0.251516 0.326875 0.0243905 0.0508749 0.0177049
0 0.0570266 0.565728 0.034461 0.123157 0.0175251
2 0.154108 0.327988 0.056045 0.0435057 0.0175132
2 0.25612 0.819117 0.510983 0.216465 0.0174281
0 0.764673 0.293569 0.0237587 0.0412794 0.0173397
2 0.404864 0.519361 0.028603 0.0149254 0.0172515
0 0.7744 0.311788 0.017765 0.0315713 0.0167003
2 0.0168491 0.358719 0.0307181 0.0380177 0.016513
0 0.963057 0.335336 0.0231247 0.0460518 0.0164933
