2 0.79383 0.545574 0.0844202 0.0683564 0.836559
5 0.971796 0.457763 0.0554199 0.125798 0.816426
5 0.971691 0.45738 0.055706 0.128135 0.813624
5 0.971814 0.457745 0.0553848 0.126292 0.804946
5 0.97175 0.457348 0.0558783 0.127859 0.797604
5 0.972133 0.457479 0.0553032 0.126442 0.794926
5 0.972225 0.457689 0.0550879 0.125757 0.791767
2 0.793895 0.545223 0.0831077 0.0694098 0.776386
5 0.971938 0.457723 0.0555679 0.126904 0.770043
2 0.28114 0.517403 0.0998496 0.0713445 0.754957
2 0.793565 0.545101 0.0828862 0.068852 0.748244
5 0.971679 0.457294 0.0556904 0.126084 0.74762
2 0.793577 0.545232 0.0833618 0.0696856 0.747579
2 0.793267 0.545427 0.0833906 0.0686029 0.741099
2 0.281537 0.682133 0.144296 0.106549 0.739788
5 0.97214 0.457247 0.0551144 0.127007 0.739558
2 0.793252 0.54523 0.0841551 0.0689682 0.725292
2 0.872684 0.599361 0.0830162 0.0615643 0.723402
2 0.872917 0.598987 0.0840969 0.0616709 0.722569
2 0.281319 0.681873 0.143564 0.10608 0.721373
2 0.872618 0.599368 0.0844337 0.0617895 0.718277
2 0.793496 0.544914 0.0838585 0.0690844 0.717884
2 0.281155 0.681841 0.144887 0.10637 0.713957
2 0.280836 0.517293 0.099416 0.0719345 0.708839
2 0.872853 0.599183 0.0845791 0.0618092 0.704452
2 0.281587 0.682067 0.144137 0.105808 0.703719
2 0.281281 0.681756 0.144333 0.106186 0.702142
2 0.281463 0.681555 0.14323 0.105911 0.70113
2 0.281382 0.517331 0.0991807 0.0720398 0.692735
2 0.281283 0.682016 0.143652 0.105712 0.684855
2 0.280873 0.517363 0.0995526 0.0727343 0.679109
2 0.281122 0.517409 0.0995902 0.0725353 0.678134
5 0.971999 0.457657 0.0549335 0.126041 0.665494
2 0.281234 0.682682 0.143378 0.105011 0.661838
3 0.211343 0.573906 0.0513558 0.0563972 0.661052
2 0.2816 0.682195 0.143519 0.105515 0.654551
2 0.280949 0.517541 0.0998893 0.0731396 0.650973
3 0.211316 0.572896 0.0508252 0.0590143 0.646163
2 0.793664 0.545045 0.0833418 0.0689108 0.643673
2 0.280803 0.517346 0.0998613 0.0723679 0.625112
2 0.793293 0.545384 0.0844465 0.0673859 0.621723
2 0.281068 0.682418 0.143073 0.105094 0.618851
2 0.872847 0.599121 0.0833672 0.0623248 0.585704
2 0.2809 0.517605 0.100085 0.0734998 0.58228
2 0.872319 0.599409 0.0829271 0.0619415 0.565802
3 0.211626 0.576982 0.0506777 0.0516153 0.562525
2 0.871944 0.600295 0.0852322 0.0632139 0.538745
2 0.280115 0.516733 0.102364 0.0713397 0.530146
2 0.873397 0.598781 0.0818897 0.0611177 0.501307
3 0.210309 0.576271 0.0500208 0.0517174 0.495286
3 0.211785 0.576617 0.0505413 0.0526348 0.491712
2 0.280923 0.681477 0.145565 0.107344 0.468101
2 0.872649 0.599338 0.082683 0.0621529 0.447309
2 0.792886 0.545071 0.082341 0.069014 0.416125
3 0.211219 0.574308 0.0538167 0.0563258 0.412373
0 0.215304 0.544942 0.020067 0.0569531 0.40929
0 0.214745 0.547618 0.0217487 0.0669508 0.399544
3 0.212199 0.57457 0.0510115 0.0535383 0.384056
0 0.778329 0.455057 0.015465 0.0381155 0.383221
3 0.209753 0.571821 0.0489524 0.0570587 0.323718
2 0.280652 0.517009 0.0997165 0.0717839 0.320942
3 0.209202 0.573363 0.0567432 0.0585133 0.308355
3 0.209392 0.568987 0.0512435 0.0620607 0.301119
5 0.971684 0.457 0.0557381 0.12846 0.288988
0 0.777651 0.455876 0.0161762 0.040697 0.286169
3 0.210055 0.574392 0.0502048 0.0517019 0.270352
0 0.215633 0.546156 0.0253104 0.0624834 0.258949
0 0.778119 0.454298 0.0154285 0.0376783 0.258857
2 0.759861 0.757106 0.0268431 0.0235811 0.248607
0 0.215429 0.552333 0.021709 0.068088 0.24304
3 0.210345 0.577907 0.0491209 0.0497353 0.238719
0 0.205013 0.547894 0.0418533 0.0639362 0.235311
2 0.876241 0.596055 0.0756599 0.056077 0.212678
2 0.760318 0.758327 0.0267921 0.0252184 0.20267
3 0.206686 0.560468 0.0563601 0.0576289 0.195753
0 0.808896 0.460237 0.0144859 0.051227 0.193595
0 0.208884 0.548148 0.0344475 0.0677298 0.192469
0 0.808911 0.4594 0.0147564 0.0502316 0.179882
0 0.495807 0.509376 0.0165407 0.0591249 0.179267
0 0.204726 0.555603 0.0422773 0.071616 0.178965
2 0.761295 0.758743 0.0270294 0.026294 0.174139
0 0.495746 0.507163 0.0150002 0.0532616 0.16556
3 0.212526 0.577001 0.0502099 0.0504825 0.152631
9 0.186949 0.447539 0.0155635 0.0319271 0.149707
0 0.495734 0.511214 0.0184015 0.0596066 0.145997
0 0.215484 0.543548 0.0232993 0.060212 0.14503
2 0.794022 0.544446 0.0817842 0.0710564 0.139552
9 0.186797 0.448836 0.0156171 0.0341681 0.135266
2 0.792975 0.55045 0.0817103 0.0580835 0.129185
12 0.808488 0.454266 0.014926 0.0402243 0.123843
0 0.496077 0.509248 0.0180218 0.0623781 0.120806
0 0.777082 0.455634 0.019375 0.0413983 0.11859
0 0.192675 0.548385 0.0288787 0.0473059 0.112559
2 0.878452 0.593179 0.0692654 0.0502878 0.108918
7 0.58054 0.455001 0.103408 0.110021 0.107823
2 0.872244 0.599762 0.084157 0.0609987 0.103681
11 0.186194 0.447694 0.0149215 0.0328004 0.102154
2 0.561411 0.873007 0.0244626 0.0207214 0.100303
2 0.873027 0.599434 0.084585 0.0614628 0.0998615
2 0.561064 0.873017 0.0252806 0.0212254 0.0979073
3 0.192573 0.550215 0.0303684 0.0449029 0.096281
2 0.760239 0.758977 0.027426 0.0260828 0.0959204
2 0.759803 0.758934 0.0277151 0.0266445 0.0936413
0 0.212308 0.547422 0.0296636 0.0675529 0.0929116
0 0.193284 0.550455 0.0289046 0.0485558 0.0909348
0 0.504477 0.502316 0.0180817 0.0426481 0.0892649
3 0.0216248 0.548994 0.0310431 0.0383049 0.0890904
2 0.0191378 0.543541 0.0376559 0.0507843 0.0835944
11 0.186335 0.447554 0.014118 0.0325988 0.0834538
0 0.808674 0.460767 0.0148666 0.0526476 0.0822903
3 0.204493 0.563109 0.0492666 0.0627651 0.0815857
0 0.776583 0.455792 0.0183081 0.0421663 0.081551
0 0.00658167 0.549818 0.0131633 0.0409199 0.0799766
0 0.809356 0.45784 0.0141426 0.0472792 0.0795446
2 0.873439 0.599022 0.0845562 0.063018 0.0775457
7 0.580766 0.454652 0.103077 0.109364 0.0772112
2 0.56038 0.872972 0.0254606 0.0212086 0.0718425
2 0.561034 0.872716 0.0242754 0.0211472 0.0702439
0 0.776771 0.455535 0.0186472 0.0410297 0.069742
0 0.0249665 0.549537 0.0249719 0.0375402 0.0696821
0 0.192469 0.546477 0.0287433 0.0514341 0.0695718
11 0.186624 0.448102 0.0157468 0.033314 0.0656988
7 0.580694 0.454451 0.102595 0.109251 0.0656782
0 0.201153 0.548365 0.0460735 0.0507151 0.064881
0 0.192274 0.547372 0.0295004 0.0479122 0.064798
3 0.212556 0.57581 0.0523278 0.0462407 0.0582893
2 0.27976 0.516561 0.102416 0.0705844 0.0581887
11 0.186767 0.448644 0.0160657 0.0337387 0.0563255
0 0.0241806 0.548905 0.0268608 0.0377481 0.0544395
2 0.713629 0.777915 0.0198231 0.0199014 0.0544069
2 0.28149 0.516745 0.0998169 0.0709069 0.0540915
2 0.0194844 0.545349 0.0385828 0.0449705 0.0538993
0 0.496031 0.50945 0.0236107 0.0596979 0.0535681
5 0.971166 0.457765 0.0571293 0.127166 0.0532992
2 0.668505 0.806448 0.0225258 0.0208766 0.052925
7 0.580709 0.453483 0.103281 0.11017 0.0509679
5 0.582187 0.453302 0.100955 0.109118 0.0504569
9 0.866186 0.434711 0.0125469 0.0306532 0.0491854
2 0.0193471 0.548799 0.035739 0.0441153 0.0486242
0 0.505127 0.503044 0.0159309 0.0424866 0.0474519
0 0.02085 0.548533 0.0332265 0.0383558 0.0471361
2 0.872215 0.599425 0.0849724 0.0622726 0.0454938
2 0.0201718 0.547114 0.03924 0.0440323 0.0422416
3 0.192903 0.555279 0.0320411 0.0393896 0.0417377
5 0.580213 0.454088 0.101583 0.11085 0.0416143
2 0.0194689 0.541128 0.0377994 0.0535006 0.0415918
2 0.12122 0.522239 0.0548788 0.0397541 0.041187
9 0.864904 0.435023 0.0158554 0.0309792 0.0397445
7 0.581099 0.453027 0.102084 0.108671 0.037791
5 0.582039 0.453088 0.102168 0.108756 0.0376173
2 0.582414 0.453431 0.100141 0.109092 0.0358615
5 0.581266 0.453671 0.101485 0.109782 0.0348514
0 0.192822 0.545333 0.0291988 0.048674 0.0347751
2 0.119675 0.522468 0.0578346 0.0447588 0.0338027
2 0.121481 0.523341 0.0552261 0.0437488 0.0336273
2 0.75758 0.75859 0.0327625 0.0249783 0.0331898
0 0.495249 0.509498 0.0257351 0.0645569 0.0331391
0 0.496033 0.510737 0.0247514 0.0630951 0.0329734
2 0.0205164 0.53681 0.040747 0.0613819 0.0327294
0 0.00909752 0.549194 0.018195 0.0412542 0.0326042
2 0.713291 0.778325 0.0208053 0.01951 0.0309924
0 0.503919 0.503914 0.0164217 0.042393 0.0308172
2 0.795274 0.73252 0.0199858 0.0186253 0.0306955
2 0.0194746 0.536305 0.0388746 0.0620935 0.0301216
2 0.0195374 0.540268 0.0389612 0.0582561 0.0289142
2 0.619034 0.838555 0.0216528 0.0190674 0.02873
5 0.972059 0.459033 0.0551514 0.123376 0.0282342
7 0.578206 0.454907 0.102949 0.111864 0.0268493
0 0.780626 0.455805 0.0215548 0.0435851 0.0266493
2 0.124315 0.525324 0.0479293 0.0344776 0.0265129
9 0.315858 0.0988785 0.0284211 0.0592131 0.0256773
0 0.410879 0.494349 0.0189703 0.0317498 0.0252947
2 0.577834 0.415441 0.0844798 0.0340687 0.0246833
2 0.0235615 0.528038 0.0471231 0.0476349 0.0245044
3 0.212013 0.573734 0.0567984 0.0583834 0.0240451
2 0.0196772 0.537165 0.0391151 0.0612943 0.0237999
0 0.410534 0.496984 0.0207837 0.0350932 0.0237446
0 0.00531051 0.55236 0.010558 0.0424647 0.0236316
2 0.581491 0.453635 0.100319 0.10948 0.0232625
0 0.409007 0.504239 0.0201117 0.040398 0.0223959
2 0.0213687 0.548284 0.0364405 0.0409901 0.022119
2 0.12374 0.523331 0.0491915 0.0361864 0.0211022
2 0.991821 0.706235 0.0154325 0.0158981 0.021016
9 0.566356 0.456291 0.0112138 0.0219868 0.0204996
0 0.381155 0.504316 0.0195787 0.0297987 0.0204807
9 0.316071 0.0985374 0.0284732 0.0581923 0.0203801
0 0.380328 0.50563 0.0203273 0.0288493 0.0199476
9 0.36605 0.438472 0.0154089 0.0273641 0.0193671
2 0.793587 0.545832 0.0841057 0.0679413 0.0189815
0 0.54433 0.486823 0.0154104 0.0456018 0.0187946
9 0.316167 0.0984612 0.0275722 0.0588899 0.0186531
2 0.121498 0.523252 0.0520563 0.0380215 0.0185751
2 0.874397 0.597481 0.0799175 0.0591159 0.0184925
2 0.0929685 0.517935 0.0390664 0.0335531 0.0184494
2 0.0861678 0.58538 0.0228207 0.0204586 0.0180647
2 0.089279 0.522244 0.0531236 0.0412163 0.0180608
3 0.0196581 0.549813 0.036174 0.0416826 0.0177739
9 0.315956 0.0982577 0.0278601 0.059348 0.0177071
3 0.381295 0.505493 0.0205094 0.0300051 0.0176093
2 0.577394 0.415092 0.0854387 0.0341812 0.0175653
2 0.71426 0.77997 0.0238241 0.0310256 0.0174722
2 0.410768 0.495727 0.0222296 0.0321085 0.0172314
2 0.760065 0.754076 0.0269822 0.0252869 0.016518
2 0.119788 0.522394 0.0549251 0.03657 0.0164549
9 0.312703 0.0978006 0.0222353 0.0599215 0.0164112
2 0.879292 0.589464 0.0674839 0.0426945 0.0160852
2 0.858439 0.617248 0.0584288 0.0415865 0.0159858
2 0.477634 0.494694 0.0157481 0.0163902 0.0159737
2 0.599029 0.488719 0.0242486 0.039379 0.0159139
9 0.864715 0.436265 0.0156757 0.0297714 0.0158034
0 0.499497 0.510592 0.0253378 0.0596807 0.0157027
3 0.207044 0.565397 0.062839 0.0683203 0.0152514
9 0.31377 0.0978034 0.0242033 0.0594019 0.0149144
9 0.313157 0.0979433 0.0231929 0.0592173 0.0146447
2 0.5783 0.415016 0.0851717 0.0335998 0.0141379
2 0.599509 0.488956 0.0232618 0.0387367 0.0140933
0 0.301369 0.655637 0.0286784 0.037618 0.0139684
2 0.110607 0.522324 0.0354131 0.034177 0.0138517
2 0.713934 0.776367 0.0214005 0.0228501 0.0138498
2 0.873236 0.599209 0.0857103 0.0630751 0.0137972
9 0.31486 0.0977868 0.026873 0.0587353 0.0137155
2 0.119663 0.520806 0.0618284 0.0447394 0.013617
2 0.411426 0.495112 0.0207691 0.031723 0.0135886
2 0.873246 0.599367 0.0833853 0.0617809 0.0135713
2 0.796761 0.524993 0.0524192 0.0275083 0.0134671
0 0.305362 0.652331 0.0329112 0.0286095 0.0131703
3 0.381286 0.504923 0.0194679 0.0284266 0.0130518
2 0.0381507 0.506395 0.069518 0.0359676 0.0129646
0 0.535345 0.485303 0.0163285 0.046446 0.0129619
2 0.280778 0.517415 0.101198 0.0724051 0.0129011
2 0.837951 0.621069 0.017635 0.0267087 0.0128912
9 0.185992 0.446568 0.0146873 0.0330927 0.012595
2 0.0879181 0.513388 0.0477362 0.0357007 0.0125526
2 0.497821 0.913291 0.0302818 0.0192787 0.0124083
2 0.0927551 0.521428 0.073692 0.0487407 0.0120944
2 0.412115 0.494284 0.0229595 0.0331543 0.0119608
9 0.421463 0.442321 0.0156673 0.0239475 0.0117948
2 0.110452 0.519732 0.0775214 0.0472958 0.0116846
0 0.504727 0.499763 0.0237913 0.0406455 0.0115798
2 0.499551 0.913512 0.0272568 0.0176876 0.0115534
2 0.60131 0.414971 0.0324827 0.0312006 0.0115494
2 0.0412406 0.518254 0.0822983 0.0563514 0.0113735
9 0.813894 0.0727889 0.0510463 0.143151 0.011368
2 0.0539423 0.506663 0.0422514 0.0338736 0.0111621
0 0.837592 0.62123 0.0168295 0.0276791 0.0111115
0 0.200741 0.543391 0.046157 0.0572998 0.0110865
2 0.578218 0.415296 0.0856859 0.0346802 0.0109425
9 0.872121 0.432656 0.0138201 0.0364532 0.0108433
0 0.317415 0.497176 0.0213877 0.0267626 0.0108259
9 0.558946 0.454629 0.0215023 0.0279013 0.0108254
9 0.862975 0.435049 0.0181194 0.0302086 0.0107469
0 0.543925 0.486298 0.0206546 0.0468401 0.0105371
0 0.186533 0.451889 0.0165267 0.0414801 0.0105182
2 0.597946 0.489213 0.0228971 0.0385645 0.0103139
2 0.602036 0.415355 0.0358065 0.0330423 0.010289
9 0.561846 0.451232 0.0216314 0.035089 0.0101623
0 0.41006 0.493731 0.0170019 0.0316572 0.0101528
0 0.544642 0.486941 0.0157676 0.0454992 0.0101289
2 0.602571 0.415401 0.0350879 0.0323225 0.00974083
2 0.411533 0.49621 0.0208464 0.0366549 0.0096511
9 0.367542 0.444347 0.0137728 0.0415165 0.00963635
2 0.120759 0.527743 0.0545162 0.038255 0.00963118
3 0.204745 0.574119 0.057105 0.054257 0.00960033
13 0.619157 0.635041 0.0484949 0.0536224 0.00944784
9 0.862932 0.434912 0.0177122 0.0301262 0.00905365
0 0.491862 0.510067 0.0334884 0.0594624 0.00884968
13 0.627039 0.639032 0.0649569 0.0564152 0.00880573
2 0.145404 0.448395 0.0371709 0.0241853 0.00879862
2 0.0875181 0.516554 0.0552728 0.0408123 0.0087717
2 0.397611 0.502056 0.0513448 0.0348147 0.00869629
0 0.535796 0.4855 0.0166062 0.0460216 0.00864907
2 0.580759 0.453846 0.0991093 0.11033 0.0086061
2 0.796555 0.524954 0.0553074 0.0278997 0.00840378
0 0.506448 0.504432 0.0180348 0.0456211 0.00838311
2 0.75352 0.762438 0.0415905 0.0342117 0.00836537
0 0.808035 0.457177 0.0200065 0.0498161 0.00828762
0 0.776597 0.458685 0.0175058 0.0491837 0.00823974
7 0.580988 0.454055 0.102204 0.109157 0.0080444
2 0.35874 0.506485 0.0376703 0.0320731 0.00803988
2 0.666746 0.80689 0.027224 0.0214836 0.0080267
2 0.601782 0.415232 0.0336428 0.0316144 0.00790673
2 0.607324 0.449462 0.0502492 0.100865 0.00778906
2 0.60611 0.417456 0.0438386 0.036668 0.00768094
2 0.600428 0.489243 0.0219215 0.0376415 0.00765728
0 0.810615 0.459359 0.0192188 0.0526751 0.00764364
2 0.110355 0.518355 0.0755979 0.0439671 0.00761344
0 0.0214204 0.550381 0.0330561 0.0394705 0.00752747
2 0.0886463 0.521453 0.0569267 0.0434889 0.00745939
2 0.0968229 0.517588 0.0872806 0.0506771 0.00741034
2 0.830831 0.709578 0.0144043 0.0190281 0.00740109
9 0.813501 0.0723022 0.0543301 0.143956 0.00703397
2 0.0558939 0.511575 0.0936494 0.0433357 0.00698422
13 0.626347 0.635765 0.0632153 0.057538 0.00696452
0 0.536593 0.48463 0.0203657 0.0482222 0.00691697
2 0.831108 0.711133 0.0175356 0.0205147 0.00687211
2 0.124203 0.528357 0.0496726 0.036301 0.00683652
2 0.108593 0.526593 0.0796373 0.0421473 0.0068256
2 0.0843178 0.511232 0.0502862 0.0351518 0.00677282
13 0.626807 0.637881 0.0654316 0.0590204 0.00654336
9 0.316612 0.098864 0.0294973 0.0588997 0.00646152
