2 0.875312 0.527131 0.0733515 0.0605707 0.859212
2 0.875673 0.527324 0.0731918 0.06048 0.846725
2 0.875447 0.52718 0.0728102 0.0601116 0.752315
2 0.875423 0.527425 0.0729996 0.0597129 0.751822
2 0.874985 0.527661 0.073876 0.0604786 0.750975
2 0.420905 0.646546 0.125803 0.0955717 0.722317
2 0.934395 0.572794 0.0730537 0.0574287 0.713993
2 0.421061 0.64657 0.126664 0.0963366 0.698254
2 0.875427 0.527526 0.0727615 0.0603591 0.680812
2 0.420924 0.646247 0.126118 0.0958347 0.679377
2 0.934126 0.572798 0.0729752 0.0574415 0.670086
2 0.934029 0.571832 0.0728611 0.0560061 0.667615
2 0.875288 0.52761 0.0726555 0.0596743 0.665856
2 0.933913 0.572367 0.0729031 0.0572209 0.660762
2 0.934379 0.571746 0.0715445 0.0558764 0.653226
2 0.278819 0.515256 0.101753 0.0704306 0.639299
2 0.934669 0.57102 0.0732159 0.0549676 0.637203
2 0.93504 0.572081 0.070524 0.056154 0.633737
2 0.933929 0.572674 0.0718096 0.056884 0.633078
2 0.420821 0.646465 0.125524 0.0959923 0.62963
2 0.278779 0.51527 0.101825 0.0715352 0.628007
2 0.42066 0.645834 0.126224 0.0966234 0.625054
2 0.420576 0.644557 0.126993 0.0982222 0.610305
3 0.279948 0.570954 0.0411997 0.0456718 0.605135
2 0.420603 0.646052 0.125928 0.0963835 0.596901
2 0.278794 0.515089 0.101156 0.069358 0.596885
2 0.42097 0.645464 0.125882 0.0974796 0.593524
0 0.479148 0.511537 0.0172516 0.0553553 0.593204
0 0.479643 0.511896 0.0165219 0.0561569 0.589161
2 0.279319 0.515138 0.102013 0.0700497 0.588273
2 0.278925 0.515278 0.101788 0.0707693 0.577667
2 0.420694 0.644401 0.126389 0.0987572 0.562873
2 0.279228 0.515106 0.101793 0.0712603 0.554242
0 0.47954 0.51167 0.0170953 0.0563298 0.544493
3 0.279566 0.569775 0.0393736 0.0453779 0.538488
3 0.279872 0.569966 0.0399017 0.0444031 0.530288
2 0.933736 0.572957 0.0727003 0.0572577 0.515933
2 0.279106 0.515509 0.10137 0.071452 0.480685
3 0.187536 0.5695 0.0571053 0.0565897 0.456347
0 0.479424 0.511574 0.017318 0.0548482 0.440207
2 0.279491 0.515197 0.101128 0.0720808 0.43906
3 0.279266 0.569348 0.0389039 0.045623 0.43333
3 0.279927 0.569077 0.0402903 0.046632 0.402309
3 0.280007 0.569755 0.0392141 0.0452724 0.401327
2 0.934148 0.573551 0.0738842 0.0576631 0.385372
3 0.187756 0.574287 0.0573116 0.0471714 0.384235
3 0.279713 0.569066 0.0401095 0.0481318 0.383179
2 0.279067 0.515476 0.10215 0.0728058 0.36456
0 0.285228 0.54551 0.0311265 0.056493 0.338444
3 0.187573 0.571191 0.0591639 0.0552999 0.337942
5 0.990056 0.429837 0.0193813 0.149282 0.337355
3 0.186762 0.566501 0.0578774 0.0605499 0.336013
11 0.184902 0.445152 0.0150296 0.0281599 0.330564
2 0.875321 0.527449 0.0725494 0.0610693 0.325299
3 0.187173 0.571066 0.056021 0.0541365 0.32358
2 0.93677 0.570406 0.0668484 0.0529253 0.322675
2 0.936664 0.570687 0.0665989 0.0538944 0.312059
2 0.278857 0.51542 0.100452 0.0713015 0.307351
3 0.18633 0.566597 0.0566271 0.0601864 0.304885
0 0.286568 0.540427 0.0313155 0.0478245 0.298889
3 0.280686 0.569787 0.0395834 0.0467197 0.293268
2 0.875508 0.52782 0.0729528 0.0611176 0.287531
3 0.279905 0.568361 0.0390377 0.0475463 0.273676
0 0.0258251 0.547592 0.0211906 0.0381172 0.271531
3 0.188141 0.576789 0.0569302 0.043885 0.266098
5 0.990705 0.429574 0.0180622 0.14956 0.255326
0 0.799929 0.461309 0.0165194 0.053316 0.247731
5 0.989996 0.431692 0.0195274 0.150408 0.245364
0 0.772126 0.457584 0.01584 0.0399654 0.227318
0 0.0258622 0.548269 0.0202845 0.0378448 0.222393
3 0.186692 0.567395 0.0592652 0.0615688 0.212128
3 0.189167 0.573022 0.058795 0.0503218 0.201984
0 0.0244252 0.547231 0.0239234 0.0390915 0.201288
0 0.772552 0.454841 0.0145206 0.0343239 0.199648
0 0.194094 0.530466 0.0240322 0.0349999 0.199605
0 0.289661 0.535699 0.0288489 0.0385121 0.195249
0 0.0241247 0.54734 0.0229312 0.03785 0.193387
0 0.28463 0.537617 0.0322148 0.0394852 0.193291
0 0.800023 0.459917 0.0160881 0.0506929 0.192501
0 0.0243448 0.54679 0.0232516 0.0392925 0.188649
3 0.187217 0.569334 0.0603125 0.0595563 0.188273
3 0.187978 0.576641 0.05663 0.0442373 0.184972
0 0.00621393 0.548409 0.0124279 0.0416073 0.183686
3 0.187457 0.578918 0.0549793 0.0404741 0.180574
2 0.933168 0.573235 0.0724388 0.0577346 0.167782
1 0.189 0.576006 0.056554 0.0424992 0.167457
0 0.280225 0.550132 0.0392747 0.062302 0.164173
0 0.799738 0.46107 0.0165281 0.0525291 0.164097
0 0.00687957 0.548728 0.0136893 0.0425121 0.161201
0 0.28052 0.555267 0.0406304 0.0679841 0.160268
2 0.279243 0.514459 0.101825 0.0704028 0.151095
2 0.274946 0.514965 0.110469 0.0721027 0.149982
0 0.280779 0.549751 0.0392842 0.0573592 0.149574
2 0.420544 0.64744 0.126006 0.0945706 0.149113
0 0.193127 0.528875 0.0220778 0.0325249 0.141669
0 0.0248761 0.547643 0.0218387 0.0386114 0.141487
0 0.480432 0.510289 0.0181082 0.0556833 0.138165
3 0.184561 0.566433 0.0521507 0.0603947 0.137498
0 0.772757 0.45467 0.0150654 0.0339039 0.134008
9 0.184827 0.445293 0.0158428 0.028657 0.132857
2 0.875601 0.527546 0.0717953 0.0601334 0.131565
0 0.799844 0.459842 0.0164428 0.0520937 0.12907
0 0.280577 0.549168 0.0379403 0.0649028 0.124882
0 0.410421 0.496375 0.0228866 0.0346252 0.123302
0 0.799312 0.462179 0.0165339 0.0552868 0.11889
9 0.184391 0.445717 0.0175869 0.0296679 0.106591
3 0.184003 0.558319 0.0513733 0.044396 0.106175
0 0.195036 0.540942 0.0264033 0.0548719 0.105226
7 0.579632 0.454467 0.10219 0.110622 0.102817
2 0.990357 0.477999 0.0185493 0.0548146 0.10086
5 0.989906 0.436195 0.0194733 0.138808 0.0987788
5 0.9902 0.473758 0.0190285 0.0626696 0.0979866
0 0.48059 0.512182 0.0192644 0.0589211 0.0948839
0 0.00921655 0.547015 0.0184218 0.0400288 0.0913486
3 0.18764 0.568406 0.0608382 0.0590289 0.0841687
3 0.188441 0.573814 0.0586219 0.0447239 0.0827164
5 0.991273 0.428611 0.0169865 0.1515 0.0815706
5 0.989982 0.473767 0.019416 0.0644196 0.0809039
5 0.989964 0.450452 0.0195549 0.110492 0.0801597
0 0.7998 0.457228 0.0154568 0.0452584 0.0797133
3 0.183446 0.555628 0.0503254 0.0370556 0.0794003
0 0.799963 0.461796 0.0171265 0.0539904 0.0759245
7 0.579687 0.454031 0.101912 0.110257 0.0729956
2 0.756715 0.755007 0.0232298 0.0179787 0.0722699
5 0.579369 0.453296 0.101545 0.110254 0.0710824
0 0.771604 0.461895 0.0161173 0.0492506 0.0695657
7 0.579449 0.45328 0.102601 0.109757 0.0689275
0 0.0161165 0.547516 0.0269695 0.0427378 0.0686471
1 0.189243 0.577115 0.0557324 0.0426592 0.06744
5 0.580366 0.452615 0.101512 0.108721 0.0645273
2 0.18238 0.554473 0.0496399 0.03536 0.0641116
2 0.990452 0.482167 0.0184006 0.0493082 0.060396
5 0.989161 0.457097 0.0207178 0.0970678 0.0594138
0 0.546291 0.488418 0.0133095 0.0431619 0.0586595
0 0.481327 0.510624 0.0191814 0.0602311 0.0574859
3 0.186295 0.566835 0.0593159 0.0624041 0.0574743
7 0.579616 0.452887 0.101869 0.109152 0.0563212
5 0.989388 0.470806 0.020306 0.0685721 0.0562709
0 0.196235 0.536503 0.0305529 0.0443907 0.0560676
7 0.578294 0.454128 0.102032 0.111307 0.0551604
0 0.0157682 0.548848 0.0253895 0.0445404 0.0549828
0 0.197775 0.531037 0.032065 0.0351678 0.0543659
0 0.409454 0.502303 0.0200805 0.0436893 0.0537922
0 0.409608 0.493956 0.0184656 0.0295107 0.0524032
0 0.0053164 0.55156 0.0104635 0.0460386 0.0517701
2 0.666341 0.808681 0.0234392 0.0203342 0.0491335
0 0.546374 0.489408 0.0123795 0.0411881 0.0488206
5 0.580778 0.452736 0.101359 0.108674 0.0484442
0 0.774142 0.453993 0.0175377 0.0336885 0.0482168
0 0.545855 0.487988 0.0147612 0.0435154 0.0470296
3 0.279987 0.573142 0.0393559 0.0439823 0.0458903
5 0.579319 0.452876 0.102512 0.109124 0.0448296
9 0.184153 0.444749 0.0149513 0.0290605 0.044246
0 0.47829 0.511437 0.0210466 0.0584312 0.0428073
2 0.580021 0.453116 0.101435 0.109563 0.0406884
2 0.580498 0.45309 0.101601 0.108926 0.0402672
0 0.478345 0.511771 0.0211434 0.0586576 0.039948
0 0.0245475 0.547928 0.0303412 0.0420456 0.0395889
0 0.477897 0.511632 0.0205585 0.0578689 0.0395413
5 0.99059 0.424996 0.017951 0.156248 0.0395098
3 0.279955 0.572754 0.0399004 0.0450422 0.0391291
7 0.579586 0.453304 0.100911 0.110158 0.0387735
2 0.893041 0.675898 0.0172348 0.0193139 0.038068
2 0.576687 0.414797 0.0842783 0.0347741 0.0376797
0 0.773838 0.454372 0.0178535 0.0335794 0.0369636
2 0.934768 0.571992 0.0700954 0.0562031 0.0362676
2 0.989504 0.476375 0.020285 0.0614198 0.0355081
0 0.530142 0.495768 0.0143815 0.0256632 0.035293
2 0.57681 0.414822 0.0845596 0.0351643 0.0352346
0 0.800076 0.456019 0.0158297 0.0448623 0.0338841
9 0.184004 0.448132 0.01794 0.0345638 0.0332985
2 0.712959 0.780738 0.0239821 0.0214732 0.0331723
0 0.190313 0.545277 0.0456861 0.0683334 0.0329864
2 0.576179 0.414754 0.0857917 0.0356967 0.0320614
9 0.37052 0.434775 0.00985651 0.0243788 0.0317085
9 0.863864 0.437941 0.014139 0.0285544 0.0311685
2 0.161629 0.533759 0.089141 0.0569773 0.0305545
2 0.712549 0.779905 0.0244662 0.0223251 0.0304023
2 0.559695 0.872424 0.0243139 0.0199036 0.0303758
9 0.811363 0.123159 0.0451008 0.0508267 0.0301038
5 0.992503 0.422596 0.0141766 0.145236 0.03003
9 0.563642 0.452104 0.0146284 0.0322226 0.0300121
9 0.370711 0.435642 0.010885 0.0265471 0.029992
2 0.560013 0.872991 0.023623 0.01898 0.0297771
2 0.157819 0.523437 0.0793017 0.0364927 0.0291161
9 0.565594 0.455361 0.0103796 0.0251799 0.0290907
0 0.198439 0.529558 0.0335857 0.0345751 0.0282357
2 0.558912 0.872872 0.0260999 0.0199385 0.0272513
2 0.559609 0.873113 0.024395 0.0196556 0.0270817
0 0.182308 0.555484 0.0482677 0.0368049 0.0269761
2 0.176615 0.53853 0.0604391 0.0621391 0.0262737
0 0.773676 0.455914 0.0191046 0.0371451 0.0257535
2 0.577016 0.414524 0.0843351 0.035829 0.025281
2 0.59708 0.490012 0.0260889 0.0390652 0.0241821
11 0.185937 0.445794 0.0175325 0.0287956 0.0237585
2 0.157133 0.523518 0.0766704 0.0357733 0.0236104
2 0.990448 0.48507 0.0184103 0.0505269 0.0232806
2 0.0934288 0.517744 0.0372182 0.0330853 0.0229061
11 0.185726 0.445494 0.0174776 0.028457 0.0228051
2 0.863347 0.692895 0.0174488 0.0164072 0.0222773
2 0.155613 0.523129 0.0698498 0.0351587 0.0220243
2 0.828999 0.712721 0.0191139 0.01821 0.0220173
2 0.182772 0.555695 0.0493859 0.0388436 0.0216864
2 0.59758 0.490394 0.0242045 0.0399685 0.0216022
2 0.410849 0.495909 0.0223267 0.0352127 0.0212418
2 0.664776 0.8083 0.0248466 0.0221554 0.021066
9 0.347165 0.45451 0.0113008 0.0234921 0.0210141
9 0.864779 0.438135 0.0151836 0.0283712 0.0209312
2 0.665636 0.809395 0.0261297 0.0214055 0.0204303
0 0.485218 0.510487 0.0280664 0.0584928 0.020232
0 0.53048 0.489243 0.0159962 0.0390735 0.0200021
2 0.153014 0.526236 0.102987 0.0474805 0.0196218
0 0.409842 0.493609 0.0184448 0.029686 0.0194462
2 0.0861481 0.513133 0.049412 0.0367943 0.0191026
0 0.770947 0.459348 0.0203592 0.0446366 0.0188018
6 0.493646 0.778868 0.98213 0.442265 0.0187943
0 0.189673 0.540698 0.0354488 0.0558916 0.0184271
5 0.984801 0.427666 0.0298866 0.151637 0.0178102
0 0.531972 0.494917 0.015264 0.0276995 0.0177686
9 0.366588 0.435064 0.0130412 0.0221926 0.0177209
0 0.193542 0.554131 0.0419871 0.0557611 0.0175559
9 0.590063 0.459589 0.0130149 0.0229897 0.0173701
2 0.580293 0.414283 0.0915041 0.031534 0.0168807
2 0.121876 0.520641 0.0580697 0.0370026 0.0168676
9 0.811564 0.122385 0.0447741 0.0485308 0.0167446
0 0.379129 0.50267 0.0224199 0.0316576 0.016027
0 0.0268091 0.547279 0.0264255 0.0412949 0.0160128
2 0.59823 0.490311 0.0244949 0.0379125 0.0159167
3 0.37986 0.503893 0.0202195 0.0286786 0.0158553
2 0.89369 0.67309 0.016717 0.0227995 0.0157602
5 0.987912 0.450188 0.0234413 0.113344 0.0157322
0 0.507861 0.501453 0.015516 0.0419282 0.0156819
3 0.280307 0.57478 0.039541 0.0410703 0.0156197
9 0.86468 0.43874 0.0166351 0.0290084 0.015599
2 0.0870793 0.520461 0.0497263 0.0360731 0.0155584
0 0.53747 0.490296 0.0141891 0.0368626 0.0151173
2 0.617189 0.83897 0.0203178 0.0189396 0.0150987
9 0.420147 0.441659 0.0131449 0.0261005 0.0149375
0 0.379731 0.503544 0.0212368 0.0303537 0.014918
2 0.793209 0.732844 0.0175422 0.01914 0.0146384
9 0.863549 0.438748 0.0186359 0.0299828 0.0146236
2 0.281774 0.514093 0.107061 0.0683542 0.0146075
9 0.813085 0.0761741 0.050025 0.150848 0.0144398
2 0.0834535 0.509774 0.053181 0.037435 0.0143389
2 0.141554 0.520849 0.1041 0.0416843 0.0142234
0 0.503961 0.500779 0.0108599 0.0410458 0.0141566
9 0.812016 0.0782164 0.0495667 0.151991 0.0141278
2 0.98942 0.48197 0.0203119 0.0533115 0.0139306
6 0.495803 0.777621 0.988846 0.444758 0.0138973
2 0.0856014 0.514041 0.052355 0.0396778 0.0130972
2 0.758757 0.756072 0.0270708 0.02039 0.0126133
2 0.9363 0.570826 0.0680061 0.0540123 0.0125564
2 0.133463 0.522961 0.0247242 0.0321149 0.0123777
5 0.984214 0.43063 0.0308081 0.149206 0.0123735
2 0.411354 0.49393 0.0234471 0.0318655 0.0123486
2 0.876298 0.527415 0.0745064 0.0599732 0.0120784
2 0.862627 0.692262 0.0197573 0.0167439 0.0119341
0 0.491927 0.503387 0.0194242 0.0508828 0.0117998
3 0.290704 0.541149 0.0588024 0.0435385 0.0117781
2 0.180466 0.544661 0.061779 0.0760002 0.011719
2 0.288577 0.491858 0.0677953 0.026032 0.0116961
2 0.288885 0.491209 0.0660288 0.0240182 0.0116428
0 0.410417 0.498331 0.0221454 0.0385855 0.0116269
2 0.59917 0.490989 0.0217852 0.0366877 0.0115082
0 0.377891 0.504464 0.0220368 0.0281231 0.0111863
0 0.347257 0.508225 0.0162085 0.0301821 0.011153
2 0.121952 0.521934 0.0521164 0.0359339 0.0110399
9 0.812965 0.0755605 0.0519094 0.151121 0.0110177
0 0.833036 0.480665 0.0114849 0.0317272 0.0109737
9 0.82008 0.312733 0.0154049 0.0247339 0.0109581
9 0.811046 0.12238 0.0451225 0.0497028 0.0109045
2 0.102214 0.519461 0.0192835 0.0291767 0.0107845
9 0.812929 0.0756908 0.0531059 0.151347 0.0106944
9 0.558187 0.455333 0.0201136 0.0277319 0.0104313
9 0.819654 0.311152 0.0149382 0.0211499 0.0103393
2 0.75895 0.760811 0.0277094 0.0277451 0.0103196
12 0.598515 0.491376 0.0214506 0.0382737 0.0102248
2 0.411051 0.494523 0.0232054 0.0313112 0.0100903
9 0.863431 0.438988 0.0188492 0.0297363 0.0100392
0 0.494982 0.490879 0.0142385 0.0281508 0.00990889
2 0.363107 0.503969 0.0476289 0.0294182 0.00984477
2 0.279651 0.515283 0.101837 0.0694982 0.00964633
2 0.28941 0.491582 0.0673021 0.0258474 0.00958918
2 0.151752 0.523853 0.0900792 0.0407234 0.00950863
2 0.755334 0.755545 0.0280378 0.018327 0.00924481
0 0.0222005 0.5488 0.0286506 0.0427737 0.00922794
2 0.179794 0.541148 0.0605865 0.062473 0.00905121
2 0.283825 0.515553 0.0930581 0.0709068 0.00894756
2 0.351389 0.501945 0.0232834 0.023484 0.00889005
12 0.410828 0.495438 0.0241269 0.0322916 0.00886234
2 0.103671 0.520593 0.0217763 0.0325789 0.00884949
0 0.509417 0.502923 0.0159975 0.0390665 0.00880674
2 0.875567 0.526951 0.0729952 0.0615835 0.00870534
2 0.133857 0.522132 0.0209955 0.031469 0.00866336
2 0.159511 0.530221 0.101617 0.0496672 0.00855552
9 0.811952 0.12117 0.0449848 0.0472254 0.00854998
6 0.500739 0.775659 0.949921 0.448683 0.00853905
0 0.790498 0.458672 0.0160054 0.0423983 0.00846017
2 0.0867281 0.521844 0.056354 0.0461998 0.00845524
9 0.55919 0.450361 0.0240366 0.0415884 0.00843005
