2 0.0458793 0.939108 0.0910625 0.121078 0.645404
5 0.176964 0.644126 0.0852311 0.153734 0.638196
5 0.176644 0.644277 0.0858066 0.153021 0.617244
5 0.177273 0.644033 0.0849471 0.153914 0.603496
2 0.287413 0.713678 0.117187 0.199899 0.595123
2 0.0457563 0.939036 0.091304 0.121032 0.590284
5 0.177117 0.644214 0.0847614 0.1533 0.580982
2 0.0461359 0.93881 0.0913927 0.121342 0.579581
2 0.973831 0.180342 0.0502684 0.0373058 0.576964
5 0.177475 0.643994 0.0842631 0.153037 0.576174
2 0.221101 0.896373 0.14264 0.205675 0.556439
2 0.0967412 0.783874 0.143014 0.205181 0.552449
2 0.282555 0.226595 0.0436715 0.0497254 0.550819
2 0.222877 0.223908 0.0391814 0.0464064 0.550721
2 0.0457454 0.939558 0.0912585 0.120571 0.549069
2 0.0457953 0.93902 0.0913389 0.120994 0.547465
2 0.222751 0.895901 0.139414 0.205948 0.546169
2 0.0454609 0.939272 0.0906883 0.120896 0.545323
2 0.287211 0.713485 0.117704 0.200523 0.537739
2 0.974362 0.180558 0.0497118 0.0374834 0.537536
2 0.0455393 0.939332 0.0909364 0.120645 0.531215
5 0.177546 0.644267 0.0842852 0.153916 0.527627
2 0.0462484 0.938818 0.0916677 0.121725 0.522719
2 0.974367 0.180514 0.0499903 0.0370164 0.518088
2 0.973741 0.181023 0.0512276 0.036216 0.517836
2 0.0927812 0.381623 0.077142 0.0821566 0.51645
2 0.281896 0.227002 0.0424761 0.0509687 0.516204
2 0.0924449 0.383115 0.0775077 0.0815222 0.516167
2 0.974153 0.180743 0.0510754 0.037102 0.505422
2 0.223122 0.223482 0.0392857 0.0476825 0.498431
2 0.287392 0.713684 0.116487 0.200313 0.497595
2 0.287199 0.713867 0.117146 0.200065 0.493229
2 0.0963255 0.782765 0.143427 0.204086 0.489894
2 0.0925699 0.381239 0.0764194 0.082336 0.489861
2 0.221979 0.896419 0.143842 0.206067 0.489577
2 0.556164 0.136919 0.024834 0.0317925 0.483976
2 0.975156 0.180559 0.0489779 0.0372503 0.483712
2 0.0927509 0.381212 0.0762255 0.0822695 0.483001
2 0.287329 0.713902 0.116967 0.200417 0.474903
2 0.97464 0.180796 0.0496437 0.037241 0.467508
2 0.254493 0.264369 0.0372965 0.0420531 0.465154
2 0.55601 0.139421 0.0246964 0.0279461 0.464001
2 0.222981 0.895759 0.140941 0.205781 0.462699
2 0.283037 0.225964 0.0420011 0.0506939 0.457123
2 0.175692 0.302644 0.056832 0.0679823 0.445758
2 0.175357 0.304094 0.0566844 0.0659119 0.44528
2 0.435849 0.645712 0.0827065 0.160839 0.441439
2 0.0926278 0.381702 0.0763359 0.0824357 0.44067
2 0.254127 0.262894 0.038084 0.045614 0.438661
2 0.556102 0.138017 0.0272642 0.0307496 0.414846
2 0.0460716 0.939207 0.0913205 0.121074 0.413863
2 0.254346 0.268114 0.0370184 0.0354939 0.41219
2 0.0925332 0.381033 0.0766227 0.0820188 0.407944
2 0.282793 0.22652 0.0416119 0.0506501 0.404845
2 0.096619 0.783873 0.143031 0.205185 0.402883
2 0.282855 0.226333 0.0425263 0.0501698 0.400319
2 0.17526 0.302708 0.05739 0.068071 0.398007
2 0.0921826 0.381748 0.0780805 0.0827751 0.397516
2 0.176774 0.302453 0.0576882 0.0682039 0.394733
2 0.221792 0.896506 0.140552 0.205578 0.39394
5 0.177035 0.64431 0.0851336 0.152857 0.391201
2 0.0926515 0.380838 0.0765587 0.0821962 0.389409
2 0.220773 0.897903 0.143683 0.203943 0.388755
2 0.176189 0.302112 0.0580188 0.0684989 0.38871
2 0.435528 0.646373 0.0813552 0.160327 0.386822
7 0.0959299 0.783272 0.143848 0.205081 0.383716
2 0.175844 0.302723 0.058107 0.0688693 0.381831
2 0.0925532 0.381477 0.0765474 0.0827494 0.376676
2 0.09683 0.783005 0.143851 0.204828 0.37514
2 0.222433 0.222827 0.0396849 0.0472326 0.374471
2 0.254224 0.266418 0.036948 0.0394641 0.374074
0 0.089448 0.278987 0.0173066 0.049896 0.371965
5 0.176629 0.644021 0.0847251 0.152915 0.368936
2 0.176016 0.302914 0.0577832 0.0679731 0.365439
2 0.971328 0.179996 0.0555157 0.0373635 0.363692
2 0.222949 0.223608 0.0403543 0.0481775 0.363681
2 0.282553 0.22668 0.0413104 0.0501266 0.355639
2 0.975388 0.181148 0.0485874 0.0381175 0.35123
2 0.222595 0.223496 0.0391464 0.04692 0.350833
2 0.175653 0.30311 0.0578342 0.0678033 0.349232
2 0.584805 0.727048 0.0890369 0.166219 0.348197
7 0.757702 0.176526 0.0368696 0.0530328 0.347132
2 0.222169 0.896341 0.144435 0.206562 0.343421
5 0.756604 0.175778 0.038299 0.0521512 0.342881
5 0.176631 0.644005 0.0848704 0.152771 0.337696
2 0.254414 0.259828 0.0389827 0.0486441 0.336338
2 0.254123 0.259658 0.0384972 0.0493186 0.33549
2 0.287424 0.714044 0.117105 0.199913 0.332452
5 0.431015 0.84598 0.103135 0.229294 0.3304
2 0.0961491 0.783227 0.14286 0.20452 0.328738
7 0.758174 0.176305 0.0363357 0.0524216 0.324651
2 0.176198 0.303031 0.0575003 0.0637518 0.324002
2 0.435712 0.646633 0.0825905 0.159736 0.319652
2 0.222734 0.897021 0.143767 0.205271 0.318314
2 0.254549 0.264996 0.0385626 0.0405787 0.308299
0 0.0892191 0.280256 0.0166671 0.0489063 0.305506
5 0.757246 0.175788 0.0369041 0.0525052 0.303055
2 0.28751 0.71506 0.117157 0.198711 0.302814
0 0.0884825 0.27859 0.0177396 0.0503013 0.30123
2 0.0964324 0.782632 0.143566 0.203197 0.300525
2 0.0974996 0.783795 0.143637 0.205836 0.297313
5 0.430484 0.845972 0.102766 0.229216 0.29694
2 0.954146 0.181301 0.03687 0.0338017 0.29608
2 0.253777 0.261692 0.0388001 0.0498609 0.293435
0 0.0892269 0.277481 0.0187145 0.0504387 0.290908
2 0.435851 0.645791 0.0833051 0.160694 0.289951
2 0.222877 0.224846 0.0395253 0.0461523 0.286304
2 0.436219 0.645609 0.0845124 0.160939 0.285865
7 0.238326 0.511269 0.0892669 0.135999 0.283653
2 0.22306 0.223501 0.0405265 0.0468513 0.283373
2 0.287149 0.71433 0.11724 0.200968 0.278834
2 0.222828 0.223098 0.0404568 0.0488461 0.278276
5 0.430566 0.846294 0.103472 0.229927 0.274833
2 0.174506 0.304953 0.0558477 0.0650922 0.273805
0 0.33209 0.209202 0.0186347 0.0442896 0.272889
2 0.227092 0.151543 0.0328306 0.0353214 0.272632
2 0.238536 0.511696 0.0891769 0.135512 0.271265
5 0.743818 0.0480904 0.0827644 0.0957399 0.269744
2 0.096659 0.783459 0.1433 0.203415 0.266059
5 0.430108 0.846223 0.103048 0.229681 0.26568
2 0.238443 0.511574 0.0884015 0.136183 0.263277
5 0.743765 0.0481947 0.082538 0.0957704 0.262882
2 0.430182 0.846859 0.103951 0.229408 0.262055
5 0.431228 0.845988 0.104165 0.229264 0.261044
2 0.585181 0.727073 0.0888762 0.166487 0.253914
5 0.757192 0.176347 0.036335 0.0531235 0.25345
2 0.175858 0.30284 0.0573468 0.0660545 0.25168
7 0.238885 0.511406 0.0899037 0.135586 0.251066
2 0.237887 0.51145 0.0890366 0.136001 0.250708
2 0.972319 0.181303 0.0535534 0.0366188 0.249957
7 0.238277 0.511483 0.0889856 0.135336 0.245817
7 0.238323 0.511309 0.090154 0.13516 0.243267
2 0.238448 0.511429 0.0894107 0.135453 0.242433
2 0.556903 0.138478 0.0269824 0.0304961 0.23926
5 0.431262 0.846144 0.103168 0.22845 0.23752
5 0.394929 0.110639 0.0393666 0.0604251 0.234041
5 0.430808 0.0820675 0.0437347 0.0518783 0.230161
5 0.585071 0.727845 0.0895917 0.1671 0.228138
2 0.593135 0.896903 0.116578 0.192767 0.227727
5 0.436506 0.645455 0.0853828 0.160823 0.22749
2 0.435865 0.645496 0.0831985 0.160665 0.226122
2 0.222264 0.222883 0.0383714 0.0467802 0.224601
2 0.435782 0.646369 0.0830444 0.160338 0.223818
2 0.238834 0.512184 0.0899322 0.134838 0.221678
2 0.254408 0.270533 0.0376273 0.0321812 0.220119
0 0.332074 0.209766 0.0162003 0.0449342 0.218447
2 0.555908 0.134673 0.0249763 0.036539 0.217002
5 0.744435 0.0485846 0.0821234 0.0968866 0.215802
5 0.744808 0.0476567 0.0843559 0.0953134 0.211731
5 0.74441 0.0483546 0.0817123 0.0958409 0.207379
2 0.592599 0.898443 0.116927 0.195856 0.207059
2 0.286968 0.714749 0.118051 0.19945 0.204102
5 0.585246 0.727675 0.0894775 0.167279 0.202891
5 0.585194 0.727027 0.0896135 0.16679 0.195086
2 0.254303 0.259711 0.0388484 0.0489738 0.194974
2 0.974343 0.179796 0.0501263 0.0376298 0.194876
5 0.395911 0.115839 0.0399579 0.0459625 0.192042
5 0.430595 0.845777 0.103967 0.229631 0.191977
2 0.592653 0.899062 0.117186 0.196862 0.191855
2 0.2228 0.222768 0.0399204 0.0484469 0.191433
5 0.396765 0.117977 0.0374182 0.0452017 0.182516
5 0.3939 0.0986515 0.0394551 0.0549726 0.18042
5 0.431295 0.846043 0.104085 0.229431 0.179074
5 0.223081 0.897876 0.144119 0.2039 0.176218
5 0.429457 0.0818574 0.044112 0.0517339 0.176177
5 0.757467 0.175958 0.0365921 0.0532851 0.169405
0 0.0880551 0.277959 0.0184666 0.0526485 0.167115
5 0.442452 0.132649 0.0267076 0.0452351 0.165488
5 0.5853 0.727198 0.0892175 0.166346 0.165201
2 0.222221 0.224825 0.0388127 0.047654 0.163469
2 0.222372 0.222368 0.0388805 0.0464673 0.161506
5 0.222567 0.89679 0.144858 0.205938 0.161171
5 0.757344 0.17693 0.0361446 0.053667 0.160299
5 0.396102 0.118207 0.0374284 0.0450367 0.154878
5 0.435967 0.645586 0.0844899 0.160579 0.15473
2 0.222362 0.22275 0.0390185 0.0469322 0.153169
5 0.395277 0.106909 0.0406144 0.0650398 0.151441
2 0.964132 0.179652 0.0563469 0.0367455 0.151094
2 0.668629 0.0996901 0.0159794 0.0268579 0.149521
2 0.968569 0.180657 0.0603069 0.0362544 0.148517
5 0.745553 0.0470516 0.0854885 0.0941033 0.148433
2 0.585089 0.727275 0.0897742 0.166636 0.147456
2 0.227354 0.151858 0.0324743 0.0343046 0.146693
0 0.131119 0.204309 0.0106241 0.0250295 0.144843
2 0.254399 0.263336 0.0398521 0.0513638 0.144019
2 0.282838 0.226393 0.0439635 0.0500533 0.143626
0 0.0887878 0.278468 0.0200185 0.0516451 0.143027
5 0.40012 0.0830874 0.0543265 0.0513429 0.141157
2 0.55584 0.13846 0.0265344 0.0294893 0.138453
5 0.395102 0.106054 0.0392789 0.0654027 0.136515
5 0.43103 0.082787 0.0439983 0.0535715 0.135688
2 0.592845 0.898229 0.11813 0.197729 0.135328
5 0.585026 0.727222 0.0894047 0.167153 0.133267
2 0.47473 0.100799 0.0182162 0.0291985 0.12921
5 0.743796 0.0514675 0.083293 0.101931 0.128503
5 0.393689 0.104693 0.0423414 0.0717564 0.126841
2 0.226953 0.153043 0.0331876 0.0343108 0.126302
2 0.557024 0.137151 0.0272984 0.0325818 0.12573
0 0.0876872 0.273619 0.0192455 0.0494796 0.125151
2 0.266556 0.174965 0.0227998 0.0262522 0.121497
2 0.280361 0.232397 0.0344168 0.0413438 0.12116
2 0.555802 0.136902 0.0266743 0.0319672 0.119352
5 0.434893 0.081064 0.0349936 0.0487677 0.118114
0 0.907865 0.164617 0.0118227 0.0167756 0.116984
5 0.394254 0.105172 0.0421957 0.0674323 0.115908
2 0.474788 0.0966417 0.0197771 0.034695 0.114912
0 0.332823 0.209246 0.0175136 0.0450578 0.114308
2 0.28031 0.227005 0.0467516 0.0508136 0.110994
2 0.592809 0.897968 0.117651 0.197441 0.109922
2 0.226941 0.151816 0.0355141 0.0342843 0.109505
5 0.227383 0.151541 0.0357708 0.0350458 0.108981
2 0.223953 0.224128 0.0401654 0.045966 0.108932
2 0.669321 0.10007 0.0151949 0.0265251 0.108278
2 0.282694 0.226353 0.0426208 0.0500259 0.108181
5 0.585245 0.727318 0.0899788 0.166418 0.107494
5 0.441966 0.130618 0.02822 0.0484567 0.10565
5 0.392836 0.100778 0.0436222 0.0642407 0.104849
2 0.22696 0.151971 0.0325626 0.0344592 0.103897
2 0.301075 0.173373 0.0333715 0.038903 0.102314
5 0.292332 0.123517 0.0414121 0.0488427 0.101475
2 0.592823 0.898772 0.119686 0.201713 0.101416
2 0.299134 0.176491 0.0288399 0.0312455 0.100005
2 0.265998 0.174148 0.0234751 0.0250652 0.0996838
2 0.975629 0.179784 0.0480995 0.0365787 0.0993185
2 0.591572 0.899393 0.118363 0.19799 0.0988711
2 0.733634 0.22237 0.0262503 0.0279842 0.0980638
2 0.227358 0.151417 0.0332407 0.0350212 0.0976006
2 0.304515 0.172906 0.0431044 0.038259 0.097598
0 0.332464 0.206865 0.0189803 0.0410052 0.0975978
5 0.395237 0.110846 0.040184 0.0573915 0.0967614
2 0.222837 0.225869 0.0384188 0.0434708 0.0960887
0 0.332205 0.214278 0.013766 0.0420148 0.0951113
5 0.442215 0.130594 0.0251982 0.0485997 0.0943886
5 0.671099 0.136336 0.0305835 0.0500278 0.0941224
2 0.0459867 0.93892 0.0918645 0.121612 0.093971
0 0.0883657 0.279737 0.0186903 0.051306 0.0927902
0 0.656442 0.118325 0.0129481 0.0196903 0.0925911
2 0.593402 0.898187 0.119763 0.202497 0.0898459
0 0.907759 0.162906 0.0125858 0.0177715 0.0898088
2 0.73372 0.221688 0.025946 0.0280139 0.0897765
5 0.442805 0.133279 0.0262163 0.0433194 0.0896181
2 0.951759 0.181853 0.0328318 0.0326046 0.0887076
5 0.17748 0.64432 0.0845872 0.152723 0.0886578
5 0.584986 0.727107 0.0902052 0.167457 0.0880579
5 0.75684 0.175996 0.0383434 0.0528971 0.0864599
5 0.43406 0.0822303 0.0376082 0.0510646 0.0853211
2 0.707425 0.271406 0.0386101 0.0298193 0.0848177
2 0.226449 0.152607 0.0338421 0.0349523 0.0837578
7 0.67028 0.135309 0.033646 0.0488307 0.0829494
2 0.283049 0.229185 0.0400742 0.0468484 0.0827732
5 0.396174 0.117847 0.0383029 0.0457818 0.0809554
5 0.396164 0.116938 0.0381756 0.0474581 0.0805107
2 0.452832 0.220694 0.0285141 0.0174067 0.0787394
5 0.671009 0.136295 0.0317699 0.0496201 0.0786284
5 0.582025 0.032214 0.0182846 0.0347428 0.0778673
2 0.301397 0.174745 0.0372147 0.0357508 0.0777801
2 0.213301 0.883603 0.0899959 0.0759956 0.0776756
7 0.300337 0.172275 0.0331525 0.0388311 0.0776235
2 0.733707 0.221762 0.0267557 0.0288887 0.0775994
2 0.227523 0.151762 0.0368518 0.0364282 0.0766012
2 0.706876 0.270608 0.0389479 0.0310701 0.0761854
7 0.303307 0.172317 0.0376991 0.0401971 0.0733109
2 0.592054 0.899012 0.119009 0.198891 0.0711791
2 0.995355 0.246636 0.00852547 0.0343507 0.0711155
5 0.437757 0.0825112 0.0301966 0.0469225 0.0698077
2 0.58209 0.0370655 0.0178499 0.0256859 0.0688239
2 0.70727 0.271263 0.0378136 0.0293243 0.0678142
2 0.706907 0.271033 0.0385176 0.03052 0.0675771
5 0.752307 0.0426016 0.0678182 0.084182 0.066086
0 0.13095 0.201624 0.0129785 0.0304842 0.0651695
5 0.441164 0.130212 0.0263736 0.0507409 0.0639501
5 0.397022 0.119005 0.0363635 0.0431449 0.0638704
2 0.707106 0.270887 0.0375961 0.0305647 0.0626023
2 0.305016 0.172713 0.0436711 0.0395105 0.0616282
5 0.433284 0.0806606 0.0390878 0.0493017 0.0609746
2 0.707183 0.270997 0.0377072 0.0301021 0.0597342
2 0.265322 0.173495 0.0237738 0.027497 0.0591421
2 0.265874 0.174682 0.0241374 0.0273047 0.0590433
5 0.290666 0.122116 0.0437868 0.0461916 0.05877
2 0.2286 0.151847 0.0362193 0.0358408 0.0584517
2 0.4885 0.0910436 0.0176723 0.0264203 0.0560506
5 0.39527 0.0958072 0.0417278 0.0483267 0.0556849
2 0.995401 0.247343 0.00852966 0.0319942 0.0548378
5 0.442525 0.130888 0.0271729 0.0476419 0.0534313
5 0.744904 0.0459137 0.0797525 0.0902736 0.0527992
5 0.745685 0.0467932 0.0832286 0.0935864 0.0521563
2 0.95338 0.179941 0.0343155 0.0346107 0.0521187
7 0.238853 0.513005 0.0901288 0.13298 0.0521017
7 0.301065 0.170974 0.0377478 0.0408848 0.0519764
7 0.670967 0.135358 0.0318129 0.0485899 0.0515458
5 0.432993 0.0823232 0.0402964 0.0515394 0.0509439
0 0.721136 0.0448177 0.0164808 0.0335249 0.0502199
7 0.30129 0.170213 0.0359355 0.0407477 0.0498776
5 0.757941 0.175173 0.0367804 0.0519593 0.0488975
2 0.221505 0.897574 0.144731 0.2039 0.0486731
2 0.212709 0.884953 0.0894042 0.0725918 0.0483468
5 0.290259 0.120588 0.0452347 0.0447799 0.0473677
5 0.293583 0.12929 0.043563 0.0647158 0.046444
5 0.295506 0.12675 0.0392473 0.0586256 0.0455043
2 0.16999 0.318241 0.0454197 0.0384469 0.0451704
