2 0.785596 0.498594 0.172601 0.102819 0.842933
2 0.331922 0.311734 0.0836812 0.06008 0.827588
2 0.785473 0.498486 0.173234 0.102501 0.817542
2 0.785578 0.498144 0.172845 0.102589 0.808101
2 0.331805 0.311533 0.083849 0.0604572 0.802493
2 0.785844 0.498137 0.173127 0.102807 0.801372
2 0.499318 0.352878 0.121636 0.0532652 0.798454
2 0.785567 0.498537 0.173411 0.10168 0.794355
2 0.49893 0.352613 0.121136 0.0532708 0.785853
2 0.785022 0.498398 0.173307 0.10141 0.778566
2 0.498702 0.35279 0.121629 0.0532149 0.769939
2 0.498922 0.353236 0.121927 0.0542707 0.759317
2 0.332054 0.311315 0.0835075 0.0605128 0.749411
2 0.498905 0.352403 0.121747 0.0533339 0.748803
2 0.331976 0.311306 0.0837305 0.0606039 0.741271
2 0.498943 0.352843 0.121511 0.0528255 0.732507
2 0.498819 0.353046 0.121593 0.0534962 0.72567
2 0.784667 0.498718 0.172536 0.102092 0.717903
2 0.331676 0.311429 0.0830337 0.0603529 0.686445
2 0.499083 0.352657 0.122203 0.0530695 0.682176
2 0.784516 0.498343 0.171761 0.10251 0.676163
2 0.784388 0.498514 0.171153 0.102144 0.669558
2 0.331725 0.311674 0.0833604 0.0612095 0.655232
5 0.0549137 0.311806 0.109314 0.127953 0.610174
5 0.0553089 0.31191 0.110269 0.129178 0.558148
0 0.185537 0.307662 0.0173586 0.0561765 0.547803
2 0.332064 0.311448 0.0842486 0.0608339 0.544957
0 0.185518 0.307161 0.0167945 0.05574 0.544186
2 0.331935 0.311072 0.0839721 0.0607162 0.539539
5 0.0555908 0.311665 0.110927 0.127961 0.527697
5 0.0550485 0.311835 0.10973 0.129337 0.52611
2 0.331871 0.311377 0.0838425 0.0613936 0.516612
0 0.185357 0.30702 0.0170817 0.0561601 0.495782
2 0.498775 0.352926 0.122158 0.0504791 0.429585
0 0.185703 0.308044 0.0172232 0.0548894 0.4145
0 0.18623 0.307701 0.0180965 0.0551671 0.387981
5 0.0548767 0.312292 0.109655 0.129179 0.382179
0 0.18608 0.307351 0.0179245 0.0551156 0.380975
2 0.847567 0.25394 0.0545721 0.0273449 0.372035
2 0.847403 0.253784 0.0554552 0.0269252 0.366668
2 0.847808 0.253935 0.0549994 0.0272896 0.361547
5 0.0546312 0.311377 0.109133 0.128667 0.358727
5 0.0726039 0.311535 0.144793 0.128972 0.356611
0 0.185171 0.307641 0.0169795 0.0560801 0.35606
5 0.0551499 0.312275 0.109696 0.128568 0.355601
2 0.785218 0.234763 0.0412224 0.0299128 0.324325
5 0.0719432 0.311974 0.143009 0.126122 0.317715
0 0.185346 0.308267 0.0181684 0.0558785 0.316379
0 0.186041 0.306979 0.0184133 0.0553317 0.312304
0 0.892863 0.268027 0.0228655 0.0634514 0.302243
5 0.0547928 0.311675 0.109482 0.128704 0.30112
5 0.0539882 0.311032 0.107779 0.129467 0.282136
2 0.497973 0.352615 0.120827 0.0495337 0.275932
0 0.93262 0.265737 0.0236452 0.0684272 0.268609
2 0.784432 0.234505 0.0438025 0.0303657 0.267935
0 0.932357 0.265501 0.0228329 0.0691543 0.265353
0 0.892558 0.267783 0.0228827 0.0620753 0.262987
0 0.796553 0.303215 0.0179965 0.0355538 0.244856
2 0.783887 0.499013 0.172377 0.101178 0.239654
0 0.186444 0.308262 0.0195339 0.0554749 0.236194
0 0.931871 0.264999 0.0229698 0.0724016 0.236114
2 0.846898 0.253684 0.0538305 0.0287261 0.235185
5 0.0713651 0.31195 0.141838 0.127506 0.234408
2 0.498494 0.353407 0.121311 0.051547 0.232039
2 0.847291 0.253524 0.0563351 0.0292078 0.224305
2 0.847539 0.253197 0.0547241 0.0296133 0.222356
0 0.891058 0.267347 0.0267338 0.0613973 0.220522
2 0.784098 0.234763 0.045026 0.0296848 0.207587
0 0.888555 0.266891 0.0307533 0.0620391 0.20609
0 0.892949 0.269032 0.0211594 0.0636803 0.202774
2 0.784712 0.234501 0.0454664 0.03314 0.202514
0 0.888167 0.266774 0.0294956 0.0600683 0.201375
0 0.796082 0.30358 0.019083 0.0361317 0.199021
2 0.84731 0.253186 0.0549 0.0298021 0.195017
2 0.784123 0.234068 0.0447723 0.030898 0.177646
0 0.931555 0.26256 0.0239063 0.0733921 0.170208
0 0.889813 0.268204 0.0285667 0.0654578 0.161607
2 0.847496 0.253374 0.0557777 0.0300065 0.158598
12 0.0822422 0.614784 0.0254744 0.0768219 0.15204
5 0.0551371 0.311791 0.110015 0.129443 0.149498
0 0.890526 0.267653 0.0270245 0.0659246 0.14798
0 0.639334 0.268931 0.0148844 0.0479957 0.147798
2 0.78456 0.233484 0.0448009 0.0333395 0.139111
0 0.888443 0.265595 0.028791 0.0593571 0.137595
0 0.237472 0.308318 0.0163662 0.0248704 0.136552
0 0.639484 0.269725 0.0160095 0.0504188 0.131135
9 0.108338 0.192033 0.011904 0.0277878 0.130058
0 0.639646 0.269778 0.0146035 0.0492303 0.129426
0 0.931707 0.266048 0.0262966 0.070008 0.127811
2 0.494798 0.351991 0.113143 0.0485865 0.119532
9 0.107932 0.190631 0.0120897 0.0269093 0.119369
7 0.271895 0.767043 0.543688 0.194603 0.109256
0 0.184319 0.305491 0.0180995 0.0574668 0.108734
0 0.640255 0.270245 0.0165844 0.0506878 0.108351
0 0.932569 0.266216 0.0259846 0.0710814 0.102867
0 0.776155 0.303865 0.0158833 0.0382573 0.10174
9 0.348943 0.159862 0.0272035 0.0477381 0.0998049
9 0.352424 0.159436 0.0280575 0.0465404 0.0991652
2 0.78405 0.233091 0.0452066 0.0335259 0.0980946
0 0.638492 0.269196 0.0175945 0.0500318 0.0959562
0 0.888047 0.268703 0.0305216 0.0648868 0.094305
7 0.271796 0.742039 0.543214 0.244824 0.0915195
2 0.772032 0.235355 0.0235086 0.0265461 0.0889051
0 0.771602 0.303285 0.0186905 0.0411417 0.0886588
7 0.271814 0.773199 0.543628 0.186223 0.0884444
0 0.775628 0.304227 0.0184587 0.0379364 0.0881709
0 0.76533 0.303582 0.0170204 0.0429261 0.0878681
9 0.349069 0.159876 0.0276121 0.0473638 0.0866112
2 0.27106 0.770052 0.540667 0.174842 0.0859447
0 0.921448 0.260663 0.0217451 0.055431 0.082135
0 0.638186 0.269854 0.0178846 0.0508714 0.0818148
0 0.773602 0.303624 0.0200202 0.0420558 0.0805699
0 0.117356 0.257953 0.0127006 0.0404181 0.0769708
9 0.348888 0.159406 0.025526 0.0471627 0.0763876
9 0.34898 0.159802 0.0269116 0.046167 0.0755289
2 0.271187 0.772362 0.540253 0.175705 0.074357
2 0.272396 0.768616 0.544112 0.161613 0.0734133
0 0.892752 0.265406 0.0245338 0.057604 0.073388
0 0.0834151 0.638316 0.0308787 0.127186 0.0722393
12 0.0818126 0.614271 0.0249423 0.0747466 0.0703752
0 0.795949 0.303952 0.0207159 0.0366547 0.0700203
0 0.639334 0.269968 0.0171904 0.050083 0.069216
7 0.271313 0.743727 0.541344 0.225165 0.0691084
0 0.932221 0.269016 0.0204712 0.0625616 0.0615779
0 0.757962 0.303484 0.01564 0.0474259 0.0612277
7 0.271864 0.74075 0.542257 0.256494 0.0611194
2 0.84792 0.253411 0.0537064 0.028175 0.0595288
7 0.272088 0.773566 0.542448 0.189499 0.0587727
9 0.348174 0.155869 0.0234682 0.0403199 0.0582387
0 0.930487 0.263908 0.0292095 0.0733013 0.0579379
0 0.759365 0.304335 0.0161977 0.0463399 0.0572841
2 0.782719 0.498478 0.166715 0.102852 0.0558103
0 0.774913 0.304563 0.0205715 0.0386564 0.0553179
2 0.787127 0.235974 0.0434726 0.0323748 0.0520801
0 0.919749 0.260213 0.0201904 0.0561527 0.0495986
0 0.739819 0.254633 0.0180786 0.071715 0.0491391
5 0.0729606 0.310621 0.144374 0.129375 0.048907
9 0.0806445 0.207082 0.0104486 0.0289215 0.048123
0 0.637781 0.270661 0.0180502 0.0519629 0.0471494
0 0.917299 0.260559 0.0175221 0.0491105 0.0465182
0 0.0839887 0.637218 0.0315884 0.126796 0.0462401
0 0.758048 0.304619 0.0162407 0.0474988 0.0456282
7 0.271668 0.76179 0.543336 0.209769 0.0456003
0 0.0847917 0.637093 0.0329785 0.12797 0.0447974
9 0.232768 0.156289 0.0116039 0.0269688 0.0435122
2 0.120603 0.324953 0.0424523 0.0530383 0.0424405
2 0.770375 0.237132 0.0186827 0.0228148 0.0406986
0 0.117538 0.258433 0.0132731 0.0398262 0.0406849
9 0.116775 0.256811 0.013325 0.0401578 0.0406825
0 0.882277 0.228775 0.0135286 0.0301087 0.0404047
12 0.0811419 0.612973 0.0235183 0.0764967 0.0401358
2 0.846175 0.251046 0.0549101 0.0354863 0.0392839
0 0.882023 0.227527 0.0142508 0.0343723 0.0384903
0 0.918449 0.261146 0.0182732 0.0497634 0.0380921
2 0.120894 0.325787 0.0410567 0.0519053 0.0375629
2 0.123709 0.319688 0.0369658 0.0565581 0.0371777
5 0.0673706 0.312433 0.134031 0.126878 0.0369654
0 0.942023 0.261546 0.0236902 0.0772379 0.0365824
2 0.500921 0.352328 0.116084 0.0498692 0.0348388
0 0.763523 0.304349 0.0177788 0.0452726 0.0348029
0 0.0821426 0.619942 0.0270408 0.0854647 0.0346235
0 0.90788 0.437199 0.0148565 0.0352974 0.0340745
2 0.120688 0.324938 0.0419864 0.0537293 0.0340494
9 0.0806982 0.208157 0.0101482 0.0285969 0.0338789
9 0.289912 0.663993 0.0169339 0.0764904 0.0337707
9 0.353031 0.166921 0.026376 0.0617822 0.0337386
0 0.93683 0.266285 0.0230118 0.0706021 0.0331274
0 0.933681 0.264685 0.0274345 0.0732797 0.0324456
9 0.289478 0.665909 0.0168906 0.0805677 0.0316214
0 0.742403 0.268942 0.0127148 0.0412593 0.0311403
0 0.926929 0.266504 0.0286892 0.0657323 0.0301728
2 0.787318 0.233522 0.0441776 0.0349934 0.0297971
0 0.892024 0.221792 0.0145985 0.0461895 0.0296107
2 0.121008 0.32278 0.0405731 0.0544363 0.0294349
0 0.908085 0.436794 0.0144938 0.035784 0.0290603
0 0.975494 0.2627 0.0199764 0.0672945 0.0289302
0 0.992986 0.271662 0.0133083 0.0681857 0.0287235
0 0.797616 0.302977 0.0211866 0.0352972 0.0287118
0 0.976573 0.265251 0.0206459 0.0701955 0.028489
0 0.934302 0.264518 0.0272114 0.0715356 0.0284822
7 0.273702 0.766842 0.538726 0.199886 0.0279284
2 0.120556 0.32616 0.040815 0.0521489 0.0276541
0 0.763753 0.303097 0.0190811 0.0457625 0.0266163
0 0.884675 0.2493 0.0214981 0.0660873 0.0263977
0 0.237502 0.307989 0.0172248 0.0249819 0.0262926
0 0.76417 0.301869 0.022356 0.0449715 0.0259842
0 0.265473 0.286722 0.0128832 0.0301584 0.0254702
2 0.845224 0.251688 0.059466 0.0257862 0.0246616
2 0.331372 0.314036 0.0821667 0.0556181 0.0246238
2 0.349213 0.289499 0.0457157 0.0230145 0.0243143
0 0.896708 0.267537 0.0237343 0.0623344 0.0240281
0 0.893307 0.213606 0.0130106 0.036685 0.0236245
2 0.348872 0.298337 0.0487171 0.0413233 0.0234108
0 0.977814 0.266636 0.0202881 0.0714051 0.0228441
0 0.0853357 0.644723 0.0345354 0.111639 0.0226087
0 0.794728 0.304141 0.0251171 0.0385149 0.0223765
0 0.797397 0.303172 0.022262 0.0352957 0.0223476
0 0.746236 0.271848 0.0134472 0.0411355 0.0222802
0 0.992504 0.277433 0.0142784 0.059699 0.0213918
0 0.0839585 0.637573 0.0307518 0.127887 0.0209126
2 0.34704 0.296564 0.0503375 0.0362259 0.0207667
9 0.357461 0.180141 0.018469 0.0421628 0.0207337
0 0.971924 0.243045 0.0151585 0.0307654 0.0206811
0 0.915836 0.259673 0.0143192 0.0501618 0.0206015
0 0.263397 0.287413 0.0120247 0.0292003 0.0204727
2 0.43663 0.495457 0.0293653 0.0166086 0.0199134
2 0.499908 0.352661 0.123427 0.050877 0.0196826
0 0.993816 0.26692 0.011768 0.0679387 0.0196449
2 0.120997 0.327661 0.0391602 0.0489401 0.0196264
0 0.892105 0.224241 0.0174725 0.0401108 0.0191237
9 0.350045 0.163952 0.0311944 0.0580884 0.0191102
2 0.263152 0.767956 0.524693 0.151821 0.0190446
12 0.0811256 0.61339 0.0276918 0.075728 0.0189208
0 0.888054 0.224053 0.0220261 0.0447338 0.0188823
0 0.930555 0.234017 0.0148552 0.0213529 0.0186828
9 0.288801 0.666559 0.0185566 0.0826353 0.0186477
0 0.74059 0.252708 0.0200671 0.0732103 0.0186447
2 0.842333 0.248612 0.0579018 0.0256127 0.0186219
2 0.863184 0.521421 0.0236031 0.0370998 0.0182484
0 0.0847199 0.642889 0.0331334 0.114068 0.0180009
7 0.0740311 0.305073 0.137446 0.105114 0.0178808
0 0.180084 0.257254 0.0126871 0.0233368 0.017483
0 0.994879 0.298033 0.0094799 0.072357 0.0174505
9 0.350364 0.164085 0.0273404 0.0590316 0.0173066
2 0.503298 0.353585 0.111256 0.0513744 0.0169056
2 0.84871 0.249804 0.0594732 0.0378344 0.0164694
0 0.937558 0.276464 0.0215279 0.0537545 0.0164499
9 0.35613 0.169754 0.0220015 0.0621647 0.0162986
0 0.265608 0.287385 0.0146747 0.032298 0.0162508
0 0.23702 0.308701 0.017218 0.025796 0.0162179
0 0.97482 0.252544 0.0202023 0.0546533 0.0162007
2 0.0722617 0.309597 0.140776 0.109571 0.0159855
0 0.739021 0.250277 0.020435 0.06793 0.0159513
0 0.970278 0.239555 0.017477 0.0312434 0.0158199
0 0.739614 0.250896 0.0192048 0.0667975 0.0153798
0 0.993258 0.285867 0.0128429 0.0535479 0.0152864
9 0.289244 0.664357 0.0187735 0.0777315 0.0151318
9 0.932347 0.130459 0.0238361 0.0275107 0.0150124
0 0.639183 0.265627 0.0161005 0.0495421 0.0149512
0 0.00641089 0.298514 0.0126821 0.0389084 0.014764
9 0.288337 0.67143 0.0193225 0.090081 0.0146469
0 0.994045 0.294575 0.0111696 0.0783665 0.0143513
2 0.343985 0.291092 0.0491345 0.0285393 0.0142023
0 0.0833057 0.641832 0.0302085 0.121263 0.0141634
2 0.118022 0.309024 0.0506508 0.0883146 0.0140367
0 0.108084 0.193402 0.0155256 0.0320795 0.0140314
0 0.973623 0.260602 0.0182884 0.0652971 0.0139332
9 0.289069 0.667955 0.0171774 0.0835674 0.0138817
10 0.237706 0.307592 0.01697 0.0245089 0.0138522
0 0.185955 0.305351 0.0210174 0.0576671 0.0136991
0 0.085666 0.643619 0.0306854 0.114426 0.0134908
0 0.989837 0.270363 0.0197315 0.068877 0.0133572
0 0.109961 0.257823 0.018504 0.0392716 0.0132833
2 0.856356 0.251974 0.0538157 0.0312836 0.0132804
0 0.980673 0.269485 0.0234138 0.0684739 0.0130618
0 0.73826 0.252993 0.0195534 0.0705199 0.0127705
9 0.449241 0.605494 0.0170898 0.0525286 0.0125633
12 0.0827719 0.613893 0.0281085 0.0788847 0.0125222
0 0.00612363 0.300595 0.0120701 0.0395106 0.0123377
2 0.11978 0.315036 0.0474289 0.073358 0.0122852
2 0.43633 0.495519 0.0300447 0.0177219 0.0122664
2 0.505136 0.351907 0.107722 0.0493722 0.012214
0 0.90819 0.435288 0.0146854 0.0391199 0.0122138
2 0.346231 0.298642 0.0532811 0.0379043 0.0121633
9 0.290473 0.660572 0.0173661 0.0691715 0.0120146
5 0.13289 0.176845 0.0299299 0.0352096 0.011882
0 0.908569 0.436677 0.0135792 0.0332838 0.0117252
12 0.0814007 0.61418 0.0279565 0.0757384 0.0116478
1 0.986321 0.27669 0.0247444 0.0572735 0.0116466
0 0.993842 0.260287 0.0117115 0.0590277 0.0116406
0 0.185425 0.309656 0.0186948 0.0600523 0.0116305
2 0.119408 0.312832 0.0459481 0.0620953 0.0115599
0 0.98749 0.267374 0.0243404 0.0726613 0.0114319
0 0.954754 0.233377 0.0154709 0.0320607 0.0113806
7 0.405977 0.767002 0.264795 0.16338 0.0113063
2 0.355211 0.289695 0.0372418 0.0301515 0.0113046
0 0.963437 0.253815 0.027758 0.0757154 0.0110245
2 0.498603 0.353379 0.121321 0.0516464 0.0107954
1 0.748389 0.300663 0.0188159 0.044103 0.0103301
9 0.28938 0.660598 0.019558 0.070723 0.0102804
9 0.357296 0.191016 0.017221 0.0206905 0.0102565
0 0.88857 0.23753 0.0251526 0.0489245 0.0101261
0 0.957289 0.249404 0.0219387 0.0629545 0.0100883
0 0.112147 0.257651 0.0231889 0.0404593 0.00993415
0 0.83242 0.228658 0.0188026 0.0251775 0.00973049
5 0.0732216 0.306869 0.144488 0.11944 0.00966335
0 0.833017 0.225798 0.0169914 0.0228145 0.00960002
2 0.782935 0.231581 0.0467283 0.0344991 0.00955853
7 0.0751734 0.301791 0.136535 0.104467 0.00938569
12 0.0806535 0.613045 0.0271762 0.0757879 0.00928279
9 0.148729 0.230656 0.013804 0.030687 0.00921652
7 0.274137 0.714502 0.546309 0.26181 0.00918725
12 0.0830018 0.616186 0.0280116 0.074698 0.0090897
0 0.637525 0.266089 0.0169516 0.0529256 0.00908289
0 0.640731 0.271422 0.0201174 0.0507911 0.00899332
2 0.493414 0.351401 0.110434 0.0482747 0.0089741
0 0.963071 0.260454 0.0291901 0.0718332 0.00892884
2 0.759377 0.474825 0.102971 0.0537934 0.00884273
2 0.763023 0.575517 0.196269 0.105186 0.00869128
6 0.465351 0.655633 0.92433 0.45736 0.00863897
