5 0.381298 0.549016 0.333784 0.348681 0.921355
5 0.54304 0.396693 0.284627 0.219119 0.918656
5 0.381749 0.549305 0.334123 0.350518 0.918535
5 0.543323 0.396133 0.284401 0.21987 0.913615
5 0.382009 0.54877 0.33318 0.349858 0.911449
5 0.381121 0.549398 0.336028 0.349848 0.910593
5 0.541695 0.395807 0.284716 0.219131 0.910065
5 0.381612 0.548009 0.333899 0.349823 0.904274
5 0.381277 0.549865 0.332832 0.349534 0.900406
5 0.541779 0.396217 0.284505 0.219474 0.898411
5 0.542486 0.396131 0.285097 0.219615 0.896588
5 0.381055 0.549152 0.333613 0.348769 0.889824
5 0.542443 0.396047 0.28464 0.220322 0.884657
5 0.542743 0.396455 0.284568 0.220282 0.880851
5 0.542657 0.395862 0.284945 0.219807 0.880824
5 0.381276 0.54948 0.332439 0.350205 0.878129
5 0.131851 0.395803 0.156518 0.177769 0.869599
5 0.54245 0.39632 0.283653 0.219567 0.867143
5 0.132317 0.394802 0.155909 0.179724 0.85791
5 0.381253 0.549425 0.333022 0.349031 0.855163
5 0.380643 0.548983 0.331506 0.348449 0.840765
5 0.133011 0.39569 0.156118 0.177639 0.839549
5 0.132854 0.396436 0.157252 0.177902 0.828166
5 0.132349 0.395866 0.156552 0.177552 0.818128
5 0.133121 0.395324 0.156927 0.177891 0.805553
5 0.132224 0.395799 0.156758 0.178504 0.802271
5 0.132538 0.395286 0.157498 0.177858 0.793035
2 0.723343 0.419034 0.100792 0.111247 0.76625
2 0.171124 0.555665 0.100819 0.123548 0.753605
2 0.171156 0.555616 0.101145 0.123764 0.739212
2 0.723333 0.418902 0.0996935 0.112468 0.734973
2 0.171215 0.555712 0.101121 0.124227 0.728385
2 0.722941 0.419185 0.100924 0.111551 0.724517
2 0.723169 0.418988 0.100412 0.112134 0.718118
2 0.0288303 0.425386 0.0574331 0.0730625 0.711166
2 0.17104 0.555832 0.101609 0.124953 0.70897
5 0.131788 0.395076 0.155786 0.177285 0.69715
2 0.170876 0.555573 0.10096 0.12372 0.694078
2 0.17118 0.555973 0.101279 0.122842 0.689634
2 0.722812 0.418275 0.100895 0.112896 0.686269
2 0.171015 0.555803 0.101061 0.122811 0.685731
5 0.542842 0.396804 0.284264 0.220816 0.684573
2 0.723158 0.418458 0.100617 0.112902 0.682526
2 0.723261 0.418369 0.101138 0.112333 0.676893
2 0.17115 0.555472 0.100731 0.123782 0.671196
2 0.722765 0.418236 0.101482 0.112692 0.66261
2 0.170944 0.555779 0.101078 0.124573 0.662225
2 0.723255 0.419171 0.0987148 0.112667 0.659595
2 0.0286721 0.425882 0.0571334 0.0733108 0.639513
2 0.0287247 0.425542 0.0572882 0.072452 0.631931
2 0.0287912 0.425548 0.0575824 0.0705832 0.627169
2 0.0287791 0.425918 0.0575583 0.0730726 0.620785
2 0.170161 0.555689 0.100035 0.124297 0.616978
2 0.02867 0.425456 0.0571646 0.072821 0.612909
2 0.0291236 0.426148 0.0582473 0.0720299 0.580711
2 0.0289016 0.42598 0.0577046 0.0722062 0.569047
2 0.722911 0.418351 0.101185 0.113045 0.562727
2 0.0291597 0.42557 0.0582435 0.0712524 0.551776
2 0.173825 0.274746 0.0455825 0.0426082 0.465171
2 0.365031 0.172634 0.032948 0.0204469 0.427382
2 0.174403 0.274786 0.0462023 0.0411995 0.411004
2 0.1741 0.275316 0.0457583 0.0427287 0.361002
2 0.174549 0.275527 0.0460776 0.0412906 0.339252
2 0.446567 0.186963 0.025498 0.0279416 0.318226
2 0.364937 0.172306 0.0322404 0.0205231 0.313431
2 0.0117667 0.3255 0.0234358 0.0367225 0.31331
2 0.364922 0.172761 0.0336481 0.0206746 0.282739
2 0.364478 0.17268 0.0327703 0.0205695 0.277122
2 0.0114994 0.324794 0.0227935 0.0388092 0.272962
2 0.0289957 0.426491 0.0578267 0.073559 0.267868
2 0.174608 0.275542 0.0455363 0.0418559 0.266711
2 0.0123172 0.319185 0.0246343 0.0491303 0.25263
2 0.0122364 0.324 0.0243082 0.0407621 0.240795
2 0.443351 0.187719 0.0181476 0.026552 0.238816
2 0.444964 0.186035 0.0235277 0.0260464 0.231585
2 0.174953 0.275262 0.0455342 0.0423845 0.229141
2 0.174963 0.274218 0.0458783 0.0427978 0.224443
2 0.548855 0.201879 0.0479098 0.0352293 0.212514
2 0.174605 0.277307 0.04538 0.0405619 0.211728
2 0.549155 0.202359 0.0484777 0.0345757 0.204077
2 0.174677 0.276668 0.0453923 0.0388359 0.194034
2 0.0123955 0.322674 0.0246697 0.0404967 0.192927
2 0.366788 0.173187 0.033853 0.0202981 0.191615
2 0.174819 0.274119 0.0468965 0.0431415 0.190634
2 0.174355 0.278833 0.045259 0.037022 0.188033
2 0.173499 0.274881 0.0441095 0.0428586 0.173223
2 0.548187 0.201782 0.0490648 0.0354437 0.168715
2 0.549271 0.201864 0.0498922 0.0348007 0.156169
2 0.173612 0.275655 0.0439612 0.0429665 0.148284
2 0.549189 0.202444 0.0495495 0.0339411 0.138422
2 0.507139 0.185993 0.0337356 0.0324039 0.135646
2 0.547711 0.202234 0.0477083 0.0346966 0.126138
2 0.454405 0.184927 0.0282791 0.028412 0.125368
2 0.175406 0.273834 0.0472432 0.0425089 0.120349
2 0.50804 0.185607 0.0353828 0.0333414 0.111846
2 0.0125129 0.319169 0.0250258 0.0476336 0.109737
2 0.366275 0.173089 0.0354788 0.02047 0.10746
2 0.174127 0.27329 0.045661 0.0428426 0.106048
0 0.589735 0.185786 0.0122054 0.039476 0.103922
2 0.220013 0.269488 0.0278531 0.0285533 0.0992971
2 0.548576 0.20164 0.0484043 0.0342133 0.0991124
2 0.507315 0.186441 0.0324446 0.0323074 0.0905827
0 0.927044 0.201584 0.0176155 0.0347253 0.0893589
9 0.0217497 0.222288 0.0169919 0.0441781 0.0888299
2 0.0111114 0.327221 0.0220067 0.0382514 0.0857551
2 0.451429 0.185086 0.035059 0.0301115 0.0846769
0 0.292166 0.19091 0.013861 0.029034 0.0821145
2 0.548673 0.202604 0.047559 0.0356102 0.0806403
2 0.0125511 0.31472 0.0249648 0.055967 0.0765348
0 0.293961 0.193031 0.0135928 0.025351 0.0755446
0 0.928474 0.197153 0.0161701 0.0336468 0.0750771
2 0.500698 0.185738 0.0233509 0.0271174 0.0727249
2 0.36644 0.171659 0.0359365 0.0214779 0.0718767
2 0.012321 0.326341 0.0242813 0.0399754 0.0674986
0 0.742614 0.199514 0.0170268 0.0423156 0.0670633
0 0.468784 0.208439 0.028448 0.0333824 0.0647275
0 0.589746 0.18423 0.0131616 0.04303 0.0596326
0 0.291236 0.192715 0.0137238 0.024052 0.0568354
2 0.174587 0.273062 0.0465984 0.0429784 0.0552931
0 0.915907 0.200903 0.0137455 0.0265478 0.0547626
1 0.732419 0.209562 0.0170221 0.0337971 0.0546038
9 0.0205268 0.209106 0.0159845 0.0270726 0.053756
2 0.508581 0.186398 0.0308002 0.0339447 0.0527992
2 0.458974 0.18392 0.0236403 0.0270276 0.0516492
0 0.920641 0.201639 0.0178532 0.0255959 0.0513342
2 0.982975 0.22702 0.0336887 0.0431632 0.0503032
2 0.501466 0.186905 0.0244946 0.0294003 0.0500092
2 0.983768 0.227299 0.0316074 0.0457843 0.0497689
11 0.728915 0.159503 0.029138 0.0356005 0.0492735
0 0.589278 0.18866 0.0127759 0.0339599 0.0465964
11 0.728944 0.160446 0.0300152 0.0377541 0.046474
2 0.983911 0.225963 0.0314949 0.0460805 0.0463562
2 0.548821 0.202711 0.0484205 0.0354528 0.0456726
0 0.728371 0.176443 0.0281731 0.070829 0.0450963
0 0.928385 0.208921 0.0179764 0.0453573 0.0438286
0 0.329926 0.191029 0.0103182 0.0188432 0.0415678
0 0.915471 0.202839 0.0136108 0.0288025 0.0412971
2 0.172604 0.277785 0.0419673 0.0399026 0.0412737
0 0.733114 0.201215 0.0183617 0.0464684 0.0411985
9 0.115977 0.140987 0.0132079 0.021602 0.0393134
0 0.586059 0.185696 0.0145043 0.0380567 0.0384642
0 0.0223837 0.815644 0.0384453 0.107324 0.0382142
0 0.581429 0.182575 0.0120178 0.0364823 0.0377947
0 0.592307 0.180365 0.0144812 0.0494694 0.0375269
9 0.701704 0.104734 0.0202934 0.0324185 0.0366679
2 0.0128384 0.314754 0.0256118 0.0555244 0.0365077
0 0.578297 0.176647 0.0145041 0.0286491 0.0361222
2 0.175538 0.279908 0.0428549 0.0343709 0.0353812
2 0.985168 0.231949 0.0288486 0.0440018 0.0348025
0 0.531834 0.186592 0.0201333 0.0281748 0.0347141
9 0.0441476 0.156039 0.0160458 0.0242443 0.0346919
2 0.983523 0.226898 0.0326382 0.0454181 0.034417
2 0.511567 0.186902 0.0381399 0.0340462 0.0334093
9 0.701684 0.104956 0.0201328 0.0319709 0.0332932
1 0.73233 0.203787 0.0185037 0.0446699 0.0327868
0 0.921746 0.21071 0.0216957 0.0462426 0.0325702
0 0.0238855 0.81643 0.0383673 0.107307 0.0324748
0 0.635651 0.420222 0.020607 0.0401337 0.0323941
0 0.911142 0.203183 0.0131971 0.0261061 0.0319645
2 0.0116327 0.306479 0.0229231 0.0418976 0.0318869
0 0.131633 0.405764 0.0144191 0.0225593 0.0314704
9 0.0226535 0.227747 0.0173507 0.0489816 0.0305463
0 0.911083 0.201817 0.013187 0.0265234 0.0302528
2 0.723303 0.418888 0.0994138 0.10557 0.0300843
3 0.47103 0.207749 0.0296972 0.0336694 0.029744
2 0.0221154 0.784199 0.0436715 0.17694 0.0293727
0 0.589804 0.181763 0.0147512 0.0475643 0.0293635
2 0.546843 0.197534 0.0518412 0.0366777 0.0287526
2 0.459905 0.185677 0.0217523 0.0261395 0.0277597
2 0.022207 0.777381 0.0442484 0.19048 0.0276376
0 0.156504 0.413025 0.022262 0.0409203 0.0275171
5 0.542783 0.39581 0.284903 0.220861 0.0272047
3 0.470118 0.208329 0.0286205 0.0319778 0.0270319
9 0.154179 0.135106 0.0163342 0.0322754 0.0269584
2 0.533485 0.189182 0.0228466 0.0254934 0.0265794
11 0.728864 0.159539 0.0291188 0.034715 0.025875
9 0.702185 0.103936 0.0208114 0.0317888 0.0252573
0 0.742171 0.191378 0.0160635 0.0315247 0.0249796
9 0.702027 0.103916 0.021113 0.0321336 0.0247397
5 0.0146069 0.295242 0.0292138 0.0943046 0.0246432
0 0.459694 0.357884 0.0241842 0.0253673 0.02449
2 0.454836 0.182886 0.025849 0.0308782 0.0241591
2 0.0225947 0.812308 0.0429854 0.120109 0.0241067
3 0.470635 0.207573 0.0296234 0.0322753 0.0239474
2 0.360555 0.173282 0.0434484 0.0208085 0.0239106
0 0.0239221 0.807865 0.0458094 0.129801 0.0231854
0 0.635434 0.42586 0.0225501 0.0516026 0.0230351
3 0.470678 0.208462 0.0295719 0.0323129 0.0229406
1 0.723784 0.210321 0.0175849 0.0344339 0.0222113
0 0.729656 0.181114 0.028487 0.0813332 0.0221139
9 0.866262 0.114646 0.0156319 0.0322355 0.0220705
9 0.835181 0.115255 0.0233353 0.0291251 0.021906
0 0.636111 0.422862 0.0231321 0.0439042 0.0218829
9 0.701387 0.105192 0.0215622 0.0333402 0.021365
0 0.0438798 0.157929 0.0181953 0.0300626 0.0207955
9 0.859313 0.115537 0.0194878 0.0265629 0.0205058
0 0.634949 0.417385 0.0196106 0.0371043 0.0201031
9 0.926794 0.116163 0.0195589 0.0368547 0.0188916
1 0.735219 0.207241 0.0245871 0.0396805 0.018882
5 0.1303 0.375478 0.150637 0.136052 0.0188557
0 0.916585 0.199576 0.018988 0.0325134 0.0186593
2 0.983 0.233321 0.0333542 0.0416295 0.0184466
2 0.830783 0.439194 0.0249382 0.0187809 0.0183991
0 0.269366 0.48201 0.015624 0.0310806 0.0183286
0 0.731551 0.189657 0.0270199 0.0704678 0.0182046
0 0.510374 0.184251 0.0273222 0.035478 0.0178684
2 0.0393108 0.235611 0.0212116 0.0295475 0.0177239
2 0.468402 0.207323 0.0274124 0.0343197 0.0177209
9 0.111252 0.141451 0.0141062 0.0212065 0.0170616
9 0.926417 0.108154 0.0170734 0.0324766 0.0170512
9 0.101933 0.17646 0.0167355 0.0221156 0.0170451
0 0.458115 0.364851 0.0288082 0.0371281 0.0170362
9 0.865776 0.111205 0.0164722 0.0338072 0.0170144
0 0.0230464 0.814197 0.0419691 0.116545 0.0168974
9 0.836333 0.116097 0.0216759 0.0228915 0.0168105
2 0.980663 0.22717 0.0380966 0.0481843 0.0167488
9 0.494848 0.11482 0.0169319 0.0199753 0.0166656
0 0.739319 0.201962 0.0211283 0.0430817 0.0165149
2 0.393203 0.167271 0.0120611 0.0155908 0.0163599
2 0.537975 0.192035 0.0374548 0.0314448 0.0162313
9 0.153458 0.136412 0.0194947 0.0359292 0.0161601
9 0.8587 0.124818 0.0299564 0.0478768 0.016131
0 0.734069 0.206898 0.0204664 0.0391369 0.0158168
0 0.332129 0.18637 0.0161464 0.0255078 0.015754
2 0.970972 0.229274 0.0580566 0.0439558 0.0157188
9 0.977961 0.109518 0.0396366 0.0320493 0.0155883
0 0.270045 0.491331 0.017563 0.0427135 0.0153236
9 0.836303 0.11827 0.0189949 0.0204072 0.0151816
0 0.718757 0.200573 0.0136758 0.034195 0.0151636
0 0.0231368 0.816218 0.0399593 0.107177 0.0150991
11 0.728857 0.158881 0.029921 0.0344475 0.0147142
2 0.560863 0.202082 0.0270349 0.0305453 0.0145401
0 0.462138 0.356792 0.0201269 0.0244431 0.0145358
2 0.472226 0.205512 0.0325132 0.0365315 0.0145306
1 0.721199 0.207469 0.0144217 0.0329007 0.0145169
0 0.531157 0.180652 0.0157003 0.0332251 0.0143485
9 0.496189 0.115946 0.0213971 0.0223862 0.0142621
0 0.0698644 0.175848 0.0107301 0.0227053 0.0141561
2 0.45057 0.184195 0.0320833 0.0342336 0.0140407
0 0.921485 0.214485 0.0231878 0.0562871 0.0140119
0 0.157665 0.41609 0.0205633 0.0400619 0.013907
2 0.173047 0.273016 0.0440503 0.0433791 0.0137091
0 0.0238969 0.825959 0.034546 0.0911961 0.0136692
0 0.681177 0.206305 0.0117493 0.025015 0.0134621
0 0.29099 0.171463 0.0151207 0.0273825 0.0133982
0 0.0235853 0.814011 0.04336 0.115854 0.0131929
9 0.701871 0.106443 0.0222486 0.0344963 0.0131358
2 0.0248134 0.779024 0.0487102 0.187597 0.0129481
0 0.310501 0.513036 0.0172258 0.0304302 0.0128553
5 0.979206 0.110525 0.0408281 0.0376681 0.0127933
9 0.860593 0.123753 0.0274868 0.0498161 0.0126484
0 0.637802 0.4186 0.0259987 0.044794 0.0125466
0 0.309312 0.510416 0.0170524 0.0318556 0.0124432
0 0.57276 0.181667 0.0190248 0.028313 0.0122063
2 0.0167017 0.79119 0.0279758 0.0504509 0.0121417
0 0.695475 0.197252 0.0160296 0.0207875 0.0120375
2 0.0363853 0.234857 0.026311 0.0387905 0.0119136
0 0.467819 0.20756 0.0285256 0.0309562 0.0118003
9 0.895786 0.120662 0.0151451 0.0221694 0.011787
0 0.406356 0.165862 0.009758 0.0176167 0.0117155
0 0.593666 0.178109 0.014525 0.0533164 0.011692
2 0.44428 0.187286 0.0281487 0.0283349 0.0115482
2 0.978042 0.228606 0.0433889 0.0487419 0.0115326
2 0.0215525 0.815225 0.0377961 0.106236 0.0111814
0 0.729722 0.161571 0.0286087 0.0372856 0.0111451
0 0.927498 0.216618 0.02698 0.0552935 0.0110552
5 0.0128193 0.31398 0.0256385 0.0580565 0.0110027
2 0.720202 0.435816 0.0910275 0.0782967 0.0109678
9 0.83323 0.113174 0.0233826 0.0317542 0.0108697
0 0.0440645 0.155756 0.0187274 0.0264546 0.0108179
0 0.315264 0.510529 0.0150344 0.0279169 0.0107953
0 0.681766 0.209018 0.0123016 0.0285962 0.0107908
2 0.547791 0.202445 0.0463984 0.035763 0.0107372
9 0.0647007 0.257589 0.0141682 0.0216495 0.0106339
0 0.314655 0.513139 0.0151992 0.0254924 0.0105989
2 0.0876722 0.239489 0.0209207 0.0246087 0.0105149
2 0.509683 0.184167 0.0332956 0.0347694 0.0102801
0 0.294894 0.194547 0.0136703 0.0253853 0.0102756
9 0.947313 0.112011 0.0136669 0.0394153 0.0102156
2 0.564595 0.199376 0.0232756 0.0311434 0.0102151
0 0.268996 0.475285 0.0160962 0.0238305 0.0102047
2 0.204199 0.178448 0.0221733 0.0175924 0.0101436
0 0.636913 0.428251 0.0261282 0.0557789 0.0101359
2 0.329403 0.17718 0.0226868 0.0257577 0.010024
9 0.857967 0.135987 0.0259819 0.0267661 0.00992982
2 0.217974 0.271779 0.0298033 0.0293237 0.0099105
0 0.793907 0.191281 0.0148591 0.021798 0.00989214
9 0.116241 0.139981 0.0112587 0.0219318 0.00988191
9 0.218466 0.271981 0.027743 0.0278022 0.00974155
9 0.932807 0.128927 0.0173632 0.0338475 0.00965051
0 0.930493 0.202831 0.02036 0.0317832 0.00963836
0 0.0221629 0.818559 0.0376097 0.104942 0.009377
0 0.57288 0.176066 0.0171844 0.0279997 0.00929327
2 0.0162757 0.783697 0.0290644 0.047628 0.00927388
0 0.272069 0.49996 0.0154953 0.0336851 0.00922289
0 0.93213 0.195967 0.0201462 0.0348668 0.00916775
9 0.857796 0.116936 0.0321987 0.0406593 0.00912389
0 0.445809 0.359031 0.0131857 0.0247613 0.0088655
0 0.461071 0.366437 0.0228984 0.0412698 0.00886182
0 0.0890331 0.241507 0.0162413 0.0225729 0.00883651
