2 0.37235 0.384899 0.106858 0.108648 0.788363
2 0.473331 0.256122 0.0639288 0.0629078 0.754873
2 0.473598 0.255535 0.0645907 0.0629024 0.75328
2 0.47331 0.255622 0.063468 0.0628435 0.745107
2 0.372501 0.38473 0.106852 0.109157 0.740669
2 0.372194 0.384646 0.106937 0.108122 0.739118
2 0.372778 0.384717 0.106865 0.108509 0.73309
2 0.473521 0.255708 0.0650131 0.0623356 0.732203
2 0.37255 0.384872 0.106909 0.109173 0.729935
2 0.372691 0.384913 0.10682 0.108431 0.722202
2 0.372046 0.384946 0.106964 0.108795 0.712632
2 0.473756 0.256077 0.0649074 0.0635386 0.708183
2 0.372623 0.385083 0.107031 0.108636 0.698487
2 0.47342 0.255882 0.0646713 0.0627768 0.694306
2 0.0486158 0.563184 0.0967888 0.120014 0.671726
2 0.4736 0.255925 0.0646891 0.0628883 0.66771
2 0.372484 0.384676 0.107117 0.108795 0.667132
2 0.0486489 0.563431 0.0970568 0.11986 0.666066
2 0.0491047 0.563261 0.0973562 0.118934 0.662378
2 0.473737 0.255907 0.0648018 0.0639558 0.660863
2 0.372319 0.384705 0.106641 0.108702 0.659671
2 0.0485548 0.562583 0.0970449 0.120706 0.651179
2 0.0485868 0.563573 0.0967135 0.119695 0.647045
2 0.0487159 0.563599 0.0973056 0.120292 0.625092
2 0.60614 0.202283 0.0487457 0.0621782 0.612095
2 0.0488619 0.563347 0.0974436 0.120133 0.607957
2 0.0486399 0.563339 0.0966923 0.120159 0.604537
2 0.856237 0.391955 0.0694502 0.0972845 0.598049
2 0.790528 0.312149 0.0606725 0.0747169 0.59631
2 0.0488092 0.563236 0.0974002 0.119359 0.59512
2 0.313672 0.325885 0.0803872 0.0718995 0.584893
2 0.313422 0.326119 0.081253 0.0712371 0.575718
2 0.473577 0.255561 0.0646147 0.0625433 0.568613
2 0.314258 0.325802 0.0792209 0.0721207 0.558942
2 0.3149 0.32514 0.0787072 0.0719925 0.551563
2 0.313356 0.326367 0.0820198 0.0728683 0.551487
2 0.0490283 0.563593 0.0977367 0.119917 0.547119
2 0.856318 0.391092 0.0697336 0.0978355 0.546341
2 0.606316 0.203179 0.0481085 0.060625 0.543253
2 0.664813 0.138629 0.0374176 0.0366923 0.52805
2 0.8564 0.391663 0.0693401 0.0973736 0.524222
2 0.313741 0.325634 0.0800223 0.0714214 0.523261
2 0.606483 0.203261 0.048296 0.0608729 0.521338
2 0.856222 0.391377 0.069318 0.0977503 0.520915
2 0.314164 0.3255 0.0814822 0.0703891 0.518278
2 0.640633 0.131988 0.0296856 0.0338547 0.487062
2 0.856358 0.391286 0.0689922 0.0985632 0.48376
2 0.665123 0.138835 0.0368805 0.036632 0.481178
2 0.605806 0.20302 0.0475228 0.0608704 0.480768
2 0.79053 0.311802 0.0591546 0.0735078 0.479502
2 0.473571 0.255306 0.063085 0.0626642 0.47919
2 0.640024 0.132623 0.0287873 0.0315866 0.473064
2 0.664871 0.139716 0.0358042 0.0362378 0.471126
2 0.606633 0.20241 0.0479929 0.0622006 0.470733
2 0.706871 0.12661 0.0489315 0.0344886 0.469227
2 0.664128 0.138347 0.0378233 0.0377537 0.465039
2 0.8564 0.389957 0.0700832 0.100165 0.464669
2 0.605985 0.202848 0.047368 0.0608317 0.462159
2 0.856056 0.392341 0.0694626 0.097472 0.437933
2 0.790144 0.311472 0.0595024 0.073971 0.414194
2 0.790488 0.311563 0.0594671 0.0744763 0.408741
2 0.314637 0.325125 0.0785236 0.0706595 0.399401
2 0.706549 0.12526 0.0495268 0.0355106 0.398595
2 0.856008 0.391118 0.0700745 0.0947256 0.375705
2 0.606067 0.204011 0.0474821 0.0588883 0.371855
2 0.855667 0.391754 0.0696804 0.0948344 0.370349
2 0.664714 0.138096 0.0360739 0.036249 0.36848
2 0.790522 0.31165 0.06064 0.0740608 0.367843
2 0.639663 0.132455 0.0273594 0.0319998 0.364663
2 0.605687 0.20402 0.0481031 0.0609832 0.349813
2 0.79096 0.311755 0.0600304 0.0735974 0.346426
2 0.315719 0.32543 0.0781042 0.0695747 0.343155
2 0.790998 0.311879 0.0613041 0.0754726 0.341356
2 0.66434 0.139612 0.0368179 0.0371202 0.335005
2 0.640392 0.133322 0.0281253 0.0335858 0.33484
2 0.640145 0.132719 0.0280535 0.0322094 0.334784
2 0.664501 0.137883 0.0374056 0.0385432 0.326745
2 0.821185 0.0610205 0.02925 0.0221922 0.321474
2 0.790753 0.311632 0.0605656 0.0744711 0.313949
2 0.313628 0.3259 0.0821001 0.0696057 0.311193
2 0.790844 0.311742 0.0602884 0.0751622 0.31037
2 0.652515 0.208884 0.0424992 0.0465343 0.299711
2 0.820781 0.0612399 0.029512 0.0220952 0.298572
2 0.706291 0.165029 0.0340742 0.0395251 0.266958
2 0.714809 0.129124 0.0318083 0.0293592 0.262412
2 0.697472 0.125385 0.0316239 0.0317467 0.24822
2 0.706312 0.126985 0.0481918 0.0332341 0.245711
2 0.65243 0.209065 0.0421461 0.0461301 0.239949
2 0.320799 0.324771 0.0652826 0.0695289 0.239685
2 0.706224 0.164795 0.0339653 0.0398418 0.235937
2 0.694028 0.126402 0.0247515 0.0297543 0.23168
2 0.708148 0.164193 0.0382648 0.0420464 0.230313
2 0.664439 0.137943 0.0378574 0.0372832 0.229322
2 0.824079 0.0614826 0.0358557 0.0212521 0.2284
2 0.79042 0.311602 0.0602648 0.0748641 0.223975
2 0.652558 0.208805 0.0417083 0.0467131 0.223573
2 0.606392 0.20327 0.047506 0.0600524 0.219305
2 0.652723 0.208835 0.0424113 0.0463139 0.21463
2 0.856516 0.391941 0.0694363 0.0981143 0.213959
2 0.640326 0.131894 0.02922 0.0339584 0.211155
2 0.652694 0.208953 0.0415453 0.0458774 0.210245
2 0.65223 0.208795 0.0429934 0.0467997 0.187849
0 0.0521638 0.0580864 0.0626061 0.0853514 0.185349
2 0.823869 0.0612099 0.0353775 0.0228602 0.183555
0 0.0537277 0.0579954 0.0595171 0.0846765 0.175163
0 0.0549671 0.0597696 0.0667243 0.0851015 0.175086
2 0.709093 0.164749 0.0409861 0.0404228 0.168569
2 0.65346 0.210315 0.04346 0.0499788 0.164339
2 0.314318 0.325978 0.0807019 0.0698497 0.160135
2 0.652502 0.207833 0.0432718 0.0459849 0.159414
2 0.639158 0.133167 0.0270531 0.0325158 0.157871
2 0.654566 0.135358 0.056978 0.0410407 0.157773
2 0.705663 0.165268 0.0330059 0.0396156 0.157438
0 0.0104144 0.0880832 0.0207411 0.035112 0.152575
2 0.709473 0.164018 0.0404144 0.0416835 0.150052
2 0.856011 0.390981 0.0700096 0.0975618 0.140608
0 0.0332125 0.0795983 0.0246385 0.0450774 0.138962
2 0.706425 0.164954 0.0342463 0.0389027 0.136234
0 0.0553226 0.0568355 0.0630111 0.084487 0.133067
2 0.90399 0.0798471 0.02132 0.0252713 0.132128
2 0.855982 0.392426 0.0695408 0.102071 0.130895
2 0.606185 0.203982 0.0480852 0.0590411 0.129499
0 0.034051 0.0780587 0.0251198 0.0460961 0.127737
2 0.880932 0.071606 0.0157518 0.020613 0.123378
0 0.010909 0.0884377 0.0217058 0.0413273 0.121937
7 0.790618 0.311924 0.0594933 0.0735937 0.120296
2 0.652947 0.208183 0.043424 0.0462857 0.115621
0 0.010001 0.088906 0.0199807 0.0330322 0.114273
5 0.734793 0.0837025 0.0286705 0.0465091 0.10418
5 0.734822 0.0841447 0.0280237 0.0447038 0.100203
0 0.0561841 0.0567205 0.0549793 0.0869179 0.0988829
2 0.706054 0.165336 0.0349759 0.0395989 0.0963696
2 0.820472 0.0611757 0.0309324 0.0239337 0.0887764
0 0.0501414 0.0633511 0.0587438 0.0749989 0.084515
0 0.0598449 0.0577829 0.0431778 0.0847527 0.0830205
7 0.734797 0.0851947 0.0293278 0.0449058 0.0820218
2 0.0835028 0.0901731 0.0693298 0.0249558 0.0745526
2 0.605936 0.203457 0.0472956 0.0590452 0.0724446
2 0.0857472 0.088184 0.0555743 0.0196594 0.0705658
2 0.0858151 0.0878095 0.059369 0.019737 0.0703741
2 0.70663 0.12436 0.0490802 0.0366518 0.0691035
0 0.032953 0.0810361 0.0209684 0.0426784 0.067927
2 0.652413 0.208718 0.0428865 0.0458682 0.0671009
0 0.0110017 0.0891242 0.0216487 0.0350934 0.0661833
2 0.903514 0.0791137 0.0226469 0.0269475 0.0656574
2 0.167517 0.0685204 0.0387229 0.0146366 0.064134
2 0.0815067 0.0895408 0.0735974 0.0240838 0.0614807
0 0.0104906 0.081707 0.0209058 0.0486713 0.0576456
2 0.664803 0.137329 0.0372378 0.0397836 0.0559854
2 0.821083 0.0605001 0.0288775 0.0209556 0.0549617
2 0.735693 0.0830796 0.030722 0.0477495 0.0544756
2 0.163065 0.0687734 0.0473487 0.017796 0.0538584
2 0.88046 0.0732589 0.0151304 0.0195834 0.0537403
2 0.652591 0.211166 0.0412441 0.0500623 0.0516227
2 0.709749 0.126865 0.0421292 0.0312386 0.0516074
2 0.703139 0.165976 0.0283868 0.0387919 0.0480703
0 0.0669451 0.059255 0.0999994 0.0890323 0.0473268
7 0.735447 0.0831346 0.029851 0.0473357 0.0464199
0 0.0111467 0.0892887 0.0221887 0.0432469 0.0459404
0 0.0444675 0.07388 0.0456226 0.0546484 0.0456728
5 0.73432 0.0842692 0.0279417 0.0453117 0.0442921
2 0.902996 0.0793397 0.0227278 0.0273803 0.0427709
0 0.0104352 0.0930753 0.020818 0.0453477 0.040724
2 0.473181 0.255868 0.0653407 0.0638707 0.0389584
0 0.077526 0.0602021 0.0757781 0.078707 0.0382217
79 0.897255 0.952946 0.0232 0.0933739 0.0356159
2 0.818695 0.0618827 0.0284302 0.0233359 0.0348499
0 0.0302626 0.0948982 0.0604184 0.0608536 0.0343566
2 0.662413 0.136429 0.0439489 0.0423751 0.0332166
2 0.65254 0.210903 0.0428427 0.0490184 0.0327569
2 0.733678 0.0938893 0.0266048 0.02618 0.0311357
2 0.735544 0.082627 0.0321255 0.0504245 0.0308571
79 0.896326 0.952989 0.0234091 0.0938917 0.0295417
0 0.0580428 0.0590112 0.108223 0.0882683 0.0294032
0 0.0108403 0.0987864 0.0216197 0.0590555 0.0268871
2 0.855414 0.390073 0.0708664 0.0930707 0.0262411
2 0.167387 0.0680641 0.0422113 0.0142762 0.0260043
2 0.0856782 0.0911405 0.0684779 0.0258693 0.0259816
0 0.133036 0.0659072 0.0187778 0.025951 0.0256823
2 0.138089 0.0669861 0.0260941 0.0221236 0.025604
0 0.132731 0.0655422 0.0188128 0.0264394 0.0246941
2 0.716521 0.12983 0.032504 0.0297711 0.0241594
0 0.0347293 0.0766851 0.0259584 0.0480375 0.0239274
25 0.0352131 0.0313394 0.0702775 0.0226314 0.0236231
0 0.0648033 0.0583233 0.101501 0.0889596 0.0233523
2 0.314317 0.325984 0.0793149 0.068477 0.0231032
0 0.893543 0.0540439 0.0145386 0.0169152 0.0227248
2 0.0738139 0.0909056 0.0866176 0.0281594 0.0226357
2 0.832639 0.0424916 0.0163387 0.0182884 0.022066
2 0.652529 0.203944 0.0425098 0.0391054 0.0218856
5 0.943149 0.0711888 0.0202774 0.0375746 0.0218627
0 0.0432062 0.0788995 0.0436392 0.0463017 0.0211752
2 0.702998 0.122339 0.0558979 0.0364016 0.020973
9 0.940964 0.0703058 0.0186054 0.0356685 0.0204704
2 0.155673 0.0665395 0.066648 0.0218681 0.0196243
2 0.0570263 0.0612571 0.11384 0.0914803 0.0195777
7 0.706418 0.120289 0.0519556 0.0447757 0.0193482
2 0.0894123 0.08736 0.0598751 0.0229007 0.0190862
0 0.133883 0.0647997 0.0218483 0.0250797 0.0189621
7 0.0480148 0.0607606 0.0959548 0.0881776 0.0185901
0 0.063975 0.0554805 0.0392293 0.0841443 0.018525
0 0.0697858 0.0589072 0.0953329 0.0877577 0.018145
2 0.826066 0.0612505 0.0335506 0.0247995 0.0179107
79 0.897806 0.953468 0.0237547 0.091357 0.0176086
5 0.943103 0.0715173 0.0191154 0.0379519 0.0174825
2 0.0671116 0.0985917 0.103835 0.0424264 0.0168314
2 0.819501 0.0411482 0.0217022 0.0204421 0.016647
7 0.0587418 0.0666033 0.117484 0.104046 0.0166159
0 0.0413855 0.0796089 0.0410887 0.0458506 0.0165168
79 0.896185 0.953176 0.0238319 0.0936489 0.0164904
79 0.897678 0.95244 0.0243002 0.0931648 0.0163244
2 0.680852 0.127031 0.0569452 0.0361238 0.0162318
9 0.941295 0.0702394 0.0185638 0.0359201 0.0161848
2 0.158832 0.0788431 0.0823104 0.0354069 0.016153
25 0.0377892 0.0369359 0.0755783 0.0350035 0.0160536
2 0.0597247 0.0668662 0.118894 0.104844 0.0157182
0 0.0602959 0.0655866 0.117063 0.1016 0.0154607
2 0.793923 0.0877008 0.0232927 0.0389119 0.0150519
7 0.705032 0.120156 0.0520552 0.0432698 0.0150409
2 0.154505 0.0796791 0.0802838 0.0380041 0.0149599
5 0.0591856 0.0634819 0.117971 0.100753 0.0148291
2 0.851569 0.0400882 0.0152447 0.0166388 0.0147904
2 0.847873 0.0427455 0.0146103 0.0182056 0.0142606
2 0.711956 0.131344 0.0376591 0.0300019 0.0139989
13 0.0598805 0.100772 0.119304 0.0507319 0.0139343
2 0.325524 0.323005 0.0551359 0.0648956 0.0139102
7 0.0411764 0.0609056 0.0819063 0.0899144 0.0138769
5 0.0382495 0.0617176 0.0763555 0.0881812 0.0137572
5 0.0597555 0.0631701 0.118727 0.101693 0.0132108
2 0.709533 0.164682 0.0423904 0.04312 0.0130295
25 0.0364912 0.0386341 0.0727013 0.0380187 0.0129683
7 0.0389827 0.0591395 0.0779654 0.0832671 0.012948
2 0.701871 0.131503 0.0378885 0.0252072 0.0126219
0 0.012489 0.0799833 0.0249779 0.0480016 0.012601
79 0.898171 0.952829 0.0243374 0.0937126 0.012151
2 0.934048 0.0152751 0.0245478 0.0208496 0.0121301
2 0.0737056 0.0960604 0.0918161 0.0364653 0.0121063
2 0.790655 0.311673 0.0606073 0.0746671 0.0119453
5 0.0595266 0.065787 0.118598 0.104791 0.0119336
13 0.0597178 0.10031 0.119351 0.0495439 0.0112929
0 0.0640199 0.080548 0.102042 0.0580347 0.010684
2 0.903539 0.0810034 0.0219238 0.0277283 0.0104826
2 0.313319 0.327234 0.0783149 0.0672357 0.010327
2 0.937528 0.0133386 0.0235111 0.0195763 0.0102794
2 0.154238 0.0781474 0.0751011 0.0412668 0.0102626
2 0.855313 0.390085 0.0701862 0.0930561 0.0101462
25 0.0370316 0.0401296 0.0740632 0.0412326 0.0100854
2 0.327185 0.308036 0.0501714 0.0367664 0.0100018
5 0.682787 0.119772 0.0624731 0.0488891 0.0093141
79 0.897376 0.953078 0.0242725 0.0938448 0.00920794
2 0.641679 0.129338 0.0323931 0.0419806 0.00891198
25 0.0358767 0.0415951 0.0715871 0.0438549 0.00883967
2 0.73147 0.0954292 0.030496 0.0250884 0.00871055
13 0.0580649 0.0985457 0.11613 0.0517041 0.00869471
2 0.903867 0.0774156 0.0253059 0.0302526 0.00838248
7 0.605466 0.208841 0.0452065 0.0499066 0.00824303
79 0.895589 0.953172 0.029314 0.0932194 0.00818202
2 0.792843 0.0894274 0.0213652 0.0342624 0.0080403
2 0.0590202 0.0999074 0.11804 0.0450987 0.00789099
0 0.856236 0.0193141 0.0106192 0.0112474 0.00787609
79 0.898559 0.953446 0.0242977 0.0908901 0.00784752
0 0.0744185 0.060113 0.101393 0.0788997 0.00781087
2 0.606068 0.203222 0.0476627 0.0617405 0.00770747
25 0.0370765 0.0504703 0.074153 0.062905 0.00752638
0 0.0665041 0.0523643 0.035025 0.0823173 0.00748883
2 0.60633 0.203312 0.0489167 0.062188 0.00744274
0 0.112835 0.0600409 0.0267606 0.0489422 0.0074055
2 0.706774 0.133385 0.0470323 0.0406133 0.00736282
0 0.111783 0.0600117 0.0239392 0.0478165 0.00725002
5 0.67952 0.123642 0.0625636 0.0632362 0.00686294
0 0.0589552 0.097229 0.11774 0.0575132 0.00678977
0 0.067682 0.0558382 0.0417073 0.0854103 0.00672636
2 0.315616 0.325989 0.0757458 0.0680318 0.00643137
0 0.112574 0.0586721 0.0258054 0.047886 0.0064202
7 0.941599 0.0703937 0.0194389 0.0367658 0.00633183
2 0.711858 0.159658 0.0459776 0.0468572 0.00620125
0 0.0607604 0.045871 0.0246338 0.0613172 0.00608398
79 0.897397 0.954115 0.0253485 0.0904095 0.00600644
2 0.0640882 0.0753149 0.108841 0.0706814 0.00596545
13 0.060267 0.0999713 0.118968 0.0488654 0.00594771
6 0.879984 0.0449874 0.0766832 0.07434 0.00594083
7 0.790606 0.312005 0.0613653 0.075255 0.00592504
0 0.138754 0.0647146 0.0271944 0.0249908 0.0058959
6 0.878881 0.042127 0.0795378 0.0822714 0.00587867
0 0.0688727 0.0513571 0.0379994 0.079465 0.00586563
2 0.933465 0.0121262 0.032056 0.0242524 0.00578926
2 0.893346 0.0105503 0.0241589 0.0185633 0.00578746
2 0.536462 0.184623 0.0238144 0.0167217 0.00577802
2 0.327866 0.305743 0.0459095 0.0329805 0.00574235
2 0.328187 0.307692 0.0494064 0.0346007 0.00568639
2 0.794541 0.0824137 0.0216523 0.0322501 0.0055636
2 0.921293 0.0195718 0.0121063 0.0109357 0.00554681
2 0.538713 0.183485 0.0294516 0.018014 0.00552913
0 0.793168 0.0895768 0.021998 0.0394911 0.00552623
0 0.111102 0.0616179 0.0276677 0.049457 0.00548744
2 0.957491 0.0139679 0.0137739 0.0191999 0.00542838
0 0.112747 0.0582306 0.0242705 0.0481711 0.00538243
2 0.848515 0.0366544 0.0163534 0.0227325 0.00520175
2 0.900107 0.0735447 0.0234505 0.0236435 0.00518728
2 0.321032 0.325196 0.0659081 0.0686691 0.00510346
