2 0.777315 0.0625281 0.0696857 0.0581609 0.690193
2 0.777352 0.0616395 0.0698601 0.0586553 0.68306
2 0.777372 0.0621937 0.0687626 0.0586869 0.671434
2 0.580103 0.223188 0.0662138 0.104431 0.6354
2 0.777494 0.0617154 0.0686243 0.059695 0.633664
2 0.580016 0.223252 0.0665077 0.104334 0.61965
2 0.580166 0.22328 0.0660841 0.103972 0.608271
2 0.579857 0.223188 0.0660658 0.104741 0.594166
2 0.580148 0.223108 0.0665726 0.103821 0.584966
2 0.579919 0.223343 0.0669849 0.104675 0.580564
2 0.596208 0.0622033 0.0407616 0.0516363 0.562048
2 0.777311 0.0624863 0.0704833 0.0596326 0.547684
2 0.489099 0.371107 0.0804806 0.15677 0.544246
67 0.523631 0.635943 0.120404 0.26992 0.542953
2 0.777315 0.0626669 0.0696991 0.0593249 0.540502
67 0.522847 0.639435 0.122393 0.266791 0.528141
2 0.777056 0.0623703 0.070001 0.05876 0.527989
2 0.777391 0.062153 0.0698563 0.0585414 0.526023
67 0.52362 0.635431 0.120517 0.27157 0.512504
2 0.595873 0.0622472 0.0411417 0.0518272 0.499182
2 0.777107 0.0622877 0.0705362 0.0579636 0.49319
67 0.523112 0.639384 0.12122 0.267117 0.479732
2 0.489385 0.371457 0.0801921 0.158216 0.469846
2 0.489277 0.372125 0.0797313 0.158371 0.464267
2 0.785579 0.215491 0.0898929 0.107752 0.455334
2 0.579659 0.224154 0.0678294 0.1052 0.45095
2 0.785352 0.215574 0.0892549 0.108659 0.425566
2 0.579994 0.224018 0.0672977 0.105004 0.424404
2 0.643829 0.154956 0.0625248 0.0910377 0.417569
2 0.532527 0.0773759 0.0436057 0.0587467 0.414962
2 0.595785 0.0631549 0.0403273 0.0530706 0.411059
5 0.489676 0.372157 0.0803467 0.158103 0.40101
2 0.78518 0.215305 0.0884002 0.108353 0.398818
2 0.595847 0.0625126 0.040881 0.0519293 0.398663
2 0.785194 0.215208 0.0893806 0.108091 0.398126
6 0.171674 0.29403 0.239646 0.401456 0.397242
2 0.532371 0.0768084 0.0443153 0.058953 0.395772
5 0.171092 0.297393 0.235085 0.391699 0.385294
2 0.643874 0.153932 0.0622206 0.0925819 0.383235
2 0.596177 0.0630656 0.0409151 0.0522475 0.382544
2 0.643698 0.154313 0.0618259 0.0927583 0.382174
6 0.172765 0.297585 0.239705 0.394009 0.380931
2 0.784949 0.21518 0.0888514 0.108803 0.379589
5 0.171794 0.298954 0.236583 0.389844 0.378609
2 0.784985 0.215327 0.0885239 0.108642 0.378174
2 0.643773 0.154125 0.0621525 0.0929356 0.375588
5 0.171275 0.2983 0.235075 0.391209 0.365239
5 0.489526 0.372154 0.0802105 0.158559 0.361572
5 0.489843 0.373078 0.0805641 0.158239 0.35992
2 0.489492 0.371769 0.079983 0.159842 0.359129
67 0.522736 0.63797 0.121085 0.26602 0.353096
2 0.596138 0.0629662 0.0406967 0.0511293 0.349748
2 0.785067 0.215281 0.0880365 0.108244 0.347793
2 0.595539 0.062742 0.0400559 0.0521792 0.347471
2 0.489433 0.372409 0.0806149 0.157803 0.345562
2 0.64361 0.154124 0.0617149 0.0927679 0.341958
2 0.532588 0.0766902 0.0437418 0.0585997 0.341753
2 0.595928 0.0623876 0.0408547 0.0509443 0.340558
2 0.595883 0.0631874 0.0399931 0.0521007 0.330658
5 0.171402 0.300297 0.23739 0.386964 0.326884
2 0.53249 0.077206 0.0437559 0.0600843 0.326665
67 0.522704 0.638535 0.121767 0.265473 0.325936
2 0.643497 0.154362 0.0615866 0.0920181 0.314726
2 0.596127 0.0627694 0.0414919 0.0521866 0.312533
6 0.174888 0.283505 0.24445 0.419875 0.310156
2 0.532369 0.0752725 0.0441252 0.0599502 0.308287
6 0.174297 0.2554 0.244951 0.477935 0.302612
2 0.784912 0.215325 0.0880728 0.10858 0.302294
2 0.532575 0.0775297 0.045923 0.0591677 0.301793
5 0.489749 0.372448 0.0805349 0.158626 0.284852
2 0.489581 0.37158 0.0802955 0.159378 0.278681
2 0.644165 0.154127 0.0622366 0.0926451 0.272805
0 0.831094 0.163707 0.0228409 0.104451 0.266962
2 0.7851 0.215301 0.0885319 0.10815 0.266915
2 0.643821 0.154622 0.0620745 0.0928535 0.2514
7 0.784476 0.215481 0.088145 0.109696 0.247986
2 0.959103 0.283629 0.0808785 0.126272 0.243013
2 0.776885 0.0622875 0.0690327 0.0585807 0.230401
5 0.172354 0.29616 0.239609 0.394606 0.225682
0 0.831242 0.164579 0.02346 0.1044 0.222813
2 0.958963 0.283719 0.0810848 0.125285 0.221767
67 0.703083 0.729159 0.178348 0.391509 0.221673
2 0.533119 0.0779691 0.0441441 0.059218 0.218564
2 0.532546 0.0754364 0.0434399 0.0566533 0.207967
0 0.831585 0.162142 0.0228758 0.101357 0.207528
67 0.702855 0.696128 0.177171 0.326818 0.193584
0 0.837103 0.0619574 0.013835 0.0432879 0.192732
2 0.531841 0.0753633 0.0458337 0.0606756 0.185882
6 0.238084 0.0786439 0.151437 0.155551 0.185051
2 0.642887 0.153984 0.061134 0.0929358 0.181082
5 0.171193 0.295219 0.235102 0.396007 0.177834
0 0.83151 0.165011 0.0236454 0.105934 0.176446
2 0.959018 0.282563 0.0809402 0.1284 0.176275
2 0.132154 0.179783 0.0622837 0.0483291 0.173101
67 0.702221 0.705698 0.177769 0.343033 0.168307
6 0.228137 0.594764 0.144425 0.325889 0.167458
0 0.461068 0.0745099 0.0529499 0.0710285 0.162964
2 0.522941 0.637852 0.120763 0.266049 0.162892
6 0.23963 0.0780048 0.149122 0.154703 0.157752
2 0.958952 0.282953 0.0810425 0.128067 0.154681
0 0.830554 0.166231 0.0210892 0.100168 0.152954
2 0.133696 0.179203 0.0596678 0.0476129 0.14993
2 0.579727 0.034424 0.0258741 0.0283297 0.149258
2 0.135162 0.177749 0.0579498 0.0451634 0.143283
2 0.958813 0.282497 0.0814827 0.129941 0.140857
2 0.133709 0.180352 0.0608277 0.050426 0.140232
6 0.236035 0.0848428 0.148369 0.143024 0.139018
67 0.702148 0.688978 0.175967 0.312368 0.13667
9 0.130637 0.0271041 0.00995231 0.0200603 0.135229
2 0.0381837 0.295524 0.0641852 0.116471 0.134516
2 0.958879 0.283251 0.081781 0.12786 0.132244
67 0.702471 0.694242 0.177971 0.319346 0.130896
2 0.958993 0.284243 0.0815287 0.12529 0.127127
9 0.131427 0.0258902 0.010295 0.0206244 0.12665
2 0.959018 0.284461 0.0809357 0.123818 0.125577
2 0.458421 0.0205067 0.0346939 0.038979 0.125121
2 0.77762 0.0623239 0.0693621 0.0590344 0.123847
2 0.59506 0.0628997 0.0410723 0.052903 0.123798
2 0.128162 0.18167 0.0726093 0.0559069 0.122054
2 0.958842 0.284042 0.0814333 0.125661 0.121173
2 0.0389824 0.29501 0.0671846 0.117704 0.12038
2 0.457641 0.0204558 0.0311729 0.037577 0.119828
2 0.777422 0.0616671 0.0697558 0.0593759 0.119644
67 0.701234 0.688099 0.174643 0.311381 0.118364
2 0.958874 0.283232 0.0817902 0.127116 0.117359
67 0.702085 0.690136 0.176876 0.314032 0.117063
0 0.831593 0.150135 0.022226 0.0770215 0.114397
0 0.830724 0.164323 0.0230198 0.105444 0.114375
0 0.836143 0.0639362 0.0162979 0.045222 0.113869
2 0.0378445 0.295572 0.0631577 0.11852 0.112804
0 0.899703 0.0568327 0.0182196 0.0512341 0.109897
6 0.236176 0.0816493 0.142733 0.145875 0.108615
0 0.990133 0.162167 0.0191202 0.118805 0.107306
0 0.452423 0.0727744 0.0376095 0.0706603 0.106881
0 0.460788 0.074003 0.052894 0.0712932 0.10588
2 0.129088 0.188633 0.0719666 0.0684291 0.105354
0 0.900211 0.0560631 0.0180374 0.0529802 0.102817
6 0.22814 0.593841 0.144353 0.322034 0.102721
67 0.22784 0.594613 0.144824 0.325305 0.101983
67 0.701525 0.687769 0.173869 0.311255 0.101091
0 0.90051 0.0538291 0.0197052 0.0544517 0.100167
0 0.444367 0.0797542 0.0215475 0.0591662 0.100021
2 0.595782 0.0623203 0.042457 0.0515869 0.098182
0 0.900065 0.0547363 0.0200722 0.0528093 0.0979844
0 0.836294 0.0631282 0.0168324 0.0443129 0.0958973
0 0.836001 0.0641963 0.0158638 0.0451829 0.0949996
6 0.228402 0.594912 0.14335 0.325837 0.0936209
0 0.990137 0.155164 0.0190666 0.103658 0.0925995
0 0.400661 0.0622628 0.0302519 0.0569054 0.0882237
0 0.401074 0.0602764 0.03093 0.0554483 0.0880694
2 0.986491 0.0488993 0.026273 0.0444633 0.0869676
12 0.495498 0.912926 0.174563 0.173386 0.0865536
0 0.400932 0.059853 0.0314239 0.0545112 0.0860736
2 0.578752 0.0342729 0.0276534 0.0301914 0.0858428
0 0.400563 0.0600222 0.0318878 0.0564959 0.0849412
0 0.457821 0.0875886 0.0228882 0.0455615 0.0848054
2 0.458581 0.0200113 0.0365083 0.0391329 0.0846714
67 0.228712 0.59734 0.150043 0.329842 0.0846003
0 0.400278 0.0607115 0.0304543 0.0547475 0.0842808
0 0.400595 0.0615875 0.0302098 0.0563217 0.084247
6 0.237916 0.0789302 0.14953 0.153652 0.0835157
2 0.459847 0.0747772 0.0522348 0.0744537 0.0808118
9 0.126292 0.0100847 0.017029 0.0201694 0.0807157
0 0.400576 0.0603778 0.0300389 0.055213 0.0801467
6 0.239287 0.078 0.142728 0.137307 0.0800305
0 0.400959 0.0608167 0.0315362 0.0548764 0.0796935
6 0.238341 0.0794472 0.147226 0.155079 0.0794206
2 0.12316 0.190926 0.0831763 0.0743466 0.0791036
0 0.829894 0.164573 0.0265259 0.107158 0.0787747
6 0.227086 0.592787 0.145965 0.320082 0.0772051
2 0.986382 0.050123 0.0264053 0.0428065 0.0755263
2 0.458029 0.019951 0.0338639 0.038828 0.0751442
2 0.132361 0.190645 0.0632327 0.0695952 0.0750689
6 0.227658 0.593696 0.144802 0.323693 0.0747411
2 0.124649 0.191286 0.0796014 0.0749191 0.0745716
67 0.227885 0.593564 0.145299 0.321542 0.0736748
2 0.840871 0.31754 0.0724539 0.0535975 0.0721545
0 0.989799 0.165235 0.0195898 0.114915 0.0711565
12 0.497666 0.91323 0.170161 0.17354 0.0706427
0 0.900405 0.0642063 0.0172739 0.0379207 0.0703828
0 0.899177 0.0631021 0.017053 0.0404222 0.0703585
0 0.460229 0.0729662 0.051918 0.0680253 0.0695349
0 0.443937 0.0757979 0.0208529 0.066103 0.0671761
6 0.236124 0.0814477 0.145654 0.134841 0.0665536
2 0.976848 0.25529 0.0455437 0.071157 0.0663441
2 0.461362 0.0768468 0.0553186 0.0776441 0.0654887
0 0.459763 0.072883 0.0513868 0.0700987 0.064789
2 0.460536 0.0730211 0.0556875 0.076478 0.0645501
2 0.0437951 0.295856 0.0737981 0.11534 0.0643543
6 0.267873 0.0734759 0.0846007 0.129538 0.0627355
0 0.969248 0.052145 0.0184626 0.0534484 0.062309
12 0.495053 0.912934 0.175594 0.173295 0.0618987
0 0.832965 0.165148 0.0264996 0.103134 0.061671
2 0.580237 0.0364414 0.0248888 0.0287782 0.0612109
2 0.581226 0.223383 0.0641542 0.103234 0.06104
2 0.122794 0.194796 0.0837628 0.0825154 0.0602918
0 0.987633 0.161323 0.0242344 0.137884 0.0590862
0 0.400932 0.0617404 0.0315626 0.0575904 0.0589787
2 0.132797 0.179351 0.0622534 0.0481357 0.058806
2 0.986198 0.0504284 0.0269701 0.0461919 0.0580102
2 0.643998 0.155891 0.0628925 0.0892714 0.0576958
2 0.137281 0.176578 0.0543195 0.0448712 0.0575854
0 0.831189 0.145914 0.021912 0.0687745 0.0571889
6 0.23288 0.0881446 0.138412 0.144903 0.0571672
2 0.038224 0.294753 0.062571 0.122668 0.0558534
2 0.981955 0.0665179 0.035548 0.0792362 0.0557656
2 0.986234 0.0531937 0.0269562 0.0492611 0.0555823
2 0.533167 0.0787664 0.0455021 0.0584146 0.0553406
2 0.319204 0.0303696 0.0252637 0.0298339 0.0552259
0 0.461119 0.0753118 0.0512342 0.0676658 0.0547543
2 0.462638 0.0772206 0.0558514 0.0743816 0.0541791
2 0.378009 0.420403 0.0331839 0.0580784 0.0540087
0 0.938753 0.0570202 0.0141264 0.0425492 0.0526258
0 0.970339 0.0551629 0.0190975 0.0601442 0.0523659
0 0.989873 0.143506 0.0194691 0.0897323 0.0522154
67 0.711467 0.696569 0.191721 0.32662 0.052189
0 0.837388 0.0634336 0.0164856 0.0443991 0.0516773
2 0.455955 0.0201481 0.0389099 0.0400013 0.0515108
2 0.180435 0.126027 0.0392365 0.0660118 0.0511622
5 0.377887 0.42012 0.0338055 0.0602192 0.0504039
12 0.499197 0.913068 0.167959 0.173845 0.0503642
2 0.838752 0.316318 0.0666637 0.0503695 0.0500129
2 0.0436924 0.295899 0.0747483 0.116364 0.0499409
5 0.377728 0.420675 0.0326333 0.0579772 0.0487206
0 0.446543 0.0818434 0.0236604 0.0597675 0.0485772
0 0.836963 0.0619726 0.0170052 0.0438426 0.0481306
2 0.453494 0.0198435 0.0458477 0.0396869 0.0481257
0 0.460615 0.0737315 0.0517785 0.0682005 0.0480032
2 0.58123 0.0315943 0.030592 0.0381039 0.0477272
2 0.179022 0.140338 0.023973 0.0354269 0.0474484
2 0.456548 0.0202799 0.0358492 0.040041 0.0467436
2 0.596157 0.0638219 0.0401387 0.0540988 0.0463289
2 0.0371044 0.295637 0.0604679 0.111436 0.0457881
2 0.596034 0.0635023 0.041617 0.0511555 0.0457492
0 0.939704 0.0536972 0.0150917 0.0478804 0.0456931
0 0.827878 0.164756 0.028422 0.105987 0.0454514
2 0.377565 0.420084 0.033638 0.0600813 0.0447554
0 0.461226 0.0742679 0.0550476 0.0745384 0.043953
2 0.45698 0.0194345 0.0379692 0.038869 0.0438324
0 0.969027 0.047931 0.017239 0.0461542 0.0435071
31 0.221986 0.602641 0.13477 0.32031 0.0434748
6 0.237041 0.0805377 0.132394 0.14176 0.0433183
2 0.119867 0.19747 0.0887866 0.0869408 0.0432182
0 0.830089 0.155837 0.026276 0.0892748 0.0431067
5 0.377997 0.420024 0.0318545 0.0582727 0.0429115
31 0.226747 0.598939 0.145338 0.326504 0.0426484
2 0.983164 0.0650366 0.0331339 0.0705268 0.042257
2 0.0354618 0.296864 0.0568709 0.116509 0.0419286
6 0.240045 0.0811123 0.144411 0.158763 0.041371
0 0.989539 0.168566 0.0201487 0.118501 0.0413687
6 0.267169 0.0795191 0.0835676 0.132489 0.0409081
0 0.40166 0.0593458 0.0307047 0.0566578 0.0406795
0 0.988203 0.164382 0.0230379 0.133425 0.040512
0 0.837457 0.0640644 0.0167656 0.0456771 0.0402088
2 0.840433 0.319562 0.0716183 0.0580956 0.0395983
2 0.0429408 0.294855 0.0719103 0.118727 0.0395343
2 0.400723 0.061782 0.0329643 0.0591559 0.0384598
2 0.987807 0.229069 0.0234655 0.0281493 0.0384194
2 0.987943 0.226179 0.0231567 0.0256207 0.0376362
2 0.986302 0.257628 0.0267578 0.0735989 0.0375224
2 0.539162 0.0257881 0.0229927 0.0276232 0.0373181
2 0.841013 0.316397 0.0720455 0.0502753 0.0373162
2 0.0351619 0.295909 0.0589881 0.1115 0.0367068
0 0.939886 0.054355 0.016301 0.0492087 0.0363723
0 0.971755 0.0604076 0.0202812 0.0663281 0.036292
2 0.182261 0.12283 0.0370302 0.0580564 0.0352112
2 0.987859 0.228462 0.0234909 0.0288267 0.035122
2 0.181563 0.122879 0.0356495 0.0610578 0.0350598
2 0.322318 0.0287728 0.0280858 0.0286612 0.0350393
2 0.986699 0.249788 0.0259247 0.0678087 0.0345678
0 0.940037 0.0533799 0.0156509 0.051546 0.0345362
0 0.939933 0.0576795 0.015312 0.0439368 0.0345155
2 0.578825 0.0357279 0.0268515 0.0305736 0.0342268
2 0.987991 0.225472 0.023345 0.0257543 0.033712
5 0.217994 0.0932963 0.069064 0.0516567 0.0336291
2 0.839632 0.317382 0.0689846 0.0521457 0.033232
5 0.37789 0.42009 0.0324856 0.0603791 0.0332177
28 0.497333 0.913068 0.174339 0.173229 0.0328617
0 0.902852 0.0462871 0.0160687 0.0434107 0.0326485
2 0.981319 0.0916288 0.0368811 0.13172 0.0324199
2 0.58089 0.00948622 0.0275883 0.0189724 0.0323736
2 0.283554 0.0248144 0.0462872 0.0355465 0.0320436
2 0.532838 0.0785608 0.0430804 0.0585491 0.0320339
5 0.871646 0.643793 0.25599 0.702113 0.0318265
2 0.0356068 0.296911 0.0560184 0.116604 0.0318011
2 0.182173 0.126152 0.0379765 0.0644661 0.0315906
2 0.150528 0.159671 0.0204689 0.0158571 0.0315212
0 0.960777 0.0551623 0.019371 0.0486986 0.0311993
2 0.596185 0.0695242 0.0406141 0.0623856 0.0310469
6 0.235458 0.0824494 0.132077 0.137051 0.0306071
2 0.458578 0.019732 0.0421144 0.039464 0.0305817
2 0.538642 0.037335 0.0262072 0.0410881 0.0305347
0 0.838237 0.0606298 0.0157475 0.0385824 0.0304169
0 0.466747 0.0795416 0.0386183 0.0621362 0.0301556
0 0.395646 0.0626536 0.0239617 0.0588827 0.0298503
2 0.155007 0.164166 0.0195686 0.0208717 0.0296897
2 0.180755 0.126479 0.030554 0.0589564 0.0296198
5 0.867583 0.646231 0.263729 0.700271 0.029575
0 0.376712 0.0195076 0.0243783 0.0376297 0.0293905
0 0.958979 0.0564916 0.0174957 0.0473032 0.0293012
