2 0.0491209 0.497477 0.0978524 0.104251 0.868033
2 0.0488922 0.497688 0.0976671 0.103757 0.864098
2 0.0490964 0.497968 0.0978635 0.103728 0.836334
2 0.206012 0.430531 0.116218 0.0870534 0.826936
2 0.206349 0.430826 0.11585 0.086992 0.82473
2 0.0487866 0.498138 0.0975145 0.104051 0.823327
2 0.475972 0.283408 0.0695074 0.0664684 0.820565
2 0.0489352 0.498072 0.0975879 0.104264 0.820418
2 0.476033 0.283378 0.0695419 0.0657693 0.818309
2 0.0489027 0.497777 0.0977411 0.104726 0.807474
2 0.352581 0.208561 0.0676658 0.0490479 0.807023
2 0.0487913 0.497646 0.0971593 0.103333 0.80651
2 0.206186 0.431059 0.115024 0.0863849 0.802196
2 0.352527 0.208857 0.068292 0.048429 0.800308
2 0.205727 0.430355 0.11574 0.0875489 0.799934
2 0.205997 0.430657 0.115687 0.0860613 0.797966
2 0.476074 0.283274 0.069865 0.0657096 0.794262
2 0.206247 0.430786 0.116692 0.0861322 0.793699
2 0.205839 0.430712 0.115114 0.085736 0.783427
2 0.048822 0.498332 0.0973204 0.105182 0.781781
2 0.476033 0.283281 0.0695935 0.0657891 0.781557
2 0.206121 0.430382 0.114676 0.0868258 0.778883
2 0.35418 0.348361 0.0824575 0.0685278 0.775309
2 0.20565 0.431075 0.115322 0.0860804 0.775043
2 0.353296 0.208306 0.0695283 0.048021 0.768947
2 0.205861 0.430259 0.115811 0.0871809 0.765145
2 0.354175 0.348501 0.0817878 0.0682911 0.760336
2 0.354373 0.348477 0.0826503 0.0684838 0.750105
2 0.354474 0.348538 0.0825579 0.0687548 0.74849
2 0.354118 0.348411 0.0817009 0.0683457 0.74366
2 0.554422 0.250618 0.0543743 0.0497671 0.73909
2 0.554192 0.250473 0.0544804 0.0509371 0.735458
2 0.55448 0.250056 0.054395 0.0494416 0.734051
2 0.354235 0.348358 0.08225 0.0686135 0.733869
2 0.553995 0.249982 0.0545832 0.0500229 0.72626
2 0.0491734 0.498327 0.0973992 0.105656 0.724913
2 0.353142 0.208789 0.0686506 0.0470545 0.716414
2 0.353558 0.208895 0.0700405 0.0484086 0.71224
2 0.475583 0.283295 0.0694177 0.0654453 0.706209
2 0.55426 0.250361 0.054999 0.0503598 0.690878
2 0.554377 0.250373 0.0546235 0.0511893 0.690449
2 0.554309 0.250744 0.0545547 0.0501182 0.684624
2 0.353287 0.208832 0.0684742 0.0482872 0.675889
2 0.475918 0.28333 0.0700762 0.0671435 0.667832
2 0.47577 0.283185 0.0697697 0.0660228 0.663126
2 0.862784 0.216483 0.0655119 0.0531561 0.647597
2 0.862468 0.217046 0.0645157 0.051897 0.645229
2 0.354147 0.348986 0.0835095 0.0700751 0.641719
2 0.531111 0.539003 0.106759 0.143135 0.641252
2 0.862574 0.217015 0.065189 0.0525414 0.635523
2 0.475663 0.283701 0.0699292 0.0665066 0.629703
2 0.53119 0.538729 0.106558 0.142419 0.624244
2 0.531156 0.538878 0.106715 0.141811 0.62274
2 0.530541 0.53845 0.10603 0.142184 0.621237
2 0.530722 0.53869 0.106507 0.143094 0.620796
2 0.530849 0.538637 0.106294 0.142283 0.614295
2 0.530567 0.538395 0.106231 0.142223 0.606094
2 0.352952 0.208142 0.0687018 0.0479245 0.599471
2 0.353122 0.20912 0.0685967 0.0490604 0.596426
2 0.354496 0.348249 0.083042 0.0685209 0.593754
2 0.531285 0.539049 0.107398 0.14154 0.593027
2 0.862041 0.216702 0.0654934 0.0523474 0.584335
2 0.530827 0.539056 0.106314 0.142446 0.576751
2 0.663551 0.20041 0.026449 0.0417149 0.573917
2 0.531181 0.539156 0.106626 0.141916 0.573071
2 0.554333 0.250281 0.0537566 0.0498353 0.570424
2 0.86241 0.217412 0.0656921 0.0526568 0.566247
2 0.554453 0.250655 0.0557084 0.0505285 0.555216
2 0.782158 0.244483 0.0592497 0.0771497 0.550086
5 0.303497 0.167118 0.165101 0.0970629 0.547737
2 0.926862 0.242871 0.0377422 0.0487869 0.540578
2 0.402245 0.188368 0.0481367 0.037409 0.539137
2 0.667415 0.379367 0.0760393 0.0867404 0.537514
2 0.475936 0.283486 0.0697323 0.0664752 0.536782
5 0.287105 0.170521 0.129185 0.0919677 0.53118
2 0.781591 0.244432 0.0589947 0.0781512 0.53058
2 0.173651 0.223948 0.0562694 0.0466159 0.529796
2 0.781875 0.244453 0.0598663 0.078149 0.518196
2 0.667422 0.379297 0.0758014 0.0871695 0.517725
2 0.861705 0.217122 0.0653267 0.0530579 0.51338
2 0.787143 0.163472 0.0454519 0.0286443 0.508389
2 0.354212 0.348564 0.0827183 0.0701019 0.507971
2 0.782004 0.245072 0.0594394 0.0770957 0.507783
2 0.667347 0.379698 0.075807 0.0874087 0.507515
2 0.667763 0.379161 0.0761 0.0874161 0.506188
2 0.554102 0.25031 0.0548347 0.0510137 0.502016
5 0.285512 0.169355 0.128879 0.0923571 0.500697
2 0.174726 0.223545 0.0565288 0.0446895 0.498373
2 0.862902 0.216291 0.0660688 0.0534989 0.498145
2 0.787512 0.163925 0.0462437 0.0296084 0.49627
0 0.382302 0.440929 0.0270015 0.0766121 0.48512
1 0.205729 0.695975 0.0337331 0.0621399 0.48315
1 0.206074 0.695614 0.0341846 0.0621862 0.480163
2 0.402794 0.187935 0.0488737 0.0376496 0.478725
2 0.926559 0.242782 0.0371836 0.0487459 0.476182
2 0.782036 0.244764 0.0595731 0.0777696 0.475714
2 0.719578 0.1609 0.0495268 0.0300617 0.471761
2 0.667617 0.378807 0.0757247 0.0887178 0.470844
0 0.214645 0.564551 0.0298039 0.0801878 0.469052
2 0.862019 0.21707 0.0657696 0.0527392 0.467729
2 0.781736 0.244526 0.0595011 0.0773471 0.466604
0 0.214392 0.56221 0.0301899 0.0755102 0.460699
2 0.402593 0.188172 0.0476229 0.0380971 0.45904
0 0.214704 0.561491 0.0301567 0.0748026 0.457007
2 0.667619 0.378584 0.0756767 0.0886837 0.453486
2 0.92678 0.242083 0.0376844 0.0496039 0.450587
0 0.461638 0.395535 0.0260447 0.0683332 0.448402
0 0.21448 0.564084 0.0303758 0.0792715 0.445539
2 0.786771 0.163287 0.0467199 0.0289286 0.442062
2 0.926598 0.242956 0.0372223 0.048911 0.438266
0 0.38328 0.441423 0.0291553 0.0764128 0.437988
2 0.782625 0.244471 0.0589275 0.0783429 0.429493
2 0.926739 0.242764 0.0383093 0.050193 0.427092
2 0.663291 0.200396 0.025563 0.0417201 0.423499
2 0.40253 0.188414 0.0483164 0.0361449 0.419578
2 0.781676 0.244269 0.0587716 0.0758486 0.418939
2 0.926514 0.242788 0.0380116 0.0489113 0.416853
2 0.667235 0.381909 0.0754352 0.0840194 0.412121
2 0.553903 0.250506 0.0546816 0.0504683 0.411019
5 0.303414 0.163783 0.165089 0.102826 0.40443
2 0.178063 0.223729 0.0554593 0.0444171 0.401487
2 0.719077 0.160896 0.0488888 0.0298244 0.399829
2 0.174816 0.223505 0.0564877 0.0463478 0.399654
2 0.176007 0.223387 0.0568205 0.0445635 0.397144
2 0.719297 0.161504 0.0504377 0.0305464 0.395807
2 0.663761 0.200415 0.0260706 0.0419447 0.39229
0 0.215588 0.561075 0.0324894 0.0743176 0.391206
2 0.218468 0.214752 0.0374588 0.0410497 0.390207
0 0.21553 0.560902 0.03304 0.0737949 0.384822
2 0.926934 0.242746 0.0396181 0.0500264 0.381576
2 0.719664 0.16147 0.049219 0.0301125 0.381319
2 0.926593 0.2423 0.0378206 0.0488853 0.380144
2 0.926623 0.24232 0.0386719 0.0482737 0.378493
5 0.303585 0.167671 0.166609 0.103005 0.374764
5 0.288149 0.169136 0.131764 0.0944587 0.371114
0 0.461621 0.395907 0.026417 0.0692238 0.370572
2 0.862267 0.216549 0.0662289 0.0521613 0.370283
0 0.382456 0.441422 0.0282089 0.0757385 0.370214
2 0.178339 0.223113 0.0517927 0.0447653 0.363175
0 0.6287 0.283841 0.0213882 0.0661708 0.361993
2 0.663782 0.201969 0.0257139 0.0409253 0.357078
2 0.604423 0.208396 0.0350844 0.047196 0.35382
2 0.667308 0.379301 0.0771283 0.0892283 0.352249
5 0.28567 0.169873 0.129289 0.0902517 0.346161
2 0.564231 0.20626 0.0309363 0.0422496 0.344207
0 0.214479 0.558832 0.0308075 0.0687384 0.34397
2 0.176887 0.224219 0.0556607 0.0452046 0.340223
0 0.46186 0.391758 0.0261267 0.0612505 0.339413
2 0.222464 0.214256 0.0470016 0.0414769 0.338004
2 0.786062 0.163283 0.0464702 0.0285246 0.337033
2 0.787226 0.163315 0.0476664 0.0292628 0.335968
2 0.718957 0.161052 0.0484426 0.0299943 0.335177
0 0.627841 0.285355 0.0197124 0.0657425 0.334029
2 0.663316 0.20075 0.0251543 0.0415469 0.327773
0 0.382862 0.439769 0.0255773 0.074432 0.327702
2 0.402232 0.188767 0.0485908 0.0374653 0.325925
2 0.603857 0.208839 0.0351814 0.0483769 0.321381
2 0.179031 0.223008 0.052484 0.0447585 0.319323
2 0.971562 0.217764 0.0562361 0.0632358 0.316553
2 0.971727 0.22294 0.0548962 0.0542417 0.312879
2 0.78604 0.163126 0.0468115 0.0288083 0.310521
1 0.206934 0.695951 0.0361094 0.0596876 0.31018
2 0.401839 0.188839 0.0491428 0.0359942 0.309723
0 0.214767 0.565828 0.0299547 0.0850613 0.303789
2 0.216839 0.217025 0.0363194 0.0397289 0.301298
2 0.663683 0.200215 0.0272669 0.0418111 0.300978
2 0.0224799 0.733077 0.0448871 0.133996 0.30067
5 0.286693 0.170758 0.12965 0.0922115 0.300335
2 0.663218 0.201482 0.025858 0.0401714 0.298253
0 0.214301 0.568104 0.0299282 0.0901579 0.29779
2 0.720253 0.161079 0.0479 0.0306687 0.293999
2 0.978018 0.269628 0.0439639 0.0562763 0.293594
2 0.219892 0.214803 0.0421295 0.0411319 0.29169
2 0.926926 0.243543 0.0392202 0.0471119 0.290611
2 0.719293 0.161354 0.049481 0.0309717 0.290105
0 0.382586 0.440701 0.0273396 0.0762547 0.289566
2 0.0223883 0.731491 0.0447766 0.149668 0.288936
2 0.971718 0.223045 0.0548527 0.0529021 0.284593
2 0.971694 0.218765 0.0560034 0.0619546 0.28217
2 0.976992 0.323938 0.0454613 0.0998987 0.28169
2 0.0657004 0.214801 0.0856086 0.031531 0.28135
0 0.381449 0.437704 0.0230508 0.070775 0.281116
2 0.023115 0.734014 0.0459575 0.136853 0.280688
9 0.508131 0.0565858 0.0137605 0.0174589 0.280671
5 0.287213 0.169509 0.131214 0.0925316 0.277815
5 0.287593 0.170601 0.13174 0.090668 0.275282
2 0.0227441 0.734731 0.045382 0.131806 0.27518
0 0.383664 0.441477 0.0300227 0.077267 0.272903
2 0.96085 0.185544 0.0586666 0.0418615 0.271918
2 0.0218008 0.733675 0.0435361 0.13406 0.2706
2 0.0225718 0.733362 0.0451436 0.146602 0.26938
2 0.476238 0.283203 0.0697397 0.0658043 0.268494
2 0.667364 0.3796 0.0763693 0.0871399 0.267449
0 0.712109 0.220647 0.0190195 0.0545703 0.266208
2 0.977441 0.327263 0.0445835 0.0984876 0.265918
2 0.630193 0.241593 0.0438627 0.0492418 0.265447
0 0.461982 0.388277 0.0257459 0.0540611 0.264046
2 0.56472 0.205624 0.0322622 0.0411056 0.261327
0 0.629002 0.282045 0.0201003 0.0601439 0.261088
0 0.712189 0.221044 0.0187974 0.0567628 0.260078
2 0.0231549 0.735715 0.04608 0.131077 0.257995
2 0.976841 0.317921 0.0452587 0.114627 0.256877
2 0.353892 0.34804 0.0819528 0.0686786 0.25683
2 0.217177 0.216813 0.0339701 0.0392496 0.25677
2 0.960097 0.185394 0.0596811 0.0418751 0.256029
0 0.21496 0.556522 0.0305233 0.0642405 0.255469
1 0.208538 0.694633 0.0395914 0.064585 0.255144
1 0.202499 0.697321 0.0281954 0.0589195 0.254165
2 0.565131 0.205187 0.0312709 0.0406637 0.253742
2 0.781547 0.244502 0.0596047 0.0761284 0.25088
2 0.564392 0.206146 0.0305614 0.0421886 0.250127
2 0.862084 0.21713 0.0655668 0.0521749 0.249227
2 0.604213 0.209589 0.0344977 0.0484463 0.248273
2 0.664727 0.200729 0.0264662 0.041844 0.248079
3 0.239443 0.650359 0.0616222 0.0735975 0.247882
2 0.460429 0.157785 0.0245741 0.0286948 0.247371
2 0.630374 0.241101 0.0423908 0.0504371 0.247274
2 0.0625669 0.214537 0.0780654 0.0309434 0.244719
7 0.140612 0.197046 0.0718788 0.0613417 0.244332
2 0.97698 0.330742 0.0453201 0.0917619 0.237179
2 0.720263 0.161522 0.0476745 0.0321212 0.233731
2 0.0233524 0.734886 0.0465467 0.135308 0.233336
2 0.219067 0.215905 0.0418401 0.0408651 0.232393
1 0.20945 0.691849 0.0415189 0.0674367 0.22965
2 0.977102 0.325494 0.0454849 0.0832995 0.229013
5 0.496665 0.118293 0.0496876 0.102507 0.22822
2 0.487476 0.157612 0.0250523 0.0293115 0.228053
7 0.140965 0.198808 0.072046 0.0648797 0.227309
0 0.38346 0.440835 0.0292303 0.0768642 0.224126
2 0.787393 0.162176 0.0456978 0.0296652 0.222419
2 0.604483 0.209059 0.0353447 0.0485968 0.222276
5 0.493752 0.120374 0.0426584 0.1039 0.22104
2 0.78812 0.163025 0.0476624 0.0296749 0.22034
2 0.663428 0.200773 0.0255936 0.0412865 0.214139
2 0.977195 0.316255 0.04506 0.0916945 0.213375
2 0.629727 0.241426 0.0438917 0.0492652 0.21235
5 0.141779 0.197351 0.0726925 0.0605201 0.210398
9 0.62084 0.0546995 0.01263 0.0159485 0.208913
2 0.630164 0.241115 0.0449627 0.0492179 0.20823
2 0.0100337 0.223573 0.0199982 0.0276765 0.207653
2 0.961509 0.185486 0.0569798 0.0412873 0.20751
3 0.460789 0.419673 0.0258038 0.0480138 0.207401
0 0.712134 0.221091 0.0196468 0.055693 0.206868
0 0.627699 0.282132 0.0236401 0.0701233 0.206288
0 0.461407 0.404012 0.0258188 0.0673561 0.205214
2 0.976902 0.327232 0.0451729 0.0996771 0.203241
0 0.213426 0.617581 0.0361053 0.0631525 0.201901
2 0.960312 0.185733 0.0575539 0.0419169 0.200296
2 0.977064 0.325481 0.0453087 0.100986 0.199609
2 0.402831 0.188231 0.0476626 0.0367987 0.198765
1 0.207717 0.696368 0.0378475 0.0617203 0.195322
2 0.460365 0.155889 0.0250231 0.0328835 0.194521
2 0.977865 0.271448 0.0435017 0.0605392 0.193777
1 0.20322 0.69644 0.0303312 0.0592841 0.191591
2 0.604504 0.210027 0.034654 0.0473141 0.191476
3 0.239286 0.654171 0.0610332 0.074732 0.1908
2 0.0669274 0.21517 0.0831709 0.0322321 0.188944
0 0.462374 0.383604 0.0244148 0.0439004 0.188789
0 0.462071 0.384265 0.0255615 0.0460105 0.188502
3 0.8622 0.31868 0.023991 0.0388332 0.18804
2 0.0105084 0.225032 0.0209046 0.0303603 0.187174
2 0.207682 0.218539 0.0518942 0.0409491 0.187062
2 0.604093 0.209052 0.0345258 0.0471951 0.186188
5 0.286673 0.171055 0.129632 0.0908564 0.185854
2 0.0504172 0.213686 0.0508271 0.0293053 0.185606
2 0.487994 0.157574 0.0250242 0.0301035 0.184945
2 0.978212 0.270178 0.0435757 0.0569345 0.184915
0 0.215005 0.618321 0.0383823 0.0648483 0.1849
3 0.862529 0.304984 0.0233324 0.0585666 0.183979
5 0.141794 0.198008 0.0714098 0.0615454 0.183488
0 0.214986 0.628339 0.0386833 0.0792263 0.179714
2 0.787995 0.16324 0.046549 0.0301649 0.179218
2 0.0229043 0.736159 0.0457278 0.134675 0.17895
2 0.353249 0.208717 0.0709208 0.0489669 0.178502
0 0.627135 0.283858 0.0220402 0.0693622 0.177959
5 0.307457 0.160464 0.169551 0.114201 0.176769
0 0.215266 0.616239 0.0384751 0.0649687 0.176484
2 0.218394 0.215628 0.0407827 0.0409901 0.175314
2 0.565677 0.207752 0.0325279 0.044892 0.175247
0 0.461917 0.395609 0.0263252 0.0704597 0.174966
2 0.221744 0.214807 0.0453092 0.0427361 0.174613
2 0.403964 0.187874 0.0484565 0.0384649 0.173651
0 0.712094 0.220991 0.0193275 0.0564903 0.173226
3 0.238534 0.649172 0.0640933 0.0708428 0.172631
2 0.972547 0.221292 0.0536526 0.0550642 0.172034
0 0.461393 0.399686 0.0262932 0.0744169 0.170445
5 0.141553 0.199319 0.0730862 0.0643268 0.169816
2 0.960869 0.224717 0.0335297 0.0485555 0.169568
3 0.86174 0.311551 0.0238243 0.0453939 0.168573
2 0.460348 0.156477 0.0254938 0.0324313 0.168359
0 0.380811 0.441861 0.0303042 0.0781143 0.167506
2 0.86293 0.216687 0.0654142 0.0536627 0.167437
2 0.668414 0.377649 0.0751627 0.091815 0.166856
5 0.496698 0.117692 0.0467178 0.102018 0.163051
5 0.141708 0.196642 0.0720712 0.0596079 0.16262
2 0.487893 0.157397 0.0266176 0.0308397 0.162411
2 0.976963 0.308473 0.0451103 0.13224 0.160914
2 0.97135 0.219708 0.0548 0.0591644 0.160711
2 0.97718 0.315765 0.0456406 0.0831515 0.160349
3 0.236329 0.64974 0.0678249 0.0695036 0.159828
