2 0.324738 0.325611 0.0840172 0.0605711 0.850268
2 0.324782 0.325237 0.0847443 0.0604996 0.811358
2 0.324472 0.325826 0.0840946 0.0593359 0.782672
2 0.324819 0.325705 0.083921 0.059691 0.777069
2 0.324936 0.325917 0.0841707 0.0594033 0.772074
2 0.869048 0.367748 0.0928833 0.0530991 0.758558
2 0.324651 0.325744 0.0841782 0.0590677 0.747524
2 0.869036 0.36679 0.0932461 0.0551051 0.726117
2 0.324638 0.324985 0.0840115 0.0615008 0.709118
2 0.869438 0.366639 0.0929928 0.0554151 0.688999
2 0.088034 0.33999 0.0812458 0.0542861 0.648743
2 0.869158 0.366138 0.0933678 0.0558823 0.64157
2 0.869347 0.368186 0.0934113 0.0535502 0.637965
2 0.0881808 0.34032 0.0832447 0.0534665 0.637906
7 0.117264 0.812231 0.234055 0.374308 0.635141
2 0.86799 0.368388 0.0923962 0.0516252 0.634579
2 0.0224313 0.338018 0.0448626 0.049104 0.621465
2 0.0227093 0.339188 0.0454186 0.0449224 0.611183
7 0.117296 0.81304 0.234082 0.373103 0.609486
7 0.117766 0.812149 0.234397 0.373616 0.603441
7 0.11768 0.812742 0.23486 0.373357 0.600827
7 0.117563 0.812817 0.234807 0.373334 0.599095
2 0.0222743 0.339145 0.043916 0.0463623 0.591534
7 0.118624 0.812781 0.237233 0.373709 0.589585
7 0.116997 0.811957 0.233446 0.374549 0.589147
7 0.118065 0.81184 0.236114 0.374082 0.587832
2 0.0224898 0.337809 0.0449796 0.049182 0.585183
2 0.0863506 0.341309 0.0793256 0.052353 0.571734
2 0.0859643 0.340849 0.0786146 0.0514692 0.551937
2 0.0877842 0.339991 0.0835545 0.0534616 0.542775
2 0.088474 0.340359 0.0849302 0.0539861 0.542349
2 0.868291 0.369457 0.0935497 0.0491756 0.537578
2 0.0221443 0.338909 0.0442885 0.0470235 0.531192
2 0.867836 0.369562 0.0918434 0.0490779 0.522525
2 0.0228336 0.339357 0.0455742 0.0478752 0.507796
2 0.0865418 0.341077 0.0806722 0.0519104 0.506804
2 0.022613 0.338314 0.0451784 0.0482647 0.506252
2 0.0873295 0.340925 0.0806796 0.0520174 0.490841
2 0.323924 0.3262 0.08538 0.0583531 0.488136
2 0.0875836 0.340976 0.0816059 0.0510927 0.486228
0 0.191807 0.655033 0.0416268 0.130134 0.473617
0 0.192078 0.654109 0.0422632 0.129563 0.468499
2 0.324875 0.325506 0.0838215 0.0605995 0.445056
0 0.192143 0.655645 0.0423376 0.132061 0.440522
0 0.192312 0.656257 0.0430901 0.134547 0.415284
2 0.0222227 0.339135 0.0443579 0.0464645 0.401578
7 0.116937 0.810825 0.233052 0.375045 0.40098
7 0.118607 0.812641 0.237213 0.373525 0.400561
2 0.0878476 0.340182 0.0801112 0.0530541 0.394485
2 0.324918 0.325102 0.0846822 0.0595592 0.378013
2 0.0196031 0.341302 0.0390682 0.0427975 0.315367
2 0.840829 0.271693 0.0513243 0.0290334 0.307862
2 0.0836218 0.340458 0.0731762 0.0517671 0.282125
0 0.191362 0.657145 0.0413716 0.135008 0.28184
2 0.021816 0.341132 0.0432351 0.042185 0.268285
2 0.0228955 0.335693 0.0457903 0.0534955 0.265167
2 0.840705 0.27305 0.0529711 0.0311167 0.252814
2 0.325108 0.325551 0.0841466 0.0597716 0.250331
0 0.192755 0.656332 0.043217 0.133363 0.239864
0 0.191327 0.651035 0.0409119 0.122406 0.235247
0 0.782067 0.303531 0.0157373 0.0443764 0.233832
0 0.78372 0.30901 0.0187344 0.0523853 0.231738
2 0.0209891 0.341577 0.0418354 0.0419158 0.230575
7 0.373535 0.784024 0.321131 0.173337 0.229247
0 0.19116 0.655979 0.0419651 0.129247 0.228559
0 0.783389 0.308113 0.0176254 0.0520429 0.227667
0 0.170864 0.316078 0.0304017 0.0740737 0.199974
0 0.170895 0.315899 0.0300561 0.0740105 0.196124
2 0.8401 0.271865 0.0537415 0.0276896 0.181827
0 0.665057 0.316039 0.0185488 0.0398527 0.179676
7 0.372703 0.783421 0.323382 0.170009 0.179079
2 0.840455 0.272863 0.0527935 0.0299421 0.173263
2 0.840922 0.272924 0.0532822 0.0296697 0.167015
0 0.256204 0.301811 0.0113371 0.0270391 0.163352
2 0.867088 0.367562 0.0883511 0.0525607 0.159602
0 0.785133 0.306824 0.017849 0.0499024 0.157368
0 0.146548 0.320693 0.0175613 0.0394596 0.153342
0 0.171391 0.315457 0.0305179 0.073558 0.15176
0 0.665783 0.316582 0.0178034 0.039025 0.150942
0 0.665572 0.316267 0.0193795 0.0415461 0.148872
0 0.193127 0.654637 0.0446043 0.131756 0.146365
0 0.256546 0.302648 0.0115478 0.0274723 0.14145
0 0.170652 0.310754 0.0286259 0.0643201 0.141017
0 0.739765 0.314802 0.0198769 0.043028 0.13952
7 0.373642 0.782426 0.321874 0.169738 0.134596
0 0.661738 0.315238 0.0178116 0.0436134 0.133963
0 0.66031 0.314855 0.0165806 0.0456666 0.133179
7 0.373258 0.782839 0.305756 0.164243 0.131694
0 0.66447 0.316053 0.0209045 0.041945 0.130881
2 0.840918 0.273634 0.0545658 0.0321831 0.126053
0 0.192873 0.655625 0.0433429 0.132249 0.125951
0 0.0737272 0.606855 0.0230878 0.0386688 0.125772
0 0.073717 0.606877 0.0235693 0.0387245 0.125737
2 0.869016 0.363022 0.094405 0.0624668 0.124615
0 0.740013 0.317605 0.0204364 0.0414897 0.122554
0 0.151597 0.320422 0.0257368 0.0431761 0.120644
2 0.325425 0.325466 0.0841113 0.0602624 0.119811
0 0.148349 0.319734 0.0193346 0.0409155 0.116236
9 0.96031 0.256926 0.0131451 0.018926 0.1149
2 0.0864218 0.341139 0.0803597 0.0498312 0.114042
0 0.171415 0.315176 0.0304623 0.07363 0.112684
0 0.756445 0.315686 0.0156622 0.0451039 0.108118
0 0.7562 0.317412 0.0149164 0.0429949 0.106123
7 0.372833 0.783807 0.320947 0.17257 0.105807
0 0.0737365 0.60678 0.0225354 0.0389364 0.105341
0 0.786428 0.308511 0.021077 0.0506914 0.10532
0 0.74124 0.318963 0.021305 0.0424211 0.105146
7 0.28126 0.837621 0.508991 0.318863 0.103124
0 0.662799 0.315521 0.0208436 0.0449638 0.102708
0 0.147278 0.324018 0.0193003 0.0429056 0.102571
0 0.18755 0.657247 0.0357754 0.111595 0.102252
0 0.783064 0.311506 0.0178858 0.0497264 0.102061
0 0.0739656 0.606632 0.022393 0.0382235 0.101846
2 0.819025 0.295708 0.0404625 0.0515217 0.096099
7 0.362572 0.782768 0.298834 0.16314 0.0940153
0 0.172844 0.317249 0.0243414 0.0712702 0.0937285
2 0.822048 0.305693 0.0377432 0.0322698 0.0931297
2 0.372607 0.783708 0.322385 0.171497 0.0927617
0 0.787179 0.309154 0.0203642 0.0511161 0.0881033
0 0.785 0.305078 0.0203116 0.0507266 0.0879054
2 0.820533 0.29537 0.0394959 0.0526009 0.0871604
2 0.819722 0.296443 0.0398335 0.0508682 0.085577
2 0.906856 0.258835 0.0388544 0.0191719 0.0843063
2 0.819129 0.296164 0.040543 0.0504675 0.0841238
2 0.324956 0.325707 0.0850149 0.0599163 0.0817778
0 0.785784 0.306285 0.0217552 0.0474924 0.0809922
7 0.373534 0.781942 0.32268 0.170908 0.0806739
7 0.1176 0.814498 0.234548 0.370458 0.0796366
2 0.905381 0.260091 0.0463955 0.0210786 0.0794836
0 0.819138 0.295551 0.0396505 0.0537217 0.0786721
0 0.770284 0.319149 0.0199222 0.0374344 0.0784112
0 0.152241 0.32491 0.0271665 0.0473291 0.07808
0 0.780302 0.298562 0.014303 0.0392687 0.0777906
2 0.818834 0.295505 0.0410719 0.0496537 0.0757804
0 0.0736808 0.60685 0.0234645 0.0388311 0.0719188
0 0.171742 0.310765 0.0287602 0.0654052 0.0715684
7 0.372625 0.782519 0.316627 0.16372 0.0708775
0 0.756314 0.319024 0.0161337 0.0411211 0.070802
0 0.170372 0.31547 0.0320649 0.0729255 0.0693669
0 0.0739286 0.606554 0.0222241 0.0384651 0.0680242
0 0.269044 0.305473 0.0133855 0.0259576 0.0675325
2 0.915494 0.257444 0.0232143 0.0162341 0.0670632
7 0.280268 0.783554 0.511544 0.187098 0.0667473
0 0.26136 0.305266 0.0135794 0.02549 0.0648125
2 0.819127 0.296295 0.0401957 0.0495607 0.0642145
0 0.153782 0.319402 0.0264682 0.0461123 0.0618881
2 0.0227515 0.334342 0.0453714 0.053548 0.0618847
0 0.19355 0.671905 0.0468147 0.165317 0.0616224
0 0.663988 0.317361 0.0233297 0.0456914 0.0595455
0 0.770293 0.317302 0.0147057 0.038133 0.0594442
0 0.231727 0.320562 0.0180488 0.0246539 0.0575639
0 0.174193 0.315967 0.0217274 0.0713971 0.0562152
2 0.818955 0.295556 0.0404831 0.0507551 0.0557545
0 0.76131 0.318332 0.0190956 0.0418854 0.0545243
0 0.188945 0.657708 0.0369822 0.102179 0.0541892
0 0.170049 0.31623 0.0323287 0.0734727 0.0530287
2 0.372277 0.784473 0.321408 0.172846 0.0524477
2 0.372986 0.784953 0.321478 0.174065 0.0523633
2 0.821078 0.297991 0.0380238 0.0486286 0.0502799
0 0.739519 0.31621 0.0199596 0.0415957 0.0494996
0 0.818443 0.296263 0.0399635 0.0522547 0.0493928
0 0.967183 0.309981 0.0192814 0.0318364 0.0483894
0 0.194944 0.671426 0.0482409 0.16553 0.047943
7 0.272104 0.778433 0.526152 0.186108 0.047169
0 0.818879 0.29559 0.0402774 0.0504594 0.0470029
2 0.372193 0.784579 0.323641 0.171196 0.0467536
0 0.169763 0.302275 0.0263318 0.0494338 0.0455896
0 0.96473 0.313832 0.0156052 0.0337118 0.0442212
0 0.157807 0.330376 0.0421839 0.0504595 0.0438116
0 0.266988 0.303812 0.0118534 0.0284654 0.0436486
7 0.351921 0.782634 0.28505 0.162432 0.0431463
2 0.840649 0.275495 0.0554539 0.0362863 0.0427946
7 0.36474 0.782582 0.306748 0.163795 0.0405809
0 0.171205 0.302862 0.0292887 0.0513409 0.0368864
9 0.353671 0.185401 0.0117095 0.0221307 0.0365697
9 0.731302 0.251543 0.016959 0.0246193 0.0360305
0 0.980657 0.303321 0.0162338 0.0340317 0.0349097
9 0.388039 0.181386 0.0162392 0.0174704 0.0347996
0 0.76119 0.319923 0.0216296 0.0430357 0.0347443
2 0.836382 0.279223 0.0609982 0.0424961 0.0326898
9 0.342402 0.163206 0.0233262 0.0247151 0.0326766
0 0.741514 0.310007 0.0164901 0.038672 0.0325963
0 0.656961 0.312825 0.0156154 0.0456667 0.0325744
0 0.980955 0.306372 0.0156517 0.0285097 0.0308144
2 0.371383 0.782986 0.324502 0.172011 0.0306363
0 0.738122 0.318342 0.0239336 0.0383491 0.0306074
0 0.963933 0.315493 0.0194561 0.0362153 0.0303081
2 0.871471 0.368689 0.0874878 0.0502381 0.0301368
0 0.0655129 0.2252 0.0106495 0.0300597 0.0299064
9 0.34436 0.173724 0.0282849 0.0452087 0.029551
0 0.738312 0.318935 0.0247351 0.0401823 0.0290548
2 0.839569 0.279849 0.0604374 0.0417497 0.0289146
9 0.342317 0.165337 0.0236243 0.0290514 0.0287164
2 0.823638 0.303062 0.0331699 0.0407171 0.0284803
0 0.129053 0.326351 0.0169611 0.0460198 0.0282049
9 0.255556 0.0554519 0.016352 0.0339838 0.0281456
0 0.187756 0.655902 0.0341929 0.0951647 0.028123
0 0.0652724 0.222687 0.011671 0.0316092 0.028078
0 0.229968 0.321559 0.0150699 0.0252047 0.0275096
7 0.286731 0.829794 0.496814 0.336222 0.0272991
5 0.124803 0.192796 0.0287448 0.0415935 0.0270588
0 0.737961 0.317145 0.0233905 0.0403484 0.0264483
5 0.174881 0.177848 0.128574 0.204479 0.0249494
0 0.165017 0.311284 0.0328688 0.0636251 0.0247486
0 0.197771 0.650158 0.0292985 0.121509 0.0245173
0 0.769854 0.319904 0.0238577 0.0374535 0.0245001
2 0.840586 0.270957 0.0527039 0.0357695 0.0238315
2 0.0224037 0.334833 0.044681 0.054852 0.0236692
0 0.788546 0.316798 0.0207224 0.0368756 0.0230928
2 0.840047 0.277288 0.0551573 0.0366591 0.0228927
0 0.757508 0.313709 0.0152565 0.0469828 0.0226966
5 0.177178 0.154505 0.120726 0.155401 0.0226487
5 0.181036 0.154524 0.108609 0.154026 0.0221326
0 0.961826 0.319404 0.0157223 0.0357903 0.022125
0 0.147967 0.84858 0.053596 0.063147 0.022095
9 0.210572 0.0537476 0.0205643 0.0400516 0.0218221
0 0.163978 0.318103 0.0433423 0.0740394 0.0218151
0 0.128872 0.327058 0.0170912 0.0452602 0.0216958
0 0.194407 0.658705 0.0368559 0.138763 0.0212345
0 0.174635 0.335712 0.0181094 0.0352477 0.0211624
0 0.964454 0.316938 0.0181517 0.0395322 0.0208692
0 0.880333 0.243968 0.0216335 0.0265342 0.0207714
5 0.182865 0.15279 0.104269 0.151378 0.0206413
0 0.147395 0.848683 0.0526724 0.0639114 0.0203891
5 0.179548 0.153842 0.11531 0.152111 0.0201133
3 0.230205 0.321815 0.0164365 0.0247839 0.0200635
9 0.731242 0.249649 0.0176754 0.0272693 0.0196091
0 0.96752 0.311237 0.0269033 0.0321418 0.0190939
0 0.966987 0.310175 0.0197235 0.0285481 0.0190736
0 0.970597 0.304535 0.0261242 0.0358219 0.0190356
0 0.871848 0.341392 0.0228283 0.0228365 0.0190116
9 0.386712 0.181103 0.0173112 0.018388 0.0189585
9 0.210333 0.0531407 0.0226652 0.0417798 0.0188405
0 0.128556 0.325174 0.0176476 0.0472803 0.0187861
0 0.192808 0.657943 0.0439389 0.137487 0.0185663
9 0.141468 0.24211 0.0134636 0.0263113 0.018513
2 0.83464 0.289217 0.0641193 0.0569064 0.0182414
5 0.179643 0.17518 0.114418 0.197881 0.0180726
2 0.107884 0.333529 0.0553715 0.0456905 0.0180321
2 0.105026 0.336274 0.0528261 0.0472685 0.0179293
0 0.144426 0.848779 0.0552178 0.0685524 0.0170911
5 0.125258 0.190792 0.0273112 0.0348524 0.0162536
0 0.687022 0.315199 0.0124202 0.0323604 0.0161817
0 0.157146 0.330059 0.0402567 0.05246 0.0161371
0 0.230642 0.324671 0.0210596 0.032597 0.0160833
2 0.113119 0.331104 0.0395381 0.044495 0.0160531
5 0.182086 0.15391 0.106634 0.152093 0.0160373
9 0.25305 0.0553469 0.0226066 0.0364382 0.0160253
0 0.147012 0.852948 0.0624967 0.0709515 0.015912
0 0.694718 0.313258 0.0141785 0.0463429 0.0153853
7 0.280241 0.841366 0.51199 0.295502 0.0150364
0 0.147975 0.831042 0.120004 0.337917 0.0150339
2 0.0185514 0.31532 0.0371028 0.0395176 0.0150133
0 0.402254 0.835679 0.042624 0.03978 0.0148809
0 0.740236 0.319068 0.0230385 0.0463332 0.0148124
0 0.979332 0.307657 0.0251686 0.0294199 0.0146826
5 0.183098 0.153245 0.103719 0.151757 0.0144473
5 0.124747 0.190375 0.0268911 0.035393 0.014394
5 0.124866 0.200019 0.0303284 0.0543425 0.0142445
7 0.372404 0.7828 0.293732 0.165327 0.013952
0 0.0674335 0.271708 0.0119232 0.0342184 0.0138053
0 0.738676 0.312545 0.0231455 0.0450664 0.0137131
0 0.691402 0.30904 0.0135038 0.0514452 0.0136996
0 0.872281 0.338386 0.0190868 0.0173844 0.0135655
2 0.839274 0.26942 0.0522694 0.03382 0.0132474
2 0.841409 0.279183 0.053606 0.0388021 0.0131631
9 0.102247 0.204722 0.0144671 0.0240334 0.0131569
0 0.668811 0.311531 0.0260361 0.0457191 0.012999
0 0.149938 0.850684 0.0478345 0.0599054 0.0129803
7 0.117909 0.816735 0.234329 0.366223 0.0129613
2 0.0143465 0.321824 0.028575 0.0263196 0.0125558
5 0.50338 0.578315 0.985578 0.827129 0.0124915
2 0.831878 0.285937 0.0540791 0.0511939 0.0124729
2 0.316891 0.301002 0.0311363 0.022312 0.0123488
0 0.141596 0.84784 0.0508152 0.0640793 0.0121508
0 0.0638475 0.221237 0.0110855 0.0289161 0.0120678
2 0.931611 0.28367 0.0662424 0.0379968 0.012036
2 0.158147 0.32364 0.0542731 0.0526694 0.0119591
2 0.913504 0.262673 0.032777 0.0212189 0.011838
9 0.255087 0.0548674 0.0187864 0.0358864 0.0118247
2 0.0298615 0.336946 0.0517917 0.0484322 0.0115033
0 0.0363966 0.292957 0.0145835 0.0241851 0.0114235
9 0.209975 0.0532618 0.0225733 0.0418881 0.0113829
0 0.159715 0.83126 0.143887 0.337479 0.011326
5 0.177899 0.175729 0.121407 0.198282 0.0113101
2 0.901817 0.26068 0.0521429 0.0222363 0.0111464
2 0.31268 0.30136 0.0214825 0.0240264 0.0110338
2 0.93247 0.283802 0.0636662 0.0374733 0.0108921
5 0.439839 0.292464 0.162444 0.0503696 0.0108711
0 0.824217 0.325795 0.0321136 0.055234 0.0106684
7 0.352545 0.782603 0.289839 0.16341 0.0105747
9 0.960049 0.260631 0.0128971 0.0253456 0.0105198
0 0.0690161 0.273067 0.013553 0.0352144 0.0104258
2 0.888188 0.34608 0.05158 0.0297774 0.0103923
2 0.153488 0.32936 0.0457103 0.0476695 0.0103735
9 0.417297 0.176492 0.0169334 0.0169572 0.0103384
2 0.0754011 0.335476 0.0692938 0.0435146 0.0102937
0 0.962336 0.256682 0.0129084 0.0250814 0.0102066
5 0.437882 0.293402 0.164303 0.0518449 0.0102043
2 0.0254273 0.338528 0.0433292 0.0472669 0.0101392
