5 0.873937 0.456824 0.251548 0.719028 0.82964
5 0.872252 0.464121 0.253878 0.72998 0.787391
2 0.881339 0.745224 0.234731 0.358851 0.754129
5 0.873186 0.482371 0.252582 0.76372 0.736964
2 0.881119 0.74566 0.235551 0.36062 0.73416
2 0.881573 0.744662 0.235755 0.358688 0.691582
5 0.743956 0.394845 0.121486 0.180973 0.657123
5 0.873861 0.421916 0.251523 0.676772 0.636839
5 0.743766 0.395768 0.122023 0.179508 0.633627
5 0.871531 0.414506 0.255218 0.665043 0.619087
2 0.881518 0.745115 0.235437 0.358679 0.611941
5 0.743227 0.395798 0.121815 0.178135 0.607587
5 0.743749 0.395605 0.12206 0.181472 0.587078
2 0.881656 0.745505 0.234933 0.358563 0.574561
2 0.881427 0.745419 0.236538 0.360621 0.567801
2 0.880947 0.745927 0.236138 0.360153 0.565551
5 0.743509 0.395088 0.121334 0.18085 0.565372
67 0.52328 0.731712 0.133202 0.328221 0.560802
5 0.744177 0.394915 0.120737 0.180692 0.551931
5 0.872056 0.418749 0.254504 0.664389 0.527419
67 0.52361 0.729742 0.134235 0.325169 0.501511
5 0.743742 0.394394 0.120479 0.181203 0.501128
6 0.873851 0.41749 0.251561 0.673679 0.499501
0 0.857777 0.104939 0.0192501 0.0426888 0.476775
67 0.52329 0.729726 0.133371 0.323171 0.476384
5 0.743718 0.394712 0.122085 0.180153 0.459357
2 0.622523 0.361534 0.0910557 0.149833 0.452149
0 0.857131 0.104374 0.020137 0.0401046 0.448782
5 0.48741 0.369259 0.0782258 0.165569 0.448474
0 0.856856 0.103321 0.0205673 0.0396384 0.446241
5 0.743878 0.396039 0.120649 0.180306 0.434979
2 0.622438 0.362067 0.0904517 0.150301 0.424967
0 0.856667 0.104042 0.0196362 0.0395171 0.422792
5 0.487408 0.369618 0.0782442 0.165578 0.411994
2 0.622574 0.361329 0.0917973 0.150252 0.411246
2 0.622242 0.361742 0.0912027 0.149842 0.391027
5 0.487203 0.370122 0.0783133 0.165183 0.389432
0 0.857899 0.104945 0.0183969 0.0422138 0.388294
2 0.622825 0.361659 0.0914579 0.149722 0.388279
2 0.671264 0.551516 0.110557 0.199895 0.384315
2 0.881806 0.745241 0.23359 0.358177 0.37886
2 0.622465 0.362144 0.0911408 0.149483 0.378281
2 0.881778 0.74513 0.234228 0.358416 0.373835
2 0.670776 0.551303 0.110579 0.199835 0.366336
6 0.871727 0.417435 0.255601 0.670825 0.361814
5 0.744707 0.394632 0.119906 0.178965 0.360758
5 0.487623 0.370029 0.0783656 0.16567 0.346234
2 0.671157 0.550864 0.111428 0.200547 0.332521
67 0.523384 0.730652 0.13516 0.322765 0.328483
5 0.62181 0.362557 0.0914406 0.151252 0.316916
67 0.522874 0.730512 0.13339 0.321951 0.291422
2 0.670797 0.550504 0.111392 0.200476 0.28659
2 0.621742 0.362499 0.0915298 0.151308 0.266724
6 0.87123 0.421747 0.256971 0.670691 0.255644
6 0.871358 0.418584 0.256092 0.674388 0.255518
67 0.522329 0.730093 0.13393 0.320805 0.253084
2 0.671037 0.551324 0.1123 0.202485 0.251685
5 0.487382 0.368557 0.0783791 0.164966 0.251671
0 0.970202 0.103862 0.0245525 0.0647108 0.244094
2 0.670727 0.551053 0.112206 0.203077 0.242886
67 0.523194 0.730756 0.134769 0.320301 0.231418
5 0.487501 0.368164 0.0785877 0.162181 0.230844
5 0.487319 0.369708 0.078602 0.164477 0.22606
0 0.970301 0.104761 0.0247673 0.0666492 0.217888
5 0.487389 0.369392 0.0781753 0.165056 0.21203
2 0.880992 0.746339 0.23615 0.35923 0.211759
0 0.626335 0.151273 0.0233026 0.069611 0.210381
0 0.970015 0.102468 0.023267 0.063596 0.199862
0 0.62657 0.146774 0.0213141 0.0591321 0.199642
0 0.0830278 0.0738407 0.0275006 0.058014 0.19683
2 0.670603 0.550802 0.110806 0.199366 0.195944
0 0.626245 0.148665 0.0225891 0.063882 0.195794
0 0.626976 0.148601 0.0216764 0.0637572 0.194363
5 0.487387 0.368309 0.0786817 0.162916 0.189158
0 0.846768 0.0396184 0.014537 0.0400929 0.188062
2 0.670029 0.549559 0.108329 0.196448 0.162962
67 0.522897 0.729579 0.135007 0.319125 0.159698
0 0.969396 0.105414 0.0271009 0.0658677 0.154413
67 0.523045 0.730865 0.133413 0.322172 0.153144
28 0.752886 0.893894 0.214753 0.211279 0.150322
0 0.969527 0.104714 0.0262604 0.0666365 0.145639
0 0.846414 0.0421944 0.0153374 0.0431093 0.140209
0 0.846692 0.043944 0.0175003 0.0466166 0.136905
0 0.0827535 0.0737108 0.0302741 0.0606964 0.134806
67 0.523367 0.729645 0.130861 0.318341 0.134127
0 0.084061 0.0723077 0.0253635 0.0598453 0.132021
5 0.487206 0.368679 0.0792395 0.161971 0.131494
0 0.0840069 0.0728094 0.0248458 0.0573518 0.131409
0 0.971183 0.104812 0.0266603 0.0668977 0.128773
67 0.523375 0.741465 0.132236 0.308221 0.128102
28 0.754945 0.894111 0.218164 0.211323 0.126698
0 0.0844214 0.0743374 0.0277559 0.0561227 0.123558
0 0.0827762 0.0741581 0.0309752 0.0604107 0.120112
0 0.971548 0.10541 0.0269943 0.0679273 0.116693
0 0.652866 0.180039 0.0244721 0.0563672 0.106185
0 0.624678 0.158337 0.0260603 0.0850406 0.102784
0 0.626308 0.14755 0.0214168 0.0609715 0.100259
0 0.968382 0.10831 0.0260269 0.0632223 0.100157
28 0.752711 0.89396 0.211373 0.210968 0.0991128
67 0.377242 0.417003 0.0355228 0.0583088 0.0968366
0 0.084963 0.0732356 0.0263895 0.0582061 0.0953177
28 0.750142 0.89402 0.214835 0.211371 0.0952806
0 0.971578 0.102868 0.0254484 0.0639475 0.0908915
0 0.702986 0.334947 0.0236212 0.0340449 0.0825656
0 0.97022 0.0959072 0.0212719 0.0498989 0.0814529
67 0.377001 0.416555 0.036775 0.0581844 0.0801417
28 0.754804 0.893987 0.213652 0.210793 0.07969
0 0.651906 0.179563 0.020508 0.0550031 0.0792983
0 0.858201 0.104153 0.0244474 0.0428772 0.0785416
0 0.9668 0.107497 0.0263222 0.0645977 0.0762589
0 0.392604 0.0652466 0.0190866 0.067404 0.0761868
0 0.858667 0.105552 0.0233509 0.0434557 0.0756689
0 0.0825549 0.0708432 0.0196808 0.0601364 0.0749304
0 0.626834 0.147595 0.0204966 0.0617249 0.0735289
0 0.650558 0.171078 0.0197512 0.039562 0.0713898
0 0.654496 0.189227 0.0216808 0.0389939 0.0700704
0 0.51815 0.315606 0.0128509 0.0227306 0.0689202
2 0.205367 0.0722824 0.046958 0.0434637 0.0687577
0 0.626266 0.175406 0.0230308 0.0384455 0.0677378
0 0.870207 0.0328006 0.0120182 0.0391961 0.0675225
67 0.377327 0.41699 0.0350791 0.0576513 0.0643076
28 0.754825 0.893854 0.218743 0.2117 0.0640636
0 0.649919 0.178592 0.0255871 0.0555014 0.0633045
28 0.754354 0.905086 0.189895 0.189052 0.0625074
0 0.851002 0.0379958 0.0171452 0.037706 0.0614326
2 0.621809 0.362365 0.091112 0.151245 0.0605019
2 0.750545 0.894888 0.212199 0.208463 0.0601584
0 0.967998 0.104876 0.0277473 0.0676133 0.0585108
67 0.376793 0.416845 0.0359992 0.0584287 0.0582026
0 0.217858 0.0586293 0.0177134 0.0385101 0.0565626
2 0.203766 0.0740436 0.0431112 0.0410369 0.0553599
2 0.67045 0.550809 0.111489 0.20066 0.055353
0 0.89223 0.047201 0.0127937 0.0403527 0.054009
0 0.851366 0.0417916 0.0184441 0.0424704 0.0535477
0 0.87052 0.0335637 0.0130104 0.0396158 0.0534181
0 0.892242 0.0496261 0.0127575 0.0432449 0.0532032
0 0.850771 0.042777 0.0202173 0.0455161 0.0522406
0 0.858335 0.104698 0.0232473 0.042309 0.0503619
0 0.97005 0.107799 0.0305325 0.0718533 0.0496443
28 0.752835 0.893749 0.216452 0.211869 0.0491238
28 0.750424 0.893558 0.21501 0.212226 0.0485421
0 0.356381 0.0380084 0.0229219 0.0463644 0.0464543
0 0.852001 0.344094 0.021954 0.0573262 0.0460994
0 0.871464 0.0281017 0.0135418 0.0474628 0.0449596
9 0.125269 0.0120623 0.0181182 0.0241245 0.0448492
67 0.377114 0.416626 0.0343695 0.0579349 0.0429059
0 0.445994 0.0214872 0.0248548 0.0427579 0.0421752
2 0.67003 0.556201 0.116593 0.210888 0.0421118
0 0.389738 0.0602799 0.0253334 0.0817375 0.0402942
2 0.202635 0.0732594 0.038879 0.0380654 0.0388779
0 0.216716 0.0492955 0.014902 0.0238486 0.038092
0 0.0715807 0.085814 0.0392262 0.0473271 0.037971
9 0.126511 0.0159159 0.014642 0.0158257 0.037879
2 0.204836 0.0733137 0.0460963 0.040906 0.0377929
3 0.208789 0.0695535 0.0381559 0.0420436 0.0374659
0 0.650633 0.180093 0.0275406 0.0558993 0.0371689
0 0.649435 0.175113 0.0223761 0.0481724 0.0368556
0 0.891783 0.0373294 0.0139549 0.0401069 0.0363427
0 0.444757 0.0215305 0.026346 0.0430611 0.0362668
0 0.85493 0.103413 0.0252403 0.0397348 0.0361583
9 0.123034 0.0116792 0.0191708 0.0233584 0.0361402
0 0.391284 0.062287 0.0169105 0.0721678 0.0361281
28 0.753778 0.905568 0.189575 0.187569 0.0359277
67 0.37734 0.416413 0.0349003 0.0580559 0.0358789
67 0.376903 0.416284 0.0341655 0.0578169 0.0355583
0 0.393519 0.0541777 0.0196295 0.054147 0.0354348
0 0.218576 0.0678707 0.0176515 0.0338483 0.0348761
0 0.391286 0.0659869 0.016196 0.0706597 0.0348113
0 0.51972 0.0422814 0.0125753 0.0424333 0.0343763
2 0.622709 0.36147 0.0902204 0.150322 0.0339676
28 0.752228 0.89818 0.192074 0.202541 0.0338013
0 0.697863 0.33536 0.0190326 0.0344111 0.0331934
0 0.0862048 0.0729786 0.0290488 0.0593058 0.0328173
2 0.284274 0.0544109 0.0347382 0.0291534 0.0327529
0 0.851902 0.345451 0.0229004 0.0584178 0.0324043
0 0.707156 0.336529 0.025755 0.0356363 0.0323255
0 0.446389 0.0221151 0.0261979 0.0437894 0.0322751
9 0.124354 0.0137501 0.0169844 0.0199497 0.0322207
0 0.854733 0.103958 0.0241829 0.0383585 0.0320916
28 0.754323 0.907577 0.191402 0.183671 0.0320047
0 0.851339 0.34218 0.0236992 0.0543277 0.0312882
67 0.377489 0.416427 0.0354647 0.0604261 0.0297654
2 0.595914 0.148724 0.0360865 0.0170905 0.0297027
0 0.849377 0.342394 0.0265854 0.0571145 0.0288153
2 0.63457 0.0113419 0.03522 0.0187974 0.0286964
0 0.965097 0.121084 0.0244415 0.0401488 0.0286461
0 0.391811 0.0751 0.0165545 0.0533139 0.0281603
0 0.967943 0.103536 0.0272112 0.0645101 0.0275989
0 0.856874 0.101303 0.0218079 0.0420363 0.0270083
0 0.357195 0.0419035 0.0235717 0.0523303 0.0269137
0 0.356379 0.0351237 0.0225938 0.0424137 0.0268367
2 0.635141 0.0118515 0.0334398 0.0176486 0.0265015
0 0.0752808 0.0759197 0.0479781 0.0580222 0.0257718
0 0.655103 0.194495 0.0216208 0.0303565 0.0251327
2 0.28269 0.0557106 0.0340143 0.0280503 0.0250994
0 0.057592 0.0798418 0.0180637 0.0319351 0.0249034
2 0.697724 0.336652 0.0207794 0.0353173 0.0248724
2 0.291262 0.0516429 0.0253972 0.02952 0.0246861
2 0.237169 0.0580007 0.0231737 0.0354709 0.0244956
0 0.991977 0.0526358 0.0152603 0.0413728 0.0243208
0 0.992077 0.0532726 0.0150282 0.039669 0.0240809
0 0.971433 0.0978372 0.0246487 0.0546228 0.0239028
0 0.0730641 0.0815886 0.0416109 0.0522373 0.0237069
0 0.519811 0.0490958 0.0139929 0.0587691 0.0234254
0 0.784035 0.0166987 0.0104343 0.0266769 0.0231428
0 0.625526 0.183857 0.0307154 0.0450069 0.0231343
0 0.977721 0.0561875 0.0134663 0.0337014 0.0230729
0 0.953394 0.0589085 0.0124859 0.0324894 0.0229364
2 0.37729 0.41685 0.0341276 0.0560381 0.0227792
0 0.891755 0.0512654 0.0136879 0.0457349 0.0227643
0 0.848886 0.34077 0.0260612 0.0539833 0.0226033
5 0.48739 0.369709 0.0785235 0.164776 0.0225255
2 0.634444 0.0103819 0.0364103 0.0207638 0.0225049
2 0.294521 0.0484919 0.0192483 0.0288555 0.0221476
2 0.305725 0.0458883 0.0203609 0.027982 0.0218555
0 0.969806 0.0574216 0.0181511 0.029951 0.0217028
2 0.244018 0.0685668 0.0198272 0.0203796 0.0212645
0 0.627364 0.144304 0.0169827 0.0554364 0.0211021
2 0.20531 0.0750272 0.0438681 0.0394408 0.0207434
0 0.393247 0.0557516 0.0209489 0.0706719 0.0204786
0 0.0813949 0.0510208 0.0153221 0.0237119 0.020285
0 0.682855 0.00608502 0.0160254 0.0121102 0.0202616
0 0.844634 0.0424694 0.0186878 0.0461993 0.0202024
2 0.635154 0.182364 0.0558029 0.0548294 0.0200295
0 0.786036 0.0134582 0.0107244 0.0269143 0.019763
0 0.394555 0.0485473 0.0220568 0.0564981 0.0194626
2 0.284417 0.0489704 0.0396522 0.0359991 0.0191131
2 0.596031 0.149108 0.0366364 0.0203882 0.0189754
2 0.283114 0.0498923 0.0338142 0.0319694 0.0189444
0 0.893436 0.0131933 0.0124523 0.0263276 0.0188634
0 0.430507 0.0301524 0.0163768 0.0480286 0.0187838
0 0.0598869 0.0876718 0.0225174 0.0467827 0.0187792
0 0.20734 0.0720155 0.0364678 0.0359808 0.0186268
0 0.441183 0.0253287 0.0163696 0.0451837 0.0186101
0 0.519613 0.0364631 0.0131351 0.0501986 0.0184358
2 0.238783 0.0487945 0.0217897 0.0315824 0.0182436
2 0.23634 0.0496483 0.0231393 0.0318044 0.0180824
0 0.68833 0.00674705 0.0163237 0.0134941 0.0180735
2 0.595853 0.148511 0.0368075 0.0184021 0.0179686
0 0.991245 0.0540556 0.016659 0.0369293 0.0178896
2 0.20617 0.0713406 0.043801 0.0405183 0.017473
7 0.622298 0.361035 0.0894318 0.148909 0.0174697
0 0.447364 0.0250486 0.0233978 0.0388579 0.0172695
0 0.849425 0.0354226 0.0191681 0.0404996 0.0170987
28 0.753076 0.893479 0.207797 0.211256 0.0168157
2 0.19931 0.075975 0.0320975 0.0360368 0.016812
2 0.237686 0.051996 0.0248523 0.0352163 0.0167256
0 0.703948 0.333034 0.0221869 0.032843 0.0165136
0 0.623824 0.184562 0.0324963 0.044462 0.0162512
2 0.633996 0.0103995 0.0367559 0.0207991 0.0162409
0 0.446598 0.0214816 0.0293091 0.0428339 0.0159275
0 0.389703 0.0680782 0.0223099 0.0687407 0.0157989
67 0.376837 0.416502 0.0369735 0.0575142 0.0156534
7 0.670421 0.551574 0.111382 0.201546 0.0156501
0 0.977379 0.0519971 0.0179401 0.0404418 0.0153826
0 0.0751823 0.077752 0.0484558 0.0580445 0.0153646
0 0.854607 0.104498 0.0251659 0.0390123 0.0151913
0 0.0643787 0.0891814 0.0211948 0.0436355 0.0150643
0 0.359487 0.039972 0.0204464 0.047178 0.0149672
0 0.199516 0.0804648 0.0328693 0.0413518 0.0146784
60 0.783918 0.802165 0.430468 0.395163 0.0146482
0 0.952785 0.0600581 0.0139191 0.0341794 0.0144875
0 0.635244 0.154607 0.0396338 0.0766125 0.014464
0 0.979626 0.0572667 0.0125206 0.0345089 0.0143978
0 0.651257 0.181707 0.0245737 0.0540393 0.0143826
0 0.699095 0.335093 0.0215725 0.0371789 0.0142225
0 0.213183 0.064463 0.0248316 0.0322589 0.0141857
5 0.466012 0.533188 0.919878 0.92755 0.0141018
2 0.237576 0.0462128 0.0181548 0.0302827 0.0139651
0 0.843411 0.0445461 0.016803 0.0506944 0.0138655
0 0.632864 0.164545 0.0695309 0.0966989 0.0138135
0 0.430071 0.0256531 0.0160218 0.0493243 0.0136795
0 0.445775 0.0231856 0.0264023 0.0463711 0.0136181
0 0.85103 0.0341444 0.0187799 0.0390081 0.0134443
0 0.629971 0.15959 0.0303258 0.086174 0.0134425
0 0.396703 0.0397257 0.0287131 0.0639892 0.0134028
0 0.892355 0.0254096 0.0152895 0.0508192 0.013208
0 0.652943 0.18253 0.0262241 0.056714 0.0130172
0 0.076157 0.0792898 0.045929 0.0625396 0.0130092
5 0.500435 0.527484 0.982597 0.943561 0.0130086
0 0.99261 0.0554344 0.0140331 0.0382959 0.0129013
0 0.519733 0.0359874 0.0138397 0.0499005 0.0128203
0 0.45657 0.320034 0.0075387 0.0183535 0.0127284
0 0.850022 0.342853 0.0265514 0.0590371 0.0127117
67 0.523407 0.740034 0.133166 0.310283 0.0127084
0 0.446629 0.0245877 0.0235968 0.0382046 0.012699
0 0.63465 0.162261 0.0462765 0.0887843 0.0125862
2 0.596021 0.149303 0.0368805 0.0178547 0.0125644
0 0.861963 0.0352589 0.0121933 0.0349976 0.0124223
2 0.681332 0.606964 0.0898895 0.0775454 0.0123485
2 0.322226 0.0570124 0.0230619 0.0303863 0.0122221
0 0.877268 0.0274195 0.0150433 0.051642 0.0122186
0 0.68661 0.00889994 0.0149839 0.0177999 0.0119549
5 0.487423 0.528669 0.958498 0.942662 0.0117477
2 0.331116 0.0460302 0.0171824 0.0259535 0.0117389
0 0.721394 0.0112472 0.0146809 0.0224657 0.0116757
0 0.971313 0.113866 0.0303606 0.0538764 0.011548
0 0.0559825 0.074798 0.0153573 0.0257289 0.0113804
0 0.361426 0.0436793 0.016924 0.0510506 0.0112034
5 0.873444 0.370608 0.251944 0.539415 0.0110833
