2 0.467846 0.282372 0.0613734 0.0638418 0.752425
2 0.467908 0.283106 0.0612027 0.0628958 0.744709
2 0.468068 0.282703 0.0608704 0.0625478 0.732259
2 0.734245 0.146578 0.0254236 0.0294862 0.723752
2 0.467906 0.282764 0.0613569 0.0640493 0.722388
2 0.639922 0.183142 0.0350374 0.0366919 0.721158
2 0.468179 0.28284 0.0604996 0.0642202 0.720884
2 0.467674 0.282019 0.0620408 0.0633856 0.71126
2 0.734286 0.146143 0.0248812 0.0297438 0.69932
2 0.468034 0.282563 0.0621538 0.0640348 0.695565
2 0.558854 0.268413 0.057689 0.0585267 0.682583
2 0.46807 0.282831 0.0621216 0.0633136 0.681425
2 0.640182 0.182878 0.0366524 0.0361896 0.665795
2 0.559248 0.268313 0.0560463 0.0578456 0.665109
2 0.73456 0.146192 0.0257153 0.0301937 0.66178
2 0.700061 0.199812 0.0356256 0.0419305 0.661443
2 0.63167 0.485079 0.0985939 0.123952 0.640167
2 0.558839 0.26764 0.0573937 0.0582083 0.62667
2 0.734439 0.146109 0.0258942 0.0311225 0.620943
2 0.64011 0.183205 0.0355628 0.0366725 0.614538
2 0.0588278 0.567977 0.117385 0.137761 0.614347
2 0.699639 0.200276 0.0354806 0.0404754 0.606164
2 0.467379 0.28198 0.0616981 0.0646121 0.602394
2 0.558048 0.268056 0.0568447 0.0594434 0.597611
2 0.64009 0.183107 0.0360676 0.0373561 0.596227
2 0.974987 0.275946 0.0426674 0.0577367 0.587465
2 0.70058 0.200375 0.0374149 0.040873 0.576272
2 0.631744 0.48468 0.0970584 0.12519 0.572491
2 0.558994 0.267342 0.0561224 0.0572231 0.567066
2 0.685674 0.17601 0.0316683 0.0355504 0.560961
2 0.558804 0.267902 0.058111 0.0592801 0.55818
2 0.85724 0.133343 0.0223562 0.0251967 0.557293
2 0.974406 0.275643 0.0409298 0.0571333 0.557107
2 0.700815 0.19978 0.0370674 0.0423601 0.555879
2 0.058966 0.566714 0.117932 0.135124 0.555103
2 0.639674 0.182767 0.0348045 0.0367394 0.55358
2 0.631621 0.484844 0.0973166 0.124542 0.552835
2 0.467588 0.282786 0.0611668 0.0630908 0.546007
2 0.686605 0.175384 0.0331526 0.03691 0.544622
2 0.631482 0.48515 0.0971552 0.124615 0.53719
2 0.631835 0.485492 0.0982092 0.1246 0.536004
2 0.6314 0.486028 0.0972454 0.122617 0.530259
2 0.631419 0.484624 0.0976746 0.124536 0.529261
2 0.0591092 0.568229 0.118107 0.139079 0.527202
2 0.631709 0.486157 0.0980118 0.122744 0.520035
2 0.631494 0.485749 0.0975615 0.122605 0.509038
2 0.975382 0.27617 0.0415764 0.0586576 0.500327
2 0.559044 0.267941 0.057963 0.0593615 0.494118
2 0.0589387 0.568409 0.117736 0.140091 0.482915
2 0.924684 0.180188 0.0290482 0.0412455 0.482357
2 0.974677 0.276274 0.0407349 0.0577397 0.46482
2 0.976662 0.276675 0.0460142 0.0599895 0.463728
2 0.64028 0.183261 0.0367435 0.0366343 0.458918
2 0.974797 0.276498 0.0421829 0.0573497 0.451758
2 0.686337 0.175616 0.0322569 0.0360765 0.451553
2 0.0591467 0.568516 0.118293 0.139092 0.449934
2 0.857264 0.134189 0.0224226 0.0253741 0.448865
2 0.558707 0.268214 0.0574665 0.0599118 0.444116
2 0.63957 0.182479 0.0361616 0.0364279 0.438093
2 0.0593484 0.568286 0.118277 0.138906 0.428756
2 0.734132 0.145761 0.0252815 0.0318271 0.418116
2 0.05928 0.568379 0.118224 0.138016 0.417878
2 0.974603 0.27536 0.0412651 0.0577221 0.417467
2 0.687211 0.175692 0.0298297 0.0361813 0.411708
2 0.734715 0.145429 0.0265688 0.031873 0.400058
2 0.976895 0.276057 0.045616 0.0593426 0.396299
2 0.974172 0.275536 0.040321 0.0569292 0.393603
2 0.92467 0.180086 0.0294827 0.0410647 0.393419
2 0.701666 0.201315 0.0372818 0.0433741 0.391419
2 0.924049 0.18161 0.0277763 0.0402135 0.378944
2 0.924348 0.180659 0.0279036 0.0409715 0.375105
2 0.700905 0.201109 0.0372793 0.0429756 0.35712
2 0.557359 0.318441 0.0659023 0.0700052 0.355209
2 0.698257 0.201266 0.0337706 0.0401665 0.353949
2 0.0593771 0.568252 0.118485 0.137321 0.353676
2 0.640337 0.182632 0.036293 0.0367281 0.352836
2 0.90314 0.240862 0.0418118 0.0655434 0.343842
2 0.924443 0.181045 0.0280567 0.0408093 0.33585
2 0.640456 0.182693 0.0364693 0.0369105 0.335528
2 0.894226 0.134799 0.0218773 0.0209707 0.33034
2 0.557807 0.318019 0.0661967 0.0700325 0.327574
2 0.0802629 0.0955022 0.082834 0.0342593 0.323393
2 0.97454 0.274989 0.0401878 0.0576415 0.321271
2 0.0777382 0.0961443 0.0873569 0.035154 0.31409
2 0.924367 0.182469 0.028483 0.0383043 0.313549
2 0.77721 0.0970885 0.0221441 0.0313871 0.31009
2 0.975373 0.276393 0.0421101 0.0593743 0.306028
2 0.856211 0.133033 0.0224726 0.024896 0.305883
2 0.803931 0.715111 0.12899 0.243316 0.305718
2 0.558134 0.317453 0.0656471 0.0699657 0.305661
2 0.0591555 0.568978 0.118076 0.13855 0.302416
2 0.558357 0.268112 0.0600693 0.0603284 0.299796
2 0.90304 0.242568 0.0407585 0.0632373 0.290507
2 0.558609 0.317589 0.06385 0.0704036 0.288989
2 0.558616 0.318075 0.0664057 0.0709019 0.288521
2 0.734421 0.145261 0.0264444 0.0313015 0.286467
2 0.557857 0.318846 0.0671162 0.0702526 0.284869
2 0.902763 0.24091 0.0417425 0.066299 0.27779
2 0.0840401 0.0939512 0.0754388 0.0313641 0.271667
2 0.688752 0.173946 0.0308756 0.0364467 0.269382
2 0.776399 0.0989658 0.0198499 0.028971 0.266405
2 0.631478 0.4874 0.0979294 0.120345 0.257876
2 0.902639 0.242309 0.040876 0.0634916 0.251388
2 0.698536 0.200533 0.0360248 0.0460095 0.245716
2 0.557479 0.318779 0.0657635 0.0702784 0.2375
2 0.701796 0.199831 0.0396717 0.0433939 0.236452
2 0.803365 0.715618 0.128637 0.240567 0.233644
2 0.557248 0.318843 0.0651818 0.0690704 0.23332
2 0.974249 0.275069 0.0393219 0.0572871 0.233079
2 0.902814 0.239938 0.0422752 0.0661696 0.231035
2 0.902729 0.241374 0.0422197 0.0637357 0.230441
2 0.333702 0.0547152 0.0421738 0.0226338 0.230064
7 0.902556 0.240379 0.0419899 0.0660078 0.226432
2 0.702202 0.200052 0.0398519 0.043212 0.222663
2 0.902756 0.240268 0.0413834 0.0663812 0.203325
2 0.333521 0.0542939 0.0431197 0.0236658 0.201174
2 0.0709188 0.09853 0.10154 0.0410024 0.197974
2 0.77565 0.104804 0.0205494 0.0189516 0.197834
2 0.89421 0.135787 0.0221653 0.0201776 0.194409
2 0.46768 0.28187 0.0631965 0.0639744 0.194107
2 0.058407 0.566565 0.116814 0.1421 0.190174
2 0.803726 0.71439 0.129218 0.243901 0.184575
2 0.2964 0.456955 0.112474 0.11189 0.182381
2 0.0781185 0.0939807 0.0868326 0.0336601 0.180651
2 0.333871 0.0554379 0.0457477 0.0224948 0.180435
2 0.0754067 0.0970401 0.0923231 0.0376954 0.179529
2 0.686629 0.174589 0.0345457 0.0391679 0.17655
2 0.803368 0.708711 0.12966 0.253839 0.172906
2 0.804587 0.714283 0.127844 0.247796 0.172068
5 0.803691 0.71392 0.129532 0.245995 0.16978
2 0.699454 0.200163 0.035956 0.0421184 0.16704
2 0.078573 0.0987295 0.0854043 0.0425346 0.161464
2 0.0769204 0.0961271 0.0831853 0.0348122 0.161323
2 0.296478 0.456216 0.112377 0.11286 0.160799
2 0.925222 0.181038 0.0300879 0.0414717 0.160336
2 0.803688 0.714203 0.128224 0.244646 0.155947
2 0.804237 0.710342 0.129578 0.253282 0.155599
5 0.803942 0.712735 0.12837 0.24738 0.154946
2 0.802677 0.709355 0.131805 0.255086 0.151724
2 0.776225 0.0972433 0.0232699 0.0312755 0.149949
2 0.296695 0.45647 0.112922 0.112983 0.146949
7 0.317458 0.442886 0.154716 0.140464 0.139829
2 0.685464 0.174841 0.0372007 0.0393905 0.135908
2 0.0685811 0.0995552 0.102394 0.0433552 0.134563
2 0.082544 0.0913325 0.0762678 0.0285951 0.131542
2 0.903023 0.23954 0.0421627 0.0664514 0.131372
2 0.80196 0.708048 0.13227 0.255729 0.130572
7 0.312117 0.444349 0.143279 0.137538 0.125387
2 0.296142 0.456045 0.111977 0.113522 0.122752
2 0.296888 0.454776 0.113657 0.116612 0.118564
2 0.446077 0.0389497 0.0257186 0.0205932 0.117728
2 0.296449 0.455863 0.112202 0.113744 0.117642
2 0.685118 0.177382 0.0350119 0.0351215 0.115786
2 0.296804 0.45629 0.112937 0.113747 0.115778
2 0.0589343 0.569063 0.117609 0.137112 0.11538
2 0.414867 0.0406613 0.0330885 0.0210116 0.108977
2 0.0766403 0.0944514 0.0890862 0.0340143 0.107672
7 0.317053 0.445027 0.153062 0.137029 0.105072
7 0.0605878 0.0772266 0.120965 0.094197 0.100905
2 0.910964 0.101702 0.0190248 0.0262177 0.100812
2 0.631428 0.483469 0.0981087 0.125857 0.100752
0 0.533335 0.0246122 0.0158924 0.0220428 0.10072
7 0.316853 0.443912 0.152451 0.139883 0.100083
2 0.557788 0.318519 0.0649397 0.0683437 0.097874
7 0.0601988 0.0765031 0.120177 0.0948544 0.0961364
2 0.85817 0.134546 0.0237902 0.0256389 0.0960592
2 0.910538 0.102575 0.0186197 0.0225281 0.0953396
5 0.801829 0.707899 0.132029 0.255652 0.0952134
2 0.893872 0.127401 0.0236511 0.0329803 0.0948818
5 0.797793 0.707799 0.140413 0.257737 0.0945886
2 0.0759182 0.0992624 0.0892453 0.0438896 0.0939951
7 0.317401 0.444708 0.151993 0.138548 0.0930417
2 0.690357 0.180125 0.0271809 0.0263067 0.0911011
2 0.855172 0.134924 0.027282 0.0258456 0.0890896
7 0.0594867 0.0807329 0.118973 0.10607 0.088647
2 0.00963362 0.101439 0.019198 0.0306621 0.0880238
2 0.557681 0.317348 0.065589 0.0664238 0.0872773
2 0.415222 0.041154 0.0328168 0.0223909 0.0822422
2 0.557118 0.317388 0.064797 0.0682677 0.0806154
2 0.640365 0.182564 0.0378679 0.0369648 0.0801372
7 0.316314 0.444549 0.153152 0.139745 0.0776556
7 0.0601985 0.0769647 0.120031 0.0938352 0.0760766
2 0.0828395 0.0974636 0.0782026 0.0375734 0.0737057
0 0.533511 0.0251457 0.0153877 0.0196373 0.073564
2 0.857841 0.133158 0.0242241 0.0265686 0.0713687
2 0.301278 0.453661 0.121719 0.118152 0.0697642
7 0.060832 0.0783918 0.12141 0.0964623 0.0694601
2 0.827829 0.103694 0.0217804 0.0211453 0.0688969
7 0.299535 0.451253 0.117569 0.122328 0.0682417
2 0.910913 0.102225 0.0191656 0.0254293 0.0681143
2 0.446457 0.0384642 0.026587 0.0213743 0.0679439
7 0.90314 0.239342 0.0427839 0.0657482 0.0671959
2 0.446668 0.0381101 0.0270144 0.0220481 0.065826
2 0.446563 0.038659 0.0273123 0.0214359 0.0651237
2 0.974241 0.275053 0.0405106 0.0562829 0.0645901
2 0.81001 0.0937959 0.0185783 0.0273162 0.0636589
2 0.903287 0.239761 0.0423714 0.0666309 0.0635987
2 0.698001 0.19999 0.0406084 0.0429045 0.0621722
5 0.912713 0.102561 0.0205589 0.031328 0.0602428
2 0.0607783 0.103973 0.120972 0.0525841 0.0589549
2 0.903619 0.239319 0.0421696 0.067226 0.0578579
2 0.556307 0.318533 0.0634007 0.0692378 0.0565059
2 0.925218 0.17945 0.0305902 0.0425139 0.0560377
2 0.928202 0.180499 0.0368374 0.0448052 0.0517974
2 0.911017 0.102454 0.0196165 0.0248245 0.051768
2 0.27184 0.0647878 0.0275181 0.0141129 0.0507455
2 0.809219 0.0896549 0.0200882 0.034991 0.0499669
7 0.0432925 0.076852 0.0864237 0.0914706 0.049009
2 0.427362 0.0406918 0.0626392 0.0234512 0.0489073
0 0.00906086 0.101014 0.018021 0.0295636 0.048744
2 0.827288 0.102157 0.0221703 0.0190852 0.0483579
2 0.0641116 0.103586 0.113724 0.0528459 0.0471445
2 0.777856 0.0960992 0.021526 0.0335805 0.0453255
2 0.0590051 0.568222 0.117681 0.139896 0.0450053
2 0.811269 0.0945748 0.0212454 0.0311346 0.0448478
2 0.831244 0.0699078 0.0148678 0.022717 0.0444896
2 0.856973 0.130892 0.0228119 0.0273638 0.0438072
7 0.059621 0.0798576 0.118694 0.108489 0.0432487
2 0.556257 0.319884 0.0628612 0.0675605 0.0413083
7 0.0410098 0.0707709 0.0820197 0.0755693 0.0405092
2 0.559319 0.268227 0.0573868 0.0581525 0.0401723
2 0.0585771 0.567023 0.117154 0.143704 0.0399808
2 0.0605257 0.0813775 0.120409 0.0893764 0.0399333
2 0.0606922 0.0925008 0.121177 0.0786272 0.0383101
2 0.92373 0.181937 0.0282475 0.0406322 0.0382333
2 0.974266 0.275127 0.0409 0.0568167 0.0371834
2 0.559589 0.315966 0.0696459 0.0700006 0.0368932
2 0.0891223 0.0952424 0.064768 0.0334215 0.0366338
2 0.810902 0.0989678 0.0165562 0.0202238 0.0357432
2 0.828976 0.0989872 0.0245268 0.030542 0.0357339
7 0.411579 0.026025 0.102021 0.05205 0.0353024
2 0.690183 0.175935 0.0388014 0.0407111 0.0352465
7 0.060239 0.0812304 0.120478 0.110114 0.0350918
2 0.538165 0.341349 0.0253575 0.0256518 0.0347511
2 0.328102 0.0561733 0.0556569 0.0251462 0.0343306
2 0.686624 0.174229 0.0344351 0.0385558 0.0342465
2 0.696907 0.204895 0.0344574 0.0350996 0.0342215
2 0.0682853 0.0979516 0.0993475 0.04075 0.0341382
7 0.0409931 0.0738528 0.0819861 0.0773042 0.0340567
7 0.412846 0.0254671 0.101353 0.0509341 0.0338711
2 0.559538 0.266496 0.0561614 0.0542364 0.0327253
2 0.335628 0.055454 0.0542513 0.0286997 0.0320625
2 0.880587 0.108376 0.018528 0.0230494 0.0316005
2 0.0603119 0.105059 0.120624 0.0558275 0.0305142
2 0.855458 0.133436 0.0267799 0.0271606 0.0304563
7 0.41166 0.0262609 0.103739 0.0525218 0.0299582
2 0.928685 0.18112 0.0384033 0.0441706 0.029922
2 0.15783 0.0866639 0.0636285 0.015896 0.0293041
2 0.53839 0.340837 0.0258659 0.0241062 0.0292025
6 0.364884 0.428781 0.247023 0.166564 0.0284915
2 0.333726 0.0534604 0.0446791 0.0249111 0.0281011
2 0.0607988 0.105638 0.120943 0.0526831 0.0276885
5 0.889143 0.119753 0.0306133 0.0471847 0.0274838
2 0.892686 0.135122 0.0258022 0.0233429 0.026013
2 0.780851 0.0959678 0.0288761 0.0324125 0.0254234
2 0.556374 0.300495 0.0554143 0.0310578 0.0254156
7 0.0410605 0.0736345 0.082121 0.0768037 0.0250819
2 0.161533 0.086622 0.0786743 0.0156207 0.0248915
2 0.763217 0.104677 0.0280419 0.0173184 0.0244148
7 0.0402065 0.0722714 0.080413 0.0751228 0.0244031
2 0.271592 0.0646286 0.028143 0.0150753 0.0243478
5 0.390853 0.027734 0.144841 0.055468 0.0242427
2 0.32567 0.0565714 0.0651326 0.0241269 0.0240156
2 0.061883 0.103012 0.118961 0.0521664 0.0238559
2 0.809501 0.0925666 0.0192263 0.033067 0.0234844
2 0.701805 0.199575 0.0415552 0.0427846 0.0232183
5 0.386242 0.0299767 0.154823 0.0599535 0.0231171
2 0.196967 0.0899669 0.156622 0.031978 0.0226034
2 0.733194 0.14622 0.0253872 0.0361442 0.0217442
0 0.033886 0.0962648 0.0242122 0.0352891 0.0217383
5 0.913019 0.100165 0.0231667 0.0385934 0.0215167
2 0.809575 0.715241 0.116929 0.239183 0.0211966
2 0.329917 0.0568581 0.0567536 0.027652 0.020939
0 0.535217 0.0245577 0.0210223 0.0223597 0.0207378
6 0.363872 0.425789 0.247777 0.170726 0.0201188
2 0.896394 0.135442 0.0246548 0.0242119 0.0199934
2 0.0601663 0.0858314 0.120154 0.087016 0.0199193
7 0.0402407 0.0726864 0.0801426 0.0824269 0.0198819
2 0.90264 0.244057 0.0397106 0.0605487 0.0198784
2 0.0730571 0.0958145 0.0802461 0.0349052 0.0198006
2 0.831923 0.1064 0.0234924 0.0230739 0.0197338
2 0.157963 0.0934127 0.0793505 0.0279592 0.0196104
2 0.975118 0.289536 0.0402798 0.039921 0.019388
2 0.0684 0.101838 0.105105 0.0483393 0.0193755
2 0.165797 0.0944844 0.0917083 0.0366357 0.0190451
2 0.891554 0.129538 0.0267475 0.0325642 0.0186832
2 0.163189 0.0937419 0.0893224 0.0292396 0.0185975
7 0.41297 0.0260541 0.0993643 0.0518272 0.0182131
2 0.468006 0.283284 0.0609702 0.0641073 0.0181932
5 0.396131 0.389146 0.307844 0.249041 0.0179908
7 0.0402125 0.0741741 0.0801263 0.0875428 0.0176777
2 0.325345 0.0572315 0.0625936 0.0268727 0.0174534
0 0.0362514 0.0955936 0.0270599 0.0354503 0.0173012
7 0.0603765 0.0754987 0.120753 0.0940274 0.0171631
5 0.386395 0.0306957 0.152223 0.0613914 0.0169379
7 0.411162 0.026787 0.101567 0.0527564 0.0166356
2 0.809593 0.713628 0.117616 0.240005 0.0165852
2 0.0102175 0.105565 0.020435 0.0384486 0.0165245
2 0.33426 0.053244 0.0451291 0.0246904 0.0164566
7 0.38624 0.0301471 0.153331 0.0602051 0.0161954
