2 0.393551 0.32259 0.0740825 0.0738212 0.820796
2 0.393619 0.322718 0.0735561 0.072763 0.815547
2 0.393713 0.322591 0.0736148 0.0723945 0.805684
2 0.393796 0.322481 0.0740387 0.0733168 0.78903
2 0.393286 0.322709 0.0731286 0.0710154 0.787272
2 0.393436 0.323127 0.0737319 0.0718187 0.786878
2 0.393816 0.322388 0.0739354 0.0731585 0.7648
2 0.551167 0.261089 0.0579227 0.0650774 0.754775
2 0.638339 0.418442 0.0915389 0.101722 0.754046
2 0.698381 0.491702 0.102023 0.139937 0.753959
2 0.757907 0.24339 0.0428253 0.0585777 0.749169
2 0.63843 0.418415 0.0918447 0.101404 0.74289
2 0.0563272 0.487973 0.112522 0.141445 0.742185
2 0.697847 0.491286 0.101943 0.138796 0.741265
2 0.802292 0.277453 0.0488785 0.0656366 0.738306
2 0.698066 0.491497 0.102087 0.139097 0.728347
2 0.0566897 0.488602 0.113379 0.14276 0.727268
2 0.638693 0.418246 0.0923984 0.101466 0.726303
2 0.75757 0.24344 0.042936 0.0579552 0.723318
2 0.69821 0.491304 0.102172 0.138326 0.715383
2 0.0569074 0.488693 0.113724 0.142866 0.71279
2 0.69832 0.491578 0.102016 0.139542 0.710997
2 0.80287 0.276959 0.0486307 0.0646983 0.706945
2 0.638362 0.418263 0.0914043 0.101293 0.705694
2 0.551725 0.260961 0.0572835 0.0642582 0.703937
2 0.0565305 0.488614 0.11281 0.142016 0.698739
2 0.638703 0.418181 0.0914755 0.101343 0.688959
2 0.550777 0.260894 0.0591969 0.0653 0.685948
2 0.698145 0.491498 0.101875 0.138729 0.684822
2 0.697662 0.491705 0.102825 0.139331 0.68351
2 0.0564671 0.488068 0.112671 0.140885 0.682454
2 0.7574 0.242563 0.0438555 0.0575477 0.681661
2 0.802757 0.277438 0.0480743 0.0655855 0.679793
2 0.802752 0.277789 0.0481356 0.0653497 0.675008
2 0.0568525 0.48827 0.113705 0.141377 0.673111
2 0.550891 0.26099 0.0572043 0.0654331 0.669493
2 0.638737 0.417913 0.0918633 0.101102 0.661398
2 0.802546 0.277745 0.0485436 0.0651631 0.66126
2 0.551896 0.261009 0.0572732 0.0650934 0.658659
2 0.0562339 0.488278 0.112214 0.141029 0.655666
2 0.63842 0.418026 0.091818 0.100375 0.655493
2 0.638169 0.418131 0.09132 0.100958 0.65178
2 0.660096 0.173428 0.0361973 0.0390398 0.651623
2 0.056324 0.488614 0.112648 0.141789 0.643694
2 0.638399 0.418246 0.0921349 0.101366 0.643456
2 0.757908 0.243314 0.0425385 0.0583529 0.642822
2 0.551224 0.260903 0.0575886 0.0649998 0.63879
2 0.0570615 0.48792 0.114123 0.140349 0.631127
2 0.698286 0.491427 0.101997 0.139424 0.615351
2 0.551333 0.260651 0.0581936 0.0635373 0.609285
2 0.551257 0.260774 0.0579412 0.0655697 0.601853
2 0.660065 0.174187 0.0366473 0.0386093 0.598187
2 0.802608 0.277119 0.0486912 0.067139 0.589175
2 0.551277 0.260388 0.0580405 0.0642762 0.577331
2 0.660194 0.173639 0.035927 0.0397795 0.574765
2 0.551461 0.260735 0.0579578 0.066048 0.567347
2 0.802635 0.278141 0.0489199 0.0649429 0.562314
2 0.867186 0.161481 0.0293381 0.0382581 0.559687
2 0.698165 0.491552 0.101635 0.139688 0.556464
2 0.802831 0.277654 0.0491005 0.0657884 0.555948
2 0.55134 0.260972 0.0578832 0.0629627 0.546299
2 0.758111 0.243475 0.0425289 0.0584935 0.544835
2 0.757735 0.243097 0.043709 0.0584033 0.52589
2 0.757825 0.243319 0.0435059 0.0582904 0.522658
2 0.659771 0.174049 0.0361801 0.040032 0.518492
2 0.758387 0.243636 0.0440741 0.0578516 0.510689
2 0.897441 0.232965 0.0388714 0.0562186 0.505591
2 0.660103 0.173872 0.0361288 0.0396903 0.505084
2 0.757504 0.242328 0.0428703 0.0582121 0.50292
2 0.863637 0.355082 0.0606831 0.0908183 0.483943
2 0.967144 0.369389 0.0612846 0.0887102 0.48117
2 0.524966 0.230582 0.0501413 0.0738675 0.477451
2 0.863484 0.354805 0.0600275 0.0907467 0.470611
2 0.745405 0.14336 0.0302613 0.0326424 0.468846
2 0.86741 0.16209 0.028726 0.0385797 0.468175
2 0.897396 0.233805 0.0389097 0.0549248 0.466117
2 0.967282 0.369254 0.0614834 0.0890298 0.465176
2 0.659511 0.174244 0.0352732 0.0401567 0.447474
2 0.867342 0.161383 0.0293251 0.0377513 0.446626
2 0.867519 0.160905 0.0281487 0.0381116 0.44514
2 0.86423 0.355286 0.0606815 0.0922097 0.444256
2 0.897496 0.233656 0.0387091 0.0547342 0.441065
2 0.863934 0.355799 0.0597343 0.0925116 0.435734
2 0.897794 0.233146 0.0388552 0.0557491 0.426314
2 0.745086 0.144052 0.0300681 0.0345382 0.42591
2 0.84359 0.130687 0.0250141 0.031042 0.423961
2 0.744859 0.143968 0.0292636 0.0332565 0.420669
2 0.864456 0.355255 0.0618301 0.0917288 0.41972
2 0.842647 0.132162 0.0265133 0.0294538 0.418268
2 0.89672 0.234399 0.0381943 0.0552909 0.415663
2 0.745476 0.142837 0.0304695 0.0329751 0.396914
2 0.524529 0.230656 0.0512576 0.0713254 0.396373
2 0.843535 0.130158 0.0246101 0.032586 0.379289
2 0.867894 0.161381 0.0279928 0.0382683 0.377197
2 0.864618 0.355122 0.0610413 0.0921384 0.375667
2 0.393399 0.322493 0.0728681 0.072557 0.366443
2 0.842784 0.131278 0.0272913 0.0322958 0.361087
2 0.551591 0.261374 0.0565748 0.0640993 0.357523
2 0.524657 0.228895 0.0508675 0.069601 0.356632
2 0.864992 0.35514 0.0621105 0.0915342 0.346453
2 0.967169 0.369268 0.062294 0.0885244 0.342399
2 0.966336 0.367383 0.0593565 0.0859491 0.332543
2 0.897117 0.234232 0.0378956 0.0549442 0.326668
2 0.745616 0.142394 0.0309114 0.0327493 0.325763
2 0.659918 0.173583 0.0359964 0.039214 0.321628
2 0.745563 0.142648 0.0305531 0.0330744 0.315187
2 0.524117 0.233223 0.0509397 0.0667255 0.314532
2 0.897224 0.23347 0.0395779 0.0561425 0.308814
2 0.968167 0.369833 0.0631233 0.0912107 0.306313
2 0.798629 0.0859658 0.0188931 0.0206426 0.306024
2 0.659744 0.172988 0.0359619 0.0398223 0.304633
2 0.968228 0.370159 0.0630772 0.0913007 0.302671
2 0.843304 0.131128 0.0258324 0.0314987 0.278555
2 0.966176 0.366575 0.0596451 0.0856608 0.277815
2 0.867083 0.161044 0.02864 0.0385698 0.272654
2 0.745316 0.143191 0.0304867 0.0338943 0.27239
2 0.744307 0.144257 0.029344 0.0344911 0.270401
2 0.862357 0.356285 0.0576479 0.0896915 0.268211
2 0.804281 0.0884341 0.0302006 0.0194106 0.266587
2 0.897959 0.232661 0.0389843 0.0559612 0.263957
2 0.798343 0.0874345 0.0181412 0.0184315 0.263914
2 0.524405 0.228301 0.048577 0.0672261 0.249961
2 0.524374 0.230764 0.0509831 0.0720405 0.241303
2 0.0562073 0.488716 0.112285 0.141921 0.236836
2 0.800759 0.0869125 0.0233698 0.0219085 0.229036
2 0.393999 0.322532 0.0742382 0.073024 0.228532
2 0.862291 0.355204 0.057234 0.0911824 0.227541
5 0.976096 0.24671 0.0411636 0.0632955 0.224369
2 0.765812 0.0789768 0.0172932 0.0198942 0.220152
5 0.975153 0.246626 0.0389921 0.0640985 0.218598
2 0.84288 0.130737 0.0266754 0.0326071 0.214291
2 0.898063 0.232536 0.0395321 0.0558876 0.21047
2 0.966586 0.368422 0.0585112 0.0871543 0.208368
2 0.659356 0.173809 0.0358541 0.0400421 0.205791
2 0.524352 0.220392 0.0480508 0.0500273 0.203944
2 0.638484 0.418011 0.0942276 0.103183 0.203558
2 0.868425 0.161716 0.0301277 0.0387813 0.201302
2 0.524323 0.230746 0.0509985 0.0707209 0.196313
2 0.975121 0.24733 0.0409578 0.0643108 0.1925
2 0.868579 0.162085 0.0295746 0.0383821 0.191059
2 0.518473 0.244767 0.0393422 0.0458971 0.186223
2 0.842914 0.130358 0.0267326 0.0322884 0.179711
2 0.745686 0.14241 0.0313981 0.0339835 0.179705
2 0.523039 0.243904 0.047975 0.0475198 0.178951
2 0.525077 0.230277 0.0503347 0.0719103 0.178302
2 0.802656 0.277549 0.0488741 0.0644236 0.173285
2 0.896441 0.237835 0.0359806 0.0488335 0.171396
2 0.522681 0.235214 0.0479149 0.0618408 0.167545
2 0.813702 0.0898798 0.0182653 0.0201827 0.16225
2 0.964886 0.0653606 0.0158199 0.0189521 0.161193
2 0.80247 0.277712 0.049527 0.0658989 0.159375
2 0.524907 0.22269 0.0498007 0.0578677 0.153013
5 0.975606 0.247439 0.0411579 0.0642301 0.152274
2 0.862295 0.374487 0.056624 0.0553791 0.151493
2 0.865125 0.355172 0.0628929 0.0926149 0.14802
2 0.896896 0.235216 0.0385466 0.0533364 0.147021
2 0.697992 0.491828 0.10149 0.13973 0.146928
2 0.514474 0.246486 0.0305449 0.0433805 0.144246
2 0.974904 0.246196 0.0392002 0.0623137 0.137662
2 0.897375 0.232921 0.0385006 0.0553875 0.136001
2 0.659963 0.17319 0.036309 0.0401453 0.133955
2 0.863684 0.355457 0.0622883 0.091936 0.133885
2 0.75753 0.241943 0.0434422 0.0581451 0.12977
2 0.52458 0.21888 0.0485785 0.0490117 0.129462
2 0.862259 0.374416 0.0566486 0.0558947 0.127922
2 0.393536 0.322435 0.0731899 0.0712586 0.123128
2 0.844425 0.130452 0.0276886 0.0331836 0.12138
2 0.745214 0.143039 0.0306234 0.033307 0.117846
2 0.896154 0.239242 0.0362133 0.0466584 0.117785
2 0.757623 0.243395 0.0428364 0.0577116 0.112548
2 0.638716 0.4185 0.092337 0.100104 0.108848
2 0.0616393 0.455279 0.100924 0.0755864 0.106223
2 0.897756 0.233557 0.0393776 0.0564639 0.104887
2 0.523782 0.225545 0.0495594 0.0597107 0.101905
5 0.907767 0.0668503 0.0240644 0.0520851 0.10116
2 0.698167 0.491604 0.101946 0.138759 0.101028
2 0.965917 0.367919 0.0594038 0.0869862 0.0967217
2 0.765285 0.0805724 0.0181404 0.0214496 0.0909586
2 0.977131 0.247392 0.0448536 0.0650409 0.0830224
5 0.890518 0.0738958 0.0212593 0.0336725 0.0825232
2 0.0139895 0.598386 0.0278235 0.0953461 0.0819743
2 0.698359 0.491233 0.102002 0.139205 0.081886
5 0.906913 0.0702217 0.0248878 0.0469733 0.0806137
5 0.89884 0.067225 0.0405544 0.0490849 0.0796969
2 0.659129 0.175443 0.034894 0.0400209 0.0793962
2 0.550763 0.260357 0.0583405 0.0646245 0.0787087
2 0.0791019 0.0952404 0.0631702 0.0222827 0.0771515
2 0.0134236 0.584697 0.0266016 0.0613971 0.0751593
2 0.523332 0.242145 0.0476559 0.0488742 0.0746008
2 0.059771 0.451831 0.103024 0.0677034 0.0727557
2 0.0136954 0.599416 0.0271256 0.091768 0.0721812
2 0.0797542 0.0956283 0.0606853 0.022825 0.0707861
2 0.81345 0.0882371 0.0187794 0.02089 0.0697258
5 0.975502 0.245979 0.0409252 0.0629855 0.0694836
7 0.0572551 0.0724855 0.11401 0.0935342 0.066009
0 0.0505054 0.0663097 0.0629024 0.0830557 0.0659914
5 0.933401 0.0800896 0.0329489 0.0447715 0.0659904
2 0.0672497 0.10023 0.0922463 0.0316866 0.0646857
2 0.808547 0.0887541 0.0256015 0.0195744 0.0646149
2 0.8029 0.27811 0.0485324 0.06662 0.0644142
5 0.889485 0.0723954 0.0234344 0.0366826 0.0642648
5 0.889108 0.0742148 0.022385 0.0339585 0.0632324
0 0.00928216 0.0955093 0.0184084 0.029935 0.0631918
2 0.0769007 0.0957754 0.0681239 0.0248065 0.0600606
2 0.39349 0.323659 0.0731757 0.0736489 0.0594849
2 0.153061 0.0808971 0.0715585 0.0245757 0.0593814
2 0.0137928 0.594406 0.0273651 0.0813974 0.0586209
2 0.0152829 0.60218 0.0305133 0.100141 0.0577177
2 0.0136963 0.58706 0.0270194 0.0672195 0.0575533
2 0.0138776 0.602068 0.0275175 0.101383 0.0565504
2 0.152736 0.0795612 0.07233 0.0205151 0.0565176
2 0.393784 0.323309 0.0740488 0.072116 0.0555966
2 0.697801 0.491376 0.101811 0.138234 0.0554569
2 0.974748 0.246341 0.0376148 0.0631521 0.0544782
9 0.942811 0.0784378 0.0155548 0.0219011 0.0537012
7 0.0570359 0.0705994 0.112652 0.0907725 0.0528665
7 0.0582264 0.0699319 0.10994 0.0898419 0.0515609
2 0.0138029 0.585812 0.0275031 0.0642134 0.0513468
2 0.528222 0.213478 0.0409433 0.036133 0.0509815
0 0.0561203 0.0667702 0.0757007 0.0836514 0.0488334
2 0.867714 0.162807 0.0286341 0.0391705 0.0468018
5 0.889921 0.0752291 0.0199406 0.0322761 0.046141
7 0.0538527 0.0730841 0.107487 0.0941182 0.045958
5 0.975506 0.251649 0.0388195 0.0541224 0.0458616
5 0.909415 0.0685564 0.0240683 0.0531562 0.0452828
2 0.524189 0.23611 0.0513477 0.0620543 0.0449981
2 0.974623 0.236322 0.037849 0.0446446 0.0445322
2 0.0142596 0.602747 0.0282986 0.102509 0.0445194
2 0.896627 0.23976 0.0368547 0.0452809 0.0438223
2 0.0590026 0.101238 0.109644 0.0372474 0.0436557
2 0.975123 0.250617 0.0385883 0.0577181 0.0430417
2 0.930215 0.0929383 0.0219448 0.0218166 0.042619
2 0.76488 0.0799644 0.0210373 0.0225973 0.0420457
2 0.0141469 0.601918 0.0280421 0.0980425 0.0419565
2 0.161752 0.0769324 0.0528893 0.0159886 0.041854
7 0.0576449 0.0750925 0.115027 0.0986833 0.0416963
5 0.910829 0.0734334 0.0239922 0.0427178 0.0405086
2 0.867948 0.162684 0.0282644 0.0390249 0.039525
7 0.0566919 0.0777522 0.113326 0.103876 0.038996
0 0.00951712 0.0961915 0.0188814 0.0321923 0.0378918
7 0.0578041 0.0756722 0.115299 0.0989284 0.03783
0 0.00917473 0.0898665 0.0183495 0.0409159 0.0369656
2 0.32483 0.0474527 0.0342899 0.0122989 0.0366124
2 0.0718514 0.0993725 0.0842925 0.0291619 0.0361158
2 0.65971 0.175267 0.0370376 0.0405251 0.034699
2 0.865884 0.350862 0.0612179 0.0829882 0.034641
2 0.748923 0.1434 0.0370105 0.0354305 0.0341859
2 0.86472 0.349642 0.0601885 0.0807771 0.0341615
2 0.0134576 0.590308 0.026699 0.081942 0.0339886
0 0.0361605 0.0930473 0.0251279 0.0297046 0.0338411
2 0.161785 0.0777186 0.055453 0.0195418 0.0334751
2 0.0151358 0.603044 0.0299595 0.098738 0.0334621
2 0.966715 0.367083 0.0595486 0.0847813 0.0329733
5 0.929502 0.0758714 0.034128 0.0511092 0.0328735
2 0.862015 0.374594 0.0559975 0.056205 0.0322197
2 0.84228 0.127774 0.0271523 0.0383662 0.0320641
0 0.0585604 0.0652053 0.0753853 0.0837469 0.0314171
0 0.0585891 0.065464 0.0401686 0.0812102 0.03103
5 0.977067 0.248029 0.0449917 0.0669839 0.0300098
7 0.0396673 0.0669941 0.0792452 0.0814378 0.029118
2 0.766057 0.0782024 0.0183912 0.0208162 0.0283878
2 0.975898 0.229112 0.0318613 0.032154 0.0278701
0 0.0667412 0.0658968 0.0927354 0.0851584 0.0276014
2 0.658245 0.177199 0.0335805 0.0365603 0.027447
2 0.0141409 0.583631 0.0282818 0.0634236 0.0270834
2 0.863987 0.355411 0.0601162 0.0931506 0.0270712
2 0.758004 0.243538 0.0420053 0.0590918 0.0263995
7 0.0572297 0.0687921 0.111896 0.088086 0.0261131
7 0.0580849 0.0770924 0.115628 0.105985 0.0258345
2 0.325968 0.0466222 0.0349848 0.0111929 0.0255315
2 0.84237 0.0468397 0.0187279 0.0165513 0.0255244
2 0.967267 0.367631 0.0629822 0.0859678 0.0255086
5 0.934032 0.0766878 0.0347815 0.0500352 0.0253982
2 0.96411 0.0659734 0.0192713 0.0196573 0.0249853
2 0.057032 0.445895 0.102946 0.0564663 0.0249583
2 0.158681 0.0763991 0.0591731 0.0193503 0.0249371
2 0.965289 0.0648273 0.015818 0.0199375 0.023956
7 0.0577214 0.0742093 0.114465 0.0971985 0.0232708
5 0.892116 0.0705212 0.0341171 0.0418168 0.0232345
5 0.892445 0.0723393 0.0230806 0.0376509 0.0226838
5 0.903455 0.071043 0.0323078 0.0486119 0.0213558
2 0.393114 0.32268 0.0724156 0.0718098 0.0211302
2 0.0628712 0.450805 0.0990612 0.0651906 0.0206935
7 0.0386431 0.0691068 0.0768404 0.08579 0.0204381
2 0.0649649 0.454812 0.0965689 0.0732975 0.0202989
0 0.0118549 0.0850785 0.0230356 0.0476371 0.0200525
2 0.868643 0.161318 0.0311771 0.038827 0.0200125
7 0.0424978 0.0700021 0.0844263 0.0872734 0.0198509
0 0.0137878 0.084056 0.0233136 0.0468548 0.0191981
2 0.0816982 0.097197 0.0691167 0.0254925 0.0191429
79 0.894174 0.959908 0.0224468 0.0795416 0.0188036
5 0.895995 0.0708589 0.0303522 0.0418345 0.0184635
2 0.525371 0.230956 0.0505854 0.0691263 0.0176018
5 0.977485 0.247299 0.0436764 0.0691024 0.0174402
2 0.151058 0.0874355 0.0790325 0.0335877 0.0173316
2 0.045924 0.517528 0.091848 0.0875746 0.0172518
2 0.054968 0.608795 0.109639 0.106612 0.016927
0 0.0119563 0.0915892 0.0232483 0.0364619 0.0169044
2 0.162596 0.0760418 0.0521015 0.0171227 0.0166301
2 0.866467 0.33923 0.0604439 0.0590722 0.0165854
