5 0.771812 0.181201 0.171862 0.259222 0.856097
5 0.771669 0.181785 0.172734 0.261479 0.803447
5 0.7718 0.182 0.17197 0.260108 0.794049
5 0.771433 0.182161 0.172941 0.260337 0.768488
5 0.100976 0.378731 0.201547 0.442424 0.713043
5 0.771616 0.181863 0.170483 0.260617 0.704014
5 0.101202 0.387411 0.201983 0.461378 0.702513
5 0.100937 0.380716 0.201875 0.44638 0.697829
5 0.771322 0.182881 0.17301 0.260552 0.688865
5 0.771554 0.18221 0.172127 0.261438 0.682382
5 0.101145 0.38941 0.202289 0.466223 0.673026
2 0.816788 0.551035 0.152806 0.212359 0.666356
5 0.101174 0.390887 0.201486 0.467734 0.66026
5 0.101078 0.39075 0.202157 0.467093 0.656913
5 0.100896 0.380722 0.200835 0.446381 0.654119
5 0.10158 0.391027 0.202308 0.468014 0.645917
2 0.81695 0.550253 0.15423 0.213073 0.630104
2 0.476132 0.173353 0.0539387 0.0741706 0.626471
5 0.101253 0.393574 0.20221 0.473135 0.623411
5 0.100986 0.367803 0.201558 0.423139 0.621172
2 0.817401 0.550958 0.152682 0.210382 0.610181
2 0.475717 0.173676 0.0537117 0.0742899 0.587634
2 0.58918 0.302731 0.0788628 0.13877 0.577343
2 0.589373 0.302727 0.0794143 0.138608 0.575779
2 0.47561 0.173093 0.053401 0.0738565 0.571529
5 0.245297 0.144844 0.135199 0.180406 0.56516
2 0.58924 0.302335 0.0788448 0.138736 0.55876
5 0.245833 0.144805 0.136242 0.17888 0.542652
2 0.589502 0.302385 0.078969 0.139406 0.542478
2 0.476094 0.172946 0.0535335 0.0736932 0.539436
2 0.475564 0.172998 0.054373 0.0732996 0.527786
2 0.475642 0.172334 0.0545699 0.0736204 0.519806
2 0.58912 0.302697 0.078759 0.138671 0.502745
2 0.475632 0.173141 0.0548803 0.0737352 0.50066
2 0.475465 0.172874 0.0550022 0.0731081 0.491323
5 0.245084 0.144351 0.136533 0.181042 0.474702
5 0.663721 0.160802 0.118038 0.230946 0.441546
5 0.662393 0.162999 0.119359 0.226239 0.440748
5 0.648066 0.0322633 0.0724621 0.0631767 0.403291
5 0.661883 0.162724 0.12042 0.22937 0.397866
2 0.589203 0.302605 0.079122 0.138653 0.391985
5 0.2456 0.143892 0.136308 0.181445 0.385983
5 0.647077 0.0324905 0.0746721 0.0649809 0.375912
5 0.646227 0.0331051 0.0771092 0.0646175 0.374867
5 0.647723 0.0324606 0.0733423 0.0638167 0.360849
0 0.935435 0.104982 0.0194735 0.0531591 0.359582
0 0.935503 0.104998 0.0200468 0.0526327 0.3443
2 0.589389 0.302397 0.079096 0.139164 0.33067
5 0.244857 0.143513 0.13477 0.177919 0.330549
2 0.548113 0.0318363 0.0287096 0.0339635 0.327071
5 0.589495 0.302537 0.0791401 0.138192 0.309209
5 0.663033 0.164233 0.119765 0.227801 0.305171
5 0.648099 0.032927 0.0721933 0.065854 0.299265
2 0.476728 0.172865 0.0538973 0.0729651 0.297308
2 0.6016 0.0289908 0.0260461 0.0378686 0.294668
2 0.547953 0.0328157 0.0288939 0.0326206 0.292658
2 0.548208 0.0325683 0.0283327 0.0334886 0.29211
5 0.663097 0.16248 0.118928 0.226245 0.290968
5 0.589098 0.302838 0.0789795 0.137794 0.287914
2 0.601448 0.0287855 0.0255991 0.0388115 0.281789
5 0.589112 0.302579 0.0786295 0.138414 0.27405
2 0.601318 0.028549 0.0259302 0.0394422 0.272289
0 0.935216 0.104498 0.0206507 0.0534275 0.266256
2 0.686232 0.665265 0.140531 0.25799 0.257508
2 0.548473 0.0312015 0.0285784 0.0354529 0.255131
2 0.0813685 0.735177 0.162737 0.380488 0.250538
5 0.244531 0.143941 0.134734 0.176407 0.250452
0 0.80633 0.0640449 0.0140718 0.029388 0.248754
5 0.66362 0.160914 0.118348 0.231196 0.245911
5 0.772419 0.179245 0.170172 0.264959 0.245475
2 0.418353 0.059261 0.0291862 0.0490953 0.244467
5 0.663437 0.168423 0.117359 0.2113 0.2399
0 0.935883 0.105764 0.0203091 0.0531179 0.238582
2 0.6016 0.0287463 0.026239 0.0403529 0.2361
0 0.806245 0.0634149 0.0137093 0.02961 0.234884
67 0.687976 0.662735 0.139219 0.256947 0.234441
5 0.771906 0.182306 0.171046 0.261256 0.233877
5 0.664359 0.160754 0.118467 0.226724 0.231049
2 0.601143 0.0284541 0.025592 0.0377154 0.229256
2 0.0816587 0.734644 0.162965 0.38067 0.228471
0 0.936032 0.105497 0.0209808 0.0537147 0.227821
0 0.978717 0.1303 0.0194908 0.0321916 0.225235
5 0.646825 0.0333714 0.0755186 0.0648357 0.215779
2 0.0810617 0.736005 0.162123 0.379145 0.215508
2 0.601623 0.0287006 0.0255739 0.0406115 0.214652
5 0.663837 0.162985 0.117639 0.221706 0.214626
2 0.0823172 0.735761 0.163876 0.379463 0.206433
5 0.77058 0.178774 0.175678 0.257026 0.201142
5 0.664174 0.165307 0.118635 0.217735 0.194844
2 0.815992 0.550582 0.154788 0.212601 0.193435
5 0.650102 0.0306692 0.0696257 0.0607265 0.19321
2 0.548564 0.0311094 0.0290787 0.0353311 0.19321
2 0.685479 0.667491 0.142665 0.262533 0.185367
2 0.476575 0.173073 0.0516902 0.0749719 0.184354
5 0.664815 0.159881 0.117665 0.230913 0.183014
5 0.243779 0.144005 0.134511 0.177292 0.179946
3 0.377138 0.142831 0.0395521 0.0701141 0.179813
2 0.54898 0.0302621 0.0287928 0.0371824 0.17636
0 0.936077 0.104967 0.0213865 0.0541333 0.17618
0 0.976958 0.138614 0.023341 0.0461144 0.175751
2 0.0817372 0.736041 0.162859 0.376941 0.175243
2 0.0811324 0.735512 0.161849 0.377854 0.174073
2 0.816523 0.550515 0.155679 0.212454 0.172729
0 0.935713 0.105366 0.0206329 0.0540155 0.172244
5 0.816179 0.550253 0.155013 0.211575 0.171346
3 0.376724 0.143833 0.039751 0.0696773 0.170074
2 0.686478 0.664595 0.142064 0.259055 0.169964
0 0.976878 0.136283 0.0238766 0.0425037 0.169204
2 0.564436 0.0920451 0.0364057 0.0507059 0.168761
5 0.665232 0.162322 0.116891 0.225283 0.164607
5 0.244619 0.142617 0.134062 0.178392 0.163507
2 0.6858 0.664926 0.141585 0.258341 0.163131
2 0.565741 0.0841944 0.0333569 0.0366726 0.158438
2 0.81681 0.550924 0.154127 0.211359 0.158372
2 0.418757 0.0632436 0.0282835 0.0425911 0.158108
2 0.377011 0.141415 0.0411433 0.0737538 0.158097
5 0.81666 0.549371 0.155023 0.209464 0.156831
5 0.243937 0.143119 0.134012 0.177226 0.15666
3 0.375598 0.156949 0.0350124 0.0447073 0.156605
2 0.548172 0.0322404 0.030092 0.0318379 0.154377
0 0.836993 0.0816956 0.0162544 0.0472008 0.152915
5 0.65961 0.0326506 0.0497466 0.0603215 0.152325
2 0.476838 0.173716 0.0521742 0.0736752 0.148609
2 0.564182 0.0930931 0.0365862 0.051425 0.148099
67 0.688092 0.663658 0.140291 0.258666 0.145589
5 0.967747 0.0320416 0.0636345 0.0640802 0.144642
5 0.650212 0.0313425 0.0687782 0.0604059 0.14263
5 0.966734 0.0317628 0.0665322 0.0630498 0.141972
5 0.650033 0.0326434 0.0851292 0.0652869 0.134888
0 0.744904 0.0459531 0.011031 0.0256602 0.133942
5 0.773834 0.184038 0.170533 0.253789 0.132725
0 0.837034 0.081945 0.0147713 0.0459296 0.131873
5 0.968912 0.0323403 0.0615046 0.0646806 0.13112
0 0.979503 0.123214 0.0207542 0.0467278 0.129901
5 0.759116 0.17939 0.196433 0.259938 0.129484
3 0.377129 0.137386 0.0396409 0.0640699 0.128118
5 0.664445 0.166888 0.118247 0.215584 0.125919
0 0.836989 0.0813401 0.0155636 0.0467087 0.125427
5 0.463974 0.0380777 0.0488881 0.0760707 0.125302
0 0.837206 0.08088 0.016716 0.0480376 0.123975
0 0.976139 0.142407 0.0248859 0.0502752 0.12338
3 0.376923 0.155261 0.0392476 0.0479311 0.122999
0 0.935703 0.10432 0.021014 0.0538358 0.122464
5 0.344453 0.0357523 0.065804 0.0715046 0.122096
2 0.376795 0.141192 0.0412125 0.0743649 0.118512
2 0.376754 0.139413 0.0406158 0.0707789 0.116616
5 0.647655 0.0349853 0.0722594 0.0687967 0.115113
5 0.463138 0.0385883 0.0517359 0.0769271 0.114377
2 0.417181 0.0480309 0.0332031 0.0682181 0.114301
0 0.935307 0.106585 0.0197023 0.0535978 0.112827
3 0.376791 0.141229 0.0415698 0.0721732 0.112709
5 0.464439 0.0370749 0.0549788 0.0736014 0.112337
7 0.244234 0.142708 0.133615 0.180601 0.111955
5 0.968719 0.0317965 0.0625628 0.0635931 0.110308
2 0.376388 0.13791 0.0408122 0.0657614 0.108777
2 0.565566 0.0819574 0.0319932 0.0327782 0.108675
2 0.565851 0.0884441 0.0379961 0.0433051 0.108549
5 0.344011 0.036279 0.0658709 0.0711562 0.108149
5 0.659268 0.0305611 0.0516083 0.0581688 0.107464
5 0.779834 0.195806 0.157804 0.230084 0.107139
2 0.0811831 0.736326 0.161914 0.377322 0.106944
2 0.567043 0.085042 0.0350243 0.0387809 0.106544
0 0.836661 0.081552 0.0161215 0.0467226 0.105638
2 0.377077 0.137351 0.0391073 0.0672626 0.105502
67 0.688 0.661899 0.140053 0.255486 0.103414
5 0.334948 0.0387187 0.0466606 0.064934 0.103332
2 0.347361 0.124193 0.0280414 0.0389735 0.103055
0 0.837415 0.0810346 0.0166019 0.0489355 0.102961
2 0.419108 0.0655004 0.0270641 0.0419292 0.101873
2 0.0821799 0.734379 0.16436 0.382333 0.0998579
2 0.465017 0.0922723 0.0437742 0.0420956 0.0995643
2 0.564875 0.088272 0.0357409 0.0440505 0.0990297
5 0.243584 0.142908 0.129909 0.174674 0.0982832
2 0.418019 0.0586077 0.0308781 0.0526221 0.0981244
0 0.99189 0.121925 0.0153366 0.0457463 0.0979668
0 0.934627 0.103765 0.0211376 0.0546622 0.0956574
5 0.465282 0.0364846 0.0590248 0.0729693 0.0954737
5 0.343638 0.0474679 0.0661029 0.0930335 0.095259
7 0.663067 0.170425 0.118226 0.20637 0.0929138
5 0.332101 0.04374 0.0417691 0.0546525 0.0923818
0 0.882421 0.0766276 0.013343 0.0429465 0.091573
2 0.0822705 0.731924 0.164261 0.388615 0.0914479
2 0.475652 0.172451 0.0515968 0.0725594 0.0910075
3 0.377935 0.143876 0.0388822 0.062565 0.0900086
0 0.883756 0.0780647 0.016408 0.0415077 0.0881867
0 0.9922 0.116632 0.0147717 0.0335295 0.0878433
2 0.600316 0.0269595 0.0306343 0.0435945 0.0869513
2 0.466196 0.0656379 0.0452122 0.0518848 0.0867658
0 0.837563 0.0805876 0.0162716 0.0483746 0.0858716
67 0.688525 0.667041 0.139856 0.265088 0.0856171
2 0.347775 0.12366 0.0299139 0.0391462 0.084723
0 0.975681 0.145689 0.0246964 0.0478925 0.0822478
2 0.46506 0.0936506 0.0419512 0.042863 0.0808299
2 0.565359 0.0841135 0.0320497 0.0354649 0.0808012
5 0.965221 0.0309663 0.0686928 0.061201 0.0799767
2 0.338622 0.0805184 0.0543933 0.0458473 0.0790227
5 0.660399 0.0327331 0.0476822 0.0550411 0.0789753
2 0.415732 0.0460554 0.0341233 0.0714289 0.0783803
2 0.68636 0.66807 0.142242 0.265792 0.0781598
2 0.417287 0.0465219 0.0320675 0.0747893 0.0779611
0 0.977951 0.124684 0.0239929 0.0495292 0.0772641
0 0.882771 0.0775252 0.0147684 0.0431219 0.077256
5 0.601429 0.02683 0.0295774 0.0473485 0.0767332
2 0.37745 0.142326 0.0413205 0.0730973 0.0763285
2 0.565338 0.0827268 0.031653 0.0337456 0.0744135
2 0.413839 0.00636583 0.0254573 0.0127317 0.0742278
2 0.564229 0.0966269 0.0355967 0.0448555 0.0741856
3 0.378 0.135955 0.039571 0.0606423 0.0740477
5 0.965252 0.0315463 0.0689877 0.0618118 0.0735989
2 0.465461 0.0954103 0.0376663 0.0387352 0.0730072
5 0.964562 0.0302227 0.07001 0.0604454 0.0726977
2 0.411841 0.00665247 0.023309 0.0133049 0.0722502
5 0.661443 0.0340706 0.0460715 0.0548732 0.0712204
2 0.685101 0.675107 0.14469 0.278191 0.0707066
0 0.837508 0.0815543 0.0168907 0.0485111 0.0701294
2 0.33242 0.0831456 0.0420611 0.0402027 0.0680019
9 0.394342 0.446277 0.0333137 0.0575224 0.0677442
5 0.344466 0.03593 0.0676841 0.07186 0.0669547
5 0.344755 0.0360343 0.0667418 0.0705138 0.0662353
2 0.0825881 0.734301 0.164744 0.382654 0.0659335
5 0.471738 0.0326803 0.0696128 0.064743 0.0647558
5 0.647208 0.0329872 0.0753559 0.0658901 0.0644853
5 0.687975 0.66279 0.139139 0.257695 0.063472
5 0.662649 0.173824 0.11596 0.199824 0.0631304
2 0.419249 0.0636761 0.0305851 0.0407292 0.0618995
5 0.344917 0.0467607 0.0672477 0.0925827 0.0615091
2 0.8164 0.549007 0.154482 0.209531 0.0613879
0 0.90346 0.0725803 0.0142323 0.0465824 0.0599896
2 0.493982 0.0302908 0.0314487 0.060278 0.0590636
2 0.348553 0.12292 0.0313474 0.0416594 0.0588863
2 0.364091 0.0345241 0.0279283 0.0370603 0.0586006
0 0.0139212 0.12437 0.0252126 0.0944186 0.0576885
5 0.64517 0.0331439 0.0757089 0.0657301 0.0575861
2 0.563524 0.0972863 0.0357695 0.0431163 0.0564273
5 0.965092 0.030949 0.069396 0.061776 0.0562391
5 0.33686 0.0366867 0.049986 0.0706519 0.056097
7 0.243529 0.146884 0.132722 0.170696 0.0557898
0 0.935946 0.0984868 0.0208445 0.0652109 0.0556607
0 0.37683 0.133854 0.0399172 0.0577604 0.0552669
2 0.58244 0.252547 0.0613519 0.0383239 0.0552177
5 0.648606 0.0390179 0.0725731 0.0774121 0.055026
9 0.942912 0.0370371 0.0125099 0.0240986 0.05432
2 0.418472 0.0558379 0.0283112 0.0576989 0.0541073
2 0.41946 0.0637093 0.0289633 0.0434771 0.0539424
2 0.467092 0.0526625 0.0449764 0.0422659 0.0539092
2 0.413895 0.0331983 0.0289153 0.0413183 0.0528911
0 0.98387 0.118642 0.0266811 0.0504874 0.0527684
2 0.333128 0.0812451 0.043382 0.0448196 0.0527591
0 0.82703 0.529585 0.0444414 0.0443597 0.0523016
0 0.975198 0.150009 0.0236328 0.0455919 0.0522235
5 0.472517 0.0322756 0.0695357 0.0644775 0.0516605
2 0.46657 0.0655391 0.0436819 0.046049 0.0512826
2 0.376714 0.132097 0.0375312 0.0549513 0.0509914
0 0.885781 0.0713029 0.0133198 0.0347552 0.0508132
5 0.484034 0.0313025 0.0493359 0.062605 0.0507313
5 0.969883 0.0320169 0.0597233 0.0640339 0.0499543
2 0.465425 0.0574995 0.0425697 0.0364586 0.0495163
5 0.697611 0.0283104 0.0254824 0.0541144 0.0488899
2 0.465165 0.0760151 0.0462887 0.0633133 0.0488677
5 0.962871 0.0296191 0.0736248 0.0592381 0.0486034
0 0.975419 0.14525 0.0244247 0.0457198 0.0484531
5 0.964813 0.0289159 0.0703731 0.0578318 0.0480693
5 0.458472 0.0388023 0.0590882 0.077099 0.0476834
0 0.915667 0.190119 0.022097 0.0422906 0.0476522
2 0.548982 0.0299789 0.0325346 0.0382296 0.0476304
2 0.466017 0.0450181 0.043725 0.0618409 0.0474388
0 0.013644 0.122254 0.0261182 0.0973571 0.0472174
2 0.378184 0.133587 0.0404673 0.0582052 0.0471189
2 0.347087 0.12321 0.027673 0.0399171 0.046778
0 0.984131 0.119515 0.0310688 0.0470591 0.0466038
2 0.212413 0.138486 0.0567775 0.0622684 0.0465645
0 0.838754 0.529133 0.0524605 0.0442809 0.0461546
5 0.750883 0.176191 0.216576 0.255228 0.0461073
2 0.565343 0.094367 0.0391613 0.0485011 0.0460967
5 0.465259 0.0377878 0.0565321 0.0751558 0.0451581
2 0.465772 0.0771251 0.0469172 0.069238 0.0451399
5 0.101419 0.532077 0.202271 0.760613 0.0446987
5 0.464243 0.0427141 0.0539598 0.0851598 0.0442724
0 0.853407 0.533858 0.0246193 0.0299038 0.043413
5 0.243025 0.153584 0.131452 0.157833 0.0430002
2 0.492848 0.0417825 0.0252813 0.0387503 0.0429677
0 0.0149561 0.130391 0.0210936 0.0827978 0.0428806
0 0.903821 0.0756055 0.0130383 0.044014 0.0428264
2 0.465238 0.0929394 0.0414318 0.0429813 0.0426176
0 0.37702 0.13172 0.0379498 0.0544174 0.0426109
0 0.746301 0.0478397 0.0155979 0.0297248 0.0424766
0 0.82077 0.530463 0.0311819 0.0413698 0.0422643
5 0.72302 0.0285518 0.0276194 0.0306614 0.0422232
0 0.80812 0.063358 0.0149105 0.0291497 0.0419121
2 0.816123 0.55119 0.155852 0.212283 0.0415291
2 0.565028 0.0907854 0.0355228 0.048445 0.0414813
2 0.465034 0.096443 0.0379594 0.0373876 0.041463
5 0.466748 0.0384447 0.0775884 0.0765032 0.0413617
5 0.332017 0.0439678 0.0421663 0.0544691 0.0402995
2 0.334684 0.0845831 0.0463481 0.0400799 0.0401289
5 0.730068 0.179048 0.253757 0.26576 0.0401191
2 0.417303 0.0438685 0.0309427 0.0797312 0.0396677
7 0.455682 0.0420066 0.0740633 0.0831338 0.0393928
0 0.992366 0.113518 0.0144421 0.0285712 0.0393197
7 0.453141 0.0402294 0.0665255 0.0804585 0.038798
