2 0.747487 0.346888 0.0717097 0.0733302 0.780584
2 0.748066 0.346431 0.0716167 0.0731328 0.712174
2 0.747527 0.34637 0.0710806 0.0742228 0.656409
2 0.865606 0.270281 0.0474825 0.0586553 0.64436
2 0.593439 0.223526 0.0403084 0.050882 0.633261
2 0.747225 0.34633 0.0710732 0.0742918 0.620455
2 0.747525 0.346162 0.0713234 0.074039 0.617197
2 0.865497 0.270028 0.0464201 0.0584537 0.616687
2 0.593487 0.223393 0.040567 0.0502867 0.613351
2 0.86561 0.270238 0.0476654 0.0601089 0.605933
2 0.513647 0.118381 0.0235132 0.0265565 0.602286
2 0.747662 0.34658 0.0711685 0.0739639 0.599266
2 0.722793 0.277374 0.0571132 0.0557977 0.596778
2 0.865925 0.27013 0.0460974 0.0582785 0.59373
2 0.865636 0.270901 0.0479519 0.0580986 0.587152
5 0.593958 0.121461 0.0339119 0.0652593 0.581981
2 0.865606 0.270373 0.0468075 0.0597006 0.574643
2 0.592878 0.223651 0.0408001 0.0499969 0.573866
2 0.721849 0.278607 0.0572398 0.0563589 0.553003
2 0.721413 0.180096 0.036405 0.0431367 0.551524
2 0.593668 0.224024 0.0398987 0.0500629 0.540826
0 0.0298373 0.323453 0.0179674 0.0635194 0.540482
5 0.26324 0.477822 0.074825 0.111212 0.536432
2 0.721159 0.181397 0.0354123 0.0439209 0.530702
2 0.721989 0.27802 0.0587101 0.0561103 0.529959
0 0.0292821 0.323798 0.0193201 0.0637404 0.525402
2 0.986731 0.198418 0.0256248 0.0410845 0.521555
0 0.0292964 0.323695 0.0195187 0.0645437 0.516904
5 0.263166 0.478034 0.0749888 0.110726 0.51177
0 0.0288491 0.324018 0.0200479 0.0646812 0.508713
2 0.747656 0.347141 0.0716141 0.0731825 0.50748
2 0.513837 0.117958 0.0245316 0.0279381 0.502869
2 0.72238 0.277639 0.0582956 0.0557818 0.502748
2 0.721389 0.180461 0.0352992 0.0431765 0.497951
2 0.721195 0.181543 0.0345054 0.0448177 0.485552
2 0.720848 0.181272 0.0351788 0.0443285 0.481204
2 0.986801 0.198609 0.0256092 0.0398451 0.476213
2 0.59329 0.223383 0.0421638 0.0519265 0.469497
2 0.721022 0.181876 0.0347335 0.0452937 0.458292
2 0.722374 0.27725 0.0588945 0.0548717 0.447307
5 0.263469 0.478112 0.0751343 0.110436 0.446722
2 0.722827 0.277311 0.0574338 0.0554647 0.430634
2 0.721258 0.181005 0.0348626 0.0437955 0.426864
2 0.513279 0.118349 0.0243586 0.0272033 0.413215
2 0.747515 0.347535 0.0709085 0.0715512 0.406347
2 0.986832 0.19926 0.0256088 0.0396801 0.401273
5 0.263488 0.477633 0.0745576 0.111219 0.393915
5 0.59411 0.123856 0.0343756 0.0657389 0.384661
2 0.722467 0.278165 0.0576047 0.0564883 0.382969
2 0.865558 0.270743 0.0489922 0.0597374 0.37852
2 0.986736 0.199081 0.0256382 0.0412991 0.377046
0 0.0125184 0.30763 0.0150226 0.0337335 0.376032
2 0.593889 0.223684 0.0415067 0.0516603 0.374246
2 0.603721 0.961142 0.110785 0.0766108 0.372338
5 0.263535 0.477854 0.0747105 0.111704 0.372211
2 0.593131 0.223594 0.0417364 0.0501966 0.372188
5 0.263239 0.477801 0.0747911 0.111633 0.369667
5 0.593838 0.12206 0.0336938 0.0652419 0.366193
2 0.986605 0.196703 0.0259304 0.0422876 0.365848
2 0.513263 0.119319 0.0244682 0.0270303 0.361733
5 0.59414 0.119924 0.0342316 0.0631888 0.359438
2 0.724062 0.278604 0.0538565 0.0571423 0.356049
2 0.86503 0.270516 0.0478317 0.0580492 0.352707
5 0.593548 0.12253 0.0333637 0.0660451 0.347255
2 0.592841 0.223362 0.0430078 0.0507199 0.344924
2 0.594111 0.225232 0.0384687 0.0477592 0.344308
2 0.986398 0.196882 0.0262369 0.0414163 0.344207
5 0.263647 0.477305 0.074915 0.112185 0.340036
2 0.987058 0.197467 0.0253138 0.0394108 0.339815
2 0.720915 0.1809 0.0351669 0.0439212 0.339716
2 0.603783 0.961119 0.110615 0.0767086 0.336426
2 0.513583 0.11929 0.0254581 0.0278608 0.333997
2 0.863787 0.214128 0.049995 0.0447061 0.33302
2 0.593482 0.223111 0.0417893 0.050927 0.327073
2 0.720745 0.276442 0.0564579 0.0538061 0.32279
2 0.863582 0.214373 0.0497829 0.0450068 0.321332
5 0.263188 0.478255 0.0744168 0.110354 0.315366
2 0.603774 0.960917 0.111061 0.0769264 0.305065
2 0.603509 0.961116 0.110911 0.0767094 0.301729
5 0.593724 0.120974 0.0351161 0.0641066 0.298481
2 0.513674 0.118049 0.024564 0.0271693 0.298172
2 0.721106 0.180837 0.0358572 0.0435983 0.295616
2 0.863772 0.213208 0.0510845 0.0447543 0.26664
0 0.0296181 0.323861 0.020086 0.0644849 0.265059
2 0.747744 0.347722 0.0715193 0.0708813 0.263971
2 0.863864 0.214119 0.0511829 0.0455426 0.261736
5 0.263674 0.469925 0.0741934 0.127034 0.260611
2 0.664065 0.102798 0.0170392 0.0256432 0.258813
2 0.603419 0.961379 0.111347 0.0759918 0.258022
2 0.594102 0.230205 0.037982 0.0381759 0.254888
5 0.594092 0.124011 0.0354563 0.0666921 0.252114
2 0.863852 0.214552 0.0486092 0.0453183 0.251835
2 0.603595 0.961088 0.110632 0.0771471 0.250481
5 0.263322 0.478749 0.0741149 0.110456 0.250212
2 0.824782 0.224707 0.046884 0.050367 0.24889
5 0.593951 0.121895 0.0346513 0.0650422 0.244456
2 0.825158 0.224643 0.045808 0.0488173 0.24266
0 0.0128219 0.30822 0.0155316 0.0374174 0.228991
67 0.603937 0.961113 0.11195 0.0770514 0.2285
67 0.567261 0.799357 0.0950123 0.205267 0.228353
67 0.566943 0.799248 0.0954308 0.205249 0.225255
2 0.218814 0.154966 0.0354737 0.0317219 0.216331
2 0.219344 0.154997 0.0335249 0.0331666 0.21518
2 0.729441 0.284917 0.0444468 0.0447436 0.214773
2 0.747995 0.347377 0.0717678 0.073064 0.21337
7 0.825361 0.224224 0.0447136 0.0517882 0.213303
2 0.988122 0.198715 0.0231432 0.0374763 0.21297
7 0.827823 0.159635 0.0733131 0.0463314 0.208454
2 0.827948 0.159927 0.0710001 0.0461715 0.206045
2 0.720753 0.180593 0.0369921 0.0435769 0.205942
0 0.95292 0.238172 0.0145199 0.049833 0.205556
0 0.0128673 0.319935 0.0168691 0.0607666 0.204486
2 0.514323 0.118069 0.0223564 0.026635 0.202721
2 0.217901 0.155778 0.0352223 0.032995 0.202031
7 0.825842 0.224859 0.0452442 0.049683 0.201832
7 0.826285 0.224292 0.0458693 0.0504834 0.195759
67 0.60414 0.961148 0.112756 0.0765402 0.194157
2 0.72798 0.278722 0.0474951 0.0567031 0.191259
2 0.219035 0.155467 0.0336968 0.0327846 0.187587
67 0.567188 0.800853 0.0953655 0.208108 0.184503
0 0.0115856 0.305064 0.017897 0.042048 0.182742
7 0.826034 0.224629 0.0455887 0.050828 0.18256
0 0.0124296 0.306679 0.0158184 0.0345449 0.182192
0 0.955406 0.206365 0.0137625 0.032157 0.181287
0 0.012943 0.307524 0.0156786 0.0379633 0.180952
7 0.827769 0.159995 0.0724325 0.0460202 0.176817
2 0.664198 0.103382 0.0160137 0.0257251 0.176081
2 0.865837 0.271274 0.0457785 0.0564016 0.174871
0 0.0121501 0.305939 0.016136 0.0357264 0.172628
0 0.0293621 0.3233 0.0206146 0.063709 0.172542
5 0.567454 0.799073 0.0948581 0.206744 0.171474
2 0.720897 0.181321 0.0360743 0.0445958 0.171307
0 0.756628 0.130525 0.0108596 0.0267337 0.170393
0 0.955983 0.205274 0.0136852 0.0318503 0.169359
67 0.603472 0.960992 0.111753 0.0773266 0.166215
7 0.82825 0.224888 0.0534687 0.0480425 0.166152
2 0.721343 0.181298 0.0371622 0.0437251 0.165629
2 0.619434 0.167227 0.030423 0.0331439 0.159073
0 0.139005 0.239169 0.0137118 0.0331377 0.158728
2 0.21958 0.154963 0.0349442 0.0334493 0.155254
7 0.827956 0.159611 0.0736413 0.0467605 0.152025
2 0.862608 0.212938 0.050806 0.0442671 0.150462
2 0.828084 0.159303 0.0720703 0.0469843 0.150247
0 0.953131 0.23579 0.0160366 0.0517411 0.149718
0 0.952773 0.240462 0.012553 0.0479663 0.147128
2 0.86402 0.214552 0.0484451 0.0456845 0.145578
0 0.012079 0.308102 0.017256 0.0375707 0.145001
2 0.219145 0.155305 0.0355386 0.0333868 0.144777
2 0.619671 0.164485 0.0323724 0.0381327 0.142418
0 0.0193977 0.322704 0.024985 0.0645959 0.141749
5 0.593918 0.123558 0.0345222 0.065789 0.139788
7 0.82772 0.160162 0.0719048 0.0449246 0.13872
2 0.218631 0.155832 0.0342224 0.0324268 0.130775
0 0.931019 0.166894 0.00941811 0.0143217 0.125785
5 0.567185 0.799572 0.0951658 0.205947 0.124766
2 0.217655 0.155334 0.0350667 0.0338283 0.123853
0 0.138737 0.237748 0.014565 0.0330216 0.123606
5 0.567267 0.799163 0.0957019 0.206642 0.123428
2 0.619697 0.166589 0.0330147 0.0343725 0.122817
0 0.994996 0.240174 0.00933952 0.0449325 0.120801
67 0.566994 0.799479 0.0955059 0.2055 0.118553
0 0.994316 0.258805 0.0106533 0.100688 0.115659
2 0.824315 0.224776 0.0431385 0.0497108 0.115263
0 0.953455 0.221038 0.0162727 0.0617564 0.115032
7 0.82653 0.22501 0.0471098 0.049834 0.114734
2 0.217476 0.155814 0.0341558 0.0325892 0.113413
0 0.994581 0.245391 0.00994892 0.0570763 0.112694
0 0.994181 0.257865 0.0109463 0.096371 0.112366
2 0.720174 0.275054 0.0553873 0.0508032 0.111719
2 0.619681 0.171482 0.0298092 0.0259038 0.110706
2 0.558153 0.0784265 0.0181701 0.0198534 0.110387
2 0.0360328 0.12992 0.0365305 0.0162604 0.107334
7 0.827389 0.160582 0.0728275 0.0466433 0.107259
2 0.618772 0.17014 0.0307678 0.0300388 0.10716
2 0.867857 0.209423 0.0444206 0.0369584 0.103683
0 0.0297265 0.319848 0.0174258 0.0586332 0.101203
7 0.827358 0.160642 0.0708523 0.0458377 0.0992693
2 0.0359662 0.129415 0.0365066 0.0151155 0.0984987
2 0.730598 0.289263 0.0395698 0.037908 0.0980081
67 0.56764 0.799046 0.0949419 0.205497 0.0980021
67 0.567778 0.799121 0.0948595 0.205441 0.0976857
2 0.977289 0.200375 0.0454229 0.0419287 0.0970263
0 0.277096 0.201782 0.010952 0.0413872 0.0966951
0 0.276566 0.200207 0.0123185 0.0422852 0.0955352
2 0.663835 0.102729 0.0185651 0.0278661 0.0947157
2 0.866217 0.216333 0.0422157 0.0418737 0.0943258
2 0.619055 0.16633 0.0308548 0.0368133 0.0922541
0 0.00668427 0.15962 0.013164 0.0459757 0.092077
2 0.269588 0.166233 0.0255319 0.0318178 0.0905771
2 0.619779 0.164764 0.0325808 0.0379523 0.0895596
2 0.845722 0.221576 0.0860737 0.0560327 0.0884558
2 0.72363 0.277432 0.0551521 0.0567798 0.085403
2 0.823142 0.224568 0.0393295 0.0502548 0.084707
0 0.0270975 0.323702 0.0235469 0.0634711 0.0846314
5 0.302256 0.0518292 0.0296454 0.0447218 0.0840274
2 0.974976 0.198981 0.0500477 0.0413615 0.0834027
0 0.756299 0.133629 0.0104107 0.0271805 0.0819745
0 0.994808 0.264318 0.0096756 0.0907707 0.0810021
2 0.359737 0.229521 0.0203084 0.0231663 0.0808092
0 0.138348 0.239373 0.0158079 0.0371342 0.0800609
0 0.90259 0.167069 0.0111248 0.0179423 0.0798322
2 0.866047 0.270479 0.0482967 0.0595208 0.0779145
0 0.13703 0.239614 0.0158811 0.0356013 0.0766538
0 0.00655451 0.160642 0.0129013 0.0442199 0.0748324
2 0.864274 0.215956 0.0479362 0.0438544 0.0743237
2 0.66383 0.103435 0.0179859 0.027174 0.0739231
2 0.21914 0.155712 0.0354506 0.0322535 0.073719
2 0.826921 0.224017 0.0481417 0.0518899 0.0731539
5 0.594063 0.118116 0.0345015 0.0599953 0.0730943
2 0.82842 0.163458 0.0664459 0.0381849 0.0727546
2 0.477371 0.0654701 0.0194034 0.0216605 0.0705581
0 0.0514844 0.248341 0.0153456 0.042808 0.0683958
2 0.722354 0.277595 0.058802 0.0561419 0.0674857
2 0.358659 0.230854 0.0171301 0.0191774 0.0669298
2 0.478283 0.0633648 0.023517 0.0212462 0.0668938
2 0.269872 0.164269 0.0251463 0.0345214 0.0667844
5 0.265352 0.12467 0.0246192 0.0346749 0.0653729
2 0.826336 0.223894 0.0468567 0.0523345 0.0594076
7 0.261579 0.477518 0.0724001 0.10811 0.0579496
0 0.756248 0.128882 0.0111452 0.0265097 0.0578151
5 0.265142 0.125669 0.0234836 0.0335222 0.0570356
2 0.987777 0.200291 0.0239426 0.0417404 0.0564905
2 0.603842 0.961129 0.112135 0.0765539 0.0562882
5 0.757636 0.0704325 0.0387945 0.0596994 0.0554673
5 0.757107 0.0689829 0.0405537 0.0576199 0.0554065
2 0.594454 0.2237 0.0406439 0.0520317 0.0546517
2 0.61915 0.169346 0.0331528 0.0314158 0.0546506
0 0.137184 0.238 0.0171689 0.0349474 0.0545462
0 0.00686556 0.156774 0.0135478 0.0486276 0.0540613
0 0.084835 0.152349 0.0272211 0.0539214 0.0538514
67 0.566785 0.801746 0.0955461 0.209802 0.0525736
0 0.0860616 0.138948 0.0236309 0.0244227 0.0522548
0 0.12411 0.206006 0.0135507 0.029774 0.0522414
7 0.821388 0.224833 0.0370781 0.0491862 0.0512651
0 0.0513468 0.248524 0.015369 0.0430203 0.0506463
0 0.0877698 0.13907 0.0258503 0.0265574 0.0496825
0 0.992219 0.261131 0.0150234 0.0953058 0.0494209
0 0.138702 0.241769 0.0159298 0.0353248 0.0468473
5 0.756627 0.0676245 0.0420579 0.0554666 0.0464669
5 0.594004 0.124434 0.0332562 0.0662696 0.0458754
5 0.264494 0.125276 0.0259162 0.0362586 0.0458615
0 0.310952 0.164518 0.0111744 0.0244894 0.0454034
5 0.593843 0.118858 0.0345822 0.0612224 0.045098
2 0.822948 0.224515 0.0396118 0.0506652 0.0446394
0 0.99521 0.27066 0.00893517 0.086911 0.0445619
2 0.721982 0.275537 0.0562121 0.0525742 0.0444705
2 0.223796 0.154804 0.0418502 0.0323094 0.0437933
0 0.0882495 0.137826 0.0280493 0.0221555 0.0436165
9 0.542811 0.0349208 0.0205032 0.0266727 0.0430995
2 0.439666 0.226489 0.0256543 0.0177026 0.0426555
0 0.277714 0.203589 0.0115656 0.0388593 0.0426378
5 0.301478 0.0517834 0.0292697 0.0448756 0.0424923
5 0.301701 0.0515004 0.0290041 0.0441502 0.042314
2 0.558144 0.0776881 0.0179792 0.0207766 0.042167
2 0.991689 0.253953 0.0161428 0.0817232 0.0415352
2 0.36405 0.230205 0.0289975 0.0220959 0.0411383
0 0.08742 0.138204 0.0262306 0.0252137 0.0409032
7 0.831776 0.223788 0.0616537 0.0509138 0.0404437
2 0.621347 0.166947 0.0329232 0.0350058 0.0398319
2 0.863912 0.213431 0.051075 0.045943 0.0397497
2 0.434509 0.226989 0.0257376 0.0197067 0.0393608
5 0.740268 0.0479991 0.0752046 0.0959982 0.0384877
2 0.0627072 0.134157 0.0206365 0.0215957 0.0382828
2 0.0404872 0.609337 0.0361389 0.017701 0.0378379
2 0.731828 0.291874 0.0397118 0.0333452 0.0370392
2 0.472469 0.0629471 0.0315777 0.0194703 0.0369088
2 0.820107 0.225209 0.034404 0.0485396 0.035569
9 0.601395 0.0788471 0.0214314 0.02346 0.0354461
2 0.401933 0.226875 0.0153505 0.0185308 0.0354044
2 0.593856 0.225823 0.0398279 0.0468308 0.0353913
2 0.269129 0.163418 0.022256 0.0341811 0.0350613
0 0.342782 0.141524 0.00924125 0.0229504 0.0349679
5 0.301615 0.0513435 0.0289862 0.0441831 0.0348311
0 0.336748 0.142157 0.0104184 0.0271009 0.0347376
5 0.732244 0.0391755 0.0826115 0.076281 0.0345085
0 0.0861889 0.151842 0.0299794 0.0528936 0.0344481
5 0.304275 0.0512616 0.0295227 0.0440841 0.0341324
5 0.302446 0.0521155 0.0311978 0.0454138 0.0341288
2 0.493389 0.0589694 0.018944 0.0224053 0.0334882
5 0.304466 0.0514118 0.0303108 0.0435539 0.03339
5 0.756583 0.062027 0.0413971 0.0456342 0.0332193
0 0.30682 0.15866 0.0118814 0.0364601 0.0328101
2 0.599185 0.076736 0.0256947 0.0281515 0.0327534
0 0.122959 0.206849 0.0143142 0.0299562 0.0325991
0 0.308031 0.163865 0.0114396 0.0301605 0.0325738
2 0.271 0.16432 0.0266264 0.0349806 0.0325075
0 0.0102983 0.157188 0.0179485 0.0492325 0.0322291
9 0.953307 0.0111593 0.016399 0.0222893 0.0321967
2 0.165364 0.691955 0.0393224 0.0223925 0.0321804
2 0.102942 0.606868 0.0497284 0.0494974 0.0320709
2 0.035595 0.131207 0.0394967 0.0147246 0.0319641
2 0.100935 0.608465 0.0522075 0.052396 0.0319105
5 0.594657 0.103114 0.0339167 0.065775 0.0315331
5 0.826641 0.159247 0.0706495 0.0462785 0.0308032
0 0.0168647 0.321495 0.0259217 0.0602018 0.0307463
0 0.0883511 0.13716 0.0277634 0.0238169 0.030294
2 0.633066 0.0550563 0.0337981 0.027527 0.0301075
5 0.757295 0.0689445 0.0399304 0.0580807 0.0299425
0 0.12569 0.206375 0.0137951 0.0286087 0.0296778
5 0.738683 0.0486883 0.0789547 0.097193 0.0291761
