5 0.381988 0.26709 0.348613 0.130854 0.912585
5 0.382575 0.267409 0.348481 0.131765 0.895771
5 0.382284 0.267472 0.348894 0.131482 0.895514
5 0.69076 0.263855 0.251876 0.123464 0.870595
5 0.382654 0.267761 0.348415 0.130956 0.8654
5 0.690244 0.264357 0.252343 0.12305 0.851636
5 0.690605 0.264627 0.251566 0.122797 0.850268
5 0.382248 0.268151 0.348408 0.133045 0.849831
5 0.690687 0.263536 0.252773 0.123419 0.846984
5 0.690663 0.264106 0.251533 0.12128 0.831705
5 0.9228 0.26515 0.154072 0.114089 0.826766
5 0.923501 0.26538 0.15231 0.114873 0.818907
5 0.383352 0.268089 0.35034 0.131104 0.811562
5 0.690531 0.264046 0.25257 0.12263 0.805692
5 0.382212 0.26734 0.350178 0.130598 0.793381
5 0.922815 0.265262 0.153444 0.116114 0.792844
5 0.69076 0.264864 0.252306 0.123122 0.789822
5 0.923215 0.265625 0.153374 0.115743 0.789787
5 0.382179 0.267646 0.350279 0.131818 0.787991
5 0.923406 0.265476 0.152386 0.116402 0.772847
5 0.923568 0.265681 0.151992 0.11653 0.771603
5 0.690757 0.264245 0.251292 0.122364 0.765097
5 0.924016 0.265658 0.151192 0.116762 0.749871
0 0.438986 0.803753 0.0433094 0.181917 0.74173
5 0.923862 0.26572 0.151515 0.116649 0.738382
5 0.690932 0.264433 0.251833 0.122239 0.734615
0 0.438791 0.803218 0.0436959 0.18189 0.731741
5 0.382818 0.268192 0.350702 0.132391 0.726324
0 0.439106 0.803655 0.0433815 0.181528 0.720406
0 0.439534 0.802961 0.0442991 0.180059 0.708172
5 0.924136 0.265596 0.15075 0.115248 0.704387
0 0.0683688 0.598794 0.0365859 0.134887 0.681138
0 0.0680183 0.598605 0.0356218 0.134585 0.662229
0 0.0681295 0.598661 0.035845 0.135023 0.653447
5 0.922903 0.265315 0.154195 0.115439 0.647513
0 0.068077 0.598552 0.0356352 0.133898 0.646774
0 0.0683549 0.599427 0.0358823 0.133358 0.645518
0 0.0689176 0.601579 0.0368227 0.128884 0.635793
0 0.125609 0.627298 0.0291895 0.0821488 0.612391
0 0.125812 0.626544 0.0292445 0.0828924 0.60648
0 0.125589 0.627117 0.0293729 0.0831028 0.578396
0 0.12586 0.626059 0.0291672 0.0813742 0.569377
0 0.1534 0.60407 0.0310215 0.0999642 0.55228
0 0.440399 0.802925 0.0442614 0.179295 0.5391
0 0.153375 0.60401 0.0302598 0.101592 0.518435
0 0.437667 0.80311 0.0434456 0.181965 0.507832
0 0.153478 0.604505 0.0311043 0.101453 0.476479
0 0.0686995 0.600469 0.0358362 0.129587 0.446938
0 0.0676377 0.598745 0.0351731 0.134406 0.443669
0 0.125796 0.624703 0.0285281 0.0804739 0.438335
0 0.124797 0.625774 0.0309662 0.0833992 0.406678
0 0.124992 0.626125 0.0314055 0.0824575 0.399729
2 0.133154 0.319646 0.0866604 0.0496476 0.384619
0 0.153342 0.603729 0.0296735 0.100746 0.364351
2 0.133003 0.320177 0.0840636 0.0500346 0.346486
0 0.12582 0.624956 0.0283691 0.0789463 0.343521
0 0.15323 0.60284 0.028598 0.102499 0.340872
5 0.382716 0.268636 0.348263 0.132701 0.307402
2 0.831099 0.19269 0.0491596 0.0259316 0.301084
0 0.152961 0.603279 0.0302324 0.100699 0.299303
2 0.121251 0.320078 0.109112 0.0509053 0.298164
2 0.135073 0.318437 0.0789945 0.0467393 0.297894
2 0.831455 0.192657 0.0499027 0.0258746 0.292689
0 0.154973 0.607679 0.0242806 0.0911617 0.292388
2 0.122692 0.3191 0.107567 0.0502757 0.290519
2 0.64444 0.311387 0.075701 0.0230111 0.289483
0 0.441809 0.803776 0.0499469 0.182177 0.286688
2 0.831533 0.193046 0.0487671 0.025081 0.277913
0 0.442052 0.803612 0.0496974 0.18157 0.276575
0 0.153051 0.60424 0.0297943 0.0998186 0.24803
2 0.642577 0.310665 0.073337 0.0240394 0.22782
2 0.136924 0.317763 0.0751505 0.045401 0.222318
2 0.64499 0.311789 0.0794779 0.024305 0.219239
2 0.123524 0.320662 0.105001 0.0488133 0.216741
0 0.125354 0.63141 0.0298486 0.0765953 0.21342
2 0.136325 0.318898 0.0744541 0.0471499 0.211536
2 0.121116 0.321552 0.108913 0.0529015 0.207301
0 0.12504 0.631471 0.0289409 0.073588 0.197992
2 0.121658 0.319903 0.109129 0.0509552 0.191904
2 0.830812 0.192969 0.0505802 0.0260664 0.190311
2 0.133749 0.317526 0.120422 0.0505812 0.188507
0 0.0687952 0.602611 0.0364952 0.129849 0.182919
2 0.6453 0.311426 0.0798071 0.0245849 0.17769
2 0.124167 0.319743 0.112735 0.0516881 0.174311
2 0.136415 0.317367 0.0799974 0.0462608 0.172912
0 0.152146 0.604261 0.032023 0.0991051 0.170459
0 0.152802 0.602266 0.0295639 0.0976681 0.1639
2 0.642483 0.309212 0.0712528 0.0256137 0.159123
0 0.126149 0.625788 0.0331268 0.0845703 0.155597
0 0.375827 0.617218 0.0255983 0.124554 0.154604
0 0.375726 0.602855 0.0260303 0.0972229 0.144217
0 0.375724 0.59861 0.0268117 0.0867949 0.142343
0 0.441861 0.803242 0.0507401 0.182911 0.139464
2 0.645135 0.310327 0.0795389 0.0248715 0.135688
0 0.125618 0.62274 0.0275774 0.0751836 0.133796
0 0.443053 0.803457 0.0511568 0.17972 0.133651
2 0.831319 0.191111 0.049715 0.0294128 0.126528
2 0.83139 0.190256 0.0490738 0.031654 0.12522
0 0.448595 0.257644 0.0160732 0.0242103 0.122026
0 0.375231 0.599013 0.025895 0.0886802 0.118701
2 0.137194 0.317739 0.076853 0.0470607 0.118316
0 0.376055 0.596959 0.0267845 0.0785639 0.117676
0 0.15519 0.613739 0.0234658 0.0810175 0.11685
2 0.0599989 0.295916 0.0846678 0.0560971 0.116142
2 0.0602003 0.298083 0.0835069 0.0529885 0.115085
2 0.638673 0.310104 0.0748608 0.0260791 0.114235
0 0.375416 0.605748 0.0263696 0.103288 0.113668
2 0.14587 0.313565 0.110768 0.0476007 0.113412
0 0.152623 0.601901 0.0305818 0.0948183 0.112001
2 0.829176 0.192153 0.051812 0.0281934 0.106905
2 0.64548 0.312339 0.0837095 0.0253952 0.10637
0 0.126374 0.625041 0.0332876 0.080884 0.102714
2 0.83189 0.190624 0.0503063 0.0302493 0.0984972
0 0.449708 0.258229 0.0171427 0.0242514 0.0924773
2 0.0370113 0.30561 0.0354564 0.0352699 0.08877
2 0.64431 0.311789 0.0830776 0.0274297 0.0879962
2 0.0820607 0.301083 0.0387496 0.0437103 0.085955
0 0.151904 0.606323 0.0291914 0.0969931 0.0844011
0 0.438461 0.801023 0.0446562 0.178921 0.0818151
2 0.640456 0.308331 0.066766 0.0269295 0.0773606
2 0.0601605 0.295936 0.0855799 0.0570846 0.0755167
0 0.293585 0.269348 0.0191722 0.0274489 0.0753068
0 0.448602 0.258805 0.0175657 0.0256083 0.0738862
0 0.308935 0.26725 0.0160614 0.029595 0.0737155
0 0.375434 0.61697 0.0254915 0.125479 0.0717768
2 0.0603478 0.295778 0.0854466 0.0587798 0.0715685
0 0.375063 0.621098 0.0255041 0.120691 0.0679434
0 0.375605 0.616756 0.0281685 0.12675 0.0666284
0 0.37443 0.592944 0.0250271 0.078422 0.0636646
0 0.125856 0.622029 0.0286256 0.0742126 0.0626894
0 0.0148988 0.288537 0.0297023 0.0588168 0.0624245
0 0.452258 0.259172 0.0230494 0.0252612 0.0622585
2 0.037061 0.307391 0.0330594 0.031778 0.0620553
2 0.648437 0.311408 0.0775818 0.0227915 0.061509
0 0.376097 0.616154 0.027861 0.125433 0.0601975
0 0.375085 0.618231 0.0301315 0.129015 0.0585655
0 0.0158845 0.291715 0.0314432 0.0498197 0.0566266
0 0.376435 0.59629 0.028992 0.0871794 0.0560813
0 0.0148675 0.288421 0.0297007 0.0583854 0.0550397
2 0.640154 0.311851 0.0944412 0.0276216 0.0546572
2 0.121717 0.323421 0.111774 0.0556438 0.0535285
2 0.0351866 0.305361 0.0337579 0.0324153 0.051049
0 0.0141691 0.291199 0.0283382 0.0524006 0.0510137
2 0.0598948 0.296142 0.0914171 0.0548367 0.0503641
0 0.00537304 0.176131 0.0102807 0.0344572 0.0494004
0 0.294063 0.26665 0.0230815 0.0328804 0.0457243
2 0.0678458 0.296862 0.0616494 0.0551603 0.0449181
0 0.0157627 0.294421 0.0310699 0.0482127 0.0442721
2 0.0720724 0.296523 0.0525119 0.0529293 0.0440774
0 0.374593 0.617499 0.0283256 0.129183 0.0440488
0 0.00506292 0.176226 0.00994615 0.0348201 0.043774
0 0.373932 0.617706 0.0301867 0.129468 0.0429191
5 0.37736 0.268099 0.340751 0.131619 0.041783
5 0.691589 0.263406 0.252562 0.121075 0.0416344
0 0.445966 0.253592 0.0159086 0.0301858 0.0409419
0 0.871603 0.167948 0.0187098 0.0290553 0.0403898
2 0.904467 0.193912 0.0922308 0.0384734 0.0398943
0 0.732005 0.261338 0.0134567 0.0210448 0.0392308
0 0.0137428 0.281684 0.027478 0.0521284 0.0390457
2 0.154162 0.312939 0.0868407 0.0470261 0.0389276
0 0.00949168 0.266345 0.0188824 0.0252257 0.0379177
0 0.37491 0.617119 0.0282516 0.128867 0.0370223
5 0.924444 0.265599 0.150612 0.116522 0.0368186
0 0.593668 0.266446 0.0144316 0.0253003 0.0367579
2 0.0510969 0.293132 0.101965 0.0568662 0.0360781
2 0.907463 0.178474 0.0244118 0.0179289 0.0355071
2 0.0517895 0.293893 0.103579 0.0564116 0.0345615
0 0.433648 0.246777 0.0177982 0.0362275 0.0342825
0 0.153715 0.275564 0.0134346 0.0216075 0.0342686
2 0.891762 0.189726 0.0619888 0.0361355 0.0340505
0 0.151878 0.599435 0.0281693 0.0910275 0.0332214
0 0.0142748 0.29111 0.0285496 0.0534286 0.0332075
2 0.133675 0.31634 0.0839067 0.0398184 0.0331565
0 0.434129 0.254125 0.0184172 0.0322455 0.0331048
0 0.293338 0.269636 0.0216948 0.030845 0.0327782
0 0.227646 0.273696 0.0174372 0.0365966 0.0327191
0 0.0119937 0.300837 0.0239562 0.0332202 0.0323823
2 0.0524496 0.296257 0.0637226 0.0573976 0.0322406
2 0.0815154 0.306204 0.0362744 0.0331399 0.0318969
2 0.036132 0.307103 0.0322417 0.0314801 0.0318015
5 0.486474 0.262194 0.1388 0.114417 0.0314471
2 0.163418 0.307781 0.0701942 0.0384172 0.031256
0 0.769731 0.258705 0.0156656 0.0243 0.0312303
2 0.910723 0.193221 0.099205 0.0379627 0.0311221
2 0.626002 0.316027 0.119785 0.0364809 0.0310542
2 0.13421 0.31747 0.135683 0.0465356 0.0305708
0 0.0139226 0.285929 0.0278452 0.0586982 0.0305342
0 0.730999 0.259939 0.0125773 0.0233007 0.0297172
2 0.0377945 0.307979 0.0329929 0.0312519 0.029133
0 0.743395 0.259904 0.0127394 0.0214467 0.0290608
0 0.437804 0.804223 0.0422736 0.180821 0.028498
0 0.777496 0.256056 0.0136497 0.0279727 0.0284377
0 0.436095 0.80468 0.0397456 0.170455 0.0284155
0 0.227676 0.272604 0.0180147 0.0350114 0.0279282
2 0.0360452 0.308268 0.0304123 0.030312 0.0279024
0 0.757379 0.260551 0.00958653 0.0212387 0.0269654
2 0.141332 0.311061 0.0886955 0.0435244 0.0262636
0 0.439193 0.799124 0.0409707 0.181808 0.0260282
36 0.443234 0.845833 0.0212894 0.0946419 0.0259083
5 0.922824 0.264569 0.153509 0.116113 0.0258017
0 0.31015 0.262614 0.0195377 0.0373799 0.0254167
0 0.745107 0.261042 0.013879 0.0205905 0.0254022
2 0.157637 0.315335 0.0877295 0.0482663 0.0251847
2 0.0599213 0.296817 0.0712609 0.0561389 0.0250517
0 0.311907 0.262771 0.0198149 0.0365085 0.0248164
0 0.0134708 0.298182 0.0263425 0.0399484 0.0247718
0 0.279721 0.2688 0.0116626 0.0287992 0.0247042
0 0.00663164 0.248848 0.0130128 0.0328289 0.024693
0 0.169177 0.275722 0.0146659 0.029834 0.0246113
2 0.0672975 0.296626 0.0528464 0.0561268 0.0246075
2 0.138568 0.319318 0.0693879 0.0475637 0.0245595
0 0.457141 0.736093 0.0175178 0.0398108 0.0244888
0 0.224619 0.274055 0.0159042 0.0367193 0.0240681
0 0.506856 0.249972 0.0127722 0.0264657 0.02405
0 0.0670502 0.600301 0.0404282 0.135908 0.0239329
0 0.0734089 0.308384 0.0204353 0.0299707 0.0237935
2 0.906692 0.193894 0.09636 0.0386994 0.0236349
0 0.27038 0.26919 0.0148352 0.0298966 0.0234666
0 0.436203 0.800247 0.0447921 0.180824 0.0233815
0 0.591685 0.26279 0.0162102 0.0333022 0.0233126
0 0.150031 0.280798 0.0214864 0.0278517 0.0232361
0 0.313207 0.266087 0.0172303 0.0320665 0.0228519
5 0.486485 0.261689 0.136761 0.116103 0.0227614
0 0.179741 0.274948 0.0126217 0.0275331 0.0227205
0 0.568422 0.280548 0.0142343 0.026147 0.0224549
0 0.33227 0.260395 0.0136373 0.022676 0.0223264
0 0.759244 0.262123 0.00882912 0.0192539 0.0213309
0 0.374427 0.613693 0.0287093 0.123445 0.0211353
0 0.149019 0.579333 0.0213791 0.0513372 0.0210784
0 0.146279 0.605269 0.0389446 0.105889 0.0210431
2 0.122292 0.321257 0.106507 0.0511909 0.020836
0 0.380334 0.257011 0.0155996 0.0331463 0.0206993
0 0.771169 0.261445 0.0165066 0.0201658 0.0205322
5 0.485603 0.262119 0.132393 0.115952 0.0204787
0 0.656765 0.259596 0.0122964 0.0265666 0.0201614
2 0.116764 0.320618 0.0955661 0.0452116 0.0200503
9 0.719142 0.180288 0.0158773 0.0319756 0.0197543
2 0.0858302 0.305588 0.0415333 0.0332421 0.0196384
0 0.436205 0.801304 0.0448914 0.178001 0.0196002
9 0.718747 0.178057 0.0152933 0.0311229 0.0193643
0 0.568673 0.287115 0.0154539 0.0399678 0.0193575
0 0.151613 0.278134 0.020534 0.0262599 0.0190766
0 0.875344 0.170136 0.0179438 0.0227481 0.0190351
0 0.330866 0.266642 0.0134993 0.0286168 0.0190177
0 0.00601252 0.71489 0.012025 0.0954075 0.0187721
0 0.00774277 0.254417 0.015268 0.0416837 0.0185652
0 0.376079 0.591672 0.0274466 0.0754919 0.0183471
2 0.174896 0.308819 0.0478702 0.0381945 0.0183051
0 0.45287 0.254023 0.0158924 0.0261496 0.0182094
2 0.910417 0.180053 0.0346558 0.0272455 0.0182043
2 0.157503 0.297842 0.0599278 0.0447821 0.0181411
0 0.0745467 0.307758 0.023005 0.031654 0.0181217
2 0.909276 0.175943 0.0228725 0.0190992 0.0176823
0 0.156264 0.279584 0.0257742 0.0290104 0.0174676
2 0.907968 0.193565 0.10131 0.0384259 0.0174487
2 0.907856 0.195242 0.102066 0.0359587 0.0172637
0 0.313285 0.253068 0.0198449 0.0294799 0.0171312
2 0.874899 0.183325 0.0210375 0.012902 0.017103
0 0.496283 0.249834 0.0124001 0.0240757 0.0169319
1 0.857501 0.324251 0.0284416 0.0309209 0.0167477
0 0.00615691 0.2448 0.0117103 0.0323408 0.0165987
0 0.720604 0.262137 0.010887 0.0208578 0.0160367
0 0.869663 0.165395 0.0186039 0.0337944 0.0159265
1 0.863641 0.314868 0.0353027 0.0446093 0.0156662
0 0.147722 0.572385 0.0182648 0.0382025 0.0154741
9 0.435032 0.5562 0.0164444 0.0520233 0.0154721
2 0.831433 0.193852 0.0510229 0.0273822 0.0154089
0 0.14973 0.612595 0.0261519 0.0830708 0.015405
0 0.309441 0.252683 0.0170016 0.0256786 0.0153164
0 0.307609 0.267405 0.0200507 0.0331091 0.015229
0 0.505681 0.247927 0.0142835 0.0292311 0.0147769
2 0.627596 0.323959 0.122094 0.0521309 0.0145994
0 0.163367 0.280461 0.027998 0.0322949 0.0145708
1 0.860614 0.324875 0.0339344 0.0319769 0.0145188
0 0.00663769 0.716072 0.0132754 0.092065 0.0144505
5 0.483837 0.262175 0.132461 0.113792 0.0144484
0 0.795815 0.258222 0.0218155 0.0283293 0.0144394
2 0.911516 0.191422 0.102563 0.0428157 0.0143993
0 0.435548 0.585389 0.0189951 0.112044 0.0143967
0 0.370088 0.25897 0.0136365 0.0290837 0.0142565
0 0.656826 0.26092 0.0118766 0.0253416 0.0141981
2 0.155957 0.299113 0.0568368 0.0277493 0.0141838
2 0.383337 0.773977 0.0390454 0.0325945 0.0141692
0 0.479086 0.252729 0.0127722 0.0193748 0.014058
0 0.708061 0.262439 0.0134102 0.0191603 0.0139821
2 0.622548 0.321795 0.11234 0.0527202 0.0139332
0 0.920323 0.261312 0.0131096 0.0321567 0.013808
2 0.628068 0.324459 0.122488 0.0524184 0.0137135
2 0.87289 0.195417 0.0289766 0.0335801 0.0135815
0 0.618952 0.261046 0.0115517 0.029879 0.0135517
0 0.448359 0.733429 0.0238676 0.0404859 0.0135001
2 0.109951 0.323673 0.0840321 0.051809 0.0134675
0 0.224651 0.275577 0.0165742 0.0389976 0.0134549
0 0.00592199 0.178061 0.0116761 0.0395308 0.0134376
0 0.631159 0.260417 0.0125239 0.030231 0.01334
0 0.916842 0.260807 0.0127621 0.0305656 0.0128569
2 0.835661 0.192892 0.0539089 0.0293643 0.0128488
2 0.917571 0.197355 0.0623913 0.0294328 0.0128057
2 0.872742 0.195263 0.0299156 0.0314906 0.0127637
0 0.267785 0.27178 0.0219541 0.0320831 0.0127592
