5 0.75471 0.303263 0.139185 0.183609 0.917742
5 0.754919 0.303573 0.138353 0.184048 0.904231
5 0.75504 0.303895 0.138021 0.183688 0.902737
5 0.754668 0.302873 0.138728 0.185209 0.887134
5 0.754706 0.303807 0.138563 0.183388 0.877636
2 0.917839 0.772279 0.15858 0.207079 0.857312
2 0.918775 0.772605 0.158681 0.208047 0.854329
5 0.754761 0.302912 0.139189 0.183999 0.839708
5 0.755409 0.303216 0.138386 0.18405 0.818743
2 0.918246 0.772364 0.158949 0.208478 0.817216
2 0.918307 0.772226 0.158852 0.207557 0.789057
2 0.860743 0.489558 0.0988052 0.114244 0.768389
5 0.754744 0.302922 0.138473 0.184542 0.752097
2 0.860826 0.489946 0.0992353 0.114506 0.752026
2 0.701337 0.446787 0.0790154 0.0853386 0.746945
2 0.860804 0.489435 0.0988029 0.114541 0.739322
2 0.860853 0.490149 0.0998779 0.114388 0.725415
2 0.860837 0.490017 0.0991474 0.114088 0.725304
5 0.754493 0.303407 0.140109 0.184997 0.714688
2 0.701348 0.446619 0.0791391 0.0865388 0.713166
2 0.860919 0.489628 0.100056 0.114459 0.708559
2 0.701375 0.44659 0.0792288 0.0860392 0.7012
2 0.701257 0.446201 0.0792221 0.0857564 0.697617
2 0.919007 0.771777 0.159991 0.209523 0.685231
2 0.860744 0.489501 0.0991371 0.11385 0.662713
2 0.701292 0.446597 0.0790295 0.0852792 0.656263
5 0.754387 0.303525 0.140576 0.184713 0.655929
2 0.860665 0.489832 0.0989201 0.114112 0.65564
2 0.701684 0.446899 0.0792411 0.0861411 0.655073
2 0.211758 0.296011 0.04414 0.0559375 0.636211
2 0.918106 0.771399 0.159526 0.206166 0.63257
2 0.918025 0.771129 0.158039 0.206313 0.622514
2 0.917965 0.771485 0.158075 0.207167 0.602061
2 0.211782 0.29556 0.044243 0.0557864 0.601355
2 0.860943 0.489743 0.0996464 0.114044 0.597848
0 0.133281 0.322981 0.018972 0.0610756 0.594944
2 0.0250017 0.502429 0.0498198 0.110317 0.590266
2 0.918017 0.77174 0.159656 0.207027 0.58539
2 0.94723 0.372878 0.0804157 0.0695177 0.580462
2 0.0250791 0.502145 0.0499723 0.109418 0.576052
2 0.349904 0.32044 0.0453431 0.0655501 0.56862
2 0.946657 0.373623 0.0796318 0.0687792 0.563606
2 0.405169 0.150918 0.0243981 0.0315873 0.560796
0 0.133468 0.323627 0.0175544 0.0612047 0.558586
2 0.551013 0.490871 0.0660149 0.11284 0.554704
2 0.946771 0.373189 0.0791807 0.0709932 0.547413
2 0.350059 0.32016 0.044467 0.0649694 0.546672
2 0.211686 0.296207 0.0453312 0.0577267 0.537935
2 0.0250144 0.501817 0.0498778 0.108582 0.532978
2 0.609471 0.328209 0.0475326 0.062897 0.526566
2 0.947205 0.373798 0.0803133 0.0689643 0.522796
2 0.946575 0.373445 0.0797485 0.0700336 0.517573
2 0.946915 0.373184 0.0795542 0.0709964 0.516418
0 0.133545 0.324207 0.0164824 0.0615314 0.512664
2 0.349902 0.320017 0.0446603 0.0646328 0.510259
2 0.405273 0.151359 0.0244246 0.0316606 0.506057
5 0.532016 0.6274 0.0874176 0.153294 0.505768
2 0.610276 0.328525 0.047892 0.0626964 0.503339
5 0.531967 0.627725 0.0869221 0.153269 0.498416
2 0.6094 0.328016 0.0472522 0.0636179 0.494946
2 0.025064 0.502507 0.0500053 0.10953 0.492341
2 0.0250215 0.501562 0.0498163 0.109545 0.487563
0 0.133387 0.322153 0.0193732 0.06122 0.487061
2 0.025078 0.501978 0.0497782 0.110132 0.485717
5 0.531922 0.627145 0.0865946 0.152937 0.481189
2 0.326153 0.218257 0.041788 0.0486631 0.479756
5 0.531865 0.626953 0.0860265 0.153243 0.478813
2 0.349645 0.320173 0.0442206 0.0649186 0.477914
2 0.610235 0.3285 0.0471224 0.0627466 0.468596
2 0.860695 0.490344 0.0992134 0.113143 0.46842
5 0.53211 0.627449 0.0869816 0.153949 0.468307
2 0.946505 0.372761 0.0799896 0.0715014 0.464462
5 0.531995 0.627325 0.0871319 0.152774 0.464308
2 0.609055 0.327932 0.0510242 0.0628206 0.461493
2 0.609729 0.32798 0.0486935 0.0632682 0.459371
2 0.609484 0.327836 0.0480765 0.0628745 0.458509
2 0.349602 0.320528 0.0449138 0.0647058 0.45679
2 0.550893 0.490991 0.0661058 0.112843 0.452966
2 0.211465 0.296876 0.0447081 0.0573939 0.451126
2 0.946589 0.374552 0.0802677 0.0679432 0.447716
5 0.532042 0.627263 0.0868456 0.153359 0.439868
2 0.326016 0.218335 0.0411541 0.0489659 0.438319
2 0.0251483 0.501842 0.0501039 0.110612 0.437112
2 0.551042 0.49113 0.0668182 0.112926 0.436612
2 0.610211 0.327998 0.0485278 0.0627048 0.434198
2 0.882565 0.313837 0.0640974 0.0617644 0.425966
2 0.0250452 0.502224 0.0497987 0.109744 0.424282
2 0.882349 0.313735 0.0639223 0.0617147 0.4216
5 0.532008 0.627378 0.0875658 0.153365 0.421472
2 0.882722 0.313977 0.0650379 0.06221 0.421088
2 0.212278 0.295898 0.0462518 0.0570672 0.415745
2 0.550802 0.49094 0.0669127 0.114666 0.405753
2 0.212015 0.295829 0.0457532 0.0575314 0.405164
2 0.326242 0.218266 0.0421119 0.0498115 0.404055
2 0.882963 0.313721 0.06521 0.0610033 0.393514
2 0.701558 0.446177 0.0803576 0.0867962 0.392954
5 0.531933 0.627346 0.0868993 0.153205 0.384438
2 0.550821 0.490961 0.0663149 0.112615 0.384393
2 0.883016 0.314208 0.0641956 0.0614698 0.371584
2 0.883262 0.314042 0.0650219 0.061836 0.371061
2 0.569974 0.194762 0.0335619 0.0407888 0.365672
2 0.700685 0.446893 0.0792747 0.0840279 0.365505
2 0.882943 0.313748 0.0651461 0.0615037 0.355545
2 0.609026 0.327753 0.0501305 0.0621534 0.354166
2 0.405355 0.151089 0.0265189 0.029753 0.353779
2 0.551074 0.490707 0.0660751 0.112874 0.34647
2 0.946795 0.371339 0.0793852 0.073241 0.333585
2 0.349808 0.320312 0.0440398 0.0658666 0.331601
0 0.134307 0.322546 0.016961 0.0617204 0.323779
5 0.754421 0.305118 0.139311 0.181373 0.319796
2 0.513716 0.144303 0.0237079 0.0259236 0.317503
2 0.349567 0.32023 0.0442496 0.0640929 0.314856
2 0.701195 0.44704 0.0791849 0.0840977 0.304494
2 0.569484 0.19659 0.0341097 0.0403039 0.301344
2 0.404959 0.150977 0.0262819 0.0323726 0.295367
2 0.569166 0.195969 0.032924 0.0407932 0.284966
2 0.569659 0.195672 0.0331055 0.0396968 0.284855
2 0.883183 0.313434 0.0658552 0.0612626 0.28196
5 0.989548 0.505317 0.020417 0.193897 0.279514
0 0.134592 0.322512 0.0185018 0.0625147 0.272461
2 0.883077 0.313595 0.0657208 0.0618787 0.271661
2 0.947027 0.371138 0.0801434 0.0742136 0.26436
2 0.569584 0.195288 0.0355256 0.0413884 0.263264
2 0.922088 0.304758 0.0411091 0.0372241 0.258807
5 0.989644 0.505129 0.020203 0.192554 0.255805
2 0.920862 0.299835 0.0447407 0.0433833 0.253981
2 0.325706 0.217737 0.04158 0.0501462 0.250306
2 0.325974 0.217966 0.0412368 0.0503293 0.249917
5 0.532243 0.627439 0.0876486 0.153004 0.24476
2 0.550787 0.490833 0.0659008 0.112748 0.243838
2 0.513391 0.143641 0.0240675 0.0267731 0.242069
2 0.349657 0.320288 0.0445278 0.0643898 0.237221
2 0.700838 0.446716 0.0796938 0.0879232 0.232768
2 0.569254 0.194842 0.034119 0.0416052 0.23248
2 0.917869 0.773144 0.157642 0.20882 0.23151
2 0.569144 0.195789 0.034409 0.0411449 0.219384
2 0.212902 0.295274 0.0469265 0.0573742 0.219148
2 0.025177 0.499598 0.0503411 0.102846 0.213717
2 0.210775 0.304189 0.0412261 0.0431855 0.211032
2 0.404831 0.150451 0.0255623 0.030447 0.210515
7 0.384366 0.826748 0.185866 0.345353 0.207005
2 0.569281 0.194784 0.034742 0.0417725 0.20615
7 0.386946 0.827229 0.184183 0.344349 0.20048
0 0.135262 0.322285 0.0202812 0.0620687 0.199509
2 0.550652 0.491189 0.0658749 0.114577 0.199232
2 0.210246 0.306244 0.0415791 0.0381553 0.199184
2 0.349256 0.319539 0.0440315 0.0634205 0.198194
2 0.34894 0.319467 0.0426665 0.0631063 0.190973
2 0.325997 0.217989 0.0406802 0.0503851 0.190819
7 0.385895 0.826538 0.182853 0.345865 0.185145
2 0.989684 0.503587 0.020138 0.194887 0.185107
2 0.921269 0.304729 0.0423603 0.0377541 0.18433
7 0.384174 0.82696 0.18645 0.344119 0.182475
2 0.262094 0.194511 0.0257153 0.0303679 0.1801
2 0.211811 0.295498 0.0449198 0.0583444 0.175641
7 0.388654 0.826995 0.181529 0.344792 0.175054
2 0.513972 0.144641 0.0241671 0.0269163 0.171793
2 0.325984 0.218612 0.0403296 0.050455 0.17012
2 0.920737 0.300308 0.0430943 0.0441981 0.169233
2 0.0253308 0.502474 0.0506615 0.107396 0.166907
2 0.261648 0.192565 0.0247396 0.0316885 0.166116
2 0.881883 0.313424 0.0628454 0.0615427 0.165827
0 0.134983 0.321787 0.0207891 0.0630081 0.16266
2 0.406611 0.151057 0.0277855 0.0321347 0.159217
2 0.921163 0.299753 0.046376 0.0449481 0.152796
7 0.385637 0.827227 0.184909 0.344109 0.151189
2 0.212742 0.295013 0.047777 0.0534096 0.147535
5 0.989556 0.504752 0.0204029 0.198396 0.141726
2 0.513601 0.140687 0.0264248 0.0332458 0.141287
2 0.261784 0.193407 0.0251261 0.0312078 0.140909
2 0.32618 0.21786 0.0413837 0.0501631 0.138876
2 0.326022 0.218511 0.040644 0.0505381 0.136679
2 0.513635 0.144892 0.023545 0.0267149 0.13464
0 0.135005 0.320062 0.0211565 0.0648014 0.133364
2 0.261488 0.18998 0.0248736 0.036546 0.132868
2 0.578384 0.137984 0.0279402 0.0247674 0.129323
2 0.406539 0.15136 0.0276079 0.0313966 0.129128
2 0.40527 0.151277 0.0256523 0.0322577 0.122745
2 0.349501 0.320833 0.0448494 0.0646533 0.121382
0 0.458733 0.228234 0.0116524 0.0298953 0.117781
2 0.513609 0.143685 0.0240086 0.0272581 0.1152
7 0.381725 0.826852 0.18855 0.345314 0.113702
2 0.922255 0.307508 0.0430058 0.0397517 0.109787
2 0.262023 0.186033 0.0259158 0.0443206 0.107286
7 0.388134 0.826487 0.182226 0.346759 0.105403
2 0.262454 0.189666 0.0253807 0.0389268 0.105154
2 0.542446 0.131179 0.020402 0.0208554 0.104379
2 0.921329 0.299985 0.0445604 0.0458368 0.102957
2 0.989596 0.504254 0.0202824 0.197392 0.102055
0 0.0901002 0.294871 0.0140379 0.03364 0.0994987
0 0.30863 0.168834 0.0107233 0.0233157 0.0930164
9 0.918148 0.233756 0.0131157 0.0344879 0.090514
7 0.382272 0.826597 0.188712 0.345338 0.0896594
5 0.570078 0.193747 0.0349 0.0401214 0.0889422
2 0.326216 0.218159 0.0405468 0.0501645 0.0885935
2 0.457362 0.519381 0.0447182 0.0390385 0.0884314
0 0.135754 0.322605 0.0202901 0.0621262 0.0870633
2 0.513253 0.140937 0.0263021 0.0317208 0.0860311
2 0.214518 0.291763 0.0458846 0.0478291 0.0860145
0 0.769153 0.145583 0.0111697 0.0389923 0.0858452
0 0.990362 0.473846 0.0185734 0.134536 0.083944
2 0.0995789 0.622904 0.0538135 0.0463629 0.0832639
7 0.984402 0.504645 0.0306938 0.19271 0.0802307
2 0.0994395 0.621924 0.053898 0.0486212 0.0796948
2 0.0991515 0.622717 0.0547981 0.0469528 0.077826
2 0.550471 0.490456 0.0672522 0.11355 0.0769564
7 0.984081 0.503762 0.0309635 0.194475 0.0763508
2 0.661641 0.12158 0.0190517 0.0271824 0.0760591
0 0.230144 0.286961 0.0147848 0.0342008 0.0755385
2 0.100062 0.622004 0.0539737 0.048811 0.0718513
0 0.822779 0.215574 0.0116123 0.0368727 0.071438
0 0.76838 0.15129 0.0105417 0.0410244 0.0707524
0 0.0906352 0.245909 0.0158904 0.0348699 0.0705484
2 0.099337 0.623463 0.0535111 0.0490011 0.0698546
2 0.921398 0.29586 0.0476152 0.0492708 0.069365
2 0.261438 0.186872 0.0259379 0.0418943 0.0690461
2 0.701695 0.447201 0.0796227 0.0839018 0.0688698
2 0.882677 0.308399 0.0648705 0.0525153 0.0685626
2 0.88245 0.308966 0.0632669 0.0527799 0.0680933
2 0.982748 0.29567 0.0341515 0.0524142 0.0671787
2 0.989647 0.501817 0.0200205 0.182375 0.0671482
2 0.990336 0.504319 0.0186405 0.175546 0.0663366
0 0.662544 0.119816 0.0187171 0.026298 0.0648524
7 0.983781 0.50534 0.0318958 0.188541 0.0628311
0 0.230928 0.178494 0.0135046 0.0226292 0.0626126
2 0.917387 0.771876 0.157486 0.20735 0.0612265
2 0.569501 0.190999 0.0347609 0.0466222 0.0611144
0 0.0904298 0.294085 0.0164056 0.0347169 0.0603867
2 0.0993645 0.622693 0.0532068 0.0466539 0.0601667
7 0.391621 0.82697 0.178634 0.345579 0.058199
0 0.823027 0.214146 0.0113792 0.0375 0.0580826
5 0.570129 0.186335 0.0358471 0.0554704 0.0579932
2 0.990724 0.517193 0.0178917 0.168743 0.0575494
0 0.660675 0.123432 0.0186815 0.0277948 0.0574142
0 0.0911132 0.250702 0.0170389 0.0393643 0.0571755
2 0.983666 0.298389 0.03197 0.0472506 0.0561884
0 0.458895 0.226404 0.0105875 0.0263731 0.0559188
0 0.458659 0.234883 0.0128197 0.0430227 0.0547035
2 0.6613 0.121966 0.0192741 0.0275848 0.0542035
2 0.99074 0.550359 0.0178099 0.100744 0.0537462
2 0.881732 0.31239 0.0623365 0.0601938 0.053483
2 0.213699 0.194579 0.0174588 0.0186919 0.0532562
0 0.990017 0.500502 0.0193859 0.197427 0.0532514
5 0.577501 0.140234 0.0267035 0.0239487 0.0532003
2 0.982276 0.293907 0.0349094 0.0577173 0.0522485
2 0.66158 0.122296 0.020839 0.0281733 0.0521108
0 0.989887 0.481026 0.0194447 0.148709 0.0519382
2 0.0989616 0.623225 0.0524671 0.0457279 0.0518364
2 0.921944 0.296693 0.0459978 0.0488602 0.0518075
0 0.0886315 0.295527 0.0174496 0.0333159 0.0506687
0 0.39138 0.987933 0.0765926 0.0233917 0.0505377
0 0.0879094 0.295358 0.0186968 0.0352147 0.0503653
0 0.990558 0.462895 0.018173 0.113753 0.0498083
2 0.0992047 0.623224 0.052526 0.0453516 0.0497908
2 0.0989129 0.622446 0.0543979 0.0467559 0.0491933
2 0.983268 0.295888 0.0328884 0.0511466 0.0491863
2 0.990731 0.542511 0.0178551 0.112743 0.0488253
0 0.134262 0.315198 0.0189095 0.0509868 0.0487739
2 0.983313 0.293559 0.0326542 0.0572315 0.0484955
2 0.0999272 0.62334 0.0545976 0.0503599 0.0483633
0 0.880473 0.229044 0.0125736 0.0346949 0.0476392
0 0.290978 0.1743 0.0123394 0.0302527 0.0459265
0 0.769082 0.142043 0.0131544 0.0363648 0.0458132
0 0.310622 0.167637 0.013265 0.0207449 0.0454982
2 0.279163 0.154059 0.0246913 0.0240455 0.0453855
2 0.401348 0.245115 0.0194297 0.0227732 0.045303
7 0.391602 0.913629 0.126831 0.170334 0.04516
2 0.983633 0.29948 0.0319695 0.0446436 0.04502
2 0.989855 0.515227 0.0197205 0.174039 0.0449053
2 0.919052 0.302356 0.0506313 0.0424151 0.0445434
2 0.162603 0.70865 0.0407246 0.0250668 0.0441286
9 0.982548 0.175163 0.0143219 0.023013 0.0439531
0 0.171445 0.213621 0.0171721 0.0326782 0.0427103
2 0.261518 0.184824 0.0245213 0.0429461 0.0426002
2 0.210226 0.301494 0.0434432 0.0489692 0.0425834
0 0.291008 0.172712 0.0115087 0.0319269 0.0424566
2 0.358468 0.507342 0.0352941 0.0755337 0.0414396
2 0.882851 0.314279 0.0657387 0.0610502 0.0414205
2 0.987515 0.505057 0.0238621 0.169969 0.0412098
2 0.54231 0.125535 0.0205886 0.0308918 0.0408681
0 0.993171 0.447305 0.0128685 0.0753659 0.0397478
2 0.0990294 0.622032 0.0538838 0.0472657 0.0396873
2 0.455626 0.519437 0.0471609 0.038703 0.0395166
5 0.572368 0.164858 0.0322729 0.0324262 0.0394761
2 0.559329 0.111724 0.0186266 0.0203182 0.0394756
2 0.162614 0.708741 0.0412009 0.0253304 0.0385171
2 0.0994276 0.623599 0.0552106 0.0481579 0.0383677
2 0.455943 0.518779 0.0455343 0.0388551 0.0379534
2 0.358394 0.507279 0.0354388 0.0767454 0.0378108
2 0.701527 0.446704 0.0800808 0.0843222 0.0369967
7 0.393179 0.915467 0.122492 0.166655 0.0368283
2 0.468831 0.0757395 0.0156754 0.0176849 0.0363837
0 0.0884724 0.239787 0.0156776 0.0294572 0.0363401
2 0.456492 0.518745 0.0471582 0.0387321 0.0360544
0 0.171281 0.203999 0.0210234 0.0480843 0.0354838
2 0.921016 0.29555 0.0458504 0.0491981 0.0351848
0 0.329386 0.171427 0.0115828 0.0316354 0.0349495
2 0.982437 0.299437 0.0347794 0.0479957 0.034855
2 0.983625 0.301994 0.0321035 0.0407744 0.0347557
5 0.300041 0.0690838 0.0295383 0.0433416 0.0346421
