2 0.79194 0.451682 0.144229 0.219067 0.638389
2 0.791294 0.452518 0.144186 0.220682 0.62724
2 0.791582 0.451122 0.143748 0.218957 0.552947
0 0.173186 0.194936 0.021037 0.0757299 0.532089
2 0.495108 0.436716 0.0921796 0.186514 0.523419
0 0.172598 0.193813 0.021238 0.0761773 0.518271
0 0.121561 0.254684 0.0280458 0.0871698 0.504259
0 0.173138 0.194103 0.0208863 0.075386 0.496663
2 0.495341 0.436558 0.0924155 0.186155 0.489178
2 0.495104 0.43657 0.0923425 0.186061 0.469582
2 0.791554 0.449919 0.145371 0.21444 0.466063
2 0.494757 0.435729 0.0923389 0.184849 0.46142
2 0.494739 0.435848 0.0920992 0.184984 0.435385
2 0.495344 0.436561 0.0928863 0.185441 0.432508
0 0.121211 0.254486 0.0283654 0.0874693 0.423942
2 0.791905 0.45064 0.143114 0.217894 0.41366
0 0.121542 0.254956 0.0281708 0.0875404 0.402838
0 0.120988 0.254372 0.0283659 0.0876098 0.38943
0 0.120749 0.254202 0.0283293 0.0885768 0.353621
2 0.791816 0.447718 0.14482 0.209688 0.35016
0 0.121298 0.254523 0.0283071 0.0869408 0.326842
0 0.121489 0.254452 0.0284933 0.0881281 0.324299
0 0.173391 0.194151 0.0216458 0.0765793 0.323301
0 0.173254 0.19756 0.0207158 0.0715747 0.31963
0 0.172531 0.193089 0.0240689 0.0765888 0.316461
2 0.791717 0.449233 0.144213 0.213335 0.312791
0 0.120634 0.254193 0.0293151 0.0886394 0.310665
2 0.49545 0.436335 0.0925971 0.185572 0.308202
2 0.79174 0.451745 0.144178 0.217829 0.303845
0 0.792528 0.155457 0.0193898 0.0856555 0.292339
2 0.495411 0.436035 0.0931246 0.185687 0.285393
0 0.173502 0.194829 0.0220242 0.0763964 0.277783
0 0.866438 0.206718 0.0280123 0.0750673 0.274926
0 0.823988 0.187096 0.0253063 0.101336 0.273001
0 0.824061 0.18961 0.0249496 0.100274 0.270915
0 0.121697 0.254755 0.028997 0.0874785 0.27037
0 0.172032 0.192571 0.019767 0.0760043 0.269248
0 0.79234 0.156419 0.0203659 0.0860724 0.265539
0 0.172205 0.193127 0.0243971 0.0775219 0.25894
0 0.866259 0.206682 0.0289562 0.0767959 0.255314
2 0.582564 0.0230772 0.0337868 0.0439727 0.254409
0 0.171944 0.19298 0.024443 0.0775174 0.246118
2 0.791716 0.454204 0.14397 0.217512 0.245753
0 0.866229 0.207189 0.0305445 0.0813947 0.244833
5 0.482663 0.241803 0.059886 0.108815 0.244615
2 0.581899 0.0225968 0.0347797 0.0441297 0.242279
5 0.482448 0.241543 0.0590326 0.107565 0.24121
2 0.495579 0.43805 0.0923775 0.182428 0.237932
0 0.793534 0.156009 0.0198528 0.0881082 0.237446
2 0.581743 0.0234708 0.0341877 0.0443999 0.234664
0 0.792802 0.156586 0.0198507 0.0850007 0.227994
0 0.745017 0.100563 0.0203707 0.0626101 0.221522
5 0.482803 0.241083 0.0594582 0.107801 0.220798
2 0.582586 0.0222545 0.0335745 0.0440567 0.21857
5 0.482489 0.241437 0.0606422 0.108725 0.215221
0 0.743872 0.0979811 0.0197599 0.0582959 0.214897
0 0.0196352 0.236169 0.0269288 0.0782584 0.214236
0 0.173599 0.197534 0.0217644 0.0720786 0.212758
2 0.581961 0.0227605 0.0336925 0.0444945 0.21154
0 0.01934 0.23555 0.029969 0.0795774 0.20777
0 0.823322 0.185405 0.0261543 0.102723 0.205993
0 0.0197194 0.236553 0.0273534 0.0766749 0.198873
0 0.0204672 0.236374 0.0286354 0.0782718 0.197338
0 0.12085 0.258527 0.0284622 0.0787188 0.196183
0 0.0198118 0.236587 0.0264328 0.078979 0.194962
2 0.581736 0.0228873 0.0354812 0.0437484 0.194318
5 0.482968 0.242134 0.06119 0.111317 0.192922
0 0.342664 0.123571 0.0181631 0.0483989 0.192627
0 0.866887 0.205083 0.0268736 0.0709841 0.190042
0 0.865925 0.209386 0.0283253 0.0722581 0.186777
0 0.020194 0.235947 0.028448 0.07935 0.185637
2 0.581882 0.0237156 0.0348449 0.0438911 0.183621
0 0.865934 0.206162 0.0317204 0.0839054 0.1836
2 0.791836 0.450478 0.144454 0.21454 0.183289
0 0.865942 0.187084 0.0300159 0.118867 0.180898
0 0.794079 0.155591 0.0196131 0.0867 0.178529
0 0.793612 0.152922 0.0158629 0.0812719 0.178187
0 0.173215 0.19304 0.0219553 0.0782178 0.176104
0 0.824062 0.186679 0.0254475 0.0975719 0.172163
0 0.792319 0.159243 0.0210991 0.0798353 0.161437
0 0.824363 0.192075 0.0232185 0.0942615 0.154287
0 0.742484 0.0961746 0.0178529 0.0558146 0.152471
0 0.342303 0.118282 0.0168306 0.0380407 0.152308
0 0.793123 0.155946 0.0216362 0.0885598 0.146593
2 0.463218 0.117419 0.0451603 0.0314747 0.135249
0 0.327804 0.122921 0.0181788 0.0439864 0.132674
0 0.0203716 0.235843 0.0279768 0.0798626 0.131037
0 0.342421 0.127495 0.0190767 0.0561263 0.130433
0 0.820887 0.184747 0.0259037 0.1006 0.126713
5 0.482193 0.242627 0.0595615 0.11034 0.124157
0 0.742036 0.0990686 0.0219036 0.0629982 0.123904
5 0.482147 0.241945 0.0586473 0.108896 0.121396
0 0.120544 0.254706 0.0270365 0.0864002 0.11965
0 0.329304 0.0464594 0.0148712 0.032964 0.117611
0 0.329742 0.0474864 0.0154801 0.0343806 0.117112
0 0.866668 0.197681 0.0278461 0.0817204 0.11592
0 0.0206556 0.235639 0.0289769 0.0797295 0.115623
2 0.46382 0.117408 0.0438388 0.0318432 0.114823
0 0.0204835 0.235573 0.0283116 0.0789461 0.112095
0 0.742011 0.101223 0.0226788 0.0648654 0.111136
0 0.816541 0.123573 0.0188988 0.0417916 0.10826
0 0.843415 0.12229 0.0173008 0.0449859 0.107086
0 0.790767 0.156671 0.0232209 0.0854751 0.102303
0 0.817939 0.144122 0.0240923 0.0808536 0.101303
0 0.868069 0.204015 0.0303352 0.0772622 0.101029
0 0.120488 0.253805 0.0271963 0.0895118 0.0992649
0 0.823051 0.185178 0.0322975 0.102278 0.0976041
2 0.59767 0.141115 0.0369543 0.0157818 0.0966528
0 0.0210498 0.235745 0.0298315 0.0802131 0.0955535
0 0.824291 0.1904 0.0233047 0.0916677 0.0936708
0 0.823697 0.186727 0.0263241 0.101994 0.0934072
5 0.495512 0.438776 0.0920065 0.182141 0.0915205
9 0.128534 0.00968736 0.0273366 0.0193747 0.0907389
0 0.817393 0.132938 0.0210228 0.0600494 0.0884588
0 0.867525 0.206534 0.0313091 0.0772477 0.0884153
2 0.464121 0.118622 0.0456373 0.033852 0.0878661
2 0.5818 0.025268 0.0339474 0.0429044 0.0876401
0 0.794307 0.143634 0.0149878 0.0631574 0.087022
0 0.744516 0.105276 0.0203643 0.0566516 0.0867657
0 0.928068 0.0230233 0.0147915 0.0449698 0.0861658
2 0.582448 0.0226135 0.0336269 0.0445923 0.0858748
0 0.864867 0.174252 0.0256973 0.0986224 0.0858475
39 0.501008 0.857465 0.151435 0.274797 0.0855314
2 0.46245 0.11748 0.046981 0.032603 0.0848918
0 0.821758 0.184596 0.0323641 0.0979798 0.0816268
2 0.49488 0.437331 0.0906003 0.189346 0.0811381
9 0.127425 0.00978624 0.0285661 0.0195725 0.0799903
0 0.818837 0.171561 0.0254841 0.0856467 0.0799329
2 0.582169 0.0216007 0.0325722 0.0432013 0.0796351
0 0.268637 0.0551114 0.0161827 0.0541947 0.0782446
2 0.463114 0.116691 0.0451704 0.0326565 0.0780348
2 0.32017 0.1579 0.0655625 0.0964185 0.0774843
2 0.319577 0.159324 0.0646565 0.102498 0.0773555
0 0.841798 0.148711 0.0208141 0.0920796 0.0762894
2 0.319641 0.158372 0.0643439 0.0960419 0.0747323
0 0.864891 0.209702 0.0331888 0.075518 0.0739071
0 0.737928 0.0972816 0.0188304 0.055839 0.0732994
0 0.864587 0.15316 0.0185575 0.0537605 0.0732942
0 0.843322 0.119786 0.0159124 0.0416037 0.0731799
0 0.341977 0.128392 0.0203357 0.0565845 0.0730632
2 0.320051 0.158041 0.0650192 0.100978 0.0727306
0 0.86381 0.15301 0.0168739 0.0554379 0.0719797
0 0.0187512 0.236535 0.0258385 0.0794679 0.071672
0 0.927705 0.0237886 0.0139469 0.0427006 0.0715906
2 0.463855 0.116561 0.0450226 0.0320488 0.0700414
0 0.846624 0.213982 0.0281 0.068031 0.0683642
0 0.327177 0.126711 0.0197917 0.0487797 0.0679236
0 0.194503 0.0878919 0.0129706 0.0446791 0.0678066
0 0.841155 0.17239 0.0192619 0.0819488 0.0674421
0 0.845829 0.211922 0.0264282 0.071905 0.0667716
0 0.738805 0.100373 0.0224831 0.0608256 0.06562
0 0.269237 0.0534619 0.0152395 0.0522752 0.0652785
0 0.330455 0.115432 0.0126165 0.0319103 0.0642102
2 0.597155 0.140943 0.0386272 0.0166651 0.0640956
0 0.327297 0.149458 0.0245084 0.0930714 0.0638593
5 0.48276 0.237913 0.0572456 0.0994011 0.0634419
0 0.843193 0.131248 0.0183952 0.0617198 0.0625272
0 0.845811 0.199112 0.0295834 0.0968275 0.0624077
39 0.504642 0.860063 0.159927 0.279066 0.061718
0 0.816326 0.121445 0.0184179 0.0390604 0.0617087
0 0.840832 0.158589 0.0186415 0.0672866 0.0613621
0 0.748161 0.10203 0.0193172 0.0629177 0.0613062
2 0.481499 0.228551 0.0565846 0.0816631 0.0609364
0 0.268737 0.0608121 0.0156017 0.0434378 0.0604316
0 0.865639 0.169455 0.0228092 0.0848157 0.0596784
0 0.863093 0.157236 0.0211651 0.0602075 0.0586307
0 0.815738 0.120242 0.0160248 0.0353078 0.0585779
0 0.864967 0.213458 0.0278378 0.0659693 0.0575106
39 0.504683 0.85954 0.160374 0.280079 0.0572869
2 0.465078 0.127741 0.049768 0.0533011 0.0570665
0 0.790486 0.156561 0.0234995 0.085658 0.0569917
0 0.315552 0.152348 0.044445 0.0960185 0.0564207
0 0.864128 0.211825 0.0285282 0.071695 0.0563798
0 0.846289 0.214168 0.028812 0.0686484 0.0555217
2 0.463619 0.122256 0.051052 0.0421825 0.0555107
2 0.638888 0.00495612 0.0306034 0.00991223 0.055132
2 0.989443 0.0373632 0.0203968 0.0361593 0.0532697
0 0.863336 0.15475 0.0192856 0.0583823 0.0531138
5 0.471091 0.161944 0.0897906 0.309079 0.0529657
0 0.818035 0.148432 0.0256302 0.0895842 0.0528788
0 0.819976 0.170612 0.0310524 0.0982338 0.0528155
0 0.739363 0.0950789 0.021323 0.0546832 0.0524695
0 0.341988 0.124953 0.0209641 0.0511061 0.052118
0 0.020486 0.236765 0.0278039 0.0758676 0.0519902
0 0.173615 0.20304 0.0208143 0.0630631 0.0519449
9 0.127549 0.0105622 0.0307412 0.0208532 0.0517266
0 0.842198 0.152064 0.0217678 0.103314 0.0504874
5 0.479523 0.250702 0.0695143 0.130774 0.0500064
1 0.746638 0.115555 0.0162683 0.0392457 0.0498126
2 0.464388 0.120958 0.0488596 0.0393596 0.0498121
0 0.82424 0.194854 0.0199982 0.0840965 0.0497256
0 0.793228 0.0461054 0.0142345 0.0561828 0.0483492
0 0.19476 0.0917484 0.0130997 0.0395863 0.0477756
0 0.831158 0.178466 0.029884 0.0885335 0.0476315
0 0.316253 0.111318 0.0144836 0.0204593 0.0476302
0 0.843248 0.18643 0.0260269 0.111218 0.0475675
2 0.581604 0.0251329 0.0352407 0.0440966 0.0473736
0 0.86171 0.16262 0.0225368 0.066656 0.0470677
0 0.321636 0.118526 0.0205327 0.0324388 0.0456534
39 0.504429 0.859936 0.15991 0.279389 0.0454591
2 0.581924 0.0218485 0.0339733 0.0436969 0.0438642
0 0.792607 0.0487542 0.0139683 0.0522401 0.0430419
0 0.750027 0.0971841 0.0163838 0.0533928 0.0428751
0 0.859712 0.208999 0.0324135 0.0773647 0.0425791
9 0.128006 0.0102823 0.0308036 0.0203291 0.0424407
5 0.469462 0.163135 0.0914708 0.30606 0.0414418
0 0.851545 0.208103 0.027298 0.0743901 0.0412954
2 0.465442 0.136246 0.0545759 0.0699294 0.041203
39 0.505132 0.859354 0.16059 0.279653 0.0409654
0 0.338734 0.151544 0.0287329 0.0978549 0.040548
0 0.845091 0.216197 0.0236675 0.0646078 0.0405189
0 0.863932 0.154915 0.020088 0.0617679 0.040178
0 0.81817 0.431499 0.0210186 0.0231999 0.0400243
0 0.308779 0.154129 0.0361568 0.0926983 0.0388978
39 0.504055 0.859655 0.159875 0.27837 0.0383541
0 0.843553 0.202613 0.0297142 0.0857601 0.0381307
0 0.305 0.0611488 0.01068 0.0272171 0.0379947
39 0.505063 0.859372 0.161765 0.280445 0.0376824
2 0.319964 0.155907 0.0637771 0.101444 0.0371407
0 0.868494 0.201303 0.0291046 0.0738809 0.0366375
2 0.465958 0.136044 0.0548483 0.0695093 0.0362276
5 0.482219 0.237956 0.05816 0.0986022 0.0361236
2 0.989564 0.0304732 0.0202538 0.0490781 0.0358307
0 0.839466 0.180885 0.0244701 0.10768 0.0358048
2 0.480341 0.218658 0.0520099 0.0616722 0.0355093
0 0.195604 0.09539 0.0142405 0.0404805 0.0354514
0 0.313113 0.155322 0.0488181 0.0958046 0.034262
0 0.329327 0.0441226 0.0166301 0.0372248 0.0338976
0 0.18046 0.111363 0.0181796 0.0270773 0.0337387
39 0.504264 0.859499 0.160251 0.279852 0.0334243
0 0.180069 0.0964293 0.020779 0.0554478 0.0333404
0 0.861534 0.215208 0.0258835 0.0671074 0.0332802
2 0.461831 0.116691 0.0447832 0.0330556 0.0331273
0 0.790428 0.159668 0.0232426 0.0792783 0.0331253
0 0.895519 0.0208079 0.0131191 0.0358519 0.0329395
0 0.929367 0.0207722 0.0151287 0.0415445 0.0326177
0 0.247312 0.0539167 0.0125214 0.036491 0.0324825
0 0.329964 0.0530843 0.0171684 0.0431812 0.0324601
0 0.119722 0.254317 0.0306423 0.08811 0.0323931
0 0.195523 0.0866101 0.0153375 0.0494439 0.032051
0 0.752412 0.0879395 0.0122835 0.0343368 0.0319346
2 0.597544 0.140443 0.0368193 0.0153924 0.0319293
2 0.480787 0.216153 0.0520849 0.0563017 0.0317849
0 0.179053 0.0947735 0.024048 0.0570545 0.0317808
0 0.233173 0.0600477 0.0114347 0.0289047 0.0317504
2 0.581697 0.0265949 0.0351057 0.040574 0.0316428
2 0.480811 0.21255 0.0510519 0.0425789 0.0315845
2 0.46556 0.137864 0.0546865 0.0713078 0.0315192
0 0.895289 0.0195769 0.0124008 0.0359776 0.0305338
5 0.475323 0.165366 0.0895293 0.306066 0.0303874
2 0.582991 0.0204425 0.0317211 0.0408849 0.0301457
0 0.856579 0.183505 0.0305445 0.10401 0.0301203
2 0.983779 0.030432 0.0318764 0.0513528 0.030108
0 0.313411 0.153207 0.049955 0.0977747 0.0301072
0 0.843064 0.137984 0.0204239 0.0780078 0.0297231
0 0.790824 0.0547185 0.0140068 0.0418626 0.0295709
0 0.830652 0.185836 0.0368927 0.107653 0.0291642
2 0.465556 0.139581 0.0583396 0.0716963 0.0291364
0 0.742504 0.0873534 0.0153235 0.0413973 0.0285858
0 0.323654 0.126841 0.0239157 0.0455046 0.0284941
2 0.974197 0.0395343 0.0438185 0.0358565 0.0284774
5 0.484259 0.240764 0.0630672 0.110717 0.0283996
39 0.503695 0.859623 0.159988 0.280433 0.0281899
2 0.481627 0.228327 0.0554394 0.0815251 0.0281294
0 0.867484 0.210179 0.0314125 0.072264 0.0275987
2 0.466033 0.137205 0.0535469 0.0702198 0.0274575
5 0.467712 0.16399 0.090751 0.306854 0.0273376
0 0.0199198 0.239717 0.0237774 0.0705362 0.026304
0 0.30981 0.123736 0.0178066 0.0386282 0.0259163
2 0.470767 0.15769 0.0448606 0.0300382 0.0256979
0 0.245758 0.0553311 0.0109368 0.0353061 0.0255588
0 0.312378 0.155362 0.0501197 0.0943942 0.0255028
39 0.503298 0.859806 0.159559 0.27822 0.0249832
2 0.467948 0.145311 0.0491813 0.0518948 0.0249682
5 0.484221 0.241182 0.0627506 0.110741 0.0249666
0 0.838475 0.161392 0.0232895 0.0657091 0.0245299
0 0.269855 0.0667806 0.0156191 0.0342299 0.0244046
2 0.637467 0.0051992 0.0333259 0.0103984 0.0239519
0 0.269112 0.0508025 0.0158653 0.051439 0.023827
2 0.979708 0.0361685 0.0396702 0.0417539 0.0238107
0 0.766557 0.00940511 0.0114246 0.0188102 0.0237136
0 0.792831 0.0437364 0.0158178 0.0607814 0.0236476
2 0.462828 0.128893 0.0521544 0.0564385 0.0233784
2 0.977775 0.030551 0.0437559 0.0523156 0.0225509
0 0.738664 0.105983 0.0226205 0.0541647 0.0221151
0 0.178509 0.0941187 0.0258935 0.0560652 0.0220456
0 0.304821 0.0634235 0.0118804 0.0249977 0.0219565
0 0.178592 0.0943755 0.0275358 0.05714 0.0218031
2 0.597293 0.14082 0.0373714 0.0160953 0.0217676
0 0.928352 0.028374 0.0149239 0.0357108 0.0217621
0 0.312905 0.159251 0.0494519 0.0934659 0.0215553
0 0.811393 0.162052 0.0248398 0.0760735 0.0215248
2 0.481301 0.226386 0.0544092 0.0787779 0.0214863
39 0.504176 0.859909 0.159929 0.279943 0.0211118
2 0.463919 0.114743 0.0471552 0.0371292 0.0204037
2 0.792057 0.443692 0.143746 0.203023 0.0203751
0 0.863911 0.148766 0.015066 0.0473719 0.0203559
0 0.825622 0.198704 0.0217285 0.0946979 0.0201623
0 0.312387 0.113047 0.0184938 0.0233402 0.0200939
2 0.470399 0.157233 0.0468237 0.0346669 0.019837
