2 0.222609 0.325043 0.0932204 0.0542777 0.860094
2 0.582412 0.32486 0.0953092 0.0524961 0.845364
2 0.583281 0.325021 0.0923087 0.0519704 0.836907
2 0.583653 0.325179 0.0927947 0.0525314 0.835902
2 0.583757 0.324931 0.0935581 0.0522199 0.834489
2 0.365631 0.320149 0.0921996 0.0557726 0.833091
2 0.583383 0.324915 0.0923025 0.0525714 0.828955
2 0.583633 0.325116 0.0923712 0.0520878 0.813705
2 0.582598 0.324992 0.0947076 0.0521869 0.793658
2 0.222591 0.324381 0.0959414 0.0546649 0.781737
2 0.222486 0.324386 0.0951991 0.0550598 0.779107
2 0.583421 0.325057 0.0927641 0.0521958 0.776498
2 0.222932 0.32433 0.0949708 0.0548632 0.772476
2 0.223091 0.323988 0.0946163 0.0553928 0.771375
2 0.22263 0.324543 0.0952169 0.0549382 0.77025
2 0.583413 0.325 0.0929892 0.053098 0.767989
2 0.365426 0.319941 0.0920341 0.0554761 0.756045
2 0.365342 0.319766 0.0903659 0.0549 0.74721
2 0.222697 0.324202 0.0953829 0.0549261 0.744728
2 0.365107 0.319602 0.0906404 0.0543942 0.739991
2 0.365295 0.3198 0.0912816 0.0548582 0.732489
2 0.36568 0.319397 0.0906441 0.0550219 0.716006
2 0.222081 0.325136 0.0928165 0.0538296 0.706262
2 0.114483 0.310845 0.0601246 0.047924 0.673486
2 0.365 0.320651 0.0903096 0.0563205 0.671397
2 0.309466 0.306858 0.0810413 0.0602364 0.669302
2 0.0591013 0.344359 0.115637 0.0724389 0.666079
2 0.309749 0.306661 0.0805086 0.0597376 0.640561
2 0.11368 0.310735 0.0605487 0.0491326 0.638942
2 0.223036 0.325434 0.097113 0.0553895 0.637485
2 0.364616 0.318933 0.0929323 0.0541766 0.626911
2 0.059004 0.344471 0.116511 0.0721295 0.61758
2 0.309301 0.307107 0.0809115 0.060474 0.611154
2 0.309944 0.30625 0.0801554 0.059132 0.601498
2 0.365005 0.320306 0.0906405 0.0569304 0.595728
2 0.221728 0.325279 0.0978094 0.053868 0.585662
2 0.114817 0.310301 0.0589391 0.0494492 0.585526
2 0.0586414 0.344371 0.115841 0.0742209 0.577311
2 0.114981 0.309667 0.0588183 0.0485966 0.566117
2 0.309582 0.306892 0.0805451 0.060015 0.553671
2 0.115197 0.310699 0.0587263 0.0486694 0.547266
2 0.0587523 0.345028 0.116019 0.0734657 0.544018
2 0.365078 0.319464 0.091603 0.0570806 0.542713
2 0.309412 0.306626 0.0796402 0.0609337 0.528337
2 0.0584435 0.34519 0.115968 0.0739057 0.525834
2 0.822107 0.249458 0.0552406 0.0279813 0.518015
2 0.821878 0.249375 0.0562632 0.0272969 0.506961
2 0.0584291 0.344839 0.116858 0.0730691 0.499776
2 0.364781 0.319416 0.0921993 0.0541181 0.498357
2 0.821958 0.249411 0.0557226 0.0279917 0.493322
2 0.821419 0.249934 0.055788 0.0271181 0.490013
2 0.114566 0.3097 0.0594173 0.0493769 0.488858
0 0.785777 0.291244 0.0210733 0.0506946 0.485222
0 0.78399 0.291243 0.019606 0.0504877 0.478901
2 0.114694 0.31042 0.0589294 0.0499102 0.477615
2 0.821788 0.249204 0.0547216 0.0286681 0.457801
0 0.788447 0.292119 0.0213625 0.0515816 0.444403
2 0.0600849 0.343716 0.113879 0.0708458 0.442695
0 0.788301 0.292196 0.0211773 0.0526722 0.438144
2 0.309073 0.306639 0.0786946 0.060593 0.435156
0 0.78831 0.291685 0.0199743 0.0518025 0.41919
2 0.821166 0.249044 0.0564308 0.0284913 0.416992
0 0.78584 0.291556 0.0218111 0.0511248 0.407137
7 0.189216 0.485477 0.147447 0.130227 0.390393
0 0.760204 0.288339 0.0162551 0.0485564 0.388412
2 0.11474 0.310736 0.0590945 0.0501503 0.387638
2 0.583523 0.324789 0.093589 0.051916 0.383102
2 0.115103 0.310033 0.0586331 0.0493472 0.382521
7 0.188343 0.485332 0.149153 0.129953 0.37138
0 0.786834 0.292405 0.022821 0.0525806 0.350709
2 0.189891 0.486379 0.146522 0.127735 0.347925
2 0.189008 0.485509 0.148922 0.12941 0.345491
7 0.189957 0.486615 0.14638 0.128206 0.340122
2 0.189219 0.485572 0.148601 0.129689 0.337295
2 0.30916 0.307032 0.0798115 0.0600839 0.337006
7 0.189576 0.486068 0.14785 0.13145 0.32897
2 0.0589367 0.346411 0.117392 0.0666624 0.320657
2 0.309492 0.307626 0.0789971 0.0606371 0.319432
0 0.786739 0.293095 0.0236967 0.0531082 0.318983
2 0.22216 0.325144 0.096712 0.0536707 0.314561
2 0.114774 0.310446 0.0585318 0.0481172 0.310345
2 0.0591427 0.341747 0.116771 0.0764359 0.302129
0 0.760527 0.288011 0.0154966 0.044022 0.29536
0 0.783793 0.933613 0.0313413 0.132165 0.29352
2 0.11394 0.309998 0.0608331 0.0502707 0.289383
0 0.729798 0.297312 0.016456 0.0473512 0.28105
0 0.760368 0.288845 0.0178095 0.0491606 0.279396
0 0.78412 0.933633 0.0312193 0.132409 0.275203
7 0.189632 0.487146 0.147014 0.128478 0.269478
2 0.0594468 0.341994 0.116489 0.0779119 0.268604
2 0.22278 0.324731 0.096375 0.0542038 0.260843
2 0.116075 0.312243 0.0573546 0.0495947 0.260378
0 0.760416 0.286689 0.016274 0.0463675 0.243666
0 0.784183 0.933376 0.0308893 0.132483 0.241914
2 0.0315548 0.51148 0.0631096 0.226484 0.23954
0 0.729253 0.295021 0.0163609 0.0447891 0.23373
0 0.760193 0.291486 0.0193466 0.0499572 0.232627
0 0.732325 0.298185 0.0187912 0.0484362 0.231638
2 0.0315404 0.539933 0.0629803 0.283342 0.230433
0 0.785177 0.291135 0.0224417 0.0500733 0.225561
2 0.0317123 0.505765 0.0634246 0.215153 0.225179
2 0.0317898 0.511875 0.0634921 0.226789 0.222825
0 0.783512 0.933774 0.032782 0.131736 0.221812
2 0.820551 0.248713 0.0537334 0.0312925 0.221342
2 0.189495 0.484654 0.148082 0.129488 0.213689
2 0.189072 0.485753 0.147673 0.131406 0.2085
2 0.063419 0.903666 0.126838 0.191113 0.208205
2 0.0633364 0.900179 0.126137 0.199641 0.200421
2 0.0587395 0.345012 0.116666 0.072918 0.198117
2 0.0629858 0.903451 0.125684 0.190748 0.195156
2 0.0632896 0.906417 0.126076 0.184516 0.194657
2 0.821248 0.25023 0.054467 0.0305987 0.193242
0 0.762709 0.289784 0.0190866 0.0482074 0.19211
2 0.0632807 0.902547 0.126561 0.193291 0.184251
0 0.787637 0.291304 0.0207014 0.0509333 0.183971
0 0.741528 0.295776 0.020659 0.0458761 0.182347
0 0.744898 0.933653 0.109821 0.1321 0.181709
2 0.312684 0.306836 0.0838082 0.0590999 0.180823
2 0.0315577 0.526952 0.0631154 0.270755 0.179674
0 0.741688 0.294661 0.017762 0.04541 0.176565
2 0.0122461 0.32012 0.0244923 0.0500047 0.174112
0 0.762014 0.289113 0.018705 0.0480496 0.169189
2 0.0317423 0.504421 0.0634845 0.210696 0.169135
2 0.0117318 0.321569 0.0233824 0.0489112 0.165623
0 0.788398 0.293718 0.0228251 0.0554596 0.162049
2 0.114362 0.311573 0.0588412 0.0501722 0.160502
2 0.0316551 0.538214 0.0633102 0.284824 0.157018
2 0.0632787 0.911674 0.125966 0.173862 0.153581
0 0.972382 0.30291 0.0230894 0.0510859 0.150091
0 0.732873 0.298947 0.0189436 0.0492641 0.149783
2 0.309198 0.306913 0.080626 0.0589026 0.148935
2 0.063534 0.893129 0.126762 0.212547 0.147692
2 0.115103 0.308914 0.0589715 0.046942 0.146146
2 0.0318024 0.50464 0.0636049 0.211766 0.141951
2 0.0124281 0.321715 0.02481 0.0515151 0.141909
0 0.971932 0.301974 0.0245472 0.0528672 0.140342
2 0.820508 0.248872 0.056564 0.0318134 0.139869
2 0.310268 0.306586 0.079096 0.0599865 0.139425
2 0.309645 0.305938 0.0806233 0.0587235 0.135298
2 0.0316879 0.546965 0.0633759 0.309126 0.133074
2 0.0635232 0.875109 0.127046 0.248765 0.132479
7 0.257491 0.768987 0.513679 0.165568 0.132021
0 0.745501 0.933722 0.107286 0.13198 0.131877
7 0.259612 0.770467 0.517182 0.168933 0.131744
2 0.0630467 0.898422 0.125888 0.203033 0.129465
0 0.746037 0.934117 0.108142 0.131686 0.128936
2 0.0141543 0.323758 0.0282712 0.0471257 0.128203
0 0.745818 0.934144 0.107107 0.130879 0.12767
7 0.259426 0.768427 0.515879 0.167234 0.126825
2 0.0117179 0.322394 0.0233908 0.0476309 0.126404
2 0.82289 0.250569 0.0528038 0.0267953 0.123295
2 0.223149 0.325162 0.0988865 0.0523916 0.121765
0 0.74204 0.296284 0.0205099 0.0487477 0.119176
2 0.19005 0.485392 0.148211 0.127276 0.117506
0 0.75884 0.292441 0.0219172 0.0502738 0.116243
7 0.25814 0.770973 0.514884 0.168675 0.114416
0 0.745219 0.933739 0.10733 0.132188 0.113627
0 0.745366 0.93392 0.107705 0.13131 0.106059
7 0.25971 0.770379 0.515642 0.171359 0.104987
0 0.972986 0.303097 0.0226381 0.0500504 0.104971
2 0.0120075 0.320707 0.0239134 0.0487459 0.103623
7 0.260779 0.774343 0.519477 0.176247 0.10143
0 0.737679 0.296982 0.022683 0.0501904 0.0948308
0 0.920903 0.297983 0.0195808 0.0377087 0.0932587
0 0.895681 0.277871 0.0132259 0.0402361 0.0929257
0 0.920959 0.297204 0.0196697 0.0388053 0.0913059
7 0.064239 0.682057 0.128404 0.630226 0.0912
2 0.0122615 0.322207 0.0245231 0.0473931 0.0902762
0 0.745977 0.954247 0.107209 0.0911232 0.0899574
2 0.0323213 0.516657 0.0646426 0.26338 0.0891581
0 0.737371 0.295295 0.0184439 0.0482997 0.0889646
7 0.259642 0.783531 0.517425 0.193893 0.0889597
7 0.0644923 0.684206 0.128228 0.627106 0.0888762
1 0.972549 0.304265 0.0207878 0.0498837 0.0853847
0 0.783933 0.293335 0.0276886 0.0560324 0.0845082
0 0.756883 0.29508 0.023807 0.0538799 0.0804323
2 0.0312985 0.544925 0.0625052 0.293372 0.0801171
2 0.220073 0.324598 0.0904748 0.0540856 0.0799612
0 0.921416 0.293647 0.0220873 0.044859 0.0798086
7 0.259089 0.760168 0.515676 0.196001 0.0792082
0 0.938579 0.991418 0.0798119 0.016367 0.0791113
2 0.0321047 0.64517 0.0642095 0.507125 0.0759495
2 0.0124322 0.320077 0.024837 0.0489521 0.0759355
0 0.972476 0.302308 0.0232998 0.051688 0.0741128
7 0.0669406 0.695289 0.133424 0.603306 0.0727372
0 0.89525 0.276257 0.0149086 0.0402306 0.0726434
0 0.939286 0.98793 0.0812189 0.0233242 0.0722757
2 0.0626332 0.90969 0.125139 0.178473 0.0713813
0 0.761994 0.287781 0.0181222 0.0467265 0.0711413
7 0.262165 0.774955 0.52246 0.181239 0.0701417
0 0.742714 0.297335 0.0279243 0.0516348 0.070114
0 0.764693 0.291264 0.0203611 0.0481316 0.0698749
0 0.941025 0.987051 0.0859562 0.0250595 0.0698286
2 0.880386 0.262651 0.0586786 0.0520923 0.0695794
2 0.0632123 0.910735 0.126134 0.174987 0.0688381
9 0.713945 0.226582 0.0193497 0.0440014 0.0687602
7 0.0639616 0.694466 0.127863 0.604206 0.0679635
0 0.939102 0.990274 0.0839382 0.018718 0.0670774
0 0.895332 0.279322 0.0136738 0.041798 0.0640913
0 0.0389602 0.268709 0.0133513 0.0460379 0.0612625
0 0.0387042 0.270308 0.0145482 0.0472791 0.0612014
2 0.0314281 0.5488 0.0626625 0.281561 0.0611391
9 0.713419 0.231559 0.0175377 0.0358702 0.06081
0 0.93883 0.993955 0.0658714 0.0113199 0.0607888
2 0.0627546 0.893609 0.125397 0.21141 0.0589448
2 0.823718 0.24923 0.0524393 0.0282126 0.0585666
0 0.0394443 0.267124 0.014205 0.0432489 0.0571115
9 0.207938 0.151579 0.0108445 0.027176 0.0562333
0 0.0378382 0.269587 0.0171126 0.0483655 0.055518
9 0.207543 0.152553 0.0116848 0.0288827 0.052007
0 0.783823 0.934274 0.0315017 0.130717 0.0514497
7 0.261436 0.736737 0.515507 0.243739 0.0513965
9 0.713474 0.232433 0.0172227 0.0336884 0.0513127
9 0.713615 0.228347 0.0182262 0.0437373 0.0492144
2 0.883167 0.262361 0.0651669 0.0586985 0.049137
0 0.0386095 0.270831 0.0159747 0.0478013 0.0487205
2 0.88426 0.259345 0.0638798 0.0551285 0.0469224
7 0.262567 0.772233 0.515924 0.176502 0.0468074
2 0.0313206 0.50223 0.0626413 0.21025 0.0462376
0 0.940732 0.990191 0.0866299 0.0191116 0.0461266
0 0.970591 0.291103 0.0274258 0.0490075 0.0460501
2 0.820867 0.251134 0.0568209 0.0299619 0.0453882
2 0.0313271 0.503678 0.0626013 0.213661 0.0445001
11 0.425713 0.604688 0.0200192 0.0580584 0.0443633
7 0.0637334 0.684849 0.126865 0.627585 0.0441244
2 0.903071 0.262655 0.106801 0.0562299 0.0432308
2 0.0311407 0.687932 0.0622815 0.595813 0.0431542
0 0.838884 0.930358 0.310843 0.138666 0.043086
0 0.783463 0.932476 0.0316431 0.1266 0.04253
0 0.783122 0.933035 0.0316937 0.126665 0.0411683
7 0.0638055 0.682228 0.127611 0.633021 0.0411331
0 0.973845 0.30429 0.0229774 0.0492084 0.0407462
12 0.425579 0.603698 0.0200353 0.0550241 0.0404273
0 0.838855 0.933117 0.30687 0.133113 0.0400779
2 0.821419 0.245825 0.0562641 0.0357043 0.0395386
0 0.841216 0.933458 0.308071 0.13285 0.0387179
9 0.721349 0.224992 0.0164198 0.0474384 0.038297
0 0.7607 0.285831 0.0189327 0.0525821 0.0373441
2 0.882678 0.264119 0.066507 0.0573897 0.037207
0 0.743572 0.932789 0.110559 0.133594 0.0370205
7 0.257237 0.795276 0.513744 0.212909 0.0361972
0 0.0716804 0.207146 0.0161842 0.0358633 0.0357914
0 0.938845 0.987513 0.0813889 0.024155 0.0353661
0 0.941724 0.989494 0.0900024 0.0204233 0.0351717
12 0.425694 0.603211 0.0199866 0.0556017 0.0349885
2 0.819197 0.247504 0.0570284 0.025736 0.0349045
2 0.115255 0.312389 0.0573201 0.0470386 0.0347802
0 0.743484 0.933525 0.109473 0.132701 0.0341575
9 0.0809494 0.187321 0.0110802 0.0254216 0.0341439
2 0.902178 0.258969 0.104019 0.0594454 0.0340772
0 0.744254 0.933534 0.110875 0.132402 0.0335528
2 0.820894 0.245871 0.0573212 0.0353227 0.0331438
0 0.783452 0.933101 0.0317945 0.131912 0.0329357
2 0.0119007 0.327245 0.0236276 0.0403607 0.0329115
0 0.00765746 0.470118 0.0152276 0.0765132 0.0317087
9 0.713266 0.232565 0.0169342 0.0331137 0.0316304
9 0.713432 0.23214 0.0177684 0.0359679 0.0313473
0 0.240545 0.281896 0.0132605 0.0237453 0.0311198
2 0.9018 0.233707 0.0242466 0.0199219 0.0310243
2 0.23695 0.318494 0.0732259 0.0402781 0.0303645
12 0.425688 0.604558 0.0198605 0.0573532 0.0302486
2 0.877501 0.26436 0.0534264 0.0539737 0.0298762
2 0.112526 0.3102 0.0514311 0.0489919 0.0295435
0 0.00815401 0.478518 0.0162545 0.0704119 0.029474
9 0.713587 0.231403 0.0174002 0.0376562 0.0293837
0 0.947597 0.994357 0.0497864 0.0104795 0.0291599
2 0.0633236 0.903084 0.126142 0.18957 0.0290167
0 0.840314 0.93452 0.308928 0.130361 0.0289103
0 0.783416 0.933232 0.0313183 0.130737 0.0287691
0 0.00855558 0.473643 0.0170542 0.0775398 0.0281854
0 0.0339413 0.203391 0.0109675 0.034118 0.0281264
2 0.900272 0.23614 0.0253008 0.0179074 0.0269705
2 0.899996 0.259077 0.105108 0.0592283 0.0269019
0 0.749631 0.932974 0.122472 0.13341 0.0268379
9 0.451124 0.166223 0.0236097 0.0394019 0.0265634
2 0.378097 0.302184 0.0501124 0.0226611 0.0265576
0 0.0706154 0.20633 0.0162135 0.0321649 0.0264339
9 0.169976 0.203284 0.0109427 0.0248889 0.0258789
0 0.00853731 0.512036 0.0170746 0.13699 0.025853
0 0.84156 0.932394 0.305177 0.134501 0.0257232
1 0.92222 0.298613 0.0226351 0.0366925 0.0256662
0 0.0378627 0.270151 0.017267 0.0477648 0.0256189
0 0.947404 0.989669 0.0990614 0.0201595 0.0255216
7 0.264613 0.778555 0.520646 0.19079 0.0253824
0 0.784175 0.935607 0.0308323 0.127992 0.0253058
0 0.857306 0.22676 0.0104931 0.0278527 0.0250003
7 0.262281 0.835316 0.522734 0.294499 0.0247426
2 0.88889 0.240155 0.0492579 0.0187902 0.02459
7 0.246221 0.68 0.492443 0.603568 0.0241022
0 0.783918 0.933113 0.0306195 0.130848 0.0240411
36 0.70752 0.9774 0.0287888 0.0443441 0.0238878
2 0.377009 0.302615 0.0488288 0.0233568 0.0236366
7 0.254517 0.770687 0.509034 0.172185 0.0235888
2 0.865752 0.266515 0.0225567 0.0472135 0.0233742
36 0.708249 0.977501 0.0296097 0.0440645 0.0232791
0 0.00634408 0.452872 0.0125789 0.0434644 0.0232744
2 0.0150312 0.460236 0.0300624 0.109377 0.0231651
2 0.00954964 0.522519 0.0190993 0.176197 0.0228674
3 0.0634846 0.80329 0.126969 0.392097 0.0222581
2 0.0315377 0.558512 0.0626625 0.277362 0.0222428
