2 0.126461 0.90598 0.25221 0.186564 0.865087
2 0.126043 0.906819 0.25137 0.185527 0.846505
2 0.1262 0.90668 0.252118 0.185497 0.846336
2 0.125874 0.906838 0.251748 0.185448 0.844791
2 0.126141 0.907248 0.252033 0.184638 0.835965
2 0.313746 0.501393 0.17423 0.101555 0.828238
2 0.313386 0.501309 0.173893 0.100893 0.827946
2 0.313382 0.501943 0.173548 0.101649 0.822644
2 0.126634 0.9065 0.252303 0.186027 0.818309
2 0.126476 0.906656 0.252537 0.185728 0.817233
2 0.315872 0.31906 0.0845976 0.0595773 0.817076
2 0.126451 0.907251 0.252369 0.184642 0.8097
2 0.313606 0.501463 0.173881 0.101553 0.801523
2 0.12641 0.906934 0.251841 0.185155 0.798991
2 0.313312 0.501878 0.174078 0.10132 0.797801
2 0.313318 0.501287 0.17407 0.100752 0.771428
2 0.313022 0.501316 0.174802 0.10092 0.752898
2 0.31635 0.318553 0.0844749 0.0595971 0.749523
2 0.315989 0.319036 0.0841082 0.0602325 0.74673
2 0.0241868 0.522228 0.0483736 0.246898 0.746346
2 0.31628 0.318175 0.0845828 0.0589473 0.734442
2 0.316393 0.318446 0.0846656 0.0590865 0.730019
2 0.0412696 0.35145 0.082228 0.0567786 0.720886
2 0.316413 0.318449 0.0840769 0.0594684 0.720571
2 0.414227 0.360063 0.101088 0.0517573 0.718903
2 0.313439 0.501238 0.174656 0.100673 0.71871
2 0.48403 0.334563 0.105091 0.0650093 0.717925
2 0.217622 0.339768 0.0909004 0.0568336 0.713872
2 0.313233 0.50144 0.173463 0.100866 0.713249
2 0.414278 0.359833 0.101472 0.0516086 0.711024
2 0.217035 0.340472 0.0919901 0.0567437 0.708623
2 0.0408505 0.350883 0.0813222 0.0572279 0.689192
2 0.0415702 0.351447 0.0829751 0.057127 0.685832
2 0.484107 0.332553 0.105919 0.0673076 0.684922
2 0.21663 0.339985 0.0926881 0.0560467 0.684525
2 0.48441 0.334988 0.104721 0.0629075 0.68072
2 0.414391 0.359541 0.101117 0.0507768 0.680022
2 0.217176 0.339879 0.0921099 0.0561748 0.678556
2 0.216623 0.34003 0.0914578 0.0569477 0.674724
2 0.484364 0.333275 0.105308 0.0663098 0.66255
2 0.0240319 0.522471 0.0480245 0.241981 0.658001
2 0.217449 0.340563 0.0921033 0.0563694 0.657182
2 0.12652 0.906516 0.25304 0.186166 0.653302
2 0.483791 0.333475 0.10555 0.0668265 0.646017
2 0.0241719 0.522024 0.0482897 0.239856 0.641477
2 0.0242255 0.522409 0.048451 0.247475 0.63846
2 0.316243 0.318357 0.0837038 0.0600211 0.635036
2 0.0238964 0.524933 0.0476258 0.241589 0.63315
2 0.316009 0.318359 0.0841787 0.0601316 0.62873
2 0.414553 0.36007 0.101939 0.0488738 0.627445
2 0.486247 0.340107 0.0988191 0.0554489 0.621618
2 0.0240415 0.523172 0.0479433 0.242551 0.611689
2 0.0238944 0.525593 0.0475994 0.241327 0.609938
2 0.040598 0.350554 0.0809138 0.0579253 0.60979
2 0.0417052 0.351816 0.0822242 0.0579471 0.609431
2 0.484004 0.333194 0.105058 0.0658045 0.609422
2 0.414357 0.359493 0.101243 0.0523283 0.597673
2 0.0241645 0.522147 0.0481558 0.240832 0.595352
2 0.217427 0.339733 0.0919108 0.0560355 0.580511
2 0.484351 0.33531 0.104755 0.0650114 0.575071
2 0.812518 0.398765 0.120142 0.0753461 0.547169
2 0.81271 0.399215 0.119892 0.0747428 0.531582
2 0.812342 0.398989 0.119741 0.0753595 0.525259
2 0.413371 0.360167 0.101499 0.0483021 0.525126
2 0.315156 0.318381 0.0856154 0.0592541 0.524604
2 0.485032 0.339495 0.100814 0.0574148 0.519224
2 0.812876 0.399 0.120275 0.0753832 0.516371
2 0.812205 0.399027 0.119719 0.0757665 0.513601
2 0.486339 0.339574 0.0980962 0.0561538 0.513146
2 0.812673 0.399153 0.120248 0.0749743 0.504077
2 0.414956 0.360319 0.10167 0.0495211 0.49613
2 0.413593 0.35994 0.0990057 0.0488133 0.479184
2 0.0409158 0.351315 0.0818316 0.0583707 0.417457
2 0.413313 0.359673 0.0989388 0.0487709 0.415226
2 0.0874677 0.335219 0.0643324 0.0507868 0.411
2 0.31581 0.318459 0.0843347 0.0613615 0.388532
2 0.218138 0.340312 0.0926597 0.0568545 0.383575
2 0.813204 0.399228 0.120724 0.0753449 0.378063
2 0.0238904 0.523122 0.0477807 0.246645 0.373076
2 0.0418839 0.350995 0.0828635 0.0575051 0.373046
2 0.0875926 0.335663 0.0632585 0.0507848 0.36576
2 0.0242022 0.523244 0.0483429 0.242895 0.353031
2 0.0237866 0.527934 0.0474906 0.239916 0.343
2 0.812743 0.399088 0.120416 0.0751071 0.331893
2 0.0411817 0.350786 0.082108 0.0568439 0.330442
2 0.811961 0.399127 0.120429 0.0765725 0.324701
0 0.0993503 0.650177 0.0383607 0.116647 0.311846
2 0.21779 0.340222 0.0924606 0.056591 0.308868
2 0.812031 0.398927 0.120271 0.0763154 0.303915
2 0.0873469 0.333627 0.0622587 0.0484785 0.293122
0 0.0997022 0.651206 0.0422385 0.114464 0.290534
2 0.086005 0.335639 0.061085 0.0520675 0.288843
0 0.10009 0.65097 0.0400536 0.118209 0.28132
0 0.099369 0.650383 0.0398638 0.115934 0.277089
0 0.0996311 0.650658 0.0412532 0.11572 0.268936
2 0.0420208 0.351481 0.0835287 0.0571232 0.260523
2 0.0885079 0.335171 0.0635071 0.0498334 0.258426
2 0.0883656 0.328744 0.063806 0.0385003 0.258066
2 0.489723 0.340026 0.0913474 0.05435 0.256144
2 0.0859303 0.335048 0.0612827 0.0514076 0.252112
2 0.4892 0.340114 0.0932642 0.0540789 0.25067
2 0.313084 0.501738 0.173928 0.101629 0.250528
0 0.100639 0.651039 0.0396255 0.118494 0.244233
2 0.807052 0.292181 0.0496904 0.0676336 0.242194
0 0.100038 0.650607 0.0388994 0.117933 0.228425
2 0.806997 0.295295 0.0499344 0.0637647 0.222762
2 0.0884192 0.334066 0.0622875 0.0469635 0.218347
2 0.0414531 0.35136 0.0829062 0.0577601 0.208998
0 0.100603 0.651667 0.0401781 0.119514 0.204595
2 0.174053 0.324189 0.0371688 0.0472985 0.200068
2 0.0888266 0.332447 0.0612632 0.046346 0.19669
2 0.0874261 0.33398 0.0594332 0.0505248 0.196594
2 0.0874587 0.332374 0.0624939 0.0494797 0.190363
2 0.173855 0.325228 0.0354869 0.0465274 0.188572
2 0.0843301 0.33513 0.0608711 0.0522389 0.187105
2 0.833081 0.26971 0.0414852 0.0255856 0.183997
2 0.83232 0.269844 0.0413189 0.0264097 0.177288
2 0.173931 0.324706 0.0367253 0.0466906 0.175874
0 0.100372 0.656311 0.0423188 0.109626 0.168061
7 0.259933 0.769523 0.519866 0.174554 0.167382
0 0.0993501 0.651576 0.0382452 0.118426 0.151717
2 0.834351 0.270434 0.0463339 0.03303 0.151103
2 0.173671 0.324386 0.033722 0.0476811 0.149545
2 0.806338 0.291816 0.0515333 0.0699307 0.148825
2 0.0240747 0.524224 0.0481493 0.244732 0.143104
2 0.807376 0.290895 0.0481585 0.0656804 0.143055
2 0.806225 0.294359 0.0482817 0.0612301 0.139977
2 0.806261 0.294121 0.0500677 0.0642077 0.139416
2 0.0875672 0.340872 0.053726 0.0410241 0.139114
2 0.832194 0.270032 0.0428219 0.028422 0.13408
7 0.259934 0.767055 0.519139 0.178732 0.131618
2 0.832861 0.2764 0.0447407 0.0408527 0.129824
2 0.0845357 0.33419 0.0589373 0.0508841 0.129195
7 0.259628 0.771104 0.518424 0.170774 0.129142
0 0.101793 0.660349 0.0373812 0.0981012 0.128505
7 0.259855 0.769748 0.519325 0.172849 0.126633
0 0.744384 0.30972 0.0165077 0.0436333 0.12282
2 0.80648 0.299241 0.0498307 0.0535451 0.12219
7 0.260308 0.768159 0.519577 0.17695 0.116468
2 0.472443 0.320392 0.0809132 0.0425735 0.115119
2 0.833729 0.278904 0.0431551 0.0453626 0.115081
0 0.098345 0.620786 0.0309921 0.0569595 0.113588
7 0.261962 0.764506 0.523924 0.185244 0.110439
0 0.0977619 0.621149 0.0316348 0.0568956 0.110254
2 0.175217 0.325325 0.0401442 0.0453918 0.107358
7 0.261214 0.764506 0.519131 0.181883 0.105601
2 0.470959 0.319414 0.0756188 0.0409729 0.105316
2 0.806628 0.30235 0.0506937 0.0529667 0.104194
2 0.217568 0.340124 0.0933651 0.0565834 0.102041
7 0.265505 0.773985 0.53028 0.165859 0.101308
2 0.479643 0.320841 0.0957048 0.0431441 0.0999192
2 0.169807 0.326106 0.0278859 0.0437078 0.0990225
2 0.810567 0.299641 0.0408228 0.0491541 0.0978402
2 0.47335 0.320077 0.0823366 0.0423613 0.0973867
2 0.0236109 0.529544 0.047166 0.234769 0.096954
2 0.313522 0.501548 0.173369 0.101284 0.0962207
2 0.0427824 0.349645 0.0841202 0.0600682 0.094347
2 0.475626 0.320674 0.0871109 0.0444078 0.0924547
0 0.0977629 0.620912 0.0325647 0.0563835 0.0913235
2 0.0126921 0.327308 0.0253233 0.0335148 0.091029
2 0.172697 0.326089 0.0333484 0.0449647 0.0865277
2 0.806182 0.299844 0.0498397 0.0545619 0.086375
2 0.905003 0.255124 0.0239435 0.0152488 0.0863734
0 0.0990587 0.644311 0.0385173 0.102919 0.0859236
2 0.414656 0.359591 0.101467 0.0529322 0.0826173
2 0.0129787 0.324632 0.0259094 0.036692 0.0824541
2 0.413517 0.360059 0.10188 0.0487571 0.0822973
7 0.260213 0.764989 0.518663 0.182657 0.0797974
2 0.809338 0.296444 0.0420277 0.0495749 0.0787818
2 0.817051 0.288039 0.0685653 0.0617509 0.0773786
0 0.0975131 0.621908 0.0331056 0.0574575 0.0737859
0 0.743662 0.309074 0.0155607 0.0433413 0.0736159
2 0.808053 0.289703 0.0513653 0.0717413 0.0723508
0 0.745685 0.311064 0.0174074 0.045687 0.0718243
0 0.098111 0.621218 0.0338973 0.0579363 0.0707996
2 0.0901694 0.327469 0.0599187 0.0326056 0.0675866
2 0.471309 0.319718 0.079549 0.0418818 0.0669425
2 0.0822261 0.341357 0.0433857 0.0413567 0.0646238
0 0.0988886 0.619718 0.0302433 0.0545843 0.0635738
7 0.263663 0.76378 0.523406 0.18793 0.059897
2 0.80555 0.292857 0.0518726 0.0698675 0.0598556
2 0.173464 0.32499 0.0373685 0.0466281 0.0596081
2 0.888268 0.277654 0.0650475 0.0501773 0.0582851
2 0.806808 0.292447 0.0470249 0.0640844 0.0570884
2 0.838989 0.263521 0.0545067 0.035037 0.0570879
2 0.0896126 0.339221 0.0600662 0.0425118 0.0568079
2 0.0131336 0.323009 0.0262672 0.037766 0.0545327
2 0.817403 0.28682 0.0662861 0.0669261 0.0544989
2 0.810698 0.399346 0.120645 0.0745749 0.0540323
2 0.821917 0.284818 0.0714266 0.0568754 0.053268
2 0.475768 0.320868 0.0849196 0.0442318 0.0532532
0 0.245892 0.295629 0.0137499 0.0260834 0.0524198
2 0.0235444 0.546556 0.046933 0.203801 0.0520402
0 0.107367 0.674048 0.0276676 0.0796419 0.0514191
2 0.060126 0.333243 0.102087 0.0541487 0.0510055
0 0.219015 0.297628 0.012764 0.0242742 0.0509103
2 0.805663 0.303971 0.0517237 0.0511037 0.0496382
0 0.104376 0.66712 0.0340105 0.0918286 0.048947
2 0.81296 0.303646 0.0363354 0.050396 0.0471902
2 0.470321 0.3182 0.0736388 0.0392189 0.0471558
0 0.746322 0.313032 0.0228842 0.0497536 0.0460392
0 0.201722 0.307625 0.017674 0.0234295 0.0457479
0 0.168135 0.325644 0.0271097 0.0445203 0.0436568
2 0.889909 0.257332 0.0549627 0.0178348 0.0435099
0 0.168747 0.325887 0.026047 0.0454857 0.0434505
2 0.0125991 0.31588 0.0251981 0.0268603 0.043126
2 0.174743 0.325065 0.0375285 0.0462193 0.0429372
2 0.484139 0.322363 0.100663 0.0448023 0.0415982
2 0.0885614 0.331576 0.0639367 0.0475718 0.0410692
2 0.216554 0.339968 0.0926711 0.0556392 0.0410357
0 0.754231 0.312346 0.0134573 0.0341711 0.041013
2 0.184353 0.322807 0.0537203 0.0496079 0.0409482
0 0.482176 0.726941 0.0311926 0.153226 0.0405444
2 0.186725 0.326236 0.0517182 0.0482508 0.0399546
0 0.754499 0.313126 0.0170813 0.0358244 0.039208
9 0.0899057 0.196623 0.0154377 0.0277689 0.0382959
2 0.871238 0.27985 0.0300995 0.0482913 0.0377945
2 0.906732 0.276981 0.10082 0.0534602 0.0371375
0 0.200045 0.310089 0.019557 0.0246979 0.0366917
9 0.199477 0.0489562 0.0236014 0.035666 0.0365741
0 0.0579002 0.918078 0.0785345 0.0570143 0.0362054
2 0.879 0.279087 0.0455769 0.048954 0.036069
0 0.0347038 0.222649 0.0159245 0.0451278 0.0360601
0 0.0258331 0.919892 0.0463339 0.0466335 0.0357241
2 0.0794508 0.338315 0.0570213 0.0502983 0.0352697
0 0.246968 0.298572 0.0168072 0.0349857 0.0350923
0 0.0523417 0.917735 0.0945341 0.0572052 0.0345028
0 0.734564 0.308059 0.0162739 0.0446534 0.0344957
2 0.901321 0.278995 0.089679 0.0499 0.0338744
0 0.482609 0.714418 0.0296974 0.123111 0.033701
2 0.174201 0.323968 0.0415592 0.0481104 0.0330612
0 0.772515 0.314438 0.0197015 0.0314314 0.0329694
0 0.218461 0.299997 0.015421 0.025476 0.0326233
0 0.481345 0.730629 0.033999 0.156383 0.0316217
2 0.887946 0.278877 0.0649803 0.0497389 0.0313923
0 0.095962 0.621114 0.0342683 0.0573153 0.0313033
0 0.740853 0.312078 0.0186993 0.0485456 0.0312466
0 0.106972 0.674044 0.0282768 0.0819243 0.0312102
2 0.414187 0.36181 0.101416 0.0560533 0.0311941
2 0.870678 0.280147 0.0293354 0.0487161 0.0306462
2 0.810261 0.399391 0.11573 0.0741468 0.0302771
0 0.202485 0.300287 0.0148769 0.0337427 0.0299586
2 0.850818 0.254865 0.0368935 0.0237062 0.0288068
2 0.895672 0.275115 0.0769485 0.0485455 0.0280923
0 0.0699918 0.918351 0.052552 0.0566416 0.0280205
0 0.0244037 0.918075 0.046365 0.0491562 0.0280058
0 0.733894 0.300778 0.0144819 0.0362188 0.027189
2 0.834416 0.267403 0.0467762 0.0323979 0.0271795
0 0.482752 0.696136 0.0307977 0.0871372 0.0270984
0 0.0330968 0.224413 0.012651 0.0426633 0.0270409
0 0.525498 0.85208 0.0218793 0.0368216 0.0269512
9 0.200116 0.0491959 0.0219367 0.0356373 0.0269247
0 0.164113 0.330172 0.0195714 0.0355242 0.0267436
0 0.481245 0.731468 0.0296758 0.149148 0.0266637
0 0.0281828 0.925809 0.0374649 0.0363688 0.0265016
2 0.87053 0.279956 0.0296989 0.0478937 0.025676
2 0.313209 0.501902 0.173502 0.10119 0.0252716
0 0.167041 0.208128 0.00959916 0.0289108 0.0252409
2 0.0122933 0.313851 0.0245704 0.0325645 0.0251262
2 0.797676 0.290915 0.0682255 0.0719907 0.0249591
0 0.483584 0.710142 0.0277571 0.114977 0.0247055
0 0.735813 0.312371 0.0175974 0.0465561 0.0246313
2 0.813894 0.287922 0.0808405 0.0668416 0.0238449
0 0.0667266 0.918403 0.0662938 0.0573883 0.02381
9 0.2002 0.0475697 0.0251929 0.0402434 0.0236575
0 0.0241916 0.920261 0.045021 0.0462475 0.0235207
0 0.525124 0.852468 0.0226296 0.0370644 0.0232868
2 0.0602328 0.334765 0.116316 0.057574 0.023179
0 0.526354 0.852186 0.0182018 0.0363503 0.0231545
2 0.217501 0.339391 0.0931266 0.0563641 0.0231203
2 0.88476 0.279133 0.0604317 0.0493329 0.0230903
2 0.47247 0.319676 0.0804769 0.0425944 0.0229853
2 0.0111468 0.306103 0.022268 0.0306775 0.022769
2 0.90705 0.251284 0.0215538 0.0194168 0.0224884
2 0.90524 0.27699 0.0865786 0.0463411 0.0224256
0 0.739692 0.300839 0.019967 0.0574832 0.0223989
0 0.252426 0.295952 0.0126671 0.0295521 0.0221338
2 0.87249 0.280654 0.0304569 0.0508588 0.0220828
2 0.812936 0.398871 0.1195 0.0739032 0.0217192
2 0.314834 0.31835 0.0853783 0.0598698 0.0215191
0 0.0375034 0.220858 0.0177168 0.0450687 0.021447
2 0.109564 0.329335 0.0230567 0.0317709 0.0214291
0 0.106455 0.673841 0.0289668 0.0724009 0.0212856
0 0.307742 0.482225 0.0448618 0.0308598 0.0212549
0 0.0371442 0.221357 0.0167268 0.0450138 0.0211477
0 0.482682 0.727135 0.0304811 0.153009 0.020118
2 0.906435 0.278301 0.100029 0.0528343 0.0199454
2 0.888702 0.26727 0.0586138 0.0340754 0.0199218
0 0.526321 0.853187 0.018979 0.0370176 0.0195837
0 0.0630424 0.654503 0.11346 0.10466 0.0193769
0 0.0323504 0.228503 0.0110009 0.0364677 0.019344
2 0.0413343 0.35127 0.0822207 0.0587538 0.019183
2 0.870392 0.280021 0.0300882 0.0473911 0.0191333
7 0.265108 0.772678 0.529984 0.168059 0.018943
0 0.0296069 0.918228 0.0479033 0.0527933 0.0188904
2 0.83261 0.267806 0.0442469 0.0310411 0.018849
2 0.020542 0.474614 0.0410841 0.140152 0.0187357
9 0.332357 0.157047 0.0221364 0.0256705 0.0187039
0 0.0741121 0.652967 0.0935637 0.117286 0.0186653
0 0.0760107 0.91918 0.0719907 0.0573532 0.0184926
