2 0.649217 0.868661 0.291423 0.262272 0.886155
2 0.950891 0.230889 0.0878979 0.0519298 0.884305
2 0.649142 0.868196 0.29123 0.262783 0.880676
2 0.649017 0.868342 0.291501 0.26271 0.870003
2 0.648354 0.868185 0.291811 0.26268 0.868704
5 0.514393 0.19777 0.164096 0.089336 0.86537
2 0.949135 0.231206 0.0836136 0.0519305 0.86178
2 0.648397 0.867866 0.290829 0.263303 0.8617
2 0.648237 0.868156 0.29048 0.262694 0.858288
5 0.513991 0.197119 0.162351 0.0874596 0.857296
2 0.647232 0.867502 0.287757 0.263692 0.854678
2 0.950788 0.230837 0.0877117 0.0514994 0.853388
2 0.647131 0.867797 0.288032 0.263407 0.852945
2 0.648203 0.868251 0.291972 0.262921 0.852368
5 0.513872 0.197672 0.162961 0.0884949 0.827905
2 0.648161 0.867584 0.289841 0.263905 0.825414
2 0.951416 0.230983 0.0878864 0.0527732 0.821047
5 0.514026 0.196706 0.163475 0.0890341 0.799171
2 0.949586 0.231135 0.0843529 0.0523496 0.790855
2 0.951312 0.230986 0.0876675 0.0521549 0.77951
5 0.514342 0.197424 0.162943 0.0895412 0.775484
2 0.951893 0.230797 0.0891151 0.0537643 0.772804
5 0.514326 0.197815 0.163221 0.0892838 0.766199
2 0.951288 0.230977 0.0878975 0.0527404 0.764389
5 0.514188 0.196539 0.162709 0.088187 0.760875
5 0.514214 0.197448 0.164208 0.090648 0.752205
5 0.514626 0.197541 0.163833 0.0899573 0.739282
2 0.489136 0.272737 0.0756883 0.0624353 0.733918
5 0.513792 0.196453 0.163246 0.0885915 0.731741
2 0.284977 0.599304 0.16249 0.20901 0.718944
2 0.285167 0.599002 0.162821 0.20966 0.714785
2 0.490097 0.273021 0.0756765 0.0619275 0.709406
2 0.488587 0.273176 0.0771497 0.0620036 0.704144
2 0.489322 0.272771 0.0754592 0.0622759 0.697548
2 0.48881 0.272848 0.0764431 0.0620796 0.695745
2 0.489451 0.272625 0.0761124 0.0622324 0.693203
2 0.489438 0.27263 0.0760251 0.0628911 0.684547
2 0.489973 0.27318 0.0774038 0.0620697 0.669856
2 0.28462 0.598877 0.16274 0.20818 0.658405
2 0.284808 0.598215 0.163236 0.209946 0.651539
2 0.9504 0.23101 0.0859709 0.0525923 0.647793
2 0.318674 0.238044 0.0502174 0.0410089 0.617208
2 0.790258 0.688779 0.218933 0.193707 0.611481
2 0.284556 0.598815 0.162249 0.210242 0.596685
2 0.245611 0.291702 0.059292 0.0495452 0.596293
2 0.284561 0.598598 0.163646 0.211489 0.590352
2 0.489966 0.273132 0.0756661 0.0617471 0.587751
2 0.141991 0.499307 0.100431 0.122205 0.579338
2 0.79018 0.688343 0.218547 0.1955 0.573714
2 0.246808 0.292506 0.0578488 0.0483891 0.571402
2 0.246185 0.292485 0.0571702 0.0493942 0.565567
2 0.790916 0.688589 0.217775 0.194585 0.563515
2 0.489916 0.273139 0.0756078 0.061976 0.562984
2 0.318364 0.238533 0.0493692 0.0403078 0.561233
2 0.790686 0.6887 0.217662 0.194506 0.558748
2 0.790676 0.688951 0.218878 0.194253 0.558435
2 0.142868 0.499942 0.102532 0.123055 0.55571
2 0.245793 0.291855 0.0594528 0.0492778 0.553427
2 0.142772 0.499567 0.101974 0.122954 0.543934
2 0.791027 0.689205 0.217585 0.195131 0.542982
2 0.318784 0.237933 0.0502267 0.0410401 0.535035
2 0.141401 0.499749 0.0998738 0.12234 0.527342
2 0.790183 0.688588 0.219469 0.195455 0.515939
2 0.318664 0.238189 0.0496302 0.0403338 0.503888
2 0.142245 0.499774 0.101164 0.123296 0.502371
2 0.246181 0.292033 0.0580328 0.0497954 0.501309
0 0.0457027 0.604152 0.0292271 0.091575 0.499662
0 0.0447258 0.605117 0.0285024 0.0935986 0.489836
2 0.318844 0.238742 0.0506683 0.0407014 0.489225
2 0.141635 0.499448 0.100181 0.122483 0.487459
0 0.0452698 0.604683 0.028594 0.09387 0.487405
2 0.318791 0.23883 0.0516264 0.0406516 0.486774
2 0.193603 0.389687 0.081195 0.0710935 0.48588
2 0.790257 0.688788 0.21849 0.193842 0.480509
2 0.284457 0.599088 0.163253 0.211095 0.464588
2 0.141464 0.499983 0.0998395 0.122239 0.462895
2 0.24686 0.294838 0.0579422 0.0447632 0.456582
2 0.141956 0.49988 0.100319 0.122775 0.454038
2 0.318732 0.238051 0.0500571 0.0420775 0.45031
2 0.318257 0.238955 0.0494543 0.0407341 0.449145
2 0.141567 0.500189 0.0990017 0.121725 0.447041
2 0.144586 0.499698 0.105964 0.122939 0.424556
2 0.193613 0.389929 0.0802884 0.0725041 0.423997
2 0.193486 0.389928 0.0806955 0.0701188 0.418827
2 0.366049 0.162246 0.0371659 0.0243638 0.408834
0 0.0464704 0.60439 0.0290717 0.0973728 0.408209
2 0.193404 0.389582 0.0804477 0.0729158 0.405906
2 0.193846 0.389003 0.0805425 0.075152 0.404357
0 0.046481 0.604373 0.0291569 0.0966396 0.39642
2 0.285398 0.598944 0.161463 0.209939 0.389921
2 0.193795 0.390042 0.0804135 0.0733357 0.379068
2 0.79107 0.690078 0.218217 0.197292 0.378784
2 0.365497 0.162444 0.0383054 0.0251678 0.367979
2 0.193849 0.388985 0.0800797 0.0749268 0.361999
2 0.193687 0.389831 0.0806852 0.0730115 0.359662
2 0.193795 0.390347 0.0801889 0.072156 0.351648
2 0.285072 0.598911 0.162338 0.210737 0.351505
5 0.514289 0.19761 0.163875 0.0907763 0.35031
2 0.318548 0.240624 0.0501954 0.0380073 0.347829
2 0.246073 0.292067 0.0597007 0.0497771 0.346648
0 0.046286 0.602694 0.0301547 0.0954987 0.319539
2 0.49062 0.272889 0.0737624 0.0619841 0.318655
2 0.194318 0.390519 0.0804527 0.0726194 0.300949
2 0.284372 0.59828 0.162821 0.21084 0.287237
0 0.0466683 0.605057 0.0302616 0.0993244 0.281696
2 0.791206 0.689995 0.218092 0.196871 0.278281
2 0.246888 0.29532 0.0563233 0.0439528 0.277601
2 0.365756 0.162646 0.038372 0.0249964 0.275861
2 0.246641 0.294415 0.0575985 0.045473 0.275762
2 0.245417 0.291794 0.0596362 0.0504507 0.274792
2 0.36533 0.163074 0.0396255 0.0267341 0.2449
2 0.366232 0.162896 0.0382655 0.0255665 0.227622
2 0.364869 0.163049 0.0381651 0.0258128 0.222033
0 0.0461339 0.604813 0.0294071 0.0923327 0.219758
2 0.0244465 0.298107 0.0398498 0.0453708 0.218948
2 0.193282 0.392049 0.0811533 0.0692802 0.212144
2 0.365458 0.162903 0.0402283 0.0262386 0.196054
2 0.0235952 0.298131 0.0419694 0.045306 0.181835
0 0.0443722 0.604533 0.0284518 0.0932208 0.17866
2 0.103156 0.222673 0.0283016 0.0246658 0.174653
2 0.790014 0.687994 0.218869 0.193897 0.167203
0 0.0465839 0.59307 0.0312861 0.122003 0.164508
2 0.0257543 0.298502 0.0431279 0.046346 0.164209
2 0.0145622 0.340612 0.0289557 0.0500323 0.152285
2 0.102971 0.221856 0.0282977 0.0247023 0.152109
2 0.103371 0.22266 0.0284673 0.0252825 0.142067
2 0.0359581 0.389641 0.0489382 0.0696723 0.138659
0 0.0454935 0.607528 0.0282188 0.0933756 0.13592
2 0.0244737 0.296701 0.0405277 0.0460241 0.130591
2 0.103395 0.2215 0.0282142 0.0248501 0.129918
2 0.0356828 0.38769 0.0469673 0.066641 0.127693
0 0.0446481 0.596511 0.0268649 0.0748207 0.124243
2 0.0232478 0.296726 0.0426575 0.0451419 0.123745
2 0.0356506 0.38902 0.0484538 0.0688061 0.118321
0 0.0463915 0.601025 0.0297661 0.0927799 0.117836
2 0.0235694 0.301942 0.0413702 0.044609 0.117796
2 0.1942 0.389922 0.0816413 0.0713687 0.116685
2 0.246603 0.294913 0.0581573 0.0429915 0.1119
2 0.01462 0.338923 0.0290727 0.0560763 0.111561
2 0.986205 0.222706 0.0268822 0.0467677 0.111155
2 0.0358138 0.384449 0.0442147 0.0596876 0.105868
2 0.0261702 0.297316 0.042895 0.0466187 0.104486
2 0.490564 0.272937 0.0745192 0.0614766 0.0950413
7 0.0225162 0.288719 0.0442943 0.0600751 0.0948537
2 0.0238759 0.29557 0.043367 0.0434799 0.0936987
2 0.987764 0.21908 0.0238327 0.0427051 0.0934792
2 0.0360286 0.387577 0.0469883 0.0658787 0.0922443
2 0.0555173 0.25529 0.0308689 0.034266 0.0876077
2 0.0142911 0.336489 0.0285821 0.0510782 0.0865509
2 0.0140453 0.335249 0.0280082 0.0518662 0.0857161
9 0.981251 0.0910649 0.0366901 0.0353092 0.0840781
7 0.0227252 0.280704 0.0453994 0.0813379 0.0828497
2 0.0550016 0.257094 0.0303359 0.0319703 0.0822755
2 0.036119 0.388894 0.0497099 0.0694837 0.0809478
2 0.0146456 0.344688 0.0290325 0.0438077 0.080181
7 0.0228027 0.279933 0.0454737 0.0813706 0.080037
7 0.0226933 0.279572 0.0452738 0.0799094 0.0789624
2 0.0381647 0.391389 0.0483516 0.0746036 0.0771778
2 0.0369756 0.391127 0.0494473 0.0739187 0.077111
0 0.0440469 0.580964 0.0259418 0.048952 0.0766029
2 0.984313 0.226958 0.0307268 0.0546794 0.0734296
2 0.95037 0.231434 0.0860485 0.051503 0.073346
7 0.0347356 0.387709 0.047529 0.0663004 0.0707301
2 0.0368074 0.388492 0.0487409 0.0685428 0.0688079
2 0.984596 0.222912 0.0298298 0.0447711 0.0668132
2 0.984835 0.220851 0.0294724 0.0437162 0.0658318
2 0.0147151 0.343881 0.0294303 0.0442817 0.0645713
0 0.0442048 0.603218 0.0282056 0.0906228 0.0636535
2 0.0547725 0.255505 0.0305061 0.0345446 0.0633251
2 0.319306 0.239779 0.0500169 0.0390825 0.0615726
9 0.980726 0.0927679 0.0377148 0.037315 0.060964
2 0.0157041 0.33925 0.0311532 0.0447592 0.0607153
2 0.834783 0.423337 0.0237631 0.0181136 0.0602335
2 0.0389798 0.391251 0.0461153 0.0707738 0.0587675
2 0.0352579 0.383583 0.0443786 0.0579768 0.0584949
0 0.0265382 0.81151 0.0380232 0.105162 0.0564288
2 0.0367238 0.387267 0.0471428 0.0650477 0.05562
9 0.704738 0.0907496 0.0203859 0.0303775 0.0550124
2 0.0559437 0.254286 0.0334313 0.0356103 0.0537894
2 0.245822 0.292209 0.0590896 0.0487564 0.0536075
5 0.466733 0.193207 0.068413 0.0786166 0.0519047
2 0.0543387 0.256938 0.0287975 0.0329843 0.051235
9 0.704793 0.0914704 0.0189342 0.0295144 0.0492326
5 0.0213843 0.218559 0.0426776 0.203938 0.0475424
2 0.0559726 0.253761 0.0320823 0.0355124 0.0473804
0 0.0486662 0.598749 0.0354456 0.109699 0.0463701
2 0.951977 0.23046 0.0921448 0.0536933 0.0458507
5 0.0223417 0.278243 0.044599 0.0806179 0.0452775
2 0.0380621 0.388122 0.0479436 0.0670252 0.0443778
9 0.981287 0.0905546 0.0367661 0.0358821 0.0442262
0 0.0461077 0.578764 0.0296133 0.0565373 0.0428339
0 0.0485445 0.600413 0.0344246 0.107552 0.0405519
0 0.78057 0.664961 0.0345769 0.0495264 0.037394
5 0.465452 0.193682 0.0663907 0.0743407 0.0367065
9 0.981229 0.0926026 0.036903 0.0374033 0.0365985
7 0.0227276 0.280434 0.0450816 0.0739013 0.0355035
5 0.466178 0.191575 0.0678094 0.0764274 0.0354659
7 0.0557853 0.255428 0.0308987 0.0329799 0.034934
0 0.0441664 0.605457 0.0287945 0.0944579 0.0348666
9 0.0284603 0.821868 0.0345272 0.0813913 0.0347262
2 0.969231 0.224811 0.0586319 0.0474302 0.034404
0 0.0461181 0.577475 0.0296979 0.0568203 0.0342316
2 0.0120603 0.324465 0.0240998 0.0329038 0.0339463
9 0.980872 0.093654 0.0377308 0.0383979 0.0338532
2 0.0417077 0.410185 0.0405952 0.0379834 0.0337766
2 0.0200556 0.304366 0.0395592 0.0467608 0.0319757
2 0.752525 0.19079 0.0203927 0.0249462 0.0305817
11 0.731325 0.146083 0.0263189 0.0322149 0.0305679
2 0.779457 0.646456 0.128465 0.108779 0.0298593
2 0.0559269 0.255217 0.0336274 0.0360037 0.0296208
7 0.0311379 0.39006 0.0566869 0.0710456 0.0291803
11 0.731209 0.145397 0.0257053 0.0298425 0.0291518
9 0.0286993 0.823099 0.0337762 0.0792328 0.0289524
5 0.549843 0.197182 0.0924381 0.0890273 0.028905
9 0.703834 0.0927347 0.0202478 0.0322238 0.0288901
9 0.028663 0.822092 0.0341273 0.080614 0.028706
0 0.0276137 0.819818 0.0349798 0.0840345 0.0284152
0 0.0221139 0.782406 0.030281 0.0491802 0.0283918
9 0.927548 0.105055 0.0205875 0.0334573 0.0281828
5 0.022355 0.221729 0.0445694 0.195486 0.027975
2 0.778011 0.645641 0.131854 0.10774 0.0277901
0 0.781394 0.664232 0.0339155 0.0530401 0.027732
2 0.980983 0.227703 0.0371517 0.0548374 0.027592
9 0.706317 0.0918082 0.023294 0.0312082 0.0270183
2 0.104832 0.222042 0.0326456 0.0254927 0.0268201
5 0.46473 0.192642 0.0651002 0.0728079 0.0267481
8 0.103261 0.221533 0.0293324 0.0264989 0.026348
2 0.0229867 0.278624 0.0459733 0.0789755 0.0256894
9 0.0276721 0.819674 0.0356462 0.0852204 0.0253628
2 0.0413101 0.410671 0.042847 0.0412938 0.0249407
2 0.0550661 0.253017 0.0320463 0.0379129 0.0248465
2 0.944713 0.74889 0.0268875 0.0251128 0.0248462
2 0.538492 0.224405 0.0759829 0.0373245 0.0244426
2 0.363241 0.165339 0.0410979 0.0281713 0.0241622
0 0.682554 0.194748 0.00971012 0.0285698 0.0240019
5 0.0161815 0.231079 0.032323 0.22695 0.0237995
0 0.0490682 0.589813 0.0379779 0.1298 0.0232945
2 0.10354 0.219443 0.0292115 0.0295118 0.0231339
7 0.284978 0.598703 0.162193 0.209602 0.0230794
2 0.247232 0.296286 0.0567594 0.040185 0.0229852
2 0.0227043 0.294298 0.0451019 0.0495843 0.0229513
2 0.948119 0.230909 0.0801693 0.05097 0.0227412
2 0.0564288 0.253808 0.0327212 0.0347876 0.0225451
2 0.1048 0.222503 0.0336087 0.0256185 0.0224995
0 0.778024 0.663504 0.0370113 0.053049 0.0224659
0 0.022394 0.78345 0.0308876 0.0519953 0.0223386
5 0.0132007 0.180626 0.0262199 0.143404 0.0218071
0 0.920512 0.185066 0.0138554 0.0195941 0.0216871
2 0.984106 0.22813 0.0310818 0.0554317 0.0215468
0 0.779087 0.664809 0.0328609 0.0481922 0.0215444
5 0.0121369 0.18413 0.0242016 0.128042 0.021193
9 0.981031 0.0944095 0.0371956 0.0427535 0.02117
5 0.550015 0.19755 0.0925218 0.0892489 0.0208667
2 0.0220045 0.3006 0.0437388 0.0526418 0.0208016
9 0.0281591 0.822126 0.0352384 0.0804012 0.0207054
9 0.780764 0.121422 0.0152975 0.0249488 0.0204553
2 0.0217473 0.78073 0.0294877 0.0467011 0.0202662
9 0.933904 0.107628 0.0198776 0.041151 0.020159
2 0.0220798 0.784502 0.0311081 0.0528125 0.0201243
9 0.938759 0.0998959 0.0169006 0.0364294 0.0200377
2 0.0222616 0.297721 0.0440909 0.0483016 0.0199516
5 0.0128557 0.18198 0.0255813 0.13848 0.0198453
2 0.0198391 0.337949 0.0396782 0.0571393 0.0193884
2 0.834533 0.423419 0.0229084 0.0184125 0.0193559
0 0.0470387 0.617001 0.0271557 0.088699 0.0192261
2 0.0486799 0.408117 0.0258201 0.0313297 0.0192145
2 0.953325 0.229422 0.0925655 0.0559245 0.0191703
2 0.363146 0.164326 0.0413332 0.0274615 0.0191419
8 0.0558897 0.250846 0.0321377 0.0413468 0.0189632
0 0.930454 0.181599 0.0128929 0.0182268 0.0187159
2 0.761176 0.190233 0.0409149 0.0273578 0.0183977
2 0.0224942 0.277681 0.0449884 0.0774493 0.0183201
0 0.0252575 0.806226 0.0413281 0.116316 0.0182569
0 0.779249 0.663875 0.0361232 0.0509615 0.018249
2 0.318468 0.23751 0.0497032 0.0430139 0.0180837
2 0.012798 0.407504 0.0233562 0.0698722 0.0177113
2 0.0247423 0.304575 0.0450665 0.0470162 0.017673
2 0.541512 0.224361 0.0818405 0.0374842 0.0176139
5 0.0113847 0.182254 0.0226448 0.120035 0.0174374
9 0.467697 0.128665 0.0119186 0.0239951 0.0174312
2 0.31248 0.2401 0.0395797 0.0340469 0.0172159
2 0.769464 0.647223 0.150192 0.110641 0.0171252
2 0.322546 0.242049 0.0469809 0.0321608 0.016914
2 0.535259 0.22353 0.0702533 0.0375583 0.0168889
2 0.0426516 0.41072 0.0396842 0.0375137 0.0168316
9 0.924296 0.103615 0.0188688 0.0250196 0.0167197
2 0.945443 0.746943 0.0288334 0.028899 0.0166048
2 0.762131 0.190213 0.0436298 0.0305232 0.0165223
8 0.0235934 0.231036 0.0471869 0.225094 0.0163802
9 0.980903 0.0989679 0.0381938 0.049872 0.0162042
0 0.0264105 0.8106 0.0372126 0.105915 0.0160882
9 0.703201 0.0917462 0.0209938 0.0322389 0.0160787
2 0.945342 0.746893 0.0277927 0.0289937 0.0159018
2 0.762136 0.188989 0.043803 0.0311709 0.0158917
2 0.322237 0.242881 0.041258 0.0339972 0.015857
7 0.0222136 0.27745 0.0444222 0.0753478 0.0152172
9 0.0289863 0.822142 0.0354233 0.0789768 0.0150531
9 0.703438 0.0905765 0.0215872 0.0322702 0.0150389
2 0.772336 0.646946 0.143636 0.1102 0.0148761
2 0.0403128 0.3902 0.0563958 0.0714954 0.0148594
