2 0.255083 0.785418 0.238942 0.210164 0.913351
2 0.255049 0.785002 0.240063 0.209775 0.897225
2 0.254795 0.784473 0.239853 0.209289 0.89061
2 0.254987 0.785924 0.239501 0.210659 0.887716
2 0.255056 0.785587 0.240098 0.208786 0.885213
2 0.255572 0.785436 0.240689 0.209517 0.874047
2 0.254901 0.786025 0.238502 0.20816 0.856973
2 0.255248 0.785466 0.237876 0.209542 0.853037
2 0.944187 0.347948 0.109419 0.118498 0.827861
2 0.440028 0.268851 0.0663403 0.0600509 0.823812
2 0.943985 0.348153 0.109223 0.117761 0.814166
2 0.255392 0.784979 0.240332 0.211248 0.806684
2 0.944392 0.348259 0.109573 0.118206 0.804289
2 0.440211 0.268473 0.0662364 0.0586164 0.794893
2 0.944409 0.348103 0.109913 0.118504 0.793599
2 0.944162 0.348519 0.109341 0.117626 0.791256
2 0.439996 0.26841 0.0661689 0.0590431 0.781615
2 0.944529 0.348038 0.109674 0.118388 0.779901
2 0.440102 0.267891 0.0679314 0.058602 0.772196
2 0.94437 0.348089 0.109671 0.118607 0.769257
5 0.557015 0.690163 0.233821 0.289108 0.763275
5 0.557977 0.690431 0.233564 0.289653 0.763017
5 0.557758 0.689449 0.233705 0.288797 0.743906
2 0.440153 0.268485 0.0656998 0.0589397 0.737711
2 0.440053 0.268589 0.0664684 0.0589459 0.724521
2 0.440414 0.267799 0.0669569 0.0583213 0.706735
2 0.43976 0.269083 0.0659634 0.0606144 0.703525
5 0.557963 0.690459 0.232897 0.289491 0.690812
5 0.557489 0.689721 0.233376 0.289142 0.683969
5 0.557558 0.690682 0.232859 0.28997 0.683867
5 0.559198 0.689513 0.232221 0.290493 0.677844
5 0.557414 0.690016 0.23311 0.289538 0.66392
2 0.944387 0.347781 0.109307 0.11867 0.656034
5 0.557514 0.68957 0.23371 0.289041 0.650165
2 0.944281 0.34784 0.109178 0.118775 0.625993
5 0.558132 0.689583 0.23256 0.28887 0.597596
2 0.440428 0.268149 0.0668669 0.0590104 0.515582
2 0.944232 0.348 0.109133 0.11916 0.50736
5 0.966748 0.136019 0.0649256 0.0720473 0.385375
5 0.966811 0.135738 0.0651867 0.070629 0.369277
2 0.403782 0.0928963 0.0434819 0.0334069 0.274994
2 0.40689 0.0930017 0.0419264 0.0335028 0.215126
2 0.0213906 0.240658 0.0427812 0.0444175 0.213354
2 0.0326396 0.213215 0.061604 0.0520633 0.206764
6 0.527688 0.486493 0.681198 0.648791 0.199422
2 0.175103 0.183797 0.0533924 0.0395082 0.196138
5 0.967195 0.13528 0.0651821 0.0709158 0.195639
2 0.966019 0.135894 0.0656796 0.0704212 0.190109
2 0.966548 0.135701 0.0659367 0.0710186 0.189608
2 0.401787 0.0930816 0.0451507 0.0332616 0.185529
2 0.174408 0.18442 0.0523353 0.0376371 0.180261
5 0.966264 0.135376 0.0658081 0.0713246 0.176612
2 0.96652 0.135828 0.0655491 0.0703449 0.176483
2 0.0312254 0.213171 0.0609152 0.0523843 0.175659
5 0.967006 0.135956 0.0653645 0.0730416 0.171424
2 0.0217172 0.240116 0.042587 0.0446014 0.16771
2 0.406302 0.0923093 0.0396807 0.0324899 0.166245
2 0.401069 0.0922828 0.0437158 0.0319837 0.157936
2 0.403488 0.0925526 0.0413715 0.0318927 0.155951
2 0.396356 0.0937192 0.05754 0.0343933 0.155711
5 0.966786 0.135036 0.0660107 0.0713995 0.154981
6 0.42608 0.507341 0.745592 0.857607 0.152547
2 0.0211637 0.240876 0.0422686 0.0446492 0.152241
2 0.401056 0.0943603 0.0508892 0.0346214 0.149764
6 0.42348 0.471783 0.775965 0.804786 0.14927
6 0.424327 0.473481 0.767796 0.805671 0.14819
2 0.021691 0.244012 0.043382 0.0497983 0.145701
6 0.678714 0.341184 0.223033 0.302715 0.141065
2 0.0314389 0.213796 0.0615694 0.05401 0.138629
2 0.0208642 0.240323 0.0417284 0.045175 0.132447
2 0.020414 0.239842 0.0408006 0.0440355 0.130324
2 0.0217137 0.244486 0.0433719 0.05108 0.123502
2 0.393715 0.0940812 0.0611044 0.0345804 0.119651
2 0.175226 0.184135 0.0532845 0.0388856 0.119289
6 0.286746 0.539699 0.573492 0.698595 0.116413
2 0.782055 0.0784148 0.0332438 0.0201471 0.115595
6 0.779354 0.247439 0.439078 0.494879 0.1125
6 0.677828 0.341484 0.223883 0.305203 0.109197
2 0.455985 0.0693145 0.0391657 0.0289668 0.108357
2 0.0328847 0.213712 0.0622508 0.0527324 0.10797
2 0.0225205 0.238661 0.0445175 0.044838 0.107145
2 0.966979 0.135619 0.0654516 0.070648 0.10622
2 0.0304133 0.212745 0.0599176 0.0512118 0.105406
2 0.395551 0.0972554 0.0595328 0.0408285 0.105187
2 0.390592 0.0958863 0.0620278 0.0346172 0.102976
2 0.172173 0.184634 0.0521475 0.0387529 0.102014
2 0.172529 0.184192 0.0497159 0.0378807 0.1001
2 0.0305433 0.210077 0.0595483 0.0462188 0.09964
2 0.174389 0.184187 0.0501074 0.037821 0.099342
6 0.430773 0.492231 0.728006 0.749127 0.0949954
2 0.0205194 0.242398 0.0409957 0.0483789 0.09403
6 0.78001 0.248035 0.43998 0.493505 0.0925283
2 0.0312893 0.209343 0.0590157 0.0449891 0.0922649
2 0.389365 0.0943221 0.0646763 0.0342656 0.0899191
2 0.781666 0.0790488 0.034116 0.0223494 0.0825737
6 0.299017 0.541529 0.590826 0.73254 0.0825369
6 0.291019 0.550388 0.582039 0.736157 0.0825007
2 0.0225141 0.247114 0.044544 0.0548482 0.0822916
5 0.132213 0.158475 0.147242 0.133757 0.0811805
2 0.845944 0.00964101 0.0251696 0.019282 0.0797509
2 0.178257 0.181339 0.0598297 0.0436656 0.076205
2 0.219998 0.158944 0.0378684 0.0383448 0.0720032
6 0.527491 0.479871 0.694279 0.605023 0.0718666
6 0.776713 0.247121 0.442403 0.494242 0.0714283
2 0.406295 0.0939365 0.0447148 0.0343649 0.0703642
2 0.355341 0.113496 0.0283325 0.0348279 0.0701304
6 0.777332 0.247848 0.431565 0.495696 0.06903
2 0.45646 0.0702463 0.0410198 0.0319117 0.0684313
6 0.103796 0.165799 0.205759 0.148925 0.0658576
5 0.132606 0.160163 0.149237 0.13777 0.0651833
6 0.437755 0.512931 0.741563 0.787639 0.065097
2 0.455667 0.0728384 0.041093 0.0353788 0.0650823
5 0.131502 0.159233 0.146983 0.136208 0.0607611
2 0.0329067 0.213429 0.0636131 0.0518093 0.0607388
2 0.182342 0.182385 0.068982 0.0430494 0.0605651
2 0.781821 0.0827487 0.0347748 0.0291159 0.0603475
7 0.966533 0.135349 0.0656589 0.0711433 0.0598088
6 0.678414 0.342279 0.223047 0.301528 0.0597084
6 0.103665 0.167618 0.207329 0.152274 0.0588073
6 0.477848 0.501789 0.784799 0.739784 0.0573543
2 0.0320508 0.214944 0.0639059 0.05515 0.0571973
6 0.678421 0.342938 0.225439 0.300728 0.0571384
2 0.17602 0.181266 0.0537734 0.0433265 0.0571222
2 0.336956 0.118532 0.0327267 0.0410332 0.0561074
2 0.200279 0.159425 0.0276048 0.0400451 0.0529525
2 0.439847 0.268279 0.0651957 0.0598939 0.0512216
2 0.78238 0.0784827 0.0322668 0.0221522 0.0504792
2 0.179757 0.183693 0.0658558 0.0604431 0.0502778
2 0.456935 0.0670619 0.0371256 0.0254941 0.0489762
5 0.132728 0.158843 0.14726 0.135212 0.0488907
6 0.302102 0.519197 0.601086 0.72325 0.0484492
6 0.730584 0.326483 0.329516 0.333037 0.0475167
2 0.347474 0.115635 0.0418715 0.0379379 0.0473204
2 0.455174 0.0729362 0.04417 0.0362188 0.0469787
5 0.134581 0.157254 0.142686 0.130604 0.0455869
2 0.0280492 0.222511 0.0559444 0.0530591 0.0446117
2 0.220157 0.156989 0.0407043 0.0390371 0.0438708
2 0.378647 0.102299 0.0244826 0.0265357 0.0435345
7 0.68068 0.338728 0.227133 0.306957 0.041833
2 0.0294562 0.615396 0.0587269 0.124866 0.0414305
6 0.774965 0.246162 0.434386 0.492323 0.0410433
2 0.0298904 0.618667 0.0596787 0.129983 0.0409984
0 0.294171 0.122805 0.0281548 0.0424216 0.0404888
2 0.456765 0.0666284 0.039294 0.0260146 0.0403156
5 0.966872 0.135457 0.0654972 0.0706347 0.0397287
2 0.370624 0.0938346 0.0300917 0.027958 0.0396396
2 0.020786 0.247837 0.0414337 0.0566942 0.0396147
0 0.243103 0.156129 0.0233693 0.0344924 0.0394903
7 0.678674 0.340738 0.221702 0.302941 0.0392545
6 0.779597 0.248099 0.440806 0.496199 0.0387209
2 0.218878 0.160839 0.0321231 0.0378519 0.0384451
2 0.778134 0.0847457 0.044533 0.0330774 0.03697
2 0.186045 0.175738 0.0767846 0.066265 0.036896
2 0.199328 0.158681 0.0254031 0.0349452 0.0368734
2 0.0300629 0.627739 0.0599649 0.149377 0.0366026
2 0.453576 0.0738107 0.0410433 0.0347773 0.0365038
2 0.0296746 0.625077 0.0592488 0.144743 0.0362384
2 0.355211 0.114943 0.0293309 0.0360272 0.0355832
2 0.029638 0.631728 0.059276 0.159294 0.0352511
2 0.228193 0.1602 0.0530086 0.0395555 0.0349317
6 0.437173 0.459308 0.82321 0.852675 0.0347913
6 0.104729 0.167119 0.207602 0.151651 0.0346735
6 0.77452 0.252631 0.424145 0.482087 0.034386
6 0.105947 0.175089 0.211895 0.167353 0.0342658
2 0.846128 0.0104149 0.0263039 0.020611 0.0337656
9 0.869126 0.00665718 0.0178885 0.0133144 0.0337162
2 0.0297908 0.208487 0.0589644 0.0430905 0.0325013
2 0.350193 0.11529 0.044369 0.0399379 0.0317843
5 0.966875 0.134905 0.0655731 0.0722251 0.0317188
5 0.132692 0.156307 0.147485 0.128951 0.0315738
2 0.30339 0.116784 0.0242385 0.0371373 0.0307856
6 0.31682 0.539685 0.608369 0.735643 0.0303687
2 0.228688 0.159149 0.0465282 0.0375515 0.030211
0 0.770818 0.366141 0.0225456 0.0657148 0.0298298
2 0.0300876 0.634884 0.0599595 0.164902 0.0298056
6 0.104135 0.168728 0.207679 0.154931 0.0291141
6 0.232105 0.161285 0.435934 0.151617 0.0290741
0 0.968921 0.312024 0.0217508 0.0338846 0.0286422
6 0.173422 0.163975 0.340154 0.149235 0.0285049
2 0.284732 0.128851 0.0475465 0.0481965 0.0283635
0 0.278991 0.133171 0.0350574 0.0374491 0.0283011
2 0.203685 0.156905 0.0332425 0.0387905 0.0281562
2 0.19479 0.174821 0.0924641 0.0686576 0.0278786
2 0.455979 0.073614 0.0459711 0.03937 0.0276887
5 0.101908 0.161977 0.198859 0.136544 0.027676
2 0.228749 0.157101 0.0474145 0.0373939 0.0276416
2 0.335522 0.115068 0.0201529 0.033939 0.0275775
6 0.327917 0.159237 0.651492 0.16287 0.0265542
0 0.275604 0.134908 0.031173 0.0376033 0.0259985
2 0.0310285 0.219329 0.0618537 0.0701508 0.0256463
0 0.289444 0.127779 0.0376585 0.0454146 0.0254843
6 0.355288 0.125539 0.702798 0.233891 0.025013
7 0.132605 0.159212 0.147413 0.134982 0.0243626
2 0.0294778 0.605865 0.0589556 0.105066 0.0243606
2 0.173871 0.181716 0.0481244 0.0423201 0.0242391
2 0.166928 0.187471 0.0617767 0.0452879 0.0237138
2 0.0298146 0.636716 0.0595901 0.174186 0.02355
6 0.408881 0.470481 0.788282 0.775236 0.0233953
2 0.0218581 0.251003 0.0437162 0.0598319 0.0220333
6 0.131891 0.160155 0.146763 0.13702 0.0218588
0 0.243623 0.157623 0.0250565 0.0347928 0.0217955
6 0.306811 0.505124 0.604507 0.689662 0.0214397
6 0.718098 0.25695 0.310093 0.477394 0.0206007
2 0.368656 0.0897051 0.0246648 0.0227797 0.0201529
2 0.255173 0.785961 0.238611 0.212412 0.0200698
0 0.769977 0.36807 0.0242998 0.069286 0.0196637
2 0.0283856 0.210547 0.056706 0.0426181 0.0196398
2 0.282319 0.133556 0.0479003 0.0415388 0.0196056
6 0.778601 0.247784 0.442691 0.495569 0.019595
0 0.282287 0.12946 0.0322144 0.0392299 0.0194814
2 0.299011 0.117681 0.031181 0.0382023 0.0193401
0 0.872565 0.15278 0.0225079 0.0360641 0.0191997
6 0.177785 0.165343 0.351308 0.154406 0.0188249
2 0.243559 0.159243 0.0271096 0.0360086 0.0187742
2 0.307887 0.118348 0.0200025 0.0402395 0.0184748
2 0.173078 0.187653 0.0654575 0.0459995 0.018319
6 0.679988 0.342818 0.220776 0.306168 0.0181731
2 0.346351 0.117054 0.0436161 0.0385965 0.0178133
2 0.0417452 0.217167 0.0437374 0.0467194 0.0175344
2 0.202043 0.161018 0.0291699 0.0398769 0.0174942
0 0.0824963 0.171622 0.0376452 0.0739617 0.0170466
2 0.0151725 0.227753 0.0302412 0.0225137 0.0169752
2 0.775923 0.0859663 0.0488917 0.0354823 0.0169541
2 0.0291655 0.600579 0.0583311 0.0941513 0.0166704
6 0.70589 0.252345 0.398001 0.500949 0.0166476
6 0.28566 0.583458 0.571321 0.696044 0.0162584
2 0.200255 0.155698 0.0291331 0.0383494 0.0160346
2 0.781301 0.0815313 0.0346989 0.0289669 0.0160205
9 0.87503 0.00748658 0.0211262 0.0149732 0.0157232
0 0.0839662 0.175807 0.0417253 0.0878145 0.0157021
2 0.0326407 0.229308 0.0650832 0.0785149 0.0156733
2 0.197354 0.173301 0.0975367 0.0700124 0.0156526
0 0.277572 0.13464 0.0348992 0.0392666 0.015567
0 0.0825723 0.179495 0.0379133 0.090097 0.0154736
2 0.0291341 0.604562 0.0580314 0.103289 0.0154473
2 0.277456 0.139531 0.0785278 0.0618765 0.0154391
2 0.987097 0.504542 0.0249557 0.0920557 0.0152614
6 0.477615 0.518978 0.630374 0.782071 0.0151857
2 0.318333 0.118068 0.0300848 0.0389376 0.0151577
2 0.200093 0.170745 0.0947627 0.0645767 0.0151544
0 0.278256 0.135695 0.0393555 0.0399494 0.0147816
6 0.222252 0.16008 0.430531 0.159778 0.0147175
2 0.17152 0.182098 0.0489463 0.0446225 0.0143178
0 0.303916 0.119119 0.0248024 0.0407115 0.0143068
2 0.842162 0.168106 0.0874508 0.0766456 0.0141481
2 0.781843 0.0782792 0.0326072 0.021743 0.0140613
0 0.872096 0.153334 0.0219879 0.0355178 0.0140236
2 0.0411633 0.214612 0.0480435 0.050846 0.0138968
2 0.838612 0.170832 0.0909212 0.0829786 0.0138479
6 0.28259 0.539203 0.565179 0.605527 0.0137532
2 0.273365 0.139506 0.0870977 0.0625064 0.0136521
2 0.182963 0.174368 0.0578479 0.0570307 0.0136444
0 0.0838089 0.178569 0.0413174 0.0934417 0.0136043
2 0.840103 0.169023 0.0899918 0.0787303 0.0135424
0 0.0828497 0.166273 0.0357116 0.0648054 0.0134876
6 0.104068 0.17393 0.208135 0.166908 0.0134577
0 0.969469 0.310407 0.0230083 0.0367202 0.0134185
2 0.379097 0.107167 0.0300877 0.0355992 0.0132989
7 0.109026 0.170816 0.101476 0.101145 0.0132864
2 0.0321469 0.641791 0.0640496 0.182373 0.0132304
2 0.844806 0.00947962 0.0247589 0.0189592 0.0131488
2 0.28088 0.135887 0.0709092 0.061458 0.0131485
2 0.271433 0.1437 0.0805659 0.0603046 0.013113
0 0.771764 0.359826 0.0203585 0.0535177 0.0129937
2 0.248648 0.149968 0.098892 0.0543846 0.0129282
2 0.393404 0.100998 0.0590196 0.0467395 0.0127674
7 0.131992 0.161524 0.149746 0.135379 0.0126103
2 0.0219709 0.251164 0.0438362 0.0605533 0.0125826
6 0.602985 0.302343 0.600583 0.604687 0.012576
2 0.375442 0.103769 0.0277488 0.0285778 0.0125696
0 0.306141 0.120592 0.0226599 0.0420032 0.0123707
2 0.366288 0.0943842 0.023735 0.0305758 0.0122632
2 0.840414 0.1679 0.0896149 0.077804 0.0121089
5 0.113735 0.162024 0.106507 0.133053 0.0120389
6 0.553177 0.0487331 0.256273 0.0974662 0.0119035
2 0.393373 0.0995228 0.0640275 0.0479123 0.0118524
0 0.0821041 0.182446 0.0405839 0.0974896 0.0116659
2 0.338421 0.118636 0.0430961 0.0407329 0.0115304
2 0.333081 0.117718 0.0263186 0.0380052 0.0114902
2 0.0284718 0.596916 0.0569435 0.0863995 0.011429
2 0.29527 0.127027 0.041472 0.0499961 0.0113442
2 0.189277 0.170167 0.0459248 0.0541291 0.0113102
9 0.845821 0.0103855 0.0278435 0.0206901 0.0112827
0 0.0767827 0.207945 0.0308635 0.0474386 0.0112681
6 0.768017 0.254423 0.460264 0.507137 0.0111857
2 0.029522 0.600173 0.059044 0.0933721 0.0110589
2 0.0296075 0.647295 0.0591066 0.145762 0.0109862
6 0.46478 0.440295 0.925908 0.879849 0.0104899
0 0.769273 0.369273 0.0265383 0.0715804 0.010488
7 0.109925 0.17326 0.100759 0.0986186 0.01045
2 0.195051 0.170367 0.0748109 0.0558558 0.0103662
2 0.351466 0.116679 0.0370252 0.0382899 0.0103646
2 0.987874 0.515541 0.0231823 0.0695219 0.0103261
6 0.0496606 0.181096 0.0989676 0.10881 0.0103245
5 0.0475107 0.183275 0.0946588 0.115008 0.0102729
6 0.550204 0.0471968 0.252563 0.0943937 0.0101763
2 0.361998 0.111416 0.0267566 0.0353147 0.010087
2 0.0284736 0.597307 0.0567271 0.0875916 0.00998427
6 0.560922 0.307436 0.504471 0.600373 0.00991062
0 0.873395 0.150195 0.020694 0.029575 0.00980702
