2 0.554925 0.691044 0.22911 0.238309 0.921321
2 0.55514 0.691122 0.229291 0.237498 0.911129
2 0.555217 0.691441 0.229305 0.238505 0.90985
2 0.555183 0.69098 0.230267 0.237613 0.908718
2 0.555035 0.691346 0.229187 0.23743 0.905315
2 0.555477 0.691205 0.229969 0.238588 0.895501
2 0.555 0.690944 0.229033 0.238693 0.890843
2 0.555088 0.690403 0.229664 0.237456 0.889286
2 0.555627 0.691487 0.229783 0.236934 0.888466
2 0.55556 0.690992 0.229896 0.237951 0.868758
0 0.281172 0.420168 0.0331769 0.128334 0.755738
0 0.896163 0.474568 0.043182 0.173373 0.707085
0 0.281184 0.419909 0.0306707 0.131633 0.695317
0 0.43518 0.427877 0.0419086 0.136508 0.688641
2 0.936517 0.0663142 0.0527416 0.0567175 0.687435
0 0.281719 0.420205 0.0307528 0.131282 0.685276
0 0.435138 0.42737 0.0412169 0.135904 0.68215
0 0.896437 0.473703 0.0433826 0.171784 0.676367
0 0.35761 0.163657 0.0185672 0.0581293 0.663575
0 0.28233 0.421359 0.0292442 0.130582 0.658883
0 0.89553 0.474747 0.0427635 0.173416 0.658025
0 0.3577 0.162937 0.0186314 0.0584998 0.651383
0 0.281878 0.420091 0.0308691 0.131674 0.650288
2 0.936376 0.0665761 0.0524853 0.0571039 0.649905
0 0.895797 0.474573 0.0426733 0.173105 0.646934
2 0.9365 0.0668426 0.0535301 0.0570823 0.640718
0 0.960659 0.36434 0.0353222 0.12934 0.630129
0 0.89589 0.47432 0.0435375 0.172471 0.62516
0 0.35779 0.163869 0.0188916 0.0594759 0.617786
0 0.760836 0.148402 0.0263462 0.0756703 0.61753
0 0.961999 0.364813 0.0363728 0.129675 0.616412
0 0.896426 0.47366 0.0441189 0.171589 0.610265
0 0.961087 0.365316 0.0352928 0.130075 0.609695
0 0.895701 0.47457 0.042815 0.173809 0.607289
0 0.281694 0.418469 0.0333844 0.132041 0.604304
0 0.43491 0.427705 0.0421907 0.137343 0.597215
0 0.434535 0.428789 0.0425429 0.136457 0.595767
2 0.936275 0.0666501 0.0525578 0.0570295 0.594246
0 0.435108 0.426349 0.0416067 0.125493 0.592232
0 0.960734 0.364597 0.0354195 0.130333 0.587231
2 0.936654 0.0665356 0.0533823 0.057545 0.582585
2 0.936501 0.067099 0.0539001 0.056178 0.579462
0 0.761166 0.148209 0.0262249 0.0746788 0.558038
0 0.434546 0.431961 0.0416651 0.126878 0.552176
0 0.960692 0.365288 0.0361525 0.132576 0.549976
2 0.569081 0.14031 0.0799615 0.0530715 0.547583
0 0.677395 0.397346 0.0335512 0.0719567 0.545884
0 0.960665 0.36734 0.0347988 0.126759 0.544658
0 0.676733 0.396397 0.0329788 0.0701371 0.536666
0 0.896937 0.472407 0.0444691 0.168963 0.535561
0 0.761295 0.148348 0.0268656 0.0769311 0.534802
0 0.895883 0.475648 0.0424635 0.174463 0.53368
0 0.358474 0.163196 0.0203479 0.0615424 0.533578
0 0.67751 0.397137 0.0336808 0.0720721 0.526735
0 0.677198 0.396641 0.0333763 0.070702 0.524277
0 0.275797 0.324981 0.0239424 0.079628 0.523788
0 0.275822 0.325435 0.0240883 0.0795296 0.521755
0 0.35786 0.162667 0.0189007 0.0578718 0.519857
0 0.76033 0.148363 0.0265222 0.0760371 0.517295
0 0.275778 0.324466 0.0244139 0.0788835 0.500699
0 0.275614 0.325618 0.0243847 0.080577 0.499353
0 0.897036 0.469104 0.0444481 0.161616 0.498347
2 0.569693 0.14003 0.0788429 0.0531642 0.495879
0 0.761692 0.148128 0.0256789 0.0763524 0.495359
0 0.761385 0.148807 0.0265407 0.0760481 0.493128
2 0.936646 0.0675682 0.0538372 0.0564822 0.49254
0 0.960917 0.369219 0.0341248 0.120933 0.491634
0 0.281525 0.420511 0.0327952 0.129 0.484605
0 0.362954 0.385412 0.0350813 0.135382 0.481032
0 0.678251 0.398418 0.0354853 0.071853 0.480939
2 0.936001 0.0670042 0.0526539 0.0563493 0.48029
0 0.435844 0.431559 0.0407632 0.124117 0.480196
0 0.362964 0.385698 0.0348319 0.136456 0.477643
0 0.363048 0.38623 0.0363745 0.135549 0.471745
0 0.960556 0.369657 0.0347637 0.119261 0.471208
0 0.990855 0.151409 0.0176754 0.0937686 0.454298
0 0.435962 0.427685 0.040085 0.119218 0.448531
0 0.358652 0.163961 0.0208202 0.0620897 0.447905
0 0.358451 0.162691 0.0204594 0.0621489 0.445901
0 0.760705 0.149204 0.0257553 0.0758034 0.428147
2 0.57013 0.139957 0.0788603 0.0527249 0.425483
0 0.676781 0.3961 0.0279737 0.0703971 0.420363
0 0.276068 0.323674 0.0246225 0.0786762 0.419782
0 0.675787 0.396219 0.0300015 0.0698921 0.412292
0 0.960361 0.370784 0.0339424 0.116927 0.407311
0 0.276223 0.326654 0.0243556 0.0803443 0.397245
0 0.99095 0.150627 0.017366 0.0951094 0.391726
0 0.276048 0.324109 0.0248908 0.0768411 0.391711
2 0.569527 0.140888 0.0788984 0.0523863 0.388976
0 0.363564 0.394295 0.0347835 0.11945 0.385889
0 0.276143 0.325965 0.024592 0.0785477 0.369901
0 0.362656 0.385952 0.0336602 0.137164 0.369643
0 0.677367 0.398142 0.0347922 0.0723978 0.364466
0 0.431881 0.4322 0.0379309 0.12782 0.351599
0 0.991228 0.150986 0.01682 0.093779 0.349679
0 0.363087 0.385951 0.0355917 0.135243 0.339507
0 0.762341 0.148887 0.0249139 0.0757453 0.338127
0 0.991089 0.150609 0.017193 0.093813 0.326714
0 0.990659 0.151109 0.0179783 0.0935891 0.326522
2 0.88404 0.108328 0.0621737 0.0793681 0.324628
0 0.991157 0.153034 0.016872 0.0951519 0.324614
0 0.359602 0.164453 0.0220372 0.0612887 0.318475
0 0.991229 0.151311 0.0169899 0.0933146 0.317185
0 0.76029 0.148241 0.0260725 0.0759318 0.315806
0 0.434779 0.426435 0.0400985 0.136341 0.304855
0 0.760087 0.148783 0.0248924 0.0763687 0.296707
2 0.570624 0.139148 0.0780243 0.0533148 0.286239
0 0.279143 0.420086 0.0276425 0.131538 0.283917
0 0.895273 0.471006 0.0418001 0.152145 0.273258
2 0.569545 0.14087 0.0792993 0.0520593 0.257685
0 0.761943 0.145807 0.0244884 0.0725586 0.256717
0 0.281122 0.419091 0.0307173 0.127664 0.250897
2 0.882392 0.110079 0.0657772 0.0816852 0.250893
0 0.28223 0.420161 0.0322109 0.128683 0.240993
0 0.358225 0.165378 0.0202602 0.0621476 0.238663
0 0.991298 0.148201 0.0164993 0.0895044 0.235622
2 0.878407 0.111628 0.0696117 0.0836186 0.235141
2 0.936453 0.0657709 0.0537794 0.0552296 0.233348
0 0.990869 0.154669 0.0175983 0.0864806 0.233155
2 0.570433 0.139649 0.077553 0.0528618 0.229024
2 0.882666 0.111067 0.0609589 0.0795061 0.227316
0 0.896373 0.469445 0.044743 0.151071 0.227117
2 0.570476 0.139241 0.0775536 0.0505023 0.223264
0 0.363287 0.39547 0.0345391 0.117272 0.220438
0 0.359218 0.16368 0.0218801 0.0608162 0.218458
0 0.960756 0.365862 0.034923 0.132236 0.215331
2 0.00983322 0.215699 0.0196082 0.0436555 0.210084
2 0.884651 0.107649 0.0633827 0.0788511 0.206504
0 0.405595 0.118042 0.0123834 0.0344326 0.204295
2 0.881873 0.107541 0.0680786 0.0848299 0.193659
8 0.00936135 0.214578 0.0186563 0.0412087 0.186253
0 0.405493 0.117226 0.0130026 0.0344722 0.185311
0 0.678654 0.397016 0.0377893 0.0737045 0.182111
0 0.363151 0.390342 0.0362283 0.126074 0.179308
2 0.570942 0.139047 0.0790716 0.050839 0.176346
0 0.718498 0.151014 0.0168036 0.0417333 0.171196
0 0.277015 0.324503 0.0260873 0.0809151 0.17013
2 0.86502 0.10895 0.102127 0.0839238 0.163556
8 0.00940778 0.21571 0.0187418 0.0432314 0.161461
0 0.276808 0.324328 0.0260966 0.0812328 0.16114
2 0.00973614 0.217881 0.0194372 0.0476403 0.157552
2 0.865358 0.109585 0.097496 0.0875343 0.154907
0 0.679954 0.379588 0.0399578 0.106459 0.152058
0 0.359096 0.162437 0.0217931 0.0601484 0.144659
2 0.864263 0.110629 0.103804 0.0901607 0.144643
0 0.676477 0.395467 0.035277 0.0755679 0.139001
0 0.433368 0.427653 0.0449268 0.138221 0.138278
2 0.698052 0.151145 0.0302698 0.039071 0.135835
2 0.864508 0.109235 0.10315 0.086642 0.135141
0 0.71718 0.165102 0.0187372 0.0593566 0.13501
2 0.00902245 0.214708 0.0179492 0.0408109 0.134443
0 0.75901 0.152247 0.0232466 0.0686716 0.131543
2 0.877412 0.111893 0.0579315 0.0804925 0.127511
2 0.864347 0.109727 0.103754 0.0870684 0.125779
2 0.864408 0.108586 0.104216 0.0855592 0.125417
2 0.937604 0.0650047 0.0514685 0.0547595 0.12473
0 0.27352 0.324688 0.0282612 0.0823676 0.124699
2 0.865483 0.109163 0.100653 0.0860732 0.12337
9 0.779858 0.0831383 0.0190908 0.028103 0.122563
26 0.954846 0.347352 0.0210258 0.0351873 0.121808
2 0.864541 0.111532 0.105159 0.088499 0.121357
0 0.364068 0.387594 0.039734 0.135988 0.120716
0 0.273701 0.324046 0.0277353 0.0815061 0.117826
0 0.760129 0.153117 0.0236889 0.0698836 0.115251
2 0.697961 0.151767 0.0287577 0.0379722 0.114712
2 0.875253 0.113666 0.0405178 0.0739616 0.109872
2 0.71784 0.141898 0.0726498 0.0558834 0.109356
7 0.112612 0.270532 0.0891322 0.115052 0.107628
9 0.45049 0.0500363 0.0154001 0.025407 0.105778
2 0.695925 0.150395 0.0268204 0.0391766 0.104786
0 0.433406 0.427826 0.0448896 0.138879 0.102414
0 0.404922 0.118969 0.0148567 0.0355706 0.101406
0 0.445401 0.447491 0.0229886 0.0822335 0.0998809
2 0.864684 0.110679 0.104756 0.0884668 0.0981043
0 0.363144 0.391704 0.0347155 0.124129 0.0971562
0 0.0828918 0.272865 0.0276128 0.0798558 0.0937362
2 0.573922 0.139018 0.0712624 0.0488894 0.0926214
2 0.70562 0.143649 0.0455913 0.053682 0.0920632
0 0.687075 0.349111 0.0415212 0.0964862 0.0919342
2 0.112494 0.270284 0.0874153 0.114586 0.0905417
0 0.685454 0.366494 0.0480579 0.132114 0.0897507
7 0.112601 0.272388 0.0881737 0.113768 0.089727
2 0.718518 0.13412 0.0696862 0.0680894 0.0891551
2 0.936799 0.0675357 0.0538612 0.0554355 0.0887211
0 0.685673 0.342445 0.0378892 0.0782402 0.0877656
0 0.429254 0.428721 0.0312982 0.117838 0.0874771
2 0.698785 0.149231 0.0323847 0.0427199 0.0869616
0 0.687311 0.343117 0.0397742 0.0844256 0.0867918
2 0.569903 0.136133 0.0800352 0.0603519 0.0864504
2 0.568287 0.139918 0.075061 0.0507224 0.0863594
36 0.285094 0.479543 0.0188509 0.0204559 0.0854155
0 0.717597 0.148722 0.0193657 0.0442274 0.0852412
0 0.716417 0.166608 0.0182493 0.0586963 0.08521
9 0.449936 0.0475089 0.0142218 0.0213914 0.0818066
0 0.280903 0.416112 0.0319557 0.117266 0.0801082
0 0.989932 0.149287 0.0191296 0.0973878 0.0799247
2 0.568927 0.142089 0.0773647 0.0469425 0.0798029
0 0.243226 0.174298 0.0142214 0.0359548 0.0788238
2 0.11221 0.269956 0.0884562 0.115232 0.0764222
0 0.35992 0.165395 0.0228613 0.0625173 0.0745381
0 0.277152 0.323637 0.0284518 0.0820126 0.0744707
2 0.855116 0.131977 0.0206102 0.0577331 0.0721449
2 0.111698 0.270165 0.0865677 0.11255 0.0720063
0 0.959153 0.366326 0.0299797 0.0977865 0.0693545
2 0.56619 0.143028 0.0701116 0.0460915 0.06859
36 0.431531 0.486457 0.0297942 0.0266919 0.0683673
2 0.720736 0.133222 0.0727654 0.0688484 0.068266
0 0.677477 0.371422 0.0364164 0.123116 0.0674333
2 0.11214 0.270464 0.0872385 0.114801 0.0668234
2 0.870385 0.107058 0.0924381 0.0808967 0.064188
0 0.0824551 0.275128 0.0270916 0.0743769 0.0637462
0 0.683105 0.360705 0.0344101 0.11171 0.0628251
0 0.763484 0.141502 0.0208933 0.0618536 0.0620504
0 0.990811 0.151482 0.0178818 0.0960773 0.0619744
0 0.429959 0.427268 0.0325497 0.116708 0.0619263
2 0.718964 0.134951 0.065678 0.0723641 0.0618685
2 0.718931 0.134764 0.0740497 0.0714018 0.0617958
2 0.697434 0.152993 0.0262028 0.0361921 0.0616124
2 0.698468 0.150534 0.0289572 0.039708 0.0614535
2 0.700338 0.147598 0.0344948 0.0449986 0.0613521
9 0.457785 0.0523833 0.0162815 0.0276789 0.0603712
0 0.244049 0.175302 0.0135392 0.0361503 0.05965
2 0.854457 0.134118 0.0195271 0.0543809 0.059481
2 0.718924 0.135124 0.0669947 0.0719071 0.0594464
0 0.989664 0.154306 0.0199085 0.0876074 0.0593206
0 0.960653 0.369911 0.0330738 0.119003 0.0592192
9 0.45003 0.0499555 0.0150847 0.0241643 0.0590469
0 0.0830671 0.272739 0.0279468 0.0820118 0.0586572
0 0.276179 0.321245 0.024033 0.073798 0.0584961
8 0.0102639 0.21537 0.0203563 0.045339 0.0583388
0 0.679402 0.396494 0.0378208 0.0734969 0.0582796
36 0.286482 0.480328 0.0207214 0.0192066 0.0565438
0 0.782104 0.141026 0.0147137 0.0388098 0.0564006
2 0.859417 0.10637 0.0953115 0.076152 0.0561832
0 0.680078 0.395352 0.0392954 0.0731571 0.0556369
0 0.281999 0.422225 0.0299869 0.125676 0.054757
2 0.88195 0.095704 0.0690186 0.0726951 0.0546427
0 0.359556 0.161647 0.0219872 0.0581967 0.0542856
0 0.989931 0.149694 0.0192577 0.094997 0.0538982
2 0.576452 0.139558 0.064422 0.047554 0.053597
2 0.810068 0.154083 0.0212898 0.0464359 0.0523568
0 0.15718 0.195521 0.0168212 0.0554658 0.0518847
0 0.436355 0.106245 0.0129147 0.0253551 0.0512388
0 0.43452 0.10708 0.012875 0.0251552 0.0511428
0 0.261638 0.159334 0.01187 0.0370297 0.0484291
5 0.721982 0.13322 0.0732025 0.0701768 0.0483818
9 0.458733 0.0543121 0.0146109 0.0327582 0.0472017
2 0.898142 0.0839906 0.0394489 0.0400773 0.0451567
2 0.111675 0.269583 0.0861618 0.112199 0.0448738
0 0.676497 0.392141 0.0247917 0.0655466 0.0447539
0 0.15739 0.202029 0.0187845 0.0693584 0.044266
0 0.57939 0.632464 0.0401966 0.050687 0.0434791
0 0.0826858 0.271166 0.028105 0.0836859 0.0431857
0 0.687086 0.363007 0.0455434 0.126686 0.0429883
0 0.113105 0.270825 0.0924447 0.118315 0.0428092
2 0.935332 0.0677704 0.0557722 0.056089 0.0427552
2 0.570388 0.137146 0.079647 0.0578861 0.0419583
0 0.989831 0.150058 0.0194004 0.0965498 0.0415812
36 0.430769 0.486263 0.0329754 0.026045 0.0409387
2 0.813858 0.151756 0.0285339 0.0551804 0.0406344
8 0.0100983 0.214334 0.0199391 0.0440122 0.0403909
9 0.464256 0.0533518 0.0141645 0.0280972 0.0397184
5 0.722593 0.132198 0.0754772 0.0689929 0.0394262
2 0.857841 0.116914 0.0997425 0.0986514 0.0389719
0 0.408177 0.116635 0.0134575 0.0320102 0.0389684
0 0.992195 0.168721 0.0148596 0.0589073 0.0380994
0 0.363049 0.388608 0.0306278 0.13482 0.037826
9 0.464166 0.0544243 0.0125938 0.028138 0.03733
2 0.898112 0.104564 0.0376595 0.0758789 0.0371267
0 0.278639 0.417759 0.0309888 0.137919 0.0369094
0 0.7157 0.164008 0.0202204 0.0655528 0.0369021
13 0.213642 0.179602 0.0429603 0.0420375 0.0366828
2 0.824094 0.14166 0.0441345 0.0656238 0.0360198
2 0.873871 0.122268 0.0377552 0.0588001 0.035919
2 0.718199 0.126124 0.0585753 0.0549607 0.0357438
0 0.232915 0.171588 0.012765 0.0331434 0.035183
0 0.684472 0.366777 0.0498474 0.136308 0.0351691
2 0.81484 0.147181 0.0310883 0.0616642 0.0351362
30 0.283395 0.481214 0.0246389 0.0188726 0.0348916
2 0.732716 0.13472 0.0978985 0.0819227 0.034733
9 0.779067 0.0849994 0.0230453 0.0325026 0.0345769
0 0.707682 0.151522 0.0263386 0.0386168 0.0345651
2 0.112039 0.269344 0.0866072 0.114354 0.0340651
9 0.239868 0.0803871 0.0112001 0.0193256 0.0340611
0 0.15744 0.193158 0.0167347 0.0517988 0.0339054
36 0.369267 0.432333 0.0209608 0.0408943 0.0336499
0 0.688852 0.337522 0.0353026 0.0760398 0.0335977
0 0.709208 0.151998 0.0346113 0.0422125 0.0335082
13 0.214611 0.184877 0.0331718 0.0329196 0.033468
0 0.685725 0.338492 0.040024 0.0792065 0.0334383
2 0.861527 0.095202 0.0983181 0.0576102 0.0334269
2 0.869541 0.103353 0.0904976 0.0797976 0.0331029
0 0.684567 0.336183 0.0351291 0.0671885 0.0326149
2 0.718066 0.133812 0.0701683 0.0694249 0.0325926
0 0.435128 0.107874 0.0148916 0.0277908 0.0322839
0 0.681571 0.367199 0.0453719 0.131179 0.0322704
13 0.21323 0.179176 0.0428775 0.0426562 0.031893
36 0.430169 0.483299 0.028846 0.02971 0.0313174
0 0.692038 0.340652 0.0381436 0.0798551 0.0310509
0 0.447147 0.453064 0.0232498 0.0684918 0.0308647
