2 0.555079 0.689858 0.229244 0.237346 0.922886
2 0.555519 0.690153 0.230326 0.237824 0.911637
2 0.555309 0.690249 0.229638 0.237503 0.90741
2 0.555261 0.690074 0.229325 0.236707 0.906349
2 0.555086 0.689841 0.229371 0.238066 0.901523
2 0.555185 0.690353 0.229244 0.236714 0.901116
2 0.555357 0.689849 0.230346 0.236678 0.894164
2 0.555358 0.689179 0.229873 0.236618 0.883718
2 0.555821 0.690292 0.230018 0.236265 0.878839
2 0.555876 0.689877 0.229971 0.237228 0.855678
2 0.342443 0.212945 0.128563 0.0684338 0.799307
2 0.342511 0.21226 0.127736 0.069145 0.77657
2 0.342448 0.213288 0.128566 0.0692377 0.776509
0 0.0813849 0.392809 0.0327693 0.130303 0.768851
0 0.0815989 0.393233 0.034369 0.129882 0.764663
2 0.342199 0.212389 0.127635 0.0690887 0.757437
0 0.0815637 0.393044 0.0338725 0.130245 0.754178
2 0.342448 0.213092 0.128086 0.0687734 0.748966
0 0.0829732 0.393706 0.0362344 0.126589 0.736681
0 0.0815223 0.392576 0.0323543 0.129477 0.71359
2 0.342325 0.213059 0.12822 0.0692283 0.708198
0 0.936579 0.151748 0.0249245 0.0861504 0.705326
0 0.557172 0.422029 0.0392593 0.130421 0.699931
0 0.557483 0.42505 0.0402605 0.121779 0.681345
0 0.22262 0.393537 0.0332646 0.122966 0.680484
0 0.222609 0.393449 0.0321897 0.12139 0.679338
2 0.341899 0.213253 0.127907 0.0695582 0.670011
2 0.342058 0.212526 0.127788 0.0688431 0.666228
0 0.0826672 0.395322 0.0348434 0.125875 0.658662
0 0.557518 0.420743 0.0387758 0.134291 0.653406
0 0.557644 0.420299 0.0392617 0.133463 0.65122
0 0.223323 0.392684 0.0321558 0.120227 0.649195
2 0.341848 0.212783 0.12841 0.0689016 0.640546
0 0.557825 0.419752 0.0384414 0.132392 0.638332
2 0.342216 0.212751 0.128347 0.0693976 0.636268
0 0.222704 0.394423 0.0344265 0.12059 0.634805
0 0.937081 0.152087 0.0249403 0.086133 0.63215
0 0.222886 0.393117 0.0322805 0.122112 0.627712
0 0.222772 0.395652 0.0333074 0.117185 0.622149
0 0.936376 0.152145 0.0246258 0.085919 0.615333
0 0.0821031 0.392413 0.0321975 0.131226 0.613335
0 0.244082 0.389101 0.0280955 0.106067 0.601018
0 0.936643 0.152586 0.0241737 0.0851886 0.598056
0 0.936758 0.152046 0.0242056 0.0867706 0.58906
0 0.936519 0.151384 0.0243256 0.0874868 0.579535
0 0.527312 0.42026 0.0340984 0.136163 0.568591
0 0.150048 0.344521 0.0284047 0.116018 0.542174
0 0.557702 0.42092 0.0392385 0.133355 0.541382
0 0.150289 0.346421 0.0284224 0.109677 0.539065
0 0.244242 0.391092 0.0284057 0.102691 0.534499
0 0.557592 0.420291 0.0373121 0.134769 0.532564
0 0.557434 0.425155 0.0386814 0.119102 0.518467
0 0.243285 0.389281 0.028574 0.10699 0.513897
0 0.558704 0.427091 0.036183 0.11999 0.508453
0 0.356997 0.164502 0.0202274 0.0541368 0.506156
0 0.525777 0.418026 0.0376879 0.144706 0.505975
0 0.150604 0.344639 0.0282864 0.116626 0.49593
0 0.93601 0.152887 0.0245468 0.0850763 0.493565
0 0.525737 0.419766 0.0357636 0.148564 0.492721
0 0.223199 0.389745 0.0316837 0.114145 0.490522
2 0.0290239 0.229648 0.0577472 0.0455655 0.487654
0 0.935943 0.153333 0.0243607 0.0844309 0.482281
0 0.959945 0.391758 0.0475304 0.136425 0.480398
2 0.03465 0.230056 0.0689984 0.0456215 0.479024
0 0.959615 0.391775 0.0483717 0.136795 0.475052
2 0.0287724 0.230137 0.0574828 0.0454354 0.473046
0 0.959845 0.393055 0.0496304 0.137824 0.466941
0 0.557544 0.419786 0.0372299 0.129189 0.465759
0 0.52532 0.421838 0.0383965 0.153073 0.456053
0 0.525635 0.421544 0.0391064 0.151025 0.450769
0 0.526449 0.420327 0.0366013 0.137255 0.445227
0 0.15029 0.346921 0.0288362 0.110439 0.443334
0 0.524743 0.423229 0.0394285 0.154505 0.439169
0 0.93617 0.152737 0.0248102 0.0865688 0.433754
2 0.565574 0.139343 0.0855351 0.0594255 0.431401
0 0.243879 0.387795 0.0239251 0.1025 0.428544
2 0.718575 0.13519 0.068006 0.0706433 0.424222
0 0.244321 0.387402 0.0248612 0.1019 0.413623
0 0.150248 0.343564 0.0285829 0.117748 0.413361
2 0.0348694 0.229493 0.0688881 0.045742 0.408153
0 0.150404 0.34359 0.0288288 0.117681 0.40139
2 0.718416 0.135006 0.0694339 0.0692576 0.399375
0 0.357032 0.166601 0.0199332 0.0564908 0.396443
0 0.960153 0.391704 0.0458965 0.132407 0.39548
0 0.936319 0.15177 0.0230909 0.0829964 0.393345
0 0.149583 0.342332 0.0268009 0.114592 0.383239
0 0.525458 0.420715 0.0370102 0.149536 0.378646
2 0.566252 0.139485 0.0845705 0.0580949 0.378324
0 0.526285 0.425994 0.0403141 0.135956 0.372721
0 0.527105 0.423638 0.0392614 0.128112 0.366121
2 0.71847 0.135377 0.0689518 0.0702993 0.365266
0 0.959535 0.39064 0.0457861 0.136047 0.361129
2 0.0336791 0.229839 0.067252 0.045908 0.352868
2 0.566676 0.139846 0.0841339 0.0567596 0.348618
2 0.0304456 0.230108 0.0607957 0.0449897 0.34736
2 0.718622 0.135592 0.0696152 0.0695974 0.346869
0 0.956978 0.39437 0.0459587 0.139903 0.344354
0 0.150742 0.342961 0.0289963 0.117282 0.342238
2 0.565819 0.140864 0.0847467 0.0564255 0.334199
2 0.0347731 0.229933 0.0693405 0.0455414 0.332404
0 0.130573 0.326558 0.0199781 0.0978454 0.331808
0 0.130621 0.322333 0.0200902 0.105733 0.331005
2 0.566449 0.139841 0.0831255 0.0568848 0.33032
2 0.718771 0.135508 0.0692368 0.0695721 0.326084
0 0.356806 0.164436 0.0218271 0.0556627 0.30043
0 0.244818 0.388691 0.0293827 0.104588 0.300301
0 0.527921 0.407428 0.0265345 0.111686 0.300168
2 0.56726 0.138181 0.0821257 0.0592519 0.293055
0 0.936767 0.155794 0.0244411 0.0797831 0.290211
0 0.234828 0.391267 0.0419564 0.115276 0.280565
0 0.5275 0.430945 0.042006 0.137381 0.276342
0 0.953916 0.394988 0.0392464 0.139908 0.274292
0 0.556925 0.422961 0.038397 0.124152 0.273762
2 0.0345595 0.22949 0.0688257 0.0464186 0.273512
2 0.566126 0.141113 0.0851225 0.0548671 0.268834
0 0.130169 0.330799 0.0199554 0.0915374 0.262606
0 0.0825204 0.396948 0.0335525 0.122011 0.250697
0 0.936449 0.151385 0.0235598 0.0839077 0.250569
0 0.0832105 0.396332 0.034898 0.124329 0.249591
0 0.151015 0.344479 0.0286531 0.117879 0.247813
0 0.958736 0.394195 0.0505653 0.139765 0.239898
0 0.527674 0.395053 0.0261519 0.0842391 0.238429
2 0.0184182 0.229949 0.0367748 0.0443146 0.238241
0 0.527821 0.391936 0.0263931 0.0833196 0.237622
0 0.52618 0.393164 0.0298866 0.0924302 0.235545
0 0.35746 0.162947 0.0215482 0.0553036 0.234817
0 0.935948 0.157695 0.0220959 0.0764109 0.232598
0 0.959818 0.392366 0.0454166 0.132042 0.231331
0 0.224049 0.395111 0.0325242 0.114382 0.227338
2 0.718772 0.135699 0.0700939 0.0692148 0.22717
0 0.221533 0.393491 0.0274001 0.120789 0.213118
0 0.95086 0.395378 0.0346069 0.140264 0.212876
2 0.718804 0.135207 0.0686195 0.0696885 0.212342
2 0.718665 0.136256 0.0688501 0.0705764 0.211312
2 0.0274069 0.230419 0.0548139 0.0456606 0.20946
2 0.718387 0.134622 0.0683336 0.0698574 0.199713
0 0.525695 0.418299 0.0338425 0.146013 0.196195
2 0.565119 0.140138 0.0836703 0.057167 0.195518
0 0.559323 0.428122 0.0344151 0.116714 0.179333
2 0.565687 0.143458 0.081908 0.0503986 0.177934
2 0.0248763 0.230505 0.0495713 0.0453722 0.17722
0 0.526336 0.403366 0.0308926 0.10794 0.176601
5 0.718984 0.135385 0.0696808 0.0691468 0.172518
0 0.525857 0.41853 0.0355761 0.145681 0.171457
9 0.780154 0.0833229 0.0164333 0.0242899 0.171036
0 0.3563 0.168344 0.0237469 0.0570722 0.170365
0 0.129054 0.334201 0.0199604 0.0839112 0.167622
2 0.0179153 0.230124 0.0357498 0.0445014 0.166753
0 0.95875 0.393897 0.0493641 0.139822 0.162813
2 0.0367816 0.229485 0.0716689 0.0450973 0.158318
0 0.354349 0.166595 0.0279662 0.0607599 0.157398
0 0.151404 0.347268 0.0259154 0.109552 0.157382
2 0.567981 0.140912 0.0797717 0.0521085 0.156211
0 0.130097 0.309307 0.0185966 0.0827035 0.153814
0 0.525731 0.391018 0.030642 0.0891332 0.153728
2 0.56659 0.135685 0.08445 0.06496 0.15317
0 0.0828465 0.39751 0.0334948 0.121422 0.150258
9 0.451958 0.0486656 0.0155256 0.0236333 0.148632
0 0.150036 0.340567 0.027479 0.109024 0.146964
0 0.965619 0.390082 0.0413895 0.12466 0.139977
0 0.242748 0.393214 0.02996 0.114772 0.139854
2 0.03335 0.222073 0.0667 0.0635529 0.126514
5 0.718575 0.135549 0.0686226 0.0704264 0.122063
0 0.358136 0.166898 0.0241919 0.0581401 0.120266
2 0.016401 0.230781 0.032559 0.0441192 0.120145
2 0.0488388 0.228153 0.0500844 0.0453121 0.117453
0 0.128639 0.325194 0.0237916 0.102142 0.114667
0 0.241223 0.387287 0.0220746 0.100023 0.113547
2 0.0467651 0.228292 0.0496398 0.0422756 0.10922
0 0.957058 0.39035 0.0388405 0.128469 0.108012
0 0.12971 0.304257 0.0180898 0.0727617 0.106526
0 0.906202 0.106905 0.0190941 0.0720433 0.106281
9 0.453097 0.0503311 0.0159326 0.0237295 0.105327
0 0.12879 0.297743 0.0170619 0.0609065 0.105309
0 0.951952 0.394993 0.0305723 0.132073 0.104284
0 0.94861 0.402524 0.0248077 0.117803 0.0990337
0 0.128677 0.321004 0.0248069 0.108484 0.0954101
0 0.367512 0.121167 0.0139299 0.0512429 0.0946821
0 0.981177 0.0935679 0.0159845 0.0445243 0.092719
2 0.567185 0.136526 0.0845672 0.0630203 0.0914244
0 0.357782 0.165007 0.0249863 0.0557285 0.0908706
0 0.980989 0.0910664 0.0180424 0.0422028 0.0883495
2 0.0557081 0.225451 0.0385498 0.0422212 0.0876206
2 0.0488076 0.228657 0.0490054 0.0446134 0.0867647
0 0.556496 0.42304 0.0397881 0.121989 0.0861134
0 0.128111 0.330283 0.0218726 0.0936041 0.0832448
0 0.96817 0.393076 0.0357628 0.117387 0.0824178
0 0.221777 0.395407 0.0317316 0.118266 0.0823106
0 0.946822 0.428051 0.0221197 0.0730266 0.0822433
0 0.354427 0.165283 0.0275112 0.0580381 0.0808612
0 0.524112 0.424815 0.039638 0.154415 0.0807719
0 0.976977 0.145163 0.0199751 0.0974525 0.07989
0 0.221831 0.392634 0.0338476 0.118388 0.0791006
0 0.974964 0.143658 0.0218143 0.100858 0.078524
0 0.36727 0.121773 0.0151018 0.0548402 0.0772005
0 0.906913 0.114272 0.0185173 0.0614897 0.0749701
2 0.0258116 0.222385 0.0516109 0.0608221 0.0725015
0 0.528607 0.390736 0.0257219 0.0814599 0.0713948
5 0.211746 0.141095 0.112408 0.106414 0.0705254
0 0.961343 0.389416 0.0301033 0.127161 0.0694945
0 0.981233 0.0943024 0.0160221 0.0436668 0.0683238
0 0.975979 0.147901 0.0188028 0.0946936 0.0681829
0 0.898452 0.143539 0.0192188 0.0417562 0.0658163
0 0.947319 0.424222 0.0221552 0.0796008 0.0657862
0 0.241191 0.365759 0.0210172 0.0556745 0.0656632
2 0.821039 0.152346 0.0397354 0.0480129 0.0645019
0 0.897887 0.132898 0.0168591 0.0473557 0.0639853
0 0.898215 0.139934 0.017572 0.0374658 0.0574504
0 0.0756994 0.266231 0.0213436 0.0854866 0.0569994
9 0.451403 0.0481085 0.0178051 0.0246317 0.0564755
2 0.0531046 0.22138 0.0354957 0.0293617 0.0563391
0 0.905858 0.101419 0.0181725 0.0626144 0.056109
0 0.948929 0.400499 0.0241669 0.122722 0.0560641
0 0.898659 0.164823 0.0217575 0.0856731 0.055931
0 0.905729 0.0900818 0.0172827 0.0392625 0.0542209
0 0.97804 0.144024 0.0176311 0.0974656 0.0533191
0 0.534993 0.425324 0.0607744 0.153426 0.0521236
0 0.994275 0.089355 0.010593 0.0435776 0.0515793
0 0.244627 0.176731 0.013564 0.0372476 0.0510669
2 0.718908 0.135448 0.0694734 0.0703799 0.0510563
0 0.523706 0.433087 0.0379795 0.12019 0.0509509
0 0.991342 0.0903056 0.0166649 0.041705 0.0508929
0 0.241266 0.364555 0.0203867 0.053302 0.0506124
0 0.909024 0.110395 0.0160706 0.0664557 0.0503133
0 0.241727 0.176285 0.013125 0.037859 0.0498711
0 0.0795521 0.392034 0.0273605 0.126835 0.0492451
0 0.992758 0.0872229 0.0135254 0.0453275 0.047294
0 0.367892 0.116838 0.0128608 0.0423323 0.0468848
2 0.855476 0.13429 0.0191656 0.0517987 0.045996
0 0.0760565 0.266288 0.0218471 0.0836467 0.045695
2 0.565376 0.141194 0.0856071 0.0559021 0.0454718
0 0.994809 0.0946416 0.00915623 0.0366147 0.0454288
0 0.895887 0.127779 0.0153893 0.0512559 0.0447508
0 0.971487 0.0808702 0.0282551 0.0570017 0.0442509
0 0.902977 0.127943 0.0169216 0.0503945 0.0431132
0 0.245279 0.389037 0.0310293 0.104561 0.0426616
2 0.821652 0.143219 0.0421928 0.0568025 0.0420133
0 0.90954 0.106776 0.0173924 0.0698005 0.0409966
2 0.0434549 0.229476 0.0646809 0.046501 0.0407099
0 0.135731 0.329125 0.0229338 0.109253 0.0405208
9 0.778722 0.0876778 0.0208041 0.0330028 0.0403762
9 0.451891 0.0489209 0.0191403 0.0259243 0.0400909
0 0.151039 0.348896 0.0267611 0.107888 0.0400681
0 0.128063 0.284525 0.0151043 0.0379371 0.0397911
0 0.0757737 0.265718 0.0228621 0.085823 0.0396538
2 0.818542 0.156157 0.0330534 0.0393361 0.03952
2 0.826255 0.147124 0.0511395 0.0585295 0.03905
0 0.52966 0.423533 0.0461046 0.154802 0.0383274
0 0.979736 0.122447 0.0179781 0.105737 0.0378157
0 0.356412 0.172865 0.0280668 0.0487241 0.0374263
0 0.128368 0.316647 0.0227606 0.101455 0.037206
2 0.854237 0.136601 0.0165474 0.0494939 0.0368783
0 0.214996 0.191544 0.0181446 0.0214252 0.0364093
0 0.90181 0.141435 0.0169189 0.0297116 0.0351828
0 0.0759742 0.265841 0.0220146 0.0850505 0.035168
0 0.148008 0.342398 0.0331227 0.119239 0.0349816
2 0.824511 0.150907 0.045612 0.046345 0.0349329
2 0.817942 0.154791 0.0337193 0.040982 0.0341388
2 0.0188515 0.226426 0.0376732 0.0513324 0.0341205
0 0.360541 0.156018 0.0196342 0.067682 0.0341057
0 0.143884 0.341279 0.0312306 0.117579 0.0340066
0 0.244895 0.177655 0.0143423 0.0377601 0.033423
0 0.935311 0.162858 0.0212559 0.06824 0.03322
2 0.0362558 0.21989 0.0725116 0.0621463 0.0330119
0 0.149979 0.34078 0.0346909 0.119486 0.0323381
2 0.829493 0.141757 0.0570364 0.0611393 0.0322745
2 0.817949 0.157527 0.0327202 0.0390868 0.0320644
0 0.133874 0.322443 0.0259975 0.107343 0.0319241
0 0.918683 0.101416 0.0109831 0.0323954 0.031858
2 0.829705 0.14131 0.060419 0.0607639 0.0317824
9 0.777385 0.085022 0.0229847 0.0264014 0.0316621
0 0.405894 0.117761 0.016737 0.0303911 0.0309854
0 0.993886 0.0840083 0.0115002 0.0486359 0.0309792
2 0.0491934 0.229774 0.0474945 0.0452861 0.0308526
2 0.568797 0.139535 0.0802334 0.0530821 0.0306581
0 0.920781 0.0969304 0.0137478 0.03211 0.0304908
2 0.822466 0.155583 0.0393164 0.0398514 0.0302562
2 0.919805 0.0559136 0.0311863 0.0184324 0.0301606
0 0.97877 0.136 0.0175913 0.0975976 0.0299978
0 0.900205 0.145389 0.0194431 0.0403773 0.0298815
5 0.212635 0.13928 0.111459 0.112655 0.0298061
0 0.076242 0.265754 0.0229207 0.0838246 0.0297535
0 0.0822589 0.393986 0.0340495 0.12767 0.0295033
2 0.864127 0.134194 0.0276089 0.0470692 0.0294138
5 0.216285 0.13754 0.107129 0.0979278 0.0290764
0 0.880757 0.107564 0.0396381 0.0735437 0.0290296
0 0.969228 0.41385 0.030411 0.0709374 0.0289545
2 0.90347 0.366342 0.0605019 0.0207162 0.0288344
2 0.066625 0.233214 0.0324034 0.0433623 0.0286487
2 0.810567 0.143324 0.0222521 0.0296293 0.0286464
0 0.946506 0.428864 0.0222204 0.0725429 0.0284381
9 0.457069 0.0646144 0.0103751 0.0176098 0.0280578
0 0.94773 0.42717 0.0236946 0.0752671 0.0280288
2 0.71836 0.137392 0.06829 0.0671293 0.0278747
5 0.206892 0.139431 0.118509 0.108772 0.0274344
0 0.900476 0.110846 0.0244617 0.0793213 0.0273586
0 0.075284 0.265952 0.0217864 0.0862579 0.0270193
0 0.971832 0.0912056 0.0139187 0.0367975 0.0263275
0 0.554775 0.363335 0.0148442 0.0236043 0.0262138
5 0.2157 0.137435 0.106372 0.0954646 0.0260849
