2 0.309661 0.895042 0.325957 0.209521 0.900179
2 0.551182 0.710662 0.2346 0.249262 0.883152
2 0.550806 0.710533 0.235861 0.250779 0.880107
2 0.310422 0.895508 0.324484 0.20804 0.874283
2 0.550766 0.711088 0.235801 0.250144 0.873585
2 0.309543 0.895373 0.326069 0.208948 0.869795
2 0.30685 0.894577 0.332024 0.210403 0.869482
2 0.309735 0.896393 0.323999 0.20572 0.86081
2 0.550599 0.71102 0.235502 0.249313 0.840119
2 0.443569 0.616692 0.225458 0.209766 0.83853
2 0.312439 0.895177 0.320432 0.20784 0.838006
2 0.444493 0.61571 0.22485 0.213049 0.836913
2 0.443536 0.617205 0.224914 0.213068 0.836597
2 0.550792 0.712175 0.235114 0.249698 0.835692
2 0.444401 0.617174 0.225386 0.211178 0.835564
2 0.44319 0.617033 0.224492 0.211443 0.835273
2 0.550496 0.711982 0.23504 0.251029 0.834295
2 0.308827 0.89575 0.327724 0.20769 0.830739
2 0.551464 0.711338 0.235271 0.249584 0.824022
2 0.30601 0.894788 0.331189 0.209639 0.822272
2 0.551051 0.711322 0.235048 0.250058 0.817798
2 0.309595 0.895662 0.326024 0.207841 0.816106
2 0.444352 0.616133 0.227125 0.211815 0.800963
2 0.444142 0.616954 0.226254 0.213422 0.796326
2 0.160431 0.850943 0.320862 0.270997 0.794046
2 0.443791 0.616484 0.225992 0.213321 0.793688
2 0.160339 0.850899 0.320679 0.275222 0.792591
2 0.160241 0.851343 0.320481 0.271945 0.792345
2 0.67302 0.20737 0.137929 0.0897187 0.784041
2 0.396392 0.233402 0.121004 0.0751915 0.780449
2 0.551902 0.711848 0.234951 0.248943 0.779194
2 0.67243 0.206698 0.137448 0.0893633 0.772559
2 0.39697 0.233306 0.122854 0.0752338 0.770366
2 0.397135 0.234107 0.121062 0.0754183 0.763905
2 0.67247 0.206704 0.137516 0.0888448 0.763703
2 0.67237 0.206786 0.13723 0.0888172 0.761525
2 0.672707 0.207134 0.137488 0.0898127 0.759309
2 0.16006 0.850943 0.320119 0.271601 0.758847
2 0.672252 0.206533 0.13707 0.0891352 0.755839
2 0.160298 0.850682 0.320596 0.272402 0.753709
2 0.396483 0.233423 0.122847 0.0755672 0.744994
2 0.672652 0.206883 0.137399 0.0891624 0.740319
2 0.397174 0.232827 0.123608 0.0757419 0.736694
2 0.775943 0.746778 0.230972 0.299568 0.735546
2 0.672422 0.206763 0.138337 0.0894057 0.733306
2 0.397315 0.233139 0.123519 0.0755926 0.726152
2 0.160248 0.850187 0.320497 0.272019 0.723338
2 0.776187 0.743541 0.231231 0.304711 0.720593
2 0.161002 0.849961 0.322004 0.272418 0.711729
2 0.551467 0.711866 0.236271 0.251392 0.709763
2 0.775845 0.746723 0.231216 0.298406 0.709507
2 0.396981 0.233511 0.122701 0.0756593 0.704592
2 0.775809 0.747114 0.230535 0.298569 0.704328
2 0.775985 0.745164 0.230055 0.302546 0.703767
2 0.775902 0.743393 0.23125 0.305533 0.701097
2 0.161163 0.849959 0.322327 0.272268 0.697692
2 0.775471 0.747877 0.230448 0.297734 0.675612
2 0.161788 0.849595 0.323576 0.270936 0.667351
2 0.397065 0.233259 0.123741 0.0754579 0.660451
2 0.77595 0.743157 0.230797 0.303416 0.659795
2 0.161329 0.849618 0.322658 0.273696 0.64779
2 0.397317 0.232545 0.124554 0.0740412 0.633923
2 0.775476 0.744341 0.229907 0.303431 0.630997
0 0.871567 0.375133 0.0316788 0.140255 0.614434
2 0.77614 0.742808 0.231357 0.30709 0.609424
0 0.724064 0.436744 0.0548173 0.155175 0.603414
0 0.871844 0.374782 0.0317039 0.139542 0.597033
0 0.724432 0.437356 0.0547745 0.154192 0.595931
2 0.443983 0.617477 0.226482 0.21804 0.593642
0 0.724131 0.437692 0.055337 0.153504 0.592511
2 0.672954 0.206505 0.13822 0.089805 0.58599
0 0.504481 0.37156 0.0306115 0.127661 0.581741
0 0.724514 0.437827 0.0555248 0.153788 0.575928
0 0.871288 0.374668 0.0329443 0.140679 0.575211
0 0.325547 0.37345 0.0275255 0.0927515 0.564057
0 0.871209 0.374754 0.0339119 0.140302 0.561426
0 0.724318 0.437488 0.0541245 0.155124 0.554374
2 0.672575 0.206995 0.13698 0.0886283 0.551341
0 0.870493 0.374927 0.0321308 0.135149 0.544786
2 0.44365 0.618417 0.22381 0.208608 0.536178
2 0.927745 0.143149 0.0647999 0.0743557 0.521392
0 0.724302 0.4374 0.0556606 0.155256 0.520116
2 0.715387 0.148336 0.0714436 0.0670888 0.514937
0 0.159692 0.294797 0.0368406 0.0933201 0.514708
0 0.724054 0.437158 0.0544178 0.156144 0.514557
0 0.158984 0.295497 0.0371795 0.0942092 0.511075
0 0.505286 0.374648 0.0332569 0.123043 0.508549
0 0.724051 0.437048 0.0559034 0.15461 0.505142
0 0.325086 0.373051 0.0272718 0.0911189 0.501717
0 0.159482 0.295692 0.0379117 0.0981702 0.500521
0 0.161459 0.295419 0.0384225 0.0965093 0.496365
0 0.870876 0.373027 0.0317486 0.131315 0.496112
2 0.716083 0.148378 0.0718383 0.0686374 0.490605
0 0.642767 0.342588 0.0237354 0.116037 0.485394
2 0.550728 0.707826 0.234202 0.258339 0.485251
0 0.32565 0.373548 0.0275513 0.0929192 0.48457
0 0.502753 0.371917 0.0289339 0.127708 0.480282
2 0.928977 0.142562 0.0662334 0.0751634 0.4754
0 0.160228 0.295622 0.0380359 0.0966307 0.472091
0 0.159468 0.295255 0.0379452 0.0922735 0.471826
2 0.716356 0.147578 0.0716621 0.0658808 0.46596
0 0.504368 0.371881 0.0355258 0.129628 0.46176
0 0.502246 0.374782 0.0287003 0.122847 0.460498
0 0.642703 0.343407 0.0259121 0.116026 0.455376
0 0.724135 0.437732 0.0524714 0.155055 0.448071
0 0.504906 0.372468 0.0339792 0.128393 0.442936
2 0.927596 0.143095 0.0662842 0.0754106 0.44193
2 0.92846 0.14293 0.0668274 0.0754098 0.436578
2 0.716204 0.147964 0.0711981 0.0665689 0.429462
0 0.158885 0.291757 0.0339127 0.0850603 0.424723
2 0.392209 0.232978 0.112859 0.076229 0.420663
0 0.871051 0.376793 0.0342117 0.134287 0.416796
2 0.543736 0.164926 0.0549941 0.0408414 0.406019
0 0.330051 0.222721 0.0211004 0.0668526 0.399494
0 0.252722 0.316398 0.0251632 0.0994944 0.397309
0 0.64167 0.34607 0.025669 0.107835 0.391012
0 0.547923 0.360223 0.0287457 0.090501 0.387733
0 0.253693 0.317654 0.0271586 0.0999078 0.384708
0 0.15883 0.296342 0.0380782 0.0983171 0.384151
2 0.308792 0.892814 0.324898 0.212572 0.373807
0 0.548238 0.359354 0.0296447 0.0949984 0.370601
0 0.870525 0.371108 0.0301765 0.131883 0.369702
0 0.325566 0.373652 0.0265109 0.0920037 0.368192
0 0.0208873 0.293525 0.0410127 0.127909 0.368073
2 0.929188 0.143072 0.0660351 0.0748018 0.364339
0 0.160581 0.292568 0.0384205 0.0910762 0.36427
0 0.0199551 0.293415 0.0384313 0.128557 0.359789
0 0.326052 0.373114 0.0274045 0.0964719 0.357831
0 0.020743 0.293261 0.0408168 0.127838 0.357641
0 0.157566 0.297657 0.0356189 0.0924031 0.355294
0 0.548532 0.359731 0.0313195 0.0920899 0.355024
0 0.50533 0.37355 0.0327197 0.126522 0.348638
0 0.353755 0.345937 0.0290521 0.129521 0.3469
2 0.716557 0.147875 0.0709749 0.0675148 0.346455
0 0.253595 0.316539 0.0281069 0.101844 0.344998
2 0.930144 0.142712 0.0661068 0.0736615 0.343249
0 0.252709 0.316325 0.024451 0.0994852 0.342177
0 0.254285 0.316937 0.0288889 0.102774 0.341722
0 0.871707 0.376869 0.0341167 0.133803 0.341016
0 0.330704 0.22166 0.0225247 0.0679357 0.338549
0 0.505345 0.376076 0.0322641 0.121217 0.328185
0 0.547219 0.344978 0.0343946 0.121659 0.32783
0 0.35439 0.345831 0.0281234 0.131011 0.326252
0 0.642548 0.344939 0.0294527 0.113406 0.325581
0 0.641904 0.342854 0.0237963 0.114213 0.321456
0 0.02048 0.294567 0.0401374 0.127999 0.320139
0 0.549482 0.344652 0.0316074 0.117576 0.318162
2 0.929706 0.141997 0.0678093 0.0752828 0.313052
0 0.329285 0.223802 0.0209847 0.0653764 0.312681
0 0.872256 0.374785 0.0312069 0.139933 0.310455
0 0.325543 0.371975 0.0267056 0.0907382 0.303226
0 0.355448 0.345812 0.0308766 0.129869 0.302141
0 0.354773 0.345911 0.0303663 0.129463 0.30122
0 0.549951 0.345026 0.0342224 0.11932 0.29711
2 0.926328 0.143013 0.062384 0.0743011 0.293977
0 0.325761 0.375067 0.0277808 0.0941251 0.291855
0 0.157156 0.297752 0.035428 0.0938691 0.289457
0 0.71831 0.437192 0.0646934 0.156981 0.287861
0 0.548251 0.344215 0.0299028 0.117695 0.286531
0 0.253372 0.320216 0.025599 0.0936561 0.285971
0 0.546689 0.346845 0.0353738 0.121879 0.283767
2 0.543681 0.164951 0.0551319 0.0422039 0.28326
0 0.549221 0.360926 0.031266 0.0903337 0.282967
0 0.0203618 0.29356 0.040363 0.128354 0.282389
2 0.543475 0.165009 0.05476 0.0407011 0.281994
0 0.642878 0.342596 0.0216297 0.11674 0.273169
0 0.642193 0.350469 0.0274584 0.0977211 0.27053
2 0.929949 0.140012 0.0634998 0.0689414 0.26909
0 0.251415 0.315443 0.0219683 0.0992208 0.267668
2 0.926708 0.14299 0.0606617 0.0736969 0.262597
0 0.548366 0.3459 0.0314001 0.121718 0.26197
0 0.325371 0.373358 0.0258628 0.0923133 0.261962
2 0.716035 0.147349 0.0731829 0.065467 0.26038
2 0.542713 0.165126 0.0538919 0.0429225 0.256819
0 0.603357 0.324395 0.025773 0.13957 0.252027
0 0.514672 0.374107 0.0271987 0.11511 0.251951
2 0.393311 0.233102 0.11169 0.0752322 0.249673
0 0.547378 0.36101 0.0276603 0.0899094 0.248603
0 0.68759 0.401649 0.050964 0.127796 0.246985
0 0.871305 0.375125 0.0328472 0.140339 0.246012
2 0.929736 0.142178 0.066647 0.0740657 0.245548
0 0.686796 0.40122 0.0507107 0.128199 0.244808
0 0.0199364 0.297523 0.0378711 0.119994 0.243992
0 0.502124 0.371925 0.0341845 0.130856 0.243632
0 0.641825 0.343051 0.0214774 0.113522 0.243369
0 0.254106 0.323251 0.0269335 0.0895205 0.243187
0 0.504214 0.370956 0.0356285 0.130012 0.242286
0 0.182584 0.208386 0.0198255 0.0726105 0.242182
0 0.502055 0.37052 0.0272312 0.12839 0.240302
0 0.549935 0.346018 0.0345464 0.119509 0.232175
0 0.0194964 0.293092 0.0375752 0.128168 0.232041
0 0.548249 0.360816 0.0297529 0.0913874 0.231908
0 0.251323 0.313585 0.0226906 0.094573 0.230969
0 0.172661 0.21097 0.0260987 0.0761648 0.228633
0 0.603589 0.321364 0.0270309 0.138691 0.225482
0 0.331637 0.220521 0.024106 0.0671515 0.223749
0 0.353827 0.344963 0.0285086 0.132173 0.223551
0 0.602353 0.330537 0.0230297 0.114368 0.223487
0 0.354989 0.347723 0.025895 0.124072 0.221799
0 0.870498 0.367045 0.0296078 0.124094 0.221059
0 0.253624 0.316206 0.0281516 0.102765 0.219806
0 0.180859 0.210906 0.0228325 0.0778794 0.219188
0 0.502104 0.372112 0.0341396 0.13104 0.215537
2 0.397287 0.231811 0.125065 0.0755606 0.212827
0 0.603292 0.330548 0.0260136 0.140713 0.209823
0 0.325622 0.374836 0.0301964 0.0959096 0.208706
0 0.684905 0.401908 0.0543888 0.131823 0.207881
2 0.543357 0.164931 0.054667 0.0419198 0.207628
0 0.689348 0.381549 0.045185 0.0836881 0.204755
0 0.691466 0.376881 0.0413113 0.0743931 0.202535
2 0.544061 0.164793 0.0557589 0.0416519 0.197376
0 0.328949 0.224505 0.0227573 0.0655995 0.197141
0 0.518218 0.376591 0.0234304 0.108164 0.196586
0 0.157598 0.29655 0.0342124 0.0943313 0.195158
0 0.641316 0.345879 0.0260855 0.109745 0.193998
0 0.169265 0.209384 0.0188053 0.0696924 0.193846
0 0.35382 0.351466 0.0209258 0.117267 0.193409
0 0.0749581 0.238901 0.0217618 0.0808403 0.192523
2 0.544888 0.163904 0.0577036 0.0443712 0.192415
2 0.396789 0.234171 0.121347 0.0762281 0.190006
0 0.691877 0.377007 0.0409313 0.0749394 0.188771
5 0.71667 0.147237 0.0730225 0.0654815 0.188714
0 0.514995 0.37442 0.0262228 0.114765 0.186503
1 0.155881 0.311515 0.0322057 0.0669519 0.185105
0 0.167695 0.207379 0.0179538 0.0629812 0.184643
0 0.111818 0.228733 0.0211466 0.0564677 0.184433
2 0.438824 0.237371 0.0414926 0.0441539 0.182679
0 0.254305 0.32474 0.0267393 0.0849712 0.182567
5 0.716494 0.14711 0.0723766 0.0652791 0.182083
0 0.6427 0.356277 0.0287243 0.0878969 0.177637
0 0.501983 0.371505 0.0357618 0.130726 0.173036
0 0.0191174 0.30096 0.0368403 0.111615 0.172655
0 0.0745672 0.222978 0.020879 0.0449262 0.170093
9 0.121325 0.101577 0.0147195 0.0353136 0.169768
0 0.111748 0.239063 0.0202642 0.073813 0.168895
0 0.354453 0.34507 0.0283011 0.128004 0.166126
2 0.439018 0.23724 0.0409418 0.0440952 0.165182
0 0.254406 0.3174 0.0300187 0.104796 0.165129
0 0.182244 0.207968 0.0209298 0.072593 0.163653
0 0.687278 0.395432 0.0482109 0.106807 0.162784
0 0.0746942 0.222792 0.0204324 0.0432426 0.161425
0 0.683475 0.407627 0.0539143 0.109552 0.158515
0 0.326653 0.373794 0.031488 0.0940452 0.157119
0 0.602631 0.322456 0.0247267 0.128619 0.155713
7 0.715563 0.1475 0.0701303 0.0676509 0.152727
0 0.353257 0.347295 0.0266503 0.132081 0.152693
0 0.325808 0.375464 0.0326236 0.0985242 0.152391
0 0.0218328 0.293095 0.0429987 0.127915 0.151965
0 0.32822 0.225596 0.0217239 0.0646276 0.147558
0 0.602073 0.322741 0.0246218 0.128077 0.147216
0 0.0750217 0.229568 0.0201498 0.0606251 0.146802
0 0.326977 0.372701 0.0310286 0.0903506 0.143675
2 0.140239 0.211763 0.0543551 0.0591984 0.14166
0 0.0215394 0.293946 0.0424867 0.128736 0.140864
0 0.550402 0.345247 0.0338243 0.119766 0.140691
0 0.601679 0.335188 0.0231031 0.104075 0.140418
5 0.716716 0.147218 0.0715393 0.0673965 0.139341
0 0.161687 0.289796 0.0388763 0.0815392 0.13911
2 0.543615 0.165023 0.0552584 0.0411982 0.136403
0 0.640444 0.341947 0.025264 0.118923 0.135456
0 0.689001 0.37755 0.0455023 0.0748187 0.134192
0 0.075233 0.221414 0.0197659 0.0458882 0.133148
2 0.139584 0.202675 0.0538855 0.0449921 0.133023
0 0.11149 0.233494 0.0204592 0.0661102 0.132433
2 0.925849 0.142943 0.0593822 0.0750997 0.131647
0 0.0207174 0.301027 0.0360182 0.110102 0.129456
2 0.139563 0.198531 0.0523631 0.0478966 0.1293
0 0.726133 0.435836 0.0532824 0.157256 0.128198
0 0.549811 0.345628 0.0298917 0.120989 0.127882
0 0.329717 0.222466 0.024318 0.0662203 0.127234
0 0.333161 0.219246 0.0272036 0.0687973 0.127012
0 0.0747434 0.238602 0.0203872 0.0776078 0.125433
0 0.602371 0.337698 0.0234129 0.107684 0.125297
2 0.441281 0.236605 0.0366442 0.0432251 0.124314
2 0.439263 0.235786 0.0408884 0.0439939 0.124211
0 0.0742959 0.24158 0.0227269 0.0838622 0.123985
2 0.13906 0.197916 0.0515161 0.0527626 0.121063
0 0.641788 0.350969 0.0267101 0.0996452 0.120135
0 0.177113 0.215195 0.0239224 0.0863433 0.118943
0 0.518107 0.319522 0.0138414 0.0334526 0.117958
0 0.72084 0.436862 0.0493383 0.148652 0.117656
0 0.334123 0.213479 0.0246037 0.0593317 0.11692
0 0.871684 0.376097 0.0329762 0.136889 0.116024
0 0.0747195 0.238806 0.0205026 0.0784842 0.115991
2 0.716304 0.148939 0.0721381 0.0683791 0.115499
0 0.60892 0.319928 0.0386822 0.146541 0.114793
0 0.518017 0.317408 0.0126403 0.0300006 0.112915
0 0.726314 0.437876 0.0506678 0.149896 0.112756
0 0.357765 0.174124 0.016317 0.0493371 0.112266
0 0.501786 0.376933 0.0269479 0.119208 0.111989
0 0.683451 0.410145 0.0561216 0.118462 0.110573
9 0.122188 0.100455 0.0149029 0.0336566 0.109364
2 0.920756 0.142876 0.0557346 0.0740503 0.10538
2 0.924512 0.143372 0.0571892 0.0745027 0.105255
0 0.60234 0.340036 0.0226109 0.103229 0.105214
0 0.545361 0.358752 0.036181 0.103541 0.104133
0 0.6425 0.340901 0.0183476 0.109942 0.103997
1 0.154749 0.321367 0.0313902 0.0498261 0.103878
1 0.158022 0.315242 0.0324019 0.0560765 0.101923
0 0.0215161 0.2987 0.0374339 0.115653 0.101236
