2 0.781812 0.228995 0.0435564 0.0553205 0.807917
2 0.736403 0.456499 0.0863671 0.112934 0.789279
2 0.735967 0.456694 0.0862272 0.113267 0.766584
2 0.735943 0.456755 0.0862982 0.112908 0.766269
2 0.736162 0.456528 0.0861072 0.112691 0.765245
2 0.781015 0.228858 0.044531 0.0553561 0.747757
2 0.735925 0.456779 0.0869652 0.113479 0.73875
2 0.781187 0.229194 0.0443007 0.0548138 0.738282
2 0.73601 0.456415 0.0869 0.112731 0.731701
2 0.736143 0.456547 0.0870726 0.113268 0.725838
2 0.736293 0.457054 0.0868456 0.113194 0.714607
2 0.735983 0.456739 0.0862652 0.112669 0.711545
2 0.781455 0.22895 0.0433521 0.0544204 0.710882
2 0.736006 0.457004 0.0866463 0.113739 0.70372
2 0.718958 0.122819 0.0261991 0.027744 0.672178
2 0.641093 0.414698 0.0803532 0.0939041 0.66777
2 0.896014 0.308026 0.0480368 0.0756717 0.664438
2 0.45595 0.327604 0.0787584 0.0796495 0.658496
2 0.455972 0.327709 0.078183 0.0795275 0.656589
2 0.456092 0.327485 0.0784096 0.0797011 0.656259
2 0.719484 0.1226 0.0267588 0.0282353 0.654076
2 0.780771 0.229086 0.0453372 0.0546977 0.644846
2 0.455726 0.327846 0.0785789 0.0790101 0.642839
2 0.641116 0.414694 0.0799817 0.0932869 0.639123
2 0.455654 0.327789 0.0780029 0.0792815 0.632044
2 0.455671 0.327964 0.0786316 0.0789757 0.621124
2 0.45638 0.328084 0.0781693 0.0790149 0.617314
2 0.781784 0.229216 0.0438107 0.0552095 0.606393
2 0.896561 0.30815 0.0484798 0.0747304 0.601697
2 0.831726 0.152326 0.0268051 0.0400994 0.598338
2 0.895974 0.307973 0.0481459 0.0750137 0.597692
2 0.640753 0.414695 0.0802346 0.0938982 0.593602
2 0.640713 0.41477 0.0799362 0.0941999 0.582966
2 0.781147 0.228608 0.0448944 0.0551746 0.580984
2 0.456142 0.32786 0.0777006 0.0796782 0.579146
2 0.343818 0.322092 0.0799806 0.0748403 0.576672
2 0.895864 0.307652 0.0476814 0.0740408 0.572736
2 0.895989 0.307957 0.0478142 0.0754687 0.57118
2 0.34408 0.321574 0.0796187 0.074509 0.570979
2 0.344243 0.321679 0.0797619 0.0746023 0.570706
2 0.344033 0.321974 0.0798948 0.074754 0.570071
2 0.719461 0.122459 0.0281143 0.029872 0.567104
2 0.896567 0.308245 0.0488827 0.0756573 0.560561
2 0.719635 0.122723 0.0275759 0.0285876 0.554445
2 0.343397 0.321659 0.0800654 0.0763156 0.5526
2 0.832076 0.153034 0.0262878 0.0394674 0.548558
2 0.781888 0.228807 0.0436186 0.054699 0.547645
2 0.896698 0.308036 0.048406 0.0755371 0.542734
2 0.896508 0.308134 0.0487291 0.0754716 0.541753
2 0.343497 0.322088 0.078761 0.0716405 0.525003
2 0.455528 0.328028 0.0786997 0.0796231 0.519896
2 0.640595 0.414568 0.0804168 0.093922 0.517158
2 0.824596 0.260625 0.0427691 0.0650868 0.517055
2 0.640765 0.41474 0.0803816 0.0942288 0.510993
2 0.719635 0.122571 0.027644 0.0288069 0.510164
2 0.640649 0.414817 0.0806829 0.0939324 0.489077
2 0.832311 0.151927 0.0257011 0.0408736 0.486078
2 0.832069 0.152553 0.0270607 0.0401897 0.481574
2 0.824947 0.260434 0.0438829 0.0645424 0.467571
2 0.896411 0.308435 0.0489029 0.0770167 0.46601
2 0.640396 0.414625 0.0807909 0.093706 0.440026
2 0.825143 0.260781 0.0417257 0.0657371 0.432669
2 0.92509 0.139911 0.0282644 0.0396817 0.416919
2 0.825171 0.260431 0.0435246 0.0657453 0.408532
2 0.825209 0.260237 0.0422268 0.0652656 0.405956
2 0.924843 0.139308 0.0296316 0.0419827 0.395952
2 0.343233 0.3221 0.0793661 0.0721725 0.38564
2 0.825097 0.261006 0.0427849 0.0645591 0.370582
2 0.831785 0.152964 0.02626 0.03967 0.366783
2 0.344477 0.321664 0.0781789 0.0721732 0.360368
2 0.832503 0.152567 0.0284233 0.0402703 0.358308
2 0.719162 0.123122 0.028619 0.0319858 0.356676
2 0.824934 0.26113 0.0432837 0.0643293 0.353583
2 0.78083 0.228304 0.0451682 0.0550022 0.347488
2 0.718661 0.123151 0.0277243 0.0288709 0.346663
2 0.639876 0.415292 0.0815516 0.092676 0.339331
2 0.824841 0.26142 0.0412338 0.0660515 0.316198
2 0.925187 0.140506 0.027729 0.0377557 0.313357
2 0.456734 0.327283 0.0773811 0.0787418 0.307754
2 0.925204 0.139242 0.0292522 0.042366 0.305823
2 0.343286 0.322324 0.0788505 0.0726482 0.304111
2 0.832247 0.152311 0.0283327 0.0412411 0.290611
2 0.781735 0.228946 0.0439912 0.0558519 0.286558
2 0.343377 0.321902 0.0803803 0.076431 0.285934
2 0.718763 0.122629 0.027824 0.0290224 0.283782
2 0.896102 0.307174 0.0477261 0.0746811 0.264098
6 0.269127 0.54099 0.141748 0.177601 0.25678
2 0.924999 0.139765 0.0283373 0.0407369 0.252477
2 0.944126 0.0865954 0.0209473 0.026961 0.241584
2 0.825379 0.259867 0.0430441 0.0647475 0.239345
2 0.944329 0.0857882 0.0212784 0.0271626 0.219983
2 0.924905 0.140719 0.0280808 0.0385939 0.216099
2 0.804972 0.0789499 0.0176395 0.0332346 0.21331
2 0.824998 0.263534 0.0420038 0.059023 0.205603
2 0.825295 0.263187 0.0415266 0.0601633 0.202684
2 0.269321 0.5376 0.140935 0.167144 0.20261
6 0.269397 0.535223 0.140126 0.163368 0.198024
2 0.924577 0.14052 0.0302784 0.0395539 0.194278
6 0.269455 0.538944 0.141017 0.171119 0.182606
2 0.456404 0.327708 0.0776112 0.0792119 0.180356
6 0.269694 0.537806 0.141597 0.169257 0.178044
2 0.923887 0.140146 0.0309029 0.0408506 0.17704
2 0.80552 0.0769624 0.018923 0.0370193 0.173224
2 0.896329 0.307399 0.04771 0.0747923 0.172769
2 0.832798 0.152746 0.0282562 0.0399938 0.168328
2 0.344726 0.320311 0.0795618 0.0759656 0.153597
6 0.269461 0.540663 0.141289 0.176186 0.14549
2 0.830964 0.152169 0.0286598 0.0414231 0.141871
6 0.269233 0.536955 0.140415 0.166622 0.140656
2 0.641213 0.415017 0.0799477 0.0941097 0.139967
2 0.269132 0.537397 0.140649 0.166741 0.136265
2 0.924926 0.136231 0.0309664 0.0469695 0.135309
6 0.269367 0.538759 0.140836 0.170824 0.135102
2 0.925733 0.136937 0.0300423 0.0463488 0.124676
2 0.830962 0.152797 0.0277603 0.0406493 0.116031
2 0.905324 0.0910784 0.0244499 0.0292878 0.110146
2 0.781485 0.22857 0.0444393 0.055937 0.108092
2 0.0704492 0.0882927 0.0831141 0.0294929 0.107302
2 0.817246 0.0754084 0.0441155 0.0423432 0.0983344
2 0.831187 0.152106 0.0286894 0.0416991 0.094522
2 0.904581 0.0869636 0.0282673 0.0366015 0.0943111
2 0.0686955 0.087414 0.0795784 0.0312319 0.0931643
6 0.268891 0.538909 0.140456 0.17019 0.0919891
2 0.817527 0.0765979 0.0445668 0.0412633 0.0901563
2 0.0682805 0.088335 0.0833131 0.0310162 0.0888093
2 0.902658 0.0909122 0.0295776 0.0278879 0.088472
2 0.831997 0.149006 0.0271791 0.0476208 0.0865572
2 0.0685413 0.0882536 0.083509 0.0305944 0.0821893
2 0.902061 0.0887062 0.0334181 0.0323805 0.0785283
2 0.818138 0.0775598 0.0437006 0.0424978 0.0779499
2 0.0672351 0.0884517 0.0939801 0.0313512 0.0761107
2 0.170179 0.0769995 0.0407594 0.0149168 0.075486
2 0.153607 0.0808615 0.0798463 0.0211584 0.0748383
2 0.456011 0.32886 0.0771638 0.0776185 0.073911
2 0.817551 0.0767485 0.0416849 0.0413933 0.0726028
2 0.896414 0.308479 0.0487717 0.0767355 0.0705046
6 0.270064 0.540565 0.142511 0.17627 0.0692569
2 0.34506 0.320661 0.0798866 0.0760871 0.0668168
2 0.901778 0.0900113 0.0329315 0.0308972 0.0661242
25 0.0643714 0.0373304 0.128743 0.0430495 0.0659051
9 0.805078 0.0801888 0.0174358 0.0326414 0.0651345
2 0.174109 0.074584 0.032824 0.0164739 0.0650764
2 0.64018 0.414672 0.0799667 0.0942333 0.0621564
2 0.825999 0.258145 0.0415434 0.0615204 0.0604079
6 0.269478 0.530491 0.139668 0.152305 0.058754
2 0.172249 0.076544 0.0374846 0.0153914 0.0557122
2 0.152995 0.0883029 0.083039 0.0334695 0.052135
2 0.81911 0.0777356 0.0453194 0.0441444 0.0510772
2 0.0674112 0.0872833 0.0797413 0.0322271 0.0507876
25 0.064239 0.0384206 0.128478 0.044829 0.0485612
2 0.82128 0.0786121 0.0410643 0.0402931 0.0475059
2 0.850575 0.0563697 0.0174023 0.0208663 0.0474479
2 0.89633 0.307258 0.0470732 0.0750559 0.0461399
2 0.0689112 0.0870857 0.082423 0.0297607 0.045539
2 0.170652 0.0754854 0.0387098 0.0168863 0.0446829
6 0.170995 0.672213 0.339408 0.450988 0.0412932
2 0.162581 0.0756325 0.0562738 0.0203691 0.0408941
2 0.152747 0.0891221 0.0859564 0.0354721 0.0407471
2 0.819104 0.0767756 0.044942 0.0421965 0.040687
6 0.170804 0.671008 0.340464 0.46012 0.0390415
2 0.945546 0.0849423 0.0237156 0.0292333 0.0386135
6 0.171128 0.676348 0.338882 0.451265 0.0371113
7 0.943464 0.0815077 0.0231371 0.0364053 0.035967
2 0.886931 0.0888774 0.0174274 0.0211883 0.0334348
2 0.818779 0.0768755 0.0464882 0.0455651 0.033142
25 0.0627199 0.0307459 0.12544 0.0296489 0.0324876
2 0.71958 0.120216 0.0280213 0.032786 0.0304063
6 0.170493 0.663433 0.339553 0.478655 0.029109
2 0.719954 0.11944 0.0298124 0.0346107 0.0280416
2 0.781591 0.228201 0.0426594 0.0541167 0.0277556
2 0.898824 0.0897545 0.0325903 0.0266334 0.0275111
6 0.170821 0.673328 0.340162 0.449428 0.0271534
2 0.849093 0.0549078 0.0185129 0.0222614 0.0269205
2 0.340314 0.324548 0.0754443 0.0677379 0.0268257
25 0.0610027 0.0321301 0.122005 0.0334573 0.0264671
2 0.905873 0.0856963 0.031424 0.0394574 0.0254912
2 0.906972 0.0887272 0.0282589 0.0331771 0.0247976
2 0.893811 0.0881636 0.0322842 0.0260522 0.0244158
5 0.941725 0.070657 0.0266983 0.0586979 0.0242613
25 0.0615673 0.0370233 0.123135 0.0434682 0.0238798
25 0.0609631 0.0292672 0.121926 0.0267426 0.0238386
7 0.0976188 0.0669307 0.195238 0.100789 0.0237508
2 0.155907 0.0789635 0.065978 0.0174587 0.0234136
2 0.342533 0.323411 0.0779405 0.070322 0.0232845
6 0.171336 0.67482 0.335698 0.444154 0.0232627
6 0.171497 0.671986 0.340064 0.441024 0.022475
2 0.342907 0.323274 0.0776664 0.0696519 0.0219707
5 0.0610802 0.0597101 0.122034 0.0861845 0.0210141
6 0.171665 0.679199 0.342468 0.462854 0.0208701
0 0.532995 0.0114279 0.0209703 0.0226986 0.0201912
2 0.455619 0.328754 0.0765656 0.0779379 0.0201527
2 0.825344 0.261601 0.0430393 0.0622905 0.0199581
7 0.097155 0.070554 0.19431 0.109429 0.0195474
2 0.8039 0.0765929 0.0221762 0.0379457 0.0194476
7 0.903456 0.0825192 0.0323767 0.045378 0.019447
7 0.920146 0.0654571 0.0592567 0.0570001 0.0189606
2 0.945486 0.0846433 0.02388 0.0295851 0.0187615
2 0.0682628 0.0923413 0.096316 0.034923 0.017337
2 0.0582745 0.101482 0.116549 0.053125 0.0165302
2 0.90213 0.0795246 0.0332005 0.0424172 0.0159297
2 0.155881 0.0868183 0.0777781 0.032988 0.0158209
2 0.904707 0.0925076 0.0254528 0.0294369 0.0153259
79 0.895443 0.962647 0.0231125 0.0737469 0.0151154
2 0.716541 0.120076 0.0339487 0.0336719 0.0150758
2 0.339896 0.323095 0.0758926 0.070867 0.0148736
2 0.942888 0.0784473 0.0229733 0.0417626 0.0143088
0 0.139529 0.0726211 0.0168418 0.023385 0.0138845
6 0.268308 0.593099 0.152057 0.282897 0.0133994
0 0.136502 0.0725818 0.0177962 0.0261695 0.0130369
5 0.880908 0.0531488 0.0752396 0.0946194 0.0130312
2 0.152231 0.0896359 0.0846509 0.0360686 0.0130212
2 0.344073 0.31975 0.0698376 0.069248 0.0129297
6 0.170808 0.671826 0.339702 0.466159 0.0128135
2 0.640363 0.41474 0.0802168 0.0918799 0.0126957
2 0.827564 0.24212 0.0349552 0.0277317 0.0126158
2 0.0586655 0.101147 0.117331 0.0577163 0.0124817
6 0.293327 0.0741211 0.582052 0.13869 0.0119248
2 0.781963 0.228959 0.0432915 0.0546077 0.0118159
2 0.0976096 0.100185 0.194487 0.058957 0.0116874
5 0.0611797 0.0621119 0.12232 0.0913794 0.0116108
79 0.895682 0.962424 0.0238636 0.0735367 0.0111206
2 0.82613 0.256893 0.0402637 0.0590506 0.0111109
7 0.913331 0.071842 0.0500999 0.0650788 0.011048
2 0.456188 0.307878 0.0611657 0.039877 0.0109746
2 0.832702 0.148858 0.0291874 0.048799 0.0108098
2 0.735833 0.455641 0.0858814 0.109934 0.010798
7 0.0785684 0.0635891 0.157137 0.0938831 0.0105392
2 0.854921 0.0436886 0.0141899 0.0195267 0.0105136
0 0.532838 0.0126702 0.0162405 0.0204503 0.0104704
7 0.819582 0.0742443 0.0466229 0.0479726 0.0102039
2 0.94172 0.081281 0.0260658 0.0380233 0.00991113
58 0.0159109 0.0847936 0.0301475 0.0461277 0.00984018
2 0.823422 0.0800478 0.0388321 0.04357 0.00983375
7 0.930092 0.0649918 0.0419327 0.0555666 0.00966999
2 0.869192 0.0424367 0.0171249 0.0194271 0.00955334
2 0.348203 0.297742 0.0432911 0.0284036 0.00929903
2 0.320422 0.330434 0.0485686 0.0536004 0.00928599
5 0.0613375 0.0370359 0.121627 0.0410598 0.00924826
0 0.0415263 0.0814788 0.0271471 0.0415773 0.00923215
6 0.29795 0.0736797 0.589588 0.141226 0.0091574
5 0.907962 0.0723036 0.0441296 0.0643619 0.00907924
2 0.711114 0.121256 0.0440646 0.028868 0.00897946
7 0.0955361 0.0706893 0.190367 0.114839 0.00897759
2 0.827934 0.255534 0.0390282 0.0556832 0.00887376
6 0.29098 0.0719357 0.577928 0.13034 0.0086914
5 0.879586 0.0523659 0.0762335 0.0929729 0.00868337
7 0.0960935 0.0734921 0.191915 0.114714 0.00855917
2 0.828171 0.246477 0.0379486 0.0376692 0.00855668
2 0.350523 0.297901 0.0449351 0.0290356 0.00851468
6 0.283115 0.0703692 0.561518 0.132492 0.00850483
2 0.848646 0.0531148 0.0190573 0.0236633 0.00835971
2 0.0608678 0.0467888 0.121396 0.0611273 0.00820997
2 0.829451 0.0542466 0.0243298 0.0228759 0.0080132
7 0.0974911 0.0717129 0.194303 0.115078 0.00799182
9 0.966886 0.0676261 0.0128544 0.0182988 0.00784535
0 0.532956 0.011908 0.0173761 0.0233258 0.0078281
2 0.096823 0.0991543 0.193646 0.0587618 0.0077887
6 0.280577 0.0718623 0.556949 0.139758 0.00775179
2 0.9537 0.0675448 0.0137058 0.0217871 0.00768695
5 0.879864 0.050848 0.0780748 0.0896019 0.00750782
79 0.894738 0.962864 0.0239595 0.0742712 0.00747254
5 0.0631538 0.070335 0.126308 0.108099 0.00744206
0 0.0410755 0.0800114 0.0244353 0.0439432 0.00744201
7 0.0613731 0.0644768 0.122583 0.096887 0.00740864
2 0.816326 0.0737804 0.0435554 0.0437679 0.00738246
2 0.0612348 0.103077 0.113421 0.0457132 0.00731575
0 0.944118 0.0316361 0.0147465 0.0194098 0.00725791
2 0.349359 0.319255 0.0618197 0.0671778 0.00707795
25 0.058877 0.0286834 0.117754 0.0254941 0.00706392
2 0.803979 0.0779986 0.0216934 0.036905 0.00695715
2 0.830521 0.0521078 0.0203613 0.0221871 0.0069555
7 0.930112 0.0703518 0.0436335 0.05917 0.00687443
79 0.895688 0.963384 0.0238369 0.0720593 0.006835
2 0.0614171 0.0623921 0.122602 0.0921715 0.00679986
2 0.966852 0.0324658 0.0217354 0.0145999 0.00671927
2 0.154411 0.0893609 0.0772746 0.0421967 0.0066599
5 0.880369 0.0503177 0.0759525 0.0891817 0.00661804
6 0.297745 0.0712231 0.592186 0.126203 0.00651345
2 0.905488 0.0167462 0.0163322 0.020599 0.00648952
0 0.143444 0.077518 0.040547 0.0205511 0.00631699
2 0.824628 0.260899 0.0415138 0.0657322 0.00614746
2 0.357075 0.297663 0.051196 0.0291635 0.00609317
2 0.0969017 0.0998043 0.192833 0.0578289 0.00606572
2 0.827544 0.242264 0.0362663 0.0307853 0.00602254
2 0.459369 0.307113 0.0556644 0.0390048 0.0060142
2 0.3271 0.331322 0.0498236 0.0527619 0.00595742
2 0.0466864 0.0845352 0.0368983 0.036966 0.00590209
6 0.173143 0.638355 0.344906 0.558631 0.00590165
2 0.345932 0.322376 0.0751465 0.0696315 0.00581525
2 0.942403 0.0856327 0.0261734 0.0316519 0.00578648
7 0.0963201 0.0730547 0.191871 0.115776 0.00576119
2 0.922139 0.139281 0.0368765 0.0414372 0.00573913
6 0.299255 0.0733618 0.595117 0.126239 0.00573904
7 0.0620972 0.0714088 0.124194 0.112446 0.00564376
9 0.18247 0.714568 0.0189906 0.0758081 0.0053224
2 0.455848 0.328401 0.0793213 0.0797689 0.00527539
2 0.921963 0.138987 0.0366819 0.0418238 0.00527319
6 0.174324 0.659839 0.331263 0.415276 0.00524415
2 0.34611 0.298311 0.0414642 0.0278869 0.00521598
2 0.319697 0.332626 0.0432968 0.0522795 0.00519498
