5 0.902949 0.433953 0.192905 0.321432 0.914786
5 0.902906 0.432873 0.193755 0.323317 0.913238
5 0.902936 0.433474 0.19286 0.32309 0.912005
5 0.903136 0.433526 0.193174 0.323439 0.908998
5 0.902981 0.433423 0.193137 0.322058 0.901125
5 0.903323 0.433259 0.192847 0.323189 0.892372
5 0.902835 0.433614 0.193385 0.322321 0.887043
5 0.903062 0.433386 0.193012 0.324001 0.884477
5 0.902522 0.432844 0.193634 0.322817 0.88396
2 0.49345 0.372276 0.0851881 0.092173 0.858416
5 0.902894 0.433776 0.193146 0.322374 0.856666
2 0.493722 0.372463 0.0846973 0.0924635 0.828767
2 0.42587 0.422959 0.0995057 0.101049 0.825689
2 0.155828 0.254158 0.0740971 0.0559109 0.816611
5 0.664056 0.218927 0.123774 0.162253 0.809781
2 0.425755 0.422692 0.0997563 0.101353 0.806304
2 0.493515 0.372275 0.0856313 0.0925834 0.801857
2 0.493567 0.372161 0.0855946 0.0922135 0.801138
5 0.664033 0.218777 0.123654 0.162352 0.798853
5 0.664309 0.219627 0.123998 0.16156 0.796965
2 0.425671 0.422589 0.0995362 0.101232 0.79418
2 0.425959 0.422585 0.100023 0.101554 0.79278
2 0.866788 0.771389 0.196721 0.19304 0.790038
5 0.664221 0.218952 0.123576 0.161092 0.789981
2 0.493451 0.372385 0.085256 0.0924815 0.785637
5 0.663798 0.218721 0.122976 0.161136 0.784149
2 0.49346 0.37231 0.0847901 0.0924366 0.778734
2 0.866673 0.770784 0.196584 0.192092 0.772333
2 0.425614 0.422734 0.0988521 0.101407 0.765471
2 0.334341 0.345323 0.0815678 0.087429 0.76523
2 0.334271 0.3456 0.0811909 0.0871933 0.764123
2 0.425736 0.42232 0.0996567 0.101644 0.762176
2 0.334491 0.345882 0.0808231 0.0864003 0.755049
5 0.66377 0.219271 0.124004 0.161728 0.752066
2 0.334286 0.345785 0.0814853 0.0871556 0.750326
2 0.49343 0.372362 0.084502 0.091893 0.747638
5 0.769015 0.324855 0.0884834 0.124281 0.740407
2 0.334091 0.346095 0.0813704 0.0862707 0.734404
2 0.333879 0.346059 0.0815639 0.0865398 0.733499
2 0.425464 0.423001 0.098751 0.101734 0.722272
2 0.866616 0.770775 0.196788 0.193837 0.721317
5 0.664019 0.21919 0.123328 0.161044 0.720038
2 0.866972 0.770569 0.196674 0.193561 0.717946
2 0.425674 0.423134 0.0986279 0.101628 0.714568
2 0.257692 0.289521 0.0682395 0.0694876 0.712895
2 0.156044 0.253989 0.074677 0.0577822 0.702711
5 0.769136 0.324787 0.0886624 0.125042 0.701702
2 0.257694 0.289169 0.0683377 0.0699844 0.696071
2 0.866598 0.771451 0.198106 0.19345 0.692511
5 0.664108 0.219337 0.123857 0.161671 0.691873
2 0.425247 0.422754 0.09934 0.101945 0.684891
2 0.866665 0.770824 0.196794 0.193374 0.683643
2 0.257795 0.289219 0.0682445 0.0694332 0.676482
2 0.155976 0.253654 0.0740713 0.0561546 0.675981
5 0.769085 0.324729 0.0883621 0.125944 0.67341
5 0.769142 0.324736 0.0888989 0.124762 0.66798
2 0.361993 0.288421 0.0776257 0.0709155 0.65703
2 0.156121 0.254093 0.0738852 0.0561912 0.653854
2 0.276433 0.253695 0.0692417 0.0568709 0.644682
5 0.769016 0.324673 0.0885435 0.124219 0.644349
2 0.15602 0.254223 0.072748 0.055415 0.639903
5 0.769019 0.325019 0.0887961 0.123761 0.637405
2 0.257713 0.289607 0.0685523 0.0698499 0.630603
2 0.49326 0.372297 0.0838535 0.0927041 0.62844
2 0.156423 0.254172 0.072571 0.0560944 0.618193
2 0.156095 0.253312 0.0744793 0.057216 0.612846
5 0.76897 0.324841 0.0882944 0.125634 0.583847
2 0.276127 0.253236 0.0703713 0.0564248 0.562837
5 0.769014 0.324519 0.0882912 0.125537 0.562108
2 0.257686 0.289404 0.0691353 0.0699633 0.561157
2 0.155373 0.253584 0.0722959 0.0566607 0.557797
2 0.362617 0.28919 0.0793294 0.0700666 0.554679
2 0.866608 0.770944 0.19683 0.192703 0.552637
0 0.691035 0.418142 0.0289265 0.0852942 0.545117
3 0.0732656 0.469852 0.0558713 0.0700527 0.54192
2 0.36165 0.288496 0.0771983 0.0702452 0.53515
2 0.275513 0.253729 0.0696248 0.0560369 0.533907
0 0.691159 0.41971 0.0298176 0.0881941 0.533609
2 0.257562 0.289663 0.0686691 0.0703684 0.53102
2 0.362065 0.289537 0.0752632 0.0702187 0.522963
2 0.155657 0.254021 0.0745625 0.0565258 0.522766
5 0.769047 0.324708 0.0882375 0.125457 0.520815
2 0.351375 0.23215 0.0714173 0.0573957 0.520095
5 0.66372 0.219996 0.124149 0.160701 0.519158
2 0.361697 0.288872 0.077715 0.0709661 0.512766
2 0.334169 0.346547 0.0816903 0.0833865 0.512194
2 0.257387 0.289087 0.0699687 0.069695 0.511476
5 0.664449 0.219336 0.123949 0.161129 0.493505
2 0.333933 0.346591 0.080903 0.084221 0.491334
2 0.276415 0.253299 0.069342 0.0569924 0.488315
2 0.361304 0.289293 0.0759311 0.0703467 0.487509
2 0.334232 0.346231 0.081521 0.0837449 0.484094
2 0.361712 0.288786 0.076636 0.07068 0.480382
2 0.257432 0.289174 0.068436 0.0698811 0.475865
3 0.263922 0.577845 0.0509222 0.0736748 0.471184
0 0.690999 0.420347 0.030842 0.0909016 0.468425
0 0.689633 0.416934 0.030672 0.0830984 0.45916
2 0.275679 0.253133 0.0690776 0.0567366 0.45044
3 0.073139 0.473275 0.0542716 0.0643383 0.446605
3 0.0730342 0.471367 0.0536526 0.0669836 0.434697
2 0.156212 0.253944 0.0738638 0.0565441 0.432802
2 0.274276 0.253447 0.0718938 0.057516 0.430237
2 0.351566 0.233462 0.0719996 0.0547993 0.430066
0 0.691491 0.419449 0.0319992 0.088728 0.428947
2 0.258018 0.289931 0.0693162 0.0695361 0.427934
2 0.33437 0.346215 0.081075 0.0845283 0.427173
2 0.351432 0.232979 0.0724242 0.0546147 0.422454
2 0.276293 0.253783 0.0716249 0.0567233 0.420061
2 0.364124 0.0851214 0.0279017 0.0318832 0.416805
2 0.276492 0.252595 0.0706102 0.0580105 0.41436
2 0.276397 0.254156 0.0690578 0.0566754 0.411228
2 0.351701 0.232844 0.0729942 0.0561255 0.394046
0 0.691607 0.414989 0.0290419 0.0795126 0.388511
0 0.690509 0.418669 0.0321919 0.0875464 0.383993
2 0.458432 0.144457 0.0287891 0.038807 0.37993
2 0.156067 0.187304 0.0639764 0.0507879 0.379601
0 0.195624 0.383474 0.0386622 0.0823983 0.376111
2 0.427975 0.0602872 0.0278759 0.0269465 0.368613
2 0.738394 0.240024 0.0378019 0.0655207 0.365745
2 0.156206 0.186944 0.0643817 0.0495209 0.36094
2 0.866969 0.771439 0.195919 0.193183 0.360597
3 0.270183 0.577113 0.0645018 0.0752052 0.360045
0 0.194741 0.382708 0.0362434 0.0804001 0.352087
3 0.0727781 0.47526 0.0522287 0.0603256 0.350538
3 0.271142 0.57664 0.0643608 0.0739573 0.349195
0 0.19285 0.381381 0.0328571 0.0768719 0.347236
2 0.363992 0.085415 0.027676 0.0311376 0.344906
2 0.361766 0.288888 0.0766545 0.0699561 0.342817
2 0.375375 0.132269 0.0354157 0.0533551 0.340974
0 0.192404 0.383422 0.0328603 0.0822258 0.339353
2 0.351518 0.235849 0.0719827 0.0512023 0.333145
0 0.192385 0.381917 0.0320033 0.0793777 0.33297
5 0.768932 0.324342 0.0879324 0.12561 0.332152
2 0.351556 0.235913 0.0725253 0.0502101 0.326925
2 0.427814 0.0616366 0.0271416 0.0234642 0.326175
2 0.363802 0.0853643 0.0278535 0.031635 0.323576
2 0.25774 0.289922 0.0689926 0.0693702 0.323035
2 0.73848 0.242526 0.0382641 0.0626966 0.322937
2 0.351713 0.232605 0.0728979 0.0568067 0.322505
2 0.458783 0.141166 0.0293026 0.0396576 0.320389
2 0.73848 0.240483 0.0379778 0.0673093 0.317112
2 0.257856 0.289519 0.0700458 0.070377 0.314855
0 0.190942 0.37954 0.0288839 0.0743142 0.31164
2 0.155691 0.188214 0.0639054 0.051183 0.310037
3 0.879868 0.158161 0.0416454 0.0349659 0.303992
5 0.654546 0.117672 0.0616283 0.04748 0.303348
2 0.155836 0.188324 0.0645017 0.0504351 0.300591
2 0.155295 0.188111 0.0639806 0.0524782 0.300507
2 0.363843 0.0855862 0.0275454 0.0313235 0.299765
2 0.351933 0.235754 0.0725039 0.0507412 0.299409
3 0.0736258 0.474247 0.0565616 0.0609224 0.296293
2 0.738698 0.249983 0.0378891 0.0463447 0.291226
0 0.085481 0.271977 0.0221181 0.0584274 0.290116
3 0.266953 0.577967 0.0543267 0.072818 0.289767
2 0.361291 0.291061 0.075178 0.0690963 0.288119
2 0.49425 0.370719 0.0876446 0.0911673 0.286438
2 0.374761 0.130657 0.033872 0.0557007 0.285009
5 0.654143 0.120752 0.0622692 0.0522704 0.283469
0 0.151427 0.438502 0.0359545 0.0865927 0.282652
3 0.880126 0.157393 0.0415028 0.0359379 0.279824
2 0.276136 0.252979 0.067297 0.0552845 0.279788
2 0.73866 0.239215 0.0387096 0.068751 0.279378
2 0.458289 0.14536 0.0290256 0.0377466 0.279348
0 0.689537 0.424222 0.0322588 0.0879862 0.278569
2 0.374332 0.130634 0.0335712 0.0554279 0.27769
3 0.880176 0.157383 0.0419724 0.0360956 0.277664
2 0.374542 0.131992 0.0323745 0.0538236 0.276454
0 0.265916 0.558947 0.0463969 0.100609 0.274864
3 0.0740745 0.473738 0.0574122 0.0600004 0.274842
2 0.866851 0.771359 0.196865 0.193512 0.27259
0 0.231283 0.52766 0.0263803 0.0920708 0.271893
3 0.879821 0.158658 0.0417015 0.0341421 0.270997
2 0.156381 0.189458 0.0621737 0.0456739 0.270974
0 0.152439 0.440003 0.0382528 0.0900446 0.270279
0 0.230436 0.528104 0.0263386 0.0924467 0.270173
3 0.269755 0.578439 0.0655342 0.0760369 0.270013
3 0.262024 0.579684 0.0457857 0.0708712 0.269042
0 0.151799 0.432229 0.0358028 0.0731435 0.269037
3 0.261818 0.578498 0.0470899 0.072296 0.268733
0 0.157954 0.445309 0.0479291 0.100719 0.268331
2 0.495694 0.15301 0.0281408 0.0298035 0.267577
0 0.0857152 0.273429 0.0223236 0.0576242 0.264249
3 0.16247 0.492992 0.0623733 0.0707607 0.263112
2 0.493783 0.372206 0.0843111 0.0932642 0.262651
2 0.351861 0.23236 0.0718184 0.0560421 0.261608
3 0.880073 0.157577 0.0427452 0.0366927 0.260447
0 0.0702516 0.440668 0.0289562 0.0777757 0.260443
0 0.194686 0.383823 0.0378631 0.0817341 0.260272
2 0.156085 0.18724 0.0651011 0.0506192 0.259789
3 0.160601 0.492719 0.066669 0.0718764 0.25762
3 0.160136 0.492104 0.0687749 0.0731142 0.255843
5 0.6545 0.11953 0.0609098 0.0523763 0.254806
3 0.880095 0.158356 0.0425953 0.0349521 0.253697
3 0.744483 0.170492 0.0198774 0.0365503 0.251547
2 0.45841 0.146103 0.0290623 0.0383006 0.249468
0 0.812968 0.0856975 0.0200157 0.0414479 0.246811
2 0.373829 0.130472 0.0336551 0.0573562 0.245619
2 0.427551 0.0615178 0.0268648 0.0227088 0.244523
3 0.879722 0.156626 0.043697 0.0383011 0.24133
0 0.0844933 0.271468 0.0204284 0.0590561 0.240713
2 0.374758 0.130717 0.0349254 0.056192 0.240616
0 0.690362 0.414396 0.0306953 0.0783299 0.240589
2 0.495646 0.150046 0.0289677 0.0366994 0.240153
2 0.496023 0.150112 0.0288651 0.0358541 0.23533
0 0.195412 0.383793 0.0406737 0.0851681 0.234827
3 0.0748257 0.468689 0.0559863 0.0642894 0.234206
2 0.352017 0.237491 0.0716508 0.0461076 0.2339
0 0.687952 0.419898 0.0292924 0.074071 0.229569
3 0.259733 0.581726 0.0413582 0.0667075 0.227817
2 0.130928 0.231088 0.075697 0.0499478 0.226464
3 0.161336 0.492606 0.0684732 0.0691148 0.226126
2 0.737637 0.241003 0.037401 0.0674877 0.225722
2 0.495586 0.148756 0.0291693 0.0375722 0.224559
2 0.458087 0.144438 0.0286297 0.0364824 0.218422
2 0.654971 0.12074 0.0617744 0.0533291 0.217006
3 0.198354 0.398052 0.0374064 0.0591017 0.216244
0 0.265089 0.545884 0.048607 0.0898085 0.216209
3 0.193445 0.402134 0.0455142 0.0542878 0.21613
0 0.812434 0.0860677 0.0180262 0.0410237 0.214414
0 0.270751 0.547813 0.0496886 0.0900604 0.213276
3 0.159062 0.481478 0.0676481 0.0553975 0.212705
3 0.0738504 0.46966 0.0547673 0.0635365 0.21269
2 0.374075 0.131928 0.0324892 0.0533058 0.211387
5 0.654308 0.120076 0.0621366 0.0520897 0.211325
0 0.269174 0.556143 0.0428823 0.0965233 0.206088
2 0.458397 0.146319 0.0289832 0.0355952 0.204911
0 0.813413 0.0867467 0.019964 0.0434916 0.204844
3 0.194741 0.397128 0.0423891 0.0622841 0.202907
0 0.150935 0.418309 0.033478 0.0472437 0.202492
2 0.155154 0.187513 0.0654446 0.0521094 0.201386
0 0.0856641 0.273995 0.0231691 0.0559475 0.199429
0 0.0719318 0.443927 0.0307817 0.0833577 0.198496
0 0.150616 0.419306 0.0323407 0.0479799 0.195995
0 0.189926 0.373407 0.0273945 0.0623481 0.194197
0 0.232466 0.531906 0.0317769 0.0920191 0.193906
2 0.365079 0.0859178 0.0276635 0.031628 0.1933
0 0.164525 0.467047 0.0524956 0.0735015 0.191839
2 0.376158 0.130031 0.0381098 0.0579509 0.191699
0 0.227644 0.537705 0.0343335 0.110355 0.191556
2 0.427392 0.0605359 0.0264036 0.0259512 0.190802
3 0.26992 0.576716 0.0586678 0.0731571 0.189653
2 0.457892 0.14389 0.0307325 0.0397947 0.189367
0 0.247651 0.536008 0.0363885 0.0731934 0.188902
0 0.251277 0.539377 0.0339265 0.0771166 0.187311
0 0.150561 0.430111 0.0334795 0.0691363 0.186543
0 0.230053 0.529989 0.0290281 0.0964986 0.186317
0 0.0856229 0.272399 0.0230538 0.0574762 0.184692
0 0.242111 0.53346 0.0498199 0.0932026 0.183253
0 0.229843 0.526447 0.0249665 0.0890893 0.181653
3 0.195031 0.403546 0.0402757 0.0497252 0.180996
3 0.195551 0.400309 0.0424894 0.0546139 0.179517
0 0.238526 0.529716 0.0420868 0.0928861 0.178139
0 0.070642 0.442502 0.0267754 0.0811465 0.17758
3 0.159813 0.491902 0.0688552 0.0749315 0.177565
2 0.737666 0.240991 0.0380545 0.068889 0.175826
3 0.270963 0.578227 0.0661727 0.0774167 0.17529
2 0.278413 0.254126 0.0646443 0.0591357 0.173443
0 0.151066 0.422297 0.0340797 0.0544622 0.17289
2 0.129137 0.231122 0.0682244 0.048276 0.172752
0 0.0709089 0.440784 0.0269795 0.0780798 0.170438
0 0.257861 0.557514 0.0452207 0.106631 0.170235
2 0.493495 0.371792 0.0875839 0.0911476 0.167181
2 0.42577 0.422246 0.100136 0.101797 0.164266
0 0.0853286 0.271323 0.0226927 0.0569565 0.162115
0 0.814679 0.0841419 0.0210032 0.0452376 0.160607
2 0.15761 0.192384 0.0608115 0.0382622 0.159609
3 0.262453 0.57795 0.0476129 0.072303 0.156499
0 0.24819 0.534484 0.034344 0.0710373 0.155248
3 0.879321 0.15646 0.0435741 0.0385975 0.153486
0 0.955406 0.144253 0.015469 0.0331774 0.151882
0 0.693791 0.419894 0.0302864 0.0861777 0.150754
3 0.736791 0.17102 0.0312188 0.0338299 0.150239
0 0.272552 0.554097 0.0443779 0.0882532 0.148807
3 0.163084 0.489499 0.0616927 0.0696821 0.147834
3 0.166521 0.494978 0.0552905 0.0603171 0.147468
2 0.492647 0.370831 0.0860237 0.0910597 0.147191
2 0.492776 0.371573 0.0868127 0.0916876 0.146525
3 0.270886 0.571541 0.0617445 0.0746666 0.145562
0 0.955651 0.142944 0.0174267 0.0348358 0.14509
0 0.25071 0.531798 0.0299118 0.0620231 0.145066
5 0.655136 0.121351 0.0629756 0.052931 0.142111
3 0.162212 0.497505 0.0636686 0.06385 0.141532
0 0.0680748 0.437606 0.0346888 0.071141 0.141165
0 0.744995 0.1679 0.019055 0.0388383 0.140777
3 0.233607 0.208919 0.0284621 0.0451339 0.138689
0 0.085595 0.278943 0.0222322 0.0472624 0.136876
0 0.745971 0.169471 0.0175005 0.0376254 0.134867
0 0.268727 0.550079 0.0382061 0.0912381 0.134388
0 0.235122 0.202615 0.0240656 0.0386519 0.134008
3 0.0277613 0.355059 0.0292441 0.0401213 0.133914
2 0.458121 0.140705 0.0310139 0.0410977 0.132812
0 0.08527 0.274821 0.0227797 0.0554572 0.13258
2 0.86705 0.771076 0.195824 0.192837 0.131915
7 0.0541945 0.205636 0.0924169 0.0595331 0.129869
7 0.473135 0.117267 0.0295767 0.0416128 0.128924
0 0.968222 0.143482 0.0138779 0.0349016 0.128449
0 0.0726247 0.443035 0.0336489 0.0781847 0.128349
3 0.1598 0.482173 0.0701701 0.0734696 0.127243
2 0.926555 0.982816 0.131501 0.0337162 0.126919
0 0.248142 0.477669 0.0493312 0.0633379 0.126811
