67 0.952003 0.845722 0.0949692 0.299469 0.772511
67 0.952207 0.845532 0.0949768 0.299891 0.761787
67 0.952256 0.845836 0.0949528 0.299441 0.726303
67 0.951718 0.84589 0.0952 0.300031 0.716271
2 0.84135 0.129227 0.0315914 0.0443936 0.707303
67 0.952268 0.845481 0.094935 0.29984 0.686766
67 0.951999 0.845843 0.0948215 0.300561 0.685914
2 0.841177 0.129196 0.0315279 0.0445481 0.684207
2 0.663224 0.108238 0.0317884 0.0334366 0.676484
2 0.663503 0.108668 0.0316772 0.0328559 0.663228
2 0.77694 0.157688 0.0392149 0.0479377 0.661634
2 0.953308 0.157869 0.0333328 0.0465523 0.654499
2 0.968156 0.331085 0.0610937 0.0872223 0.64475
2 0.662913 0.10906 0.0311955 0.0324849 0.640957
2 0.420865 0.226407 0.0615818 0.0606769 0.634129
2 0.365152 0.289323 0.0822409 0.0893578 0.632197
2 0.365449 0.289244 0.0840553 0.0901742 0.63103
2 0.841436 0.129853 0.0314548 0.044619 0.628903
2 0.968085 0.331076 0.0612152 0.0871249 0.627794
2 0.663482 0.108207 0.0317883 0.0333666 0.621527
2 0.953044 0.157608 0.0325554 0.0472118 0.61651
2 0.953383 0.157654 0.0325584 0.0467219 0.615169
2 0.365513 0.289881 0.0828152 0.0880446 0.606012
67 0.9524 0.843848 0.0940893 0.296816 0.605816
2 0.841128 0.130089 0.0312458 0.0443481 0.599337
2 0.528829 0.1908 0.0438732 0.0511854 0.597661
2 0.420598 0.226003 0.0621648 0.059813 0.595191
2 0.953461 0.158211 0.0328245 0.0464745 0.588112
2 0.967978 0.331513 0.0611786 0.0880951 0.583022
2 0.365031 0.289403 0.0827624 0.0877917 0.582685
2 0.420882 0.225344 0.0617417 0.0593298 0.578686
2 0.42093 0.226393 0.0614182 0.0598484 0.577353
2 0.863669 0.267723 0.0493645 0.0740693 0.569588
2 0.841539 0.130478 0.0315556 0.0430974 0.565139
2 0.420861 0.226558 0.0614932 0.0597781 0.56483
2 0.663274 0.108804 0.0333864 0.0336021 0.555228
2 0.776843 0.158352 0.0385408 0.0462247 0.55296
2 0.863919 0.267997 0.0490715 0.0739285 0.55169
2 0.365097 0.289657 0.0828637 0.0886063 0.550897
2 0.952977 0.156868 0.0320034 0.046668 0.544272
2 0.95262 0.158107 0.0348263 0.0463512 0.541248
2 0.776286 0.15903 0.0372533 0.0451026 0.535465
2 0.967228 0.330911 0.0588181 0.0870503 0.530004
2 0.365393 0.290145 0.0831128 0.088704 0.527788
2 0.968624 0.330932 0.0623974 0.0881113 0.523356
2 0.420798 0.225486 0.0622149 0.0596843 0.512467
2 0.776185 0.15782 0.0383923 0.0464109 0.508157
2 0.527936 0.190829 0.0415443 0.0515135 0.507442
2 0.528954 0.190729 0.0436453 0.0508549 0.506902
2 0.365197 0.289448 0.0833295 0.0880053 0.506405
2 0.42089 0.225739 0.0622795 0.0592337 0.503215
2 0.776365 0.158206 0.0376921 0.0468058 0.500772
2 0.967481 0.330163 0.0590042 0.0873197 0.496222
2 0.953066 0.156924 0.0321323 0.0470046 0.492576
2 0.420751 0.226048 0.0617499 0.0600932 0.491863
2 0.776001 0.159203 0.0375102 0.0442607 0.483267
2 0.740692 0.343437 0.0758668 0.104043 0.479759
2 0.863052 0.26837 0.0481876 0.0738775 0.476139
2 0.529007 0.191146 0.0452584 0.0504644 0.475085
2 0.365291 0.289986 0.0828045 0.0881082 0.473336
2 0.898956 0.141129 0.0292881 0.0412248 0.47168
2 0.74086 0.343146 0.075094 0.104691 0.471641
2 0.840461 0.0786945 0.0203373 0.0324177 0.468568
2 0.968475 0.331164 0.0625385 0.0880575 0.46526
2 0.527701 0.191617 0.0411461 0.0501284 0.460973
2 0.794193 0.587575 0.106548 0.175633 0.458557
2 0.776099 0.158604 0.0381634 0.0453851 0.444031
2 0.899084 0.143087 0.0286751 0.0386379 0.439995
2 0.87684 0.0783617 0.0233074 0.0302152 0.435168
5 0.90882 0.0705385 0.0400555 0.0769917 0.432978
2 0.741369 0.343301 0.0737036 0.103964 0.432603
2 0.899151 0.141882 0.029043 0.0385845 0.432044
2 0.79379 0.587477 0.10697 0.175469 0.423828
2 0.528018 0.190671 0.0426502 0.0502974 0.421835
2 0.74054 0.343877 0.0758494 0.103785 0.418804
67 0.952442 0.845103 0.0945087 0.300327 0.411206
2 0.529182 0.19109 0.0453506 0.0499445 0.409295
2 0.899052 0.140266 0.0312586 0.0416493 0.399584
2 0.898868 0.144018 0.0285995 0.0360343 0.397908
2 0.899272 0.140953 0.0314127 0.0418937 0.390179
2 0.840701 0.0773822 0.0210114 0.0328941 0.385812
2 0.740911 0.343753 0.0758873 0.105138 0.385251
2 0.740303 0.343631 0.0763773 0.105424 0.384777
2 0.841525 0.129923 0.0284468 0.0453928 0.379558
2 0.73762 0.343166 0.081378 0.10472 0.379076
2 0.841602 0.129636 0.029858 0.044342 0.378828
2 0.776285 0.158782 0.0370002 0.0469135 0.378091
2 0.841393 0.130482 0.031245 0.043112 0.375788
2 0.365268 0.289757 0.0821094 0.0866716 0.370414
5 0.513736 0.49211 0.139046 0.196534 0.369276
2 0.567069 0.190653 0.0603414 0.0748237 0.368742
2 0.777603 0.157009 0.0391891 0.0493829 0.36659
5 0.51296 0.493927 0.13871 0.19821 0.358181
2 0.566358 0.191534 0.0609997 0.0745507 0.355579
5 0.794417 0.587772 0.105349 0.174639 0.354012
2 0.527295 0.191648 0.0418247 0.0496896 0.348966
2 0.841895 0.130444 0.0329243 0.0456947 0.346712
5 0.513528 0.491583 0.139401 0.197388 0.345761
2 0.684973 0.0862013 0.0287526 0.0301203 0.338582
2 0.737263 0.343219 0.0823633 0.103477 0.33636
2 0.740824 0.343772 0.0738124 0.104545 0.334453
5 0.909146 0.069964 0.0395708 0.0762351 0.33101
2 0.899094 0.141155 0.0300741 0.0410678 0.326478
2 0.683124 0.087113 0.0286369 0.0315565 0.325794
2 0.566646 0.191539 0.0609147 0.0766422 0.325719
2 0.777574 0.158391 0.039031 0.0469348 0.325052
5 0.512851 0.491579 0.138342 0.197637 0.325029
2 0.793947 0.587649 0.106522 0.175517 0.322469
2 0.567187 0.191209 0.060014 0.0755953 0.321635
2 0.683204 0.0871129 0.0289646 0.0318687 0.321477
2 0.683509 0.0873796 0.0284801 0.0313329 0.320417
2 0.711222 0.125469 0.0301106 0.0259929 0.319897
2 0.566563 0.191448 0.0608147 0.0746074 0.312912
67 0.952896 0.845709 0.0931057 0.296163 0.307472
2 0.567721 0.191219 0.0609796 0.0738642 0.303326
2 0.79463 0.587845 0.105264 0.175936 0.300202
2 0.565881 0.191329 0.0628052 0.0744591 0.296544
2 0.420311 0.22611 0.0614988 0.0600376 0.296461
2 0.863213 0.26864 0.0482883 0.0736359 0.282816
5 0.794133 0.587747 0.105865 0.174918 0.281301
2 0.683389 0.0868793 0.029563 0.0314549 0.273859
2 0.566986 0.190817 0.0603077 0.0742141 0.267403
5 0.513816 0.49149 0.139845 0.197283 0.266641
5 0.512832 0.493382 0.137764 0.199555 0.263435
2 0.721497 0.0550345 0.0221645 0.0253568 0.261104
2 0.876996 0.0788479 0.0230759 0.0305438 0.256593
2 0.711627 0.123416 0.0307049 0.028558 0.254859
2 0.864677 0.266722 0.0497131 0.0753935 0.25313
5 0.513287 0.4922 0.138279 0.19629 0.252752
2 0.794695 0.587635 0.10566 0.175218 0.247095
2 0.839891 0.0787567 0.022287 0.0323669 0.246658
2 0.364704 0.291066 0.0807646 0.0846239 0.246607
2 0.566575 0.19234 0.059617 0.0730632 0.244584
2 0.952886 0.156931 0.035117 0.0481555 0.238494
2 0.864335 0.266812 0.0495304 0.0765574 0.226138
2 0.864411 0.266842 0.0493313 0.0733001 0.225418
5 0.794333 0.587992 0.105242 0.174339 0.20693
5 0.514022 0.492373 0.139491 0.196253 0.205526
5 0.908414 0.0695112 0.0383606 0.0777428 0.205439
2 0.568138 0.141589 0.0385311 0.0386381 0.204904
2 0.711953 0.122283 0.0303603 0.0255152 0.202383
2 0.877249 0.0780522 0.0249683 0.0305408 0.198819
5 0.907796 0.0686784 0.0398537 0.0768788 0.198583
2 0.967449 0.330676 0.0595413 0.0875592 0.196189
2 0.777568 0.156239 0.0387898 0.0490732 0.196091
2 0.365255 0.289979 0.0809064 0.0866949 0.194324
2 0.750716 0.0809421 0.0386408 0.0320713 0.187686
5 0.615227 0.306426 0.341482 0.573684 0.185412
2 0.86403 0.266604 0.0493114 0.0753515 0.182322
2 0.967679 0.331139 0.0592819 0.0879569 0.181743
2 0.951479 0.15819 0.0346993 0.0472782 0.175771
2 0.564256 0.148875 0.0321466 0.0254504 0.174835
2 0.712073 0.121847 0.0313894 0.0263524 0.165977
2 0.89947 0.141195 0.031555 0.0406341 0.164837
2 0.722029 0.0538615 0.0225193 0.0260372 0.161274
2 0.864565 0.264826 0.0491653 0.0793782 0.157672
2 0.750241 0.0784773 0.0380995 0.0329361 0.155612
5 0.909707 0.0688792 0.0352177 0.0746535 0.150114
2 0.968277 0.331408 0.0628651 0.0886962 0.149531
2 0.364585 0.290677 0.0805268 0.0836898 0.1487
2 0.950296 0.0617485 0.0200947 0.0403969 0.148126
5 0.909134 0.0683707 0.0416084 0.076774 0.147467
2 0.840464 0.0772647 0.0221355 0.0330176 0.14218
2 0.663767 0.106599 0.0346636 0.036436 0.141295
5 0.617238 0.304253 0.344408 0.580763 0.140301
2 0.747477 0.0809745 0.0320666 0.0291017 0.136367
5 0.908546 0.0685753 0.0384731 0.0754097 0.135485
2 0.793479 0.587185 0.10695 0.174798 0.135297
2 0.670388 0.103344 0.0481642 0.0446984 0.132724
2 0.365343 0.289262 0.0819169 0.0860879 0.131971
2 0.876923 0.0782328 0.0246426 0.0310678 0.13151
5 0.908433 0.0698494 0.0376701 0.0780926 0.130113
2 0.566255 0.192391 0.0606617 0.0727135 0.129183
2 0.526826 0.192299 0.042177 0.048674 0.125467
2 0.72047 0.0945703 0.0259291 0.0260882 0.12326
2 0.841963 0.130047 0.0329044 0.0448997 0.122111
2 0.570774 0.136863 0.0458641 0.0400039 0.118053
2 0.953394 0.159909 0.0327477 0.0454854 0.112944
67 0.952377 0.844597 0.0942398 0.298165 0.106333
5 0.620935 0.302585 0.354132 0.580207 0.105655
2 0.56917 0.13805 0.0477299 0.043181 0.104952
2 0.950734 0.0625643 0.0196575 0.03826 0.104149
2 0.572615 0.13573 0.0376844 0.0359818 0.0982535
2 0.747623 0.0827582 0.0326141 0.032232 0.0978479
2 0.67686 0.0878436 0.0443346 0.0342476 0.0959691
2 0.404562 0.365234 0.0856531 0.121171 0.0928576
2 0.72136 0.0923455 0.028734 0.032263 0.0924318
5 0.612077 0.329065 0.338198 0.527278 0.0909106
2 0.748804 0.077338 0.0352756 0.0271535 0.0908184
2 0.40448 0.364706 0.0851704 0.11887 0.0906369
2 0.404673 0.364789 0.0870731 0.120823 0.0902564
2 0.865181 0.266304 0.0508829 0.0763478 0.0876756
2 0.570892 0.136352 0.0419825 0.0379101 0.0875976
2 0.564826 0.191603 0.0633864 0.0697329 0.0859775
2 0.562376 0.149848 0.0289948 0.0261716 0.0858963
2 0.404595 0.365298 0.0862201 0.120591 0.0855819
2 0.722118 0.0542706 0.0234009 0.0261925 0.0843923
2 0.862114 0.28262 0.0453075 0.0460277 0.0843059
2 0.953826 0.157393 0.0341213 0.0486645 0.0836416
2 0.953459 0.16018 0.032415 0.0450566 0.0835799
2 0.740217 0.345591 0.0742243 0.102605 0.0815007
2 0.775445 0.161994 0.0355633 0.0411854 0.0807794
2 0.405326 0.364147 0.0860311 0.119771 0.0774945
2 0.404884 0.365838 0.0866941 0.122427 0.0774668
2 0.753722 0.0796598 0.0373416 0.0299058 0.0773268
2 0.840816 0.0764349 0.0231281 0.0328462 0.0772397
2 0.572209 0.137123 0.0391636 0.0389004 0.0762304
5 0.909862 0.0678193 0.0361681 0.0742215 0.0761708
2 0.950295 0.0688588 0.0202091 0.0275499 0.0758999
5 0.95045 0.0600116 0.020615 0.0419322 0.0750446
5 0.616525 0.327908 0.346403 0.530932 0.0747778
2 0.775654 0.160994 0.0357721 0.0433325 0.0747752
2 0.953942 0.159079 0.0336027 0.0462917 0.0723641
5 0.89833 0.0690654 0.0602526 0.0710677 0.0720693
2 0.743559 0.0868159 0.0238321 0.0282385 0.0702345
2 0.737872 0.343539 0.0807765 0.105823 0.069289
2 0.722771 0.0531959 0.0220285 0.0263355 0.0692763
2 0.951022 0.0699586 0.019595 0.0256195 0.0681164
2 0.840103 0.0808637 0.0238722 0.034917 0.065586
2 0.743926 0.0858879 0.0265866 0.0317407 0.065568
2 0.724844 0.0976719 0.0405901 0.0381871 0.0650019
2 0.570659 0.13818 0.0434511 0.043013 0.0647774
2 0.404249 0.365815 0.0888904 0.122754 0.0639352
5 0.513091 0.493671 0.140211 0.196723 0.0632202
2 0.565102 0.14954 0.0350097 0.0265929 0.0618313
5 0.404408 0.36572 0.0878517 0.121002 0.0615587
2 0.576244 0.135012 0.0396633 0.0378128 0.0599363
2 0.531085 0.189578 0.0474131 0.0484544 0.0597395
67 0.952577 0.843862 0.0939045 0.296952 0.0596436
2 0.876446 0.0788515 0.0246578 0.0324035 0.058743
2 0.751048 0.0791189 0.0350128 0.0310881 0.058692
2 0.721087 0.0897725 0.0295481 0.034663 0.0571411
5 0.641791 0.296074 0.390976 0.592149 0.0566003
2 0.788294 0.0444438 0.0185177 0.0226773 0.0556242
2 0.721181 0.0877256 0.0287811 0.0360016 0.0554515
2 0.950705 0.0602861 0.0214449 0.0428136 0.0542097
5 0.624584 0.2966 0.357409 0.593201 0.0540314
2 0.967066 0.330621 0.0635929 0.087856 0.0539981
2 0.777938 0.157199 0.0398712 0.0483802 0.0539606
2 0.840935 0.0807467 0.0216282 0.0323869 0.0525197
2 0.828288 0.0127876 0.0355703 0.0253575 0.0522597
5 0.631495 0.295823 0.371738 0.591646 0.0521734
2 0.420609 0.227162 0.0606253 0.0587638 0.0515908
2 0.420481 0.226812 0.0610111 0.0590248 0.0507507
2 0.752801 0.0779727 0.0416519 0.0331667 0.0501716
2 0.56207 0.150195 0.0481986 0.0316193 0.0489525
2 0.864129 0.26771 0.0508041 0.0748907 0.0481051
2 0.572577 0.134504 0.0403448 0.0351806 0.0480664
2 0.715241 0.119906 0.0317028 0.0302349 0.0464626
2 0.840928 0.0746078 0.0228157 0.0378098 0.0460759
2 0.717414 0.105783 0.0398501 0.0447947 0.0451668
5 0.526593 0.44875 0.162146 0.288155 0.0451485
2 0.823734 0.0139087 0.025244 0.0224209 0.044211
2 0.714606 0.0884562 0.0414673 0.0377388 0.0437581
2 0.950151 0.0578411 0.0200439 0.0432895 0.0432253
2 0.954145 0.157213 0.0343241 0.0480459 0.0422451
2 0.907426 0.0931559 0.0364563 0.0364265 0.0411503
2 0.862315 0.282519 0.0458439 0.0462528 0.0410888
2 0.710179 0.127197 0.0361734 0.0314832 0.0386432
2 0.876771 0.0793669 0.024617 0.0320398 0.0386306
2 0.826627 0.0145495 0.0313374 0.0244878 0.0384212
2 0.950038 0.0515729 0.0188505 0.0278617 0.0354085
2 0.66822 0.101061 0.0428541 0.0477242 0.0348194
2 0.728328 0.0948785 0.0469122 0.0354849 0.0335809
2 0.665615 0.107691 0.0362457 0.0351847 0.0335429
2 0.718541 0.0913933 0.0329077 0.0354172 0.0331473
67 0.952891 0.843132 0.0937088 0.298837 0.0318314
2 0.835025 0.01349 0.0506958 0.0269799 0.0318103
2 0.728796 0.0867608 0.0416468 0.0380638 0.0312611
2 0.900187 0.137952 0.0347416 0.0466488 0.0309665
2 0.788034 0.0416409 0.0198217 0.0284674 0.0288175
5 0.875225 0.0783666 0.0298851 0.0353519 0.0287778
2 0.787964 0.035889 0.0222206 0.0396005 0.0285977
2 0.865162 0.263902 0.0520397 0.0714389 0.0277433
2 0.814582 0.343191 0.0285107 0.0697495 0.02766
2 0.841013 0.0706229 0.0209023 0.0413826 0.0266806
2 0.711342 0.126337 0.0291126 0.0307065 0.0261256
2 0.421184 0.226078 0.0607638 0.0599442 0.0260949
2 0.401254 0.367113 0.094702 0.126179 0.0253014
2 0.660916 0.107351 0.038398 0.036084 0.0252155
7 0.572503 0.134968 0.0404264 0.0358385 0.0248112
2 0.401632 0.367759 0.0924125 0.129125 0.0241943
67 0.952946 0.844554 0.0937391 0.297382 0.0237196
2 0.694943 0.0844248 0.0482348 0.0382605 0.0236767
2 0.574777 0.135864 0.0431581 0.0391421 0.023659
5 0.404711 0.360946 0.0856587 0.107947 0.0232481
5 0.787386 0.0357188 0.0223648 0.0377309 0.0232473
2 0.740568 0.344359 0.0749294 0.103918 0.0230271
2 0.814027 0.342874 0.029516 0.0705912 0.0229531
5 0.835637 0.0116375 0.046253 0.0232749 0.0223584
2 0.71855 0.0558736 0.0305832 0.029893 0.0222105
5 0.402988 0.36818 0.0920998 0.12306 0.0217037
2 0.722844 0.118902 0.057135 0.0559979 0.0213074
2 0.405884 0.358961 0.0836464 0.111966 0.0213019
2 0.710271 0.122961 0.0369653 0.028199 0.021062
2 0.788862 0.0399128 0.0211856 0.0342208 0.0209033
2 0.553508 0.155169 0.0622232 0.039549 0.0207884
2 0.4051 0.354641 0.0830744 0.0946625 0.0192493
2 0.845026 0.0110067 0.0320158 0.0220135 0.018931
2 0.906938 0.100101 0.0329262 0.0289624 0.0183012
