2 0.664471 0.553454 0.141178 0.299229 0.769854
2 0.663502 0.554388 0.142843 0.297375 0.750761
2 0.664679 0.553869 0.142604 0.296558 0.711857
2 0.663922 0.554815 0.14169 0.297226 0.710845
2 0.664264 0.554646 0.141612 0.297017 0.683049
2 0.663335 0.554745 0.142565 0.296917 0.682058
2 0.663923 0.55414 0.14114 0.297794 0.666841
2 0.499104 0.583241 0.125572 0.253768 0.658038
2 0.66397 0.552993 0.142782 0.29693 0.643066
2 0.66353 0.554321 0.14181 0.297249 0.565132
2 0.987885 0.0555515 0.0234812 0.073561 0.506017
2 0.499454 0.584853 0.124088 0.256603 0.494637
0 0.233376 0.228665 0.0255754 0.0874041 0.491476
2 0.500306 0.581122 0.122642 0.26152 0.490184
0 0.23366 0.228559 0.0261557 0.0865 0.489727
2 0.629623 0.341534 0.0886473 0.150922 0.485627
2 0.988057 0.0561201 0.0232185 0.0717175 0.470175
2 0.499823 0.582006 0.123062 0.259686 0.467721
5 0.87978 0.393908 0.23983 0.567729 0.463884
2 0.498408 0.584048 0.126398 0.254752 0.450868
2 0.629578 0.340757 0.0882811 0.151388 0.447262
0 0.234842 0.22929 0.0234274 0.0886604 0.442065
0 0.2336 0.2299 0.0265762 0.0876773 0.437839
2 0.628799 0.341334 0.0907467 0.150842 0.43577
0 0.233809 0.22881 0.0269266 0.0866046 0.430619
2 0.988188 0.0609481 0.0231251 0.0669495 0.430173
2 0.74348 0.327494 0.114644 0.152926 0.420021
2 0.629279 0.340344 0.088236 0.150971 0.414339
2 0.743759 0.327781 0.114048 0.153032 0.409343
0 0.23436 0.229731 0.0264499 0.0893463 0.408924
5 0.880054 0.394317 0.238889 0.568872 0.407151
2 0.629066 0.341173 0.0885696 0.151134 0.398716
2 0.62959 0.341419 0.0891623 0.150777 0.395658
2 0.988137 0.0638006 0.0230083 0.0606415 0.389426
2 0.901014 0.748809 0.196753 0.341708 0.385121
2 0.98825 0.0596608 0.0229584 0.0711345 0.384025
2 0.628951 0.341905 0.0904015 0.151413 0.376027
2 0.665386 0.548954 0.140353 0.288343 0.372972
5 0.879871 0.393069 0.239742 0.567701 0.370411
2 0.629784 0.341235 0.0884464 0.15148 0.368716
0 0.0923353 0.119017 0.02151 0.0423957 0.368477
2 0.628302 0.341448 0.0911522 0.151423 0.365946
2 0.743644 0.327456 0.114213 0.153512 0.359074
5 0.878655 0.390923 0.242101 0.567548 0.357552
2 0.50022 0.584707 0.123429 0.25679 0.356238
2 0.743547 0.327212 0.113893 0.154255 0.354015
2 0.988185 0.0585782 0.0230469 0.0700058 0.353572
5 0.879332 0.390806 0.240273 0.561653 0.340424
2 0.743909 0.327494 0.114118 0.153714 0.333562
5 0.880662 0.397052 0.238255 0.5751 0.332502
5 0.879379 0.388133 0.240041 0.55915 0.33237
2 0.743834 0.327198 0.11466 0.15332 0.329848
0 0.0923715 0.120211 0.0236609 0.045593 0.329574
2 0.743805 0.327394 0.114548 0.154074 0.324958
2 0.988282 0.0707386 0.0227289 0.0479436 0.314134
2 0.484257 0.0420497 0.0509192 0.0500755 0.300417
2 0.901468 0.749696 0.196395 0.342325 0.298162
5 0.878591 0.390879 0.241806 0.566596 0.294499
5 0.878681 0.3887 0.241552 0.562975 0.294236
2 0.743469 0.326902 0.113823 0.151386 0.293196
2 0.901237 0.749771 0.197216 0.343382 0.288932
0 0.0932482 0.119715 0.020777 0.0422476 0.287216
2 0.901513 0.749809 0.196278 0.342499 0.282749
2 0.901539 0.750804 0.196548 0.342185 0.277835
2 0.490481 0.0424274 0.038683 0.0510783 0.273834
2 0.743523 0.327654 0.114105 0.153738 0.269383
2 0.987977 0.0701865 0.0232079 0.050157 0.259332
2 0.499857 0.586503 0.124673 0.259934 0.256704
0 0.0933348 0.120495 0.0218768 0.0448841 0.254302
2 0.499807 0.584117 0.123521 0.256572 0.238547
0 0.0976518 0.208435 0.0294791 0.0830115 0.232667
0 0.0920976 0.120346 0.0240246 0.0462856 0.226454
5 0.743575 0.327961 0.113797 0.152703 0.225855
2 0.665629 0.535949 0.139094 0.262467 0.21834
2 0.491225 0.0422215 0.0364795 0.049514 0.218228
0 0.235259 0.229892 0.0290157 0.088114 0.215885
5 0.464969 0.269714 0.096288 0.246312 0.21388
2 0.901533 0.750243 0.196031 0.344513 0.209371
0 0.0554285 0.0719438 0.0173953 0.0417046 0.200031
2 0.487712 0.0421116 0.0429869 0.0501868 0.196764
2 0.901362 0.750291 0.196694 0.343669 0.195673
2 0.988215 0.054595 0.0229454 0.0716679 0.192851
0 0.0972044 0.208028 0.0285419 0.0835635 0.187618
0 0.235502 0.2556 0.0220954 0.0352793 0.18495
2 0.901642 0.749929 0.196236 0.341706 0.184852
2 0.901421 0.750375 0.196996 0.341709 0.184771
2 0.901539 0.750268 0.196523 0.345202 0.180548
0 0.51957 0.149665 0.0164005 0.0760918 0.175329
2 0.481999 0.0418188 0.0542025 0.0496647 0.174038
2 0.481464 0.0412128 0.055747 0.0513304 0.170663
5 0.463879 0.268283 0.096451 0.248965 0.170589
5 0.877395 0.381845 0.244294 0.582528 0.16906
2 0.500262 0.586123 0.123634 0.259889 0.163502
0 0.0900122 0.12008 0.0274579 0.0437056 0.158189
0 0.0972197 0.207103 0.0290035 0.082455 0.15671
2 0.483739 0.0417373 0.0510964 0.0499654 0.153783
0 0.0558955 0.0728624 0.016096 0.04206 0.152993
0 0.0896341 0.119806 0.0246749 0.0423166 0.148781
5 0.464727 0.269735 0.0967947 0.246528 0.144366
0 0.519592 0.151594 0.0224562 0.0805119 0.141714
2 0.987927 0.0577387 0.0235952 0.0728238 0.140907
0 0.0907236 0.119094 0.0244906 0.0428138 0.136332
0 0.23578 0.23258 0.0250381 0.0813692 0.134672
0 0.581034 0.162952 0.0148775 0.0860021 0.132127
2 0.481656 0.0418727 0.0544195 0.0498619 0.131016
0 0.0562771 0.0706195 0.0168974 0.0411565 0.129353
0 0.519827 0.146628 0.0150518 0.0706214 0.122796
2 0.482188 0.0399475 0.0519049 0.0463298 0.122244
0 0.519577 0.151713 0.0239658 0.0806109 0.120627
2 0.454301 0.170635 0.0526349 0.0455124 0.119907
2 0.491991 0.0440373 0.0340698 0.0469232 0.11961
0 0.51898 0.15091 0.0182629 0.0778816 0.11825
2 0.491961 0.0449686 0.0351596 0.044042 0.110936
0 0.179455 0.109278 0.00999913 0.0337293 0.110589
0 0.829073 0.0272727 0.023311 0.0507582 0.1089
0 0.828817 0.0270257 0.0245098 0.0498066 0.108068
0 0.58096 0.163629 0.0150839 0.0859647 0.100696
0 0.0959286 0.207496 0.0276763 0.0824808 0.10061
0 0.0963904 0.205023 0.0236118 0.0789743 0.0987478
0 0.0960456 0.208574 0.0275578 0.0825296 0.0968941
0 0.099662 0.205805 0.0254329 0.0796467 0.0966438
0 0.235849 0.255876 0.0238413 0.0346591 0.0962481
0 0.236172 0.255976 0.0227266 0.0372377 0.0930328
0 0.093218 0.122952 0.0228317 0.0467746 0.0930055
2 0.492103 0.0490599 0.0344126 0.0372855 0.0919644
0 0.367044 0.0227155 0.0303336 0.0453362 0.0918687
2 0.663879 0.554197 0.142883 0.292315 0.089847
0 0.16725 0.110617 0.0126832 0.0442063 0.0883109
2 0.453552 0.170679 0.0527399 0.0453531 0.0878729
0 0.518885 0.151595 0.0208785 0.0785107 0.0836951
2 0.967071 0.0359024 0.028883 0.0343018 0.0804821
0 0.180027 0.110365 0.0123189 0.0352733 0.0800825
2 0.459579 0.208028 0.0789564 0.120008 0.0799865
0 0.0992095 0.208368 0.0266373 0.0799679 0.0788646
2 0.460088 0.208939 0.0796708 0.121232 0.0784239
2 0.454574 0.170682 0.0530319 0.0454026 0.078053
2 0.974559 0.0343449 0.0438358 0.0333778 0.0771972
0 0.580656 0.165425 0.0143464 0.0854347 0.0763729
2 0.98751 0.0543119 0.0245461 0.0723625 0.0759284
0 0.0964791 0.206628 0.0286375 0.0830635 0.0753646
2 0.459906 0.20753 0.0802033 0.119784 0.0753511
2 0.460387 0.208228 0.0805413 0.120879 0.0721577
0 0.581197 0.150713 0.0127195 0.0618171 0.0717411
0 0.366944 0.0217898 0.0294367 0.0435052 0.0714354
2 0.455532 0.170586 0.0532387 0.0451855 0.0712728
2 0.968361 0.0359533 0.0318501 0.0359372 0.0704662
0 0.581166 0.154797 0.014171 0.0701265 0.0693354
2 0.452682 0.170977 0.0541307 0.0462208 0.0678646
0 0.445774 0.359263 0.0224314 0.0567348 0.0672215
0 0.368083 0.0232746 0.0286092 0.0463062 0.0671144
0 0.778434 0.019209 0.0197968 0.0380631 0.065701
0 0.263713 0.139264 0.012561 0.0217284 0.0649322
0 0.122896 0.192962 0.0251967 0.0715453 0.06429
0 0.829661 0.0261775 0.0235863 0.0502612 0.0641991
5 0.463883 0.268934 0.0945814 0.246333 0.0635097
0 0.0976429 0.212842 0.0268414 0.0734443 0.0634282
5 0.461817 0.267738 0.0976336 0.249603 0.0629605
0 0.44581 0.35969 0.0232005 0.0566933 0.0628296
0 0.355351 0.204167 0.0233405 0.0888474 0.06269
0 0.82701 0.0279016 0.0278244 0.0497638 0.062626
5 0.465935 0.267549 0.0932792 0.23982 0.06239
0 0.359661 0.0231992 0.0176176 0.0453856 0.0619507
2 0.461583 0.209322 0.0820997 0.122068 0.0617907
2 0.481671 0.0408422 0.0526895 0.0473599 0.0615038
0 0.122319 0.186142 0.0207574 0.062215 0.0613495
0 0.829732 0.0267101 0.0230312 0.050958 0.060958
2 0.453504 0.170822 0.0536592 0.0459218 0.0606507
2 0.988183 0.0715707 0.0227303 0.0517794 0.0599949
0 0.264356 0.137272 0.0110462 0.0173791 0.0599295
0 0.596303 0.0246762 0.0131346 0.0487175 0.058718
0 0.100721 0.21167 0.0249273 0.0727679 0.0583698
2 0.453964 0.170415 0.0511396 0.0452306 0.057221
2 0.988006 0.0713323 0.023027 0.0530066 0.0563154
5 0.465932 0.267919 0.0914206 0.239317 0.0557866
0 0.820007 0.196952 0.0138172 0.0287208 0.0555236
2 0.975089 0.0345101 0.0461584 0.0397539 0.0555126
0 0.580566 0.182378 0.0135622 0.0518497 0.0553896
0 0.232844 0.227341 0.024911 0.0862892 0.0551249
0 0.357778 0.0241703 0.0136153 0.0450993 0.0547882
5 0.463219 0.26894 0.0958462 0.246571 0.0542174
2 0.965 0.0348999 0.0265368 0.0327534 0.0524949
2 0.452812 0.170304 0.0526621 0.0450205 0.0523197
0 0.582064 0.162865 0.017321 0.085751 0.0520149
0 0.167404 0.107971 0.0112546 0.0401817 0.0518941
0 0.120553 0.174613 0.01694 0.0441571 0.051806
0 0.366778 0.0224048 0.0305833 0.04479 0.0517203
2 0.989209 0.0357349 0.0209049 0.0365974 0.0515472
0 0.124893 0.19306 0.0245272 0.0654114 0.0503483
5 0.466989 0.270458 0.0898946 0.240098 0.0496787
2 0.481696 0.0410555 0.0541443 0.0497821 0.0483987
0 0.356271 0.20518 0.027093 0.091568 0.0478923
0 0.595911 0.0255973 0.0143057 0.049938 0.0476259
0 0.82996 0.025262 0.0246208 0.050524 0.0473631
0 0.166321 0.1126 0.013162 0.0469373 0.0471831
0 0.483479 0.576193 0.0331667 0.041501 0.047083
0 0.368858 0.0226968 0.0335215 0.0453937 0.0468771
2 0.629638 0.340769 0.0872589 0.151105 0.0468504
0 0.236551 0.256895 0.0238624 0.0381271 0.045641
0 0.446988 0.358403 0.0263947 0.0620807 0.0454281
0 0.447166 0.354625 0.0250161 0.0658292 0.044807
0 0.702126 0.0120636 0.0141773 0.0238396 0.0444082
0 0.0936891 0.207641 0.0281911 0.082513 0.0436836
0 0.36603 0.0236253 0.0266863 0.046105 0.0434578
0 0.263168 0.138711 0.0111916 0.021232 0.0433322
2 0.966753 0.0350697 0.0294601 0.0337066 0.0431396
0 0.481942 0.578659 0.0311127 0.037864 0.0429256
0 0.585249 0.161688 0.0233465 0.0845065 0.0417342
0 0.621314 0.0299906 0.0145363 0.0501714 0.0415641
0 0.231557 0.228722 0.0293324 0.0887516 0.0413867
0 0.165395 0.113389 0.013552 0.0495228 0.0412251
0 0.70199 0.0112326 0.0135679 0.0224652 0.0403857
0 0.81993 0.197449 0.0156017 0.0294873 0.0402943
5 0.464605 0.265797 0.0958959 0.257959 0.0396182
0 0.100666 0.191265 0.020586 0.052587 0.0388434
0 0.230565 0.230839 0.0210909 0.0908387 0.0386112
5 0.880376 0.375191 0.238276 0.530203 0.0383631
0 0.0989579 0.126148 0.017159 0.0349702 0.0378936
2 0.480309 0.0412556 0.0594553 0.0531326 0.0376486
2 0.454784 0.170231 0.0512527 0.0449573 0.0375739
0 0.476433 0.324209 0.0177228 0.0508309 0.0368034
0 0.476528 0.325875 0.019194 0.0521017 0.0359395
0 0.827363 0.0269668 0.0273125 0.0498621 0.0355304
0 0.059418 0.0734028 0.0145391 0.0410122 0.0354742
0 0.518787 0.152192 0.0228193 0.0795762 0.0354289
0 0.778003 0.0190662 0.0195107 0.0376275 0.0352841
0 0.12431 0.188534 0.0245805 0.0652501 0.0347495
0 0.178661 0.107903 0.012581 0.0364387 0.0337736
0 0.70013 0.0121909 0.0155239 0.0242062 0.0329232
7 0.461204 0.207127 0.083251 0.118703 0.0327503
0 0.445931 0.356849 0.023467 0.0606419 0.032375
2 0.458633 0.20732 0.0764129 0.119969 0.0322555
5 0.46598 0.267136 0.0958303 0.246329 0.0320687
0 0.166872 0.117561 0.0114962 0.0483348 0.0318732
0 0.12545 0.20198 0.0258656 0.0592485 0.0317138
0 0.77411 0.0189055 0.0269596 0.0373842 0.0311911
0 0.0516053 0.0725418 0.0202838 0.0416548 0.0311235
0 0.767399 0.177636 0.0176713 0.0594897 0.0311017
0 0.0592946 0.0744401 0.0149284 0.0379852 0.0310081
0 0.776593 0.018806 0.0229912 0.0375778 0.0304483
2 0.972939 0.0334717 0.0420673 0.039866 0.0304481
0 0.767682 0.185065 0.0181032 0.0727249 0.0303274
0 0.0915458 0.208583 0.0244366 0.081306 0.0300791
5 0.467821 0.273945 0.0884548 0.23283 0.0296854
2 0.500686 0.581011 0.121465 0.260864 0.0293395
0 0.767953 0.0183027 0.0303591 0.0366054 0.0292236
0 0.830965 0.0249659 0.0233461 0.0498043 0.0283496
0 0.355505 0.206477 0.027915 0.0949189 0.0281355
2 0.46165 0.20911 0.0836072 0.120722 0.0277694
0 0.098986 0.222097 0.0265889 0.0539802 0.0276336
0 0.769523 0.0167616 0.0281269 0.0335233 0.0275641
2 0.473195 0.347072 0.0768184 0.0894756 0.0275225
0 0.620515 0.0354011 0.0128719 0.0407314 0.0273556
0 0.771857 0.0188305 0.0311033 0.0373623 0.027195
0 0.989996 0.0110178 0.0192245 0.0220356 0.0267919
3 0.120209 0.222522 0.0231416 0.0313879 0.0267805
0 0.0976869 0.121377 0.0203271 0.0407209 0.0263318
0 0.623821 0.176979 0.021324 0.0374022 0.0260261
0 0.69963 0.0114822 0.0143051 0.0229183 0.0259121
0 0.516569 0.151431 0.027614 0.0802526 0.0255915
0 0.582298 0.164112 0.0175436 0.089235 0.0255405
0 0.987389 0.0111467 0.0229443 0.0222934 0.0251745
2 0.491142 0.0427733 0.0379397 0.0480207 0.0249629
0 0.597307 0.0243294 0.0137616 0.0486156 0.0249353
0 0.118843 0.164091 0.0136901 0.0267216 0.0242411
0 0.269063 0.225362 0.0178394 0.0575482 0.0241863
0 0.100892 0.218407 0.0239979 0.0593881 0.024171
0 0.359416 0.0267837 0.0165513 0.0435297 0.0241313
0 0.761972 0.00904286 0.0231583 0.0180857 0.0239271
0 0.622106 0.026816 0.0150356 0.0525788 0.0236286
0 0.62388 0.177221 0.021294 0.0385388 0.0232482
0 0.470431 0.325602 0.0247971 0.0549943 0.0227738
0 0.486466 0.579506 0.0397757 0.0369833 0.0226532
0 0.447616 0.346091 0.0270702 0.0830299 0.022474
2 0.473189 0.334974 0.0787817 0.11249 0.022375
0 0.595372 0.0286555 0.0143127 0.0438144 0.0222888
9 0.130202 0.00759366 0.0159687 0.0150284 0.0220282
0 0.268229 0.226121 0.0209915 0.0633228 0.0216008
0 0.476519 0.32655 0.0244671 0.0537983 0.0214897
0 0.093068 0.206368 0.0268639 0.0798741 0.0214676
0 0.778299 0.0183909 0.0242876 0.0367817 0.0214252
0 0.471542 0.327818 0.0231857 0.0569633 0.0214054
0 0.879808 0.0210801 0.0121578 0.0391303 0.0213308
0 0.121455 0.208287 0.0223774 0.0514409 0.0211606
0 0.253605 0.195382 0.0110846 0.0202794 0.0211574
2 0.90936 0.183614 0.174928 0.107658 0.0211351
0 0.504898 0.319538 0.0159024 0.0304599 0.0210518
0 0.116984 0.168722 0.0237551 0.0298606 0.0209502
0 0.097283 0.22135 0.0258384 0.0569847 0.0209449
0 0.491231 0.326778 0.0264648 0.0475169 0.0208171
5 0.463717 0.265281 0.0881059 0.23506 0.0206967
0 0.0506124 0.073437 0.0197333 0.0431612 0.0205848
0 0.161886 0.116773 0.0144919 0.0473044 0.0205355
2 0.624014 0.177992 0.0206663 0.0369273 0.0203208
0 0.268678 0.218514 0.0179899 0.0444396 0.0200204
0 0.58102 0.191057 0.0140195 0.037224 0.0200006
0 0.715474 0.283803 0.0193016 0.027643 0.019797
0 0.623896 0.180416 0.0206177 0.0417917 0.0196278
2 0.475001 0.345691 0.07534 0.0909274 0.0196064
2 0.741858 0.266402 0.0332958 0.0311995 0.01943
0 0.624093 0.17658 0.0210215 0.0388706 0.019282
