5 0.158875 0.683678 0.317382 0.279008 0.949495
5 0.158609 0.683245 0.317218 0.278616 0.945144
5 0.158926 0.683448 0.317788 0.278312 0.941345
5 0.159112 0.683262 0.31786 0.279007 0.918765
5 0.159298 0.683098 0.318597 0.277854 0.918448
5 0.159157 0.682844 0.317975 0.28103 0.917935
5 0.158954 0.683319 0.317884 0.280443 0.902171
5 0.1592 0.682845 0.3184 0.278815 0.898396
5 0.159145 0.683164 0.318079 0.278885 0.885954
5 0.158743 0.68358 0.317271 0.280037 0.859478
2 0.837632 0.807968 0.123375 0.130238 0.799151
2 0.837768 0.807716 0.123739 0.129396 0.759976
2 0.837508 0.807916 0.123424 0.130185 0.749252
2 0.837646 0.80756 0.123768 0.129547 0.748627
2 0.836852 0.807681 0.122781 0.129267 0.745956
2 0.837751 0.807655 0.123554 0.12986 0.734732
2 0.837617 0.807698 0.124187 0.129925 0.703577
2 0.837492 0.807571 0.12342 0.130429 0.670085
2 0.837578 0.807633 0.123933 0.130532 0.642143
2 0.296693 0.533078 0.100784 0.0725182 0.64042
2 0.296788 0.53332 0.100725 0.0719509 0.640107
2 0.295996 0.532884 0.101683 0.0721684 0.627726
2 0.295753 0.532814 0.101883 0.0715321 0.624137
2 0.29629 0.533476 0.101583 0.072147 0.618787
2 0.837588 0.807488 0.124321 0.130137 0.61604
2 0.797485 0.959679 0.169001 0.0796 0.577305
2 0.798008 0.959576 0.170007 0.0797661 0.56801
2 0.796981 0.959633 0.169807 0.0795895 0.562675
2 0.798003 0.95978 0.170574 0.079797 0.557102
2 0.297474 0.533313 0.101561 0.0719681 0.530007
2 0.797831 0.959586 0.16892 0.0800171 0.527767
2 0.29739 0.533389 0.101042 0.0719696 0.519284
2 0.797629 0.959687 0.170335 0.0800312 0.518953
3 0.462272 0.584473 0.0386345 0.0448595 0.50634
2 0.797066 0.959706 0.169428 0.0798956 0.50554
2 0.797004 0.95953 0.165827 0.0801182 0.490969
0 0.46262 0.56878 0.0372915 0.07138 0.488415
0 0.463648 0.568734 0.0347616 0.0705084 0.486468
2 0.798983 0.959526 0.166978 0.0803406 0.470536
2 0.296402 0.533197 0.101405 0.0737329 0.463959
3 0.462595 0.58347 0.0390804 0.0469341 0.454416
0 0.730204 0.492487 0.017367 0.0556354 0.445414
9 0.199758 0.461635 0.0143399 0.0276667 0.419018
2 0.798731 0.959598 0.168316 0.0797707 0.41638
0 0.463427 0.567554 0.0295416 0.0688543 0.408482
9 0.199332 0.461746 0.0146121 0.0275457 0.399098
2 0.296202 0.533347 0.101666 0.074011 0.39416
9 0.200451 0.461287 0.0134712 0.0265244 0.366589
0 0.462874 0.565754 0.0294367 0.0668585 0.36589
0 0.730096 0.492293 0.0162977 0.0557714 0.365177
2 0.295818 0.533365 0.102066 0.0715927 0.352621
2 0.295184 0.533422 0.105339 0.0715981 0.347467
3 0.462629 0.574782 0.0390556 0.0612293 0.329493
0 0.730055 0.492742 0.0175519 0.0557121 0.324172
2 0.295819 0.533582 0.101809 0.0717661 0.285681
0 0.463118 0.56803 0.0358681 0.0709202 0.27815
3 0.46256 0.572143 0.0396196 0.0679962 0.276422
9 0.20027 0.461653 0.0143778 0.0270561 0.262668
0 0.617171 0.499227 0.0140858 0.0480059 0.227079
3 0.463302 0.586284 0.0401878 0.0426651 0.224195
0 0.46404 0.567392 0.0322821 0.0703851 0.219867
0 0.729947 0.492388 0.0155486 0.0553055 0.210408
9 0.608158 0.311995 0.0224534 0.0492455 0.192615
3 0.463793 0.571767 0.0371326 0.0686501 0.189329
0 0.618104 0.499851 0.0136065 0.0469085 0.179772
0 0.462284 0.561797 0.0247672 0.0570709 0.175987
0 0.462562 0.556801 0.0252094 0.0488205 0.164412
9 0.608078 0.312805 0.0225588 0.0495753 0.15255
5 0.0834946 0.543679 0.155166 0.117462 0.150411
2 0.295876 0.53203 0.105519 0.0685963 0.144998
2 0.683471 0.817531 0.0206085 0.0216465 0.144826
0 0.729818 0.493075 0.0179037 0.0555914 0.142278
3 0.461795 0.586586 0.0385716 0.0436425 0.138356
5 0.097738 0.527461 0.176611 0.141148 0.135916
0 0.61625 0.497486 0.019804 0.0515459 0.134226
2 0.79924 0.959693 0.174047 0.079615 0.123489
5 0.0812157 0.545474 0.155781 0.117904 0.122282
9 0.580663 0.470964 0.0102315 0.0261707 0.121535
0 0.60777 0.498322 0.015089 0.0524183 0.120538
9 0.607738 0.311801 0.0235357 0.0534947 0.113085
2 0.632243 0.849504 0.0260481 0.0199509 0.112147
0 0.607914 0.49912 0.0153317 0.0523413 0.10877
5 0.0848792 0.544454 0.15295 0.115693 0.101887
5 0.0956222 0.533087 0.187512 0.147657 0.0963949
0 0.730761 0.493281 0.0163229 0.0570503 0.095655
0 0.731048 0.493449 0.0162443 0.0565504 0.0923445
5 0.0859431 0.543363 0.149487 0.11626 0.0923322
3 0.461555 0.585394 0.0403147 0.0446918 0.0914322
9 0.60867 0.31053 0.0239851 0.0532339 0.0914025
5 0.0955026 0.533146 0.189149 0.149 0.0909157
0 0.612738 0.499594 0.0151716 0.0478249 0.0901287
3 0.465121 0.580607 0.0369965 0.0526649 0.0890565
0 0.609517 0.496624 0.0187716 0.0558756 0.0881682
3 0.461768 0.586201 0.0395336 0.0453047 0.086467
2 0.797728 0.959776 0.169156 0.0793562 0.0846645
5 0.0956528 0.532139 0.176461 0.135965 0.0839966
0 0.850282 0.979311 0.0620613 0.0405708 0.0792124
0 0.60755 0.499505 0.0148902 0.0513498 0.0785884
5 0.0890739 0.540384 0.162435 0.117295 0.0783674
5 0.0986905 0.527716 0.176989 0.138827 0.0782073
0 0.466197 0.570121 0.0360483 0.0704422 0.076023
9 0.607261 0.308462 0.0258301 0.0599303 0.0757927
0 0.145742 0.684653 0.0183113 0.0295063 0.0740174
5 0.0823714 0.545065 0.159056 0.119076 0.0739911
9 0.608911 0.312592 0.0244657 0.0509147 0.0738544
0 0.618228 0.5013 0.0129669 0.0453073 0.0718268
5 0.0840047 0.543927 0.15915 0.120272 0.0707443
3 0.46059 0.583043 0.0397159 0.047998 0.0705554
5 0.095933 0.532492 0.18917 0.149537 0.0676848
9 0.60848 0.312932 0.024901 0.0513088 0.0666754
0 0.459614 0.574757 0.0375499 0.0600972 0.0661119
5 0.0874958 0.541285 0.157835 0.115918 0.0659799
0 0.146398 0.683851 0.017622 0.0282038 0.065318
5 0.0953463 0.532956 0.190472 0.148996 0.0641867
0 0.849571 0.972402 0.0643158 0.0542435 0.0639875
0 0.180043 0.668297 0.0172805 0.0429085 0.0614779
0 0.466789 0.568805 0.0348146 0.0704578 0.0592159
0 0.214579 0.642343 0.0225575 0.0410379 0.0580217
0 0.559529 0.500183 0.014913 0.0430522 0.0571483
0 0.627315 0.498016 0.0125521 0.0400986 0.0568622
5 0.0136556 0.569882 0.0270982 0.0758712 0.0564723
0 0.849319 0.976813 0.0632572 0.0454493 0.0556687
0 0.850543 0.98539 0.059339 0.0284439 0.0554184
0 0.850392 0.986901 0.0601498 0.0254656 0.0549175
5 0.0138628 0.570031 0.027539 0.0757587 0.0545765
2 0.145823 0.476299 0.0824095 0.0358744 0.0532307
0 0.903411 0.446967 0.0204803 0.0563744 0.0530788
0 0.21401 0.638668 0.0242102 0.0394888 0.0523511
9 0.578107 0.310619 0.0228392 0.0532205 0.0518079
5 0.0950985 0.544192 0.190197 0.174459 0.0515321
9 0.577926 0.31148 0.0232757 0.0524484 0.0507806
0 0.851936 0.977276 0.0602953 0.0449188 0.0475381
0 0.21485 0.647573 0.0230814 0.0533901 0.0471907
2 0.68472 0.81807 0.0231045 0.0221106 0.0440376
0 0.213527 0.649535 0.0259937 0.0604247 0.0435221
2 0.508972 0.479212 0.0271441 0.0224386 0.043371
12 0.426269 0.506025 0.016095 0.030258 0.0427764
2 0.633429 0.849941 0.0253006 0.0209152 0.0422011
0 0.213731 0.644863 0.0256157 0.0507601 0.0420618
0 0.613512 0.497032 0.020673 0.0510109 0.0413963
2 0.574228 0.886087 0.0261665 0.0178255 0.0410206
0 0.559713 0.500786 0.0140724 0.0414895 0.0406274
0 0.21322 0.640324 0.0262784 0.0446779 0.0404331
2 0.396003 0.518426 0.0240239 0.0318569 0.0391327
0 0.214245 0.664111 0.0217935 0.0296591 0.0390439
0 0.631315 0.497956 0.0122967 0.0392244 0.0382404
5 0.014029 0.569135 0.027858 0.0759872 0.0381434
9 0.608226 0.312387 0.0257921 0.0527739 0.0373422
0 0.848561 0.9724 0.0656822 0.0545799 0.0371433
0 0.181054 0.664723 0.0187221 0.0435954 0.0368108
0 0.47782 0.499378 0.014773 0.0271724 0.0363747
5 0.160243 0.57217 0.158637 0.0566448 0.0360653
2 0.160059 0.57573 0.164258 0.0518633 0.0359239
9 0.604868 0.302988 0.0303841 0.0732208 0.0358737
2 0.573798 0.886157 0.0276081 0.0187323 0.0353497
0 0.558906 0.500832 0.0136654 0.0414427 0.0352195
9 0.609107 0.312429 0.0252394 0.0546038 0.0347841
5 0.0966843 0.544202 0.193369 0.180768 0.0346273
9 0.82592 0.0746917 0.0524023 0.139427 0.0345494
0 0.84912 0.98715 0.0625181 0.0249285 0.0329747
2 0.572909 0.886005 0.0289437 0.0196796 0.0328293
5 0.0125113 0.56878 0.0250081 0.0757034 0.0326432
5 0.081565 0.547971 0.162043 0.120397 0.0322721
2 0.394965 0.51781 0.022886 0.0292146 0.0322285
2 0.573479 0.885423 0.0279197 0.019445 0.0317985
0 0.426075 0.506339 0.017263 0.0311588 0.0314112
0 0.13844 0.687029 0.0242745 0.0309794 0.0313935
2 0.161125 0.575531 0.15647 0.0519438 0.0312313
5 0.0803645 0.550299 0.160137 0.117566 0.0306773
2 0.632128 0.84855 0.025149 0.0211716 0.0294322
2 0.42571 0.506008 0.0196243 0.0305471 0.0293108
0 0.840599 0.972765 0.0393534 0.0541237 0.0287619
0 0.180636 0.663933 0.0183966 0.0433481 0.0285569
9 0.836189 0.316433 0.0123947 0.0212939 0.0276524
9 0.824865 0.0725259 0.056226 0.144173 0.0276368
2 0.396399 0.517475 0.0251313 0.0302078 0.0273565
2 0.182452 0.573858 0.207407 0.0572223 0.0272009
2 0.151505 0.474843 0.0649607 0.0335136 0.0271506
5 0.0143243 0.567133 0.0285979 0.0796056 0.0271303
0 0.729015 0.492419 0.0219688 0.0568426 0.0269034
5 0.103392 0.528133 0.168211 0.141095 0.0268519
0 0.204398 0.542016 0.0131091 0.0237825 0.0267789
2 0.148401 0.476665 0.0729416 0.0363338 0.0267504
2 0.425633 0.507001 0.0195846 0.0322929 0.0258941
0 0.149191 0.683318 0.0190046 0.0285162 0.0258464
9 0.577869 0.311878 0.0232599 0.0526978 0.02543
0 0.147002 0.681656 0.0171297 0.0321692 0.0251272
9 0.57786 0.311576 0.0229531 0.0519661 0.0250789
2 0.630501 0.848746 0.0293694 0.021652 0.024644
0 0.479925 0.500326 0.0161079 0.0263048 0.0245095
2 0.158694 0.572924 0.160759 0.0537156 0.0239393
0 0.27156 0.625999 0.0285151 0.042184 0.0238749
2 0.729287 0.790457 0.0191948 0.0166021 0.0238291
0 0.904351 0.443017 0.0185764 0.0408151 0.0237862
5 0.0138092 0.569129 0.0274132 0.0773542 0.0237852
9 0.578438 0.30615 0.025131 0.0623731 0.0237249
2 0.142696 0.477252 0.0856965 0.0384491 0.0234521
2 0.161088 0.5753 0.164588 0.0533333 0.0231507
3 0.464322 0.566925 0.0470034 0.076048 0.0230871
2 0.150344 0.47655 0.0729637 0.0348234 0.0230158
5 0.0951675 0.56709 0.190335 0.218465 0.0224935
2 0.295323 0.534158 0.106023 0.0697642 0.0221201
0 0.7288 0.492293 0.0218091 0.0577462 0.0220416
2 0.426325 0.505687 0.0196966 0.0313616 0.0220044
2 0.684153 0.815828 0.0219042 0.0220047 0.0219887
0 0.133373 0.690487 0.0159065 0.0267215 0.0211634
2 0.426498 0.505569 0.0171953 0.03114 0.0208915
13 0.640099 0.648357 0.0653788 0.0566486 0.0203257
2 0.511464 0.479707 0.0226103 0.0235483 0.0201369
0 0.516259 0.49971 0.0119751 0.033453 0.0200361
0 0.904029 0.440846 0.0181448 0.0384629 0.0198856
5 0.0216832 0.550913 0.0432969 0.112983 0.0196117
0 0.866903 0.770852 0.0191666 0.0256403 0.0190919
9 0.386209 0.441321 0.0121755 0.0182957 0.0190855
0 0.213213 0.665115 0.0251845 0.0337345 0.0190205
9 0.823523 0.0726022 0.0625656 0.144435 0.0187374
0 0.643668 0.498883 0.00711527 0.0408514 0.0185103
1 0.395155 0.518985 0.0233288 0.029106 0.0184649
2 0.794939 0.96207 0.128034 0.0749691 0.0179985
5 0.0252008 0.549996 0.050296 0.112405 0.0179523
2 0.338707 0.521015 0.0397093 0.0393317 0.0178764
0 0.172723 0.67666 0.0192292 0.0337704 0.0177606
5 0.0354614 0.549845 0.0707108 0.11375 0.017452
9 0.578443 0.309151 0.0228466 0.0567987 0.0174234
0 0.846276 0.981262 0.0696625 0.0366585 0.0174083
0 0.147894 0.683986 0.0220342 0.0297237 0.0172255
9 0.817972 0.0726774 0.0722113 0.143892 0.0171368
5 0.120696 0.519786 0.131885 0.122514 0.0170939
0 0.173983 0.667017 0.0221803 0.046417 0.0170097
9 0.571064 0.469532 0.0217911 0.0331127 0.0168326
2 0.68361 0.815338 0.021122 0.0242451 0.016741
5 0.0147134 0.566976 0.0294267 0.0813524 0.0167288
9 0.826102 0.0727011 0.0553644 0.145147 0.016512
0 0.276888 0.632685 0.0255155 0.036253 0.0164216
5 0.159577 0.572398 0.161556 0.0549088 0.016409
5 0.595174 0.477874 0.10055 0.0853401 0.0160338
9 0.826016 0.0744643 0.0537737 0.141685 0.0160267
13 0.6403 0.648703 0.0664526 0.0542692 0.0159995
0 0.844811 0.972248 0.0518627 0.0549084 0.0159872
5 0.614552 0.478202 0.0642614 0.0824203 0.0159769
0 0.643118 0.485137 0.00880299 0.0682692 0.0159153
2 0.164592 0.575009 0.148667 0.0505104 0.0155331
0 0.175067 0.665916 0.026511 0.0505941 0.0149153
9 0.819818 0.124238 0.0292812 0.0368027 0.0148811
0 0.516732 0.502371 0.0119231 0.0320461 0.0148759
5 0.0942556 0.533026 0.188439 0.155072 0.0147208
0 0.275099 0.630321 0.0212701 0.0340686 0.0146914
9 0.5782 0.466233 0.0167286 0.0380859 0.0145782
0 0.269451 0.621591 0.0285535 0.039461 0.0145126
2 0.394859 0.518319 0.0226999 0.0284673 0.0145024
9 0.578212 0.311068 0.0241755 0.0541358 0.0144189
0 0.178505 0.676899 0.0192941 0.0375057 0.0143736
0 0.512964 0.502853 0.0128502 0.0307592 0.0143292
9 0.556572 0.429749 0.0116356 0.018687 0.0141665
9 0.668425 0.133329 0.0233761 0.046417 0.0139969
9 0.436392 0.458228 0.0118008 0.0247524 0.0139391
0 0.840012 0.971062 0.0351826 0.0510231 0.0138551
9 0.435496 0.456576 0.0121782 0.0232582 0.0137646
9 0.82495 0.124495 0.0395302 0.0377229 0.0133963
0 0.849092 0.972009 0.0615248 0.0551098 0.0133702
9 0.598839 0.299331 0.0361419 0.0790149 0.0132938
2 0.370331 0.518546 0.0364084 0.0325061 0.0131841
13 0.639949 0.649591 0.0656446 0.0558586 0.0130484
0 0.487188 0.505069 0.0104473 0.0213945 0.0130139
2 0.508847 0.477658 0.0286591 0.0246468 0.0129455
2 0.0248771 0.514057 0.0497543 0.0369495 0.0127396
0 0.249052 0.642516 0.0189582 0.0269207 0.0126889
2 0.395809 0.518308 0.0247914 0.0296572 0.0125535
13 0.640423 0.648745 0.0664104 0.055817 0.0125469
0 0.62629 0.495021 0.0158354 0.0488941 0.0124896
5 0.0136851 0.570057 0.0271951 0.0767271 0.0123788
1 0.4616 0.58761 0.0407009 0.0457991 0.0122524
0 0.458006 0.566636 0.0376723 0.060062 0.0119419
9 0.385521 0.445288 0.0113535 0.0208007 0.0118988
0 0.728732 0.492342 0.0215498 0.0566125 0.0117863
0 0.00429742 0.5954 0.00767208 0.0234554 0.0117433
0 0.271921 0.630395 0.0287237 0.0387839 0.0117101
2 0.148019 0.47587 0.0734167 0.0368954 0.0116484
2 0.145382 0.474535 0.0819925 0.0286723 0.0116464
2 0.024637 0.51347 0.0491004 0.0355636 0.0115401
2 0.334892 0.521541 0.0356557 0.0398066 0.0115184
9 0.667379 0.133649 0.0247211 0.0472014 0.011307
0 0.277888 0.617979 0.0190648 0.0313486 0.0112774
5 0.157351 0.573817 0.165032 0.054575 0.0112175
2 0.35207 0.52212 0.0512553 0.0376087 0.0111786
13 0.64024 0.649304 0.066337 0.0557472 0.011102
2 0.339316 0.520152 0.0388607 0.0384418 0.0110935
0 0.856299 0.978374 0.0553686 0.0424505 0.0110555
5 0.157978 0.57382 0.161463 0.0554857 0.0109458
0 0.0645899 0.70723 0.0139024 0.0290064 0.0109212
5 0.0138906 0.639156 0.0277085 0.224243 0.0109021
0 0.839744 0.971842 0.0409737 0.0535809 0.0108961
0 0.902534 0.447878 0.0218853 0.0606394 0.0107438
5 0.139143 0.521246 0.0946008 0.126377 0.010631
0 0.557247 0.498462 0.0207781 0.0462769 0.0105281
0 0.562085 0.501415 0.0140652 0.0401821 0.0104588
5 0.119272 0.533232 0.234655 0.150463 0.010311
2 0.633491 0.84845 0.0252419 0.0229568 0.0100871
13 0.640016 0.65025 0.0665951 0.057721 0.00994557
9 0.826212 0.0772344 0.053927 0.139341 0.00989535
