2 0.948438 0.288917 0.102247 0.0758813 0.855611
2 0.948425 0.289664 0.102239 0.0748625 0.846143
2 0.948214 0.289434 0.102502 0.0755704 0.824538
2 0.948301 0.289406 0.102505 0.0759173 0.819992
2 0.94816 0.289926 0.102913 0.0752271 0.816659
2 0.94826 0.29027 0.102596 0.0753675 0.793506
2 0.852972 0.246507 0.0972404 0.0531335 0.784219
2 0.85208 0.24673 0.0952374 0.0521204 0.758117
2 0.851913 0.246114 0.0950283 0.0521324 0.744583
2 0.948296 0.29021 0.102888 0.0761063 0.734904
2 0.851981 0.246305 0.0949913 0.0524517 0.727022
2 0.851809 0.246157 0.0946428 0.0520985 0.721015
2 0.94859 0.289835 0.1024 0.0755417 0.704124
2 0.186088 0.296668 0.0490248 0.0467916 0.702703
2 0.434917 0.425657 0.108725 0.0932832 0.696142
2 0.948365 0.28963 0.102661 0.0754851 0.692808
2 0.186089 0.296644 0.0491401 0.0465405 0.683325
2 0.435421 0.425217 0.108593 0.0944818 0.677166
2 0.435457 0.424362 0.109621 0.0947721 0.670852
2 0.435043 0.425338 0.108955 0.0930438 0.670607
2 0.53843 0.36238 0.103428 0.081657 0.660169
2 0.572947 0.227543 0.0702926 0.0440112 0.65576
2 0.853098 0.245701 0.0978901 0.051947 0.654845
2 0.538634 0.36249 0.103606 0.0823147 0.654
2 0.43507 0.425637 0.108397 0.092054 0.653885
2 0.573022 0.227118 0.070019 0.0430377 0.651472
2 0.538015 0.362582 0.104172 0.0819806 0.650688
2 0.186243 0.296537 0.0489459 0.0470011 0.64597
2 0.573921 0.226966 0.0696084 0.0428036 0.64391
2 0.572998 0.227877 0.0705433 0.0438272 0.641544
2 0.435209 0.425524 0.109522 0.0930723 0.62834
2 0.18626 0.296865 0.0482048 0.0457041 0.621495
2 0.464978 0.193981 0.0525414 0.0361543 0.620784
2 0.435214 0.425782 0.10886 0.0929136 0.616295
2 0.464941 0.194502 0.0518217 0.0351841 0.613087
2 0.464808 0.194043 0.051697 0.0350258 0.60913
0 0.500757 0.90884 0.0588005 0.142915 0.608531
2 0.185975 0.297341 0.0489341 0.047996 0.601842
2 0.538489 0.362587 0.10466 0.0814833 0.600775
0 0.500848 0.908463 0.0587698 0.14303 0.595238
0 0.501233 0.907972 0.059313 0.141585 0.594158
0 0.499598 0.908831 0.0588446 0.141641 0.592302
2 0.435227 0.425658 0.109175 0.0927399 0.5915
2 0.538859 0.362726 0.103039 0.08274 0.58815
0 0.50032 0.907134 0.059648 0.139359 0.583207
2 0.465265 0.193703 0.0521953 0.0364695 0.576245
2 0.500963 0.397994 0.102776 0.0882641 0.574767
2 0.572801 0.227087 0.0706886 0.0433393 0.573512
2 0.573591 0.227551 0.0696684 0.0435533 0.572674
2 0.572736 0.22743 0.0706774 0.0442192 0.572036
0 0.501253 0.907955 0.0592946 0.141986 0.570962
2 0.0821872 0.434014 0.0841922 0.115261 0.566524
2 0.185709 0.296519 0.0479868 0.0460588 0.563845
2 0.185955 0.296433 0.0494475 0.0466582 0.562602
2 0.572988 0.227489 0.0706823 0.0435832 0.561939
2 0.465192 0.19394 0.0510954 0.0350003 0.553203
2 0.465369 0.193816 0.0536242 0.0357831 0.55272
2 0.1869 0.297139 0.0485433 0.0454932 0.550949
2 0.0822058 0.43373 0.0843011 0.115055 0.550377
2 0.50223 0.398464 0.104494 0.0874723 0.542758
2 0.573059 0.228115 0.0713942 0.043862 0.532931
2 0.538965 0.362234 0.10425 0.0819051 0.524803
2 0.500985 0.39869 0.103514 0.0866294 0.524418
2 0.465152 0.194157 0.0524763 0.035982 0.506834
2 0.0821251 0.433672 0.0834352 0.115596 0.502205
0 0.502454 0.914557 0.0608412 0.15441 0.497229
2 0.08285 0.433782 0.08556 0.114982 0.496834
2 0.465237 0.194226 0.0513996 0.0351039 0.49511
2 0.500799 0.399291 0.103234 0.0881962 0.49412
2 0.43532 0.426063 0.108616 0.0928917 0.48828
2 0.670932 0.400363 0.121071 0.0893593 0.486349
2 0.46511 0.194345 0.052069 0.036959 0.477977
0 0.501901 0.912618 0.0607639 0.15116 0.476742
2 0.500723 0.397915 0.103418 0.0874402 0.471683
2 0.669845 0.394511 0.120846 0.0773053 0.46767
2 0.853153 0.245879 0.0972067 0.0511795 0.464931
2 0.671066 0.401095 0.1224 0.0899787 0.449235
2 0.670699 0.40244 0.123016 0.0924466 0.448298
2 0.673252 0.459738 0.140726 0.108081 0.444919
2 0.0824047 0.433686 0.0843417 0.114347 0.433861
2 0.672282 0.400474 0.122677 0.0898943 0.43026
2 0.0824835 0.433645 0.0846072 0.115311 0.4232
0 0.500189 0.903832 0.0580301 0.140858 0.402343
2 0.673042 0.459785 0.141119 0.108157 0.401671
2 0.887236 0.579511 0.224356 0.240687 0.397535
2 0.672701 0.459642 0.13801 0.108501 0.395922
2 0.465409 0.193959 0.0525873 0.0354456 0.390891
2 0.671035 0.401015 0.12232 0.0919499 0.390548
2 0.887445 0.580249 0.224021 0.240232 0.378145
7 0.887423 0.579916 0.224472 0.2407 0.375323
2 0.672629 0.400761 0.125831 0.0909331 0.37263
2 0.673912 0.459627 0.139106 0.110112 0.37207
2 0.887422 0.579022 0.22444 0.240271 0.371813
2 0.671154 0.402809 0.124294 0.093904 0.370726
5 0.900789 0.434959 0.197813 0.26518 0.370596
2 0.886756 0.579595 0.226184 0.24024 0.370446
2 0.0820262 0.43347 0.083652 0.115708 0.363289
5 0.900475 0.437472 0.198495 0.270598 0.359971
5 0.900794 0.435456 0.197756 0.26591 0.359037
2 0.186091 0.296278 0.0489157 0.0473879 0.350307
2 0.499923 0.398444 0.105017 0.087695 0.334917
2 0.887829 0.57844 0.223619 0.241749 0.332273
2 0.887808 0.58018 0.224073 0.240909 0.324178
2 0.887159 0.580372 0.225275 0.241246 0.324104
2 0.669905 0.393657 0.120383 0.0777135 0.315296
2 0.852134 0.245988 0.0943989 0.0516183 0.313426
5 0.900302 0.433584 0.198489 0.263441 0.310805
2 0.947253 0.289415 0.103833 0.0736771 0.310234
2 0.673939 0.459717 0.140145 0.110325 0.30891
5 0.0818916 0.434007 0.0830517 0.115813 0.308141
2 0.538819 0.362726 0.104315 0.0812268 0.30648
5 0.900401 0.430463 0.198273 0.256399 0.305734
2 0.670873 0.401241 0.121608 0.0926356 0.297696
2 0.0823013 0.433618 0.0837502 0.116145 0.295589
2 0.67333 0.459331 0.140779 0.108566 0.292825
5 0.899638 0.429684 0.199706 0.255464 0.290422
2 0.371245 0.161524 0.0283587 0.0218434 0.284817
2 0.887155 0.579945 0.224792 0.242573 0.278944
5 0.897183 0.438733 0.205181 0.273445 0.276659
5 0.0819676 0.433579 0.0833349 0.115941 0.275518
2 0.6735 0.459491 0.140625 0.108817 0.269825
2 0.673991 0.459279 0.140777 0.109171 0.269061
2 0.187098 0.298328 0.0495036 0.0431565 0.260194
2 0.0134506 0.406811 0.0213957 0.0350981 0.24727
2 0.849327 0.245549 0.0905865 0.051365 0.242938
2 0.572992 0.227039 0.0705492 0.0433609 0.239991
2 0.499678 0.398525 0.105841 0.0873041 0.239045
2 0.502034 0.403006 0.104451 0.0909632 0.238398
2 0.850684 0.247239 0.0982777 0.0531596 0.228237
7 0.674007 0.459177 0.140626 0.109865 0.219308
2 0.572849 0.228253 0.0718433 0.0444411 0.214161
2 0.465543 0.19358 0.0548519 0.0370666 0.209713
5 0.900715 0.432063 0.197924 0.261607 0.208651
2 0.537524 0.362601 0.106458 0.0826859 0.206878
2 0.0136457 0.406729 0.0219302 0.0343192 0.200556
2 0.0131753 0.407376 0.0229732 0.0330586 0.19441
0 0.500096 0.90383 0.0573901 0.135115 0.192398
2 0.186731 0.296424 0.0497653 0.0468984 0.192281
2 0.371453 0.161888 0.0297655 0.0214572 0.19089
0 0.0912302 0.179438 0.0177287 0.0261708 0.180906
2 0.465074 0.193965 0.0521042 0.0356438 0.178986
2 0.540969 0.362257 0.0970947 0.080675 0.177317
2 0.673733 0.459064 0.140584 0.109633 0.172145
7 0.672552 0.434482 0.13736 0.156167 0.164587
2 0.530035 0.36236 0.120242 0.0828295 0.15947
2 0.50752 0.395059 0.117926 0.0993403 0.156145
7 0.887096 0.578524 0.225808 0.243901 0.148167
2 0.504871 0.175052 0.0259201 0.026702 0.145614
2 0.0129476 0.406585 0.0220681 0.0337789 0.145607
5 0.901861 0.415595 0.195373 0.228876 0.145352
2 0.0130397 0.406608 0.0219228 0.0350053 0.144436
7 0.672655 0.430528 0.134496 0.150153 0.141955
2 0.435191 0.425515 0.109628 0.0942987 0.137116
9 0.220359 0.264775 0.0257633 0.0273295 0.134394
2 0.371265 0.162082 0.0291036 0.0208929 0.132318
2 0.851469 0.246609 0.0977409 0.0529892 0.131369
2 0.013238 0.406248 0.0219197 0.033861 0.126147
2 0.0125869 0.406574 0.0228733 0.0336584 0.126123
2 0.18573 0.296578 0.0473466 0.0457489 0.122335
2 0.543313 0.362103 0.0930229 0.0795629 0.11599
2 0.671144 0.400318 0.126105 0.0888944 0.111457
2 0.371513 0.161539 0.0307021 0.0214529 0.106136
0 0.530432 0.176393 0.0290831 0.0357185 0.105344
0 0.499328 0.896623 0.0568522 0.12081 0.105227
0 0.529958 0.1759 0.0271297 0.0348773 0.105186
2 0.646015 0.394674 0.0729397 0.054813 0.101895
5 0.90226 0.415757 0.194992 0.227565 0.101771
0 0.733446 0.196094 0.0125146 0.0330368 0.0990571
0 0.733006 0.195644 0.01378 0.0343403 0.0988
0 0.504808 0.927106 0.0606842 0.144218 0.0971414
0 0.0910295 0.181661 0.0197921 0.0309933 0.0944211
2 0.652257 0.394722 0.0852926 0.0573384 0.093742
2 0.573324 0.225905 0.0704901 0.0420385 0.0919823
2 0.645129 0.393646 0.0710925 0.060333 0.0894913
0 0.503619 0.926736 0.0627436 0.145159 0.0890383
2 0.437676 0.42543 0.11175 0.0888361 0.0876336
0 0.523289 0.176349 0.0245798 0.0346634 0.0863778
2 0.464936 0.19521 0.0528069 0.0382004 0.0861334
2 0.503794 0.176176 0.0205357 0.0248905 0.0858696
0 0.0896094 0.17891 0.0171401 0.0287977 0.0852286
2 0.852201 0.246315 0.0943192 0.0522378 0.0849781
7 0.671819 0.433216 0.133034 0.153812 0.0839359
2 0.572761 0.22797 0.0706841 0.0435348 0.0816859
2 0.50075 0.397413 0.10552 0.0888136 0.0792806
7 0.671796 0.434416 0.13551 0.158149 0.0788612
7 0.672094 0.433661 0.134119 0.15802 0.0781808
5 0.900578 0.42573 0.198845 0.247961 0.0776709
2 0.986898 0.297429 0.0255278 0.0646665 0.0763974
2 0.948545 0.288901 0.102168 0.0756493 0.0753218
5 0.894693 0.45036 0.20975 0.29651 0.0750206
2 0.646711 0.395598 0.0742759 0.0541852 0.0729912
2 0.524433 0.175456 0.0322586 0.0342978 0.0703818
0 0.807035 0.623324 0.0239105 0.0505603 0.0694293
7 0.672023 0.434183 0.135761 0.158971 0.0685265
0 0.0302525 0.809934 0.0447876 0.103679 0.0671082
2 0.573155 0.227462 0.0703999 0.0446151 0.0669951
2 0.886075 0.557943 0.223293 0.197551 0.0663335
0 0.0294255 0.80961 0.0444795 0.1039 0.0661078
0 0.0893466 0.178012 0.0206606 0.0276796 0.0655113
9 0.221289 0.26445 0.0276918 0.0274718 0.0650815
2 0.499852 0.398819 0.105615 0.086833 0.0644503
38 0.523704 0.971874 0.0276564 0.050581 0.0642487
2 0.643751 0.39495 0.0678454 0.0579992 0.064208
2 0.505037 0.174834 0.0294923 0.027672 0.0611586
2 0.665195 0.39649 0.114456 0.0812391 0.060594
2 0.370953 0.162048 0.0279033 0.0205616 0.0601716
2 0.698452 0.422783 0.0672 0.0602439 0.0588005
2 0.521284 0.173719 0.0498413 0.0329811 0.0581204
2 0.649336 0.393724 0.078994 0.056571 0.0572043
2 0.499599 0.407764 0.105375 0.0689311 0.057049
2 0.656756 0.389409 0.0928827 0.0593955 0.0569331
0 0.0899331 0.178084 0.0185562 0.0287693 0.0554124
2 0.985728 0.29775 0.0278709 0.0637655 0.0543847
0 0.735106 0.188765 0.0165599 0.0485329 0.0533071
0 0.489906 0.9228 0.0368703 0.0964603 0.052879
2 0.542323 0.362126 0.0960064 0.080709 0.0527799
2 0.539777 0.179928 0.0411016 0.0359428 0.0524915
2 0.947534 0.288992 0.103756 0.0731154 0.0513404
0 0.568151 0.191549 0.0179251 0.028365 0.0505598
0 0.807158 0.619358 0.0226191 0.0418869 0.0500857
0 0.499748 0.907 0.0578559 0.135433 0.0496486
0 0.0292739 0.80859 0.0468058 0.111573 0.0496413
0 0.534284 0.180189 0.021187 0.0404862 0.0487015
2 0.532941 0.176156 0.0375353 0.0304467 0.0478711
2 0.539249 0.361517 0.103973 0.0825047 0.047609
7 0.52028 0.370352 0.133428 0.0914053 0.0469348
0 0.680306 0.434047 0.0561811 0.0540218 0.0466042
2 0.851328 0.246266 0.0945198 0.0518728 0.0458283
2 0.643846 0.395911 0.0690498 0.0547919 0.0448854
2 0.501568 0.404749 0.101442 0.074289 0.0444847
9 0.117446 0.133644 0.0150327 0.0200902 0.044442
0 0.508314 0.955094 0.0557053 0.089168 0.043201
2 0.526661 0.175083 0.0438026 0.0344891 0.0427698
0 0.088707 0.169753 0.0148964 0.0351156 0.042744
2 0.884754 0.541712 0.217744 0.163726 0.0426323
0 0.526081 0.177715 0.024843 0.0367126 0.0422662
0 0.680399 0.433742 0.0553032 0.051862 0.0422171
0 0.0295321 0.810138 0.0470457 0.108165 0.0411829
0 0.734995 0.192894 0.0153468 0.0388614 0.0403423
0 0.681929 0.433909 0.0531454 0.0521306 0.0401047
5 0.901498 0.385672 0.195395 0.166121 0.039255
0 0.500858 0.893562 0.0561518 0.115533 0.0391584
0 0.0871082 0.171017 0.0163304 0.0351138 0.0385835
0 0.985714 0.658279 0.0279394 0.0838224 0.0381644
0 0.985595 0.658018 0.028149 0.0827584 0.0380603
38 0.517252 0.961919 0.040947 0.0691271 0.0377098
2 0.177927 0.47255 0.0637959 0.0497458 0.0376877
2 0.369727 0.161341 0.0317451 0.0235711 0.0369874
2 0.691384 0.410861 0.0808557 0.0756115 0.0363805
0 0.032148 0.818312 0.0411285 0.0882412 0.0362413
2 0.464482 0.194329 0.0505407 0.033887 0.0357085
0 0.855778 0.181816 0.011482 0.0204391 0.035667
0 0.0282565 0.808945 0.0407109 0.101213 0.0350717
5 0.899759 0.419343 0.200481 0.231739 0.0350546
2 0.986389 0.297653 0.0265293 0.0632554 0.0350038
0 0.919027 0.185434 0.0141212 0.0218173 0.0348033
2 0.520291 0.372319 0.142525 0.103972 0.0345223
2 0.24147 0.160472 0.109673 0.037744 0.0343398
9 0.221464 0.264078 0.0273151 0.0273389 0.034333
2 0.537599 0.179914 0.0360866 0.03356 0.0341969
0 0.0301158 0.809857 0.0432651 0.105631 0.0339912
2 0.644212 0.395674 0.0689032 0.0534324 0.0338169
9 0.157934 0.121868 0.0151633 0.027638 0.033707
9 0.780513 0.121982 0.0147621 0.0259238 0.0330808
9 0.932218 0.103405 0.01576 0.0375235 0.0318673
2 0.521595 0.177061 0.0400138 0.0299661 0.0317307
0 0.806788 0.628554 0.0247368 0.0592944 0.0316854
38 0.514404 0.963636 0.043239 0.072728 0.0315835
5 0.900873 0.426783 0.197548 0.280646 0.0313702
9 0.787021 0.120186 0.0162251 0.0263498 0.0311913
2 0.657347 0.393315 0.0917831 0.0559013 0.0308175
0 0.681824 0.4345 0.0524342 0.0530779 0.0308017
0 0.084906 0.161534 0.0132389 0.0350872 0.0306585
2 0.841877 0.245002 0.0747692 0.0503201 0.0305572
0 0.0288712 0.786246 0.0500454 0.155856 0.0302075
2 0.176926 0.47218 0.0638532 0.0494116 0.0294641
2 0.85172 0.245763 0.0944153 0.0523397 0.0294255
9 0.705272 0.0894198 0.0176107 0.0269376 0.0293932
9 0.980709 0.0939218 0.035553 0.0345022 0.02923
0 0.984985 0.65851 0.0292812 0.0814809 0.0292006
2 0.702988 0.420117 0.0573711 0.0562776 0.0290637
2 0.040696 0.174501 0.0211518 0.0175933 0.0288313
0 0.67751 0.434089 0.063047 0.0555773 0.0285546
2 0.229337 0.163375 0.0826174 0.0331152 0.0281138
9 0.794203 0.12175 0.015066 0.0290974 0.0278947
0 0.0457452 0.158434 0.0203639 0.0437063 0.0278313
0 0.987338 0.657903 0.0245861 0.0833395 0.0276122
0 0.734566 0.195655 0.0150628 0.0381894 0.0273049
0 0.507541 0.958089 0.0562414 0.0835049 0.0272483
7 0.0143974 0.178335 0.0287744 0.164422 0.0271966
0 0.810837 0.628699 0.0294559 0.0619646 0.0271267
7 0.515796 0.379268 0.129725 0.106617 0.0270672
0 0.988006 0.296909 0.0231159 0.0665007 0.0265207
0 0.683445 0.434202 0.0497379 0.0508086 0.0262772
0 0.808735 0.622173 0.0267496 0.0503248 0.0260442
2 0.435906 0.426361 0.107719 0.089244 0.025981
0 0.990784 0.553991 0.0176506 0.110083 0.0259581
2 0.553064 0.191966 0.0472416 0.0315513 0.0255871
0 0.849606 0.395313 0.0187954 0.0379513 0.0255402
0 0.985423 0.658426 0.0284544 0.082247 0.0253433
