5 0.182744 0.20909 0.186478 0.241207 0.887879
5 0.182497 0.207672 0.185176 0.242194 0.862305
5 0.182787 0.208706 0.187169 0.241977 0.859092
5 0.182401 0.208911 0.185138 0.240307 0.843463
5 0.7114 0.103684 0.0856186 0.140135 0.833828
5 0.182479 0.208006 0.183534 0.242352 0.832715
5 0.182961 0.209639 0.186054 0.239845 0.82985
5 0.711707 0.103975 0.0858753 0.139288 0.828703
5 0.711495 0.103579 0.0858727 0.140274 0.826536
5 0.182986 0.209731 0.185372 0.240279 0.813897
5 0.711584 0.104191 0.087241 0.140155 0.813812
5 0.18273 0.210129 0.183392 0.240234 0.806028
5 0.182512 0.20947 0.184139 0.239982 0.804295
5 0.711488 0.103854 0.0860659 0.139945 0.802387
5 0.711516 0.103637 0.0866713 0.13879 0.801548
5 0.18339 0.208772 0.184365 0.24302 0.798682
5 0.711583 0.103694 0.0865469 0.141336 0.775722
5 0.711059 0.104216 0.0853178 0.139813 0.774618
5 0.711912 0.104034 0.0858334 0.138698 0.744597
5 0.711552 0.103974 0.0865953 0.1392 0.732386
5 0.0470296 0.438679 0.0937546 0.361631 0.699853
5 0.0465813 0.436147 0.0930864 0.356527 0.670078
5 0.628391 0.110771 0.089362 0.173027 0.667637
5 0.628128 0.110197 0.0879595 0.174125 0.667261
2 0.475366 0.171477 0.0508563 0.0737599 0.655294
2 0.475312 0.171628 0.0501009 0.0736166 0.639071
5 0.0463472 0.435785 0.0926667 0.355742 0.611367
2 0.474629 0.171169 0.0529677 0.0734651 0.60995
5 0.628636 0.110704 0.089045 0.173312 0.609749
5 0.0463404 0.437427 0.0926809 0.358108 0.608783
2 0.871986 0.658842 0.194726 0.285301 0.606434
2 0.475256 0.17117 0.0504061 0.0735303 0.601671
2 0.474788 0.171343 0.0526123 0.0733533 0.598899
5 0.628852 0.110308 0.0870811 0.173124 0.592236
5 0.0463203 0.439571 0.0926406 0.363282 0.590808
5 0.722965 0.335496 0.0937229 0.129788 0.588083
5 0.0466555 0.439917 0.0929239 0.36524 0.572036
5 0.72305 0.335356 0.0943336 0.1298 0.570198
5 0.628306 0.113403 0.0876179 0.169191 0.567921
2 0.474904 0.171207 0.0518148 0.0738128 0.565221
2 0.871662 0.662491 0.195303 0.290009 0.547677
2 0.87179 0.659107 0.19446 0.286484 0.538967
2 0.47517 0.17087 0.0522663 0.073917 0.535537
2 0.475206 0.171301 0.0506927 0.0739966 0.52145
2 0.872119 0.660162 0.193302 0.288735 0.519333
5 0.628364 0.110627 0.0874858 0.173488 0.519199
5 0.723085 0.335302 0.0941183 0.129655 0.51397
5 0.0462763 0.440935 0.0925526 0.366369 0.495699
5 0.629146 0.109773 0.0870165 0.17561 0.493729
5 0.628169 0.112256 0.0873192 0.17061 0.490645
2 0.723006 0.335563 0.0943383 0.129502 0.464284
2 0.871005 0.661613 0.195611 0.287706 0.45429
2 0.563189 0.189887 0.0600003 0.0966852 0.449091
2 0.627144 0.36943 0.0819391 0.142422 0.439593
5 0.723112 0.33525 0.0942819 0.129812 0.43598
5 0.046088 0.433911 0.0920524 0.352673 0.432178
2 0.723166 0.335728 0.0939377 0.129154 0.426862
2 0.627687 0.369373 0.0828074 0.143461 0.413876
2 0.627784 0.369469 0.0827419 0.144209 0.412688
5 0.723447 0.335599 0.0939384 0.1299 0.407587
2 0.627763 0.369723 0.0823856 0.14409 0.402467
2 0.627591 0.36917 0.0823463 0.143211 0.401329
2 0.563122 0.18987 0.0601734 0.0958887 0.399841
2 0.563311 0.189943 0.0601058 0.0964186 0.387426
2 0.563355 0.190412 0.0599586 0.0979302 0.373286
2 0.563588 0.189518 0.059755 0.0973318 0.373027
5 0.0465052 0.444406 0.0930103 0.371399 0.362424
2 0.627642 0.36946 0.0831625 0.143992 0.361621
2 0.871972 0.658369 0.194008 0.283953 0.354598
2 0.627459 0.369304 0.082288 0.14233 0.349014
2 0.406388 0.085949 0.0305633 0.0465806 0.347913
2 0.628205 0.369815 0.0840966 0.144221 0.333858
2 0.870714 0.664934 0.196448 0.293698 0.319719
2 0.561742 0.189417 0.0620863 0.0967939 0.316722
2 0.627793 0.369745 0.0836234 0.144068 0.308135
5 0.723216 0.335758 0.093148 0.13023 0.306115
2 0.870532 0.665721 0.196243 0.294966 0.302697
2 0.406471 0.0906964 0.0311108 0.0522895 0.292534
2 0.871591 0.660041 0.194683 0.28536 0.287398
5 0.462974 0.0408632 0.047437 0.0810869 0.287369
2 0.723467 0.336006 0.0937666 0.130497 0.276508
5 0.045753 0.448861 0.0910561 0.379645 0.25766
5 0.462757 0.0375688 0.0474054 0.0743255 0.251427
2 0.722889 0.335203 0.0934338 0.129783 0.244596
0 0.95593 0.129335 0.0185619 0.0315906 0.243977
2 0.561985 0.189617 0.0623674 0.0962609 0.236057
9 0.393609 0.442761 0.0329342 0.0556517 0.234874
2 0.551915 0.0628605 0.0318922 0.0189907 0.23264
0 0.926393 0.097714 0.0185249 0.0531727 0.227522
2 0.552066 0.0629169 0.0327627 0.0199241 0.224801
2 0.563995 0.18971 0.0617966 0.0958054 0.223684
2 0.406651 0.0862015 0.0312437 0.0455369 0.220205
5 0.462627 0.0404582 0.0481463 0.0792494 0.211116
5 0.627628 0.105877 0.0887873 0.177335 0.208585
0 0.9268 0.0981426 0.0194437 0.0523737 0.207397
5 0.627814 0.112369 0.0863574 0.169391 0.196617
2 0.563629 0.189488 0.0619268 0.096033 0.195218
0 0.926551 0.0980886 0.018845 0.0527687 0.191654
0 0.951612 0.146709 0.0279148 0.0596252 0.19029
2 0.551042 0.0552077 0.0333387 0.0327802 0.187723
9 0.393365 0.442676 0.03248 0.056742 0.186748
2 0.406944 0.0863289 0.0315029 0.0475622 0.185089
0 0.952856 0.145133 0.025267 0.0604023 0.182961
9 0.393395 0.442421 0.0327502 0.0565419 0.182039
2 0.475401 0.171376 0.0505242 0.0744215 0.173542
2 0.406935 0.0857771 0.0309519 0.0452017 0.1723
2 0.406675 0.08803 0.0312048 0.0489103 0.17051
0 0.854195 0.145652 0.0345993 0.0586266 0.168686
0 0.927028 0.0971457 0.0188229 0.0515271 0.166943
5 0.463061 0.0382572 0.0480595 0.0765144 0.166646
5 0.309067 0.0643781 0.0477019 0.0541625 0.163063
0 0.856533 0.142576 0.0358412 0.0555612 0.159779
0 0.319313 0.246843 0.0164842 0.0490772 0.156964
2 0.406044 0.087295 0.0317001 0.0481233 0.153803
2 0.401574 0.0110904 0.022436 0.0221808 0.148743
0 0.854435 0.151751 0.0349113 0.0657394 0.148029
0 0.955958 0.130309 0.0179888 0.0313689 0.143491
2 0.870795 0.662582 0.195921 0.288989 0.139934
2 0.340358 0.199954 0.0572949 0.0721286 0.137519
0 0.925718 0.0976574 0.0196545 0.0524963 0.137003
9 0.39349 0.44275 0.0327413 0.0553252 0.136203
2 0.552425 0.0512252 0.0307707 0.0412823 0.135391
2 0.406791 0.0922876 0.0304635 0.05622 0.134719
5 0.325532 0.0642161 0.0851982 0.128104 0.133872
0 0.925659 0.0977817 0.019166 0.0523896 0.129652
0 0.851606 0.149751 0.0356247 0.0613607 0.12953
2 0.561409 0.189621 0.0630962 0.0967472 0.123152
2 0.474667 0.171133 0.0507975 0.0739533 0.122764
2 0.985238 0.100561 0.0287418 0.0457671 0.121614
2 0.34193 0.197581 0.0569784 0.0668498 0.12135
5 0.490734 0.0290833 0.0250313 0.0576809 0.121302
5 0.628145 0.109369 0.0869103 0.173709 0.120475
0 0.744814 0.0446421 0.0119148 0.0234917 0.116438
0 0.953181 0.140531 0.0232819 0.0503864 0.114728
5 0.30901 0.064837 0.0488009 0.0560576 0.113932
2 0.983033 0.10297 0.0333385 0.0491347 0.113839
2 0.550383 0.0547002 0.0341336 0.0341243 0.113297
5 0.463156 0.0468675 0.0492752 0.0934227 0.110491
2 0.551971 0.0529731 0.0319019 0.0388878 0.110234
2 0.984715 0.100339 0.0299374 0.0446083 0.105291
0 0.851503 0.153671 0.0425797 0.0711593 0.104245
2 0.983508 0.101087 0.0324268 0.0476743 0.101456
2 0.338771 0.208212 0.0584222 0.0883349 0.099903
9 0.39349 0.44299 0.0327142 0.0561061 0.0977224
0 0.926197 0.0977633 0.0199146 0.0524232 0.0974533
5 0.465443 0.0359014 0.0529868 0.0715096 0.0973358
0 0.859859 0.142405 0.0312828 0.054745 0.0972147
5 0.326012 0.0638651 0.0854366 0.12773 0.0966296
2 0.475684 0.17161 0.0510616 0.0736252 0.0962591
0 0.317891 0.239171 0.0146656 0.0567727 0.0957116
0 0.321367 0.248524 0.018034 0.0489385 0.0956191
5 0.464934 0.0668265 0.0426197 0.0476232 0.0938825
5 0.463584 0.0374846 0.0489569 0.0743666 0.0920608
0 0.806265 0.0606038 0.010211 0.0279222 0.0905741
0 0.951553 0.147476 0.0267056 0.0569058 0.0904123
9 0.393727 0.442988 0.0325118 0.0561485 0.0878381
3 0.849899 0.156275 0.040958 0.0687672 0.0868946
2 0.984723 0.101499 0.0298943 0.0454731 0.0868425
2 0.987709 0.102819 0.0237118 0.0447771 0.0865584
9 0.393425 0.442913 0.0320591 0.0555431 0.0854883
5 0.308748 0.063847 0.0475774 0.0554984 0.084588
5 0.464236 0.0665846 0.0420131 0.047358 0.0841568
9 0.393867 0.442027 0.0333526 0.0563709 0.0838163
2 0.338679 0.197736 0.0547986 0.0658752 0.0833246
2 0.340443 0.206743 0.0580124 0.0862234 0.0828979
2 0.406891 0.0887642 0.0320913 0.0512954 0.0826238
0 0.807151 0.0614572 0.0109076 0.0280899 0.0815865
5 0.463466 0.0720389 0.0445734 0.0602598 0.0794123
0 0.952302 0.14554 0.0255239 0.0586684 0.078505
0 0.951105 0.14969 0.0267538 0.0540164 0.0784197
5 0.39379 0.442635 0.0325412 0.0560036 0.078395
5 0.393567 0.442575 0.0329947 0.0586552 0.0770195
2 0.55288 0.0501252 0.0306016 0.0413004 0.0751162
2 0.401349 0.011462 0.023087 0.0229241 0.074407
5 0.31042 0.0801429 0.049932 0.0823859 0.0741005
2 0.296619 0.108964 0.0170178 0.0226463 0.0726787
2 0.40136 0.0111905 0.0223979 0.021638 0.0724708
0 0.34706 0.235961 0.0240602 0.0373414 0.0718613
2 0.312701 0.177005 0.0257933 0.0344512 0.0716221
2 0.338882 0.207107 0.0554949 0.0826018 0.0712487
5 0.309439 0.0716374 0.0468658 0.061805 0.0704725
0 0.924934 0.0973457 0.0198948 0.0528517 0.0702084
2 0.626766 0.368137 0.0797826 0.141127 0.0697371
0 0.863866 0.140467 0.0243427 0.0529868 0.0693838
5 0.463634 0.0650208 0.0455641 0.0425174 0.0682776
9 0.393471 0.442294 0.0333826 0.0560366 0.0679366
2 0.406965 0.0856583 0.0306345 0.044331 0.0678344
5 0.469055 0.0302245 0.0603239 0.0601335 0.0676145
0 0.952993 0.147754 0.0243292 0.0575089 0.0670705
0 0.951256 0.152847 0.0257576 0.0479553 0.0664557
5 0.31102 0.0816858 0.048703 0.0798558 0.0660191
2 0.40525 0.0923215 0.0299647 0.0509363 0.0621341
5 0.309734 0.079171 0.0493214 0.0795484 0.0619053
2 0.318829 0.167613 0.0389268 0.0539734 0.0611527
5 0.308923 0.0636202 0.0471764 0.0540056 0.059152
3 0.950902 0.155842 0.0257614 0.0441008 0.0584758
2 0.406126 0.104887 0.0263469 0.0378505 0.0581364
3 0.852065 0.158946 0.0365051 0.061805 0.0579927
2 0.336098 0.201981 0.0508663 0.0638174 0.0579079
2 0.406844 0.0927995 0.0315896 0.0580874 0.0578395
2 0.627804 0.370066 0.0824096 0.145086 0.0573936
5 0.312979 0.0805079 0.052601 0.0865845 0.0568988
9 0.541685 0.0108785 0.0220769 0.0213451 0.0558793
0 0.851132 0.14171 0.0374985 0.0477392 0.0555972
2 0.337957 0.215164 0.0565175 0.103378 0.0554167
9 0.154599 0.0398854 0.00987008 0.0257096 0.0549636
2 0.392175 0.0546865 0.0229187 0.0302352 0.0543346
2 0.984179 0.099129 0.030864 0.0466554 0.0538649
5 0.323443 0.0593182 0.0785496 0.114798 0.0537749
2 0.564045 0.190737 0.0599665 0.09351 0.0537635
2 0.560711 0.15472 0.0373068 0.0320359 0.0532455
5 0.463318 0.0711472 0.0456186 0.0589221 0.0528824
5 0.310742 0.0825186 0.0495168 0.0804381 0.0523905
5 0.323658 0.0612502 0.0783197 0.116461 0.0514214
9 0.542524 0.0103889 0.0190177 0.0207777 0.0511319
5 0.467484 0.0414024 0.0587149 0.0815271 0.0510334
2 0.0455685 0.437831 0.0908436 0.335586 0.0509185
0 0.322481 0.251224 0.0184373 0.0527629 0.0509156
2 0.314108 0.178873 0.0254383 0.0329891 0.0501541
2 0.337508 0.200291 0.0524941 0.0630647 0.0493655
3 0.853001 0.16913 0.0262878 0.0442759 0.0492702
0 0.766205 0.0494663 0.0150809 0.0420874 0.0490515
0 0.762117 0.0509453 0.0182231 0.0418728 0.0489508
5 0.0457316 0.426524 0.0909652 0.337156 0.0488435
0 0.852535 0.150217 0.0477665 0.0722279 0.0488338
2 0.406374 0.0922141 0.0302111 0.0566734 0.0486914
2 0.555928 0.0473784 0.020944 0.0342525 0.0482747
2 0.563942 0.189322 0.059889 0.0963106 0.0475001
2 0.311086 0.106007 0.0459802 0.0387764 0.0474653
76 0.742322 0.894432 0.244175 0.209674 0.0471618
2 0.335546 0.219036 0.0499198 0.0567981 0.0461823
76 0.742875 0.894396 0.244061 0.210457 0.0461086
9 0.588323 0.0126114 0.0166004 0.0240719 0.0460558
5 0.323364 0.0684498 0.0756663 0.102488 0.0459979
5 0.469317 0.0338225 0.0602886 0.0656744 0.0458402
39 0.740605 0.894338 0.243917 0.210171 0.0457673
0 0.76428 0.0498847 0.0173183 0.0427769 0.0453661
3 0.844522 0.174019 0.027956 0.0340272 0.0453451
2 0.35383 0.187332 0.0324812 0.0454063 0.0452792
39 0.739131 0.895069 0.244845 0.20951 0.0450032
0 0.860857 0.136802 0.0251862 0.0449827 0.0448007
2 0.39411 0.0521308 0.0247221 0.0362563 0.0447683
2 0.31092 0.171636 0.0241867 0.0436464 0.0446464
0 0.348032 0.234481 0.0232253 0.0378176 0.0446165
5 0.310163 0.0761684 0.0511011 0.084782 0.0446109
2 0.993747 0.11147 0.0118992 0.0311308 0.0445994
9 0.942099 0.032499 0.011898 0.02057 0.0441052
2 0.354311 0.192328 0.0314804 0.0553698 0.0439962
5 0.463415 0.061324 0.0425317 0.0370813 0.043281
2 0.347683 0.23482 0.0250313 0.0381302 0.0426506
5 0.463935 0.0510982 0.0492764 0.101249 0.0422309
2 0.462791 0.0899645 0.0449266 0.0412642 0.0419181
0 0.157687 0.183461 0.0150044 0.0298475 0.0418482
0 0.846373 0.153624 0.037553 0.0704018 0.0414569
2 0.851614 0.152559 0.0468586 0.0740938 0.0410069
0 0.332666 0.239709 0.0144958 0.0307785 0.0409807
0 0.204949 0.270629 0.0138006 0.0535209 0.0405218
5 0.42616 0.00982858 0.0360866 0.0196572 0.0396767
2 0.552979 0.0505877 0.0292788 0.0415408 0.0395694
76 0.74363 0.89469 0.243276 0.210072 0.0394983
2 0.401019 0.0115607 0.0231146 0.0221947 0.0389106
2 0.555915 0.0461189 0.0219891 0.0348175 0.0386627
5 0.492273 0.0293976 0.028644 0.0587839 0.0386624
0 0.851958 0.150298 0.0474833 0.0705436 0.0382231
2 0.466047 0.0959738 0.0310793 0.0338187 0.0381678
2 0.340032 0.192714 0.0501833 0.0578704 0.0381298
9 0.152163 0.0435659 0.0133853 0.0216832 0.0379211
2 0.340583 0.205514 0.059229 0.0814911 0.0373336
2 0.340149 0.211985 0.0554287 0.0967953 0.0371353
0 0.953455 0.130684 0.0247711 0.0328837 0.0371025
2 0.407032 0.101531 0.0300108 0.0446183 0.0370487
0 0.859382 0.145986 0.0324913 0.060533 0.0361306
2 0.338981 0.216076 0.0604759 0.105336 0.0353951
5 0.321376 0.0514481 0.0739677 0.100276 0.0352203
5 0.969269 0.0280815 0.0614611 0.0561629 0.0347342
5 0.969325 0.025679 0.0613493 0.0512105 0.0345192
76 0.741183 0.894629 0.245014 0.21005 0.0341039
5 0.467883 0.0522443 0.057475 0.102798 0.0334689
39 0.73847 0.89482 0.24479 0.209692 0.0334547
9 0.80496 0.00617802 0.0120527 0.0120647 0.0334249
5 0.393777 0.442763 0.0332745 0.0550714 0.0332715
76 0.742171 0.894399 0.242308 0.210109 0.0329656
2 0.309489 0.0455191 0.043815 0.0213278 0.0327265
5 0.406767 0.0104344 0.0277155 0.0208689 0.0326023
5 0.308869 0.0636686 0.0475586 0.0536594 0.0325587
2 0.560648 0.156843 0.0423466 0.0334138 0.0324531
5 0.619608 0.109443 0.0696238 0.173975 0.0324295
5 0.323491 0.0653348 0.0758046 0.0647406 0.0323837
9 0.588169 0.0121252 0.017555 0.0231364 0.0323392
2 0.319791 0.154495 0.0452806 0.0792909 0.032217
2 0.560878 0.155337 0.0370171 0.032793 0.0319554
2 0.979778 0.102215 0.0404441 0.049626 0.0315809
0 0.841175 0.145915 0.0245869 0.0555957 0.031305
5 0.966956 0.0201689 0.0660679 0.0403378 0.0305075
2 0.360261 0.193852 0.0228934 0.0567575 0.0304757
2 0.334174 0.23034 0.0481088 0.0696092 0.0304423
2 0.984108 0.104041 0.0313183 0.0480713 0.030399
2 0.317744 0.160683 0.0421937 0.0612501 0.0299347
0 0.864744 0.137354 0.023988 0.0478198 0.0295769
76 0.742424 0.894621 0.243169 0.210134 0.0294341
