2 0.337187 0.863121 0.219267 0.2685 0.712363
2 0.337901 0.862572 0.218726 0.269969 0.697455
2 0.482544 0.280876 0.0579493 0.0636413 0.695117
2 0.337485 0.862828 0.218366 0.270138 0.690723
2 0.728926 0.161903 0.0270061 0.0294498 0.679482
2 0.482636 0.281628 0.0571497 0.0642798 0.676449
2 0.337418 0.862824 0.219771 0.268986 0.675128
2 0.729101 0.161624 0.0276936 0.0299837 0.668327
2 0.729075 0.162483 0.0273289 0.0297241 0.661282
2 0.728794 0.161572 0.0281742 0.0305881 0.660396
2 0.696721 0.363778 0.0691231 0.0776872 0.655264
2 0.483188 0.281908 0.057806 0.0639844 0.639962
2 0.27989 0.463297 0.136838 0.151015 0.63939
2 0.337718 0.862661 0.21908 0.269262 0.635818
2 0.6967 0.363537 0.0690898 0.0781408 0.628256
2 0.482477 0.280797 0.0576336 0.0641581 0.621758
2 0.27989 0.462451 0.137354 0.15163 0.619564
2 0.696792 0.364482 0.0689768 0.0787539 0.616061
2 0.696547 0.364564 0.0690285 0.0793262 0.615889
2 0.280567 0.463289 0.137134 0.150204 0.615646
2 0.696727 0.363616 0.0689995 0.077608 0.615114
2 0.6968 0.364142 0.0688057 0.0787002 0.614644
2 0.48278 0.281182 0.0576607 0.0643328 0.614638
2 0.696784 0.363536 0.0688922 0.07796 0.611216
2 0.483688 0.282019 0.0560381 0.0647014 0.610724
2 0.279901 0.46267 0.136601 0.150632 0.610206
2 0.697075 0.364355 0.0688875 0.0786749 0.605841
2 0.688142 0.14376 0.024773 0.0282332 0.602061
2 0.483241 0.281595 0.0584316 0.0634003 0.600305
2 0.280471 0.463556 0.136661 0.149989 0.586303
2 0.28029 0.463133 0.136351 0.150782 0.583778
2 0.280392 0.462778 0.136834 0.151144 0.578788
2 0.337734 0.862943 0.21836 0.269714 0.57443
2 0.337406 0.863077 0.219049 0.269323 0.570383
2 0.27986 0.46204 0.137321 0.151484 0.569131
2 0.280316 0.463315 0.137168 0.151104 0.564524
2 0.482386 0.28097 0.0587395 0.0640996 0.562125
2 0.837455 0.173089 0.0249765 0.0331182 0.538287
2 0.688042 0.143501 0.0238478 0.027994 0.530361
2 0.482709 0.281686 0.0566561 0.0645488 0.525527
2 0.337228 0.862578 0.219042 0.269085 0.525515
2 0.837855 0.174258 0.024888 0.0313086 0.523695
2 0.83765 0.173832 0.0247826 0.0310768 0.522063
2 0.688284 0.143382 0.0237403 0.0281132 0.516104
2 0.837758 0.17278 0.0253223 0.032828 0.514553
2 0.688181 0.143484 0.0237772 0.0287965 0.478052
2 0.84693 0.229853 0.0381546 0.0499732 0.457306
2 0.949456 0.346202 0.0501995 0.0791707 0.45078
2 0.593101 0.241774 0.056553 0.076659 0.423509
2 0.94953 0.346239 0.0498104 0.0789128 0.420324
2 0.280301 0.466979 0.136222 0.143053 0.417211
2 0.846408 0.238557 0.0359413 0.0320297 0.410257
2 0.846795 0.240084 0.0348122 0.0287265 0.406144
2 0.772094 0.1155 0.0178212 0.0215466 0.379827
2 0.729252 0.161874 0.0289932 0.0300992 0.375306
2 0.846275 0.229042 0.0381651 0.0495394 0.372392
2 0.688742 0.143438 0.0243584 0.0292844 0.364729
2 0.847384 0.229517 0.0368742 0.0480582 0.356408
2 0.84712 0.22992 0.037405 0.047656 0.355578
2 0.688658 0.14348 0.0246079 0.0285033 0.34379
2 0.696511 0.364187 0.0698534 0.0796663 0.334838
2 0.592024 0.237048 0.0585966 0.0852831 0.334093
2 0.592005 0.236827 0.058448 0.0859795 0.330766
2 0.891379 0.141279 0.0223169 0.0188624 0.325822
2 0.592363 0.236335 0.0579092 0.0864933 0.323502
2 0.482978 0.281619 0.0586717 0.0641612 0.321777
2 0.591993 0.236265 0.0585552 0.0864641 0.314114
2 0.591972 0.236474 0.0586371 0.0856579 0.309351
2 0.332347 0.378209 0.0836895 0.0629715 0.309339
2 0.949179 0.34656 0.0488314 0.08154 0.303776
2 0.592193 0.236928 0.05728 0.0856112 0.295373
2 0.84695 0.229571 0.0385303 0.0494513 0.284344
2 0.949306 0.346562 0.0492313 0.0805383 0.279406
2 0.846343 0.24006 0.0362427 0.0288423 0.27841
2 0.696716 0.364657 0.0694662 0.0801723 0.275703
2 0.949243 0.346505 0.0489872 0.0804773 0.272207
2 0.967943 0.131938 0.0198494 0.0249067 0.271048
2 0.591876 0.237325 0.0588686 0.0843507 0.267268
2 0.94949 0.346458 0.0490219 0.0813988 0.266059
2 0.696038 0.364197 0.0685192 0.0793036 0.264157
2 0.807241 0.120595 0.0208751 0.0253753 0.260375
2 0.68841 0.143355 0.0246496 0.0283291 0.258565
2 0.337447 0.862431 0.218803 0.270383 0.253475
2 0.949245 0.346137 0.048419 0.0818584 0.251672
2 0.846536 0.231558 0.037315 0.0446547 0.231038
2 0.949102 0.346795 0.0485628 0.0808778 0.229343
2 0.592888 0.242756 0.0570307 0.0739197 0.228554
2 0.0780794 0.103324 0.0874289 0.0358004 0.22
2 0.331614 0.378525 0.0881141 0.0631215 0.218763
2 0.335287 0.378532 0.0806057 0.0630913 0.216999
2 0.837604 0.171528 0.0256489 0.0332296 0.211216
2 0.324154 0.380295 0.0997825 0.0665529 0.210908
5 0.386142 0.0347145 0.14279 0.0609884 0.209269
5 0.384889 0.0335681 0.146078 0.0642941 0.208156
2 0.0804487 0.103913 0.0840607 0.0363207 0.203809
2 0.330408 0.378374 0.0859903 0.064461 0.196996
2 0.593289 0.245997 0.0548473 0.0682278 0.189882
2 0.730125 0.162093 0.0303879 0.0308921 0.18883
2 0.335493 0.378563 0.075986 0.0637416 0.186386
2 0.591217 0.224601 0.0590261 0.0600636 0.185035
2 0.593185 0.2515 0.0542743 0.0571404 0.183292
5 0.385687 0.0327686 0.144484 0.0613693 0.181831
2 0.72981 0.161851 0.0307337 0.0314232 0.18038
2 0.0838625 0.10228 0.075167 0.0333564 0.177347
2 0.837597 0.170729 0.027047 0.0352813 0.176201
2 0.335864 0.378891 0.0732201 0.0639427 0.175619
5 0.385215 0.0353361 0.145509 0.0633397 0.17289
2 0.0111834 0.108425 0.0223038 0.0315616 0.172405
2 0.335137 0.37878 0.0906607 0.0631139 0.167681
2 0.0773522 0.102212 0.0868585 0.0333686 0.166933
2 0.0762225 0.103773 0.0877729 0.0377866 0.163735
2 0.838692 0.172826 0.0274954 0.0325575 0.162252
2 0.590675 0.223605 0.0590795 0.056768 0.157138
2 0.336327 0.3782 0.0721054 0.0628495 0.156869
2 0.949338 0.349384 0.0487286 0.074321 0.154293
2 0.948967 0.361739 0.0477186 0.0522955 0.150967
5 0.396232 0.0342708 0.122688 0.0593954 0.149575
2 0.772654 0.114435 0.0198942 0.0243305 0.145632
2 0.772625 0.114778 0.0203793 0.0243238 0.143035
2 0.493662 0.239293 0.0463206 0.026745 0.141352
2 0.846308 0.228962 0.0401875 0.0500935 0.139649
2 0.847772 0.228708 0.0382967 0.0468513 0.138408
2 0.0114008 0.109423 0.0226778 0.0326423 0.134243
2 0.294031 0.424751 0.101143 0.0779765 0.132737
2 0.805808 0.122888 0.0187441 0.0226304 0.130607
2 0.591302 0.22516 0.0585566 0.0579025 0.128966
2 0.0747669 0.101401 0.0864364 0.0332728 0.128069
2 0.847579 0.22929 0.0388014 0.0488793 0.126436
5 0.388806 0.0326779 0.138046 0.061814 0.125
2 0.837844 0.171171 0.0273918 0.0355823 0.123972
2 0.949547 0.34585 0.047954 0.0786419 0.114526
2 0.0838608 0.103294 0.0777329 0.0349964 0.112306
2 0.482772 0.281842 0.0569897 0.0636793 0.111976
2 0.949028 0.361669 0.0477566 0.0522865 0.111774
2 0.949322 0.356436 0.0487642 0.0600376 0.11152
2 0.274446 0.0704948 0.0250305 0.0143845 0.111218
2 0.49242 0.239027 0.0427945 0.0257923 0.110394
2 0.274252 0.0706027 0.0258583 0.0146893 0.108911
2 0.337709 0.378615 0.0714966 0.0631218 0.108625
2 0.589153 0.222054 0.0555092 0.0509893 0.107507
2 0.0866741 0.101335 0.0688184 0.0314227 0.106775
2 0.589833 0.22362 0.0565087 0.0512952 0.103612
2 0.89072 0.139218 0.0257183 0.023451 0.1036
2 0.337441 0.863412 0.219243 0.270018 0.102718
5 0.386837 0.0339727 0.14964 0.0657311 0.100703
2 0.336605 0.377842 0.0724523 0.061642 0.0995659
2 0.773083 0.114056 0.0206787 0.0249846 0.0994739
2 0.0617535 0.110135 0.120871 0.0523468 0.0971194
2 0.335654 0.0602213 0.0414869 0.0223381 0.0963653
2 0.891034 0.136979 0.0253542 0.0261536 0.0962653
7 0.397438 0.0331043 0.120269 0.0582107 0.0941196
2 0.294945 0.417944 0.0932226 0.0646688 0.0931941
5 0.385068 0.037007 0.145563 0.0685928 0.0920757
2 0.493169 0.239712 0.043852 0.0272565 0.0904084
7 0.395205 0.0327321 0.126646 0.0614655 0.0898642
5 0.38559 0.0334366 0.149807 0.0660013 0.0895738
2 0.06138 0.11067 0.121854 0.0536516 0.0832033
0 0.53468 0.0332674 0.0154703 0.0230209 0.0830687
2 0.492384 0.239404 0.0416037 0.0252217 0.081815
2 0.335507 0.0602025 0.0417668 0.0223687 0.0792682
2 0.315971 0.384052 0.116039 0.074178 0.0786156
2 0.482097 0.281646 0.0584182 0.0641516 0.0781329
2 0.943294 0.0888309 0.0164742 0.0207351 0.0780681
5 0.385216 0.0380972 0.144695 0.0677056 0.0771721
5 0.403627 0.03321 0.112608 0.0566014 0.0771108
2 0.296579 0.425227 0.0998766 0.077969 0.0754961
2 0.0112989 0.108192 0.0224401 0.0325254 0.074609
2 0.593405 0.255845 0.0527956 0.0498272 0.0735544
2 0.908276 0.111062 0.0190289 0.0204495 0.0724976
0 0.534886 0.0347095 0.0169734 0.0253977 0.0714451
2 0.294297 0.41349 0.0920387 0.0560097 0.0694418
2 0.0655337 0.10638 0.112556 0.0429381 0.0691482
2 0.787369 0.140989 0.0229977 0.0245716 0.0683769
2 0.787042 0.140561 0.0225595 0.0242308 0.0669031
2 0.335593 0.0605516 0.0419685 0.0221536 0.0666457
5 0.384907 0.0381328 0.144561 0.067359 0.0640416
2 0.696976 0.364236 0.0689571 0.0794655 0.0628879
79 0.891118 0.975892 0.017448 0.046664 0.0622181
2 0.968103 0.132649 0.0210461 0.0255646 0.0608325
2 0.478646 0.0459261 0.0255588 0.0130863 0.0597757
2 0.0611137 0.110949 0.12211 0.0541132 0.0594864
2 0.492116 0.239162 0.0432669 0.0249232 0.058465
0 0.535238 0.0343894 0.0180903 0.0232749 0.0557979
5 0.404384 0.0326189 0.104692 0.055625 0.0549543
2 0.0627951 0.692857 0.125054 0.157705 0.0548865
2 0.295013 0.410564 0.0895378 0.0497027 0.0543832
2 0.967733 0.130788 0.0201405 0.0278174 0.0541736
2 0.942989 0.0869928 0.0175999 0.0236379 0.0539422
2 0.808237 0.111769 0.0187061 0.0163743 0.0537612
2 0.593344 0.247572 0.0543243 0.0657475 0.0532976
2 0.0632416 0.691706 0.126483 0.155344 0.0531666
2 0.868039 0.131857 0.0182499 0.0176205 0.0523501
5 0.403992 0.0322874 0.105687 0.0548918 0.0514557
5 0.0650311 0.761862 0.130062 0.299469 0.0509161
2 0.336956 0.378658 0.0709142 0.0633692 0.0505309
5 0.0656241 0.753604 0.130931 0.296512 0.0498398
2 0.0744581 0.106104 0.0953897 0.0413159 0.0492675
79 0.891226 0.976049 0.016629 0.0467506 0.0488744
2 0.907994 0.111819 0.0187908 0.0203171 0.0488642
2 0.830682 0.0782452 0.0173485 0.0148431 0.0486407
2 0.0913131 0.101457 0.0615717 0.0317924 0.047348
5 0.0658594 0.757954 0.131479 0.294773 0.0470544
2 0.34364 0.378457 0.102993 0.0627851 0.0465628
2 0.491379 0.24446 0.0452513 0.0376585 0.0458024
7 0.0580739 0.0814559 0.11545 0.0959366 0.0455798
2 0.33576 0.0611123 0.0406597 0.0218881 0.0454287
2 0.491162 0.238999 0.0394133 0.0243476 0.0452032
2 0.33728 0.863122 0.219766 0.269075 0.0449336
2 0.949849 0.345508 0.0477884 0.0782035 0.0448488
2 0.478087 0.0467031 0.0301279 0.0148631 0.0434138
5 0.0653806 0.763822 0.130601 0.302541 0.0411791
2 0.0744335 0.107494 0.0948062 0.0467791 0.040933
2 0.791281 0.135884 0.0281472 0.0259112 0.0406878
2 0.891507 0.13823 0.0261852 0.0229859 0.0402949
2 0.0604241 0.108142 0.120848 0.0489529 0.0400659
2 0.0635409 0.694994 0.126999 0.164041 0.0396984
2 0.0630473 0.694655 0.125763 0.165059 0.0392993
2 0.851041 0.226785 0.0445747 0.043474 0.0368161
2 0.889883 0.136257 0.0273865 0.0274219 0.0358018
2 0.410859 0.0473277 0.0450253 0.0238167 0.0357491
2 0.5895 0.259445 0.0446749 0.042387 0.0355125
5 0.0649476 0.757894 0.129895 0.295054 0.0345121
2 0.294612 0.410473 0.0896135 0.0487801 0.0344311
5 0.0649083 0.752116 0.129817 0.29656 0.033118
2 0.0115326 0.109159 0.0229428 0.0340688 0.0328933
2 0.797185 0.294186 0.02794 0.0378675 0.0328309
7 0.40747 0.0320541 0.10027 0.0526408 0.0325556
2 0.858946 0.223874 0.0272398 0.0372931 0.0324209
2 0.0756179 0.102105 0.0867414 0.0361442 0.0320056
79 0.890332 0.976198 0.0177654 0.0468605 0.031863
2 0.0112594 0.106841 0.0225189 0.0321369 0.0316034
2 0.585039 0.215415 0.0471885 0.0410584 0.0313492
7 0.0610136 0.0849486 0.121788 0.0983362 0.0313076
2 0.335404 0.0601017 0.0423003 0.0234689 0.0304667
2 0.155543 0.0908411 0.0636075 0.0191375 0.0299637
2 0.062192 0.109463 0.118835 0.0512178 0.0295808
2 0.335854 0.0605857 0.0434901 0.0236812 0.0294243
7 0.0608403 0.079625 0.121417 0.0940896 0.0293873
2 0.809668 0.120418 0.0255865 0.0275814 0.0288192
2 0.845906 0.0808139 0.0314934 0.0187418 0.0285859
2 0.313435 0.397857 0.122636 0.0995533 0.0284195
7 0.593063 0.244061 0.0565302 0.0728317 0.0282452
2 0.849088 0.229194 0.0361992 0.0491998 0.0270491
2 0.328286 0.378143 0.0948668 0.0641282 0.0269621
2 0.0622852 0.107496 0.117719 0.0471902 0.0262618
5 0.0647224 0.77156 0.128928 0.322288 0.0262419
2 0.0617657 0.692024 0.123517 0.15699 0.0262231
0 0.536507 0.0333979 0.0193208 0.0229582 0.0261187
2 0.588127 0.260587 0.0453002 0.0387192 0.0253566
7 0.0606686 0.102131 0.120943 0.0694995 0.0249388
7 0.0396205 0.0769561 0.0792409 0.0792467 0.0244907
5 0.39842 0.033209 0.10506 0.0573333 0.0237692
2 0.15487 0.090341 0.062669 0.0205375 0.0237338
2 0.805455 0.119964 0.0290775 0.0293686 0.0236782
2 0.728796 0.159119 0.0279367 0.0338698 0.0236688
0 0.894819 0.0907143 0.0155331 0.0167452 0.0233175
2 0.0623897 0.694578 0.124754 0.163872 0.0228922
2 0.0610421 0.109478 0.121817 0.0425373 0.0227996
2 0.411553 0.0472715 0.040719 0.0233391 0.0225819
5 0.0643761 0.772692 0.128752 0.324405 0.0223969
2 0.157938 0.0900582 0.062108 0.0169005 0.0217778
2 0.966978 0.131408 0.0239603 0.0274245 0.0215447
2 0.948843 0.361789 0.0471287 0.0525827 0.0211059
7 0.0436642 0.0805823 0.0870416 0.0905384 0.0208825
7 0.0400591 0.0656057 0.0801182 0.0570794 0.0208498
2 0.413706 0.0473716 0.034913 0.0221496 0.02052
7 0.0614744 0.694297 0.122767 0.163786 0.0202944
2 0.846374 0.242033 0.0350687 0.0299538 0.0201359
2 0.0633555 0.697973 0.126513 0.170246 0.0198501
79 0.888658 0.97604 0.0216515 0.0469793 0.0197774
2 0.81067 0.12518 0.0292152 0.032046 0.0196225
2 0.852982 0.0820775 0.0191675 0.0187114 0.0196066
2 0.495128 0.243195 0.0501844 0.0348018 0.019375
5 0.402645 0.0328564 0.109062 0.0567298 0.0193485
2 0.728916 0.160062 0.0294212 0.0344455 0.0189817
79 0.891307 0.975987 0.0175016 0.046999 0.0185799
6 0.0593986 0.0839902 0.118797 0.105612 0.018546
2 0.0628074 0.697508 0.125558 0.167008 0.0183431
2 0.805638 0.0140402 0.0231494 0.0184235 0.0180444
7 0.406965 0.0329466 0.100511 0.0535226 0.0178892
2 0.331396 0.765993 0.0371685 0.0366902 0.0171913
2 0.0893343 0.103522 0.0669835 0.0353588 0.0171855
2 0.300073 0.427341 0.115748 0.0944044 0.0168683
79 0.889 0.975851 0.0225042 0.0468609 0.0168599
2 0.411938 0.047815 0.0430973 0.0232871 0.0167462
7 0.411023 0.0320131 0.0909556 0.0510377 0.0165604
7 0.0399618 0.0799063 0.0797228 0.0882888 0.0164999
6 0.236266 0.0764273 0.467077 0.139591 0.0164902
6 0.2736 0.0780286 0.541946 0.137085 0.0164386
2 0.927641 0.0847303 0.0163595 0.0233444 0.0163672
2 0.771644 0.11565 0.023142 0.0224689 0.0161434
2 0.0107375 0.117397 0.0213459 0.0472328 0.0160228
2 0.7972 0.294275 0.0286297 0.0392061 0.0157121
2 0.0675103 0.0998951 0.0835364 0.0342548 0.0154195
2 0.796624 0.295147 0.0291295 0.0413329 0.0151189
2 0.588206 0.221424 0.0530902 0.053542 0.014847
5 0.386171 0.0397304 0.141378 0.0694282 0.0147091
2 0.966767 0.0823309 0.0132664 0.0170387 0.0146564
2 0.786876 0.139687 0.022014 0.0248367 0.0146497
6 0.255783 0.080325 0.50905 0.128849 0.0146386
