2 0.958383 0.284092 0.0463299 0.067005 0.752394
2 0.95837 0.284608 0.0470612 0.0674042 0.746422
2 0.958525 0.284723 0.0461472 0.0675162 0.716659
2 0.445902 0.252542 0.0552483 0.0663172 0.709538
2 0.44611 0.252303 0.0550798 0.0656021 0.696167
2 0.71773 0.427624 0.084041 0.11027 0.677734
2 0.958601 0.284966 0.0469151 0.0685877 0.676283
2 0.958225 0.28422 0.0461731 0.0681191 0.666645
2 0.717853 0.427767 0.0834639 0.110405 0.659885
2 0.717506 0.427388 0.0841848 0.109934 0.658775
2 0.958463 0.28474 0.0459026 0.0678398 0.656883
2 0.446245 0.253057 0.055929 0.0654759 0.645071
2 0.446417 0.252777 0.0549213 0.0661781 0.644365
2 0.446851 0.252453 0.0560232 0.0656673 0.637178
2 0.446709 0.252714 0.0562433 0.0659786 0.633492
2 0.717895 0.427186 0.0849046 0.11033 0.627673
2 0.717733 0.427603 0.0838088 0.11016 0.627095
2 0.446536 0.252612 0.0554546 0.0651824 0.626836
2 0.446282 0.252916 0.0545684 0.066728 0.625296
2 0.717845 0.427662 0.0847219 0.110805 0.62507
2 0.829276 0.498964 0.077227 0.124001 0.620841
2 0.958613 0.284961 0.0460033 0.0681422 0.603078
2 0.620542 0.220219 0.0528584 0.0503316 0.594033
2 0.824162 0.217471 0.0441656 0.0601046 0.58801
2 0.0183966 0.525538 0.0365239 0.111839 0.587667
2 0.824327 0.218099 0.0435631 0.0569735 0.577382
2 0.620263 0.220022 0.0526547 0.0493292 0.574616
2 0.718035 0.427845 0.084163 0.111228 0.574374
2 0.829332 0.499026 0.0771965 0.123901 0.571999
2 0.82434 0.21781 0.043261 0.0583811 0.569977
2 0.445992 0.252616 0.0544987 0.066335 0.569084
2 0.824112 0.217626 0.0437634 0.0566395 0.563691
2 0.9583 0.284395 0.0470099 0.0677764 0.562949
2 0.958333 0.285097 0.047382 0.0673482 0.560334
2 0.829118 0.498737 0.0776968 0.123718 0.558941
2 0.82912 0.498601 0.077466 0.123563 0.558198
2 0.0182576 0.532574 0.0363637 0.13263 0.558095
2 0.717682 0.427416 0.0836676 0.110431 0.546625
2 0.824102 0.217554 0.0432436 0.0603615 0.536848
2 0.824404 0.217107 0.0441727 0.0590324 0.535824
2 0.620102 0.220257 0.0532019 0.051174 0.531861
2 0.829332 0.499284 0.0772902 0.123882 0.531121
2 0.0184456 0.526688 0.036463 0.114697 0.529786
2 0.446106 0.252477 0.0565399 0.0659646 0.52685
2 0.717714 0.427174 0.0840269 0.110854 0.525264
2 0.824059 0.217534 0.0430634 0.058322 0.521687
2 0.619817 0.220729 0.0528711 0.0511746 0.518967
2 0.619593 0.220366 0.0527939 0.0511342 0.499798
2 0.82441 0.217883 0.0432892 0.0577068 0.493017
2 0.958509 0.283645 0.0466372 0.0678995 0.492746
2 0.854604 0.142351 0.0293058 0.0390679 0.489373
2 0.0182755 0.526997 0.03643 0.120742 0.482607
2 0.717995 0.428108 0.0836093 0.110849 0.480663
2 0.828855 0.498883 0.077379 0.124316 0.480385
2 0.829862 0.499249 0.0770752 0.124175 0.469523
2 0.828945 0.499161 0.0777292 0.124442 0.466825
2 0.854057 0.142012 0.0303162 0.0384117 0.466682
2 0.620391 0.220262 0.053108 0.0490627 0.466432
2 0.0181214 0.532313 0.0361072 0.132684 0.464578
2 0.854526 0.143035 0.0297714 0.0382327 0.460297
2 0.854797 0.143812 0.0281631 0.0353362 0.459249
2 0.620359 0.220884 0.0527216 0.0505639 0.451016
2 0.251004 0.428637 0.121402 0.100454 0.449047
2 0.910601 0.0972584 0.0241199 0.0308303 0.444836
2 0.829395 0.499408 0.0775875 0.123875 0.436125
2 0.958856 0.285576 0.0467026 0.068031 0.433002
2 0.854584 0.144505 0.0291985 0.0350479 0.432041
2 0.620229 0.220332 0.053254 0.0510712 0.431561
2 0.875453 0.096552 0.0193909 0.0239449 0.430751
2 0.250596 0.429671 0.121682 0.102722 0.429876
2 0.91134 0.0964585 0.0247211 0.0318385 0.42937
2 0.854432 0.143077 0.0294079 0.0367252 0.410337
2 0.0181423 0.531207 0.0360713 0.135517 0.398575
2 0.85453 0.144422 0.0277529 0.0354411 0.396577
2 0.250802 0.429096 0.120659 0.102045 0.387225
6 0.23079 0.505041 0.161774 0.251817 0.383297
2 0.251359 0.429072 0.119676 0.10038 0.382109
2 0.658854 0.108172 0.0285788 0.0292873 0.378432
2 0.829128 0.498638 0.0777109 0.12336 0.373524
2 0.910586 0.0968108 0.0241837 0.0312485 0.370735
2 0.809106 0.137256 0.0302641 0.0397999 0.369762
2 0.250735 0.428837 0.121472 0.0995333 0.366553
2 0.809264 0.136629 0.0302557 0.039854 0.364695
2 0.809009 0.137458 0.0297441 0.0390111 0.364282
2 0.0185674 0.52988 0.0371349 0.140789 0.357307
2 0.0187058 0.533444 0.0372063 0.13395 0.352039
2 0.251978 0.428166 0.120504 0.101471 0.349256
2 0.620569 0.220233 0.0540339 0.0510874 0.348184
2 0.724305 0.0751217 0.0218225 0.0232075 0.340135
6 0.231273 0.501381 0.161697 0.247605 0.338644
2 0.25065 0.429326 0.12059 0.102571 0.334209
2 0.701887 0.145721 0.033078 0.0377167 0.330747
2 0.61978 0.220572 0.0527021 0.0519497 0.330174
2 0.910816 0.0968426 0.0238918 0.0314047 0.325917
2 0.809344 0.136871 0.0309631 0.040312 0.325647
2 0.619684 0.219827 0.0528502 0.0494855 0.324656
6 0.231463 0.50782 0.164222 0.255679 0.313934
6 0.232135 0.503454 0.163653 0.25074 0.310616
2 0.701136 0.14701 0.0336915 0.0394162 0.310381
2 0.875074 0.0969271 0.0189873 0.0226853 0.308639
2 0.809717 0.137126 0.029565 0.038442 0.305742
2 0.702817 0.144531 0.0323347 0.0361063 0.302539
2 0.250785 0.427939 0.121406 0.0992652 0.299702
2 0.948326 0.104339 0.0221729 0.0251036 0.284775
6 0.232724 0.503625 0.164062 0.252137 0.28352
2 0.658722 0.108641 0.0292694 0.0309931 0.28343
2 0.251717 0.428903 0.120345 0.103457 0.282942
2 0.703244 0.141352 0.031472 0.0310069 0.281609
2 0.658166 0.108848 0.0283926 0.0301503 0.280359
2 0.751879 0.107103 0.0218941 0.0301102 0.275064
2 0.855499 0.142686 0.0305767 0.0379905 0.268225
2 0.658009 0.149344 0.0353062 0.0499167 0.267075
2 0.0181135 0.529526 0.0362271 0.140948 0.266658
2 0.018452 0.527922 0.0364457 0.122093 0.249527
6 0.232144 0.502788 0.162852 0.248647 0.248468
2 0.75282 0.105652 0.0227983 0.0307497 0.244712
5 0.68107 0.292325 0.0567524 0.0888378 0.240773
2 0.875598 0.0959888 0.019969 0.0246196 0.232443
2 0.658973 0.107632 0.0285079 0.0302419 0.229892
2 0.725113 0.0744173 0.0223366 0.023459 0.229637
2 0.824678 0.216804 0.0445415 0.0588152 0.226121
2 0.658127 0.148654 0.0369873 0.0515482 0.221262
2 0.72507 0.0737045 0.0219913 0.0252917 0.218206
2 0.855743 0.141975 0.0308563 0.0391856 0.213987
5 0.681074 0.29223 0.0569589 0.0886665 0.213484
6 0.233101 0.496779 0.163343 0.239737 0.21346
2 0.702472 0.145664 0.0335209 0.0383322 0.207592
2 0.251102 0.42712 0.12256 0.0982317 0.206663
2 0.202048 0.948908 0.22053 0.101076 0.203899
2 0.755452 0.0771251 0.0369192 0.0314753 0.203525
2 0.754931 0.0779139 0.0336911 0.0263821 0.193717
7 0.680928 0.292009 0.0561781 0.0883505 0.190475
2 0.809045 0.138364 0.0300354 0.0396149 0.189869
6 0.23243 0.501547 0.163647 0.250418 0.188561
2 0.753015 0.105981 0.0230593 0.0316151 0.186542
2 0.659194 0.10805 0.0291605 0.0312393 0.186404
2 0.752543 0.107802 0.0223625 0.0299646 0.184643
7 0.68106 0.291393 0.0565474 0.0878112 0.182735
2 0.65782 0.149727 0.0357996 0.0502283 0.179151
2 0.724856 0.0743962 0.0213846 0.0246542 0.172592
2 0.219172 0.511477 0.135766 0.161795 0.170629
0 0.203412 0.949021 0.217376 0.100989 0.169572
2 0.824267 0.218459 0.0432995 0.0573886 0.168248
2 0.657424 0.149496 0.0364058 0.0513865 0.162153
2 0.704112 0.144789 0.0340506 0.0374397 0.161604
2 0.218758 0.511192 0.135953 0.158526 0.156843
2 0.875388 0.0965946 0.0193977 0.0240335 0.156031
2 0.20343 0.948896 0.21877 0.101152 0.155124
2 0.947987 0.104532 0.0216639 0.0256724 0.153045
2 0.656516 0.152012 0.0329172 0.0465857 0.149177
2 0.0189945 0.535782 0.0377298 0.135694 0.149002
2 0.658235 0.148566 0.0375444 0.0510986 0.144041
2 0.0181042 0.532098 0.03596 0.130179 0.143842
0 0.202715 0.948978 0.220263 0.10097 0.143455
2 0.80977 0.134539 0.0319048 0.0422379 0.13894
2 0.703519 0.145643 0.0311427 0.0378947 0.138619
2 0.855488 0.144458 0.0307365 0.0350826 0.13763
2 0.755044 0.0756604 0.0359969 0.0295028 0.136484
2 0.75536 0.0781786 0.0373638 0.0338418 0.135713
2 0.947978 0.103345 0.0221413 0.0282325 0.132353
2 0.809834 0.135513 0.0321146 0.0413139 0.132217
2 0.756044 0.0800784 0.0356997 0.03234 0.131553
0 0.20282 0.949163 0.218318 0.101098 0.130145
7 0.658467 0.148933 0.0386328 0.0527178 0.128907
2 0.75613 0.0785185 0.0348456 0.0281217 0.128771
2 0.808887 0.137924 0.0299316 0.0400538 0.126483
2 0.202124 0.949119 0.219947 0.101196 0.126409
2 0.948029 0.103541 0.0224045 0.0259365 0.125842
7 0.68024 0.290979 0.0577831 0.0899415 0.125599
2 0.703702 0.144813 0.0312744 0.0383863 0.124294
2 0.958537 0.283346 0.0461945 0.0670912 0.120278
2 0.658376 0.149114 0.0346889 0.0519923 0.119599
2 0.202095 0.948815 0.221389 0.101592 0.116195
2 0.201501 0.949069 0.221728 0.100724 0.114981
2 0.910948 0.0964942 0.0250843 0.0315035 0.114245
2 0.220933 0.512439 0.138844 0.1635 0.111885
2 0.219028 0.512668 0.135649 0.157434 0.111677
2 0.25148 0.428095 0.119994 0.100006 0.110855
2 0.202386 0.948812 0.221548 0.101725 0.105748
2 0.0183113 0.526653 0.0366227 0.118187 0.102731
2 0.218965 0.512667 0.136482 0.16489 0.101914
7 0.680279 0.289646 0.0578446 0.088235 0.101869
2 0.218695 0.509941 0.136583 0.159773 0.101493
5 0.681441 0.287712 0.0568466 0.0932562 0.0932498
2 0.657988 0.108588 0.0308638 0.0311681 0.088514
2 0.808376 0.137323 0.0327011 0.0396163 0.0877589
0 0.203636 0.949088 0.219556 0.101302 0.0861506
2 0.221314 0.51003 0.141677 0.170138 0.085624
2 0.65858 0.110532 0.0327202 0.0316477 0.0817869
6 0.220015 0.516508 0.136353 0.177023 0.0776621
2 0.753974 0.103465 0.0268651 0.0275644 0.0769128
2 0.657128 0.150001 0.0349409 0.0499291 0.075701
2 0.658399 0.14936 0.0378443 0.0512905 0.0740027
2 0.79538 0.0652529 0.0189785 0.0240908 0.0736797
7 0.68018 0.290323 0.0581654 0.0875587 0.0713326
2 0.658819 0.109122 0.0307121 0.031687 0.0707098
2 0.203337 0.948831 0.221316 0.101548 0.0697536
2 0.238463 0.488914 0.148712 0.220414 0.0687909
5 0.680083 0.293359 0.0564102 0.0862412 0.0685071
2 0.823952 0.22681 0.0424675 0.0438628 0.0676308
2 0.265355 0.413545 0.0895586 0.0688729 0.0645949
6 0.248419 0.494309 0.197037 0.250658 0.0637176
2 0.27494 0.416153 0.0725965 0.0706401 0.0636149
2 0.823758 0.22567 0.042252 0.0453256 0.0634678
0 0.202857 0.948887 0.21888 0.101653 0.0604592
2 0.885793 0.0836824 0.0156826 0.0314135 0.0590429
5 0.681117 0.290197 0.0564564 0.0888494 0.0585074
2 0.808358 0.136205 0.0325178 0.0404869 0.0580684
2 0.220345 0.512671 0.137348 0.157582 0.0575202
2 0.278477 0.416462 0.0667733 0.0702227 0.0574839
2 0.701911 0.147939 0.0347876 0.0410559 0.0566244
2 0.658647 0.147836 0.0382727 0.0535186 0.0511671
2 0.235419 0.486874 0.153389 0.21543 0.049695
2 0.820563 0.0458165 0.0159952 0.0153066 0.0493679
2 0.268899 0.416825 0.0850361 0.0743061 0.048319
2 0.26516 0.407316 0.0868358 0.0604182 0.0456428
2 0.753514 0.101669 0.0259466 0.023969 0.0454723
2 0.620166 0.220298 0.0537344 0.0506174 0.0445833
2 0.796345 0.0620777 0.0188149 0.0235955 0.043667
2 0.70338 0.145671 0.0364305 0.0386732 0.0431666
2 0.280752 0.418882 0.0602989 0.0692026 0.0415475
2 0.754541 0.0794365 0.0317715 0.0310792 0.0414326
2 0.223728 0.451995 0.0687432 0.0538961 0.0412792
7 0.680401 0.291508 0.0575225 0.0891341 0.0410285
2 0.280304 0.417875 0.0615238 0.0704197 0.0407094
2 0.619614 0.221563 0.0530041 0.052238 0.0393775
2 0.0203537 0.533221 0.0406206 0.134398 0.0392943
2 0.704522 0.142623 0.0331516 0.033158 0.0378281
2 0.279866 0.417942 0.0619267 0.0722166 0.037572
2 0.756041 0.0746288 0.0345493 0.0363034 0.0368889
2 0.753893 0.105221 0.0270024 0.029622 0.0366089
2 0.219147 0.526738 0.136399 0.195864 0.0361925
2 0.655873 0.153397 0.0317556 0.043653 0.0353628
2 0.219031 0.533939 0.137086 0.208156 0.0337296
2 0.25287 0.425942 0.122402 0.096149 0.0331914
2 0.401534 0.014007 0.0362164 0.0164242 0.0326844
2 0.0181289 0.527141 0.0360203 0.116851 0.0325592
2 0.266746 0.413728 0.0910272 0.0713188 0.032039
2 0.279798 0.417242 0.0636494 0.0709963 0.0319552
2 0.339254 0.0181973 0.0419696 0.0201437 0.0317623
2 0.232882 0.450028 0.0890639 0.0663876 0.0311271
2 0.657468 0.109772 0.0315502 0.0330349 0.0306511
7 0.680026 0.288742 0.0586141 0.0871988 0.0304624
2 0.886825 0.0791695 0.0175163 0.0251487 0.0288043
2 0.446055 0.252763 0.0557705 0.0646765 0.0286925
2 0.811662 0.0479627 0.0205299 0.0180772 0.0285339
2 0.400772 0.01418 0.035119 0.0160326 0.0279117
2 0.251825 0.42379 0.121547 0.0898407 0.0268182
2 0.252177 0.419941 0.121198 0.0821468 0.0264526
2 0.219808 0.533177 0.139245 0.208344 0.0263781
2 0.876723 0.0924125 0.0215969 0.0314248 0.0262301
2 0.808389 0.138473 0.0325661 0.0407779 0.0260243
2 0.82444 0.21167 0.0412815 0.0484962 0.0250839
2 0.226943 0.503892 0.15287 0.189043 0.0246921
2 0.911163 0.0957506 0.0260393 0.0325142 0.0242101
2 0.756059 0.0824885 0.0334953 0.0346339 0.0236409
2 0.806527 0.0554181 0.0193016 0.0180734 0.0231746
2 0.854833 0.144164 0.0296745 0.0399493 0.0231626
2 0.823996 0.217643 0.0428722 0.0583394 0.0231235
2 0.280413 0.41809 0.0619716 0.0703549 0.0231089
2 0.911234 0.0957217 0.0254436 0.0325178 0.0227618
2 0.90371 0.100156 0.0304701 0.0293274 0.0221437
2 0.621113 0.219811 0.0525913 0.0504202 0.0220418
2 0.657164 0.107448 0.0301134 0.0306452 0.0220386
7 0.657637 0.148745 0.0372583 0.0518749 0.0219629
2 0.232116 0.4852 0.159962 0.212739 0.0216305
2 0.950193 0.0667828 0.0173565 0.0193119 0.0200357
2 0.280457 0.421437 0.0581013 0.064534 0.0196484
5 0.947249 0.0884524 0.0249599 0.0552616 0.0188081
2 0.732797 0.0716625 0.0295099 0.0302979 0.0187183
2 0.339029 0.0188345 0.0433148 0.0202489 0.0184943
2 0.226553 0.451894 0.07419 0.0567467 0.0178405
2 0.0203733 0.533148 0.0405893 0.135783 0.0176578
2 0.235521 0.458515 0.0962355 0.0656496 0.0176443
7 0.75067 0.0663681 0.0276483 0.0278524 0.0173081
2 0.947431 0.102657 0.0242199 0.02768 0.0172059
6 0.219948 0.531832 0.137291 0.207659 0.0164667
2 0.92079 0.0660676 0.0180653 0.0203706 0.0164539
2 0.277399 0.414214 0.0690119 0.0648862 0.015931
2 0.948871 0.007932 0.0371246 0.015864 0.0153369
2 0.947671 0.00958999 0.0391144 0.01918 0.0151197
7 0.680043 0.296051 0.0561623 0.0790353 0.0150932
5 0.947899 0.08769 0.0234846 0.0578967 0.0148898
2 0.239393 0.427866 0.0968319 0.0984467 0.0148296
2 0.245746 0.425973 0.110011 0.0999908 0.0146936
2 0.21704 0.451932 0.0542843 0.0526595 0.0145416
6 0.234812 0.508436 0.172443 0.259875 0.0143031
2 0.339985 0.017429 0.0406645 0.0207449 0.0140725
2 0.252542 0.413144 0.0786639 0.0703273 0.0133589
5 0.680458 0.290437 0.0552187 0.0861992 0.0133298
7 0.754379 0.0649601 0.0359138 0.0269162 0.0133223
0 0.239557 0.508263 0.0155622 0.0286382 0.0131137
2 0.799619 0.0656918 0.0287874 0.0246357 0.0127424
2 0.269607 0.412237 0.0786588 0.062946 0.012589
2 0.249294 0.40621 0.0530035 0.0579333 0.0125176
2 0.24039 0.424381 0.0946463 0.0941655 0.0122549
2 0.796006 0.0522916 0.0188448 0.0252243 0.0121802
2 0.26537 0.408545 0.0862876 0.0611533 0.0119422
2 0.8863 0.0777581 0.0158859 0.0255427 0.0118862
2 0.699866 0.146895 0.0342 0.0420485 0.0118126
