2 0.693556 0.651899 0.163093 0.359118 0.753568
2 0.619406 0.0948458 0.0983295 0.0639218 0.738598
2 0.159644 0.134462 0.0832077 0.0568147 0.735889
2 0.160487 0.134274 0.0843748 0.0577344 0.704684
2 0.159938 0.134551 0.0833209 0.0576754 0.702853
2 0.159546 0.134488 0.0831827 0.0569167 0.693964
2 0.693896 0.651955 0.162223 0.358017 0.687564
2 0.694043 0.652068 0.162419 0.357982 0.676504
2 0.693672 0.65252 0.162857 0.356901 0.673646
2 0.694198 0.651695 0.160579 0.359075 0.670031
2 0.158404 0.134328 0.0804603 0.0565856 0.653024
2 0.788746 0.0862579 0.119297 0.0781911 0.638099
2 0.159709 0.13451 0.0837449 0.0574646 0.61943
2 0.788851 0.0862323 0.119285 0.0777954 0.61722
2 0.693729 0.652398 0.163462 0.357925 0.61574
2 0.694067 0.652133 0.161805 0.35813 0.611994
2 0.789402 0.0858704 0.117963 0.0774576 0.610181
2 0.788596 0.086184 0.120309 0.0777425 0.601042
2 0.788702 0.0861368 0.120102 0.0786565 0.596295
0 0.0692524 0.213859 0.0290016 0.0872484 0.588474
0 0.0704657 0.213925 0.0297863 0.0868442 0.58743
2 0.788591 0.0862757 0.120221 0.0781685 0.577609
2 0.693439 0.652414 0.163791 0.356817 0.564693
0 0.0693846 0.214106 0.0291006 0.0886615 0.562014
2 0.788676 0.0861808 0.120259 0.0786406 0.554689
2 0.742258 0.327022 0.109772 0.155025 0.553098
2 0.619797 0.0929315 0.0988598 0.0628625 0.552957
2 0.78887 0.0864179 0.119387 0.0792409 0.551969
0 0.0691563 0.214059 0.0287657 0.087765 0.529559
2 0.455732 0.229467 0.0774359 0.10879 0.527217
0 0.0708565 0.213814 0.0289163 0.0861733 0.521933
2 0.788733 0.0862311 0.119234 0.078987 0.521749
2 0.619615 0.0927357 0.0987144 0.0619928 0.511536
0 0.0710626 0.212454 0.0295528 0.0841452 0.51083
2 0.619887 0.0929707 0.0995543 0.0624773 0.484802
2 0.788572 0.086552 0.119918 0.0790642 0.47467
0 0.79153 0.191592 0.0198841 0.0995247 0.468351
0 0.791305 0.19092 0.0199476 0.0967354 0.464021
2 0.158318 0.134503 0.0796661 0.0570153 0.460394
2 0.742717 0.327448 0.109955 0.157113 0.454903
2 0.619932 0.0937746 0.0994122 0.0639379 0.454564
2 0.692908 0.652561 0.165098 0.359658 0.449359
0 0.0710239 0.212991 0.0286683 0.0842583 0.446766
0 0.791362 0.192078 0.0232535 0.100438 0.446761
2 0.742969 0.327392 0.110746 0.157497 0.445528
0 0.070779 0.213081 0.0287374 0.0842875 0.444135
2 0.45577 0.22959 0.0773663 0.10892 0.437435
2 0.742681 0.327803 0.11009 0.157776 0.437254
2 0.455751 0.229474 0.0776991 0.108849 0.433752
0 0.791566 0.19168 0.0237597 0.101047 0.428889
0 0.791373 0.192578 0.0207777 0.0973528 0.421344
2 0.455447 0.229327 0.0775162 0.108655 0.420267
0 0.791062 0.191835 0.0237598 0.102238 0.410263
2 0.619546 0.0923628 0.100169 0.0615124 0.402186
2 0.619646 0.0939789 0.0990986 0.0631572 0.387099
2 0.232755 0.144334 0.0899091 0.0690254 0.383534
2 0.619211 0.0944688 0.0993452 0.0631401 0.383266
2 0.693676 0.650848 0.164615 0.361237 0.379997
2 0.505227 0.459764 0.111927 0.212095 0.371338
2 0.233024 0.144195 0.0892662 0.0691234 0.370006
2 0.233269 0.144231 0.0906162 0.0687258 0.369248
2 0.160772 0.133998 0.0846129 0.0581661 0.368025
2 0.456057 0.229736 0.0779462 0.109409 0.361337
0 0.0694493 0.214609 0.0291279 0.0860684 0.345318
7 0.455855 0.229454 0.077482 0.108691 0.342953
0 0.791001 0.191466 0.0208992 0.0981808 0.323019
2 0.742903 0.32812 0.110186 0.157642 0.31661
2 0.233214 0.144584 0.0897884 0.0687357 0.311287
7 0.455743 0.229755 0.0773018 0.108637 0.30501
5 0.743067 0.327459 0.110201 0.157237 0.304084
2 0.455459 0.229534 0.0773312 0.108617 0.299917
5 0.743097 0.32871 0.110778 0.15816 0.291084
2 0.505206 0.45969 0.112148 0.213274 0.286056
2 0.233273 0.143969 0.0897858 0.0679257 0.277446
2 0.23279 0.144429 0.0899151 0.0697635 0.274934
2 0.742917 0.327379 0.109813 0.156632 0.272528
2 0.618156 0.0949106 0.0963673 0.0643145 0.26692
0 0.699435 0.169573 0.0194901 0.0932304 0.265736
2 0.50546 0.459396 0.110532 0.211638 0.262208
2 0.455694 0.229406 0.0779008 0.109357 0.26207
0 0.757721 0.174783 0.0240424 0.0660494 0.258782
2 0.232917 0.144062 0.0895903 0.0697384 0.256611
39 0.492692 0.94289 0.159533 0.113124 0.250223
0 0.758177 0.175797 0.0231815 0.0693832 0.246548
0 0.787387 0.191493 0.0287044 0.100202 0.245858
0 0.699108 0.195968 0.0180315 0.0403811 0.245688
0 0.758162 0.175726 0.0219797 0.0662091 0.240866
5 0.399056 0.141979 0.0771772 0.0759763 0.237953
7 0.455794 0.229438 0.0782389 0.109463 0.231729
2 0.504775 0.45966 0.111679 0.212955 0.224285
5 0.398318 0.142059 0.0770879 0.0761159 0.220475
5 0.742973 0.327061 0.110279 0.155879 0.219777
0 0.699417 0.169721 0.019531 0.0932222 0.216295
2 0.23328 0.144825 0.0912901 0.0704037 0.215954
5 0.743007 0.328181 0.110987 0.158625 0.210208
2 0.505832 0.458432 0.110895 0.214908 0.208957
5 0.39822 0.141895 0.0775475 0.076736 0.19166
0 0.758501 0.178086 0.0202279 0.0671318 0.191562
2 0.504944 0.459835 0.112002 0.21442 0.189822
39 0.492181 0.942771 0.160129 0.113238 0.183922
39 0.492287 0.942921 0.160358 0.113374 0.176953
2 0.504572 0.459964 0.111912 0.213528 0.171583
0 0.788353 0.192312 0.0263248 0.0977624 0.165736
39 0.492817 0.942804 0.159976 0.113251 0.164507
0 0.069011 0.216728 0.0301738 0.0814203 0.163938
0 0.0717224 0.211837 0.027235 0.081143 0.163914
39 0.492744 0.94274 0.159967 0.11341 0.162436
2 0.159725 0.134892 0.082968 0.0578894 0.160204
0 0.79107 0.197976 0.0212992 0.0888732 0.15864
0 0.786869 0.190796 0.0287555 0.0978764 0.154267
0 0.699447 0.168257 0.0204712 0.0933203 0.154066
0 0.736955 0.181819 0.0222462 0.0481842 0.153884
39 0.491925 0.942934 0.161471 0.113463 0.150592
0 0.759646 0.198338 0.0203144 0.0414228 0.148908
2 0.232909 0.143772 0.089636 0.0680684 0.148479
39 0.492384 0.942662 0.159871 0.114265 0.147865
0 0.759475 0.192948 0.0205792 0.0478716 0.145472
0 0.698908 0.196081 0.0177002 0.0400598 0.141901
0 0.736183 0.182953 0.0211525 0.0466676 0.141108
0 0.757753 0.173893 0.0244226 0.0674429 0.14035
5 0.398253 0.14209 0.0773594 0.0773257 0.14029
0 0.588988 0.195775 0.0212756 0.0965838 0.13961
0 0.564455 0.179675 0.0217957 0.0501195 0.139131
0 0.739621 0.175361 0.025222 0.0609795 0.138921
5 0.398086 0.141988 0.0777509 0.0767574 0.135752
0 0.699765 0.167063 0.0199402 0.0924641 0.13046
0 0.0719999 0.213143 0.0281991 0.0807659 0.129623
0 0.0685782 0.21711 0.0296067 0.0813303 0.126724
0 0.700108 0.167312 0.0196894 0.0918526 0.126075
0 0.735932 0.184182 0.021316 0.044934 0.12469
5 0.39785 0.141871 0.0779561 0.077117 0.122212
0 0.4926 0.942952 0.160258 0.11338 0.121287
0 0.737834 0.179093 0.0232462 0.0531955 0.117198
0 0.746551 0.172666 0.0209745 0.0662324 0.1169
0 0.787057 0.19063 0.0287354 0.0987214 0.114185
0 0.7381 0.181755 0.0234444 0.0471109 0.112347
0 0.564724 0.180041 0.0214381 0.0501853 0.111078
7 0.504349 0.461239 0.111484 0.215099 0.107398
0 0.588066 0.195191 0.0232674 0.0982211 0.107145
0 0.791084 0.193381 0.022921 0.100236 0.104422
2 0.229916 0.144279 0.0835037 0.0686379 0.103471
0 0.759406 0.176142 0.0229176 0.0671006 0.101349
0 0.75884 0.178093 0.0235751 0.0714017 0.0989478
39 0.492015 0.942772 0.161396 0.113782 0.0985555
0 0.564433 0.178835 0.0221423 0.0485856 0.0985095
2 0.503012 0.461346 0.119122 0.215057 0.0969762
0 0.699992 0.16843 0.0205568 0.0929308 0.0964497
39 0.492621 0.942769 0.159533 0.113486 0.0953099
0 0.564981 0.178636 0.0218018 0.0484477 0.0935827
2 0.639374 0.00430128 0.0306135 0.00860256 0.0926287
7 0.45601 0.229651 0.0773083 0.108605 0.0923501
0 0.587758 0.194799 0.024113 0.0977089 0.0900487
0 0.332257 0.279392 0.0200091 0.102171 0.0889948
2 0.232782 0.143442 0.0889447 0.0698041 0.0886823
0 0.74158 0.174643 0.0303281 0.0631368 0.0855328
0 0.698975 0.196104 0.018918 0.0404922 0.0848528
0 0.58746 0.194419 0.0243307 0.0996822 0.0844654
5 0.398276 0.141752 0.0769946 0.0738711 0.0839685
0 0.564342 0.179244 0.0214076 0.0487702 0.0818383
2 0.61999 0.0941299 0.10044 0.065182 0.0805359
5 0.398052 0.141218 0.0786091 0.0779123 0.0793185
5 0.399112 0.142241 0.0771259 0.0766866 0.0783678
39 0.492037 0.942631 0.160323 0.113579 0.0744593
0 0.760167 0.199949 0.0203238 0.0463683 0.0742559
0 0.80527 0.0185827 0.0141971 0.0364093 0.0740624
0 0.699201 0.196382 0.0189243 0.0396965 0.0725039
0 0.332308 0.280216 0.0209793 0.0986203 0.0722778
0 0.805529 0.0189907 0.0143722 0.0369038 0.0720329
0 0.332486 0.284069 0.0227182 0.0919343 0.0708824
0 0.267999 0.200946 0.0275568 0.0733026 0.0699503
0 0.737391 0.181331 0.0210983 0.0515362 0.0695109
5 0.398642 0.14242 0.0779055 0.0771223 0.0686249
0 0.760539 0.198187 0.0203534 0.0424761 0.0658173
0 0.804551 0.0180346 0.0152422 0.0358549 0.0624168
5 0.397618 0.141731 0.0759934 0.0740693 0.0611705
0 0.759975 0.173857 0.0224253 0.0598061 0.0579433
0 0.759202 0.198549 0.0201181 0.0465516 0.0574647
9 0.129983 0.0121739 0.0184724 0.0232626 0.0573876
0 0.76681 0.00819402 0.013735 0.016388 0.0563892
0 0.589983 0.199796 0.0188543 0.0905395 0.0549775
0 0.587555 0.196111 0.0236876 0.097289 0.0547387
0 0.629945 0.173878 0.0237851 0.0871681 0.0539351
0 0.787944 0.197445 0.025606 0.0892338 0.053795
2 0.566554 0.17868 0.0250425 0.049162 0.053539
2 0.638793 0.00445065 0.0324644 0.00890129 0.053258
0 0.331789 0.279412 0.0199423 0.103899 0.0531956
0 0.348021 0.178473 0.0175872 0.0825473 0.0529514
9 0.129049 0.00909695 0.0164788 0.0181939 0.0494083
2 0.738563 0.00791942 0.0392372 0.0158388 0.0477507
0 0.0674522 0.222211 0.0238252 0.0714113 0.047704
5 0.397915 0.141747 0.0779637 0.0779047 0.0471461
0 0.629822 0.171954 0.0223501 0.0844862 0.046977
2 0.619355 0.0945215 0.0972283 0.063374 0.0467295
0 0.791992 0.183989 0.018099 0.0853096 0.0464481
0 0.739281 0.17434 0.0247519 0.0639773 0.0463515
0 0.735666 0.186502 0.022802 0.0453453 0.0451104
0 0.0666925 0.220959 0.0256235 0.0739023 0.0426018
2 0.00621798 0.108114 0.0124216 0.025615 0.0426012
0 0.760109 0.195023 0.0208123 0.0401296 0.0412293
0 0.58778 0.191658 0.0235401 0.0960844 0.0409715
0 0.565003 0.179366 0.0217087 0.0494346 0.0402797
0 0.630128 0.186191 0.0215571 0.0641124 0.0390112
0 0.0694713 0.196024 0.0227052 0.0516808 0.0387497
2 0.503494 0.466911 0.115873 0.224935 0.0386967
0 0.589725 0.197155 0.0232481 0.0979516 0.0352538
0 0.589438 0.196405 0.0251645 0.0973452 0.0349904
2 0.231438 0.143776 0.0878624 0.0639474 0.0345942
0 0.700052 0.152547 0.0166716 0.0640149 0.0345145
0 0.700101 0.166046 0.0174332 0.0909509 0.0342757
2 0.222235 0.0640487 0.0337116 0.042799 0.0342728
0 0.63 0.174615 0.0234453 0.0888874 0.0341603
0 0.749005 0.155277 0.0165394 0.0357424 0.0341152
2 0.232979 0.143907 0.0900721 0.0692939 0.0334166
2 0.607654 0.176968 0.0673901 0.122651 0.0332506
0 0.761789 0.201638 0.0206211 0.0499539 0.0325209
0 0.198899 0.127657 0.0196432 0.0381647 0.0323379
2 0.988023 0.0298746 0.0233648 0.0486478 0.0323151
0 0.268056 0.199148 0.0254295 0.0740424 0.0321224
2 0.739123 0.00720513 0.0299129 0.0143806 0.0315263
0 0.267353 0.199508 0.0256576 0.0703857 0.0315011
0 0.242926 0.12235 0.0214123 0.0227695 0.0313656
2 0.989453 0.0337673 0.0203953 0.0437097 0.0311292
2 0.629694 0.173972 0.0243076 0.0911421 0.0305759
0 0.590285 0.197233 0.0225059 0.0995102 0.0303155
2 0.974611 0.0285866 0.0502161 0.0540148 0.0301534
2 0.976625 0.0320735 0.0456896 0.0508478 0.0299777
2 0.639965 0.00744763 0.038903 0.0148953 0.0298272
0 0.349756 0.18319 0.0192071 0.0773678 0.0296835
0 0.06539 0.213575 0.0223413 0.0739103 0.0292495
0 0.198777 0.127881 0.0209252 0.0403587 0.0292338
0 0.629381 0.156741 0.0200597 0.054664 0.0291374
0 0.587717 0.198711 0.0237045 0.0936133 0.02861
2 0.976265 0.0294393 0.0466534 0.0542167 0.0284427
0 0.78814 0.0122941 0.0148676 0.0245881 0.0281891
0 0.349835 0.182366 0.019193 0.0797124 0.0277111
7 0.231529 0.145094 0.0848329 0.066105 0.02765
0 0.267143 0.200008 0.0276691 0.0704181 0.0276473
0 0.701309 0.151723 0.0149883 0.0613922 0.027217
0 0.579287 0.18508 0.0395953 0.0974264 0.0266824
0 0.63055 0.201769 0.0198375 0.0338101 0.026636
72 0.203369 0.581386 0.404971 0.831865 0.0264226
0 0.34949 0.179968 0.0199487 0.0828925 0.0263318
39 0.49278 0.943096 0.160385 0.113121 0.026085
72 0.218614 0.590845 0.433578 0.81463 0.0256265
0 0.26747 0.201831 0.0255207 0.069815 0.0254602
2 0.534262 0.167247 0.023031 0.0371804 0.0253596
2 0.629515 0.172396 0.025363 0.0900359 0.0251535
2 0.974672 0.0283481 0.0495636 0.0535488 0.0248947
0 0.783008 0.00853528 0.0164066 0.0170388 0.0248616
2 0.737916 0.00719536 0.0308149 0.0143608 0.0246376
2 0.693373 0.651788 0.163211 0.359659 0.0244885
0 0.0650916 0.220826 0.0226642 0.0751846 0.0243399
2 0.534177 0.166742 0.0232647 0.0365204 0.0241698
0 0.267065 0.202092 0.0274599 0.0681094 0.0240865
0 0.700973 0.16566 0.0165188 0.0885522 0.0240432
0 0.585102 0.19373 0.0299349 0.0999749 0.0239439
2 0.156926 0.134554 0.076821 0.0564219 0.0238179
67 0.379297 0.408036 0.0344051 0.0571672 0.023584
7 0.974109 0.0266638 0.0505968 0.0531358 0.02304
2 0.534379 0.165129 0.0237179 0.0390559 0.0227429
67 0.379338 0.408009 0.0337119 0.0569646 0.0226477
0 0.75414 0.164035 0.0233378 0.0528742 0.0225879
0 0.851133 0.0212625 0.0186604 0.0419215 0.0224104
0 0.198301 0.128036 0.020024 0.042781 0.0223269
0 0.706322 0.00555138 0.0159256 0.0110682 0.0218166
2 0.0121428 0.109134 0.0242855 0.0282559 0.0218003
0 0.697854 0.167529 0.0249996 0.0968511 0.0217981
7 0.974307 0.0272724 0.0508398 0.0539561 0.0217864
7 0.233617 0.146951 0.0879264 0.0634138 0.0217555
2 0.531589 0.14728 0.0318853 0.0782865 0.0216897
2 0.975748 0.0357412 0.0437454 0.0391218 0.021586
0 0.349894 0.181986 0.0201565 0.0779877 0.0212009
67 0.504621 0.461493 0.111267 0.215048 0.0211958
0 0.33095 0.279328 0.0187512 0.102433 0.0211002
0 0.852766 0.0207957 0.0171959 0.0411583 0.0204704
0 0.852068 0.0216135 0.015453 0.0412326 0.0203178
2 0.653805 0.0993636 0.0305568 0.0374343 0.0202845
0 0.850383 0.0219737 0.0167246 0.0414455 0.0200187
7 0.228507 0.145445 0.0783104 0.0664418 0.0199653
0 0.565436 0.15412 0.0251241 0.0998262 0.0192812
2 0.56749 0.152718 0.028966 0.0996902 0.0192483
2 0.788887 0.085653 0.121446 0.0767808 0.0191719
0 0.351139 0.178837 0.0231069 0.083248 0.0187192
0 0.702634 0.167349 0.028641 0.0929122 0.0186127
72 0.218466 0.629656 0.43308 0.73852 0.0183831
0 0.332541 0.279136 0.0221391 0.103749 0.0180405
0 0.0723933 0.212764 0.0348859 0.0857289 0.0177657
0 0.742696 0.187261 0.0346254 0.0522615 0.0176815
0 0.85353 0.0188726 0.0187952 0.0377452 0.0175719
0 0.268167 0.216188 0.0277392 0.104061 0.0175315
0 0.26722 0.209298 0.0277757 0.0737181 0.0173945
2 0.161194 0.134284 0.0857628 0.0589672 0.0173696
2 0.607651 0.183096 0.0664013 0.124007 0.0172247
2 0.332468 0.278685 0.0217505 0.103382 0.0170828
2 0.698071 0.167447 0.0257629 0.0956233 0.0170132
2 0.708051 0.165896 0.0342996 0.0908886 0.0169891
0 0.628916 0.178911 0.0237835 0.0798427 0.0168016
2 0.534365 0.166219 0.0227924 0.0378116 0.0166618
0 0.184892 0.113383 0.0161039 0.0201516 0.0161535
0 0.590622 0.221869 0.0182335 0.0487992 0.0161471
