2 0.0859199 0.746143 0.17184 0.259313 0.923218
2 0.0860236 0.746861 0.171712 0.259534 0.920431
2 0.086186 0.746509 0.172372 0.259659 0.917357
2 0.086448 0.746289 0.172605 0.258686 0.908544
2 0.086079 0.746104 0.171814 0.258222 0.904451
2 0.0858831 0.746515 0.171247 0.259889 0.900761
2 0.0861342 0.746229 0.17178 0.259261 0.897039
2 0.0859103 0.746283 0.171821 0.258616 0.893805
2 0.0859721 0.746319 0.171518 0.259042 0.883835
2 0.0860127 0.745995 0.171549 0.258066 0.87022
2 0.65074 0.586411 0.17953 0.209272 0.813815
2 0.287691 0.435994 0.174529 0.131927 0.739733
2 0.649735 0.586759 0.181788 0.208876 0.729838
2 0.288001 0.43556 0.176072 0.131849 0.727684
2 0.650201 0.586544 0.1804 0.208927 0.719202
2 0.287739 0.436723 0.17556 0.128581 0.689988
2 0.498928 0.464578 0.162053 0.14528 0.681975
2 0.496186 0.464322 0.155369 0.144577 0.667083
2 0.500693 0.464719 0.166197 0.14619 0.657151
2 0.287374 0.436829 0.174611 0.128636 0.652333
2 0.287901 0.434615 0.17626 0.133397 0.64065
2 0.287667 0.43629 0.17625 0.129558 0.639955
2 0.497796 0.465235 0.160124 0.147199 0.608148
2 0.498412 0.464885 0.162217 0.14633 0.603065
2 0.497009 0.464501 0.157907 0.145451 0.602221
2 0.567516 0.518541 0.185637 0.199458 0.585134
2 0.957831 0.33345 0.0837395 0.113489 0.582224
2 0.650644 0.586158 0.180623 0.210844 0.581222
2 0.497103 0.465069 0.160682 0.147817 0.577678
2 0.650368 0.587042 0.179834 0.211023 0.570037
2 0.496686 0.465331 0.158224 0.148417 0.565066
2 0.957348 0.333899 0.0844925 0.113613 0.561246
2 0.286744 0.433229 0.177516 0.135069 0.558024
2 0.567442 0.519676 0.184385 0.203517 0.551584
2 0.957748 0.33409 0.0836945 0.113689 0.544749
2 0.95795 0.333603 0.0832911 0.112853 0.537184
2 0.987531 0.421813 0.0241249 0.13535 0.535288
2 0.566314 0.521323 0.180979 0.201743 0.524029
2 0.545389 0.19871 0.0846392 0.0808181 0.521096
2 0.544341 0.197544 0.0842879 0.081579 0.506166
2 0.957247 0.33506 0.083856 0.11386 0.502629
2 0.2883 0.436184 0.174718 0.131505 0.499747
2 0.650937 0.586215 0.180707 0.20973 0.486398
2 0.570822 0.51931 0.193183 0.199748 0.485012
2 0.561052 0.518764 0.172853 0.196866 0.478897
2 0.957468 0.334461 0.0839552 0.113362 0.477709
2 0.650543 0.586298 0.179766 0.210611 0.471332
2 0.561973 0.518803 0.172569 0.198848 0.465678
2 0.288349 0.431202 0.175925 0.138941 0.461708
2 0.545059 0.197549 0.0850641 0.0802285 0.454218
2 0.564965 0.518958 0.179896 0.199468 0.44963
2 0.565756 0.521582 0.180821 0.195172 0.44163
2 0.650092 0.586646 0.181359 0.210077 0.441437
2 0.174032 0.92708 0.342974 0.144886 0.433226
2 0.8563 0.616598 0.188448 0.229329 0.428217
2 0.544825 0.197138 0.0836674 0.0811446 0.420541
2 0.957911 0.33355 0.0836533 0.112575 0.417537
2 0.856653 0.616415 0.187775 0.229642 0.411954
2 0.627275 0.254996 0.108522 0.116818 0.402964
2 0.544593 0.197228 0.0845643 0.0808818 0.402481
2 0.672394 0.196185 0.0803699 0.0756331 0.399668
2 0.501538 0.180432 0.072592 0.0721959 0.396971
2 0.650679 0.586185 0.180208 0.210025 0.391055
2 0.545171 0.196821 0.0846918 0.0806502 0.382494
2 0.957794 0.33462 0.0839054 0.114552 0.382478
2 0.957697 0.332983 0.0834328 0.112517 0.371306
2 0.669771 0.19657 0.086684 0.0759742 0.369192
2 0.987768 0.425792 0.0237175 0.13207 0.36417
2 0.174013 0.926988 0.344153 0.145056 0.342585
2 0.627041 0.254535 0.108698 0.117492 0.34246
2 0.855877 0.616255 0.18894 0.230614 0.339457
2 0.627248 0.256483 0.10839 0.11709 0.339086
0 0.162469 0.283049 0.0257275 0.082364 0.335605
0 0.16299 0.285597 0.0268052 0.0879933 0.335118
2 0.627196 0.255186 0.109818 0.115943 0.328941
2 0.8567 0.617265 0.188045 0.227257 0.326983
2 0.744584 0.15373 0.0411564 0.0351117 0.325404
2 0.670066 0.196436 0.0843971 0.0766811 0.324413
2 0.174451 0.927132 0.340921 0.144975 0.322223
2 0.957741 0.333027 0.0845177 0.108815 0.321116
2 0.627081 0.255074 0.110021 0.116799 0.319897
2 0.744656 0.152887 0.0415727 0.0356546 0.317223
2 0.987289 0.422237 0.0245434 0.134312 0.315206
2 0.287473 0.439681 0.174992 0.122772 0.315191
0 0.108013 0.268625 0.0267424 0.0639794 0.31061
0 0.162527 0.286236 0.0275674 0.091593 0.307748
2 0.627055 0.255002 0.110107 0.115584 0.306311
0 0.16309 0.286267 0.0275238 0.0902448 0.303187
2 0.673163 0.196798 0.0793769 0.0764461 0.303017
2 0.501203 0.180129 0.0730255 0.0723659 0.30111
0 0.162566 0.287144 0.0284003 0.0928338 0.300336
2 0.627093 0.254953 0.109614 0.116314 0.292925
2 0.55689 0.521002 0.166287 0.199485 0.292904
2 0.30814 0.345298 0.15236 0.102558 0.292225
2 0.560402 0.520242 0.171431 0.199409 0.289718
2 0.501347 0.180365 0.0726402 0.0723499 0.28829
2 0.856095 0.615756 0.188579 0.231076 0.286113
2 0.988297 0.420787 0.0228577 0.147024 0.275306
2 0.173936 0.927269 0.342316 0.144876 0.274711
2 0.855822 0.616454 0.189357 0.232435 0.27106
2 0.312661 0.343493 0.141125 0.0929478 0.270101
2 0.745184 0.153069 0.0428072 0.0366902 0.268099
2 0.310565 0.346453 0.144814 0.096623 0.263674
0 0.107513 0.272101 0.0299035 0.0728683 0.257733
2 0.544345 0.196609 0.0846033 0.0799363 0.257555
2 0.627343 0.25586 0.109486 0.117024 0.25716
2 0.627016 0.254647 0.10912 0.120256 0.252351
2 0.307472 0.349258 0.150037 0.107343 0.252178
2 0.174025 0.926929 0.344244 0.144959 0.24635
2 0.5693 0.516323 0.190138 0.207379 0.242916
2 0.307488 0.346771 0.151802 0.102207 0.24156
0 0.108758 0.269446 0.0240454 0.0664634 0.240922
2 0.500572 0.180146 0.0726672 0.0685328 0.240757
2 0.988182 0.418981 0.0231728 0.150772 0.240672
2 0.855982 0.615979 0.189046 0.231796 0.239904
2 0.744157 0.153788 0.0404568 0.0349542 0.234684
0 0.107801 0.270725 0.0267977 0.0678845 0.230088
2 0.174155 0.927052 0.345251 0.145528 0.22664
2 0.627137 0.254563 0.110578 0.115173 0.226112
2 0.307414 0.346185 0.15083 0.101505 0.222779
2 0.855976 0.615502 0.189684 0.232807 0.221057
2 0.345321 0.278654 0.0910524 0.0679274 0.220582
0 0.267134 0.237541 0.0228468 0.0727304 0.218233
2 0.889377 0.287308 0.0870548 0.0875948 0.215348
2 0.672804 0.197166 0.0790909 0.0773889 0.212834
2 0.746908 0.152358 0.0469481 0.0372522 0.21139
2 0.663419 0.196073 0.0988928 0.0770187 0.210336
2 0.855769 0.617275 0.188383 0.229034 0.209653
0 0.161874 0.277109 0.0270242 0.070726 0.207927
2 0.175371 0.927496 0.341262 0.144312 0.194736
2 0.304702 0.343837 0.154502 0.102224 0.193465
2 0.987984 0.414997 0.0236485 0.159536 0.193041
2 0.744578 0.152469 0.0407624 0.0363449 0.191182
2 0.74501 0.152816 0.0425147 0.0355345 0.189866
0 0.10802 0.272391 0.0280431 0.0718725 0.188893
0 0.162315 0.284058 0.0278178 0.0857801 0.188618
0 0.267043 0.236461 0.0229103 0.0718286 0.186618
2 0.305594 0.354071 0.154259 0.119663 0.185205
2 0.667947 0.19566 0.0894051 0.0763749 0.184052
0 0.108109 0.269238 0.0260799 0.0665679 0.183504
2 0.502706 0.179663 0.0722224 0.0704694 0.181955
0 0.16205 0.288808 0.0286915 0.0946656 0.179564
2 0.988225 0.424205 0.0230013 0.14687 0.176038
0 0.108429 0.269013 0.025895 0.0648467 0.173174
2 0.889302 0.287345 0.0864841 0.0878456 0.173174
2 0.987877 0.414436 0.0237556 0.161835 0.170323
0 0.162053 0.28972 0.0296098 0.101837 0.169891
2 0.856352 0.617041 0.188828 0.229173 0.165969
2 0.498118 0.463616 0.159824 0.142033 0.163125
2 0.345694 0.278644 0.0917635 0.0709811 0.158692
2 0.215421 0.202211 0.0381637 0.0409698 0.158073
2 0.501155 0.179983 0.0745564 0.070903 0.15796
2 0.306973 0.357439 0.15171 0.124856 0.155
2 0.501084 0.179339 0.0734468 0.0704447 0.143658
2 0.174504 0.927079 0.344539 0.14498 0.143304
2 0.987704 0.429005 0.0236965 0.12475 0.143069
2 0.174833 0.927266 0.344159 0.144708 0.142774
2 0.888907 0.288321 0.0872181 0.0901838 0.142132
0 0.267011 0.23836 0.022351 0.0725695 0.141548
2 0.500154 0.180128 0.0729723 0.0718189 0.14118
2 0.542757 0.197148 0.0793867 0.0804502 0.141038
2 0.888982 0.28854 0.089163 0.0899958 0.139543
2 0.888721 0.286616 0.0868637 0.0877584 0.137376
2 0.889111 0.288946 0.0868866 0.0892229 0.13694
2 0.888471 0.286729 0.0873619 0.08768 0.136885
0 0.109334 0.269225 0.02308 0.0633618 0.136804
2 0.544743 0.198823 0.0849367 0.0826875 0.134276
2 0.67315 0.196062 0.0783857 0.0746101 0.133323
0 0.162888 0.286623 0.0269547 0.0917336 0.133126
2 0.174498 0.927232 0.34261 0.144728 0.133106
2 0.340905 0.280705 0.0986072 0.0696923 0.131725
2 0.341297 0.279327 0.100575 0.0722304 0.130164
2 0.501234 0.180906 0.0728396 0.0718709 0.130083
2 0.987925 0.432252 0.0233624 0.118951 0.129848
2 0.307547 0.388993 0.14037 0.0852426 0.12702
0 0.266399 0.238331 0.0248068 0.0781009 0.124787
2 0.957772 0.331753 0.0837505 0.106619 0.123765
2 0.671383 0.20003 0.0839223 0.0832131 0.115862
0 0.266681 0.238255 0.0227755 0.0746042 0.114478
2 0.346688 0.279417 0.0891511 0.0703176 0.114271
0 0.0462757 0.318698 0.0351538 0.0935463 0.113482
0 0.16173 0.271935 0.0267246 0.0605216 0.112235
2 0.303109 0.345248 0.154026 0.103393 0.111726
2 0.744478 0.154309 0.0418163 0.0351249 0.110781
2 0.56503 0.518711 0.180201 0.20097 0.110725
0 0.162303 0.276564 0.0260131 0.0699589 0.109853
2 0.633899 0.221653 0.095599 0.060918 0.108636
0 0.102539 0.270194 0.0231559 0.0692034 0.108607
2 0.910947 0.0760605 0.0500393 0.0614542 0.105011
2 0.500653 0.180057 0.0730343 0.0739866 0.104588
2 0.299115 0.389779 0.144113 0.0837369 0.103019
2 0.672805 0.197567 0.0794312 0.0789646 0.102599
2 0.502443 0.178615 0.0706256 0.0682763 0.100633
0 0.132261 0.267956 0.0225248 0.0715021 0.0998166
2 0.957382 0.325199 0.0849083 0.0939523 0.0990661
2 0.795824 0.193887 0.0737931 0.0619544 0.0981481
2 0.503297 0.176919 0.0677629 0.0640327 0.0973687
2 0.305969 0.392158 0.144032 0.0878315 0.0965611
2 0.633372 0.223674 0.0957237 0.0585425 0.0935807
2 0.983541 0.115925 0.0321674 0.0596523 0.0925781
2 0.814501 0.262968 0.0228119 0.0285135 0.0904378
2 0.347588 0.284078 0.0876336 0.0729166 0.0904007
2 0.815137 0.263451 0.022299 0.0282105 0.0902202
2 0.958222 0.336367 0.0830873 0.116194 0.0900012
2 0.634375 0.222683 0.0923744 0.0556332 0.0891765
2 0.288302 0.430005 0.175685 0.141993 0.0886499
2 0.988293 0.401534 0.0230106 0.189867 0.0876119
0 0.266525 0.237643 0.0242663 0.0749102 0.0871306
2 0.910839 0.0789737 0.0473499 0.0615346 0.086415
0 0.266345 0.238598 0.0218804 0.077879 0.0863348
2 0.263666 0.190407 0.0407354 0.0221156 0.0851705
2 0.910905 0.0751745 0.0472742 0.05916 0.0848872
2 0.405334 0.232445 0.0534707 0.0571087 0.0839306
0 0.266921 0.23758 0.0260527 0.0729799 0.0831799
2 0.346196 0.282021 0.0887763 0.0707768 0.0821132
2 0.66199 0.195676 0.102904 0.0779983 0.0813411
0 0.0450989 0.318249 0.0332412 0.0941318 0.0810309
2 0.797656 0.193811 0.0736741 0.0627165 0.0794419
0 0.266881 0.233982 0.0228219 0.0684919 0.0794369
2 0.910724 0.0755558 0.0479904 0.0610803 0.0788694
9 0.462975 0.0711807 0.0166889 0.0342148 0.0785431
2 0.520169 0.463528 0.205882 0.148493 0.0764973
2 0.814918 0.263894 0.0233742 0.0290794 0.0764465
0 0.108861 0.27302 0.0304727 0.0741853 0.0763922
2 0.604009 0.273998 0.061046 0.0615145 0.0763573
0 0.133608 0.270167 0.0228935 0.077466 0.0757672
2 0.74457 0.154548 0.0412132 0.0347019 0.0756522
0 0.103832 0.270862 0.026844 0.070283 0.0745713
2 0.982512 0.11445 0.0342369 0.0651718 0.0736012
2 0.496143 0.183427 0.0624248 0.0677641 0.0735131
2 0.889144 0.290918 0.0866901 0.0935578 0.0728996
2 0.303211 0.392299 0.143462 0.0912152 0.0725014
2 0.847829 0.122018 0.080257 0.0654828 0.0722281
2 0.215066 0.20364 0.037323 0.0401644 0.072023
2 0.625914 0.150777 0.0225061 0.0197878 0.071494
2 0.987948 0.438881 0.023201 0.107303 0.0712832
2 0.406149 0.233616 0.0519876 0.0509403 0.0708638
2 0.888004 0.285243 0.0826092 0.08402 0.0704364
2 0.7986 0.192505 0.0847218 0.0652452 0.0703705
0 0.132306 0.267082 0.0217058 0.0694175 0.0698251
1 0.15908 0.314128 0.0278051 0.0605393 0.0696662
2 0.814588 0.262625 0.0243309 0.0297108 0.068424
2 0.982516 0.116341 0.0342178 0.0656521 0.068098
2 0.216186 0.197907 0.0390022 0.0338225 0.0674157
2 0.819608 0.178084 0.0364998 0.0323105 0.0664628
2 0.215394 0.202812 0.037462 0.0395653 0.066258
2 0.798902 0.192749 0.0791648 0.0640493 0.0662085
2 0.815786 0.263131 0.0261427 0.0297402 0.065823
0 0.0398234 0.269978 0.0175965 0.0403769 0.0654002
2 0.990743 0.404221 0.0179409 0.172296 0.0651601
2 0.982544 0.122511 0.0341311 0.0519941 0.0644892
2 0.601926 0.27328 0.0597637 0.0625185 0.0638314
2 0.396475 0.230728 0.0712247 0.0567055 0.0637547
2 0.888944 0.285576 0.0861172 0.0843517 0.0633117
2 0.603423 0.27406 0.0615155 0.063736 0.0631883
2 0.348163 0.278217 0.0863293 0.0655713 0.0631746
2 0.327261 0.282581 0.122696 0.0748749 0.0631093
2 0.625785 0.151966 0.0231451 0.019845 0.0627938
0 0.0207045 0.290385 0.0225844 0.0435239 0.0619827
2 0.79901 0.194326 0.0797712 0.0625053 0.0616889
2 0.545067 0.193466 0.0871372 0.0867346 0.0610724
2 0.987888 0.445536 0.0233692 0.089844 0.0609375
2 0.209822 0.199855 0.0481195 0.0353592 0.0608899
2 0.60846 0.20216 0.059684 0.0398868 0.0606323
2 0.7456 0.154065 0.0440838 0.0365658 0.060162
2 0.913804 0.0786632 0.0385059 0.049473 0.0601332
0 0.0209968 0.291444 0.0215267 0.0431237 0.0600479
2 0.392066 0.228057 0.080515 0.0625651 0.0599529
2 0.405896 0.235383 0.050713 0.0570759 0.0589393
1 0.159385 0.307903 0.0272333 0.0715033 0.0588377
2 0.312891 0.326465 0.14581 0.133574 0.0588179
9 0.460751 0.0659567 0.0130802 0.0260393 0.0585704
2 0.347769 0.280635 0.0871453 0.0689951 0.0585689
2 0.795551 0.198426 0.0722384 0.0527828 0.0574913
2 0.673331 0.195653 0.0793774 0.0748946 0.057313
2 0.601771 0.27212 0.059881 0.0629713 0.057242
9 0.4642 0.0744303 0.0178803 0.0387168 0.0571039
2 0.655247 0.197291 0.119191 0.0815288 0.0566024
0 0.133342 0.269312 0.0205846 0.0676428 0.0565829
2 0.912356 0.074598 0.0443996 0.0594292 0.0565679
0 0.160011 0.292117 0.0307108 0.101238 0.0562852
2 0.214162 0.203273 0.0377351 0.0403225 0.055872
2 0.492455 0.465783 0.150913 0.148709 0.0556078
0 0.265209 0.24044 0.0241819 0.0787703 0.055584
2 0.40618 0.233558 0.050768 0.0538 0.0551753
2 0.656429 0.228429 0.0463594 0.0445981 0.0549893
2 0.796872 0.194991 0.0719392 0.0613455 0.0548817
2 0.795549 0.195135 0.0782267 0.0610161 0.0545712
0 0.102446 0.270349 0.0247348 0.0689206 0.0543837
2 0.544141 0.198057 0.0817167 0.0795512 0.0541754
9 0.290727 0.182255 0.0130057 0.0290429 0.0538528
2 0.748714 0.149273 0.0508048 0.0410245 0.05347
2 0.982569 0.113736 0.034396 0.0656475 0.0511108
2 0.797982 0.14647 0.0662336 0.0527283 0.0508644
2 0.990373 0.329531 0.0185375 0.0902613 0.0508327
2 0.798533 0.165594 0.0704602 0.0525287 0.0508058
2 0.633976 0.223861 0.0888175 0.0546009 0.0507136
2 0.796986 0.156584 0.0640709 0.0397795 0.0506924
2 0.339724 0.340711 0.0848169 0.081578 0.0504454
2 0.312301 0.330836 0.148065 0.129714 0.050381
