2 0.406468 0.751888 0.17162 0.213236 0.779739
2 0.405716 0.752116 0.172639 0.214707 0.770722
2 0.405991 0.751572 0.171176 0.213492 0.75883
2 0.584179 0.233444 0.0521446 0.0549997 0.726013
2 0.722851 0.315136 0.0602442 0.0777218 0.717708
2 0.406524 0.751681 0.171783 0.212803 0.707498
2 0.584658 0.233887 0.0521709 0.0567781 0.687414
2 0.405501 0.751793 0.171037 0.213696 0.68694
2 0.584388 0.233745 0.0518183 0.0552256 0.684804
2 0.723002 0.314101 0.0601204 0.0756109 0.681952
2 0.584461 0.234149 0.0524371 0.0565269 0.67198
2 0.583909 0.233843 0.0514631 0.0556186 0.661045
2 0.752061 0.099724 0.024338 0.0245724 0.654663
2 0.723118 0.314033 0.0600936 0.0755218 0.651667
2 0.722939 0.314497 0.0606018 0.0747195 0.650315
2 0.407174 0.751482 0.174076 0.212754 0.641006
2 0.58427 0.233282 0.0524335 0.0549811 0.633345
2 0.804713 0.185271 0.0351631 0.0475575 0.633064
2 0.406233 0.750955 0.172358 0.213734 0.621939
2 0.723152 0.314578 0.0603914 0.0750926 0.604239
2 0.722779 0.31448 0.0602703 0.0765219 0.593829
2 0.723051 0.314774 0.0605566 0.0758335 0.586559
2 0.751877 0.0999296 0.0233404 0.0248433 0.579851
2 0.722912 0.314391 0.060928 0.0749382 0.559519
2 0.584395 0.234034 0.0516332 0.0560141 0.556506
2 0.862678 0.475793 0.072241 0.119328 0.546685
2 0.80476 0.18615 0.0335823 0.045734 0.525898
2 0.862613 0.475886 0.0725079 0.119552 0.524174
2 0.917042 0.171336 0.0339912 0.0483135 0.519433
2 0.723381 0.314643 0.0594877 0.0766875 0.519433
2 0.862731 0.476197 0.0723297 0.119433 0.518585
2 0.50284 0.225864 0.0545547 0.0516711 0.51513
2 0.503511 0.225943 0.0540037 0.0525694 0.511867
2 0.406397 0.75054 0.171033 0.212236 0.506605
2 0.917418 0.171128 0.034058 0.0493794 0.501815
2 0.862668 0.476 0.0722706 0.119167 0.493768
2 0.7517 0.0999605 0.0231974 0.0252607 0.493743
2 0.502725 0.226357 0.0535452 0.0522776 0.490136
2 0.862346 0.475536 0.0725029 0.118942 0.489677
2 0.722936 0.313916 0.0603618 0.0757427 0.489569
2 0.862676 0.476119 0.0717648 0.119726 0.488988
2 0.40602 0.751048 0.171975 0.212053 0.486203
2 0.482406 0.907367 0.207783 0.18449 0.481913
2 0.91714 0.171422 0.0339315 0.0485667 0.478412
2 0.862358 0.475857 0.0720617 0.119466 0.475264
2 0.916654 0.171727 0.0328312 0.0464478 0.472597
2 0.482255 0.907059 0.208214 0.184709 0.464804
2 0.481937 0.906967 0.208144 0.185678 0.463824
2 0.804945 0.185606 0.0344627 0.0469212 0.463014
2 0.503504 0.226113 0.0547018 0.0524852 0.447199
2 0.502109 0.225822 0.0527232 0.0515916 0.44643
2 0.502904 0.225864 0.0537256 0.0518867 0.438155
2 0.916797 0.171321 0.0330593 0.0464769 0.429289
2 0.751497 0.0995396 0.024659 0.0253399 0.424512
2 0.862304 0.475567 0.0719734 0.119742 0.415107
2 0.482304 0.907248 0.20787 0.184703 0.407531
2 0.862503 0.475668 0.07257 0.119242 0.407068
2 0.482372 0.907149 0.208452 0.184915 0.386972
2 0.528892 0.320463 0.0700563 0.0833299 0.384466
2 0.584749 0.234208 0.052533 0.0565495 0.380764
2 0.481746 0.906919 0.209178 0.185945 0.377343
2 0.406223 0.750414 0.171269 0.214947 0.372414
2 0.528985 0.32023 0.0702564 0.0819992 0.37212
2 0.502572 0.225959 0.0532317 0.051678 0.366683
2 0.804866 0.18526 0.034505 0.0461122 0.355449
2 0.405456 0.755185 0.170407 0.218859 0.35051
2 0.804757 0.185988 0.034194 0.0460129 0.349673
2 0.482289 0.907228 0.207972 0.184866 0.349141
2 0.765972 0.388874 0.0660425 0.0969227 0.345042
2 0.895904 0.107407 0.0263172 0.0301778 0.33822
2 0.528949 0.320815 0.0696867 0.0825593 0.337348
2 0.862275 0.476088 0.0714777 0.120124 0.336417
2 0.804908 0.186248 0.0342784 0.0470441 0.331
2 0.895902 0.108437 0.0251678 0.0301641 0.330821
2 0.765313 0.389426 0.0680277 0.0976733 0.328224
2 0.765713 0.389401 0.0673476 0.0974934 0.322307
2 0.91679 0.171537 0.0340351 0.0478616 0.32004
2 0.528631 0.319702 0.0696305 0.0815466 0.3125
2 0.765397 0.388817 0.0676836 0.0977833 0.30888
2 0.917213 0.171477 0.0337025 0.0479847 0.307534
2 0.753562 0.388548 0.0905998 0.0968022 0.305678
2 0.502208 0.22564 0.0539381 0.0516235 0.301736
2 0.502877 0.225809 0.0547292 0.0524849 0.299273
2 0.528928 0.321106 0.0696652 0.0833158 0.292198
2 0.805386 0.185283 0.0348259 0.0476821 0.287754
2 0.764052 0.389394 0.0696562 0.098467 0.286785
2 0.584145 0.23384 0.052142 0.0561189 0.284388
2 0.765772 0.38942 0.0672153 0.0967369 0.284097
2 0.917041 0.171534 0.0339287 0.0481558 0.264972
2 0.528974 0.321012 0.0703644 0.0835154 0.263648
2 0.722226 0.315281 0.0601709 0.0771129 0.263265
2 0.754368 0.38907 0.0897497 0.0969664 0.262871
2 0.895749 0.108258 0.0254093 0.0313381 0.253999
2 0.502371 0.225696 0.0523927 0.0516366 0.248576
2 0.528613 0.320412 0.0694431 0.0827617 0.234619
2 0.917252 0.170911 0.0338543 0.0488551 0.232567
2 0.502446 0.225177 0.0537191 0.0510312 0.221952
2 0.895598 0.107189 0.0270485 0.0319715 0.21319
2 0.804221 0.187473 0.0326529 0.0448303 0.210219
2 0.937234 0.0997986 0.0210905 0.0290071 0.208542
2 0.529005 0.320023 0.0700979 0.0841717 0.206431
2 0.804017 0.184917 0.0348728 0.0454437 0.19834
2 0.894396 0.106309 0.0287876 0.0294139 0.190827
2 0.89551 0.105962 0.029837 0.0316636 0.17891
2 0.804517 0.186935 0.0330191 0.0460892 0.170438
0 0.00960365 0.0909725 0.0191403 0.0400455 0.168952
2 0.48302 0.906945 0.209317 0.185097 0.154579
2 0.820182 0.0714638 0.0172716 0.0242267 0.153414
2 0.804933 0.186306 0.0348995 0.0475821 0.149721
2 0.937239 0.100376 0.0207916 0.0273825 0.135327
2 0.48267 0.907075 0.209485 0.184647 0.132562
0 0.009501 0.0892236 0.0189693 0.0428875 0.123971
2 0.917193 0.17185 0.0336313 0.048191 0.120945
2 0.873462 0.101784 0.0189699 0.0216912 0.118547
2 0.874334 0.101135 0.0223534 0.0225878 0.110999
2 0.752862 0.100194 0.0249886 0.0284123 0.105021
2 0.88797 0.10469 0.0445307 0.0310247 0.102117
2 0.528707 0.320766 0.0695509 0.0833022 0.0980974
6 0.127396 0.0641283 0.254792 0.125676 0.0911882
2 0.407087 0.752719 0.171528 0.211385 0.0891139
2 0.805244 0.185492 0.0353328 0.0469131 0.0875174
2 0.584573 0.233398 0.0534212 0.0552992 0.0831572
6 0.126913 0.0647635 0.253826 0.125246 0.0824283
0 0.0100582 0.0925383 0.0199804 0.039674 0.0823846
2 0.482767 0.907074 0.210586 0.184546 0.0821132
0 0.0686253 0.0834817 0.0156161 0.024725 0.0815092
2 0.765866 0.389 0.0666746 0.0951903 0.0812947
2 0.482272 0.907412 0.20981 0.184108 0.0804489
2 0.959643 0.0813283 0.021804 0.0226442 0.0802265
9 0.820491 0.0725481 0.0165348 0.0225202 0.0782822
0 0.0102438 0.0936329 0.0204875 0.0485987 0.0730978
0 0.532887 0.0114875 0.0200367 0.022975 0.0724748
2 0.916327 0.172192 0.0331074 0.048432 0.0713414
0 0.0104774 0.0900555 0.0207336 0.0417952 0.0713187
2 0.897056 0.105567 0.0292187 0.0337064 0.0671488
2 0.753265 0.0981724 0.0254523 0.0294107 0.0668804
6 0.127936 0.0664437 0.255443 0.128181 0.0646128
2 0.827499 0.0689832 0.03193 0.0300822 0.0630651
2 0.937038 0.0962762 0.0213926 0.0357996 0.0630369
2 0.584318 0.233983 0.0523558 0.0559511 0.0579176
2 0.937337 0.0976242 0.0215523 0.0331944 0.0556439
2 0.528914 0.318412 0.0696791 0.0788888 0.0548809
6 0.127502 0.0671535 0.254241 0.127025 0.0540321
6 0.322638 0.0703404 0.642579 0.138666 0.0505381
2 0.888958 0.106233 0.040279 0.0316096 0.0503786
6 0.294812 0.0690404 0.587687 0.137835 0.0501759
0 0.0109042 0.0883579 0.0216807 0.0439184 0.0492681
6 0.239186 0.0651911 0.478064 0.129284 0.0491244
6 0.261881 0.0671948 0.522132 0.133862 0.0481266
2 0.937933 0.0920406 0.0242445 0.0427229 0.0475703
2 0.919544 0.0429968 0.0178854 0.0155088 0.0471142
2 0.584817 0.233966 0.0506689 0.0559716 0.0434639
2 0.945936 0.0433255 0.0190834 0.0185469 0.0423656
2 0.961875 0.0820257 0.0173681 0.0218758 0.0410391
0 0.00993943 0.0867891 0.019735 0.0464941 0.0402131
2 0.916337 0.171927 0.0329788 0.0479499 0.0402092
2 0.856964 0.0447683 0.0158936 0.0164554 0.0396393
2 0.502086 0.225596 0.0521984 0.0515311 0.039121
2 0.484771 0.907454 0.214382 0.184542 0.0386195
2 0.805474 0.182833 0.0342196 0.0504228 0.0385345
6 0.127634 0.0671441 0.255153 0.126985 0.0384724
6 0.272663 0.0681909 0.543901 0.134228 0.0379704
2 0.917443 0.170996 0.0338423 0.0478854 0.0367076
2 0.962112 0.0765986 0.0226437 0.0257197 0.0355017
2 0.893624 0.106661 0.0300215 0.0325582 0.0353339
6 0.251732 0.0678829 0.502704 0.132236 0.0341546
6 0.127954 0.0688887 0.255907 0.127915 0.0332467
2 0.962278 0.0794046 0.0211727 0.021967 0.0325638
0 0.0463353 0.0871237 0.0201319 0.032346 0.0318601
6 0.126316 0.0625366 0.252631 0.114439 0.0315148
6 0.282857 0.0692436 0.562624 0.1364 0.030972
5 0.937654 0.100056 0.0219606 0.0306033 0.0308522
9 0.937331 0.0882246 0.0235827 0.0513346 0.0306372
2 0.502482 0.225936 0.0525957 0.0515681 0.0304039
6 0.283655 0.0689424 0.563667 0.137785 0.0281055
0 0.0682128 0.0840134 0.0174632 0.026724 0.0280396
79 0.894571 0.96167 0.0222437 0.0757645 0.0271682
2 0.524989 0.32127 0.062097 0.0808371 0.0269938
0 0.0101685 0.103486 0.0202663 0.06584 0.0264083
2 0.821599 0.0672406 0.0210949 0.0321811 0.0251414
2 0.754119 0.389405 0.0903917 0.0984066 0.0248809
2 0.903554 0.0819983 0.0180439 0.0213402 0.0246894
2 0.894433 0.10068 0.0318415 0.0387177 0.0241585
6 0.127401 0.0584544 0.254802 0.106309 0.0240556
6 0.123851 0.0656473 0.247702 0.120989 0.0234201
6 0.125178 0.0553946 0.250357 0.101775 0.0232045
0 0.0444857 0.0872511 0.0239832 0.0349582 0.0224307
2 0.959225 0.073819 0.0269329 0.0341131 0.0216447
0 0.0673764 0.0805888 0.0194503 0.0326968 0.020878
0 0.533248 0.0116474 0.0170675 0.0205105 0.0207877
0 0.5333 0.0113312 0.0168839 0.0219207 0.020701
2 0.856707 0.0528165 0.0174103 0.0202263 0.02032
0 0.0105605 0.0916445 0.0209885 0.0417095 0.0200697
0 0.0108557 0.0996965 0.0215837 0.0597156 0.0192279
6 0.12456 0.0578546 0.249121 0.106949 0.0189775
6 0.128067 0.0707764 0.255272 0.132811 0.0188419
0 0.0336817 0.0906832 0.0154454 0.0334151 0.01782
2 0.492238 0.235579 0.0304094 0.0321171 0.0177799
2 0.752928 0.389428 0.0917522 0.0954912 0.0176682
2 0.492289 0.234086 0.0336077 0.0346565 0.0175523
0 0.0355103 0.0868033 0.0200132 0.0407352 0.0174615
2 0.528702 0.317823 0.0714591 0.0780847 0.0173818
2 0.86629 0.0416333 0.0264893 0.0235103 0.017062
6 0.141679 0.0706955 0.282618 0.134807 0.0166864
79 0.894668 0.961609 0.0225601 0.0752197 0.0165923
2 0.832384 0.0637666 0.0344025 0.0409512 0.0163854
2 0.823809 0.0666661 0.0280298 0.0356851 0.0156357
2 0.93617 0.0419659 0.0161568 0.0176347 0.0148846
2 0.877746 0.0407789 0.0157726 0.0143516 0.0143509
0 0.0137849 0.0838692 0.026977 0.051567 0.0138205
2 0.722591 0.315264 0.0597921 0.0759464 0.0137204
6 0.124366 0.0663093 0.248732 0.122423 0.0135754
0 0.00896385 0.105039 0.0178713 0.0673903 0.0135678
2 0.831069 0.0602623 0.0365417 0.0363881 0.0134995
79 0.893919 0.961597 0.0236645 0.0758438 0.0134564
2 0.868964 0.0341843 0.0154518 0.0182775 0.0133706
5 0.938645 0.0834286 0.0290333 0.0604368 0.0133057
7 0.862566 0.475983 0.0720619 0.119697 0.0131989
2 0.882767 0.0831447 0.0150055 0.0205936 0.0131568
2 0.656566 0.90624 0.565682 0.186756 0.0131508
2 0.82526 0.0713612 0.0280235 0.0293078 0.0131392
2 0.766402 0.389728 0.0652891 0.0957463 0.0124854
2 0.968425 0.0339205 0.0144455 0.0124331 0.0122726
2 0.837485 0.0575256 0.0364136 0.033912 0.0122632
5 0.126282 0.0532221 0.252563 0.0975158 0.0121536
0 0.0416899 0.081334 0.0318802 0.0471239 0.0121454
2 0.863189 0.0535035 0.0278923 0.0226629 0.0120759
2 0.583923 0.234139 0.0506147 0.0555514 0.0116196
79 0.894387 0.962771 0.0221962 0.0732742 0.0115565
2 0.833057 0.0476496 0.0153141 0.0199417 0.0111129
2 0.936534 0.0796635 0.0206923 0.0429173 0.0109912
2 0.90465 0.0587981 0.0169964 0.0201727 0.0108251
0 0.954835 0.0335295 0.0113911 0.0152009 0.0108013
2 0.83263 0.0570325 0.0201071 0.0315492 0.0106934
2 0.504722 0.225441 0.0510626 0.0522647 0.0106265
2 0.496872 0.226232 0.0439816 0.0486682 0.0103724
2 0.766709 0.395155 0.064222 0.0849793 0.0102556
0 0.111054 0.0727325 0.0390547 0.0608789 0.0101174
0 0.0496277 0.0858601 0.021864 0.0321513 0.0100419
2 0.660659 0.906736 0.575366 0.185394 0.00999109
2 0.489252 0.239114 0.0263309 0.0259953 0.00999002
2 0.529106 0.304749 0.068729 0.0494833 0.00985092
9 0.903896 0.0765444 0.0175186 0.0304287 0.00964991
2 0.937473 0.0752615 0.0237888 0.0394479 0.00942711
6 0.486235 0.490867 0.5747 0.921023 0.00902705
2 0.899683 0.0909326 0.0261566 0.0382187 0.00896153
0 0.113219 0.0725332 0.0421477 0.0587069 0.00873505
0 0.0490139 0.0865582 0.029836 0.0357072 0.00861152
2 0.749652 0.101434 0.0292089 0.0278376 0.00857145
0 0.345057 0.0393502 0.0170816 0.018032 0.00852616
0 0.0349141 0.0758696 0.0238439 0.0614749 0.0084735
2 0.652509 0.906547 0.558648 0.186268 0.00842095
71 0.656298 0.905453 0.572991 0.188796 0.00837321
2 0.752327 0.388604 0.0933225 0.0981854 0.00815308
6 0.123673 0.0591996 0.247347 0.110277 0.00788843
2 0.950558 0.0420728 0.0155808 0.0168211 0.00762201
0 0.113105 0.0702723 0.037709 0.0534641 0.00744691
71 0.658692 0.906341 0.5755 0.18645 0.00740305
6 0.522675 0.495422 0.508449 0.940535 0.00714231
2 0.839458 0.0508539 0.0314327 0.0270172 0.00708729
0 0.0502342 0.0831734 0.0353958 0.0392235 0.00699852
0 0.0357624 0.0725924 0.0264 0.0630036 0.00662455
0 0.0340383 0.0697739 0.0250477 0.0542048 0.0064932
2 0.873107 0.0886833 0.0437881 0.0451229 0.00647397
6 0.302955 0.0653851 0.589643 0.130761 0.00644678
2 0.478061 0.905835 0.22067 0.186926 0.00641677
2 0.80533 0.187979 0.0353821 0.0449084 0.00641491
7 0.922029 0.0807525 0.0547161 0.0560366 0.00641409
6 0.292517 0.0635143 0.565269 0.124486 0.00627171
9 0.937212 0.0862618 0.0231432 0.0527932 0.00614246
2 0.95791 0.0842735 0.0193699 0.0215116 0.00607175
2 0.915687 0.0490663 0.0348293 0.0239258 0.00599395
71 0.661951 0.905227 0.574031 0.188848 0.00587653
2 0.76257 0.390507 0.0728304 0.100714 0.00557672
79 0.893569 0.961937 0.0280128 0.075214 0.00555028
0 0.13146 0.0738305 0.0159544 0.0261719 0.00548517
0 0.535571 0.0113928 0.0241274 0.0224427 0.00544004
79 0.890095 0.961579 0.0291603 0.0756767 0.00538129
0 0.113408 0.0679065 0.029741 0.0484834 0.00535133
2 0.883762 0.0766914 0.0308434 0.0370311 0.00533003
2 0.745585 0.0988583 0.0367744 0.0248462 0.00530589
2 0.501345 0.225146 0.0489004 0.0502729 0.00500339
0 0.535896 0.0119852 0.0241225 0.0219009 0.00486155
0 0.115429 0.0753284 0.0273847 0.0646313 0.00462124
6 0.124219 0.0528543 0.248438 0.100691 0.00461905
6 0.523577 0.522788 0.43856 0.758159 0.00459983
0 0.130148 0.0740626 0.019746 0.0319025 0.00459565
2 0.943571 0.0385951 0.0240957 0.0254544 0.0045586
8 0.0596724 0.105863 0.119086 0.0541093 0.00451076
71 0.655138 0.900284 0.567792 0.199053 0.00443654
0 0.111251 0.068408 0.0390299 0.048286 0.00439399
13 0.0576665 0.108276 0.115333 0.0457039 0.00432851
13 0.0609463 0.109243 0.121893 0.0491797 0.00431063
5 0.957148 0.0738873 0.0302404 0.0422357 0.00420907
2 0.860027 0.0392539 0.0203308 0.0236387 0.00417734
6 0.128163 0.0721566 0.256326 0.134876 0.00416208
6 0.244248 0.0726538 0.487324 0.139541 0.00406829
2 0.897993 0.0747736 0.0311806 0.0368553 0.00401626
0 0.0757291 0.0828322 0.0395898 0.0318697 0.00401345
6 0.463872 0.494354 0.598915 0.920698 0.00380148
