2 0.600272 0.695294 0.155696 0.230729 0.813967
2 0.600376 0.695379 0.155916 0.230389 0.801383
2 0.600222 0.695344 0.156318 0.230916 0.736472
2 0.600817 0.700785 0.156747 0.219783 0.727764
2 0.539919 0.281215 0.055907 0.0616589 0.726587
2 0.600015 0.696808 0.156164 0.227714 0.724793
2 0.600248 0.695407 0.157005 0.23198 0.710631
2 0.600184 0.695445 0.15591 0.231496 0.70416
2 0.60027 0.696674 0.156618 0.229063 0.700898
2 0.539738 0.280847 0.0551771 0.0625132 0.672233
2 0.963351 0.210878 0.0337984 0.0438401 0.652017
2 0.540014 0.281304 0.0559896 0.0617228 0.638041
2 0.539671 0.280462 0.0566317 0.0621681 0.625905
2 0.87664 0.377697 0.0601774 0.0946477 0.613609
2 0.600694 0.696752 0.156389 0.228748 0.595813
2 0.96351 0.209983 0.0335667 0.0424448 0.578874
2 0.963425 0.21124 0.0331133 0.0434301 0.550463
2 0.963388 0.2119 0.0334709 0.0442089 0.547255
2 0.963235 0.210258 0.0338497 0.0422825 0.532037
2 0.962906 0.211719 0.0327623 0.0440092 0.531642
2 0.539583 0.28061 0.0553986 0.062131 0.523354
2 0.911001 0.204169 0.0336908 0.0537276 0.512429
2 0.901955 0.112555 0.0186485 0.0257311 0.505052
2 0.877063 0.377349 0.0595371 0.0949663 0.500866
2 0.963241 0.211058 0.0336849 0.0437906 0.497689
2 0.539674 0.280606 0.0567158 0.0621632 0.465734
2 0.87706 0.377452 0.0596451 0.0947962 0.458968
2 0.902187 0.111572 0.0201187 0.0271756 0.457699
2 0.877077 0.377423 0.0599262 0.0949481 0.449071
2 0.677854 0.214061 0.0417284 0.0491908 0.439553
2 0.876732 0.377532 0.0603708 0.0951382 0.438915
2 0.877168 0.37801 0.0596363 0.0953694 0.43202
2 0.911235 0.204445 0.0341297 0.0531952 0.429778
2 0.761991 0.129928 0.0245852 0.0294003 0.425374
2 0.539873 0.280695 0.0566415 0.0618579 0.414605
2 0.650019 0.174947 0.0375068 0.03639 0.406344
2 0.876954 0.378196 0.0599897 0.0954947 0.398812
2 0.664367 0.382151 0.0633453 0.0914253 0.397972
2 0.963737 0.212376 0.033128 0.0468228 0.391615
2 0.676501 0.213892 0.0396394 0.048894 0.391202
7 0.798219 0.305161 0.0550371 0.0977543 0.388887
2 0.799442 0.30356 0.0547001 0.0979839 0.376925
2 0.539463 0.280336 0.0561843 0.0619627 0.375838
2 0.910788 0.203776 0.0326714 0.0549077 0.374193
2 0.650189 0.174854 0.0368015 0.0367915 0.36974
2 0.675367 0.2141 0.0373178 0.0491629 0.363481
2 0.876797 0.377217 0.0603287 0.0957417 0.357774
2 0.64989 0.175289 0.0362566 0.035873 0.354631
7 0.798871 0.304912 0.0549091 0.0975378 0.351264
2 0.910749 0.203821 0.0328794 0.0537931 0.347206
2 0.678777 0.214434 0.0425188 0.0492445 0.344148
2 0.79905 0.303635 0.0549768 0.0987748 0.342967
2 0.0848762 0.0957313 0.0705089 0.0326942 0.342759
2 0.540269 0.280631 0.0566603 0.0622734 0.338815
2 0.66445 0.381836 0.063685 0.0917182 0.334875
2 0.664604 0.38157 0.0635846 0.0924468 0.334416
2 0.911267 0.203826 0.0328239 0.0547079 0.329764
2 0.762275 0.130892 0.0241215 0.0289725 0.325568
2 0.910857 0.203746 0.0335106 0.0547486 0.320928
2 0.67694 0.213817 0.0391385 0.0496184 0.320487
2 0.8652 0.121527 0.0176558 0.0196579 0.319234
2 0.687839 0.176963 0.039283 0.0381683 0.31875
2 0.876721 0.377374 0.0594746 0.0963024 0.318377
2 0.680848 0.21396 0.0465923 0.0518234 0.312574
2 0.681086 0.214278 0.045185 0.0544377 0.296455
2 0.799358 0.303682 0.0545745 0.0977121 0.292972
2 0.664501 0.38178 0.0634823 0.0922143 0.292592
2 0.650165 0.17487 0.0373045 0.0362937 0.291783
2 0.664754 0.381815 0.0637699 0.0919706 0.291443
7 0.663878 0.382225 0.0648746 0.0918216 0.290716
2 0.799229 0.303413 0.0550483 0.0976727 0.28208
2 0.876668 0.377115 0.0584257 0.0960454 0.275802
2 0.084939 0.0951614 0.070241 0.0320193 0.275637
2 0.630798 0.167823 0.0576569 0.0435483 0.273838
2 0.677136 0.21477 0.0390558 0.0493315 0.27208
2 0.0813799 0.0964485 0.077073 0.0335187 0.269848
2 0.689416 0.177228 0.0364034 0.0382145 0.269129
2 0.910463 0.204629 0.0334181 0.0536786 0.264027
2 0.807016 0.0984414 0.0214661 0.0243601 0.263257
2 0.644292 0.172419 0.0501928 0.0404994 0.263215
2 0.61986 0.168295 0.0350677 0.0427341 0.255697
7 0.799339 0.30356 0.0555733 0.098736 0.255162
2 0.864935 0.122409 0.0190483 0.0202985 0.251803
2 0.761979 0.130637 0.0259266 0.0295045 0.249559
7 0.799156 0.303846 0.0551069 0.0978937 0.243987
7 0.799282 0.303767 0.0546036 0.0986049 0.234949
7 0.664165 0.382573 0.0635326 0.0919112 0.226028
2 0.680317 0.213656 0.0467613 0.0508496 0.225489
2 0.963642 0.212409 0.0325935 0.0465393 0.224771
7 0.730229 0.0931782 0.0348619 0.0411105 0.222538
2 0.910365 0.204762 0.0326271 0.0527532 0.219547
2 0.761237 0.127944 0.0280382 0.0314918 0.217952
7 0.664408 0.381498 0.064064 0.0907854 0.217816
2 0.90194 0.112928 0.0192286 0.0255929 0.214908
2 0.635432 0.17023 0.0665813 0.0415853 0.213631
2 0.540417 0.281057 0.0563257 0.0615251 0.212265
7 0.799029 0.304013 0.0561447 0.0990054 0.211251
2 0.733171 0.126033 0.0260371 0.0307707 0.206877
2 0.762603 0.129394 0.0268066 0.0300231 0.200983
7 0.729935 0.0925723 0.0350138 0.0396746 0.198585
7 0.730042 0.0926353 0.0353661 0.04135 0.195116
2 0.911247 0.20342 0.0323681 0.0549116 0.193205
2 0.634954 0.170034 0.0660709 0.0441847 0.191021
2 0.333016 0.0545179 0.0389825 0.0227025 0.189172
2 0.640758 0.171495 0.0537626 0.0404526 0.18694
7 0.729988 0.0922702 0.0360048 0.0412795 0.185258
2 0.619564 0.167401 0.0348181 0.0423583 0.184356
2 0.685933 0.17548 0.0447056 0.0370445 0.180746
2 0.901852 0.11159 0.0205137 0.0268829 0.179641
2 0.0743303 0.0989998 0.0933757 0.0392788 0.175978
2 0.33306 0.0541507 0.0392882 0.0230124 0.173724
2 0.679443 0.21418 0.0434013 0.0549323 0.165844
2 0.807979 0.0991338 0.0194357 0.023015 0.163805
7 0.730496 0.0924296 0.0357489 0.0405657 0.163759
2 0.61853 0.167908 0.0339005 0.0420327 0.161283
2 0.688955 0.177593 0.0376873 0.0401358 0.157833
2 0.632495 0.168439 0.0618408 0.0429495 0.154414
7 0.730432 0.0928563 0.0343445 0.0411272 0.151707
2 0.772957 0.0983447 0.0208863 0.0283317 0.145428
2 0.734015 0.123247 0.0280842 0.0361839 0.142878
5 0.968 0.109152 0.0289867 0.0599187 0.14193
2 0.76249 0.130817 0.0255237 0.0320881 0.140663
2 0.0838808 0.0939941 0.0731347 0.0314577 0.140361
2 0.079647 0.0979784 0.0824448 0.0368882 0.138977
0 0.533638 0.0231018 0.0231017 0.0218656 0.132982
2 0.762509 0.129605 0.0305588 0.0289325 0.131662
2 0.690784 0.178778 0.0336199 0.0400621 0.131315
2 0.651815 0.176007 0.0385714 0.0380295 0.131154
2 0.0838204 0.0925215 0.0713323 0.029545 0.128204
2 0.911119 0.202671 0.0318609 0.0554798 0.124847
5 0.967988 0.109767 0.0287539 0.0630762 0.123334
2 0.332501 0.0552984 0.0406438 0.0225771 0.122003
2 0.617157 0.168641 0.0324487 0.0407221 0.118532
7 0.730014 0.0925742 0.0355704 0.0416715 0.114721
2 0.0794586 0.0960979 0.0757013 0.0337004 0.114018
2 0.0723593 0.0988145 0.0932731 0.0391444 0.108281
0 0.532224 0.0270463 0.0266308 0.0276106 0.107062
7 0.729851 0.0928522 0.0337261 0.0393404 0.105789
2 0.0103847 0.102225 0.0206982 0.0309414 0.102533
2 0.540334 0.281088 0.0565522 0.0615019 0.100901
2 0.902897 0.111879 0.0250134 0.029014 0.100065
0 0.533215 0.0240886 0.0241677 0.0209554 0.0975841
2 0.6814 0.208724 0.0486296 0.0604859 0.0934432
2 0.772931 0.0993473 0.0199255 0.0271153 0.0908268
2 0.743677 0.11793 0.0477258 0.0493111 0.0877372
2 0.732551 0.121751 0.0286186 0.0404056 0.0875991
2 0.773459 0.0982055 0.0209324 0.0291072 0.0874813
5 0.970239 0.108521 0.0355755 0.0587255 0.0835648
2 0.967103 0.12313 0.031002 0.0362453 0.0832698
2 0.639172 0.172073 0.0585262 0.0411329 0.0829014
2 0.616541 0.169608 0.0309786 0.0379472 0.0783523
2 0.967427 0.121531 0.0303688 0.0357641 0.0779971
7 0.663758 0.381453 0.0647976 0.0917773 0.0779776
2 0.877232 0.376982 0.0602341 0.093733 0.0761146
2 0.0845263 0.0980969 0.0725038 0.0367125 0.0746988
2 0.967109 0.12301 0.0298233 0.035619 0.0735426
2 0.679468 0.214387 0.0465637 0.0551881 0.0734783
0 0.533989 0.0237318 0.0242949 0.021655 0.0734394
2 0.618267 0.167861 0.0334829 0.0416069 0.0727522
2 0.741695 0.117721 0.0442709 0.0490148 0.0726316
2 0.665482 0.175847 0.0668579 0.0386406 0.0704578
2 0.787923 0.0811141 0.0166058 0.0200459 0.0691889
5 0.969252 0.108539 0.0309719 0.0619759 0.0653901
2 0.864721 0.12184 0.019129 0.0218359 0.0644305
0 0.0552336 0.0724377 0.0536097 0.0797778 0.0633044
7 0.0595052 0.077076 0.118414 0.090309 0.0603424
2 0.648655 0.17305 0.0411021 0.0398733 0.0599864
2 0.864524 0.122551 0.0203342 0.0215356 0.059392
2 0.773052 0.0991786 0.020611 0.0274256 0.0585954
2 0.638205 0.172209 0.0611853 0.040006 0.0582335
2 0.0101991 0.10234 0.0203428 0.0305357 0.0580561
0 0.533963 0.0244643 0.0245792 0.0215212 0.0579201
7 0.0596442 0.0777563 0.118981 0.0938118 0.0574293
5 0.357518 0.0324071 0.0990959 0.0648142 0.056566
2 0.86523 0.118825 0.0241011 0.0263569 0.0550756
2 0.919875 0.0763216 0.0151741 0.0226589 0.0530245
2 0.0762153 0.0961704 0.0903578 0.0440687 0.0528989
5 0.358009 0.0325602 0.0978598 0.0649638 0.0518755
2 0.0772233 0.09493 0.0851068 0.0340258 0.0503643
0 0.530919 0.0271544 0.0309204 0.0267553 0.0496596
7 0.0602698 0.0811128 0.120279 0.0993924 0.0495681
7 0.0551083 0.0775361 0.110027 0.0898867 0.0473017
2 0.27046 0.0643412 0.0282635 0.0152462 0.0471539
2 0.970344 0.095846 0.030751 0.0330981 0.0468756
2 0.619054 0.166816 0.0348799 0.0425756 0.0467623
2 0.682112 0.198689 0.0516472 0.0789774 0.0460635
2 0.787992 0.0832806 0.0162628 0.0177883 0.0445411
7 0.0599179 0.0755427 0.117735 0.0897236 0.0410641
2 0.697562 0.178269 0.0208586 0.0365487 0.0401991
2 0.691279 0.181495 0.0330362 0.0440362 0.0400917
5 0.357131 0.0324569 0.0994939 0.0636582 0.0398476
7 0.664573 0.382245 0.0640308 0.092743 0.0397392
5 0.356949 0.0326725 0.098218 0.0633659 0.0388089
2 0.964932 0.211086 0.0363735 0.0445491 0.0372126
5 0.988882 0.0717226 0.0216549 0.142913 0.0371159
2 0.64917 0.176297 0.0350742 0.0366075 0.0364818
2 0.967655 0.120565 0.0322495 0.0397873 0.0363831
7 0.73093 0.0934371 0.032267 0.0418775 0.0363381
5 0.357911 0.0329207 0.0996732 0.0658413 0.0360463
2 0.803741 0.0942622 0.0331025 0.0314808 0.0351407
5 0.970646 0.108962 0.037109 0.0590173 0.0350767
0 0.0399563 0.0950568 0.0329477 0.0372098 0.0346563
0 0.011131 0.10314 0.0220785 0.0333844 0.0341502
6 0.0589364 0.0830246 0.117873 0.104404 0.0332245
7 0.798443 0.303745 0.0552624 0.0984228 0.0330255
7 0.729259 0.0929254 0.0381369 0.0407741 0.0328358
2 0.678853 0.21369 0.0437675 0.0493954 0.0326253
2 0.698696 0.177226 0.0183736 0.0347546 0.0325004
2 0.0601818 0.107288 0.120126 0.0540715 0.0324399
2 0.96964 0.0886605 0.0265373 0.0216307 0.0310246
2 0.791962 0.0919512 0.0261696 0.0347553 0.0305903
2 0.800764 0.0967039 0.0344048 0.0310731 0.0300304
0 0.0508676 0.0776179 0.0564325 0.0706783 0.0297608
2 0.964858 0.212066 0.035943 0.0455595 0.0294091
2 0.730998 0.119699 0.029797 0.0358298 0.0293354
0 0.0455634 0.0935129 0.0429845 0.0392578 0.0293142
0 0.0353976 0.0963162 0.0260969 0.0361382 0.0291446
2 0.0595954 0.106649 0.118888 0.0493458 0.0275633
2 0.0636461 0.103006 0.114159 0.049511 0.0273968
0 0.00932002 0.0952008 0.018528 0.0459568 0.0273896
7 0.731523 0.111827 0.0321542 0.0559439 0.0273181
2 0.918758 0.0730759 0.0208549 0.0286512 0.0271223
2 0.0604844 0.106271 0.120382 0.0534724 0.026789
0 0.531394 0.0251229 0.0290791 0.0236127 0.0265862
2 0.781022 0.129116 0.036857 0.0311642 0.0263007
5 0.989586 0.0725566 0.0202816 0.143841 0.0254156
5 0.357799 0.0336064 0.0969338 0.0644503 0.0249225
2 0.0721247 0.0802416 0.095895 0.0760417 0.0248402
0 0.063047 0.0563995 0.0252451 0.0507486 0.0246971
2 0.0689818 0.0956532 0.0906478 0.0379593 0.0246279
2 0.732621 0.117065 0.0298964 0.0459232 0.0243967
6 0.0588845 0.0819549 0.117319 0.107339 0.0243719
5 0.968852 0.109809 0.0344063 0.0593915 0.0243209
2 0.876448 0.378736 0.058497 0.0914328 0.0240755
2 0.664754 0.38087 0.0629048 0.0897073 0.0239628
2 0.060473 0.0765579 0.118843 0.0927665 0.0238202
2 0.0876768 0.0976002 0.0692157 0.0379241 0.0235712
2 0.071583 0.0966621 0.0908211 0.0384598 0.0233257
5 0.989525 0.0741476 0.0204185 0.146778 0.0231029
2 0.682644 0.196682 0.0473902 0.0775661 0.0228813
0 0.0110836 0.101984 0.0217879 0.0312617 0.0227578
6 0.203001 0.0773236 0.404256 0.124423 0.022714
6 0.059672 0.0832783 0.119344 0.108738 0.0221364
2 0.786048 0.1289 0.0316643 0.0305565 0.0218444
2 0.876379 0.382034 0.0572908 0.0854022 0.0217941
6 0.201824 0.0764039 0.401472 0.127029 0.0217574
0 0.0456688 0.0952019 0.045072 0.0371636 0.0214695
2 0.0101558 0.106387 0.0202865 0.0401171 0.0212584
2 0.0604949 0.104172 0.12095 0.0516021 0.0208299
2 0.798213 0.128705 0.0538256 0.0360385 0.0207977
5 0.869818 0.0862891 0.0906553 0.0803053 0.020315
2 0.270737 0.0640268 0.0301394 0.0156504 0.0202856
7 0.664195 0.382074 0.0647203 0.0905128 0.0202014
2 0.657564 0.0118921 0.0299242 0.0237841 0.0193795
2 0.901686 0.0932713 0.0255722 0.0612229 0.0193162
2 0.0598251 0.105033 0.11965 0.0535779 0.0189827
2 0.808103 0.0987638 0.0251175 0.026247 0.0183187
0 0.0441542 0.095726 0.0413883 0.037815 0.0180905
7 0.972146 0.107671 0.0367802 0.0571044 0.0177186
2 0.600507 0.695582 0.15618 0.230975 0.0176601
2 0.750076 0.117534 0.0659454 0.0514031 0.0176133
2 0.933786 0.0686656 0.030525 0.0277649 0.017612
0 0.0663213 0.0700474 0.0316701 0.0798791 0.0174266
2 0.796089 0.127819 0.0498648 0.0314668 0.0171503
7 0.969529 0.107422 0.0339333 0.0567434 0.0171407
2 0.82439 0.0810622 0.0192844 0.0227376 0.0171305
0 0.0661949 0.0567129 0.0299495 0.0550515 0.017094
7 0.042675 0.0751476 0.0848015 0.085564 0.0167646
0 0.0704448 0.0708422 0.0957094 0.0832189 0.0165054
0 0.0446244 0.0739562 0.0788123 0.0763668 0.0164072
2 0.263932 0.0659129 0.0322104 0.0161003 0.0164058
2 0.951851 0.0612357 0.0149412 0.0188877 0.0163604
2 0.776257 0.130226 0.0413818 0.032706 0.0162845
2 0.951065 0.0632332 0.0166069 0.0179024 0.0161637
2 0.650577 0.172239 0.0454891 0.0429657 0.0159465
0 0.0631523 0.0551129 0.0231411 0.0511731 0.0158126
2 0.688012 0.17485 0.0403967 0.0406454 0.0157019
6 0.206878 0.0717044 0.409549 0.134146 0.0154634
2 0.804104 0.0928906 0.0271622 0.0351271 0.0153821
2 0.93948 0.0679577 0.0246717 0.0246419 0.015281
2 0.731461 0.123264 0.0287758 0.0361549 0.0152651
2 0.759522 0.12003 0.0376003 0.0483818 0.0151961
6 0.202214 0.0737005 0.399696 0.132167 0.0151859
2 0.825905 0.08291 0.0232492 0.0243217 0.0151521
0 0.532341 0.0228017 0.0264875 0.031991 0.0145129
6 0.166163 0.0812795 0.330663 0.114749 0.0144041
2 0.794208 0.127853 0.0506573 0.032349 0.0142702
2 0.777798 0.127764 0.0443262 0.02975 0.0142268
2 0.75984 0.106894 0.0503411 0.0485526 0.0140988
79 0.891963 0.969806 0.0176096 0.059416 0.0140779
2 0.897232 0.110982 0.0266609 0.0344445 0.0140233
5 0.989531 0.0793407 0.020396 0.15807 0.0138311
2 0.0712929 0.101556 0.0995522 0.0453103 0.0138045
5 0.96802 0.11077 0.0333435 0.0593472 0.0137685
0 0.0470197 0.0930239 0.0492819 0.0402373 0.0136075
2 0.158568 0.0863326 0.0674772 0.0173661 0.0132966
2 0.967426 0.128469 0.0300999 0.0338058 0.0131454
2 0.350323 0.0495947 0.0833372 0.0378753 0.0128815
7 0.908677 0.0857344 0.0363432 0.0483946 0.0128404
2 0.328933 0.0567206 0.0514566 0.0274613 0.0126807
