2 0.490165 0.357194 0.078638 0.151805 0.596376
2 0.490308 0.357599 0.0792413 0.152165 0.532111
0 0.0445729 0.215788 0.0175061 0.0759191 0.531367
0 0.0446832 0.215667 0.0175608 0.0763304 0.517234
2 0.490379 0.357027 0.0786799 0.151947 0.465483
0 0.0452152 0.216042 0.0202309 0.0771847 0.429135
2 0.490307 0.35735 0.0792189 0.152034 0.413212
2 0.490654 0.357426 0.0792526 0.152586 0.406909
0 0.959564 0.0769426 0.017992 0.0502186 0.395959
0 0.0445596 0.215415 0.0175479 0.0770731 0.395254
2 0.498648 0.544207 0.108704 0.229214 0.39436
0 0.959534 0.0751783 0.0179569 0.0518267 0.387102
67 0.504298 0.878076 0.162984 0.243418 0.385433
2 0.489972 0.357624 0.0780537 0.151757 0.382316
0 0.959565 0.0719905 0.0183277 0.0571001 0.382196
2 0.609651 0.0973338 0.0492233 0.0740279 0.377995
2 0.466384 0.141219 0.0544727 0.0735072 0.374393
2 0.490499 0.35745 0.0794083 0.152239 0.372468
2 0.609699 0.0957735 0.0486015 0.0753729 0.372175
2 0.499033 0.544 0.108325 0.229719 0.368515
2 0.466204 0.141296 0.0555874 0.0741892 0.361436
0 0.045095 0.21521 0.0210384 0.0775978 0.35671
0 0.0451708 0.215764 0.0208067 0.0783462 0.354421
67 0.504333 0.878159 0.162352 0.243116 0.352032
0 0.0446132 0.215139 0.0177353 0.0762232 0.341553
0 0.0447595 0.217607 0.0190446 0.0734662 0.334926
2 0.490468 0.357688 0.0795508 0.152549 0.334873
2 0.498489 0.544568 0.10896 0.229658 0.333877
2 0.60967 0.0977669 0.0483017 0.0709981 0.32045
0 0.959682 0.0750851 0.0200542 0.0535102 0.313442
2 0.466502 0.141208 0.0552393 0.0740671 0.294835
2 0.49894 0.54455 0.108603 0.227258 0.290753
2 0.466319 0.14094 0.0546042 0.0733467 0.288544
2 0.498421 0.545617 0.108824 0.229685 0.287804
2 0.498849 0.54452 0.108881 0.229755 0.276848
2 0.499159 0.544702 0.107908 0.227176 0.276662
67 0.504347 0.877255 0.163105 0.244565 0.274276
2 0.465617 0.141105 0.0544231 0.0741951 0.272581
67 0.503576 0.877254 0.16286 0.244295 0.261893
2 0.490692 0.357373 0.0794142 0.152441 0.261619
0 0.959915 0.0740106 0.0196243 0.0552394 0.242553
2 0.609974 0.094714 0.0475485 0.0765012 0.241987
2 0.466464 0.140894 0.0543657 0.0729432 0.241699
2 0.46646 0.140932 0.0526749 0.0715813 0.241413
2 0.609024 0.0991249 0.047385 0.0680364 0.241108
0 0.959389 0.0675513 0.0188423 0.0655141 0.2208
5 0.490872 0.357708 0.0793787 0.152219 0.219005
2 0.465666 0.141105 0.0532577 0.0723594 0.217484
2 0.466426 0.139792 0.049929 0.06929 0.184229
0 0.896651 0.121845 0.0204525 0.0702538 0.163715
0 0.707569 0.0636759 0.0205396 0.0538459 0.161284
3 0.706372 0.069352 0.023782 0.0516696 0.161099
2 0.60974 0.102063 0.048184 0.0623943 0.153336
2 0.609624 0.100862 0.0482218 0.0660514 0.152512
67 0.504359 0.877146 0.163113 0.245189 0.150037
0 0.707146 0.0667282 0.0251705 0.0576336 0.145832
2 0.466927 0.140921 0.0513387 0.0702396 0.144258
5 0.49881 0.543436 0.108348 0.230126 0.143645
67 0.503862 0.877471 0.164447 0.244318 0.142562
2 0.608977 0.10043 0.0475311 0.0662246 0.141857
0 0.896535 0.121244 0.0189766 0.0691609 0.138257
9 0.131202 0.0113621 0.0164696 0.0192757 0.137764
0 0.0160132 0.10049 0.018538 0.0561329 0.136281
0 0.01544 0.100088 0.0168341 0.0538289 0.135887
0 0.243617 0.0616507 0.0136401 0.046715 0.135645
2 0.609176 0.0964921 0.0492284 0.0773146 0.134923
0 0.20317 0.0778487 0.0169883 0.0527326 0.13472
67 0.504375 0.877122 0.163719 0.245067 0.133632
0 0.253935 0.0593051 0.0129427 0.0499398 0.129582
0 0.896696 0.122426 0.0214771 0.0710687 0.128896
9 0.130914 0.0102143 0.0152835 0.0202738 0.125208
0 0.96077 0.0768496 0.0207924 0.0492703 0.12484
2 0.609642 0.0950233 0.0477118 0.0759715 0.124303
0 0.96059 0.0760916 0.0208012 0.0512686 0.124249
2 0.46642 0.138005 0.0494183 0.0649347 0.124176
0 0.232942 0.0636358 0.0115005 0.0390932 0.122631
0 0.0472773 0.215573 0.0233502 0.0782435 0.115931
2 0.609039 0.0956232 0.0489193 0.0773937 0.113052
0 0.0150994 0.0995247 0.0163499 0.0539325 0.112755
67 0.505713 0.877671 0.165683 0.244237 0.111528
0 0.204801 0.0793924 0.0147506 0.0534923 0.109262
0 0.243045 0.0595335 0.0143089 0.0466759 0.109211
0 0.24539 0.0626004 0.0152956 0.0480891 0.106533
67 0.506314 0.877384 0.166869 0.244316 0.104221
0 0.231191 0.0674711 0.0120486 0.038164 0.104032
0 0.706649 0.0669741 0.0259314 0.0593075 0.103903
2 0.467066 0.141962 0.0540438 0.0716716 0.101505
0 0.0471848 0.217585 0.0251506 0.0752917 0.0999421
0 0.707067 0.065765 0.0225134 0.0562806 0.0987563
0 0.195551 0.0846486 0.0196527 0.0578508 0.0973493
67 0.502712 0.876988 0.161918 0.245201 0.0961972
67 0.379366 0.412615 0.0338331 0.0572918 0.0937446
0 0.254176 0.0565836 0.0134673 0.0472095 0.0930046
0 0.253644 0.0614652 0.0120789 0.0500522 0.0927321
0 0.0467579 0.215055 0.0227802 0.0783715 0.0924349
2 0.60974 0.0992142 0.0453086 0.0550006 0.0896516
2 0.466671 0.141801 0.0554026 0.0726733 0.0881501
0 0.897198 0.122536 0.0213812 0.0714788 0.0876733
0 0.810714 0.06725 0.0203123 0.0640083 0.0843384
0 0.092587 0.0879524 0.0216768 0.079069 0.0829352
0 0.897079 0.121966 0.0214409 0.0699743 0.0817322
0 0.960556 0.0739861 0.0209843 0.0557672 0.0815492
0 0.868514 0.213616 0.0209991 0.0690269 0.0812315
0 0.227736 0.0691419 0.0176224 0.0415581 0.0809445
9 0.127439 0.0105577 0.0226964 0.0211154 0.0781041
0 0.712045 0.063193 0.0174322 0.0502489 0.0773303
0 0.708014 0.0667374 0.0253548 0.0559709 0.0773188
0 0.196906 0.0829499 0.0230866 0.0609177 0.0761596
0 0.0471986 0.215115 0.0225017 0.0777844 0.0754605
0 0.245718 0.063885 0.0172127 0.0497987 0.0718993
0 0.867909 0.20991 0.0210773 0.0674153 0.070925
0 0.200983 0.0829692 0.0224773 0.0588141 0.0705711
0 0.810658 0.0661482 0.0203876 0.0643026 0.0690561
0 0.238913 0.0615307 0.0133059 0.0430607 0.0664029
0 0.867887 0.20292 0.0211658 0.0652128 0.0654017
0 0.19613 0.0861978 0.0236074 0.0586242 0.0639748
0 0.80808 0.0675747 0.0147743 0.0628659 0.0636316
67 0.379212 0.412112 0.0348304 0.0578926 0.0624351
0 0.0928942 0.0868436 0.025024 0.0800533 0.0619788
67 0.498371 0.544455 0.108448 0.230274 0.0592027
0 0.0929086 0.103404 0.0174089 0.0531297 0.058638
67 0.379321 0.412466 0.0339117 0.0581519 0.0581749
0 0.0927798 0.102481 0.0189034 0.0521305 0.0572816
0 0.0174581 0.100839 0.0182656 0.0591275 0.0570453
2 0.498288 0.544326 0.109927 0.229328 0.0554672
3 0.705508 0.0757774 0.0238519 0.042815 0.0548871
0 0.708719 0.0545689 0.0157732 0.035808 0.0543331
0 0.0157287 0.0987138 0.0189035 0.0575391 0.0538199
6 0.4547 0.485245 0.904308 0.966495 0.0525533
0 0.867918 0.21813 0.0208302 0.0612419 0.0500868
0 0.897191 0.123122 0.022076 0.0729591 0.0490108
0 0.20549 0.0741736 0.0137675 0.046835 0.0475208
2 0.609361 0.104269 0.0476289 0.0594753 0.0474862
2 0.466955 0.122289 0.045055 0.0355525 0.0472949
0 0.0941251 0.0858971 0.026228 0.0798887 0.0469681
67 0.379233 0.412064 0.0328812 0.0569505 0.0462866
3 0.703988 0.0713844 0.0262265 0.0467485 0.0450233
2 0.608448 0.0666216 0.0223409 0.0204072 0.0447706
0 0.253136 0.0632326 0.0128579 0.051074 0.0439
0 0.0151375 0.102105 0.019337 0.0634441 0.0436705
2 0.467479 0.149616 0.0534456 0.059051 0.0424685
0 0.866607 0.212059 0.0230049 0.0753978 0.0423223
0 0.867949 0.198018 0.0202888 0.0655123 0.042165
2 0.678259 0.0152825 0.0266725 0.030565 0.0405803
0 0.868144 0.235133 0.0188471 0.0282284 0.0401621
67 0.379489 0.412167 0.0341252 0.0562724 0.0400739
0 0.0935104 0.102564 0.0208193 0.0578186 0.039309
0 0.866734 0.211124 0.0236996 0.0761891 0.0391237
0 0.235461 0.0597399 0.0134218 0.0420115 0.0390501
0 0.897223 0.121557 0.0210693 0.0678754 0.0387776
0 0.872911 0.0982074 0.01819 0.0560084 0.0383996
0 0.895887 0.136227 0.0202831 0.0435431 0.0383751
2 0.680367 0.0183557 0.0345091 0.0366323 0.038233
0 0.812984 0.0610799 0.018515 0.0551237 0.0381988
0 0.811299 0.0648824 0.0198479 0.061803 0.0377871
0 0.872957 0.107025 0.0193432 0.0748407 0.0377811
0 0.81169 0.0656064 0.0209602 0.0634162 0.0376158
0 0.871633 0.0848394 0.015027 0.0284676 0.0371087
0 0.957573 0.0598282 0.0167004 0.0609659 0.0358345
2 0.679227 0.0172945 0.0319353 0.034589 0.0355444
2 0.467979 0.0688317 0.0410583 0.0663445 0.0352422
2 0.464744 0.141431 0.0561241 0.0766263 0.0350999
0 0.842728 0.222584 0.0186241 0.0540135 0.0349638
0 0.862939 0.223442 0.019381 0.0550961 0.0347349
2 0.466653 0.128133 0.0464106 0.0439846 0.0343628
6 0.403231 0.482621 0.802629 0.962096 0.0340171
2 0.466124 0.0690131 0.0441061 0.0695211 0.0339674
2 0.610198 0.0701057 0.0315177 0.0264531 0.0338626
0 0.895771 0.104552 0.0148273 0.0355053 0.0323676
2 0.465252 0.123009 0.048572 0.0382414 0.0322242
3 0.704802 0.0659433 0.0277023 0.055572 0.0322151
0 0.194043 0.0871804 0.028723 0.0652277 0.0320347
0 0.874593 0.086841 0.0180864 0.0346873 0.031155
2 0.680482 0.0177807 0.0343483 0.0355614 0.0308623
2 0.676868 0.0147121 0.0242076 0.0294242 0.0307737
2 0.67997 0.0176422 0.0328648 0.0352844 0.0305297
0 0.86164 0.212347 0.0243168 0.0747669 0.0303642
0 0.958945 0.0857008 0.0169312 0.050367 0.0296484
0 0.862897 0.220368 0.0205101 0.0596642 0.0291894
0 0.815277 0.117346 0.0121584 0.0216522 0.028995
2 0.46839 0.153461 0.0513758 0.0497317 0.028675
2 0.643061 0.00609317 0.0407817 0.0121863 0.0284661
0 0.202831 0.0854544 0.0177564 0.0596662 0.0280956
2 0.680863 0.0188372 0.0368914 0.036825 0.027982
0 0.25869 0.0585501 0.0155449 0.0479336 0.0278998
0 0.712966 0.0524297 0.0154814 0.0278745 0.0278637
0 0.845106 0.218843 0.024156 0.0614575 0.0277403
0 0.141655 0.0583684 0.0137427 0.0393013 0.0277016
0 0.705706 0.0651659 0.0294962 0.0576094 0.0276865
0 0.0930995 0.0908369 0.0222677 0.0779816 0.0275889
0 0.816285 0.0465599 0.012648 0.0266004 0.0272288
0 0.044478 0.212557 0.0168189 0.0717163 0.0272078
12 0.498774 0.877654 0.155785 0.241597 0.0261416
0 0.0334402 0.0957696 0.0112366 0.0440692 0.0260833
0 0.707457 0.0688177 0.0273478 0.0547236 0.0256232
0 0.033329 0.097725 0.0130093 0.0468614 0.0255597
0 0.851519 0.206992 0.0312515 0.0841354 0.0253525
2 0.467853 0.0691567 0.0407537 0.0672034 0.0252724
0 0.872442 0.114781 0.0186905 0.0904364 0.0250801
67 0.379499 0.41236 0.0342544 0.0581911 0.0249332
0 0.843298 0.230661 0.0195972 0.0386439 0.0248252
2 0.467476 0.0687973 0.038958 0.0678507 0.0248112
2 0.680116 0.0182322 0.0343455 0.0359864 0.0247615
0 0.0140644 0.100242 0.0201803 0.058507 0.0237534
0 0.038694 0.0976652 0.0166508 0.0399767 0.0232357
67 0.379613 0.411451 0.0329759 0.0595337 0.0228278
2 0.680294 0.0183265 0.0353539 0.0366531 0.0226187
9 0.128073 0.0113595 0.0234634 0.0212392 0.0223187
0 0.811998 0.0544528 0.0172489 0.0427109 0.0221823
2 0.463092 0.0764095 0.0561674 0.0850968 0.0217428
0 0.846914 0.212691 0.0299503 0.0753228 0.0216181
2 0.611641 0.0829921 0.0369499 0.0532387 0.0214557
2 0.468993 0.0755032 0.0464531 0.0689424 0.0208272
0 0.852423 0.209062 0.032378 0.0818307 0.0205818
2 0.610539 0.0847392 0.0404211 0.0526397 0.0198119
0 0.0336882 0.0994423 0.0130205 0.0470041 0.0194736
67 0.37909 0.411697 0.0333501 0.0555825 0.0193399
0 0.0386396 0.0965194 0.0175148 0.0437784 0.0193299
0 0.807821 0.0781103 0.0124266 0.0419065 0.0193007
0 0.81172 0.0627271 0.0215897 0.0574011 0.0191174
67 0.379491 0.412374 0.0336314 0.0577173 0.0190234
0 0.875005 0.108847 0.0218308 0.0793768 0.0188663
2 0.642633 0.00720384 0.0426888 0.0144077 0.0186249
9 0.131965 0.0122781 0.0168797 0.0242076 0.0185865
2 0.467595 0.0693033 0.0411501 0.0710893 0.0185269
0 0.966686 0.0541349 0.0188763 0.0466037 0.0181087
0 0.195165 0.0868653 0.0279728 0.0651737 0.0180435
0 0.0981003 0.072138 0.0176989 0.0602597 0.0179911
0 0.0938094 0.0885539 0.0243414 0.0797343 0.0178651
2 0.468079 0.0696688 0.0342646 0.0705832 0.0177642
0 0.874586 0.0975044 0.0203957 0.0559245 0.0177096
0 0.00852305 0.117595 0.0170296 0.0615519 0.0175489
0 0.688487 0.00766427 0.0193102 0.0153285 0.0175215
0 0.0360268 0.0997704 0.0132723 0.0428488 0.0174505
0 0.191756 0.0933922 0.0279102 0.0563313 0.0173631
0 0.974232 0.0443462 0.0179848 0.0304826 0.0166922
2 0.464497 0.14014 0.0551771 0.076414 0.016602
0 0.142188 0.0586935 0.0148123 0.0402958 0.0165434
2 0.467471 0.0693283 0.0393883 0.0684637 0.0162545
0 0.831405 0.191267 0.0271072 0.105748 0.0161974
0 0.845748 0.207294 0.0333958 0.0838475 0.0160048
0 0.0138892 0.100739 0.0201263 0.0610605 0.0160004
6 0.387054 0.470028 0.759821 0.939017 0.0159745
2 0.467478 0.0703864 0.0452 0.0715888 0.0159016
2 0.463636 0.140621 0.0596819 0.0752471 0.0158896
0 0.858957 0.189814 0.0159931 0.0514856 0.0158775
0 0.223911 0.0709433 0.0232774 0.0378596 0.0158412
0 0.841823 0.16309 0.0168867 0.0602291 0.0158009
0 0.190683 0.0905094 0.0239696 0.0556898 0.0157561
2 0.990324 0.038712 0.0185242 0.0351645 0.0156055
0 0.025013 0.103349 0.0217479 0.0476896 0.0151292
2 0.990387 0.0337719 0.0184666 0.0452572 0.0151083
0 0.832451 0.190672 0.0282398 0.109573 0.0149104
0 0.72301 0.00666054 0.0120028 0.0132054 0.0148133
0 0.0391719 0.0954125 0.0172382 0.0441473 0.0148116
0 0.884444 0.116788 0.0384665 0.0850475 0.0147676
2 0.463371 0.118177 0.0465101 0.039163 0.0147207
0 0.834339 0.193762 0.0295958 0.108302 0.0146281
67 0.379331 0.41203 0.0316223 0.0559525 0.0143678
0 0.895742 0.123983 0.0265224 0.0684636 0.0142846
0 0.199309 0.0802089 0.0273779 0.0596178 0.0142382
0 0.224505 0.0695413 0.0246487 0.0430597 0.0142289
0 0.766862 0.0102759 0.0103125 0.0205518 0.014168
0 0.842892 0.175497 0.0181641 0.0743591 0.01405
2 0.469121 0.0718458 0.0450806 0.0709596 0.014032
0 0.194454 0.0870299 0.0299432 0.0682741 0.013932
0 0.895369 0.120805 0.0267778 0.072695 0.0139165
0 0.830842 0.223345 0.0211433 0.0494399 0.0138227
2 0.468394 0.146861 0.0495193 0.0614017 0.0137308
2 0.593595 0.0833223 0.0126461 0.0220779 0.0137299
2 0.465846 0.068842 0.0432006 0.0711693 0.0136778
0 0.875195 0.219391 0.0153938 0.0278194 0.0136118
0 0.0468359 0.215081 0.0233559 0.0783848 0.0135275
2 0.606775 0.0767229 0.034922 0.0417705 0.013467
0 0.036084 0.099609 0.0155089 0.0478268 0.0133484
0 0.117097 0.0683107 0.0139128 0.0433318 0.0132331
0 0.219441 0.00671782 0.0163178 0.0134356 0.0131936
0 0.81303 0.116629 0.0133995 0.0178226 0.0130285
0 0.840038 0.136104 0.0164494 0.0327945 0.0129549
0 0.266638 0.0448588 0.0110547 0.020846 0.0129367
0 0.22318 0.0734352 0.0318552 0.0517801 0.0129186
0 0.840684 0.152677 0.0179008 0.0603821 0.0127911
0 0.975319 0.0430853 0.0189939 0.0315535 0.0126465
0 0.835565 0.231338 0.0205788 0.0372462 0.0124098
2 0.677391 0.18133 0.0540504 0.0260212 0.0123136
0 0.141593 0.0561936 0.0139926 0.0397802 0.0122739
0 0.974472 0.0455157 0.0204987 0.0332636 0.0121021
0 0.811602 0.06673 0.0211805 0.066539 0.0120793
0 0.845304 0.193585 0.0260395 0.113693 0.0118334
0 0.00656249 0.123706 0.0129769 0.0513161 0.0118166
2 0.471652 0.0739641 0.0377457 0.0635509 0.0117548
0 0.0113897 0.106657 0.020696 0.0735859 0.0117264
0 0.95706 0.0414175 0.0140013 0.0303193 0.0114522
0 0.871448 0.144267 0.0159109 0.0469523 0.0113768
0 0.012252 0.106461 0.021699 0.0747375 0.0112702
0 0.865587 0.20828 0.0278835 0.0798737 0.01126
2 0.677845 0.181082 0.0529634 0.0251259 0.0111673
0 0.834019 0.18145 0.0413778 0.126972 0.0110827
6 0.458626 0.565114 0.91273 0.866877 0.0110826
0 0.0900565 0.0924682 0.0292829 0.0735843 0.0109467
