5 0.894423 0.454165 0.210567 0.58221 0.925182
5 0.894899 0.452501 0.209035 0.580398 0.896709
5 0.89507 0.453672 0.209272 0.581437 0.876378
5 0.894037 0.455778 0.211308 0.593735 0.863144
5 0.894974 0.463643 0.209478 0.603563 0.855916
5 0.895292 0.461108 0.208876 0.597185 0.846068
5 0.895285 0.462415 0.208384 0.600439 0.841599
5 0.894622 0.455846 0.210078 0.591621 0.839685
5 0.895327 0.423008 0.208262 0.520202 0.800403
5 0.894847 0.457042 0.210011 0.601036 0.790181
2 0.881544 0.750725 0.234408 0.359341 0.67484
2 0.881414 0.751402 0.235143 0.360529 0.593518
2 0.881591 0.750676 0.235589 0.360213 0.591787
0 0.147147 0.221779 0.0199219 0.0831963 0.562818
2 0.881799 0.750703 0.234996 0.35901 0.547369
2 0.881765 0.751272 0.236185 0.360641 0.483625
0 0.147182 0.221361 0.0214299 0.0822713 0.482402
2 0.881684 0.750344 0.234781 0.360431 0.479989
0 0.1471 0.220695 0.0190948 0.0810295 0.466655
5 0.744051 0.400072 0.119585 0.182536 0.462032
2 0.881083 0.751256 0.235833 0.360992 0.440264
5 0.74384 0.400253 0.120068 0.182485 0.434216
2 0.621884 0.366656 0.0904257 0.148732 0.423836
2 0.622115 0.365519 0.0907032 0.148708 0.408645
5 0.487069 0.371698 0.0777502 0.162641 0.402814
5 0.743911 0.400622 0.119958 0.180973 0.387066
2 0.622385 0.366384 0.0905746 0.148699 0.381211
0 0.735725 0.134799 0.0204866 0.0824833 0.377503
2 0.621697 0.366169 0.090411 0.14795 0.375164
2 0.622218 0.365664 0.0905336 0.147927 0.371099
5 0.62133 0.367048 0.0912047 0.149851 0.369876
2 0.622102 0.365696 0.0901979 0.148241 0.368279
2 0.881703 0.750581 0.233271 0.359779 0.366303
2 0.974412 0.0510845 0.0505814 0.0458608 0.354595
0 0.147684 0.221739 0.0218165 0.0837614 0.353391
5 0.487008 0.370323 0.0770922 0.165491 0.348046
2 0.881819 0.750194 0.234069 0.359817 0.337849
0 0.735553 0.134911 0.0193752 0.0824297 0.336396
2 0.974326 0.049399 0.0507113 0.0485711 0.336172
5 0.743363 0.400888 0.120033 0.180545 0.333285
2 0.974357 0.0496745 0.0504829 0.0483478 0.33157
2 0.974549 0.0509989 0.0502327 0.0455687 0.325301
0 0.147825 0.221734 0.0221714 0.0832615 0.304929
2 0.973899 0.0511512 0.0511211 0.0449097 0.301269
5 0.487373 0.371158 0.0772326 0.16384 0.279711
2 0.974382 0.0502678 0.0512362 0.0470361 0.277335
5 0.487028 0.371836 0.077325 0.162469 0.276769
5 0.743699 0.400307 0.119405 0.182905 0.274332
5 0.744366 0.400064 0.118862 0.182897 0.274204
2 0.881028 0.750166 0.235464 0.361317 0.27413
2 0.669047 0.555865 0.113121 0.202345 0.270039
2 0.974961 0.054258 0.0500779 0.0389447 0.268245
0 0.0088294 0.348742 0.0176436 0.093637 0.265923
7 0.744768 0.399735 0.11786 0.182734 0.262854
0 0.571928 0.120571 0.0162766 0.057799 0.262521
2 0.622524 0.366286 0.0901085 0.147743 0.259801
2 0.66895 0.556651 0.113483 0.203517 0.259127
5 0.744002 0.400973 0.118953 0.182165 0.258186
0 0.735418 0.134504 0.0196449 0.083862 0.25717
67 0.376783 0.421727 0.0343361 0.0596029 0.255921
0 0.736049 0.133996 0.0200487 0.0831788 0.255656
0 0.735081 0.134714 0.0194156 0.0842207 0.25392
5 0.487133 0.370528 0.0770832 0.165433 0.253852
0 0.146477 0.221284 0.0235446 0.0828258 0.251365
67 0.521614 0.737373 0.131877 0.32237 0.250236
0 0.00864103 0.348425 0.0172792 0.0934072 0.248887
2 0.621313 0.366299 0.0912899 0.14922 0.248408
0 0.14678 0.222406 0.0231306 0.0812446 0.246423
2 0.975409 0.0519604 0.0484135 0.04432 0.24557
2 0.669077 0.555594 0.113937 0.204663 0.244883
7 0.744008 0.400244 0.119893 0.184108 0.242327
2 0.973936 0.0496766 0.0511074 0.0474758 0.24089
2 0.97491 0.0495642 0.04946 0.0486132 0.238721
5 0.487315 0.373136 0.0773487 0.161661 0.228612
67 0.521456 0.736417 0.13273 0.317344 0.22299
0 0.147703 0.221065 0.021578 0.0827768 0.218022
0 0.0087268 0.347153 0.0173841 0.0948874 0.216693
0 0.146101 0.221397 0.0233043 0.0848431 0.212936
67 0.376799 0.421376 0.0339028 0.059424 0.210203
5 0.487037 0.37094 0.0775304 0.163182 0.209346
0 0.844638 0.146552 0.0207104 0.0430767 0.207994
0 0.736043 0.134317 0.0204824 0.0826914 0.206909
0 0.734957 0.136779 0.0174271 0.0790314 0.206791
5 0.487058 0.369385 0.0773827 0.165553 0.206187
0 0.577789 0.12194 0.0279132 0.0588685 0.206149
0 0.84471 0.148099 0.0200428 0.0417542 0.205288
5 0.744113 0.399602 0.118885 0.183148 0.20323
2 0.66929 0.556311 0.113739 0.204743 0.193122
2 0.668318 0.563063 0.116479 0.211484 0.192541
67 0.521641 0.736759 0.13331 0.318227 0.192273
0 0.146214 0.221146 0.0246736 0.0835057 0.191458
0 0.830371 0.132026 0.0193676 0.0661272 0.191135
0 0.828731 0.132576 0.0178474 0.0668793 0.191051
0 0.572683 0.121557 0.0181628 0.0586869 0.189535
0 0.735987 0.134367 0.020273 0.082412 0.182687
0 0.00839818 0.347178 0.016777 0.0927083 0.182085
28 0.75575 0.895687 0.217355 0.207717 0.181217
28 0.755749 0.896345 0.213501 0.206366 0.17422
0 0.735539 0.134115 0.0195202 0.0817309 0.172897
28 0.757665 0.89571 0.219218 0.208089 0.171065
0 0.00808627 0.34776 0.0161344 0.0917245 0.171065
0 0.831122 0.12565 0.0175674 0.0534324 0.170274
0 0.730419 0.0268223 0.0250576 0.0536447 0.167271
0 0.577503 0.121888 0.0267461 0.057721 0.163776
39 0.521657 0.737353 0.133568 0.316382 0.161669
0 0.844836 0.144805 0.0210793 0.0454521 0.16124
39 0.521089 0.735857 0.133608 0.316024 0.160661
2 0.975992 0.0551825 0.0472065 0.0381906 0.160406
0 0.00894063 0.34901 0.0177672 0.0943847 0.156603
0 0.733753 0.0274811 0.0281078 0.0542249 0.156556
0 0.733531 0.0268391 0.0277885 0.0536782 0.155496
5 0.487022 0.370851 0.0772308 0.163987 0.155258
2 0.487007 0.369743 0.0774466 0.16206 0.153558
28 0.757838 0.895961 0.215118 0.20675 0.15346
28 0.753816 0.900127 0.193389 0.198777 0.153308
0 0.00879562 0.346204 0.0174896 0.0948026 0.151631
0 0.572855 0.122586 0.019878 0.0582351 0.148332
39 0.521426 0.737608 0.132706 0.317528 0.145749
0 0.551634 0.0366834 0.0134134 0.0513461 0.145265
0 0.147932 0.223091 0.0231128 0.0819793 0.144973
0 0.18083 0.0993079 0.0173236 0.0462975 0.141088
67 0.376667 0.421176 0.0333689 0.0596201 0.140752
0 0.577675 0.122433 0.0272303 0.0579248 0.139924
67 0.377009 0.421874 0.0339886 0.0589458 0.139675
0 0.731192 0.027408 0.0230654 0.0534082 0.139375
0 0.5514 0.0368894 0.014004 0.0520519 0.138778
0 0.685487 0.0302723 0.0173021 0.0590402 0.138127
0 0.00775493 0.345716 0.0155055 0.086745 0.13504
28 0.752071 0.895973 0.217731 0.207495 0.133359
0 0.838086 0.13671 0.0279573 0.0621432 0.130673
39 0.520778 0.735248 0.133032 0.317817 0.130566
67 0.376866 0.421353 0.0337731 0.0595959 0.128477
0 0.180457 0.100773 0.0165167 0.0434984 0.127736
0 0.685399 0.0289127 0.0192413 0.0576611 0.125261
0 0.686056 0.031493 0.0160458 0.0598156 0.123538
0 0.735442 0.113795 0.0190607 0.0419961 0.122677
67 0.522218 0.743762 0.132133 0.314446 0.122157
2 0.668995 0.55471 0.11111 0.198256 0.117986
28 0.752828 0.896733 0.214367 0.204825 0.116809
2 0.521427 0.736711 0.132762 0.317478 0.113873
2 0.669085 0.554866 0.111337 0.197925 0.113397
2 0.667751 0.563726 0.117047 0.215594 0.112981
0 0.0307181 0.200811 0.0265444 0.0719311 0.112589
5 0.486824 0.36946 0.0775686 0.163326 0.112583
0 0.7247 0.027056 0.0180292 0.0531437 0.11122
67 0.376334 0.42212 0.0350037 0.0593667 0.107107
0 0.686401 0.0311272 0.0162148 0.0584617 0.102832
2 0.977456 0.0564841 0.0450891 0.0348847 0.102327
0 0.723751 0.0261471 0.0163761 0.0522941 0.100297
28 0.757292 0.895242 0.219525 0.208924 0.0988181
0 0.827793 0.133313 0.0178474 0.0676518 0.0983508
28 0.758552 0.895566 0.218757 0.208391 0.097963
0 0.146773 0.218096 0.018068 0.0761364 0.0977118
0 0.727318 0.0263374 0.0189818 0.0525807 0.0970243
0 0.55152 0.0371365 0.015045 0.0537377 0.0933902
28 0.752412 0.895387 0.218207 0.208521 0.0923253
67 0.522123 0.742555 0.132961 0.314152 0.0917288
0 0.741586 0.0260213 0.0147621 0.0520425 0.0881965
0 0.726889 0.0276672 0.0210096 0.0536799 0.087866
2 0.974081 0.0466009 0.0511644 0.0529121 0.0869771
0 0.737042 0.0283564 0.0217085 0.0520284 0.0857619
28 0.755641 0.895473 0.219139 0.208449 0.085232
0 0.837455 0.138981 0.0301319 0.0602751 0.0849291
0 0.738859 0.0271486 0.0184271 0.0528952 0.0842539
0 0.736189 0.133547 0.0207336 0.0811973 0.0839539
0 0.82815 0.132594 0.0219006 0.0666314 0.0834645
0 0.0304777 0.200649 0.0277355 0.0716197 0.0829049
0 0.685668 0.0284021 0.0161493 0.0568042 0.0792256
0 0.722504 0.014471 0.0148449 0.0289419 0.0786901
0 0.572851 0.124359 0.0221769 0.061919 0.0786304
0 0.839812 0.134726 0.0293467 0.07027 0.0780753
0 0.837722 0.134018 0.0308229 0.0709669 0.0775724
67 0.37701 0.421207 0.0338413 0.0594114 0.0759093
0 0.733529 0.0276774 0.0216231 0.0539955 0.0747732
28 0.755194 0.908719 0.189972 0.181398 0.0720329
0 0.57949 0.123057 0.0353888 0.0616233 0.0716682
2 0.668408 0.55492 0.111937 0.200266 0.069184
67 0.377092 0.421602 0.0339406 0.0584653 0.0690567
0 0.550259 0.0376585 0.0176737 0.0553806 0.0676781
0 0.83605 0.125738 0.028418 0.0565694 0.0670755
0 0.403298 0.0432199 0.0288506 0.0618063 0.0663955
0 0.579334 0.124577 0.030627 0.061862 0.0643101
0 0.00876768 0.348766 0.017435 0.0941134 0.0642544
28 0.755589 0.907712 0.194479 0.183621 0.0639456
7 0.668149 0.560231 0.114007 0.21298 0.062173
0 0.842416 0.134896 0.0237526 0.0686223 0.061148
0 0.836309 0.0415484 0.0114927 0.0344539 0.0599466
0 0.00709576 0.345222 0.0141915 0.0845204 0.0595167
2 0.966509 0.0528172 0.0360497 0.0380661 0.0594354
67 0.377374 0.421689 0.034111 0.0591857 0.0593221
0 0.827154 0.133568 0.0200027 0.0660234 0.0590658
0 0.742154 0.0140716 0.0112244 0.0280323 0.0588179
0 0.588045 0.133631 0.0149092 0.028888 0.057997
0 0.687966 0.0322829 0.0162437 0.0596824 0.0573179
0 0.180269 0.102475 0.0170074 0.0450152 0.0571291
0 0.580076 0.121212 0.0327017 0.0576036 0.056637
0 0.736735 0.114479 0.0191023 0.0439348 0.0547594
0 0.0109482 0.347565 0.0217403 0.0936814 0.0545144
0 0.685973 0.0339384 0.0161244 0.0593004 0.0539736
0 0.550485 0.0381068 0.0179365 0.0546754 0.0535782
0 0.736046 0.137267 0.0197481 0.0775033 0.0531207
0 0.0578722 0.0741635 0.0165571 0.0491647 0.0526829
2 0.974394 0.0473225 0.0509739 0.0529293 0.0515936
0 0.682754 0.0282638 0.0246651 0.0565277 0.0501947
0 0.0298042 0.200039 0.0278278 0.0718718 0.0501368
0 0.82865 0.132743 0.0245243 0.0675271 0.0489699
0 0.687434 0.0303283 0.0164377 0.058411 0.0481435
0 0.280818 0.112698 0.0126702 0.0289053 0.0470625
0 0.0584585 0.0737407 0.0188136 0.0494199 0.0467549
0 0.404201 0.040406 0.0278605 0.0630254 0.0467097
0 0.550705 0.0371254 0.0163042 0.0534829 0.0459909
0 0.0106822 0.347421 0.0213644 0.0935198 0.0456167
0 0.058032 0.0744438 0.0168231 0.0498656 0.0455335
0 0.784135 0.0232461 0.0116267 0.0285272 0.0452952
0 0.550541 0.0372826 0.0169291 0.0540955 0.043638
0 0.0308558 0.200801 0.0260307 0.0708833 0.0432916
0 0.0298527 0.200381 0.0273712 0.071785 0.0430883
0 0.835603 0.0419391 0.0128778 0.0342551 0.0424992
0 0.402692 0.0431395 0.0300386 0.0595468 0.0424717
0 0.403731 0.0408513 0.0291006 0.063371 0.0414711
0 0.268179 0.112545 0.0112898 0.031519 0.0412075
0 0.357019 0.039873 0.0215321 0.0524433 0.0407251
0 0.0298436 0.2003 0.0287419 0.0717003 0.0406472
39 0.522533 0.742799 0.132191 0.303963 0.0405085
0 0.581269 0.124351 0.0375586 0.0624829 0.0387357
0 0.280691 0.113956 0.0140801 0.0285698 0.038131
0 0.025548 0.183251 0.018716 0.0380744 0.0381211
0 0.403533 0.0387488 0.0291986 0.0603587 0.0379442
0 0.403458 0.0407098 0.0299723 0.0622774 0.037564
2 0.977431 0.0552061 0.0443501 0.0380948 0.037531
0 0.0110207 0.347635 0.0220414 0.0942191 0.0370247
0 0.403225 0.0415269 0.0307102 0.0608074 0.0362039
67 0.377571 0.421309 0.0361068 0.0603712 0.034736
2 0.634293 0.0129292 0.0394291 0.0248102 0.0344317
2 0.66797 0.540305 0.107874 0.1686 0.0338512
0 0.846167 0.144625 0.0253456 0.0466222 0.0336135
0 0.0269586 0.198226 0.021552 0.0674199 0.0335447
28 0.756088 0.910322 0.193572 0.178425 0.0335007
0 0.784497 0.0233048 0.0123871 0.027052 0.0333208
0 0.572854 0.123276 0.0289433 0.0638109 0.0328492
0 0.844559 0.148479 0.0214909 0.0434598 0.0327022
0 0.576299 0.120311 0.0258318 0.0578847 0.0326051
0 0.835751 0.0433166 0.013909 0.0342704 0.0325487
0 0.846591 0.146217 0.0239464 0.0448424 0.0324417
0 0.40284 0.0407011 0.0320226 0.0618581 0.032315
0 0.687554 0.0285886 0.0165785 0.0558464 0.031794
0 0.570933 0.111068 0.0148397 0.0412606 0.0315736
0 0.403474 0.0395907 0.0317585 0.0638418 0.0305751
0 0.734234 0.151908 0.016137 0.0494598 0.0297722
0 0.73614 0.112383 0.0186977 0.04192 0.0289828
0 0.835632 0.0450367 0.0143406 0.0405849 0.0285127
0 0.269841 0.114823 0.0133152 0.0322311 0.0284552
2 0.572415 0.172747 0.0453312 0.0521997 0.0283097
0 0.581143 0.121593 0.0336178 0.0601999 0.0279974
7 0.476295 0.560375 0.94055 0.876662 0.0265345
0 0.182314 0.0966173 0.0170646 0.0521914 0.026395
0 0.826272 0.139802 0.01987 0.0576044 0.0263421
0 0.834929 0.0400192 0.0136223 0.0366303 0.0261704
0 0.54916 0.0391014 0.0184605 0.0566564 0.0258933
0 0.0107328 0.345405 0.0214358 0.0863468 0.02478
5 0.622311 0.36648 0.0903606 0.148666 0.0244609
0 0.0255109 0.183162 0.0190685 0.0377177 0.0241979
5 0.486789 0.369999 0.0778755 0.160521 0.0240439
0 0.00719323 0.336158 0.0142866 0.072281 0.0233959
0 0.357621 0.0353514 0.0219853 0.0531682 0.0233052
2 0.799475 0.233133 0.0158014 0.0429873 0.0229794
0 0.0252707 0.18372 0.0183891 0.0379304 0.0228235
67 0.37634 0.421196 0.0353614 0.0602884 0.0226923
0 0.687542 0.0348321 0.017651 0.0659652 0.0223787
0 0.920904 0.0322752 0.0107922 0.0382515 0.0217604
0 0.217009 0.0575193 0.0150704 0.0321811 0.0209351
0 0.0555276 0.0776276 0.0147716 0.0480197 0.0208124
2 0.634432 0.0129236 0.0398343 0.0256492 0.019909
0 0.847085 0.147728 0.022945 0.0422042 0.0195194
0 0.265419 0.116107 0.0175543 0.0430041 0.0193594
0 0.737292 0.113674 0.0182786 0.0438849 0.0192657
2 0.701443 0.341473 0.0276917 0.0343742 0.0189636
0 0.8706 0.0237515 0.0150173 0.0460582 0.0189059
0 0.356944 0.0438097 0.0214974 0.0521737 0.0187113
0 0.0600798 0.0740052 0.0223268 0.0478237 0.0183401
0 0.403041 0.0396341 0.0320399 0.0611029 0.0181827
2 0.96382 0.0552257 0.0313025 0.0343775 0.0177343
0 0.517691 0.319695 0.0130615 0.0186444 0.0177186
0 0.828965 0.128718 0.0257202 0.0609928 0.0175831
0 0.91892 0.0365584 0.012476 0.0446211 0.0175697
39 0.52316 0.742246 0.132552 0.305656 0.0175427
0 0.566205 0.129484 0.0298252 0.0721452 0.0175036
0 0.269628 0.103083 0.0146576 0.0459749 0.0174489
67 0.522036 0.735352 0.131799 0.318466 0.0174382
5 0.481175 0.537782 0.954136 0.924437 0.0173687
2 0.988955 0.0355504 0.0213053 0.0295224 0.017232
2 0.871211 0.175867 0.0338482 0.0198795 0.0170324
0 0.0324641 0.210284 0.0227176 0.0505982 0.0166255
0 0.00897406 0.357564 0.0178894 0.0809826 0.0166231
0 0.0269058 0.200662 0.0215794 0.0717508 0.0164888
2 0.574374 0.171923 0.0522419 0.0518484 0.0164718
0 0.691024 0.0362891 0.0219794 0.0639435 0.0162842
0 0.901486 0.0332589 0.0158182 0.0456308 0.0162638
0 0.785845 0.0199036 0.0121717 0.0352869 0.0161355
2 0.28161 0.0567173 0.020091 0.0200041 0.0160516
