2 0.411987 0.252787 0.0398187 0.0556849 0.615414
2 0.411505 0.25333 0.039232 0.055497 0.611976
2 0.608007 0.204084 0.0365335 0.051528 0.586671
2 0.607895 0.20442 0.0369469 0.0524485 0.573023
2 0.413352 0.252201 0.0384649 0.0580812 0.571161
2 0.411508 0.252844 0.0398217 0.0562595 0.538995
2 0.412138 0.252198 0.0391001 0.0566469 0.534525
2 0.607774 0.204489 0.0369267 0.0509113 0.524809
2 0.419123 0.187342 0.0325075 0.040419 0.52461
2 0.411391 0.253858 0.0391423 0.0565708 0.51948
2 0.607613 0.204542 0.0363453 0.0513601 0.516959
2 0.4114 0.25292 0.0395146 0.0552682 0.495597
2 0.41872 0.187801 0.0315405 0.040654 0.489764
2 0.607706 0.205204 0.0358093 0.0509497 0.473454
2 0.411736 0.25367 0.0395641 0.0566801 0.469911
0 0.569808 0.460706 0.0232304 0.0762609 0.433768
2 0.418932 0.187776 0.0320196 0.0405586 0.426107
2 0.60752 0.204456 0.0364309 0.0516124 0.418194
2 0.319001 0.203414 0.0501251 0.0551602 0.415542
2 0.419026 0.187484 0.0321724 0.0403693 0.403763
2 0.607956 0.204306 0.0369319 0.0519823 0.380797
2 0.994358 0.251771 0.0105104 0.0446207 0.380559
2 0.993943 0.252124 0.0112228 0.0434527 0.376037
0 0.569805 0.462413 0.0224665 0.0784613 0.369732
5 0.588978 0.0803566 0.0255333 0.0521217 0.366267
2 0.418271 0.1885 0.031275 0.0411152 0.364335
2 0.458939 0.183494 0.0268421 0.0376122 0.361764
2 0.458414 0.183036 0.0285725 0.0379612 0.357639
2 0.458597 0.183861 0.0290696 0.038566 0.356098
2 0.607428 0.204908 0.0364676 0.0514489 0.334818
0 0.893956 0.175316 0.0146168 0.03736 0.331714
0 0.570264 0.463295 0.0215671 0.0787651 0.327069
2 0.82199 0.186548 0.0302444 0.0348538 0.325873
2 0.319187 0.203248 0.05026 0.056399 0.314752
0 0.569949 0.462415 0.023661 0.0790548 0.314368
2 0.41913 0.187168 0.0330009 0.0407756 0.312241
2 0.319158 0.203644 0.050319 0.0555974 0.31026
0 0.894746 0.175988 0.0139885 0.0374885 0.30966
2 0.418741 0.189661 0.0309523 0.0392735 0.309053
2 0.418641 0.18987 0.0304205 0.03914 0.300433
2 0.318989 0.203578 0.0509822 0.0553673 0.298526
0 0.126604 0.252204 0.0139723 0.0359476 0.294421
0 0.569687 0.46303 0.0220974 0.0795691 0.291071
2 0.607822 0.203852 0.0372793 0.0521264 0.287231
2 0.458939 0.181826 0.0298665 0.0378564 0.286414
0 0.033473 0.328733 0.0131743 0.0366456 0.284313
2 0.820383 0.18629 0.0317198 0.0362926 0.279164
2 0.319282 0.20374 0.0513181 0.0556443 0.272473
2 0.318697 0.203948 0.0507888 0.0563818 0.267742
0 0.126328 0.252884 0.013761 0.0360611 0.266518
2 0.994025 0.251234 0.0112717 0.0447027 0.261857
2 0.319768 0.204483 0.0507312 0.055296 0.25939
2 0.318758 0.20382 0.0506404 0.055662 0.251017
2 0.318875 0.203575 0.050614 0.0563913 0.250826
2 0.458036 0.183874 0.0281992 0.0377583 0.249059
2 0.318428 0.203931 0.0516282 0.056692 0.247532
0 0.57095 0.463349 0.0194105 0.0797644 0.234127
2 0.822862 0.186749 0.029557 0.0341782 0.232632
2 0.991983 0.252682 0.0153934 0.0446765 0.231102
5 0.588854 0.080684 0.0263187 0.0502673 0.220928
2 0.821609 0.187078 0.0301832 0.0343691 0.217046
0 0.033554 0.279534 0.0169914 0.0542869 0.215498
2 0.454552 0.108836 0.0231583 0.0208994 0.21335
0 0.895005 0.177138 0.0133232 0.0381982 0.20974
0 0.93157 0.174049 0.0129948 0.0203675 0.209396
2 0.467417 0.146997 0.0261191 0.022142 0.207718
0 0.931554 0.173094 0.013652 0.021291 0.203304
0 0.569867 0.46277 0.0222614 0.0818272 0.196768
5 0.590051 0.080036 0.0257944 0.0527454 0.191615
0 0.754237 0.155173 0.0106691 0.0384915 0.184782
0 0.126227 0.253362 0.0157098 0.0373962 0.183243
2 0.419221 0.187623 0.0321484 0.0403039 0.181615
2 0.41371 0.251517 0.0441406 0.0605683 0.167211
0 0.0336862 0.329169 0.013746 0.0370711 0.16256
0 0.568877 0.462706 0.0220219 0.0805203 0.162256
0 0.042773 0.278347 0.013736 0.0481127 0.160936
2 0.31866 0.203427 0.0509963 0.0555099 0.156
0 0.125607 0.251342 0.0165458 0.0380469 0.155192
0 0.852105 0.179795 0.0117199 0.0320005 0.152509
2 0.820189 0.185724 0.0343235 0.0372365 0.148618
5 0.637234 0.0746192 0.0450705 0.0493236 0.147205
5 0.221102 0.162079 0.0288997 0.0363662 0.146813
0 0.754214 0.159201 0.0096859 0.0300247 0.146466
5 0.589355 0.077669 0.0226339 0.0471819 0.142337
5 0.221688 0.161087 0.029608 0.0363944 0.135899
2 0.703874 0.281184 0.037497 0.03345 0.135445
5 0.588554 0.0797725 0.025418 0.0501876 0.135299
2 0.458758 0.183393 0.0296394 0.0386109 0.135204
2 0.822472 0.186688 0.0295881 0.0352691 0.132908
2 0.991882 0.251877 0.0155674 0.0455445 0.127991
2 0.411236 0.252324 0.0373816 0.0564319 0.127679
0 0.125268 0.252526 0.015503 0.0382264 0.12634
2 0.419183 0.18678 0.0312572 0.0398288 0.124203
0 0.852548 0.177862 0.0128611 0.0319057 0.122862
2 0.423045 0.131035 0.0300619 0.0416994 0.121703
2 0.821944 0.183707 0.0316536 0.0395977 0.12049
0 0.042594 0.272531 0.0124288 0.0368697 0.119148
0 0.99384 0.735818 0.0114487 0.108083 0.118079
0 0.755289 0.149975 0.0119963 0.0473368 0.115614
2 0.411014 0.252565 0.0400908 0.0568403 0.113557
5 0.222463 0.161396 0.0320861 0.0369862 0.112618
2 0.422525 0.132585 0.0300087 0.0445263 0.112065
0 0.0317704 0.272913 0.0127749 0.0398371 0.110926
0 0.259493 0.192648 0.0102256 0.035374 0.108901
5 0.22288 0.161711 0.0324711 0.0368439 0.108686
2 0.45709 0.182208 0.0306778 0.0390463 0.103778
0 0.0349051 0.332286 0.0117465 0.0326175 0.103484
0 0.892185 0.175572 0.015493 0.034129 0.101769
0 0.571253 0.480987 0.0170227 0.0450056 0.100733
0 0.0345727 0.282004 0.0179052 0.0555925 0.0977081
2 0.457167 0.182616 0.0299191 0.0381763 0.097438
2 0.42211 0.132715 0.0299278 0.0432715 0.0964887
2 0.42243 0.131765 0.0303726 0.0435575 0.0948028
2 0.421111 0.140708 0.0282369 0.0304107 0.0946548
2 0.82314 0.184459 0.0299614 0.0387753 0.0945959
2 0.820759 0.186524 0.0337307 0.0353385 0.0944451
2 0.666312 0.15397 0.023604 0.031407 0.091373
2 0.319291 0.206208 0.0498185 0.0512013 0.0889753
5 0.738392 0.0542009 0.0809 0.108402 0.0884228
2 0.326491 0.217009 0.0356243 0.0320761 0.0865164
0 0.994092 0.724214 0.0111095 0.0844232 0.0825676
0 0.0377256 0.278254 0.0204021 0.0516146 0.0822185
0 0.124952 0.254275 0.0156034 0.0396357 0.0819676
2 0.652932 0.0801065 0.0168334 0.0195175 0.0817867
5 0.218568 0.161671 0.0379948 0.0376736 0.0813451
0 0.993955 0.722854 0.0113331 0.0775852 0.081132
0 0.632128 0.0990988 0.00866089 0.0200212 0.0802662
0 0.0320956 0.331399 0.0136369 0.0368042 0.0796239
5 0.589814 0.0799176 0.0256409 0.0535169 0.0791448
2 0.704369 0.281077 0.0377335 0.0327606 0.0791368
2 0.421842 0.134017 0.0289949 0.0434843 0.0787558
2 0.411498 0.252315 0.0380859 0.0566627 0.0783989
5 0.635127 0.0742295 0.0447102 0.0493903 0.0771281
0 0.170817 0.21855 0.0110409 0.0304142 0.0768098
0 0.90176 0.171902 0.0131783 0.0240983 0.076358
0 0.0420902 0.281114 0.0139382 0.0501444 0.0760768
0 0.994089 0.72327 0.0110077 0.0803425 0.0760364
2 0.994493 0.248878 0.0101681 0.0467131 0.0750336
0 0.633133 0.100089 0.00838909 0.0187582 0.0726729
0 0.0114743 0.373927 0.0229487 0.059413 0.0725493
0 0.851289 0.182037 0.0134674 0.0337334 0.071473
0 0.993204 0.744202 0.0127777 0.123708 0.0686426
5 0.737878 0.0557773 0.0810498 0.111555 0.0680329
0 0.992415 0.747219 0.0146244 0.127946 0.0680033
0 0.258873 0.197962 0.00915556 0.0267503 0.067153
2 0.725977 0.230564 0.0274256 0.0286614 0.0664647
5 0.221701 0.161385 0.0364842 0.0375188 0.0662306
2 0.324604 0.216266 0.0400585 0.0337069 0.0651843
2 0.451974 0.10789 0.026622 0.0248456 0.0650834
2 0.726555 0.230482 0.0287584 0.0284516 0.0643155
5 0.589179 0.083093 0.0245935 0.0483656 0.0640327
2 0.704025 0.280404 0.0385015 0.033228 0.0636059
2 0.422328 0.135224 0.0310108 0.040406 0.0632368
2 0.665183 0.1122 0.0164114 0.0264051 0.0626285
2 0.467999 0.140646 0.0274837 0.0345646 0.0624033
0 0.900743 0.173893 0.0159546 0.0280036 0.0618527
2 0.704389 0.281364 0.0385323 0.0327172 0.0609739
2 0.435426 0.0838589 0.0212008 0.0209849 0.0605491
2 0.704417 0.281361 0.0381563 0.0335123 0.0601606
2 0.665524 0.158321 0.0246634 0.0267495 0.0591365
5 0.634986 0.0691525 0.0453468 0.0411489 0.0586246
5 0.737973 0.0534583 0.0822851 0.106917 0.0582929
5 0.267843 0.13325 0.0261178 0.0385453 0.0582552
5 0.63706 0.0767376 0.0426443 0.0515464 0.058007
0 0.693047 0.145772 0.013546 0.0333831 0.0565823
5 0.631667 0.0706056 0.0381886 0.0420681 0.0556634
0 0.695123 0.14766 0.0122998 0.0321696 0.0555921
0 0.172673 0.216454 0.0122878 0.0298343 0.0531815
0 0.0309129 0.269014 0.0117702 0.0346016 0.0514842
0 0.756482 0.132536 0.0119579 0.0186605 0.0513946
0 0.0124613 0.376318 0.0249227 0.0629444 0.0493499
0 0.0373559 0.279826 0.0194214 0.0534909 0.0481871
0 0.991789 0.747804 0.0157404 0.124784 0.0481532
0 0.571258 0.461982 0.0229147 0.0783546 0.0474032
5 0.63479 0.0711834 0.0439081 0.0436449 0.0472836
5 0.589367 0.0863971 0.0249475 0.0408578 0.0472587
0 0.0409825 0.272028 0.015092 0.0382197 0.0471854
5 0.218395 0.162062 0.0359946 0.0371678 0.0467817
0 0.0125526 0.376009 0.0249317 0.0510521 0.0464567
2 0.453872 0.109515 0.0242291 0.0218101 0.0460895
2 0.988667 0.25069 0.0216837 0.0478826 0.0445794
5 0.460144 0.18196 0.0320651 0.0389951 0.0440768
5 0.738445 0.0524745 0.0821509 0.104949 0.043636
2 0.663581 0.110661 0.0199297 0.0272441 0.0434234
2 0.410547 0.258241 0.0368595 0.0500851 0.043006
2 0.704651 0.280757 0.0390963 0.0340549 0.042793
2 0.4892 0.0694784 0.0209198 0.0231723 0.0426715
2 0.704408 0.281185 0.0387897 0.0332361 0.0416461
0 0.0139136 0.373052 0.0276566 0.0621749 0.0416358
2 0.63403 0.0703522 0.0424278 0.0423987 0.0415317
0 0.986496 0.746929 0.0262428 0.129897 0.0414893
0 0.895387 0.173735 0.017346 0.0376919 0.041106
0 0.259556 0.188662 0.0130451 0.0395069 0.0409732
2 0.357997 0.237189 0.0175213 0.0202667 0.0405667
2 0.666826 0.150328 0.02442 0.0395582 0.0405017
0 0.00863013 0.367598 0.0172548 0.0526395 0.0402116
2 0.704195 0.280857 0.038981 0.0325707 0.039838
0 0.992212 0.748813 0.0151173 0.130446 0.0388225
2 0.703567 0.280168 0.0396694 0.0339609 0.0385638
0 0.571574 0.462047 0.0247444 0.0782816 0.0385351
5 0.634838 0.070413 0.0452469 0.0415969 0.0380031
0 0.808543 0.155898 0.00989914 0.0230198 0.0372149
2 0.467072 0.14811 0.0267757 0.0230317 0.0369018
0 0.168512 0.22072 0.0108408 0.0310826 0.0363582
0 0.667684 0.126713 0.0162547 0.0382862 0.0362723
2 0.634592 0.06494 0.0414117 0.0309864 0.0357212
5 0.265853 0.13485 0.0292585 0.041968 0.0354026
0 0.990572 0.749577 0.0181412 0.123783 0.0350544
2 0.467793 0.146273 0.0260174 0.0244459 0.0338663
0 0.709161 0.089082 0.0107862 0.0204927 0.0338433
5 0.222375 0.160758 0.0306531 0.0372692 0.0335247
5 0.228201 0.161679 0.0461919 0.0373067 0.0329984
0 0.033242 0.317031 0.0141412 0.0551003 0.0328616
0 0.0126737 0.375959 0.0250512 0.0559375 0.0327879
2 0.418104 0.186901 0.0303564 0.0401935 0.0322291
2 0.289633 0.145761 0.0178669 0.018567 0.0321096
0 0.00709125 0.345671 0.0139287 0.0168791 0.0320433
2 0.666203 0.157849 0.0248596 0.0305753 0.0316827
0 0.991486 0.750993 0.0165615 0.136493 0.0315274
2 0.411375 0.266384 0.037763 0.0340796 0.0306388
2 0.665978 0.158114 0.0261177 0.0289705 0.0300881
0 0.893711 0.174687 0.0196926 0.035038 0.0300767
2 0.346591 0.291747 0.0203023 0.0293213 0.0298189
2 0.324071 0.208566 0.0408031 0.047288 0.0289468
0 0.260764 0.191923 0.0116629 0.0356465 0.0287125
5 0.738801 0.0510275 0.0826984 0.102055 0.0286141
5 0.869219 0.14777 0.0652695 0.0386058 0.0282241
0 0.882176 0.180196 0.0103559 0.021004 0.0282182
2 0.359744 0.236855 0.0225585 0.0220616 0.0280689
2 0.820526 0.179862 0.0326424 0.0488445 0.0280064
9 0.533905 0.0607742 0.0148901 0.029004 0.0276805
0 0.665532 0.115785 0.0157152 0.0302078 0.0266986
0 0.665331 0.115969 0.0185327 0.0355394 0.0266291
2 0.633941 0.0704936 0.0441929 0.0431584 0.0265048
5 0.556598 0.0712022 0.0213338 0.0207764 0.0263912
5 0.265573 0.13744 0.0245193 0.0354219 0.026289
2 0.725961 0.23165 0.0286884 0.0298266 0.0257315
5 0.738184 0.0569242 0.0793768 0.113848 0.0257025
2 0.82346 0.185101 0.0387001 0.0379883 0.0247714
6 0.486782 0.55904 0.930846 0.878605 0.0246079
2 0.60749 0.204921 0.0373085 0.0498526 0.0242695
2 0.411218 0.262787 0.0398129 0.0393216 0.0240222
0 0.0352984 0.328362 0.0161384 0.0444411 0.0240039
2 0.456861 0.183413 0.0299604 0.0394784 0.0239272
5 0.269266 0.134401 0.0213583 0.0381115 0.0237778
2 0.437381 0.0839527 0.0253947 0.0231311 0.0236329
5 0.554224 0.0635696 0.0275483 0.0322665 0.0233969
2 0.358548 0.109313 0.0283904 0.0293593 0.0233076
9 0.718816 0.0565958 0.0126452 0.0297441 0.0232145
0 0.0121143 0.378417 0.0242286 0.0634242 0.0231933
9 0.819511 0.0928593 0.0117912 0.0367034 0.0229178
5 0.554486 0.0624394 0.028149 0.0384448 0.0228649
2 0.457597 0.507311 0.046818 0.0404172 0.0228544
2 0.818047 0.158592 0.0219288 0.0175928 0.0227103
6 0.507272 0.559352 0.947833 0.879161 0.0219601
2 0.792877 0.150088 0.0120193 0.028691 0.0219262
0 0.886276 0.175806 0.0190849 0.0319731 0.0218285
2 0.468558 0.144717 0.0296614 0.0309752 0.0216141
5 0.301643 0.0589922 0.030553 0.0450062 0.0215628
0 0.0132554 0.3719 0.0263293 0.0551632 0.0215454
0 0.792968 0.154099 0.0110607 0.0248778 0.0212649
0 0.985841 0.748778 0.0274145 0.128986 0.0211573
5 0.300932 0.0590868 0.0306369 0.046329 0.0209636
2 0.487419 0.0694394 0.0243725 0.0223815 0.0209025
2 0.313216 0.217024 0.0329312 0.0325155 0.0207639
0 0.129738 0.252274 0.0201348 0.0359062 0.0206432
6 0.510169 0.548871 0.950221 0.899929 0.020421
2 0.412907 0.252742 0.0434681 0.0598622 0.0204039
25 0.0875314 0.145712 0.0296251 0.018928 0.0203294
2 0.651454 0.0782863 0.0221436 0.0266197 0.0201944
0 0.108637 0.192582 0.00986514 0.0156281 0.0198583
2 0.727294 0.230919 0.030904 0.0288747 0.0198212
6 0.469287 0.548747 0.85727 0.89946 0.0196361
5 0.266366 0.133915 0.0301567 0.0425745 0.0193544
5 0.301076 0.0586437 0.0291551 0.0449278 0.0193015
2 0.720462 0.0903512 0.0235879 0.0263347 0.0192858
5 0.22285 0.160829 0.02781 0.0379394 0.0190995
2 0.888946 0.354671 0.0623646 0.0458298 0.0187067
2 0.489213 0.0754321 0.0173687 0.016713 0.0186947
0 0.329832 0.155917 0.0119943 0.0204395 0.0186089
0 0.807234 0.14917 0.00936165 0.0189967 0.0184459
0 0.696233 0.0778225 0.011455 0.0227984 0.0184073
0 0.258851 0.145837 0.0136031 0.0207386 0.0182583
2 0.653147 0.0785156 0.0194416 0.0244889 0.0182573
5 0.741566 0.0529902 0.0873039 0.10598 0.017756
2 0.436459 0.0900149 0.0205339 0.0218857 0.0176313
2 0.607549 0.204209 0.0371514 0.0524674 0.0175203
2 0.64259 0.283194 0.0346704 0.0309772 0.0174385
9 0.819067 0.0942807 0.0113945 0.0353881 0.0171753
0 0.124214 0.207266 0.0148913 0.0367957 0.0170808
5 0.548523 0.061377 0.0402836 0.0370772 0.0169922
2 0.423192 0.116392 0.029598 0.0287605 0.0167152
0 0.933142 0.170796 0.0141483 0.0235885 0.0165011
2 0.642739 0.283164 0.03444 0.0324605 0.0164224
2 0.889161 0.354865 0.0618492 0.046779 0.0163546
0 0.0354484 0.330014 0.019483 0.0358193 0.0163337
5 0.300915 0.0597738 0.028689 0.0463846 0.0162107
0 0.175634 0.208829 0.0153822 0.0275302 0.0160507
0 0.344527 0.141008 0.0101933 0.0361785 0.0160426
2 0.363088 0.236931 0.0298637 0.0257475 0.0158603
