2 0.783671 0.247754 0.0427387 0.0490628 0.768247
2 0.671982 0.207465 0.038014 0.0415752 0.751207
2 0.497603 0.283904 0.059227 0.0581357 0.738106
2 0.783597 0.247286 0.0431763 0.0503421 0.726831
2 0.497406 0.283893 0.0594942 0.0575983 0.726619
2 0.497107 0.284135 0.0587639 0.056428 0.722363
2 0.748119 0.455925 0.0782515 0.104405 0.696071
2 0.672036 0.208071 0.0393734 0.0430192 0.692205
2 0.497859 0.284392 0.058996 0.0573517 0.690253
2 0.747958 0.456318 0.0791382 0.104129 0.68769
2 0.497988 0.284535 0.0588633 0.0574986 0.687429
2 0.748223 0.455981 0.0785709 0.104157 0.685019
2 0.497515 0.283607 0.0591852 0.0565417 0.681706
2 0.747938 0.456111 0.0785048 0.104035 0.676738
2 0.842359 0.260902 0.0441486 0.0568394 0.674124
2 0.842536 0.261017 0.0446781 0.0570538 0.670939
2 0.497609 0.284472 0.0585583 0.0578004 0.659693
2 0.842407 0.260413 0.0446098 0.057621 0.659542
2 0.49775 0.284255 0.0591442 0.0569672 0.651408
2 0.783671 0.247726 0.042112 0.0482471 0.650046
2 0.672068 0.207117 0.0382294 0.0416893 0.649639
2 0.783636 0.247319 0.0425802 0.0502518 0.643796
2 0.67182 0.207774 0.0380283 0.0430663 0.639587
2 0.635974 0.265659 0.0437078 0.0531579 0.638047
2 0.841897 0.260995 0.0445757 0.0570009 0.636862
2 0.784305 0.248424 0.04172 0.0479714 0.634144
2 0.748311 0.456123 0.0783499 0.104015 0.627639
2 0.783431 0.247334 0.0428017 0.0497034 0.627279
2 0.783583 0.2472 0.0426156 0.0495102 0.619514
2 0.63627 0.266037 0.0425782 0.0526214 0.61551
2 0.671652 0.207555 0.0397183 0.0426163 0.613569
2 0.74774 0.455889 0.0794046 0.104938 0.609296
2 0.747855 0.456544 0.0788796 0.105764 0.603936
2 0.671846 0.207563 0.0379792 0.0420679 0.599145
2 0.842525 0.260218 0.0440865 0.0566593 0.577816
2 0.389667 0.815389 0.197278 0.247954 0.572785
2 0.636321 0.265568 0.0408585 0.053233 0.560833
2 0.671464 0.208302 0.037953 0.0429995 0.560089
2 0.748075 0.45597 0.0781871 0.104191 0.557766
2 0.671593 0.208131 0.0383326 0.0433374 0.556986
2 0.842867 0.261446 0.0445557 0.057319 0.556804
2 0.784075 0.249564 0.0426743 0.0475029 0.549672
2 0.635899 0.265763 0.0426586 0.0526024 0.540386
2 0.784312 0.249036 0.0422011 0.0479529 0.537636
2 0.389909 0.814368 0.197995 0.245446 0.535938
2 0.671378 0.208209 0.038323 0.0428808 0.531015
2 0.389882 0.815244 0.197715 0.246324 0.519403
2 0.671529 0.207709 0.0386227 0.0421697 0.519294
2 0.720116 0.133718 0.0242523 0.0299877 0.512044
2 0.843095 0.260664 0.0443459 0.0585058 0.510213
2 0.748258 0.456534 0.0789587 0.104742 0.496615
2 0.635894 0.265956 0.0430105 0.0525863 0.495927
2 0.390443 0.813754 0.198172 0.245537 0.495259
2 0.389843 0.815427 0.197232 0.248039 0.495193
2 0.636163 0.265282 0.042133 0.0519028 0.494811
2 0.72083 0.133649 0.0240356 0.0300222 0.47313
2 0.635176 0.266679 0.0404933 0.0522872 0.466638
2 0.783759 0.247914 0.0429384 0.0474579 0.45907
2 0.896825 0.29722 0.0493828 0.0696812 0.457725
2 0.389506 0.815814 0.198266 0.246104 0.450048
2 0.897632 0.297059 0.0482933 0.0701968 0.44724
2 0.0839404 0.10715 0.0837895 0.0362529 0.444944
2 0.87054 0.196472 0.0282162 0.0259422 0.440977
2 0.821866 0.618631 0.11179 0.230696 0.434466
2 0.822128 0.61831 0.111826 0.231334 0.430613
2 0.870515 0.193966 0.0274706 0.0306173 0.427148
2 0.389578 0.815169 0.197437 0.246619 0.421972
2 0.897012 0.298467 0.0469389 0.0670485 0.409043
2 0.967434 0.726028 0.0646553 0.213138 0.407033
2 0.497597 0.284015 0.0600105 0.057733 0.406897
2 0.821527 0.618392 0.112479 0.230055 0.404756
2 0.8977 0.296551 0.0485901 0.0690168 0.402696
2 0.783907 0.247197 0.0429819 0.0475322 0.398004
2 0.784458 0.249127 0.042404 0.0468309 0.393113
2 0.89703 0.298847 0.0478621 0.0660192 0.390997
2 0.635945 0.26621 0.0398783 0.0544322 0.38796
2 0.870737 0.196187 0.0280849 0.0245728 0.38726
2 0.702719 0.361536 0.0644777 0.0832138 0.385715
2 0.842462 0.261568 0.0427799 0.0572792 0.379201
2 0.821766 0.618362 0.112914 0.230225 0.371714
2 0.89773 0.296699 0.0486658 0.0690719 0.369732
2 0.63556 0.265407 0.041345 0.0524385 0.368163
2 0.0827921 0.10659 0.0865691 0.0368047 0.362841
2 0.831381 0.188956 0.0268318 0.0296455 0.359478
2 0.897949 0.296779 0.0500843 0.0695398 0.358286
2 0.389985 0.815812 0.19705 0.246897 0.352727
7 0.703198 0.360218 0.064296 0.0821344 0.350388
2 0.702805 0.360468 0.0642522 0.0819389 0.346572
2 0.496954 0.284355 0.0582747 0.0566379 0.346551
2 0.720242 0.134657 0.0258652 0.0292527 0.344939
2 0.821689 0.618795 0.11098 0.229922 0.339112
7 0.702915 0.360273 0.0641043 0.0819034 0.335121
2 0.635228 0.265114 0.0410589 0.0521515 0.334676
2 0.703091 0.360471 0.064988 0.0825442 0.333213
2 0.897706 0.297011 0.0496885 0.0691811 0.32961
2 0.0841834 0.107138 0.082607 0.0350734 0.325843
2 0.931783 0.182756 0.0276173 0.03358 0.322947
2 0.870737 0.192055 0.027919 0.033031 0.313135
2 0.757167 0.169599 0.0283416 0.0353958 0.311397
7 0.703144 0.360419 0.0644745 0.081443 0.309754
7 0.703061 0.360328 0.06442 0.0823047 0.303806
2 0.720585 0.133428 0.0253307 0.0296265 0.294355
2 0.0797613 0.108056 0.0935907 0.0389668 0.293649
7 0.8222 0.618943 0.11187 0.230961 0.29159
2 0.967346 0.725065 0.0643082 0.207164 0.285335
2 0.389146 0.81596 0.198094 0.248582 0.283271
2 0.84261 0.259625 0.0451515 0.0573613 0.281891
2 0.703142 0.361113 0.0650497 0.0833862 0.281873
2 0.831562 0.187378 0.0267954 0.0314811 0.277229
2 0.967841 0.724271 0.0638453 0.208462 0.276077
2 0.967632 0.724314 0.063722 0.207238 0.274148
2 0.756314 0.16966 0.0261495 0.0366799 0.271951
7 0.822182 0.618156 0.112275 0.230971 0.267746
2 0.86126 0.146876 0.0212927 0.0252156 0.267186
2 0.72061 0.133344 0.0250534 0.0303552 0.253141
2 0.757201 0.169056 0.0283398 0.0371355 0.249423
2 0.083454 0.105883 0.0838352 0.0347322 0.245249
2 0.967648 0.724023 0.0637222 0.206919 0.242515
2 0.011765 0.110618 0.0233751 0.0294463 0.240876
2 0.755993 0.16946 0.0275964 0.0388119 0.240698
2 0.831385 0.186952 0.0258106 0.030382 0.237955
2 0.968013 0.72417 0.0635088 0.20756 0.229681
2 0.0702195 0.108431 0.110963 0.0410534 0.222554
2 0.757115 0.169048 0.0293476 0.0369681 0.221189
2 0.861338 0.14675 0.0213148 0.0244037 0.220645
2 0.637183 0.265521 0.0438392 0.0533327 0.212217
2 0.62948 0.273545 0.0283049 0.0382992 0.212148
2 0.637649 0.265004 0.0451599 0.0504669 0.211873
2 0.80467 0.116887 0.019232 0.0226711 0.211856
2 0.496882 0.284426 0.0578623 0.0567594 0.210277
2 0.898309 0.143832 0.0233467 0.035906 0.208978
2 0.8709 0.187693 0.0293564 0.0418157 0.2067
2 0.821655 0.618168 0.112622 0.23054 0.205997
2 0.720513 0.133338 0.0246132 0.0311879 0.20486
2 0.0846264 0.105478 0.0807884 0.0330867 0.20192
5 0.967835 0.724705 0.0638273 0.208353 0.198138
2 0.870564 0.187153 0.0282398 0.0416785 0.19681
2 0.0821749 0.105291 0.0861449 0.0350996 0.192889
2 0.821775 0.618421 0.112125 0.230281 0.190668
2 0.0120037 0.110365 0.023798 0.0298657 0.18477
2 0.756607 0.16927 0.0286152 0.0384823 0.180284
2 0.498051 0.284493 0.0593731 0.0581336 0.176895
2 0.718639 0.134133 0.0288715 0.0312244 0.176379
2 0.96796 0.724296 0.0630253 0.208533 0.173409
2 0.869927 0.189464 0.0259007 0.0401239 0.157416
2 0.967641 0.727377 0.0642376 0.207059 0.152245
2 0.860582 0.147718 0.0220551 0.0248702 0.149259
2 0.861187 0.148015 0.0226973 0.0239427 0.148138
2 0.842157 0.261066 0.0444736 0.057259 0.144985
2 0.757077 0.169003 0.0292631 0.0381032 0.143581
2 0.795998 0.110876 0.0319521 0.0264003 0.143132
2 0.932821 0.182117 0.0275608 0.0362757 0.142908
2 0.0811317 0.105151 0.0841129 0.0350295 0.141942
2 0.0120404 0.110722 0.023891 0.0295281 0.135432
2 0.797424 0.113664 0.0309855 0.024724 0.13377
2 0.636569 0.265437 0.0424326 0.0525898 0.130079
2 0.389731 0.816103 0.197216 0.246877 0.129858
2 0.831127 0.188662 0.0281446 0.0305512 0.129373
2 0.931986 0.182658 0.0269428 0.0328632 0.126144
5 0.968054 0.724776 0.0633301 0.208649 0.125191
2 0.932192 0.182002 0.0261929 0.0341154 0.123074
2 0.497473 0.283878 0.0596447 0.0577094 0.117967
2 0.898226 0.142036 0.023024 0.0373882 0.117895
2 0.931833 0.182419 0.0255852 0.0344415 0.117885
2 0.896704 0.300926 0.0474976 0.0626952 0.116564
2 0.790669 0.109721 0.0223817 0.0256282 0.114939
2 0.899011 0.295516 0.0462267 0.069584 0.114026
2 0.721429 0.133011 0.0244679 0.0317207 0.112471
2 0.787698 0.112 0.016903 0.0223912 0.109861
2 0.897922 0.143188 0.0231787 0.0373806 0.105026
2 0.748202 0.456354 0.0781845 0.104541 0.104093
6 0.0526853 0.0827388 0.104465 0.0976608 0.102849
2 0.702934 0.361485 0.0641217 0.0823905 0.101857
2 0.898098 0.142193 0.0232449 0.0373745 0.098459
7 0.384276 0.0359613 0.151937 0.065669 0.0975623
6 0.046527 0.0819196 0.0926915 0.0957221 0.0954796
2 0.898197 0.142254 0.0229895 0.037292 0.0954718
2 0.842366 0.261046 0.044381 0.0586896 0.0943321
6 0.239977 0.0774353 0.477174 0.14087 0.0923228
2 0.831323 0.187174 0.0278885 0.0319608 0.0913232
2 0.643232 0.258872 0.0333502 0.038074 0.0911741
2 0.898461 0.141819 0.0221977 0.0367508 0.0906433
2 0.0121526 0.110352 0.0242395 0.0303364 0.0894351
6 0.242908 0.0790897 0.483139 0.134573 0.0887093
7 0.408161 0.0372101 0.10307 0.0595177 0.0864877
6 0.0608603 0.0850943 0.121721 0.104484 0.0861613
2 0.335031 0.0668077 0.0451299 0.0217813 0.0846686
6 0.0627771 0.082609 0.125213 0.0984316 0.0823841
2 0.896846 0.307301 0.0462475 0.0500595 0.0807154
6 0.240283 0.0826341 0.479879 0.126255 0.0796534
7 0.384435 0.0381225 0.149787 0.0637775 0.0790774
6 0.23636 0.0791247 0.469098 0.141564 0.0786533
2 0.932519 0.182102 0.0277588 0.0354212 0.0784194
2 0.83973 0.0931512 0.0206821 0.0191177 0.0775923
2 0.0655778 0.107974 0.11864 0.0408755 0.0772869
2 0.333457 0.067341 0.0445369 0.0216948 0.0765096
6 0.235276 0.0764605 0.467571 0.14392 0.0754934
7 0.409098 0.0357041 0.10644 0.0624806 0.0751943
2 0.335002 0.0662077 0.0450075 0.022973 0.0744628
2 0.832103 0.186546 0.0288242 0.034798 0.0741376
2 0.757676 0.169128 0.0288739 0.0372925 0.0736856
2 0.0884589 0.107816 0.0752242 0.0357741 0.0711878
2 0.869933 0.19494 0.0295673 0.0287241 0.0698293
2 0.0637267 0.112773 0.123164 0.0478928 0.0644719
2 0.895665 0.297011 0.0516903 0.0695013 0.0642103
5 0.384959 0.0383163 0.149579 0.0661112 0.0630326
2 0.80378 0.112987 0.0312693 0.0279924 0.062443
2 0.0835721 0.108717 0.0864145 0.038439 0.062129
2 0.788873 0.109583 0.0185892 0.0245841 0.0617465
2 0.842197 0.261656 0.0429501 0.0563414 0.0608084
7 0.402493 0.035965 0.115915 0.0625382 0.0605032
2 0.832318 0.178575 0.0293459 0.0469885 0.0597999
2 0.702301 0.362352 0.0628487 0.0818735 0.0591436
2 0.834504 0.174481 0.0340986 0.0593847 0.0584908
6 0.240788 0.0817778 0.480617 0.125783 0.0581681
7 0.062874 0.0847834 0.125748 0.104174 0.05813
5 0.382687 0.0360007 0.155719 0.0677104 0.0560928
6 0.235805 0.0760478 0.468066 0.143991 0.055957
5 0.408766 0.037608 0.101225 0.0601573 0.0557041
2 0.671689 0.207371 0.0387636 0.0420644 0.0547091
7 0.384387 0.0413879 0.149725 0.067741 0.054438
6 0.0578331 0.0817871 0.115531 0.0924353 0.0515246
2 0.899049 0.289762 0.0445862 0.0570737 0.0501018
6 0.0430063 0.0813825 0.0858328 0.0928329 0.0494472
2 0.412251 0.0538921 0.0402437 0.0231191 0.0487937
2 0.479988 0.0536363 0.0277081 0.0137889 0.0486737
2 0.411204 0.0544225 0.0460783 0.0241693 0.0480833
2 0.869642 0.190042 0.0296791 0.0366552 0.047868
5 0.38419 0.037904 0.150448 0.0690987 0.0468822
2 0.408522 0.0363357 0.108318 0.0584431 0.0462203
2 0.967325 0.727001 0.0643528 0.20575 0.045589
2 0.831959 0.185948 0.0283562 0.0360383 0.0446815
0 0.535135 0.0373772 0.0168653 0.0224338 0.0443597
2 0.861874 0.143126 0.0220116 0.0336553 0.0436382
2 0.161039 0.0951059 0.0604154 0.0154122 0.043289
0 0.535549 0.0376764 0.0167082 0.0207951 0.0411542
7 0.805437 0.105857 0.0503624 0.0375481 0.0411161
2 0.802118 0.112745 0.0265528 0.0284691 0.0396502
2 0.409159 0.0366379 0.10148 0.0583276 0.0395101
2 0.626697 0.280668 0.022451 0.0305486 0.0394627
6 0.240942 0.0762499 0.478268 0.135347 0.0389014
6 0.0606178 0.0859334 0.121236 0.107979 0.0386262
2 0.0665814 0.110958 0.11602 0.0463417 0.0382173
2 0.0628918 0.113555 0.124555 0.0496461 0.0377667
2 0.165835 0.094709 0.0642295 0.0164966 0.0377025
7 0.409167 0.0368564 0.0986112 0.0586119 0.0373558
7 0.385091 0.0425043 0.149915 0.0705231 0.0361247
2 0.272756 0.0767798 0.0233508 0.0138616 0.0360347
6 0.0631839 0.0973199 0.126368 0.0803987 0.0351885
2 0.896605 0.307117 0.0451267 0.0509038 0.0350415
6 0.205886 0.0859552 0.410788 0.115547 0.0349087
2 0.160228 0.0958961 0.0675261 0.0184803 0.0347841
2 0.748001 0.456421 0.07941 0.104609 0.0339448
2 0.931563 0.182177 0.0291193 0.0342066 0.0334349
2 0.863994 0.145283 0.0262955 0.0276459 0.0322957
2 0.1471 0.0942542 0.0391469 0.0172935 0.0316515
2 0.82057 0.106015 0.0176128 0.0202291 0.0315785
9 0.95874 0.117172 0.0150963 0.0226039 0.0313509
2 0.389703 0.815725 0.197789 0.245804 0.0313013
6 0.234521 0.0761084 0.467122 0.146762 0.0312355
7 0.402187 0.0394898 0.11458 0.0633973 0.0306026
2 0.871154 0.187274 0.0303406 0.0443067 0.0302962
0 0.0433726 0.10677 0.0204612 0.0295049 0.0295598
2 0.757672 0.168767 0.0288918 0.0375952 0.029548
2 0.900574 0.279742 0.0421539 0.0379992 0.0295257
2 0.718672 0.133772 0.0289614 0.0311766 0.0293616
2 0.757829 0.169143 0.029129 0.036282 0.0285585
6 0.3845 0.0339486 0.160044 0.0659684 0.0283462
5 0.386338 0.0345086 0.158293 0.0639959 0.0283107
2 0.255451 0.0789477 0.0259385 0.012061 0.0280103
2 0.860925 0.142953 0.0231606 0.0328435 0.0277194
2 0.0915769 0.106624 0.0680635 0.0346547 0.0269613
6 0.0421431 0.0800059 0.0842862 0.0820976 0.0261355
2 0.0117405 0.119092 0.0233626 0.046674 0.0258032
7 0.703079 0.360641 0.0649866 0.0815266 0.0252084
2 0.932731 0.182571 0.0293911 0.0352472 0.0251593
2 0.63041 0.277716 0.0310838 0.0362097 0.0250155
6 0.234265 0.0746936 0.461171 0.142928 0.0249113
6 0.208821 0.0854991 0.416575 0.116916 0.0241718
2 0.931435 0.181993 0.0273361 0.0349947 0.0233064
2 0.0799108 0.103816 0.0820918 0.0328917 0.0230893
2 0.784621 0.250127 0.0426199 0.0448666 0.0229837
2 0.0790201 0.104848 0.078927 0.0336281 0.0219812
2 0.832018 0.169576 0.026202 0.0646926 0.0211816
2 0.412541 0.0391682 0.0902708 0.0533905 0.0210851
2 0.804324 0.119417 0.0189919 0.0262403 0.0209392
6 0.266597 0.0804037 0.528937 0.144557 0.0208981
2 0.33562 0.053161 0.0495255 0.0497606 0.0208397
2 0.285063 0.0752468 0.0472317 0.0165273 0.0205266
5 0.96864 0.72215 0.0617405 0.203752 0.0204555
2 0.443756 0.0522835 0.0243177 0.018508 0.0201507
2 0.285955 0.0762699 0.0501851 0.0153968 0.019337
5 0.337993 0.0299445 0.0977767 0.0523915 0.0189964
2 0.838191 0.0933087 0.0254868 0.0237014 0.0189504
2 0.896998 0.309385 0.0453117 0.0503798 0.0188909
9 0.917112 0.110222 0.0160429 0.0215806 0.0187388
7 0.821681 0.618841 0.113767 0.230986 0.0185058
2 0.0123894 0.107565 0.0247788 0.0342287 0.0184186
2 0.898334 0.296463 0.0473801 0.069567 0.0182411
5 0.334272 0.0302872 0.0873204 0.0502934 0.0182398
