2 0.0868787 0.739186 0.173757 0.254529 0.917527
2 0.0867724 0.738084 0.173311 0.252805 0.911337
2 0.0866781 0.738293 0.173356 0.253419 0.902169
2 0.473694 0.622201 0.222362 0.211759 0.899057
2 0.0866572 0.73959 0.172696 0.254429 0.896362
2 0.0870067 0.739171 0.17359 0.253906 0.89272
2 0.0868591 0.738588 0.173211 0.252781 0.892334
2 0.474447 0.621696 0.221969 0.210839 0.891947
2 0.086668 0.738591 0.173056 0.253152 0.889221
2 0.474296 0.623531 0.222219 0.209572 0.888994
2 0.474408 0.622318 0.222663 0.21087 0.885286
2 0.474968 0.622415 0.221801 0.210502 0.883274
2 0.0867875 0.739013 0.173209 0.253787 0.877972
2 0.0869967 0.738701 0.173512 0.252893 0.872068
2 0.0866667 0.738724 0.173333 0.253307 0.871353
2 0.473874 0.623573 0.22214 0.209802 0.870074
2 0.474029 0.622664 0.222004 0.211018 0.869394
2 0.298444 0.295638 0.108773 0.102722 0.868639
2 0.474195 0.623681 0.222353 0.210143 0.868103
2 0.474577 0.622571 0.222565 0.210334 0.867985
2 0.298409 0.295419 0.109194 0.102505 0.858871
2 0.298282 0.295357 0.109058 0.102654 0.831639
2 0.297884 0.295824 0.107919 0.102975 0.819441
2 0.188496 0.42404 0.185223 0.157484 0.816841
2 0.188265 0.42411 0.186982 0.157913 0.811795
2 0.188591 0.424177 0.185358 0.157591 0.805075
2 0.298819 0.294959 0.109197 0.102463 0.803033
2 0.298459 0.295086 0.109032 0.102429 0.800085
2 0.188383 0.424208 0.186602 0.1579 0.795588
2 0.726087 0.406221 0.130521 0.135686 0.79528
2 0.298311 0.295323 0.109051 0.102767 0.794713
2 0.29831 0.295076 0.109289 0.102827 0.792149
2 0.725056 0.404804 0.130105 0.133369 0.780495
2 0.881616 0.615949 0.186618 0.229642 0.771084
2 0.725306 0.406112 0.129424 0.136199 0.753679
2 0.187832 0.422502 0.188186 0.163309 0.752458
2 0.881415 0.613785 0.18766 0.231196 0.750733
2 0.882282 0.614281 0.185938 0.231442 0.749556
2 0.188157 0.42478 0.186475 0.15534 0.748394
2 0.725877 0.405641 0.129697 0.136748 0.742583
2 0.881665 0.616005 0.185165 0.228715 0.741964
2 0.298031 0.295594 0.108385 0.10209 0.736656
2 0.187871 0.424921 0.188874 0.155446 0.735974
2 0.726175 0.406614 0.130264 0.137359 0.733505
2 0.725713 0.405663 0.129921 0.136758 0.729614
2 0.72561 0.405835 0.130736 0.135933 0.723594
2 0.726014 0.406266 0.130228 0.137294 0.721639
2 0.18904 0.424673 0.185481 0.156239 0.718247
2 0.880134 0.61436 0.190308 0.232006 0.717733
2 0.881725 0.614401 0.185828 0.230599 0.716987
2 0.8796 0.615801 0.189726 0.229074 0.71534
2 0.674522 0.327911 0.0953583 0.110962 0.708399
2 0.724985 0.405499 0.128603 0.136478 0.692769
2 0.674771 0.328144 0.0957917 0.111374 0.692175
2 0.882121 0.614929 0.186013 0.229486 0.691031
2 0.674245 0.327774 0.0951624 0.111198 0.668411
2 0.674566 0.327797 0.0951452 0.111576 0.661873
2 0.474375 0.623453 0.221955 0.210953 0.655729
2 0.674765 0.328003 0.0951843 0.11217 0.653892
2 0.673907 0.327969 0.0956814 0.112615 0.640419
2 0.674554 0.327525 0.0951408 0.11117 0.636581
2 0.725361 0.405153 0.130757 0.135737 0.620953
2 0.725907 0.405798 0.131118 0.135859 0.58813
2 0.794366 0.477213 0.156054 0.163374 0.570443
2 0.927284 0.247855 0.0932114 0.0940604 0.558514
2 0.927307 0.246945 0.0939695 0.0929701 0.542
2 0.927249 0.24789 0.0924435 0.0949345 0.527826
2 0.926962 0.247319 0.0927303 0.0932875 0.511727
2 0.6745 0.327442 0.0953388 0.110503 0.511091
2 0.98525 0.353778 0.0289942 0.124381 0.508805
2 0.98454 0.353748 0.0303905 0.12616 0.505839
2 0.793944 0.476829 0.155345 0.16154 0.49483
2 0.79505 0.477179 0.156704 0.162841 0.489215
2 0.794762 0.476827 0.156581 0.163227 0.484017
2 0.927557 0.247827 0.0928753 0.0947632 0.480986
2 0.794573 0.477454 0.155816 0.16365 0.475866
2 0.793972 0.477435 0.155208 0.164128 0.467092
2 0.187108 0.423443 0.188763 0.161189 0.462373
2 0.985177 0.354023 0.0289423 0.119842 0.462019
2 0.526703 0.236711 0.0948275 0.0969118 0.460002
2 0.92714 0.247025 0.0932117 0.0925417 0.452856
2 0.984674 0.35158 0.0299076 0.124535 0.452024
2 0.92813 0.246851 0.0939003 0.0920582 0.451904
2 0.985111 0.354034 0.0292887 0.124009 0.451387
2 0.790358 0.476285 0.147651 0.16116 0.430334
2 0.9271 0.247888 0.0920513 0.0950169 0.420742
2 0.674831 0.328833 0.0941008 0.113508 0.416893
2 0.427656 0.289308 0.128535 0.125811 0.414621
2 0.665377 0.23488 0.103488 0.109503 0.411551
2 0.158137 0.962019 0.312104 0.0753069 0.407807
2 0.665913 0.235011 0.102695 0.107416 0.405907
2 0.525787 0.236506 0.0942341 0.0972506 0.401902
2 0.985175 0.354222 0.0290939 0.125895 0.401095
2 0.665497 0.236111 0.102802 0.107615 0.400231
2 0.665339 0.234752 0.103211 0.109179 0.398608
2 0.984857 0.353892 0.0295326 0.12054 0.398033
2 0.525736 0.236974 0.0938601 0.0976264 0.390126
2 0.985257 0.364372 0.0287655 0.105079 0.381184
2 0.985409 0.356459 0.0283556 0.116309 0.376196
2 0.791772 0.476456 0.151397 0.160454 0.375118
2 0.426551 0.289381 0.124078 0.124947 0.373848
2 0.979629 0.271612 0.0402622 0.0886298 0.372324
2 0.79339 0.477333 0.154435 0.163448 0.369825
2 0.429197 0.28957 0.131364 0.124519 0.364663
2 0.926959 0.249845 0.0948385 0.0982292 0.364263
2 0.18869 0.424738 0.18409 0.156941 0.363732
2 0.426418 0.289707 0.127937 0.126129 0.3627
0 0.673002 0.911845 0.0864653 0.175399 0.359748
2 0.429332 0.289958 0.132341 0.125422 0.352684
2 0.985366 0.356876 0.0285973 0.115421 0.352543
2 0.665424 0.237156 0.10275 0.106974 0.350589
2 0.524519 0.237428 0.0925407 0.0974514 0.350173
2 0.187256 0.422016 0.18994 0.164746 0.348379
2 0.428261 0.289865 0.130404 0.124749 0.344817
0 0.673443 0.911957 0.0861872 0.175 0.339341
2 0.985182 0.35127 0.0290182 0.123169 0.338791
2 0.979923 0.271129 0.0395809 0.0873466 0.338018
2 0.525142 0.23681 0.0919035 0.0977403 0.336362
2 0.665296 0.233075 0.103902 0.110954 0.332555
2 0.525414 0.23725 0.0935376 0.0980184 0.328831
2 0.440064 0.327685 0.151865 0.194253 0.326013
2 0.979232 0.27142 0.0408829 0.088896 0.317779
2 0.527048 0.236274 0.0956442 0.0959844 0.31738
2 0.979408 0.27019 0.0403728 0.0874194 0.315681
2 0.665303 0.232698 0.103692 0.112438 0.310615
2 0.979503 0.271485 0.0403217 0.0889857 0.310532
2 0.441818 0.3578 0.149422 0.133939 0.300541
2 0.665761 0.23447 0.102892 0.108099 0.297743
2 0.15912 0.962428 0.313768 0.0744682 0.293527
2 0.929297 0.245545 0.0961037 0.0892859 0.292561
2 0.671695 0.327106 0.0976261 0.111451 0.28899
2 0.884271 0.613174 0.179001 0.226516 0.28893
2 0.435034 0.290854 0.143238 0.126388 0.284403
2 0.665342 0.239734 0.100881 0.0922974 0.28359
0 0.672767 0.911814 0.0857977 0.175674 0.280573
2 0.15942 0.962653 0.31333 0.0739271 0.277377
2 0.44187 0.358914 0.151718 0.131401 0.277345
2 0.979641 0.27004 0.0400059 0.0889059 0.276859
2 0.442043 0.357681 0.148028 0.133289 0.275846
2 0.883271 0.614199 0.180663 0.229032 0.274842
2 0.431171 0.290509 0.134153 0.125464 0.27159
2 0.439857 0.326145 0.153792 0.195637 0.26632
2 0.439911 0.327253 0.152603 0.193471 0.262736
2 0.878996 0.611265 0.191896 0.238915 0.261019
0 0.672387 0.912009 0.0858654 0.175336 0.259315
2 0.665268 0.233738 0.103686 0.11094 0.258742
0 0.672493 0.912312 0.0854929 0.17441 0.257136
2 0.440387 0.327534 0.151874 0.194882 0.256104
2 0.441523 0.357359 0.150902 0.134205 0.249967
2 0.984619 0.34211 0.0300617 0.107579 0.245052
0 0.672593 0.9119 0.0861597 0.175836 0.244609
2 0.985697 0.365882 0.0278145 0.0997216 0.238388
0 0.667268 0.911597 0.0707431 0.174598 0.237151
2 0.157159 0.962047 0.314319 0.0748644 0.230633
2 0.674532 0.32836 0.0943762 0.11312 0.221099
2 0.439661 0.326283 0.151837 0.196502 0.220659
2 0.440397 0.330221 0.151771 0.188478 0.220511
2 0.795442 0.476743 0.153855 0.162226 0.219018
2 0.984964 0.337925 0.0293339 0.0983842 0.214827
2 0.523638 0.237158 0.0854265 0.0957863 0.210369
5 0.207685 0.144033 0.101918 0.13336 0.210249
2 0.440529 0.325439 0.153079 0.195697 0.205367
5 0.75422 0.136299 0.049589 0.0587299 0.203895
0 0.67254 0.912407 0.0857986 0.17432 0.203238
2 0.433995 0.297798 0.139518 0.140355 0.201472
2 0.645215 0.170784 0.0817443 0.085907 0.197318
2 0.979112 0.269053 0.0412075 0.0938691 0.196666
2 0.979595 0.270225 0.0402267 0.089174 0.194654
2 0.440538 0.350439 0.152491 0.146202 0.193824
2 0.439648 0.325114 0.151791 0.196649 0.193351
0 0.0921118 0.272347 0.0257547 0.0779689 0.192298
2 0.180507 0.347472 0.0903568 0.0481926 0.191323
2 0.157536 0.962462 0.313142 0.0738392 0.186872
2 0.441951 0.355655 0.148203 0.128375 0.184723
2 0.441826 0.358166 0.148297 0.132502 0.184294
2 0.984344 0.334692 0.0305698 0.0910605 0.182687
2 0.180095 0.350583 0.0970681 0.058569 0.182487
2 0.157546 0.962164 0.313588 0.0751766 0.181789
0 0.038224 0.315843 0.0218901 0.0841733 0.180357
2 0.181799 0.348211 0.0966126 0.0509874 0.177837
0 0.406142 0.150342 0.0200473 0.0637996 0.176374
5 0.207478 0.144932 0.103637 0.134895 0.173418
2 0.181562 0.346785 0.0915177 0.0502137 0.172027
0 0.405583 0.150611 0.0227133 0.0655487 0.170892
2 0.157534 0.96144 0.311256 0.0764477 0.170229
0 0.0380718 0.315543 0.0220432 0.0826223 0.16837
0 0.0404 0.315894 0.0247084 0.0861701 0.164937
2 0.645348 0.170956 0.0835835 0.084248 0.157997
0 0.362443 0.162397 0.0251447 0.0682339 0.157057
2 0.980071 0.272181 0.0397583 0.0850912 0.156533
2 0.645242 0.169833 0.0822121 0.0829024 0.156516
2 0.645382 0.171223 0.0816582 0.0863426 0.156482
5 0.756436 0.135913 0.0536123 0.059616 0.155624
0 0.362129 0.157339 0.0240353 0.0593703 0.155158
0 0.406397 0.145131 0.0176341 0.0542585 0.155089
2 0.52283 0.238264 0.084583 0.0942419 0.153155
2 0.982836 0.322468 0.0338161 0.194295 0.152103
2 0.645342 0.172283 0.0823263 0.0892211 0.151095
2 0.984549 0.332946 0.0301899 0.0901906 0.15093
0 0.356278 0.153942 0.0182945 0.0467081 0.148479
2 0.440738 0.310231 0.153522 0.163234 0.147688
2 0.752596 0.136252 0.0449068 0.0569204 0.146174
0 0.355133 0.153471 0.0181633 0.0456209 0.146156
0 0.0455432 0.316437 0.0302991 0.0883053 0.145401
0 0.0374296 0.315203 0.0208996 0.0819991 0.142781
2 0.928156 0.248504 0.0940491 0.0964313 0.142674
2 0.443296 0.356396 0.145714 0.1281 0.140548
2 0.158384 0.962243 0.312018 0.0748871 0.140357
0 0.0387545 0.316622 0.0221596 0.0853684 0.140114
2 0.644484 0.16422 0.0835227 0.0720577 0.139895
9 0.461845 0.0677291 0.0142683 0.0300454 0.139614
0 0.355039 0.153887 0.0178693 0.0455134 0.139086
0 0.039103 0.315593 0.0242527 0.0857391 0.138449
2 0.18353 0.347176 0.0898104 0.0472001 0.138078
0 0.0906661 0.272634 0.0237053 0.0767839 0.135024
2 0.529525 0.236589 0.0940368 0.10058 0.134602
2 0.410393 0.386014 0.0867732 0.0778051 0.133648
2 0.441417 0.316487 0.153256 0.175204 0.130871
5 0.755433 0.136074 0.0506528 0.0572147 0.129324
2 0.78625 0.476685 0.139484 0.160022 0.128464
2 0.410123 0.384939 0.0870748 0.0797168 0.126215
2 0.670323 0.328948 0.0854649 0.106409 0.124809
2 0.64558 0.174109 0.0824091 0.0918874 0.124445
0 0.0910137 0.273157 0.0246409 0.0778381 0.123641
0 0.367652 0.158113 0.0169843 0.0604933 0.122254
1 0.403538 0.168581 0.0228328 0.0332095 0.116788
2 0.158493 0.96282 0.31407 0.0735748 0.116253
0 0.0908288 0.271561 0.0289344 0.0765569 0.112525
0 0.405878 0.149998 0.0221111 0.0635878 0.112476
5 0.754306 0.136526 0.0476164 0.0592171 0.11196
5 0.204846 0.143675 0.102347 0.133413 0.109322
2 0.527036 0.237555 0.0968776 0.0958576 0.109214
2 0.978901 0.269832 0.0411814 0.0920424 0.108258
2 0.410692 0.385299 0.0881505 0.079334 0.107901
0 0.0905904 0.271542 0.0255733 0.075459 0.107762
2 0.979893 0.272122 0.0394135 0.08841 0.1074
2 0.187328 0.424074 0.188894 0.158944 0.106529
2 0.411278 0.383947 0.0875058 0.081428 0.106087
0 0.0909728 0.272132 0.0243497 0.0763961 0.105762
2 0.979826 0.2707 0.0403482 0.0886624 0.105345
2 0.160412 0.387972 0.148673 0.132048 0.105091
2 0.42974 0.289043 0.133408 0.124237 0.103997
2 0.173318 0.35455 0.105851 0.0641877 0.103778
9 0.461451 0.0683275 0.013254 0.0312867 0.103376
2 0.672296 0.326928 0.0970409 0.111616 0.103098
0 0.0381268 0.315128 0.0220567 0.0820075 0.103001
0 0.368081 0.158592 0.0159866 0.0593539 0.102599
2 0.663634 0.24091 0.0994617 0.0907722 0.102115
2 0.645064 0.17481 0.0828875 0.0942134 0.101046
0 0.0921269 0.27272 0.025653 0.0776417 0.0992131
2 0.441208 0.358486 0.149056 0.132883 0.0990045
7 0.645337 0.173985 0.0826073 0.0927359 0.098826
2 0.979581 0.272035 0.0401783 0.0914511 0.0983219
2 0.448829 0.344117 0.134926 0.103593 0.095946
5 0.760394 0.136026 0.0591711 0.0607483 0.0957363
2 0.410777 0.385595 0.0859133 0.0794518 0.0949243
2 0.880603 0.602809 0.189947 0.253113 0.0946102
2 0.643524 0.163498 0.0814293 0.0683435 0.094339
5 0.759702 0.135687 0.0583803 0.0597234 0.0930687
2 0.187729 0.348818 0.108721 0.0527841 0.0907405
2 0.644932 0.163068 0.0830303 0.0663258 0.0902281
9 0.459364 0.0693575 0.0165401 0.029765 0.0887093
7 0.662667 0.20924 0.107289 0.158785 0.0872802
7 0.662962 0.20887 0.109042 0.160802 0.0865373
2 0.75158 0.137729 0.0425373 0.0535132 0.084584
2 0.177727 0.349895 0.0858221 0.0560365 0.0844464
2 0.540718 0.238089 0.0520779 0.0925268 0.0842026
2 0.179322 0.348452 0.0920909 0.0531036 0.0840681
2 0.643932 0.173916 0.0799622 0.0820711 0.083109
7 0.647466 0.174768 0.0846954 0.094155 0.0830006
3 0.547691 0.227442 0.0543488 0.0703439 0.0820989
5 0.926415 0.0794911 0.061805 0.0676753 0.0812339
5 0.205352 0.144957 0.103999 0.136891 0.0800724
2 0.158695 0.95942 0.315952 0.080442 0.0793563
2 0.515782 0.238055 0.0707607 0.0945024 0.0789515
2 0.160494 0.388883 0.147775 0.125772 0.0785979
2 0.797033 0.451173 0.149716 0.112319 0.0779319
0 0.672932 0.912038 0.0877731 0.175181 0.0771278
5 0.75164 0.136416 0.0413376 0.0574164 0.0770658
2 0.187976 0.423774 0.188157 0.160324 0.0763701
2 0.474422 0.621829 0.222705 0.213234 0.0758294
9 0.463765 0.0646272 0.0132625 0.0245516 0.074274
2 0.547507 0.232697 0.0563835 0.0847098 0.0735021
0 0.358807 0.163185 0.0258934 0.0672344 0.0727073
0 0.69406 0.94589 0.0432026 0.107733 0.0718338
2 0.979516 0.272126 0.0403011 0.0893484 0.0711403
5 0.206159 0.152763 0.0972892 0.108924 0.0692268
2 0.173981 0.34631 0.0761185 0.0506693 0.0690835
9 0.463332 0.0663385 0.0141895 0.0268347 0.0685957
2 0.529196 0.242213 0.0655577 0.0834485 0.0682545
0 0.0938381 0.274658 0.0244563 0.075645 0.0681587
2 0.527021 0.250018 0.0666772 0.0681707 0.067217
5 0.758505 0.13632 0.0564514 0.0568365 0.0664294
0 0.363145 0.164366 0.0268477 0.0709391 0.0650801
3 0.548155 0.227977 0.0523883 0.0716592 0.0645909
0 0.400528 0.151517 0.0315417 0.0645646 0.0636974
2 0.168393 0.356942 0.107156 0.070144 0.0634695
0 0.0907436 0.270441 0.0222066 0.0717423 0.0631868
9 0.453698 0.0723464 0.0172884 0.0261204 0.0630998
2 0.428129 0.297623 0.130667 0.137828 0.0628946
