2 0.569669 0.924082 0.164586 0.150609 0.901675
2 0.569602 0.924174 0.163238 0.150874 0.894182
2 0.569826 0.924138 0.164024 0.150642 0.890654
2 0.569036 0.924026 0.164143 0.150776 0.890599
2 0.57015 0.924096 0.162437 0.150781 0.873703
2 0.569516 0.923813 0.163651 0.150796 0.862061
2 0.570017 0.924142 0.16346 0.150758 0.861257
2 0.569712 0.924435 0.164367 0.150598 0.846537
2 0.293732 0.524602 0.100641 0.0724487 0.843268
5 0.148644 0.515492 0.144562 0.172174 0.841099
2 0.56979 0.923884 0.163123 0.151237 0.840476
2 0.293947 0.524808 0.100602 0.0717201 0.814552
2 0.293616 0.524755 0.100043 0.0716468 0.779966
2 0.293565 0.524584 0.0994565 0.0715677 0.764477
5 0.148644 0.515238 0.143381 0.172339 0.755189
2 0.293447 0.524751 0.100447 0.0715617 0.727729
2 0.293538 0.524778 0.0997437 0.0714607 0.69098
0 0.0210467 0.573197 0.0290248 0.0933814 0.687232
2 0.294147 0.525175 0.100458 0.0713949 0.685648
2 0.569766 0.924352 0.163607 0.150309 0.674614
5 0.148159 0.515582 0.143401 0.172195 0.668097
0 0.0212851 0.574064 0.0278342 0.0916712 0.663877
2 0.294092 0.525 0.100321 0.0705915 0.63947
5 0.148694 0.514999 0.142999 0.171728 0.622071
5 0.148243 0.51528 0.141838 0.172722 0.610617
5 0.148002 0.515784 0.143791 0.171618 0.601959
0 0.0203738 0.575374 0.0295186 0.0906098 0.52932
5 0.149532 0.512332 0.14287 0.17705 0.514945
0 0.0210587 0.575165 0.0285905 0.0899452 0.49593
0 0.0211633 0.573664 0.0275381 0.085664 0.477492
0 0.0214686 0.574206 0.0276205 0.0933128 0.438735
0 0.0211872 0.577003 0.0281783 0.0866941 0.428235
5 0.0379419 0.485925 0.07116 0.151367 0.383103
0 0.0198363 0.572688 0.0319481 0.0955162 0.336499
5 0.045144 0.486154 0.0891358 0.151984 0.319362
5 0.0450971 0.484077 0.0887116 0.147229 0.302251
5 0.148904 0.515028 0.143425 0.172105 0.29773
0 0.019496 0.574733 0.0321841 0.0948387 0.29441
2 0.293952 0.523838 0.0997855 0.0715742 0.292638
5 0.0472413 0.485572 0.0932765 0.149951 0.277395
0 0.0195288 0.577112 0.0317569 0.0868796 0.273293
0 0.0186515 0.575122 0.0333393 0.0939598 0.264859
0 0.042153 0.556392 0.0152572 0.0370314 0.264609
5 0.043666 0.484538 0.0863118 0.145337 0.250779
0 0.0427917 0.557222 0.0152175 0.0358467 0.247912
5 0.148488 0.51539 0.142289 0.17203 0.247277
5 0.0449888 0.48694 0.0894696 0.151744 0.221305
0 0.0201107 0.560781 0.0249904 0.101185 0.211271
5 0.0444549 0.486755 0.0888485 0.15216 0.192559
5 0.0494499 0.48512 0.0976346 0.149269 0.177477
2 0.569498 0.924339 0.164373 0.150672 0.172719
2 0.293777 0.524071 0.100535 0.0720469 0.169545
0 0.0412726 0.555166 0.0171606 0.0378187 0.160639
5 0.110109 0.507063 0.21956 0.189024 0.151058
2 0.42517 0.499591 0.019629 0.0296285 0.140688
5 0.116488 0.5102 0.207614 0.18229 0.13669
5 0.149844 0.512451 0.142742 0.176395 0.136309
0 0.0176286 0.524422 0.0166901 0.0345779 0.135828
5 0.114585 0.510279 0.211312 0.181592 0.134553
5 0.110433 0.506807 0.220865 0.189441 0.113848
5 0.109948 0.507688 0.219895 0.186535 0.109634
5 0.0742076 0.505542 0.148415 0.190893 0.109086
0 0.0188533 0.542046 0.0203122 0.0682907 0.108433
5 0.04953 0.504636 0.09906 0.189169 0.106183
5 0.109943 0.506403 0.219041 0.188645 0.105467
10 0.812671 0.452644 0.0160351 0.0362331 0.0967459
2 0.293483 0.524707 0.100766 0.0723686 0.0949712
0 0.0235843 0.554843 0.0255036 0.0486523 0.0927947
0 0.0214083 0.581258 0.0284404 0.0780896 0.0889473
2 0.425675 0.498422 0.0194214 0.0273616 0.0871182
0 0.0211139 0.558621 0.0343662 0.097384 0.0783176
2 0.425099 0.500468 0.0196546 0.0307589 0.0755043
9 0.438055 0.420425 0.0111469 0.0263115 0.0753838
10 0.812367 0.452005 0.0155033 0.0347887 0.073002
5 0.110488 0.505824 0.220274 0.190507 0.070076
10 0.812684 0.451986 0.0156689 0.0358646 0.0681482
5 0.0307498 0.486809 0.0613015 0.153443 0.0668219
0 0.812337 0.452923 0.0151642 0.0340213 0.0656073
5 0.034345 0.486959 0.0675856 0.154497 0.0625041
5 0.108274 0.507995 0.216344 0.188156 0.0581673
9 0.579264 0.465714 0.0097147 0.0280321 0.0570603
5 0.0501341 0.50227 0.100268 0.184979 0.0569179
0 0.0106712 0.574341 0.0213424 0.092888 0.0560569
2 0.425419 0.500163 0.0198565 0.0301451 0.0540412
0 0.812209 0.453507 0.015859 0.0374758 0.0532316
0 0.488463 0.499899 0.0160826 0.0220065 0.053007
0 0.196954 0.446664 0.0120528 0.0160044 0.052132
0 0.00965048 0.57759 0.019301 0.0877502 0.0519988
1 0.0177191 0.590023 0.0310913 0.0626348 0.0513895
9 0.386442 0.436573 0.010096 0.0177332 0.0507298
0 0.00639835 0.554108 0.0126657 0.0736586 0.0472107
9 0.578631 0.46431 0.0111807 0.0294071 0.0464793
0 0.16975 0.512689 0.0218908 0.0344423 0.0453763
0 0.812843 0.453512 0.0171719 0.0385742 0.0453363
0 0.00583643 0.563107 0.0116729 0.0848356 0.0452294
0 0.489165 0.501496 0.014473 0.0202536 0.0440616
5 0.0240805 0.489453 0.0481327 0.158694 0.0437834
0 0.00693877 0.571779 0.0138775 0.0977592 0.0428842
10 0.81246 0.451956 0.015514 0.0348291 0.0403554
0 0.393158 0.512884 0.0195061 0.0310083 0.0382431
0 0.487205 0.500086 0.0163259 0.0221365 0.0354823
2 0.591441 0.423196 0.0897461 0.0359144 0.0342042
2 0.590871 0.421745 0.0869543 0.0327021 0.0338028
0 0.00615049 0.546316 0.011984 0.0594662 0.032872
2 0.59012 0.420552 0.0825331 0.0333649 0.0326995
0 0.170884 0.514664 0.0213926 0.0301887 0.0326757
0 0.486488 0.496411 0.0167133 0.028044 0.0325283
0 0.00964388 0.580187 0.0192878 0.0826017 0.0318866
2 0.991808 0.560056 0.0156067 0.0439707 0.0305336
10 0.991811 0.563308 0.0155762 0.0499325 0.0301018
2 0.992173 0.557932 0.0149406 0.0438507 0.0293981
12 0.611237 0.498305 0.0220118 0.038625 0.0293518
0 0.200331 0.448047 0.0168802 0.0188139 0.029114
0 0.038897 0.562924 0.0197548 0.0656384 0.0287414
0 0.036004 0.551196 0.01636 0.0426268 0.0275566
0 0.991923 0.568983 0.0155037 0.0619753 0.026534
12 0.609691 0.49938 0.0187969 0.036302 0.025899
9 0.390853 0.4204 0.0165709 0.0286846 0.0257952
0 0.814251 0.452558 0.0183945 0.0376916 0.0257245
2 0.590488 0.421153 0.0827835 0.0329792 0.0229396
5 0.120682 0.505158 0.2002 0.1913 0.022859
0 0.992984 0.570391 0.0133629 0.0635935 0.0223932
0 0.364965 0.513873 0.0171652 0.0302952 0.0209064
0 0.00544643 0.531582 0.0107793 0.0442428 0.020649
9 0.607556 0.310578 0.0218534 0.0487834 0.0203455
0 0.0676045 0.53731 0.0165178 0.0311764 0.0202937
0 0.178851 0.515026 0.0184144 0.0258379 0.0200797
9 0.60763 0.310012 0.0215301 0.0486999 0.0194632
5 0.0520724 0.485538 0.102741 0.150932 0.0190493
9 0.384076 0.440495 0.00890479 0.0222658 0.0187025
0 0.0675418 0.540263 0.0175677 0.0268082 0.0184785
0 0.143596 0.511099 0.0226612 0.0417464 0.0174999
0 0.199421 0.448785 0.0183681 0.0210386 0.0174878
9 0.438071 0.430852 0.0123262 0.0366236 0.017459
2 0.506676 0.46881 0.0287348 0.0184638 0.0173412
2 0.0411637 0.985187 0.0823273 0.0288797 0.0171284
2 0.0405891 0.985282 0.0811782 0.0286797 0.0166312
2 0.421521 0.504818 0.0203768 0.0359468 0.0159604
0 0.179186 0.510189 0.022365 0.0370445 0.0159227
9 0.439807 0.425348 0.0134562 0.029073 0.0158662
0 0.14681 0.507706 0.0215763 0.0469282 0.015478
2 0.424712 0.503309 0.0218505 0.0370916 0.0153162
0 0.995426 0.469495 0.00850334 0.0572557 0.0153161
0 0.479948 0.491842 0.0131084 0.0317154 0.0147017
9 0.396426 0.416469 0.0240083 0.0211407 0.0145826
9 0.384051 0.439365 0.00854797 0.0215363 0.0141423
7 0.593252 0.461997 0.106612 0.1101 0.0138961
9 0.607457 0.310186 0.0222016 0.0479554 0.0137999
9 0.825044 0.0769862 0.0511271 0.146066 0.0137582
9 0.793294 0.337688 0.0142391 0.018891 0.0136873
0 0.0071246 0.588822 0.0142492 0.0672305 0.0132614
9 0.792998 0.337849 0.0155224 0.0195848 0.0132014
9 0.434468 0.424766 0.0157823 0.0304613 0.0129888
0 0.995367 0.472664 0.00864353 0.0530383 0.0129419
0 0.0379913 0.548016 0.0223569 0.0483923 0.0129212
9 0.430689 0.423674 0.0135683 0.0287944 0.0129042
2 0.59072 0.42656 0.0836168 0.0420399 0.0128485
2 0.0406136 0.985769 0.0812272 0.0276333 0.0126453
0 0.0353646 0.540917 0.0167049 0.0322037 0.0124938
9 0.439403 0.424383 0.0132597 0.0282579 0.0124073
2 0.0401636 0.985037 0.0803272 0.0290665 0.0120745
2 0.507613 0.472143 0.0297924 0.0242449 0.0120717
0 0.991571 0.561232 0.0162491 0.0519488 0.0119576
2 0.0401319 0.985066 0.0802638 0.0291533 0.0118104
2 0.159648 0.443917 0.020822 0.0133212 0.0116144
7 0.594077 0.461344 0.105882 0.110858 0.0116124
9 0.576449 0.30869 0.0210442 0.0476005 0.0115079
2 0.5915 0.420517 0.0810709 0.0340196 0.0113611
2 0.306384 0.503953 0.0642721 0.0323315 0.0112849
5 0.0760686 0.486907 0.151394 0.155103 0.0111298
0 0.191053 0.50856 0.0267293 0.0404562 0.0109733
9 0.576208 0.308273 0.0211279 0.0498813 0.010928
0 0.201396 0.450042 0.0206393 0.0230307 0.010927
0 0.0844692 0.546972 0.0110587 0.0303905 0.0108984
2 0.420282 0.502416 0.0355566 0.0377602 0.0108921
5 0.0629575 0.508626 0.0346127 0.0944635 0.0108619
2 0.13919 0.439504 0.0232676 0.0161501 0.0108007
2 0.507283 0.477654 0.0320741 0.0364777 0.0106663
9 0.396391 0.416521 0.0252987 0.020767 0.010473
2 0.593581 0.421784 0.0745718 0.0306068 0.0104196
2 0.164035 0.445224 0.0301518 0.0149975 0.0102728
2 0.122722 0.439227 0.0567869 0.0186939 0.0101834
2 0.595266 0.458554 0.0964678 0.104003 0.0101078
2 0.544545 0.500361 0.0171286 0.0289789 0.0099824
0 0.151463 0.509512 0.0178874 0.0431553 0.0099279
0 0.0235116 0.575224 0.0431579 0.0956594 0.00989038
9 0.576437 0.308677 0.0208494 0.0480516 0.00985078
12 0.883275 0.474963 0.0150322 0.0320116 0.00984588
9 0.41643 0.466332 0.0113661 0.0255387 0.00975906
0 0.995295 0.462663 0.0087822 0.066483 0.0097075
7 0.591673 0.462442 0.109114 0.109723 0.00958816
3 0.393491 0.512836 0.0194284 0.0277073 0.00958764
2 0.303663 0.501402 0.0604834 0.0272652 0.00942508
0 0.36104 0.516982 0.0157583 0.0279945 0.00941505
2 0.591195 0.422181 0.0850097 0.0357029 0.00936668
5 0.59612 0.460796 0.0980994 0.106393 0.0093349
2 0.595326 0.458775 0.097184 0.105325 0.00929115
7 0.593495 0.461138 0.103192 0.107346 0.00908833
9 0.576493 0.308081 0.0217126 0.0501982 0.00904678
2 0.613693 0.422066 0.0298193 0.0287417 0.00901223
0 0.488227 0.501701 0.0153958 0.0257551 0.00888825
0 0.488047 0.49765 0.0151716 0.028706 0.00887347
0 0.157724 0.512865 0.0125293 0.0387594 0.00879486
9 0.435649 0.448636 0.0175455 0.0241566 0.0087124
9 0.57641 0.308121 0.0217644 0.0511652 0.0086633
2 0.293574 0.524148 0.100114 0.0712676 0.00861328
2 0.989102 0.557444 0.0210659 0.0465466 0.00853989
0 0.183097 0.503303 0.0586604 0.0538454 0.00851011
0 0.393379 0.512327 0.0200218 0.029245 0.00847535
2 0.591271 0.419852 0.0827735 0.0343397 0.00844233
2 0.420722 0.504775 0.0314186 0.0353827 0.00844011
2 0.614771 0.422484 0.0309721 0.0276402 0.00833056
12 0.612101 0.498537 0.0215098 0.036356 0.0080741
2 0.507012 0.478635 0.0311829 0.0369833 0.00803512
7 0.593045 0.462605 0.106122 0.110341 0.00803279
0 0.147289 0.49715 0.0165272 0.0289009 0.00793516
12 0.612462 0.498599 0.0214788 0.0361659 0.00792102
0 0.994977 0.473386 0.00932503 0.0572794 0.0078447
5 0.0850557 0.500731 0.129651 0.147714 0.00780084
1 0.0209211 0.59564 0.030246 0.0510259 0.00779723
7 0.596316 0.459714 0.0988311 0.104751 0.00779615
13 0.638968 0.646015 0.0643324 0.0566902 0.00764521
0 0.182872 0.506322 0.0572737 0.0519974 0.00759229
0 0.38855 0.514682 0.0198543 0.029465 0.00752918
2 0.311732 0.504048 0.0557996 0.0277191 0.00752258
2 0.329528 0.507708 0.0237293 0.0307982 0.0074465
9 0.824809 0.122492 0.0411194 0.0417028 0.00740009
2 0.592086 0.422012 0.0885222 0.0340879 0.00738045
9 0.824469 0.121431 0.0406803 0.0406553 0.00727992
0 0.088627 0.547755 0.0132853 0.0399033 0.0071714
5 0.0266012 0.510867 0.0398284 0.0519965 0.00714017
0 0.36775 0.517422 0.0244755 0.0311834 0.00696982
7 0.594702 0.460918 0.0983875 0.108718 0.00695306
2 0.120765 0.437532 0.0595408 0.0161662 0.00688834
9 0.576668 0.308583 0.0222638 0.0510271 0.00687567
2 0.590347 0.419024 0.0829531 0.0345556 0.00681204
0 0.188168 0.507092 0.0425189 0.0446503 0.00644914
5 0.599255 0.464074 0.0934767 0.101314 0.00620377
5 0.0262391 0.507363 0.0403701 0.0604267 0.00618772
2 0.411389 0.505492 0.050824 0.0371935 0.00615164
5 0.0257987 0.505108 0.0412288 0.0714045 0.00611494
0 0.884886 0.477697 0.0128052 0.0305965 0.00608073
0 0.363969 0.516081 0.0209771 0.0309217 0.00598323
5 0.148359 0.513113 0.14164 0.164769 0.00593315
9 0.824575 0.0757126 0.0548338 0.149625 0.00589994
9 0.571351 0.465626 0.0221937 0.0278749 0.00586508
2 0.427852 0.502356 0.0237512 0.0363544 0.00583638
2 0.829136 0.730745 0.0472939 0.038614 0.00583186
9 0.39602 0.416048 0.0248178 0.0227595 0.00581271
7 0.596335 0.460443 0.102111 0.106538 0.00579967
2 0.596389 0.459273 0.10013 0.105648 0.00563428
9 0.604057 0.458108 0.013951 0.03815 0.00559798
5 0.0223373 0.52059 0.0391628 0.0833102 0.00546401
9 0.436143 0.452258 0.0202467 0.0206967 0.00544399
0 0.0236909 0.522347 0.0314684 0.0406973 0.00542834
2 0.621158 0.452812 0.0458008 0.0907182 0.00539366
2 0.615262 0.42257 0.0310276 0.0289706 0.00537158
5 0.026524 0.522509 0.0419575 0.0708259 0.00536095
9 0.592892 0.458155 0.0800682 0.0474015 0.00535446
0 0.99488 0.449352 0.0095398 0.0633091 0.00532932
5 0.0505952 0.480426 0.099674 0.143763 0.00532314
9 0.60594 0.462423 0.0148732 0.0324118 0.00523916
2 0.0411424 0.985573 0.0804978 0.0282637 0.00523253
0 0.610972 0.498613 0.0158157 0.0360478 0.00521985
2 0.370552 0.516369 0.0326199 0.0325462 0.00521615
9 0.825222 0.0779751 0.0523916 0.148876 0.00511083
9 0.571544 0.461888 0.0236861 0.0349573 0.00510372
2 0.50641 0.469363 0.0289774 0.0201416 0.00501518
9 0.834085 0.315809 0.0122753 0.0238256 0.00500019
9 0.825422 0.0820782 0.0512336 0.151658 0.00495107
6 0.522384 0.761726 0.955233 0.476547 0.00493718
9 0.833975 0.314354 0.0113651 0.01973 0.00487377
9 0.669912 0.129379 0.0178207 0.0495642 0.00484231
0 0.0251624 0.500289 0.0425291 0.0716784 0.0048097
2 0.437131 0.959564 0.140287 0.0801075 0.00476248
9 0.438261 0.437729 0.019207 0.0473417 0.00467652
2 0.393381 0.508738 0.0206827 0.0375315 0.00467033
0 0.193023 0.51105 0.0298578 0.036199 0.00466985
2 0.835885 0.414238 0.0491207 0.043771 0.00465037
0 0.991512 0.585334 0.0164204 0.102076 0.00462767
12 0.609087 0.500734 0.0196218 0.0407092 0.00457232
6 0.537791 0.742146 0.92339 0.515708 0.00456421
2 0.98978 0.558832 0.0197708 0.046472 0.00456158
10 0.989741 0.560732 0.0196955 0.0483188 0.00453376
2 0.210349 0.571036 0.0236015 0.0408665 0.00448157
2 0.408156 0.510189 0.0498362 0.0316847 0.00436871
0 0.150144 0.500269 0.0172857 0.0328851 0.00435405
0 0.991051 0.501863 0.0174835 0.167488 0.00434841
5 0.0439605 0.515981 0.0879211 0.178917 0.00432964
0 0.594195 0.889088 0.0287004 0.0351749 0.00432384
10 0.883626 0.475807 0.0145693 0.0333908 0.00428671
2 0.109621 0.435696 0.0459311 0.0136404 0.00425749
0 0.18243 0.445433 0.0167233 0.0139565 0.00425301
2 0.0404369 0.989893 0.0808739 0.0194332 0.00422846
2 0.435762 0.959049 0.136801 0.0812462 0.00418123
6 0.51649 0.757458 0.96702 0.485083 0.00409935
2 0.840776 0.419716 0.0650721 0.0620746 0.00407595
0 0.992407 0.525289 0.0143414 0.112227 0.00401353
9 0.823916 0.122124 0.0393429 0.0416162 0.00400188
9 0.824577 0.123288 0.0411224 0.0439969 0.00399353
