2 0.883142 0.416887 0.0881113 0.0841311 0.794647
2 0.881957 0.4164 0.085673 0.0849076 0.793913
2 0.881985 0.416472 0.086241 0.084233 0.774802
2 0.758058 0.449503 0.0880775 0.0978561 0.768671
2 0.881911 0.416386 0.0860935 0.0840329 0.766327
2 0.882162 0.416443 0.0865753 0.0841265 0.763325
2 0.882352 0.416551 0.0868965 0.084345 0.756616
2 0.757964 0.449532 0.0880387 0.0982138 0.747959
2 0.75812 0.449604 0.0876232 0.0980114 0.739188
2 0.882115 0.416674 0.0866043 0.0848178 0.73582
5 0.607362 0.159482 0.0573888 0.0962204 0.732728
2 0.758014 0.449549 0.0879092 0.0982481 0.714704
2 0.75793 0.449149 0.0880693 0.0983169 0.708487
2 0.882286 0.416336 0.0867916 0.0839799 0.702876
2 0.758121 0.449658 0.088579 0.097898 0.695415
5 0.606347 0.158421 0.0586352 0.0977556 0.679805
2 0.757836 0.449713 0.0885088 0.0988937 0.679439
2 0.684427 0.227255 0.0429786 0.0492897 0.65402
2 0.684215 0.227794 0.0435266 0.0492228 0.653724
2 0.758146 0.449341 0.088325 0.0979063 0.652152
2 0.982773 0.587542 0.0336067 0.0785387 0.640146
2 0.684324 0.227322 0.0443519 0.0503317 0.636821
5 0.606787 0.157974 0.0570501 0.0976347 0.624066
2 0.685148 0.227961 0.0434542 0.0488301 0.618564
2 0.982654 0.587282 0.0342087 0.0799176 0.617592
5 0.607413 0.159017 0.0565694 0.0962412 0.607214
2 0.684537 0.227963 0.0437061 0.0497462 0.606923
2 0.982889 0.58862 0.0334972 0.0772757 0.605458
2 0.982655 0.583885 0.034156 0.0866106 0.581971
2 0.904494 0.334865 0.0575199 0.075562 0.58024
5 0.607248 0.158838 0.0560991 0.0963594 0.571977
5 0.607107 0.15818 0.0569698 0.0981075 0.569469
2 0.98255 0.58722 0.0343372 0.0798918 0.568077
2 0.159788 0.342301 0.0665677 0.0735665 0.565688
2 0.684172 0.227959 0.043406 0.049908 0.56165
2 0.160264 0.342024 0.0663008 0.0735611 0.557991
2 0.982858 0.588599 0.0336157 0.0780737 0.555532
2 0.90446 0.334203 0.0575806 0.0751618 0.53786
2 0.982821 0.5874 0.0336288 0.0796896 0.535479
2 0.519006 0.186978 0.0263971 0.0368125 0.528745
2 0.159693 0.342248 0.0663285 0.0739522 0.510616
2 0.159675 0.342623 0.0669798 0.0743578 0.503749
2 0.518054 0.188235 0.0271795 0.0369375 0.49394
2 0.159628 0.342221 0.0669048 0.0743163 0.482426
2 0.68464 0.227394 0.0443408 0.0500694 0.465649
2 0.159812 0.342768 0.0669568 0.0741191 0.45491
7 0.533886 0.538119 0.0754282 0.123926 0.443006
2 0.373191 0.241286 0.0404036 0.0555174 0.441018
2 0.372758 0.241381 0.0404121 0.0565364 0.436931
2 0.684502 0.227952 0.0431606 0.0494676 0.434295
5 0.920845 0.167839 0.0555008 0.0499841 0.431311
2 0.684128 0.227392 0.0435511 0.0501607 0.421772
2 0.903949 0.334999 0.0586266 0.0752315 0.417008
2 0.90435 0.334663 0.0564402 0.0756664 0.416379
2 0.160061 0.342411 0.0672698 0.0738036 0.415693
2 0.903735 0.335638 0.0569962 0.0779159 0.412916
2 0.780652 0.268461 0.0507659 0.0614904 0.408752
2 0.904754 0.334815 0.0566662 0.0752769 0.407301
2 0.159776 0.342704 0.0670417 0.0746488 0.405865
0 0.114366 0.257804 0.013583 0.0395916 0.405481
2 0.904028 0.334766 0.0572964 0.0759275 0.403254
2 0.373493 0.247076 0.0389995 0.0449809 0.400979
2 0.780989 0.269433 0.0497137 0.0593797 0.387755
2 0.780111 0.268404 0.0507887 0.0612107 0.386477
2 0.903995 0.334387 0.0567226 0.0754894 0.376664
2 0.518513 0.18771 0.0272404 0.0375809 0.376664
2 0.779954 0.268248 0.0517406 0.061985 0.376449
2 0.982949 0.589202 0.0332048 0.0757893 0.376234
2 0.882144 0.415908 0.086474 0.0854327 0.371692
2 0.373201 0.241239 0.0395146 0.0557752 0.370887
2 0.780026 0.269768 0.0503425 0.0585568 0.370522
2 0.780412 0.268778 0.050038 0.0604447 0.369949
2 0.903507 0.335542 0.0558418 0.0783816 0.365725
2 0.780388 0.268813 0.0505838 0.0605227 0.362849
7 0.53382 0.537733 0.0757321 0.123621 0.362391
2 0.373322 0.24527 0.0392733 0.0494938 0.358574
2 0.883226 0.222959 0.0397011 0.0499696 0.357307
2 0.903924 0.334677 0.056789 0.0761632 0.354998
2 0.372808 0.241383 0.0414738 0.056047 0.35368
5 0.921206 0.167561 0.0555786 0.0504795 0.347894
2 0.518758 0.187978 0.0282835 0.0385013 0.346039
0 0.114375 0.258713 0.0149591 0.0415893 0.341102
2 0.780044 0.268302 0.0506607 0.0609157 0.337318
2 0.519108 0.187177 0.0281853 0.0387105 0.332862
2 0.372508 0.24113 0.041116 0.0573503 0.329683
7 0.533606 0.537951 0.0750137 0.123624 0.32731
2 0.519206 0.183969 0.0258319 0.0331502 0.326619
2 0.372631 0.240777 0.0417273 0.0566042 0.325472
2 0.882588 0.416317 0.0854183 0.0841132 0.322091
2 0.982669 0.585736 0.0338337 0.0835388 0.32199
2 0.159214 0.342911 0.0661142 0.0729657 0.317007
2 0.983266 0.589255 0.0327095 0.0753244 0.309656
7 0.809447 0.230602 0.043047 0.0544033 0.306801
2 0.780028 0.268633 0.0511734 0.0618988 0.305672
7 0.533722 0.537615 0.0753652 0.123413 0.302238
0 0.975727 0.247435 0.0197823 0.0672028 0.299785
7 0.808454 0.230279 0.0427811 0.0534757 0.299658
7 0.809304 0.23018 0.0427614 0.0549498 0.2927
7 0.533603 0.537695 0.0752239 0.123501 0.282596
7 0.920862 0.167583 0.0548595 0.0500378 0.282347
2 0.808785 0.229883 0.0433735 0.0526094 0.281816
5 0.92144 0.167868 0.0547442 0.0495354 0.279281
0 0.00764354 0.373555 0.0151011 0.0661061 0.279251
5 0.607047 0.162277 0.057409 0.0916129 0.278709
7 0.533717 0.538238 0.0755224 0.123714 0.275275
0 0.00731573 0.374083 0.0144794 0.0667084 0.272628
0 0.918187 0.235017 0.0128326 0.0502994 0.261337
0 0.918448 0.232331 0.0138763 0.0508683 0.257641
2 0.372955 0.241073 0.0413463 0.0570386 0.254383
5 0.26439 0.124907 0.0263246 0.0379562 0.253542
5 0.533749 0.538078 0.0758132 0.123449 0.252768
0 0.114702 0.255861 0.0151739 0.0381536 0.251504
2 0.373139 0.244507 0.0408062 0.0500319 0.248564
0 0.261919 0.203723 0.0139605 0.0505227 0.247225
7 0.533612 0.537879 0.0754513 0.1236 0.245371
2 0.883528 0.222069 0.0409397 0.0489849 0.241551
2 0.622768 0.109676 0.026759 0.0260869 0.2415
5 0.264309 0.123813 0.0266524 0.0374385 0.238673
7 0.920452 0.167712 0.0546291 0.0494561 0.235901
2 0.621986 0.10887 0.0268026 0.0236252 0.228091
7 0.533766 0.537857 0.0758442 0.123938 0.226141
2 0.882804 0.223443 0.0384159 0.0472116 0.225282
0 0.114606 0.257687 0.0145626 0.0401799 0.222688
0 0.976262 0.251036 0.0199753 0.0655487 0.221303
2 0.781118 0.272006 0.0496002 0.0540222 0.217368
2 0.159642 0.342628 0.0665485 0.0730945 0.216587
5 0.264647 0.124264 0.0277229 0.0378581 0.213641
2 0.372494 0.240971 0.0409869 0.0555986 0.211118
7 0.920852 0.167387 0.0562164 0.0503531 0.207716
2 0.572205 0.107518 0.01856 0.023276 0.207063
0 0.975781 0.245602 0.01917 0.0649902 0.205706
0 0.976591 0.255908 0.0185692 0.056821 0.203284
7 0.809385 0.230355 0.042923 0.0532798 0.200458
2 0.518477 0.189732 0.0274678 0.0356668 0.197196
0 0.975921 0.250199 0.0206482 0.0654787 0.196295
0 0.975623 0.247078 0.0196089 0.0686167 0.195321
5 0.264519 0.124528 0.0270708 0.0379587 0.193912
0 0.00750335 0.372149 0.0148123 0.0629976 0.193834
2 0.518579 0.187288 0.0281477 0.038139 0.192406
2 0.66393 0.102458 0.0161522 0.0251062 0.190774
2 0.518131 0.187409 0.0284622 0.0378291 0.190515
2 0.221779 0.15383 0.0324002 0.0319613 0.189877
2 0.872391 0.203373 0.0409229 0.0380284 0.187588
2 0.221301 0.154239 0.0307714 0.032955 0.182684
0 0.00784094 0.373412 0.0156504 0.0665511 0.182642
0 0.261755 0.20465 0.0140985 0.0496134 0.182294
5 0.263992 0.125222 0.0266499 0.037754 0.181226
2 0.904385 0.334535 0.0570765 0.0752647 0.179311
2 0.222157 0.153929 0.0329658 0.0333844 0.176128
0 0.261881 0.201519 0.0135754 0.0476806 0.175979
2 0.372128 0.240414 0.0422975 0.0553263 0.17168
2 0.882358 0.222537 0.0394087 0.048262 0.171414
2 0.881784 0.222802 0.0391624 0.0461413 0.16579
2 0.221019 0.155203 0.0309363 0.0315206 0.164887
2 0.221501 0.154113 0.0320431 0.0331439 0.164054
0 0.262396 0.202531 0.0133503 0.0473312 0.163522
0 0.262797 0.200157 0.0133546 0.0455718 0.163261
7 0.808787 0.230264 0.0430939 0.0553781 0.162994
2 0.809027 0.230723 0.0429348 0.0550954 0.155567
2 0.221869 0.154008 0.0314369 0.0328718 0.151386
2 0.882739 0.222873 0.0387199 0.0473796 0.149586
2 0.872854 0.198989 0.0388386 0.0317791 0.146523
7 0.809329 0.230498 0.0425661 0.0548706 0.146465
2 0.221239 0.154778 0.0321435 0.0324178 0.144595
2 0.882676 0.416657 0.0871285 0.0832698 0.14351
0 0.262366 0.203114 0.0155093 0.0519727 0.14004
0 0.00615091 0.374451 0.0119852 0.0643386 0.139749
2 0.982924 0.586958 0.0334373 0.0845797 0.139662
2 0.663898 0.102972 0.0150312 0.023961 0.138851
0 0.944605 0.227944 0.0102192 0.0270254 0.137351
2 0.883234 0.222661 0.0387789 0.0478079 0.135905
2 0.882201 0.223618 0.0384865 0.0445108 0.13442
0 0.00788259 0.373133 0.0157652 0.066223 0.134406
0 0.0843143 0.153801 0.0265069 0.0506311 0.132894
7 0.809029 0.230632 0.0434591 0.0546992 0.131883
0 0.113567 0.258662 0.0165815 0.0424358 0.129957
2 0.982492 0.578501 0.0344545 0.100736 0.12794
2 0.808876 0.230772 0.044018 0.0553691 0.127925
0 0.97538 0.240716 0.0184322 0.0556094 0.122285
2 0.518028 0.188842 0.0286283 0.0382886 0.121713
0 0.918667 0.222991 0.0134487 0.0305382 0.121187
0 0.788349 0.158096 0.0120141 0.0302176 0.120384
0 0.262451 0.201404 0.0147762 0.0484093 0.119167
5 0.606287 0.159376 0.0590961 0.0930389 0.119157
2 0.903476 0.335189 0.0577644 0.0744998 0.118323
0 0.943574 0.21851 0.0133102 0.0451107 0.117716
0 0.11334 0.259891 0.0163698 0.0445107 0.115918
5 0.920479 0.167472 0.0565405 0.0494485 0.115494
2 0.875231 0.19966 0.0427597 0.0326833 0.11203
0 0.0853735 0.15417 0.0254603 0.0503408 0.111482
0 0.0853195 0.15374 0.0241418 0.0496141 0.11006
5 0.921965 0.167488 0.0548035 0.0501512 0.108943
2 0.572818 0.108334 0.0207462 0.0242846 0.107596
0 0.00739314 0.367457 0.0145894 0.0564546 0.105909
0 0.113713 0.256052 0.0181873 0.0404239 0.1042
5 0.264029 0.124563 0.0278806 0.038356 0.0987498
2 0.7579 0.449616 0.0883396 0.0988642 0.0983019
2 0.982479 0.589353 0.0346291 0.0747385 0.0940396
0 0.975089 0.240262 0.0198948 0.0544255 0.0917124
2 0.160991 0.338928 0.0653563 0.0670346 0.0906096
0 0.0838638 0.156051 0.0208779 0.0459247 0.0893866
0 0.0855297 0.154504 0.0239938 0.0499789 0.0887352
7 0.533546 0.537605 0.0748152 0.122573 0.0881207
5 0.221562 0.15307 0.0333274 0.0356198 0.0848041
2 0.883421 0.417078 0.0841438 0.0826039 0.0846048
0 0.262936 0.203919 0.0156333 0.052425 0.0813453
2 0.873183 0.199931 0.0420769 0.0325288 0.08078
7 0.921588 0.167234 0.0552635 0.0493767 0.0801992
7 0.92048 0.167866 0.0556164 0.0508512 0.0793868
0 0.994076 0.241629 0.0113247 0.0548202 0.0770971
0 0.0845345 0.154161 0.0277012 0.0501376 0.077007
0 0.306675 0.164553 0.0107524 0.0313382 0.0764676
0 0.789081 0.157761 0.0128388 0.0307359 0.076316
0 0.719384 0.0507631 0.0118564 0.0307241 0.076198
2 0.616641 0.100904 0.0367506 0.0396887 0.074886
0 0.788903 0.156685 0.0121534 0.031797 0.0720863
2 0.66357 0.101899 0.0178944 0.0266441 0.0712735
0 0.0868624 0.143225 0.0265994 0.0273403 0.0700462
0 0.994468 0.241083 0.0104485 0.0542681 0.0699493
0 0.974934 0.235505 0.0166523 0.046275 0.0699288
2 0.224038 0.153706 0.0376415 0.0316782 0.0677711
0 0.952709 0.265838 0.0150558 0.0427226 0.0674269
2 0.779841 0.268159 0.0508612 0.0609733 0.0671927
2 0.374086 0.254423 0.0368898 0.0327788 0.067106
5 0.606966 0.164753 0.0555784 0.0855886 0.0670221
2 0.884096 0.217968 0.041124 0.042901 0.0648931
5 0.921733 0.167198 0.0532272 0.0489777 0.0646378
2 0.780929 0.267918 0.0513847 0.0626165 0.0628263
0 0.995333 0.235542 0.00857773 0.0447658 0.0627677
2 0.374265 0.255111 0.0371058 0.0309584 0.0616185
0 0.918648 0.239567 0.0124256 0.04134 0.0614833
2 0.519649 0.186425 0.0280104 0.0390704 0.0599506
2 0.982778 0.588333 0.0339863 0.0748769 0.0593465
2 0.623404 0.110575 0.0239567 0.0263371 0.0590155
0 0.952686 0.260258 0.0153664 0.0454965 0.0588623
7 0.533761 0.53787 0.0751316 0.124318 0.0586969
0 0.307365 0.15431 0.0105714 0.0258192 0.0565208
2 0.618136 0.103987 0.0350986 0.0374482 0.0553038
2 0.220402 0.15439 0.0323258 0.0331296 0.0542582
2 0.345136 0.284408 0.0172362 0.025417 0.0529689
0 0.789636 0.155351 0.0120878 0.0335678 0.0527725
2 0.87314 0.201308 0.0373684 0.0325248 0.0521739
0 0.952793 0.269018 0.0160408 0.0458971 0.05129
5 0.918442 0.173108 0.0525917 0.0390703 0.0511594
2 0.904511 0.335898 0.0565687 0.0745995 0.0501404
0 0.262192 0.196866 0.0150152 0.0404487 0.0498859
0 0.085235 0.153928 0.0251763 0.0506391 0.049719
2 0.219627 0.155461 0.0314145 0.0319127 0.0492553
67 0.604286 0.960738 0.11283 0.0778646 0.0488422
2 0.982035 0.579472 0.0354759 0.100854 0.0480165
0 0.942921 0.215723 0.0145733 0.0401484 0.0475886
5 0.920289 0.167211 0.0575436 0.0494884 0.0474764
0 0.64406 0.0593019 0.0127071 0.0165621 0.0473906
67 0.604519 0.960789 0.114704 0.077746 0.0472276
2 0.0356709 0.12955 0.0361663 0.0158823 0.0468983
67 0.604027 0.960995 0.112823 0.076976 0.0461884
2 0.757822 0.44984 0.0887423 0.0989205 0.0456014
0 0.977793 0.265641 0.0158276 0.0409839 0.0449195
0 0.975256 0.236771 0.0181738 0.0477382 0.0448752
2 0.572161 0.105499 0.0185225 0.0275218 0.0448485
0 0.114279 0.262053 0.0177681 0.046846 0.0442153
2 0.346825 0.28234 0.0207032 0.0298733 0.0435464
0 0.643849 0.0634594 0.0141222 0.0231368 0.0430975
2 0.64346 0.593574 0.0138453 0.0173714 0.0417229
0 0.0716352 0.233534 0.0130633 0.0398971 0.0415364
67 0.603987 0.960982 0.112715 0.0769829 0.0414597
2 0.757995 0.449733 0.0870688 0.0986055 0.0411477
5 0.575503 0.0375951 0.0233118 0.0422951 0.041076
2 0.904237 0.333474 0.0563068 0.0726743 0.0408342
2 0.62218 0.108863 0.0263404 0.0276774 0.040588
0 0.99456 0.246498 0.0101494 0.0457095 0.0400357
2 0.517825 0.185892 0.029576 0.0380565 0.0394549
2 0.871224 0.199313 0.035861 0.0353812 0.039274
5 0.756157 0.0700568 0.0429099 0.0579408 0.0385781
2 0.684692 0.228479 0.0436869 0.0479276 0.0381833
2 0.66335 0.103051 0.0168527 0.0257367 0.0379542
2 0.572554 0.107954 0.0187965 0.0242728 0.0367518
2 0.757703 0.450093 0.0890962 0.097517 0.0362125
2 0.442589 0.225925 0.0168503 0.0174521 0.0359765
67 0.60443 0.960931 0.113941 0.0770584 0.0355029
7 0.916686 0.173806 0.0490311 0.0393879 0.035436
5 0.756181 0.0702564 0.0430721 0.0578776 0.0352801
5 0.576654 0.0380597 0.0195973 0.0413053 0.0349905
0 0.342487 0.137831 0.0107485 0.0297981 0.0345998
0 0.0880605 0.165653 0.0188722 0.0271478 0.0343209
2 0.881663 0.211289 0.036932 0.0283116 0.0338662
5 0.576401 0.0337029 0.0219121 0.0383195 0.0337924
2 0.220476 0.153865 0.0322782 0.033545 0.0337322
2 0.870523 0.20582 0.0294209 0.0343751 0.0337085
2 0.619318 0.104247 0.0336459 0.0340505 0.0336428
67 0.603852 0.960798 0.112436 0.0774197 0.0335781
5 0.300219 0.0505025 0.0299396 0.0441616 0.0331815
5 0.264178 0.123666 0.030047 0.0395433 0.0330876
0 0.0713532 0.234214 0.0136728 0.0386423 0.033084
0 0.846929 0.187837 0.0152729 0.0299981 0.0323684
5 0.618055 0.103959 0.0344883 0.0331376 0.031979
7 0.913151 0.176931 0.0418076 0.0329292 0.0319567
0 0.94662 0.231266 0.0104696 0.0311502 0.0315108
67 0.604537 0.960857 0.114285 0.0776417 0.031373
2 0.882372 0.223953 0.0371235 0.0462602 0.0313719
