2 0.52178 0.647214 0.119019 0.268286 0.650905
2 0.828736 0.567215 0.172769 0.236281 0.627661
2 0.521563 0.647855 0.119069 0.26848 0.621342
2 0.828385 0.566328 0.173156 0.23589 0.608649
2 0.828465 0.566083 0.173878 0.234551 0.602263
2 0.828533 0.566449 0.173015 0.235954 0.602148
2 0.829533 0.568171 0.171967 0.236663 0.597094
2 0.82794 0.565615 0.174021 0.233412 0.58089
2 0.828237 0.566586 0.173528 0.237584 0.579739
2 0.827973 0.566435 0.173345 0.234647 0.573086
2 0.827934 0.566799 0.173613 0.23445 0.552789
2 0.776552 0.0647565 0.0709706 0.0599193 0.549853
2 0.776608 0.0648257 0.0689652 0.0591222 0.511302
5 0.487181 0.372338 0.0800193 0.154856 0.486433
5 0.0490625 0.471325 0.098118 0.194239 0.482546
5 0.629682 0.45588 0.114754 0.197882 0.478352
67 0.521875 0.649424 0.121119 0.274653 0.471668
2 0.63068 0.455011 0.113302 0.197105 0.468177
5 0.487135 0.372345 0.079866 0.155516 0.4654
2 0.776366 0.063868 0.0700792 0.0599097 0.460823
5 0.48713 0.372386 0.0795036 0.156148 0.451961
5 0.0487838 0.470964 0.0974308 0.193892 0.446463
5 0.487424 0.373012 0.0799887 0.155123 0.440969
2 0.196395 0.17061 0.0650667 0.0759584 0.434194
2 0.486944 0.371341 0.0800036 0.154864 0.428405
2 0.196746 0.169278 0.0628675 0.0728992 0.420379
67 0.521897 0.649557 0.122046 0.275025 0.418313
2 0.202811 0.38718 0.106894 0.165073 0.41539
2 0.776231 0.0641012 0.0701475 0.0594611 0.415281
5 0.487031 0.372057 0.0799141 0.15606 0.408524
2 0.776429 0.0647063 0.0702019 0.0594993 0.407259
2 0.630336 0.453356 0.112791 0.19342 0.407252
2 0.951444 0.575928 0.096751 0.281385 0.398711
2 0.958512 0.29141 0.0819576 0.12845 0.3983
2 0.203034 0.387688 0.107225 0.167026 0.398027
2 0.951144 0.574208 0.096806 0.278709 0.392743
5 0.0485844 0.470414 0.0970439 0.193553 0.391748
2 0.203311 0.387422 0.109349 0.166946 0.390124
2 0.196759 0.169817 0.0631683 0.0735406 0.38744
2 0.776482 0.0646735 0.0707563 0.0604635 0.385055
2 0.196138 0.170692 0.0647356 0.0755567 0.379962
5 0.0490597 0.471465 0.0981193 0.194886 0.379827
2 0.771211 0.217678 0.0798321 0.107809 0.379695
2 0.56909 0.206219 0.0593107 0.0979039 0.375672
2 0.776124 0.0647225 0.0700212 0.059704 0.374363
5 0.049295 0.471445 0.0985091 0.19685 0.373996
2 0.630084 0.453871 0.113335 0.193768 0.371191
2 0.197209 0.169323 0.062102 0.0732859 0.370623
2 0.196332 0.171024 0.065007 0.0773171 0.369797
2 0.20296 0.3874 0.108391 0.166636 0.36658
67 0.522437 0.646817 0.120297 0.27113 0.365671
2 0.951473 0.578093 0.0966381 0.283703 0.363922
2 0.203057 0.387485 0.107826 0.16692 0.363601
2 0.776131 0.0643309 0.0702828 0.0597375 0.362618
2 0.775863 0.0647991 0.070394 0.059755 0.360262
5 0.48731 0.372864 0.079805 0.155774 0.358371
67 0.52223 0.646619 0.120816 0.27114 0.357926
2 0.56925 0.205959 0.0590935 0.0978195 0.355339
2 0.770969 0.215427 0.0793535 0.111434 0.354739
2 0.20276 0.387139 0.107117 0.165751 0.352971
2 0.202981 0.387739 0.108597 0.166697 0.352507
5 0.63014 0.455234 0.113997 0.19766 0.351839
2 0.771195 0.215566 0.0793621 0.111843 0.349659
2 0.202752 0.386121 0.107332 0.166086 0.347841
0 0.896115 0.138379 0.0227379 0.0794849 0.345803
2 0.197124 0.169952 0.0640516 0.0727541 0.341668
2 0.770691 0.215131 0.0792026 0.11248 0.339163
2 0.202669 0.386903 0.105993 0.16493 0.33018
2 0.630768 0.453113 0.112123 0.1932 0.323104
2 0.6488 0.175246 0.0662388 0.0857386 0.320166
2 0.196824 0.17041 0.0647234 0.0758603 0.32012
5 0.0487773 0.470801 0.0973463 0.193961 0.319324
5 0.0488731 0.470936 0.097695 0.196111 0.317665
2 0.203006 0.38778 0.107949 0.165791 0.316955
2 0.603627 0.0158638 0.0529659 0.0317276 0.316863
2 0.521502 0.648981 0.120567 0.272351 0.315914
2 0.951136 0.574031 0.0968094 0.281972 0.314238
2 0.771347 0.217367 0.0801208 0.108244 0.31281
2 0.487037 0.372041 0.0795457 0.155552 0.312558
2 0.630554 0.452003 0.111679 0.19132 0.311447
0 0.922974 0.147025 0.0252363 0.090681 0.311238
5 0.0492639 0.47152 0.0985278 0.196104 0.31073
2 0.196257 0.1703 0.064437 0.0756365 0.30896
0 0.924034 0.14571 0.0223618 0.0893095 0.306613
5 0.630133 0.454794 0.113363 0.196932 0.306315
2 0.771046 0.216254 0.0800298 0.111084 0.303234
2 0.950778 0.574468 0.0979622 0.282347 0.302984
2 0.630377 0.451396 0.112409 0.189004 0.299123
2 0.521556 0.647064 0.12079 0.269599 0.298242
2 0.958487 0.292067 0.0820576 0.127448 0.296543
2 0.161856 0.0949248 0.0442597 0.0447651 0.292011
2 0.705437 0.314529 0.101291 0.144066 0.291829
2 0.569078 0.205793 0.0592318 0.0986537 0.291822
2 0.70525 0.314586 0.101348 0.143783 0.291333
2 0.95858 0.291737 0.0818146 0.127448 0.287376
5 0.049012 0.472587 0.098024 0.201649 0.282344
2 0.950908 0.573641 0.0966612 0.271859 0.28163
2 0.705335 0.314468 0.102156 0.143849 0.280635
5 0.486885 0.371813 0.0801655 0.155636 0.279837
5 0.70573 0.315335 0.101112 0.142615 0.279455
2 0.648925 0.175535 0.0660881 0.0854215 0.276819
2 0.705511 0.314586 0.10092 0.144038 0.273268
5 0.64886 0.175138 0.0663086 0.0859875 0.272308
2 0.603464 0.0161236 0.0529037 0.0320835 0.271512
2 0.568474 0.206715 0.0595218 0.0972518 0.267532
0 0.895754 0.137322 0.0210155 0.0755214 0.26517
5 0.705696 0.315579 0.102323 0.143446 0.262889
5 0.705433 0.315082 0.10213 0.143179 0.260864
2 0.568848 0.206141 0.0584922 0.0977121 0.259048
2 0.261021 0.159413 0.0507881 0.0483389 0.257907
2 0.160513 0.0948781 0.0457687 0.0453227 0.25747
2 0.771366 0.21793 0.0802892 0.106585 0.255543
2 0.196555 0.169984 0.0647638 0.0764411 0.25522
2 0.705139 0.314576 0.100737 0.144085 0.253677
2 0.770892 0.215923 0.0800533 0.110408 0.252412
2 0.958171 0.291807 0.0831154 0.128456 0.24931
2 0.196659 0.170923 0.0647238 0.0771704 0.249208
2 0.568682 0.204796 0.0594265 0.0999565 0.248726
2 0.958655 0.291659 0.0817972 0.127987 0.246654
5 0.705366 0.315305 0.102512 0.143591 0.24639
2 0.771317 0.217835 0.0799643 0.106782 0.244341
2 0.64906 0.175257 0.0662226 0.0852708 0.242717
0 0.896965 0.141052 0.0266373 0.082596 0.241188
2 0.951178 0.573238 0.0963947 0.27704 0.239926
2 0.161583 0.0947438 0.0445614 0.0452776 0.239598
2 0.16139 0.0947367 0.0430212 0.0449534 0.237852
5 0.487008 0.372215 0.0799597 0.155735 0.235132
2 0.958267 0.289738 0.0826851 0.132163 0.234743
0 0.894812 0.137553 0.0235317 0.0771277 0.231542
2 0.196792 0.170567 0.0647361 0.0744318 0.230233
2 0.334156 0.207658 0.0578626 0.102408 0.21872
2 0.648567 0.175546 0.0661182 0.086419 0.214385
2 0.161881 0.0952246 0.0450667 0.0471433 0.214181
2 0.64836 0.175698 0.0657638 0.0864058 0.213752
2 0.604047 0.0147302 0.0520449 0.0294604 0.210913
2 0.951382 0.566834 0.0960054 0.29377 0.210357
0 0.894921 0.137533 0.0246359 0.0773028 0.210203
2 0.603761 0.0154176 0.0507416 0.0308352 0.20955
5 0.648923 0.175376 0.067449 0.0857283 0.203718
5 0.95866 0.292719 0.081665 0.127016 0.203559
2 0.569009 0.206071 0.0588741 0.0976579 0.202834
2 0.521162 0.646811 0.119495 0.269312 0.197966
2 0.335148 0.20626 0.0583426 0.0984508 0.195517
2 0.197607 0.16894 0.0613931 0.073152 0.195434
2 0.632111 0.059936 0.0435476 0.0583484 0.191632
2 0.951766 0.563387 0.0961372 0.311034 0.191263
5 0.629496 0.455279 0.115509 0.196423 0.190174
5 0.648863 0.175442 0.067201 0.0854537 0.188651
2 0.603913 0.0158723 0.0518822 0.0317446 0.187596
0 0.923375 0.146372 0.0243322 0.0897719 0.185887
0 0.924131 0.145128 0.0216578 0.0881573 0.180722
2 0.261054 0.158882 0.0492062 0.0449328 0.177471
2 0.603794 0.0159255 0.0525426 0.031851 0.177407
26 0.490466 0.949777 0.158201 0.099448 0.175842
0 0.897627 0.141461 0.0256466 0.0846227 0.174612
0 0.894631 0.138722 0.0242149 0.0802437 0.172197
2 0.70512 0.314556 0.0999275 0.145153 0.171642
2 0.197143 0.169731 0.0651913 0.0755394 0.171368
2 0.603083 0.0146824 0.053747 0.0293647 0.168538
2 0.95844 0.291771 0.0826534 0.129325 0.167669
2 0.334592 0.206656 0.0584889 0.0995435 0.164969
2 0.162273 0.0940337 0.0435657 0.0447974 0.163651
2 0.25987 0.160891 0.0526171 0.0484337 0.161141
0 0.924857 0.142904 0.0201508 0.0858266 0.158335
2 0.161854 0.0940825 0.0434059 0.0459452 0.157791
26 0.489992 0.949718 0.158343 0.0994759 0.154893
67 0.522296 0.646838 0.120453 0.270526 0.153987
2 0.334613 0.206447 0.0577992 0.0981941 0.150182
5 0.958609 0.292972 0.0822716 0.127565 0.150175
26 0.490279 0.949716 0.158394 0.0995079 0.149528
5 0.648877 0.175802 0.0675524 0.084572 0.145161
2 0.341926 0.110443 0.0389298 0.0536889 0.143533
2 0.602452 0.0146348 0.0522633 0.0292697 0.141437
2 0.447834 0.0674091 0.0365035 0.0688155 0.141306
2 0.958743 0.293073 0.0813946 0.126926 0.138188
2 0.536069 0.0899669 0.036878 0.0508506 0.137285
2 0.536087 0.0902992 0.0371592 0.0507473 0.136062
7 0.771886 0.218575 0.0796826 0.105469 0.135984
2 0.161033 0.0960549 0.0458456 0.0478884 0.13593
2 0.259268 0.160584 0.055193 0.0484345 0.135611
2 0.603374 0.0157083 0.0525637 0.0314166 0.135033
2 0.159735 0.0965227 0.0506844 0.0496782 0.13453
0 0.896654 0.140324 0.0236193 0.0822568 0.133565
2 0.3341 0.209279 0.0576132 0.104635 0.132211
2 0.632183 0.0579579 0.0401176 0.0488428 0.131609
2 0.262658 0.158466 0.0471394 0.0444359 0.131586
2 0.732354 0.0138115 0.031178 0.0276229 0.131526
2 0.260081 0.159953 0.0480416 0.0474597 0.128772
2 0.261909 0.157913 0.0505975 0.041135 0.128483
2 0.334522 0.208844 0.0584536 0.103577 0.127227
2 0.257798 0.151118 0.0311331 0.0294844 0.127099
2 0.251649 0.195339 0.0469128 0.0453343 0.125127
0 0.981161 0.151233 0.026013 0.0742062 0.123965
2 0.60485 0.0159654 0.0500259 0.0317427 0.123769
2 0.536209 0.0924916 0.036975 0.0490017 0.120847
2 0.252052 0.195551 0.0494767 0.052809 0.117823
2 0.771058 0.21382 0.0797464 0.115098 0.116341
2 0.979904 0.256473 0.0397638 0.0607178 0.115777
2 0.6322 0.0633385 0.0439772 0.063459 0.115425
2 0.980931 0.253824 0.0374672 0.0650391 0.113761
2 0.447856 0.0676879 0.0367404 0.0687886 0.113154
2 0.341992 0.115083 0.0391299 0.0622479 0.112504
0 0.333371 0.206291 0.0549065 0.0965245 0.111131
5 0.648992 0.175463 0.0670235 0.0849427 0.107196
2 0.53541 0.0905822 0.0386766 0.0526928 0.105512
2 0.128891 0.109549 0.0292965 0.0315643 0.105065
2 0.129185 0.110506 0.0320179 0.032329 0.103074
0 0.981296 0.150546 0.0241188 0.071071 0.102239
0 0.924615 0.141743 0.0204926 0.0828516 0.10206
2 0.342033 0.109964 0.0394345 0.0531162 0.101955
2 0.632862 0.0581415 0.0413052 0.0563677 0.101788
2 0.605152 0.0175786 0.0537052 0.0350909 0.101033
2 0.536043 0.0923629 0.0366275 0.0488951 0.100907
2 0.342916 0.110146 0.0379854 0.0543874 0.0990525
2 0.631932 0.0606461 0.0435323 0.0563256 0.0978514
2 0.536031 0.0875716 0.0375582 0.0514957 0.0959407
0 0.981529 0.155784 0.0285477 0.0844703 0.0952974
0 0.896203 0.134493 0.0197289 0.0694874 0.0938427
2 0.252046 0.197589 0.0499675 0.0547182 0.09288
2 0.251834 0.19899 0.0478919 0.0491258 0.0919943
2 0.254743 0.199876 0.0544269 0.0553373 0.0917053
2 0.631519 0.0609253 0.0438144 0.059152 0.0910181
2 0.44791 0.0678202 0.0371067 0.0695031 0.0907572
0 0.332523 0.20596 0.0532606 0.0950913 0.0907466
2 0.341884 0.110986 0.0390427 0.0542325 0.0906011
2 0.535879 0.0873361 0.0381702 0.0534535 0.0894334
2 0.985737 0.243828 0.0278309 0.0542655 0.0886808
0 0.898583 0.142861 0.0271366 0.0863065 0.0880627
2 0.16272 0.0931643 0.0438703 0.0403237 0.0880569
2 0.129066 0.106036 0.0311788 0.0334579 0.0876729
2 0.951725 0.503436 0.0957493 0.133151 0.0866086
2 0.412721 0.206306 0.0255474 0.0202094 0.084787
26 0.489849 0.949962 0.158714 0.0995853 0.0844028
2 0.393925 0.0644588 0.0363393 0.051046 0.0836635
0 0.896247 0.129199 0.0202923 0.0597381 0.0832875
2 0.984263 0.245845 0.0308453 0.0575771 0.0832762
26 0.490428 0.949956 0.158519 0.0997189 0.0831044
2 0.632018 0.0598118 0.0411711 0.0564635 0.0817287
2 0.125588 0.109793 0.0243878 0.0310491 0.0815325
2 0.535735 0.0928274 0.0388312 0.0510278 0.0814121
2 0.44809 0.0673613 0.0362402 0.0694001 0.0789986
2 0.41302 0.2063 0.0257953 0.0204058 0.0783441
26 0.490341 0.949909 0.158529 0.0994232 0.0767041
2 0.218046 0.0725626 0.0308934 0.0286272 0.076699
2 0.0206111 0.1269 0.0412222 0.0455056 0.0756999
2 0.216654 0.0728053 0.0286379 0.0262753 0.0756269
2 0.986625 0.23315 0.0258766 0.0331799 0.0755989
2 0.98668 0.231759 0.0259117 0.031333 0.0750152
2 0.393252 0.061883 0.0355913 0.0473394 0.0735135
2 0.393682 0.0635279 0.0365896 0.050739 0.0732104
0 0.981952 0.148594 0.022476 0.0684045 0.0722547
2 0.247918 0.101783 0.0388193 0.0376225 0.0721305
2 0.447909 0.0675583 0.0369173 0.0689404 0.0719569
2 0.732226 0.0145088 0.03237 0.0289722 0.0717106
2 0.632753 0.0668283 0.0441511 0.0519386 0.0715321
2 0.335903 0.208642 0.0612792 0.104114 0.0713684
2 0.254124 0.200913 0.0515267 0.0552332 0.0710592
2 0.128162 0.105956 0.0306426 0.0320727 0.0699684
2 0.259878 0.158086 0.0461509 0.0439209 0.0699553
2 0.341646 0.111177 0.0387657 0.0540805 0.0693441
9 0.447921 0.0672494 0.0360796 0.0688297 0.0692871
2 0.393174 0.0641035 0.0358079 0.0510178 0.0687958
2 0.259706 0.162914 0.0515696 0.0521451 0.0682871
2 0.25153 0.198112 0.0484632 0.0513097 0.0675317
2 0.393863 0.0624627 0.0356155 0.0487037 0.0661807
2 0.39279 0.0630339 0.0373279 0.0493564 0.0655257
2 0.976364 0.259847 0.0466827 0.0565267 0.0654001
2 0.182898 0.235114 0.0350554 0.0268918 0.0644972
2 0.0209495 0.127393 0.0417037 0.0446031 0.0643903
0 0.894316 0.144174 0.0222124 0.0773632 0.0643573
2 0.251504 0.196015 0.045881 0.0482629 0.0643009
2 0.261879 0.160435 0.0501656 0.0461625 0.0642233
2 0.141969 0.102656 0.0559115 0.0450985 0.0641684
2 0.544759 0.0189339 0.0297016 0.0318473 0.0640853
0 0.33188 0.207062 0.0526702 0.0961745 0.0637956
2 0.569537 0.184261 0.0507048 0.0525821 0.0635574
2 0.14975 0.0981452 0.0701821 0.0521078 0.0633515
2 0.217801 0.0728555 0.0305223 0.0297219 0.0632982
2 0.24929 0.102387 0.0367176 0.0381079 0.0629514
2 0.535578 0.0820095 0.0394221 0.0676839 0.0624106
2 0.564901 0.206485 0.0679434 0.0978947 0.0621873
2 0.247439 0.103106 0.032784 0.0322316 0.0617662
2 0.392339 0.0651667 0.0374176 0.0514966 0.0617587
2 0.259588 0.154994 0.0500013 0.041819 0.0614698
2 0.448104 0.0671103 0.0366489 0.0698047 0.0611512
2 0.535935 0.0918373 0.038826 0.0494182 0.0611189
2 0.63209 0.0546548 0.039937 0.0438493 0.0605919
2 0.182872 0.234946 0.0345779 0.0273581 0.0602364
2 0.248407 0.104018 0.0351786 0.0346643 0.0598604
2 0.343185 0.109592 0.0380369 0.0530927 0.0597756
2 0.393263 0.0625909 0.0357779 0.0486215 0.0593633
0 0.920565 0.146101 0.0246862 0.0928106 0.058791
2 0.335931 0.206456 0.0604508 0.0988292 0.0587847
0 0.925113 0.131315 0.0190773 0.0627605 0.0585451
0 0.332174 0.20588 0.0526283 0.0940695 0.0579223
2 0.0172906 0.127283 0.0342711 0.0448429 0.0572814
2 0.161054 0.0954684 0.0465905 0.0478854 0.0569872
2 0.952113 0.502723 0.0950371 0.131652 0.0563007
2 0.951418 0.576912 0.0962387 0.279415 0.0558586
9 0.44796 0.0675665 0.0359209 0.0682309 0.0555809
