5 0.157577 0.698877 0.315002 0.285415 0.946603
5 0.157527 0.699339 0.315054 0.286072 0.945176
5 0.157 0.698638 0.314 0.287668 0.933502
5 0.157433 0.698032 0.314729 0.285982 0.927756
5 0.157044 0.69896 0.313558 0.287838 0.926279
5 0.157601 0.699645 0.315201 0.286411 0.915932
5 0.157897 0.69909 0.315794 0.285544 0.903255
5 0.157686 0.698063 0.315373 0.28656 0.901426
5 0.157443 0.699913 0.314887 0.286639 0.885745
5 0.157657 0.69897 0.315314 0.286687 0.880947
2 0.294012 0.54749 0.10062 0.0708271 0.71211
2 0.29391 0.54726 0.100357 0.0709231 0.707679
2 0.293742 0.547323 0.101075 0.0706366 0.706111
2 0.293557 0.546757 0.10158 0.0711321 0.679136
2 0.294157 0.547358 0.100121 0.0710762 0.628612
2 0.295124 0.547642 0.0998775 0.0706846 0.582446
2 0.29494 0.547744 0.100496 0.0712276 0.572392
0 0.491491 0.531381 0.0160692 0.0533354 0.546113
0 0.491221 0.530991 0.0158484 0.0526059 0.502717
0 0.491323 0.530611 0.0158253 0.0523866 0.471686
2 0.293701 0.547783 0.0999773 0.0697094 0.470133
2 0.293237 0.546767 0.0981258 0.0697475 0.432506
0 0.491102 0.530367 0.0172384 0.0522944 0.427659
0 0.491071 0.530475 0.0164993 0.0522768 0.419108
2 0.292941 0.547209 0.101434 0.0706061 0.40746
2 0.848517 0.532214 0.0640503 0.0713222 0.3528
2 0.293736 0.546782 0.102433 0.0724182 0.349749
2 0.84823 0.532294 0.0640587 0.0707397 0.348258
2 0.779009 0.562443 0.0849278 0.0704397 0.343277
2 0.84835 0.532528 0.06413 0.0713049 0.312469
5 0.0743338 0.562355 0.148473 0.118687 0.285314
2 0.779585 0.563266 0.0845114 0.0686355 0.270344
2 0.779085 0.561762 0.0849414 0.0709137 0.264375
2 0.778912 0.561769 0.0848488 0.071191 0.262081
7 0.779056 0.562153 0.0852102 0.0709454 0.260869
5 0.074011 0.563234 0.148022 0.119593 0.257257
7 0.847583 0.532575 0.0643833 0.0698086 0.255846
2 0.778946 0.562294 0.0849253 0.0704331 0.254365
9 0.198997 0.478794 0.0146533 0.0299506 0.248742
5 0.0748048 0.56349 0.148242 0.122368 0.226207
0 0.491479 0.532613 0.0180742 0.0532625 0.21843
2 0.848344 0.531842 0.0636047 0.0711151 0.216265
5 0.0742834 0.564451 0.148435 0.123332 0.215406
0 0.491418 0.530258 0.0159984 0.0531326 0.208499
5 0.0743776 0.564132 0.147985 0.122323 0.20721
7 0.779504 0.560879 0.0856981 0.0713631 0.204461
9 0.198961 0.47859 0.0140722 0.030118 0.204246
2 0.84831 0.531573 0.0637726 0.0708535 0.198079
7 0.779247 0.560928 0.085568 0.0721472 0.19659
2 0.848679 0.533659 0.0626488 0.0693768 0.189179
5 0.0748192 0.562108 0.147678 0.11726 0.183934
2 0.849009 0.534843 0.06322 0.0679697 0.178647
2 0.300525 0.547611 0.0886107 0.0698542 0.174476
0 0.776145 0.48597 0.0221802 0.0619368 0.167813
0 0.489817 0.531596 0.0207718 0.0537093 0.165495
5 0.595521 0.476773 0.102887 0.109448 0.158699
5 0.0751068 0.563274 0.149028 0.120562 0.152203
2 0.849123 0.533686 0.0619619 0.0690851 0.152019
2 0.77937 0.5631 0.0848063 0.069415 0.144475
5 0.0751304 0.564528 0.150072 0.121577 0.138836
5 0.595232 0.476155 0.10062 0.108026 0.12949
0 0.776712 0.488007 0.0225441 0.0671101 0.125653
5 0.595079 0.476211 0.100275 0.107998 0.124536
0 0.774585 0.479966 0.0173934 0.0496834 0.124342
0 0.201228 0.559312 0.0167997 0.02261 0.120523
2 0.779674 0.562972 0.085008 0.0680141 0.116618
9 0.198551 0.480026 0.0158694 0.0333517 0.116382
2 0.848935 0.533934 0.0629055 0.0695629 0.114578
0 0.774724 0.484984 0.0179485 0.0595701 0.104313
5 0.594956 0.476202 0.101257 0.107228 0.103948
2 0.299351 0.546481 0.0873343 0.0692127 0.103903
0 0.774935 0.479367 0.0166647 0.0476911 0.101183
7 0.595516 0.47638 0.100765 0.108202 0.0990816
0 0.775146 0.481323 0.0172859 0.0517789 0.0972118
7 0.595216 0.476278 0.100969 0.107541 0.0953734
12 0.423967 0.519352 0.019136 0.0272417 0.0934155
0 0.489747 0.530994 0.0201392 0.0536209 0.09297
7 0.59546 0.476572 0.100608 0.108057 0.0914354
0 0.489472 0.532774 0.02138 0.0533682 0.0884006
9 0.199167 0.478819 0.0158097 0.0306019 0.0869365
7 0.594667 0.475987 0.101161 0.107289 0.0866757
0 0.778311 0.491697 0.0276843 0.0713832 0.0813995
7 0.595436 0.476409 0.100393 0.108089 0.0800247
5 0.0749158 0.55997 0.149741 0.1183 0.0793266
7 0.595049 0.476185 0.100411 0.108043 0.0779312
7 0.794681 0.534116 0.120092 0.116212 0.0747513
0 0.489658 0.53057 0.0201017 0.0543108 0.068619
0 0.200455 0.559071 0.0189592 0.0235031 0.0668982
0 0.774799 0.479057 0.0180013 0.0493454 0.0649909
5 0.0756064 0.560894 0.151213 0.117894 0.0617758
7 0.595273 0.476198 0.100311 0.109614 0.0603382
0 0.176745 0.655669 0.0196111 0.034821 0.0603284
0 0.17729 0.650222 0.0180241 0.0245357 0.0556375
9 0.577836 0.483174 0.0117273 0.0305861 0.0550814
5 0.0753891 0.554007 0.150778 0.138799 0.0550735
0 0.176106 0.671279 0.0212382 0.0661185 0.0509301
0 0.423478 0.527064 0.0196093 0.0423908 0.0504015
2 0.423835 0.520667 0.0197818 0.0303149 0.0499551
2 0.144948 0.494129 0.075473 0.0329094 0.0482769
2 0.847513 0.545438 0.061334 0.0472721 0.0480969
2 0.147176 0.493423 0.0692027 0.0331378 0.0476808
2 0.148336 0.49427 0.0683719 0.0327349 0.0460434
2 0.845375 0.547567 0.057876 0.0429497 0.0444563
9 0.190184 0.478599 0.0246251 0.0306004 0.0441264
0 0.775285 0.476489 0.0180399 0.0442835 0.0431343
0 0.424026 0.521408 0.020636 0.0316769 0.0427513
2 0.681664 0.829531 0.0244923 0.019162 0.0420064
7 0.77868 0.562187 0.0852984 0.0697117 0.0406923
0 0.203795 0.559791 0.0225558 0.0231168 0.0399853
0 0.143661 0.70048 0.0182743 0.0325861 0.0395911
9 0.198904 0.47984 0.0174148 0.0342489 0.0389397
9 0.199361 0.478474 0.0152321 0.0299437 0.0387189
9 0.623509 0.658567 0.033166 0.0457125 0.0380002
2 0.83987 0.548001 0.0455666 0.0428608 0.0367145
0 0.778743 0.502385 0.0266876 0.0509321 0.0359052
0 0.176071 0.651775 0.0215683 0.0277006 0.0357287
2 0.611398 0.512343 0.0237154 0.0405517 0.0338019
2 0.809072 0.753021 0.0259686 0.020517 0.0336202
0 0.210124 0.670731 0.020955 0.0482175 0.0335638
2 0.149387 0.492623 0.0651704 0.0341734 0.0332441
2 0.575572 0.896132 0.022041 0.0178825 0.0329183
2 0.775657 0.569788 0.0762671 0.0553026 0.0323557
0 0.143586 0.699665 0.0183271 0.0323309 0.0322281
0 0.19958 0.669865 0.0265211 0.0504358 0.0303567
2 0.809447 0.755101 0.0252781 0.0224005 0.0293383
9 0.624068 0.658345 0.0345314 0.0454497 0.0292107
0 0.779963 0.512199 0.0261306 0.034613 0.0290488
7 0.80068 0.537289 0.130476 0.119176 0.0289987
5 0.102377 0.552587 0.204568 0.144923 0.0288816
2 0.393709 0.531113 0.0182853 0.0303892 0.0286054
0 0.393716 0.533612 0.0189863 0.0296876 0.028309
0 0.21047 0.668117 0.0179577 0.0442783 0.0280899
0 0.174624 0.673504 0.0251736 0.0687937 0.0280156
0 0.520017 0.526131 0.0136353 0.0435957 0.0275155
7 0.794119 0.530697 0.120966 0.124835 0.0272603
2 0.423754 0.519469 0.0195255 0.0294332 0.0270906
0 0.77877 0.489694 0.0266501 0.06876 0.0268177
0 0.200997 0.559423 0.0205918 0.0240301 0.0267642
0 0.0558663 0.592505 0.0159004 0.0353741 0.0263955
9 0.572679 0.483373 0.0231826 0.0350935 0.0259423
2 0.611616 0.510619 0.0240036 0.0432073 0.0253259
2 0.85081 0.532952 0.0560593 0.0693811 0.0251726
2 0.779294 0.564588 0.0838281 0.0660986 0.0250825
7 0.810021 0.534167 0.139335 0.0895208 0.0250031
7 0.805163 0.536555 0.144912 0.10572 0.0247469
0 0.520946 0.526839 0.0149939 0.0423306 0.0242726
2 0.424057 0.520114 0.0207695 0.0312582 0.0241472
0 0.781327 0.511064 0.0298805 0.0372833 0.0237468
2 0.423813 0.52211 0.0198168 0.0330671 0.0232767
2 0.142857 0.493431 0.0790955 0.0298292 0.0231455
2 0.612623 0.512433 0.0216133 0.0387554 0.0221685
0 0.780943 0.50906 0.0310547 0.0404858 0.0219918
0 0.175333 0.669827 0.0230362 0.061862 0.0218391
2 0.147067 0.49428 0.0673427 0.0325657 0.0217822
9 0.171954 0.425219 0.0113623 0.024061 0.0216835
0 0.208437 0.674783 0.0235782 0.0463644 0.0216153
0 0.779554 0.51138 0.0284472 0.0366343 0.0215389
5 0.104285 0.546495 0.205154 0.147295 0.0214533
7 0.794609 0.522388 0.119785 0.139001 0.0213264
0 0.199664 0.66869 0.0258005 0.0532951 0.0212366
0 0.178772 0.692587 0.0183296 0.0303143 0.0207898
2 0.76904 0.774184 0.024413 0.0190144 0.0207173
9 0.568844 0.476798 0.0281642 0.044869 0.0198464
0 0.423825 0.526791 0.0209307 0.0443909 0.0194461
0 0.178393 0.673004 0.0212021 0.0668363 0.0193888
0 0.778708 0.486104 0.0264994 0.0635346 0.0193751
5 0.102339 0.548705 0.203857 0.149018 0.0188082
5 0.0740549 0.563805 0.14811 0.122742 0.0187555
2 0.574589 0.895544 0.0250995 0.0196056 0.0184034
0 0.178816 0.695451 0.0185224 0.0280387 0.0183492
5 0.0750305 0.618878 0.150061 0.258824 0.018335
2 0.632794 0.861599 0.0264809 0.0188034 0.0183092
2 0.148669 0.494213 0.0644116 0.0344522 0.0181379
2 0.728349 0.801305 0.0211446 0.01728 0.0179738
9 0.428888 0.441344 0.0121613 0.0247501 0.0179356
0 0.175653 0.673555 0.0268342 0.0700962 0.0178895
7 0.805032 0.534855 0.142793 0.112813 0.0176413
5 0.0891223 0.559585 0.178155 0.140656 0.0176317
0 0.847325 0.515563 0.0329559 0.0354708 0.0167159
12 0.610344 0.512993 0.021356 0.0417832 0.0167019
0 0.207037 0.665836 0.0221584 0.0413326 0.0165648
0 0.845617 0.519978 0.0394966 0.0420272 0.0162711
0 0.243722 0.657553 0.0184944 0.0327041 0.0161891
0 0.0584725 0.590203 0.0136234 0.033634 0.0161003
0 0.243609 0.655463 0.0174282 0.0322329 0.0156938
0 0.175577 0.675747 0.0218298 0.0679941 0.0155548
2 0.612445 0.512634 0.022645 0.0383801 0.0155527
0 0.211376 0.672404 0.0205031 0.0459578 0.0155365
2 0.15404 0.592516 0.162141 0.0537319 0.0151219
9 0.568169 0.477112 0.0325951 0.0447411 0.0148286
2 0.759922 0.575068 0.0456633 0.0416862 0.0146474
0 0.393714 0.532611 0.0184809 0.0276546 0.0146306
0 0.363782 0.057606 0.0170485 0.0182418 0.0144777
9 0.569207 0.484633 0.0271498 0.0304535 0.0143638
2 0.422575 0.523597 0.0258545 0.0332744 0.0141391
2 0.150022 0.492077 0.0588557 0.0255136 0.0141386
9 0.38511 0.461089 0.0106161 0.0207954 0.0140257
9 0.172667 0.42481 0.0132777 0.0257053 0.0139283
2 0.589261 0.437193 0.083416 0.0342131 0.0135104
0 0.17074 0.690916 0.0198163 0.0394007 0.0133057
9 0.38301 0.461594 0.00891371 0.0213453 0.0131906
0 0.77347 0.487392 0.0274817 0.0631327 0.0130538
9 0.38304 0.462703 0.0098917 0.0241596 0.013039
0 0.21175 0.671051 0.0188317 0.0409395 0.0128264
2 0.870156 0.543892 0.020182 0.0431858 0.0127142
9 0.191922 0.48009 0.0274611 0.0328894 0.0126708
5 0.076664 0.633852 0.153328 0.270348 0.0124939
7 0.779362 0.562829 0.0856991 0.0691891 0.0123977
9 0.623732 0.657707 0.0337697 0.0480616 0.0123209
9 0.428862 0.439696 0.0142572 0.0322119 0.0122028
0 0.780004 0.492857 0.0330895 0.0719803 0.0121444
0 0.0298068 0.684371 0.019915 0.0217024 0.0120769
0 0.0922188 0.573759 0.0195109 0.0267656 0.0119633
2 0.254119 0.550199 0.0272972 0.031354 0.0118807
5 0.100929 0.545121 0.177739 0.138604 0.0117482
0 0.14149 0.702221 0.0224514 0.0370068 0.011731
0 0.116613 0.566112 0.0153647 0.0326778 0.0115727
5 0.114771 0.540253 0.140581 0.13276 0.0115304
0 0.211596 0.676814 0.0214103 0.0416307 0.0114025
2 0.769047 0.773647 0.022974 0.0190837 0.011341
0 0.0682769 0.591305 0.0163596 0.034972 0.0112428
2 0.862627 0.543325 0.0352783 0.0447342 0.0112071
0 0.192027 0.686985 0.0214784 0.0324066 0.0110755
0 0.055832 0.594351 0.0160692 0.0356918 0.0110171
2 0.632971 0.861131 0.0257049 0.0189564 0.0108265
0 0.393888 0.53312 0.0181854 0.0273073 0.0103692
0 0.0658754 0.588019 0.0168085 0.0310243 0.0103585
0 0.0928093 0.576885 0.0192685 0.0302919 0.0101575
2 0.876789 0.710689 0.0190643 0.0201662 0.0100565
9 0.654823 0.661934 0.0314682 0.0536499 0.0099204
0 0.235279 0.558214 0.0185014 0.0209281 0.00986666
0 0.199883 0.654725 0.0252332 0.0501555 0.00977093
0 0.362716 0.0573762 0.0187761 0.018856 0.00975824
0 0.024677 0.685017 0.0189455 0.0263992 0.00969066
2 0.0804077 0.412692 0.0230616 0.0219904 0.00954797
9 0.436519 0.437368 0.0132222 0.0333969 0.0095351
2 0.589212 0.437229 0.0850475 0.0360443 0.0095157
2 0.0661517 0.516958 0.0273919 0.0123554 0.00940015
2 0.838476 0.55099 0.0423168 0.0398846 0.00925213
0 0.211307 0.668339 0.0202073 0.0429363 0.00905455
2 0.848028 0.534157 0.0640484 0.0681675 0.00887762
5 0.143927 0.527336 0.0909152 0.105563 0.00884899
2 0.682699 0.830193 0.0263558 0.0205252 0.00871163
2 0.300217 0.547883 0.0888507 0.0692535 0.00867486
0 0.029827 0.59203 0.0173112 0.0391075 0.00857949
5 0.110262 0.545662 0.199932 0.142436 0.00857501
2 0.87639 0.711818 0.0193829 0.0193327 0.00852363
9 0.568195 0.475418 0.0320232 0.0470994 0.00849906
0 0.243514 0.650123 0.0181121 0.0410601 0.0084626
2 0.141972 0.49785 0.0825953 0.0410415 0.00838997
2 0.843384 0.728868 0.022052 0.0149706 0.00838866
5 0.0652476 0.536731 0.130495 0.0760066 0.00838349
7 0.805989 0.516768 0.145133 0.143042 0.00825233
5 0.0791112 0.557779 0.157831 0.123539 0.0081838
0 0.555665 0.512883 0.0181777 0.0419633 0.00791618
2 0.410086 0.527145 0.0496655 0.0393311 0.00789384
0 0.19937 0.671174 0.0325997 0.058033 0.00762864
2 0.0308191 0.537383 0.060556 0.0426502 0.00752437
9 0.174603 0.424355 0.0178772 0.0253813 0.00750897
2 0.589064 0.437574 0.084824 0.0349894 0.00750756
2 0.838229 0.551922 0.0411114 0.0384623 0.0074912
2 0.226322 0.554091 0.0703088 0.031205 0.00743475
0 0.139545 0.701096 0.0254121 0.0384016 0.00728764
0 0.843993 0.532222 0.0447462 0.0642909 0.00726944
5 0.102046 0.544278 0.203566 0.157446 0.00720504
5 0.0404384 0.530627 0.0806713 0.068312 0.00716772
2 0.251337 0.564046 0.106259 0.0434713 0.00708847
2 0.593212 0.465684 0.0926444 0.0879301 0.0068441
0 0.0302703 0.594185 0.017515 0.0419875 0.00683695
2 0.830329 0.547902 0.0308855 0.0369737 0.00679747
2 0.809373 0.751561 0.0258472 0.022002 0.00674735
0 0.848925 0.512813 0.0303413 0.0304585 0.006725
0 0.0221676 0.674637 0.0214343 0.0322126 0.00665276
0 0.557498 0.513055 0.0139374 0.0418404 0.00662778
0 0.134858 0.700563 0.0214437 0.0336526 0.00658734
2 0.512787 0.937779 0.0292616 0.0202877 0.00658272
2 0.0224769 0.536559 0.0447867 0.0412369 0.00645113
9 0.56809 0.475321 0.0327702 0.0476163 0.00643206
2 0.588445 0.438648 0.0834015 0.037287 0.00640216
0 0.522649 0.527126 0.0153421 0.0407702 0.00636913
0 0.776084 0.537819 0.0396011 0.0378494 0.00631917
2 0.761458 0.575011 0.0485025 0.042857 0.00631118
2 0.506456 0.493081 0.0253865 0.0237721 0.00629751
5 0.595493 0.476009 0.0994783 0.107069 0.00626972
2 0.152474 0.592637 0.167719 0.0524334 0.00616184
2 0.816738 0.749255 0.0399054 0.0329488 0.0061562
9 0.43369 0.46916 0.0125097 0.0235081 0.00614197
2 0.377761 0.528676 0.0482813 0.0428194 0.00614126
0 0.546362 0.512077 0.0180632 0.041084 0.00613304
9 0.174827 0.42402 0.017066 0.0259634 0.00605216
0 0.606196 0.483399 0.0185963 0.0447784 0.006047
0 0.0299291 0.691501 0.0236983 0.0330473 0.00603889
5 0.0701494 0.564587 0.140262 0.123103 0.00599572
5 0.0397651 0.564239 0.0794126 0.118731 0.00599164
0 0.846914 0.495755 0.0148674 0.0231792 0.00592704
0 0.142095 0.688948 0.0172606 0.0436559 0.0059249
2 0.258169 0.540514 0.0274531 0.0288128 0.00592385
0 0.0810572 0.581294 0.0117635 0.0270079 0.00589906
2 0.573741 0.896848 0.0273394 0.0208775 0.00588178
0 0.844651 0.516287 0.037685 0.0358507 0.00582892
