5 0.730458 0.12632 0.169354 0.25052 0.949218
5 0.730619 0.125438 0.170187 0.250189 0.939478
5 0.730678 0.125356 0.167393 0.250064 0.938823
5 0.730918 0.126211 0.168567 0.250172 0.936104
5 0.731336 0.125077 0.168895 0.249578 0.933044
5 0.731243 0.126332 0.168439 0.2505 0.92707
5 0.731005 0.12509 0.169008 0.250115 0.926944
5 0.73155 0.12531 0.168094 0.249413 0.92566
5 0.730998 0.125113 0.168209 0.250058 0.912954
5 0.729829 0.124811 0.169539 0.249622 0.908002
2 0.846672 0.660203 0.204639 0.303997 0.815858
2 0.846442 0.659305 0.206984 0.304302 0.813939
2 0.84696 0.659543 0.204493 0.306187 0.799642
2 0.84649 0.660096 0.205291 0.303035 0.776333
2 0.846531 0.65996 0.203983 0.304711 0.769496
2 0.845593 0.658584 0.20547 0.302474 0.741816
2 0.883502 0.0674231 0.0771618 0.0611144 0.645535
2 0.846938 0.660017 0.206652 0.306805 0.605095
2 0.847022 0.659053 0.20509 0.308577 0.604424
2 0.846336 0.6597 0.206764 0.305903 0.602968
5 0.566167 0.176947 0.0519028 0.0859926 0.583945
2 0.847281 0.659453 0.205336 0.307294 0.579702
2 0.883013 0.0666842 0.0757793 0.0602472 0.577716
2 0.88368 0.0672808 0.0770947 0.0602154 0.560991
2 0.882881 0.0673802 0.075613 0.0609426 0.55465
2 0.883377 0.0668721 0.0761772 0.059787 0.546611
2 0.882786 0.0664311 0.0760681 0.0605031 0.508894
5 0.488011 0.372083 0.0801756 0.153922 0.49357
5 0.487869 0.371129 0.0802942 0.15291 0.491939
2 0.615694 0.330553 0.0767929 0.128667 0.459289
2 0.615581 0.331162 0.07656 0.1297 0.439301
5 0.487684 0.371238 0.080202 0.153192 0.435011
5 0.566022 0.176421 0.0520805 0.0862806 0.431111
2 0.615816 0.330895 0.0776138 0.129317 0.430648
2 0.907005 0.450224 0.164443 0.20285 0.430214
2 0.615788 0.330723 0.0768856 0.128864 0.427711
5 0.487771 0.371203 0.0798796 0.154596 0.41603
2 0.615653 0.330464 0.0774341 0.129034 0.40577
2 0.883494 0.0671956 0.0774603 0.0596748 0.403292
5 0.488095 0.371803 0.0799358 0.154319 0.400616
67 0.523211 0.736082 0.13027 0.324145 0.397901
2 0.88415 0.0672117 0.073975 0.0605273 0.395829
5 0.487745 0.370813 0.0800894 0.154404 0.393639
2 0.906971 0.450342 0.163907 0.202201 0.392188
5 0.566132 0.176188 0.0520681 0.0860779 0.379228
2 0.615731 0.330519 0.0782841 0.129162 0.376775
2 0.958485 0.287191 0.0820106 0.130822 0.35818
2 0.615933 0.330386 0.077265 0.128816 0.355216
67 0.522757 0.734423 0.132208 0.3223 0.342579
2 0.882251 0.0670132 0.0745476 0.0613613 0.34241
67 0.522894 0.734495 0.130895 0.319408 0.337628
2 0.907002 0.450068 0.163397 0.202799 0.335619
2 0.487313 0.370519 0.0801854 0.153045 0.33165
2 0.656522 0.214198 0.0774047 0.102351 0.328103
5 0.958685 0.286584 0.0817112 0.130795 0.324333
2 0.706683 0.754024 0.172921 0.324806 0.321254
67 0.523819 0.737722 0.132132 0.32608 0.320983
2 0.958417 0.285241 0.0823437 0.134273 0.314413
5 0.566276 0.17751 0.0534361 0.0851896 0.314007
5 0.565965 0.176559 0.05229 0.0863346 0.307288
2 0.906985 0.450052 0.165286 0.20083 0.304463
5 0.958689 0.288332 0.0816513 0.128094 0.293029
2 0.656109 0.213441 0.0774099 0.102713 0.290567
2 0.615586 0.330743 0.0785992 0.129118 0.285521
2 0.65627 0.21356 0.0777581 0.102351 0.283708
67 0.523487 0.73748 0.132757 0.325027 0.280571
2 0.656443 0.213625 0.0775463 0.103488 0.279074
2 0.487583 0.37106 0.0796306 0.153875 0.277947
2 0.882823 0.0670192 0.0755528 0.0614378 0.277559
2 0.274398 0.0729365 0.0305496 0.0259806 0.268645
2 0.61564 0.330258 0.0776343 0.129159 0.264901
2 0.706679 0.767752 0.173669 0.356439 0.26385
2 0.274665 0.0731066 0.0308493 0.0262258 0.261589
5 0.487577 0.371234 0.0800427 0.153733 0.260691
2 0.487531 0.370527 0.0799339 0.153704 0.255516
5 0.65663 0.213579 0.0771492 0.102719 0.248431
5 0.565948 0.176333 0.0519629 0.0863035 0.247281
2 0.656582 0.21334 0.0775467 0.102608 0.245661
5 0.958774 0.28858 0.0819271 0.128165 0.238839
67 0.521588 0.733261 0.132169 0.319549 0.236897
5 0.656745 0.213549 0.0771923 0.10281 0.229842
2 0.958482 0.286481 0.0819429 0.132279 0.222878
2 0.90723 0.450628 0.164154 0.202904 0.221595
2 0.615888 0.330227 0.0773457 0.12897 0.219402
2 0.707015 0.752812 0.172247 0.322931 0.218171
5 0.958564 0.286691 0.0824293 0.131467 0.214164
2 0.656415 0.213444 0.0772726 0.102625 0.213131
2 0.958644 0.287608 0.0817604 0.12896 0.212946
2 0.907568 0.450405 0.165161 0.200496 0.212888
2 0.274472 0.0722834 0.0305378 0.0263195 0.206843
5 0.907498 0.451417 0.165076 0.201286 0.200626
2 0.274159 0.0717738 0.0294067 0.0261503 0.19908
5 0.656382 0.214584 0.0778864 0.103442 0.19902
2 0.705808 0.774247 0.174124 0.366944 0.1879
2 0.705525 0.772358 0.175217 0.361512 0.183688
7 0.566083 0.176616 0.0525673 0.0870411 0.182345
67 0.52253 0.735066 0.13158 0.32047 0.178326
5 0.566591 0.17764 0.0542568 0.0864144 0.177303
2 0.88336 0.0672912 0.0768955 0.0604554 0.176769
2 0.958256 0.286108 0.0829809 0.133322 0.168927
67 0.521988 0.733501 0.133065 0.317046 0.152779
67 0.522929 0.735656 0.130872 0.320508 0.151036
2 0.704395 0.792483 0.177665 0.404749 0.148459
2 0.907112 0.451237 0.165643 0.202377 0.136938
2 0.7054 0.792291 0.179903 0.400855 0.135866
2 0.884492 0.067449 0.0744709 0.06114 0.135289
67 0.524388 0.73861 0.132177 0.309699 0.126673
5 0.958938 0.288622 0.0810484 0.127629 0.125359
5 0.656905 0.214519 0.079783 0.0983142 0.120865
67 0.523934 0.739733 0.131872 0.307905 0.11549
5 0.958513 0.284878 0.0824379 0.131898 0.109573
2 0.962594 0.0515775 0.0299257 0.0335832 0.106912
2 0.196431 0.101989 0.0365227 0.0612322 0.104478
2 0.196426 0.0949121 0.0332517 0.0512299 0.100287
2 0.00403072 0.159006 0.00800649 0.0417272 0.100169
2 0.704012 0.791992 0.178744 0.404408 0.0954001
9 0.129541 0.02714 0.0118017 0.0190103 0.0900246
2 0.961774 0.0514465 0.0317787 0.0340514 0.0846805
2 0.00419172 0.158621 0.00838155 0.0424094 0.0816231
2 0.2738 0.071085 0.0331201 0.0280928 0.0807408
2 0.987102 0.227354 0.025079 0.0249957 0.079524
67 0.705787 0.749197 0.171314 0.315263 0.0780658
5 0.565459 0.176784 0.0537388 0.0858977 0.0776874
2 0.961539 0.0521773 0.0302164 0.031749 0.0772572
2 0.962958 0.052581 0.0287437 0.0312475 0.0729061
2 0.985577 0.230923 0.0279404 0.0323442 0.0708196
2 0.984339 0.239587 0.0305216 0.0495595 0.0707623
2 0.701655 0.795724 0.179795 0.406009 0.0703741
2 0.980968 0.255495 0.0373625 0.078004 0.069269
0 0.443706 0.0235496 0.0249268 0.0470393 0.0657991
0 0.444231 0.0246606 0.0265165 0.0487253 0.0606657
2 0.275627 0.0708028 0.0356264 0.029965 0.0606167
2 0.232031 0.0558117 0.0279871 0.0301712 0.0605808
2 0.986484 0.229121 0.0263168 0.02911 0.0577934
67 0.701707 0.795359 0.180459 0.408112 0.0562612
9 0.131332 0.0235397 0.011795 0.0246194 0.0560659
2 0.197099 0.101371 0.0370798 0.0554957 0.0553411
2 0.987155 0.227841 0.024597 0.0252529 0.0536199
2 0.19401 0.0877461 0.020577 0.0351334 0.0515476
0 0.443644 0.023105 0.0258394 0.0461935 0.0504535
2 0.199533 0.0943705 0.0345944 0.0511506 0.0503475
2 0.00489996 0.154455 0.0097594 0.0489681 0.0498036
2 0.980614 0.236093 0.0383234 0.0435625 0.0496217
2 0.961365 0.0509457 0.031044 0.0376086 0.0491703
0 0.390596 0.06862 0.0309633 0.0656106 0.0488905
0 0.982772 0.0495305 0.0173666 0.0514387 0.0484428
2 0.985539 0.263284 0.0282177 0.0606771 0.0483507
0 0.982095 0.052352 0.0176027 0.0504799 0.0464592
2 0.199334 0.0865223 0.0303267 0.0336479 0.0452868
0 0.992985 0.0560652 0.0132401 0.0475847 0.0449506
0 0.38968 0.0677767 0.0297523 0.061316 0.0448833
0 0.389435 0.0688011 0.0294694 0.0650016 0.0448294
67 0.706928 0.751471 0.172057 0.325297 0.0433903
0 0.0257718 0.0946387 0.0149535 0.0366891 0.0428182
0 0.389522 0.0638413 0.0292645 0.0541704 0.0422907
2 0.2311 0.0644538 0.0296793 0.0287473 0.0421164
2 0.966305 0.0484138 0.0429754 0.0439227 0.0417423
2 0.197298 0.094191 0.0326005 0.0472695 0.0403203
2 0.983712 0.242094 0.0319347 0.0557071 0.0403064
0 0.390394 0.069787 0.0310479 0.0694833 0.0397291
67 0.376701 0.419563 0.0332039 0.0585719 0.0394138
5 0.657719 0.21509 0.0769888 0.096964 0.0390266
0 0.389651 0.0633267 0.0287945 0.0569491 0.0381763
5 0.656719 0.216497 0.0792729 0.0951485 0.0368927
2 0.233693 0.0532485 0.0211748 0.0284039 0.0366491
2 0.182242 0.11472 0.0141096 0.0263257 0.0358048
2 0.195014 0.119745 0.037764 0.0407132 0.0357537
0 0.992346 0.053259 0.0144907 0.0537617 0.0353784
5 0.567468 0.177685 0.0531762 0.0848828 0.0353643
2 0.411628 0.205552 0.0215118 0.0154137 0.0352586
67 0.377158 0.41949 0.0340083 0.0592169 0.0342745
2 0.377217 0.419838 0.034062 0.0594872 0.0337992
0 0.194233 0.0935603 0.0239913 0.0452309 0.0331212
0 0.389316 0.0721271 0.0288409 0.0686044 0.0324087
2 0.988172 0.267382 0.0228247 0.0582065 0.0320237
0 0.993609 0.0575169 0.0120869 0.0446389 0.0316165
0 0.989278 0.0547002 0.020858 0.0496984 0.0312531
2 0.414011 0.205122 0.0268989 0.0162627 0.0299324
0 0.389206 0.0726606 0.0287937 0.0638478 0.029774
0 0.196651 0.101259 0.0355419 0.0478312 0.0293539
2 0.329603 0.0986141 0.0364113 0.0406938 0.0292974
2 0.198514 0.112704 0.0312212 0.0322432 0.0291961
2 0.377356 0.420139 0.0335681 0.0574398 0.0291666
0 0.139808 0.127021 0.0154915 0.0515244 0.0288478
2 0.271301 0.0709805 0.0367653 0.0249754 0.0285184
0 0.44239 0.0268512 0.0300812 0.0530751 0.0284025
2 0.32882 0.0913325 0.0366188 0.0501516 0.0283268
67 0.376916 0.419757 0.0342421 0.0594337 0.0276522
5 0.565539 0.176317 0.0535583 0.0851261 0.0275948
2 0.907593 0.4496 0.166501 0.201686 0.0275757
5 0.567387 0.177447 0.0521282 0.0844573 0.0275683
0 0.0761704 0.098571 0.0196301 0.0410284 0.0272173
0 0.389937 0.0592636 0.0268554 0.0498742 0.0260191
2 0.962283 0.04729 0.0394403 0.0418735 0.0257407
0 0.331101 0.0815259 0.0289381 0.0464413 0.0256632
2 0.884139 0.0669993 0.0769577 0.0585337 0.0254175
0 0.140105 0.125035 0.0156407 0.0522442 0.0251795
2 0.233209 0.0503553 0.0200449 0.0297741 0.024876
2 0.982784 0.264923 0.0331005 0.0594869 0.0247822
67 0.377006 0.419771 0.0337007 0.0597416 0.0245514
0 0.0257545 0.0977174 0.0153989 0.0410954 0.0245066
2 0.193952 0.120295 0.0385095 0.0402301 0.0244875
2 0.186201 0.234926 0.0492937 0.0220814 0.0236685
2 0.194134 0.0971583 0.0283235 0.0499017 0.0232681
0 0.982449 0.0463383 0.0149277 0.0479186 0.0227062
2 0.19521 0.120123 0.0370524 0.0406616 0.02262
39 0.963981 0.975206 0.0707325 0.0490135 0.0225069
0 0.518727 0.31664 0.0126266 0.0232838 0.0224151
2 0.327516 0.102984 0.0332066 0.0351312 0.0223272
2 0.194076 0.103925 0.0348132 0.0464704 0.0218854
2 0.195054 0.108392 0.0369762 0.0465296 0.0218174
0 0.445201 0.0254888 0.0297303 0.0502397 0.0215738
0 0.0763733 0.0980969 0.0228854 0.043201 0.0212984
0 0.390158 0.0585745 0.026335 0.0476369 0.0212388
2 0.975655 0.245504 0.0474846 0.0412562 0.0211365
2 0.983507 0.264121 0.0320492 0.0598823 0.0211362
0 0.330845 0.0758958 0.0251421 0.047628 0.0210453
2 0.268495 0.0728939 0.0454592 0.0262673 0.0208373
0 0.98537 0.057602 0.0203545 0.0433305 0.0208323
40 0.963852 0.974523 0.0711494 0.0500416 0.0206672
0 0.444132 0.0266683 0.0273375 0.052953 0.0197627
0 0.442317 0.0247619 0.0293927 0.0495123 0.0194117
0 0.410932 0.0184801 0.0180225 0.0369601 0.0191877
39 0.964056 0.974358 0.0713312 0.0506638 0.0189844
2 0.326829 0.0920175 0.0405071 0.0453699 0.0189782
2 0.37646 0.419894 0.0351366 0.0587986 0.0189772
2 0.329063 0.0971382 0.0368859 0.0441022 0.0188827
0 0.023754 0.0917472 0.0142953 0.0310369 0.0188742
2 0.990707 0.276495 0.0178333 0.0438045 0.0188398
0 0.328301 0.0970368 0.0365369 0.0410079 0.0187347
67 0.377046 0.419495 0.0333974 0.0592191 0.0186346
0 0.326565 0.0976211 0.0344571 0.0431575 0.0186269
2 0.976883 0.259615 0.044537 0.0642087 0.0186137
2 0.9053 0.360922 0.0405914 0.0276152 0.0185686
0 0.139657 0.129245 0.015941 0.0468938 0.018465
2 0.276703 0.0609308 0.0327692 0.0424801 0.0182696
0 0.408731 0.0179554 0.0256027 0.0359108 0.018075
2 0.275295 0.0751176 0.0346804 0.0302444 0.0176118
2 0.616623 0.338157 0.0771954 0.109474 0.0173346
0 0.447233 0.0223824 0.0317356 0.0445368 0.0172022
0 0.731281 0.0132562 0.0149477 0.0265084 0.0169815
2 0.21534 0.0793615 0.015347 0.0254996 0.0167592
2 0.273406 0.0753527 0.0313549 0.0285143 0.0167246
2 0.963663 0.0476236 0.0428862 0.0433615 0.016723
39 0.964107 0.974539 0.0713562 0.0504175 0.0163311
2 0.281463 0.0460598 0.0198179 0.0198248 0.0162076
0 0.388711 0.0749087 0.0269455 0.0659714 0.0160786
2 0.298728 0.0814177 0.0177667 0.0252666 0.0160641
67 0.522361 0.734729 0.131585 0.320804 0.0159836
2 0.959113 0.0500062 0.0391489 0.0347253 0.0155831
0 0.732588 0.0147879 0.0150398 0.0288775 0.0155821
2 0.860412 0.377229 0.0521454 0.0416356 0.0155443
2 0.22065 0.0590909 0.0106197 0.0205557 0.0154576
0 0.918737 0.432407 0.0206373 0.0217567 0.0154026
2 0.275505 0.0666834 0.0341056 0.0306441 0.0153334
2 0.229095 0.0741944 0.0314648 0.0302069 0.0152461
2 0.00821474 0.149171 0.0164035 0.0636372 0.0151709
2 0.235015 0.0680409 0.0273966 0.0236158 0.0151614
67 0.524813 0.738501 0.133183 0.322472 0.0151006
0 0.329888 0.10029 0.0369007 0.0347675 0.0150721
0 0.441871 0.0258653 0.0236528 0.0514229 0.0147823
0 0.330616 0.0916138 0.0283794 0.0292161 0.0147474
0 0.993061 0.0501598 0.0130461 0.0602041 0.0146677
2 0.9061 0.357488 0.0360573 0.0230508 0.0146157
2 0.294021 0.0725436 0.0154035 0.0262218 0.0145976
0 0.408991 0.0186763 0.025736 0.0369012 0.014466
2 0.00772657 0.153352 0.0154369 0.0572362 0.0143422
0 0.371823 0.0408702 0.0162758 0.0374367 0.0143215
2 0.989158 0.050811 0.0210442 0.0544556 0.0141809
0 0.331877 0.0823588 0.0326364 0.0524454 0.013927
39 0.965011 0.975377 0.0691101 0.0481249 0.0137629
0 0.13995 0.133046 0.0142369 0.0408514 0.013692
39 0.964492 0.975801 0.0700901 0.0472754 0.0135689
2 0.906881 0.358051 0.0375559 0.0229759 0.0134376
0 0.320296 0.107401 0.0157712 0.0301252 0.0133027
5 0.907242 0.452569 0.165568 0.20028 0.0131804
0 0.328278 0.0844653 0.0348894 0.0479793 0.0131525
2 0.907255 0.356569 0.0340397 0.0204602 0.0131472
0 0.979063 0.261933 0.0393211 0.0575859 0.0131208
41 0.965162 0.975787 0.0687824 0.047571 0.013105
0 0.331079 0.09205 0.0344594 0.0462387 0.0130862
0 0.743504 0.0161673 0.0116979 0.0318 0.0130275
2 0.903681 0.363462 0.044067 0.0313042 0.0128808
5 0.566122 0.176613 0.0519331 0.0854553 0.0127309
2 0.916242 0.375261 0.0728924 0.0553555 0.0126941
2 0.879509 0.375288 0.0931908 0.0453642 0.0126787
2 0.958433 0.0516767 0.036487 0.0309221 0.0126564
2 0.855103 0.374692 0.038517 0.0357416 0.0125919
2 0.00445511 0.162405 0.00877736 0.0455717 0.012422
54 0.964883 0.975882 0.0692474 0.0475361 0.0123865
2 0.858519 0.375468 0.0458984 0.0370518 0.0123226
2 0.653061 0.185281 0.0453879 0.0486876 0.0123078
2 0.193685 0.0938489 0.0279471 0.0495439 0.0120791
13 0.202527 0.448375 0.14317 0.17173 0.0120764
2 0.924971 0.407217 0.0793686 0.0801918 0.0119717
0 0.0260821 0.090113 0.015049 0.0314834 0.0117526
0 0.964951 0.975281 0.0694843 0.0485466 0.011744
0 0.412384 0.0176189 0.0223356 0.0351272 0.0115527
5 0.773713 0.121632 0.0709755 0.063038 0.0115402
0 0.739167 0.0154439 0.0180591 0.0308102 0.0113689
