5 0.680159 0.22854 0.0880002 0.133258 0.881663
5 0.679609 0.230782 0.0882765 0.131817 0.878634
5 0.90776 0.43157 0.183794 0.306317 0.873033
5 0.908131 0.431513 0.182435 0.30626 0.872716
5 0.680086 0.229566 0.0895324 0.131899 0.864671
5 0.907263 0.431801 0.184337 0.305344 0.861965
5 0.90818 0.431418 0.183043 0.305497 0.847967
5 0.907139 0.432204 0.18471 0.303621 0.842782
5 0.908007 0.431286 0.183693 0.30735 0.835822
5 0.680162 0.228522 0.0892012 0.133464 0.833246
5 0.680263 0.228592 0.0884752 0.133271 0.830338
5 0.907404 0.431922 0.18417 0.305394 0.828794
2 0.944553 0.883578 0.110372 0.23085 0.824883
5 0.907768 0.432035 0.183908 0.305406 0.821999
2 0.944216 0.883702 0.110318 0.230338 0.810306
5 0.907826 0.431838 0.183829 0.304529 0.801308
5 0.907702 0.431793 0.183941 0.305298 0.799876
5 0.680082 0.228866 0.0892764 0.133084 0.799044
5 0.218771 0.571161 0.0785789 0.127132 0.766662
2 0.587392 0.299246 0.0522852 0.0580128 0.763143
5 0.68035 0.229949 0.0888491 0.130431 0.761441
5 0.680387 0.230081 0.0890682 0.130189 0.758663
2 0.94469 0.883377 0.110152 0.231447 0.754457
5 0.680366 0.230006 0.0898937 0.130726 0.743211
2 0.944117 0.883777 0.110695 0.231024 0.716726
2 0.587105 0.299142 0.0517817 0.0579156 0.708246
2 0.58805 0.299273 0.0516821 0.0579069 0.690046
2 0.729847 0.461687 0.0887821 0.109691 0.683357
2 0.731635 0.342067 0.0623797 0.0795251 0.67372
2 0.729941 0.462101 0.0883548 0.110028 0.672201
2 0.557102 0.235276 0.0347612 0.0468473 0.666056
2 0.557304 0.234842 0.0354927 0.0472924 0.665738
2 0.729791 0.462037 0.0888285 0.109696 0.664412
2 0.58819 0.298791 0.0501635 0.0582075 0.652805
5 0.21884 0.571056 0.0772558 0.126968 0.651808
5 0.219329 0.571273 0.0790401 0.127264 0.644315
2 0.259001 0.266097 0.0524952 0.0632562 0.64387
2 0.944097 0.884219 0.110719 0.231505 0.636654
2 0.729792 0.462322 0.0885431 0.110031 0.635935
5 0.218991 0.571315 0.0787272 0.128384 0.627053
2 0.190373 0.347555 0.045161 0.0571108 0.622199
2 0.730211 0.46217 0.0893816 0.109502 0.620545
5 0.218807 0.571124 0.0773373 0.127054 0.618594
5 0.572345 0.861293 0.114299 0.242367 0.614242
2 0.587465 0.298901 0.0515272 0.0581973 0.6124
2 0.729803 0.462369 0.0883656 0.109442 0.60988
2 0.557309 0.234897 0.0363232 0.0473038 0.609714
2 0.190241 0.345641 0.0464301 0.0591245 0.608217
2 0.258303 0.266093 0.0511562 0.0630196 0.600636
5 0.219164 0.571192 0.0778528 0.127242 0.597081
2 0.55725 0.235292 0.0338054 0.0469222 0.591728
2 0.556932 0.235037 0.0356127 0.0468937 0.590872
2 0.73206 0.341686 0.0615622 0.0805587 0.584697
2 0.730028 0.462399 0.089034 0.109738 0.57926
2 0.190586 0.346657 0.0472095 0.0581219 0.576869
2 0.729739 0.462185 0.0885546 0.109493 0.575994
2 0.190288 0.347428 0.046086 0.0575651 0.575537
2 0.944117 0.883639 0.111314 0.231056 0.573373
2 0.259088 0.266727 0.0516476 0.0616713 0.571301
2 0.587609 0.299495 0.0511738 0.0587114 0.567714
2 0.729882 0.462043 0.0887431 0.109478 0.562126
2 0.258459 0.26663 0.0510491 0.0629801 0.561885
5 0.218483 0.571259 0.0776069 0.127807 0.561121
2 0.557021 0.235074 0.0340325 0.0460212 0.556198
5 0.219056 0.571401 0.0794844 0.128577 0.550217
2 0.258579 0.266211 0.051629 0.0635334 0.548381
5 0.219361 0.5715 0.0795666 0.128541 0.53876
5 0.218592 0.571425 0.076476 0.126879 0.52873
2 0.258812 0.266602 0.0519363 0.0639229 0.518238
2 0.380366 0.177569 0.0285597 0.0357465 0.516324
2 0.731712 0.341576 0.0617471 0.0801414 0.506523
2 0.731514 0.341729 0.0619452 0.0797397 0.503639
2 0.943898 0.884271 0.111347 0.229929 0.501119
2 0.258901 0.265657 0.0534043 0.064469 0.499178
2 0.731342 0.341873 0.0622389 0.079677 0.493911
2 0.731211 0.341569 0.0625269 0.0779965 0.491185
2 0.556981 0.234774 0.0364166 0.0472402 0.490685
2 0.731305 0.34167 0.0624392 0.0785255 0.490526
2 0.731426 0.342077 0.0624035 0.0796442 0.488327
2 0.731693 0.341929 0.0622783 0.0798634 0.482616
5 0.572118 0.861265 0.114037 0.242776 0.47791
2 0.944082 0.883806 0.110841 0.232073 0.474816
2 0.556897 0.235105 0.0362673 0.0469391 0.474345
7 0.573896 0.629346 0.0742079 0.152822 0.46822
2 0.190136 0.34781 0.0472353 0.0567547 0.467371
2 0.259095 0.265707 0.0533292 0.0637394 0.450449
2 0.258547 0.266623 0.0512382 0.0626224 0.44602
0 0.145459 0.314068 0.015054 0.0581903 0.442826
0 0.145125 0.314122 0.0160739 0.0565991 0.442022
2 0.380143 0.176003 0.0271064 0.0370379 0.437116
0 0.145112 0.314034 0.0155357 0.0577149 0.436151
2 0.731699 0.341356 0.0629881 0.0788393 0.436066
2 0.73171 0.342674 0.0629343 0.0789993 0.428541
5 0.679711 0.228828 0.0876866 0.133313 0.428394
2 0.737494 0.201666 0.0307719 0.043776 0.424925
2 0.944179 0.88369 0.11041 0.231232 0.417362
2 0.557487 0.237845 0.0342415 0.0437651 0.411543
2 0.191226 0.347699 0.0471961 0.0563402 0.400333
2 0.25811 0.266407 0.0508146 0.062802 0.381081
7 0.574091 0.629091 0.0747808 0.152042 0.379106
2 0.380175 0.176459 0.0287524 0.0378226 0.369582
2 0.380311 0.177525 0.0265146 0.0346652 0.368633
7 0.57403 0.629468 0.0742365 0.152791 0.367969
2 0.545127 0.152205 0.0264435 0.0316912 0.366562
5 0.572281 0.861255 0.113837 0.24272 0.365207
5 0.572341 0.86033 0.115077 0.239877 0.353746
2 0.84964 0.272296 0.0474625 0.0354856 0.34198
2 0.849276 0.271334 0.0455246 0.0347301 0.338284
2 0.267038 0.20587 0.0236832 0.0436854 0.329996
2 0.737203 0.202002 0.0305111 0.0423747 0.325296
2 0.256379 0.267112 0.0470173 0.0617833 0.314555
7 0.574087 0.629142 0.074505 0.151789 0.313135
2 0.849848 0.272201 0.0466413 0.0355521 0.30823
2 0.737436 0.201593 0.0317577 0.0450325 0.307231
2 0.918495 0.290598 0.0476904 0.0436389 0.305337
2 0.731256 0.341115 0.0629959 0.0787782 0.303105
7 0.573686 0.629142 0.0755928 0.151306 0.302238
2 0.380195 0.176032 0.0276758 0.0372505 0.296627
2 0.190121 0.351979 0.0455676 0.0484527 0.293561
2 0.381407 0.17621 0.0299513 0.0380016 0.291053
2 0.849855 0.271722 0.0454258 0.0347757 0.289485
2 0.572243 0.861546 0.11299 0.242216 0.282762
2 0.380625 0.1815 0.0267667 0.0278518 0.281726
2 0.850252 0.27193 0.0468773 0.03464 0.273005
2 0.84927 0.271701 0.0463387 0.0360461 0.270762
2 0.456244 0.0830711 0.0177181 0.0198908 0.266795
2 0.572218 0.862117 0.113285 0.244132 0.264781
7 0.57412 0.629288 0.0749321 0.151637 0.264238
2 0.737693 0.20101 0.0321756 0.0449408 0.25747
2 0.850703 0.272232 0.0449394 0.0342127 0.255208
2 0.737458 0.205161 0.03016 0.0372298 0.251125
2 0.380405 0.177399 0.026585 0.0349047 0.247879
2 0.191754 0.340309 0.0484514 0.0704274 0.247867
0 0.146105 0.311862 0.0159369 0.0566808 0.247236
2 0.557526 0.234638 0.0341383 0.0461906 0.246237
2 0.267077 0.207107 0.0235395 0.045371 0.23944
2 0.572493 0.862295 0.114662 0.244609 0.23266
2 0.588019 0.299205 0.0514756 0.05771 0.228042
2 0.737288 0.205094 0.0300232 0.0371933 0.225805
5 0.301323 0.0666392 0.0328688 0.0440364 0.220139
2 0.58765 0.300068 0.0516064 0.0573112 0.220029
5 0.300756 0.0666972 0.0311081 0.0435405 0.217939
2 0.57404 0.629549 0.074978 0.151522 0.216376
2 0.38136 0.176301 0.0293671 0.0380239 0.21597
2 0.515999 0.121854 0.0195353 0.0208654 0.215215
2 0.91913 0.289598 0.0488579 0.0427287 0.21171
2 0.573818 0.629383 0.0756086 0.150834 0.210436
2 0.266491 0.206487 0.0251837 0.0456244 0.208805
2 0.545544 0.152025 0.0272764 0.0313125 0.201822
2 0.918822 0.290415 0.0471149 0.0412974 0.199147
2 0.737048 0.201706 0.0322817 0.0433098 0.195625
2 0.190429 0.34324 0.0475585 0.064117 0.187031
2 0.544598 0.151927 0.0304485 0.0324096 0.184684
2 0.918442 0.28995 0.0482916 0.0421051 0.183511
2 0.848037 0.272717 0.0445194 0.0346889 0.179233
2 0.85122 0.272324 0.0459625 0.0340551 0.179149
5 0.300898 0.0663942 0.0315601 0.0438009 0.172894
2 0.84847 0.272628 0.0443615 0.0360219 0.17169
2 0.380501 0.184723 0.0265687 0.0215018 0.171229
5 0.300246 0.0665298 0.0304687 0.0440693 0.165711
2 0.572894 0.861954 0.11238 0.244316 0.164655
7 0.954731 0.225503 0.0406071 0.0506021 0.164197
2 0.737526 0.201542 0.0322589 0.0444924 0.160154
2 0.266739 0.208256 0.0249558 0.0467841 0.157802
2 0.572133 0.863036 0.11455 0.243508 0.157372
0 0.930209 0.180918 0.0101412 0.0215806 0.154835
2 0.944229 0.883979 0.111095 0.231815 0.151458
2 0.544658 0.152801 0.0266499 0.0326154 0.151364
2 0.729397 0.463272 0.0888361 0.1091 0.150764
2 0.355518 0.247746 0.0176328 0.0234852 0.150719
7 0.957079 0.226198 0.0434517 0.0523014 0.150309
2 0.918732 0.289869 0.0486694 0.0460213 0.147102
2 0.95401 0.225271 0.0394421 0.0490455 0.146823
7 0.954594 0.225542 0.0391218 0.0487463 0.145045
2 0.91868 0.289678 0.0484722 0.0428425 0.142693
2 0.662186 0.120288 0.0179918 0.0244238 0.141968
7 0.572273 0.629164 0.0786625 0.152192 0.141398
2 0.267395 0.207456 0.0259909 0.0455582 0.14052
2 0.573661 0.679604 0.0699763 0.0518666 0.138843
2 0.544635 0.152089 0.0278516 0.0298057 0.138482
2 0.955365 0.224863 0.0399643 0.0497742 0.131822
2 0.192397 0.336007 0.0490319 0.0747896 0.129603
2 0.190427 0.350647 0.04498 0.0511188 0.129299
2 0.191633 0.339424 0.0495102 0.0729383 0.1288
2 0.566813 0.133793 0.0218385 0.035621 0.123761
0 0.330047 0.165737 0.0126309 0.0337553 0.122893
2 0.544423 0.151937 0.0291521 0.0322846 0.121961
2 0.57353 0.679282 0.0701517 0.0515137 0.119538
0 0.892368 0.405274 0.013583 0.032374 0.117776
2 0.191138 0.344001 0.0489914 0.0630711 0.116848
0 0.880515 0.225588 0.0127434 0.029842 0.111188
2 0.954148 0.225547 0.0394203 0.0495022 0.110956
2 0.918666 0.29315 0.0471806 0.0401925 0.109371
7 0.956207 0.22616 0.0411911 0.0499729 0.109008
0 0.14404 0.313174 0.0177977 0.0579819 0.108643
2 0.573112 0.678975 0.069901 0.0518358 0.107724
2 0.661587 0.120244 0.0191278 0.0242934 0.107585
2 0.944523 0.882752 0.110534 0.232002 0.106669
2 0.851188 0.270948 0.043264 0.0344749 0.10622
2 0.557461 0.233878 0.0332498 0.0469485 0.102423
2 0.94435 0.884457 0.110359 0.231086 0.101507
2 0.737364 0.200864 0.0322538 0.0439235 0.10068
2 0.566768 0.133831 0.0229876 0.0344347 0.0986392
7 0.573893 0.63021 0.0724758 0.15208 0.0981311
2 0.849411 0.271546 0.0453403 0.0347871 0.0969756
2 0.918958 0.290951 0.0486124 0.0418295 0.0962369
2 0.267023 0.209046 0.0264585 0.0475554 0.0957927
0 0.30797 0.168569 0.0106161 0.0222664 0.0953789
0 0.802997 0.195574 0.00992432 0.0294256 0.0951645
5 0.300793 0.0659873 0.0306952 0.0435766 0.094302
2 0.192883 0.335732 0.050889 0.0695293 0.0911313
5 0.572154 0.859907 0.114634 0.238764 0.0891553
2 0.356147 0.247127 0.0165958 0.0231704 0.0853093
5 0.300291 0.0671902 0.0304272 0.0453058 0.0852025
0 0.892284 0.403556 0.0127813 0.032561 0.0847744
2 0.267079 0.2074 0.0252712 0.0480784 0.0839505
2 0.954546 0.223924 0.0398026 0.0481817 0.0823816
0 0.431295 0.231409 0.0171398 0.0481423 0.0820795
2 0.267298 0.207963 0.0235281 0.0446713 0.0805624
0 0.803232 0.198556 0.00964084 0.0242778 0.0790241
0 0.0782802 0.237019 0.0137882 0.0387423 0.0773719
7 0.954856 0.225664 0.0419762 0.050527 0.0766168
0 0.330323 0.162762 0.0144568 0.036475 0.0749095
0 0.431874 0.242098 0.0158548 0.0268616 0.0748856
0 0.880817 0.224654 0.0126936 0.0311031 0.0737625
0 0.0778995 0.237987 0.0127045 0.0384866 0.0735204
7 0.378977 0.864794 0.182249 0.269758 0.0722784
7 0.954505 0.226444 0.041132 0.050953 0.0722431
2 0.227169 0.172373 0.0363562 0.0349341 0.070329
0 0.148559 0.310344 0.0193554 0.0578409 0.0702946
2 0.920335 0.290244 0.0504749 0.0471508 0.0694451
2 0.194046 0.327626 0.0513166 0.0536095 0.0684555
2 0.980808 0.256757 0.0313448 0.0221866 0.0682566
2 0.572442 0.863038 0.113437 0.245363 0.0680873
2 0.515055 0.121934 0.0223894 0.0229132 0.0679623
7 0.963524 0.226202 0.0552704 0.0521793 0.0677986
2 0.566841 0.131088 0.0218598 0.0417603 0.0672407
7 0.378825 0.864067 0.179142 0.271393 0.0671976
7 0.378788 0.864381 0.181386 0.269905 0.0671136
2 0.100671 0.622873 0.0549135 0.0472515 0.0665898
2 0.515172 0.123167 0.0204677 0.0198991 0.0658869
5 0.572167 0.861479 0.113949 0.243194 0.0655825
2 0.557093 0.234555 0.0347641 0.0470662 0.0647855
2 0.0999982 0.622148 0.0554131 0.0470638 0.0641554
2 0.586603 0.299112 0.0515203 0.0587003 0.0628918
2 0.539919 0.104662 0.0169428 0.0206615 0.0621855
2 0.195239 0.327103 0.0496731 0.0559974 0.0611264
0 0.432035 0.232549 0.0187481 0.0445428 0.0609938
0 0.434501 0.220234 0.0159546 0.034443 0.0603314
2 0.557116 0.241791 0.0337378 0.0343227 0.0569334
5 0.306198 0.0657629 0.0431602 0.0443916 0.056743
2 0.380171 0.174741 0.0280449 0.0407338 0.0566481
5 0.221381 0.172219 0.0279955 0.0360399 0.0565871
9 0.556118 0.092241 0.0157099 0.0226919 0.0560581
0 0.143213 0.313063 0.0165391 0.0580253 0.0559262
2 0.199457 0.327926 0.0440621 0.0521745 0.0541747
2 0.572569 0.679336 0.0692515 0.051603 0.0530597
2 0.667836 0.174385 0.0415915 0.0257699 0.052767
0 0.803701 0.189969 0.0115398 0.0324479 0.0526203
0 0.0651367 0.325844 0.014624 0.0404447 0.0524437
2 0.557389 0.238375 0.0348709 0.0419189 0.0519694
2 0.572821 0.679192 0.0682678 0.0502918 0.0513892
2 0.514716 0.122755 0.0230494 0.0222873 0.0508491
0 0.329958 0.168252 0.0125119 0.0325082 0.0503756
2 0.258438 0.268439 0.0500122 0.0592979 0.0503275
2 0.400771 0.243456 0.0180022 0.0205251 0.0502838
2 0.566748 0.128466 0.0247718 0.0444518 0.0501419
2 0.100258 0.623312 0.054307 0.0496916 0.0492189
0 0.433485 0.220524 0.011319 0.0271298 0.0488485
2 0.667778 0.174835 0.0440161 0.0254821 0.0485308
0 0.0664293 0.325004 0.0139689 0.0387643 0.0484221
7 0.37865 0.864024 0.179319 0.270984 0.0482636
2 0.0399142 0.624366 0.0357981 0.0189207 0.0481559
2 0.0431222 0.701246 0.0622266 0.0489656 0.0481537
0 0.90137 0.183667 0.0122269 0.0198432 0.0477557
0 0.150345 0.293548 0.0148713 0.0408921 0.0473379
7 0.378856 0.864428 0.17995 0.270638 0.0472272
2 0.542695 0.0984314 0.022238 0.031828 0.0470743
2 0.544826 0.153152 0.0271346 0.0329814 0.0468101
0 0.148261 0.306523 0.0191557 0.062004 0.0459954
2 0.164613 0.707139 0.038701 0.0203741 0.0458222
0 0.0635914 0.326098 0.016502 0.0420004 0.0455171
2 0.22452 0.170205 0.034451 0.0370081 0.0446645
5 0.316456 0.0651695 0.0216582 0.0405936 0.0443644
0 0.291517 0.170951 0.0118999 0.0331661 0.04384
2 0.100643 0.622191 0.0549047 0.0501242 0.0436792
2 0.34472 0.302063 0.0186001 0.0292199 0.0435885
7 0.378673 0.86418 0.180318 0.270202 0.0432461
5 0.307026 0.0654643 0.0402123 0.042268 0.0429763
5 0.530067 0.0702277 0.0469328 0.0768065 0.0429018
0 0.310911 0.165907 0.0112182 0.0232798 0.0422927
2 0.456416 0.0842813 0.0166471 0.0210261 0.0418548
7 0.379778 0.865152 0.177335 0.268679 0.0417273
2 0.38161 0.182907 0.0298764 0.0253225 0.0409911
2 0.400073 0.243848 0.0179268 0.0206773 0.0409861
2 0.165008 0.707272 0.0387724 0.0208169 0.0409846
5 0.376781 0.0616981 0.0502631 0.0560586 0.0405842
2 0.227559 0.172212 0.032889 0.0330906 0.0405839
2 0.737195 0.201012 0.032769 0.0434213 0.0404162
2 0.197522 0.323974 0.0447986 0.0475478 0.0403637
