2 0.243448 0.495704 0.128521 0.127542 0.766022
2 0.244848 0.495558 0.124742 0.127378 0.755041
2 0.72581 0.490348 0.0953299 0.122273 0.754561
2 0.243933 0.49569 0.126673 0.127231 0.753972
2 0.244545 0.495617 0.126399 0.128073 0.75337
2 0.244309 0.495669 0.125288 0.127047 0.746015
2 0.567564 0.234133 0.0435017 0.046959 0.744811
2 0.123092 0.509682 0.143381 0.130968 0.741527
2 0.725996 0.490299 0.0953754 0.12223 0.741455
2 0.726044 0.490506 0.0954468 0.12152 0.737106
2 0.123886 0.51032 0.142023 0.132663 0.734534
2 0.123794 0.509966 0.14127 0.132648 0.731951
2 0.244152 0.49562 0.126214 0.127672 0.723874
2 0.12443 0.510457 0.143967 0.1327 0.722852
2 0.123627 0.509695 0.141645 0.131475 0.718607
2 0.725778 0.490453 0.0952913 0.121451 0.711015
2 0.593114 0.826933 0.171035 0.312695 0.707915
2 0.592871 0.827461 0.171357 0.313605 0.701474
2 0.124383 0.51027 0.144078 0.133107 0.696171
2 0.725745 0.489867 0.095997 0.121992 0.696144
2 0.725898 0.490212 0.095472 0.121887 0.693596
2 0.244653 0.495591 0.124826 0.126657 0.692584
2 0.725879 0.490164 0.0955111 0.121535 0.692088
2 0.123914 0.51036 0.142836 0.132736 0.692014
2 0.694374 0.366257 0.0716906 0.0806328 0.68663
2 0.694322 0.366558 0.071695 0.0795595 0.684525
2 0.244623 0.496396 0.124348 0.126579 0.67902
2 0.694063 0.36626 0.0718348 0.0804639 0.678184
2 0.123904 0.51005 0.14274 0.133899 0.673213
2 0.567031 0.233954 0.0426506 0.0471502 0.671611
2 0.725606 0.490042 0.0958479 0.122554 0.660667
2 0.725665 0.490167 0.0955442 0.12159 0.65166
2 0.815075 0.206035 0.035272 0.0377076 0.649541
2 0.12424 0.510315 0.143716 0.133009 0.643122
2 0.815104 0.208321 0.0335583 0.0351345 0.641921
2 0.567219 0.233812 0.0424583 0.0467192 0.638224
2 0.593328 0.826648 0.170964 0.312801 0.636341
2 0.5932 0.826932 0.17131 0.313621 0.634693
2 0.693707 0.366904 0.0717028 0.0805749 0.6326
2 0.566729 0.234384 0.0425882 0.0463495 0.632451
2 0.566586 0.234362 0.0419409 0.0463933 0.629357
2 0.245269 0.4956 0.124893 0.128645 0.627451
2 0.567171 0.234504 0.0422493 0.047016 0.626503
2 0.815134 0.20794 0.0334429 0.035238 0.625213
2 0.694423 0.366364 0.0717413 0.0797478 0.616298
2 0.725925 0.490404 0.0955006 0.1218 0.610236
2 0.815073 0.207398 0.0341909 0.0362703 0.606048
2 0.592755 0.82664 0.173652 0.313044 0.601958
2 0.567203 0.233981 0.0432196 0.0463348 0.601498
2 0.69453 0.366784 0.0714033 0.0796899 0.592599
2 0.566843 0.234371 0.0420289 0.0463334 0.591068
2 0.81525 0.207007 0.0340282 0.0362766 0.570119
2 0.694408 0.366293 0.0715904 0.0796724 0.565857
2 0.592893 0.82739 0.173976 0.314298 0.562707
2 0.592974 0.827357 0.172033 0.313078 0.561677
2 0.815194 0.207813 0.0339852 0.0349199 0.561475
2 0.592959 0.827131 0.171829 0.313735 0.554401
2 0.593323 0.825463 0.172559 0.312515 0.548993
2 0.818081 0.665401 0.0974213 0.166253 0.537145
2 0.818183 0.665116 0.0974426 0.16594 0.5241
2 0.918417 0.205092 0.0294168 0.0449209 0.520811
2 0.730097 0.165414 0.0297808 0.0306805 0.504756
2 0.479282 0.32705 0.0575619 0.0755863 0.502919
2 0.476347 0.327953 0.051438 0.0740547 0.498094
2 0.81486 0.205802 0.0349012 0.036839 0.496371
2 0.0871634 0.105625 0.078 0.0339711 0.488481
2 0.818147 0.665393 0.0967983 0.167006 0.487501
2 0.477002 0.326791 0.0539654 0.0749538 0.473285
2 0.53021 0.339562 0.0843645 0.108057 0.472393
2 0.530125 0.339401 0.0839002 0.108926 0.470803
2 0.73093 0.165136 0.0310234 0.0313351 0.467712
2 0.73154 0.165386 0.0300642 0.0289502 0.459741
2 0.592804 0.827245 0.171848 0.312718 0.456639
2 0.818409 0.665226 0.0969741 0.165468 0.455634
2 0.818562 0.665048 0.0965923 0.165857 0.452528
2 0.695711 0.182958 0.0340649 0.0406063 0.443712
2 0.530125 0.339879 0.0847311 0.108716 0.433586
2 0.818385 0.665384 0.0969137 0.166079 0.423204
2 0.890795 0.156176 0.0224903 0.0286767 0.422064
2 0.477621 0.326775 0.0546048 0.0759829 0.421551
2 0.0874753 0.104717 0.0776262 0.0341216 0.418216
2 0.694798 0.18369 0.030032 0.039372 0.406482
2 0.890544 0.156844 0.0222595 0.0282042 0.404216
2 0.567329 0.234208 0.0436103 0.0467344 0.400489
2 0.530265 0.339148 0.08353 0.109357 0.400206
2 0.818572 0.665023 0.0963697 0.1664 0.392154
2 0.818192 0.665391 0.0966323 0.165796 0.391576
2 0.917229 0.206475 0.0284851 0.045943 0.390639
2 0.917937 0.206603 0.029253 0.0445089 0.388118
2 0.917436 0.204987 0.0312099 0.0457847 0.38437
2 0.694059 0.367214 0.0707977 0.0802792 0.382698
2 0.730747 0.164975 0.0299829 0.0305153 0.379711
2 0.695702 0.183403 0.0323742 0.0392373 0.377108
2 0.730669 0.165408 0.0297779 0.0314119 0.373598
2 0.567738 0.233668 0.0434338 0.0466738 0.373493
2 0.759647 0.144747 0.0240807 0.0274776 0.373298
2 0.854243 0.152503 0.0262302 0.0334985 0.365418
2 0.529845 0.340167 0.0848702 0.109117 0.363974
2 0.087394 0.105162 0.0767316 0.032652 0.36035
2 0.47827 0.328679 0.0563117 0.0715073 0.359197
2 0.854099 0.153344 0.0253571 0.0324307 0.357549
2 0.530088 0.339468 0.0843016 0.108348 0.352448
2 0.24351 0.495942 0.128612 0.127191 0.351523
2 0.529863 0.339494 0.0842346 0.107644 0.346103
2 0.478942 0.327802 0.0576102 0.0714645 0.33686
2 0.918506 0.205994 0.0291048 0.0443082 0.32329
2 0.483487 0.32759 0.0670273 0.0758821 0.319193
2 0.917965 0.205535 0.0304859 0.044939 0.314915
2 0.759113 0.145402 0.0238565 0.0271629 0.314582
2 0.0875017 0.104409 0.0761855 0.0320352 0.313097
2 0.695379 0.183741 0.0315756 0.0394289 0.31156
2 0.917182 0.205709 0.0284266 0.0446468 0.307119
2 0.816267 0.206926 0.035936 0.0373677 0.307039
2 0.694565 0.183536 0.0303703 0.0397423 0.305494
2 0.0870321 0.103849 0.0746885 0.0319573 0.303646
2 0.477415 0.327167 0.0544723 0.0716185 0.297785
2 0.566665 0.234621 0.0412327 0.0478109 0.295692
2 0.81811 0.664994 0.0966697 0.166816 0.290666
5 0.792265 0.108413 0.0425382 0.0570822 0.289831
2 0.853755 0.154819 0.0257416 0.0311623 0.280012
2 0.725821 0.490004 0.0951164 0.121979 0.279985
2 0.705617 0.208778 0.0303139 0.0341511 0.272588
2 0.91893 0.206049 0.0294865 0.0454335 0.270663
5 0.530273 0.339452 0.0849829 0.107664 0.264253
2 0.124042 0.510691 0.141852 0.133146 0.258919
2 0.08582 0.10245 0.0735436 0.0315712 0.251717
2 0.941155 0.124113 0.0179615 0.0208262 0.251651
2 0.918394 0.206414 0.0281738 0.0440254 0.248931
2 0.0879969 0.104287 0.0739148 0.0310781 0.246321
5 0.792394 0.108811 0.0428934 0.0564344 0.246219
2 0.941635 0.12256 0.0185158 0.0235456 0.245659
2 0.85391 0.153181 0.0245136 0.0331575 0.240862
5 0.792433 0.108259 0.0429122 0.0581112 0.240753
5 0.792368 0.108219 0.0424698 0.0569843 0.238322
2 0.697142 0.183255 0.0357799 0.0408916 0.234215
2 0.0871181 0.10713 0.0795257 0.0379687 0.233791
2 0.854537 0.153208 0.0274517 0.0322113 0.23372
2 0.816194 0.208146 0.0353842 0.0347289 0.232497
2 0.706972 0.207479 0.0340414 0.0373393 0.231551
2 0.891859 0.155948 0.0216095 0.0303632 0.222918
2 0.918579 0.20624 0.0293411 0.0445171 0.21715
2 0.695519 0.183028 0.0319592 0.0401795 0.216415
2 0.755253 0.115935 0.0209152 0.0218555 0.212705
5 0.38368 0.0404459 0.152223 0.0673118 0.200626
5 0.791766 0.107781 0.0407963 0.0577583 0.198777
2 0.707212 0.207157 0.0351603 0.0382889 0.190161
2 0.475496 0.327864 0.0516922 0.069153 0.182296
2 0.731214 0.164651 0.0297111 0.03089 0.18056
5 0.79129 0.109505 0.0412234 0.0558624 0.175638
2 0.890757 0.155185 0.0228535 0.0313761 0.173205
7 0.383305 0.0378098 0.153709 0.068691 0.173174
2 0.47496 0.32925 0.0507114 0.0693157 0.168651
2 0.707394 0.20789 0.0329011 0.0393467 0.167732
5 0.791671 0.108138 0.041696 0.0575592 0.167572
2 0.710383 0.154828 0.0235758 0.0310096 0.166487
2 0.245229 0.49642 0.124186 0.1263 0.163182
2 0.75592 0.11553 0.0207202 0.0231134 0.162835
2 0.969625 0.134568 0.0204241 0.0271332 0.160439
2 0.694167 0.366938 0.0707896 0.0800065 0.16
2 0.759941 0.145001 0.0251451 0.0290988 0.157251
2 0.695799 0.183178 0.0328335 0.0402245 0.157027
7 0.384252 0.0392988 0.150924 0.0668728 0.156013
2 0.0875205 0.10753 0.079131 0.0372264 0.155082
2 0.854376 0.154996 0.0260536 0.0315853 0.151878
5 0.383872 0.0384631 0.152413 0.0642722 0.151535
5 0.530719 0.339714 0.0852406 0.107686 0.151324
2 0.707669 0.207205 0.0353085 0.0387866 0.146997
2 0.891102 0.156217 0.0222137 0.0294159 0.144836
5 0.383012 0.0410775 0.153596 0.0685307 0.144488
2 0.0794934 0.106794 0.0932101 0.0389391 0.139567
2 0.780524 0.149893 0.0222486 0.0288334 0.137371
7 0.383071 0.0388455 0.153776 0.0705955 0.13631
6 0.039953 0.0828869 0.0788048 0.0880832 0.136106
2 0.475376 0.326988 0.0502543 0.0709752 0.135059
2 0.854024 0.152034 0.0267708 0.0346976 0.131737
2 0.693713 0.366498 0.0717379 0.0807309 0.129389
2 0.891117 0.156789 0.0229031 0.0288043 0.128928
2 0.0116299 0.108552 0.0231146 0.0308669 0.128721
7 0.383225 0.0394263 0.152961 0.0684818 0.127949
2 0.700058 0.186413 0.0400761 0.0388247 0.123963
2 0.712375 0.152201 0.0280981 0.0294005 0.120606
2 0.919491 0.106818 0.016507 0.0191086 0.120458
2 0.090419 0.105981 0.0719708 0.0344883 0.119219
2 0.723581 0.161957 0.04554 0.033454 0.118216
2 0.918781 0.206841 0.0289843 0.0443931 0.116247
2 0.760559 0.146402 0.0265757 0.0294586 0.113623
6 0.0397872 0.0824906 0.0791653 0.0867715 0.113349
2 0.705975 0.210779 0.0297335 0.0321572 0.112233
2 0.818591 0.664127 0.0973999 0.163631 0.112164
7 0.382925 0.0368409 0.154463 0.0672202 0.109707
6 0.0397247 0.0823228 0.0792321 0.084932 0.10857
6 0.0392102 0.0793391 0.0784204 0.0797141 0.104609
2 0.816319 0.206064 0.0376932 0.038039 0.102873
2 0.711023 0.1525 0.0245234 0.0303722 0.100561
2 0.567198 0.232744 0.0427082 0.0499103 0.0991674
7 0.381489 0.0376612 0.157279 0.0706287 0.0983252
2 0.940404 0.121539 0.0228954 0.0277228 0.0928998
2 0.0118048 0.109246 0.0234905 0.0313599 0.0893764
7 0.791584 0.10781 0.0405636 0.0572275 0.0880916
2 0.481399 0.327183 0.0633245 0.0742896 0.0871584
2 0.698972 0.175897 0.0377445 0.0333581 0.0841433
2 0.730963 0.166274 0.0320227 0.0333102 0.0815576
2 0.414322 0.0513434 0.0389587 0.0220737 0.074734
2 0.970044 0.134807 0.0202896 0.026722 0.0744338
6 0.0390386 0.0825095 0.0779547 0.084665 0.0737635
0 0.536273 0.037555 0.0187544 0.0219132 0.0725138
2 0.96672 0.180298 0.0300663 0.0586904 0.0713843
6 0.0500594 0.0827406 0.0998714 0.0872659 0.0672442
7 0.387768 0.0362156 0.143806 0.0607836 0.0667992
2 0.829678 0.119801 0.0244743 0.030462 0.06669
6 0.0628818 0.0883031 0.125747 0.0955303 0.066638
2 0.0119398 0.108267 0.0237248 0.0316613 0.0643607
2 0.245426 0.4953 0.126289 0.128259 0.0633519
5 0.795443 0.107845 0.0475826 0.0533074 0.0628196
2 0.82726 0.0922765 0.0333706 0.0298363 0.062741
2 0.41563 0.0503086 0.0363682 0.0204366 0.061517
2 0.705218 0.199383 0.0370384 0.0338435 0.0610417
2 0.0842868 0.101578 0.068454 0.0308233 0.0605311
2 0.855059 0.151497 0.0281343 0.0352139 0.060314
0 0.535849 0.0366609 0.017014 0.0226929 0.058305
2 0.730281 0.166193 0.0304093 0.0319337 0.0565459
6 0.0631441 0.0869669 0.126288 0.0973548 0.0562033
2 0.711981 0.16216 0.0252101 0.0249246 0.0561214
2 0.858348 0.152949 0.0343525 0.0346997 0.0557244
2 0.33643 0.0650682 0.0423264 0.0210943 0.0545395
2 0.9656 0.19402 0.0287237 0.0330578 0.0528037
2 0.530537 0.336125 0.0854134 0.100552 0.0487051
5 0.794714 0.108202 0.0467326 0.0571773 0.0482643
5 0.530257 0.339224 0.0855804 0.107 0.0481705
2 0.782731 0.148091 0.0268915 0.030385 0.0472004
5 0.790147 0.111147 0.0382032 0.0545789 0.0464287
6 0.0394937 0.0802428 0.0789015 0.0800665 0.0463405
5 0.967079 0.178092 0.0312634 0.0611229 0.0447275
5 0.965844 0.189128 0.0297806 0.0411513 0.0443755
2 0.476711 0.339813 0.0527021 0.0502306 0.0434264
2 0.0795544 0.110211 0.0916022 0.0440549 0.0425305
2 0.566079 0.234685 0.040941 0.0471793 0.0423135
2 0.335682 0.0647275 0.0417668 0.0208287 0.0413753
6 0.0393306 0.0673894 0.0786613 0.0553253 0.0413588
2 0.857004 0.153794 0.0324749 0.0334777 0.0408341
5 0.968705 0.16462 0.0329096 0.085811 0.040566
2 0.758598 0.144467 0.029295 0.0285657 0.0405421
5 0.383792 0.03576 0.161489 0.0683799 0.0403159
2 0.797337 0.299274 0.0294106 0.0404922 0.0390429
2 0.41549 0.0499187 0.0375717 0.0210323 0.0379721
0 0.894193 0.107199 0.0163712 0.0220551 0.037853
2 0.797056 0.148068 0.0546059 0.0361843 0.0375448
6 0.241406 0.0813538 0.479501 0.143104 0.0371634
6 0.0629726 0.0835533 0.125641 0.087548 0.0370457
6 0.239259 0.0789834 0.475154 0.146696 0.0367526
5 0.96591 0.183 0.0299589 0.0520088 0.0362436
2 0.89044 0.154721 0.0242317 0.0294615 0.0360931
2 0.14771 0.0937128 0.0448944 0.0166874 0.0360283
5 0.381644 0.0349166 0.164435 0.0687922 0.0354426
7 0.966564 0.177369 0.0318783 0.0610942 0.0351518
0 0.536054 0.0368646 0.0168905 0.0217363 0.0351493
2 0.15717 0.0942092 0.0620596 0.0160374 0.0348268
2 0.796292 0.299491 0.030402 0.040706 0.034747
2 0.0832991 0.108924 0.0843514 0.043427 0.0343705
2 0.882003 0.123903 0.0201439 0.0210616 0.0336583
2 0.473182 0.342334 0.0460938 0.0453787 0.0334479
6 0.239977 0.0855502 0.478916 0.123454 0.0332741
2 0.275735 0.0742623 0.036549 0.0148429 0.0331866
2 0.0118609 0.108861 0.0235948 0.0321463 0.0324788
5 0.829753 0.123755 0.0253727 0.0359536 0.0313343
2 0.161827 0.0935776 0.0527245 0.0128947 0.0311476
5 0.408582 0.0352272 0.101069 0.0585033 0.0309263
6 0.233852 0.0795163 0.463585 0.152204 0.0298235
2 0.091914 0.104086 0.0666988 0.0312711 0.0297848
2 0.797255 0.299261 0.0294457 0.0417197 0.0286304
2 0.33461 0.0659537 0.0424253 0.0211614 0.0285377
7 0.377346 0.0362578 0.166165 0.0710322 0.0278172
5 0.98929 0.114016 0.0205515 0.190001 0.0270966
6 0.240301 0.084282 0.479307 0.127113 0.0259657
5 0.990259 0.126056 0.0189034 0.220845 0.0259433
2 0.281565 0.0743262 0.0507585 0.0154154 0.0258651
2 0.965214 0.192678 0.0282221 0.0347675 0.0258568
7 0.386549 0.0350692 0.151189 0.0642963 0.0258453
2 0.697633 0.178004 0.0364696 0.0498801 0.0255774
2 0.827558 0.0931239 0.0297417 0.0278387 0.0251813
2 0.0647435 0.106643 0.121412 0.0398339 0.0247583
2 0.75439 0.116164 0.0249659 0.0242557 0.0247469
6 0.233565 0.082886 0.462303 0.154131 0.0240759
2 0.69416 0.367163 0.0700939 0.0791475 0.0237816
2 0.275631 0.0750648 0.0449065 0.015403 0.0231336
2 0.723765 0.158183 0.0476949 0.0446111 0.0229051
0 0.536486 0.0368997 0.0182774 0.0215908 0.0229005
2 0.824815 0.0920358 0.0281801 0.0291125 0.0227788
2 0.693891 0.366841 0.0714692 0.0813243 0.0226589
2 0.965493 0.192159 0.028091 0.0369258 0.0223307
2 0.892454 0.151572 0.0237087 0.0423098 0.0222584
6 0.0587461 0.0870524 0.117492 0.0987755 0.0221258
5 0.383374 0.0402431 0.151917 0.0664725 0.021985
2 0.857382 0.155047 0.0324875 0.031617 0.0219231
2 0.514882 0.348149 0.0535722 0.0892622 0.0218076
6 0.235471 0.0761505 0.465831 0.146983 0.0212989
5 0.967674 0.177407 0.0292725 0.0656249 0.020377
7 0.75731 0.117241 0.0267372 0.0304832 0.0203406
2 0.965229 0.193868 0.0274147 0.0346224 0.0201714
2 0.940648 0.121783 0.0229929 0.0271811 0.0200545
