5 0.467898 0.558671 0.263549 0.211544 0.904231
5 0.467955 0.557893 0.263672 0.21282 0.904168
5 0.467904 0.558383 0.263433 0.211761 0.898875
5 0.468347 0.558504 0.264382 0.212207 0.886308
5 0.46789 0.558273 0.263496 0.211442 0.879732
5 0.468004 0.557867 0.26566 0.211443 0.877027
5 0.467679 0.557497 0.263901 0.21317 0.871496
5 0.467386 0.558304 0.263813 0.211839 0.862124
5 0.467651 0.55814 0.264008 0.213282 0.856932
5 0.468132 0.558404 0.264015 0.212275 0.847815
2 0.846911 0.504888 0.0705097 0.0587102 0.625947
2 0.847386 0.50439 0.0705803 0.05871 0.612455
2 0.281081 0.513669 0.101751 0.07238 0.606808
2 0.84718 0.504736 0.0706512 0.0582984 0.593615
2 0.280588 0.513709 0.100939 0.0714177 0.58918
2 0.280544 0.513867 0.101495 0.0722508 0.571421
2 0.28052 0.513783 0.101369 0.0720169 0.569734
2 0.280694 0.513473 0.10198 0.0728031 0.545085
2 0.280721 0.513729 0.100848 0.0721238 0.541914
2 0.847225 0.504431 0.0698107 0.0587419 0.532776
2 0.281045 0.513512 0.101561 0.0733502 0.532087
2 0.846865 0.504363 0.0712116 0.0576313 0.526799
2 0.280472 0.513476 0.101168 0.0730169 0.525638
2 0.847235 0.50426 0.0705967 0.0589895 0.523271
2 0.280968 0.513524 0.101764 0.0725413 0.511591
2 0.847291 0.506226 0.0697964 0.0560673 0.452167
2 0.846216 0.505017 0.0696861 0.0585531 0.443427
2 0.847017 0.506355 0.0702328 0.0549629 0.387977
2 0.987902 0.468283 0.0233994 0.0510592 0.356698
2 0.984736 0.468262 0.0298569 0.0499945 0.345048
2 0.985489 0.469533 0.0282869 0.0495712 0.2637
9 0.185633 0.442994 0.0170634 0.0293976 0.251673
2 0.989028 0.470178 0.0210962 0.0516276 0.245092
2 0.5799 0.449796 0.10612 0.10707 0.198689
2 0.580914 0.450425 0.106429 0.107328 0.191147
0 0.00882904 0.543262 0.0175161 0.0360902 0.18589
0 0.0081739 0.543941 0.0162329 0.035832 0.182443
2 0.58089 0.450395 0.106285 0.107574 0.177766
2 0.579511 0.449578 0.107003 0.10616 0.170741
2 0.98715 0.470289 0.025164 0.0502469 0.169743
2 0.986137 0.472263 0.0269772 0.044949 0.168584
0 0.346661 0.528418 0.0220445 0.0701564 0.161294
5 0.581281 0.449645 0.108447 0.106343 0.159173
0 0.63337 0.480133 0.0151562 0.0561844 0.158172
2 0.581899 0.451047 0.105966 0.108478 0.152972
0 0.63363 0.48059 0.0147478 0.0568075 0.150184
2 0.991867 0.502132 0.0155472 0.0515643 0.143728
0 0.0269068 0.544915 0.016948 0.0348946 0.141439
9 0.184545 0.442221 0.0152698 0.0288548 0.137655
7 0.582404 0.451114 0.108318 0.1109 0.133689
2 0.991076 0.480824 0.017112 0.0574511 0.131705
0 0.00761121 0.544393 0.0151539 0.0358898 0.130443
2 0.99167 0.494392 0.0158335 0.0596397 0.128606
0 0.0272751 0.545447 0.0163066 0.0349655 0.12831
9 0.184965 0.442675 0.0150923 0.0290762 0.12821
0 0.0268268 0.545561 0.0175957 0.0352523 0.126446
2 0.58122 0.450114 0.106551 0.107913 0.126117
7 0.581614 0.449322 0.110103 0.109821 0.116016
2 0.280262 0.51379 0.101006 0.0720682 0.103669
2 0.848873 0.503906 0.0679686 0.0581661 0.101558
0 0.3469 0.531897 0.0240713 0.0786225 0.091603
2 0.581505 0.450699 0.10599 0.107948 0.0912806
2 0.982617 0.471529 0.0323734 0.0425214 0.0902335
2 0.989875 0.508058 0.0196213 0.0446357 0.0873332
2 0.576914 0.420577 0.0880394 0.0501767 0.0867003
0 0.0237574 0.544944 0.0167633 0.0341709 0.0819552
2 0.346616 0.520037 0.0212672 0.0542528 0.0759174
2 0.576383 0.411084 0.086165 0.0335797 0.0755065
7 0.582225 0.450944 0.108522 0.110171 0.0751472
0 0.0259376 0.545041 0.0188233 0.0354097 0.069177
9 0.18511 0.443192 0.0170762 0.0305203 0.0687268
0 0.633572 0.478608 0.0159562 0.0568909 0.0669905
0 0.0245008 0.544245 0.0196361 0.0358242 0.066811
2 0.346714 0.518872 0.0219212 0.0549717 0.0661911
0 0.633781 0.480297 0.013489 0.0574236 0.0632951
2 0.582055 0.450551 0.107841 0.109038 0.0593854
2 0.847142 0.503706 0.0697521 0.0570479 0.0556079
2 0.57831 0.431606 0.097671 0.0676543 0.0539798
2 0.346594 0.522388 0.0210218 0.056194 0.0529859
2 0.991612 0.509797 0.0162197 0.0417776 0.0528354
0 0.34726 0.529163 0.0238471 0.072225 0.0518166
2 0.98262 0.471879 0.0335259 0.0430288 0.0509953
0 0.0105747 0.543193 0.017365 0.0355583 0.0485123
2 0.123779 0.520509 0.0496327 0.0335003 0.044176
0 0.18871 0.525841 0.0193674 0.0333966 0.0436702
0 0.634164 0.481805 0.0153317 0.0562314 0.0431477
2 0.758211 0.754523 0.0274373 0.0204657 0.0419331
2 0.12164 0.520623 0.0526556 0.033325 0.0416218
2 0.577201 0.413567 0.0883202 0.0348043 0.0414885
2 0.123241 0.519874 0.0505232 0.0342115 0.0413687
2 0.575183 0.429072 0.096964 0.0659913 0.0410796
2 0.57694 0.411923 0.0858741 0.0321017 0.0387974
2 0.582091 0.435821 0.0964526 0.0750449 0.0372597
2 0.990861 0.466467 0.0175497 0.0536226 0.0371885
2 0.12215 0.520026 0.0530988 0.0335969 0.0352908
2 0.280552 0.51273 0.0996622 0.0723024 0.0339797
2 0.989067 0.487198 0.0212975 0.0848631 0.0328659
2 0.847101 0.504479 0.0707354 0.0605338 0.0323459
2 0.120903 0.520294 0.0520129 0.0318445 0.0320811
0 0.346909 0.522226 0.022961 0.0576502 0.0310464
2 0.579791 0.448551 0.107834 0.103217 0.0303881
2 0.346701 0.519606 0.0227508 0.0562277 0.0280193
2 0.846306 0.504912 0.0724018 0.0578409 0.0272695
0 0.0266844 0.545318 0.0252698 0.0385773 0.0266697
0 0.188586 0.525854 0.0195854 0.0340731 0.0257653
2 0.346999 0.518353 0.0227938 0.0557942 0.0254492
0 0.188517 0.525521 0.0213207 0.036351 0.0252125
2 0.578571 0.412022 0.0870412 0.0296144 0.0246068
0 0.616732 0.464919 0.0194914 0.07738 0.0237164
0 0.969385 0.438271 0.00864697 0.0242945 0.0233657
2 0.347056 0.502035 0.0194408 0.0232616 0.0221855
2 0.277416 0.512956 0.107451 0.073334 0.0214306
0 0.815387 0.443817 0.0120392 0.0307755 0.0207099
0 0.0110146 0.546131 0.0200838 0.0424843 0.0204381
2 0.986212 0.509556 0.0268242 0.0450144 0.0201761
11 0.185929 0.442892 0.0174827 0.0291224 0.0196864
2 0.123073 0.519179 0.051999 0.0364317 0.0194364
2 0.846806 0.487094 0.0420223 0.0258703 0.0193345
2 0.987178 0.511449 0.0242657 0.0424716 0.0193057
2 0.346152 0.522364 0.0266015 0.0646829 0.0192858
2 0.985817 0.489297 0.0278774 0.0801727 0.0192554
2 0.345491 0.52707 0.0236984 0.0595438 0.0187796
0 0.812616 0.443787 0.0149324 0.0326305 0.0186234
9 0.185899 0.442745 0.0180446 0.0294804 0.0182248
0 0.815811 0.442684 0.0132366 0.032449 0.0182241
2 0.60182 0.444896 0.0597462 0.0922216 0.0179936
0 0.602409 0.474255 0.0173777 0.0586159 0.0179316
0 0.347836 0.533658 0.0256465 0.083725 0.0178549
0 0.601606 0.483018 0.0172897 0.0427918 0.0177229
0 0.617855 0.466085 0.0220041 0.075703 0.017551
2 0.121493 0.518298 0.0561078 0.0374539 0.0174366
9 0.161924 0.389434 0.011324 0.020329 0.0169164
2 0.597769 0.413135 0.0392387 0.0297512 0.0168454
0 0.855259 0.446104 0.0124199 0.0491352 0.016593
0 0.814023 0.444065 0.015589 0.0328472 0.0158015
2 0.982694 0.510698 0.0345724 0.042901 0.0156195
0 0.81507 0.443994 0.0144073 0.0325064 0.0155008
0 0.187323 0.524555 0.0164842 0.0382425 0.0154835
2 0.837194 0.51516 0.0507416 0.0384141 0.015291
2 0.277783 0.513368 0.105006 0.0722176 0.0152595
0 0.548038 0.603865 0.0179501 0.0553421 0.0141582
2 0.121248 0.521923 0.0551895 0.0415451 0.0139155
9 0.159958 0.389155 0.0106247 0.0221439 0.013805
2 0.105568 0.519123 0.0225275 0.03045 0.0133353
0 0.18738 0.526487 0.0208586 0.0353959 0.0132227
2 0.862917 0.692379 0.0183136 0.0169788 0.0130785
2 0.759522 0.756951 0.0290606 0.0243002 0.0130726
0 0.969772 0.433915 0.00969162 0.0314386 0.012696
2 0.607349 0.448981 0.0505339 0.0996211 0.0126653
0 0.187761 0.525466 0.0190804 0.0374304 0.01259
0 0.99174 0.515218 0.0158197 0.0373146 0.0123401
2 0.348695 0.516544 0.0247484 0.0583651 0.0121736
2 0.15807 0.523263 0.0628659 0.0420992 0.0119695
0 0.59273 0.499033 0.0198757 0.0659981 0.0117595
9 0.810968 0.11931 0.0461563 0.0521304 0.0116308
0 0.813848 0.438784 0.0184525 0.0418173 0.0113264
2 0.982631 0.511506 0.0336653 0.042729 0.0112311
2 0.133259 0.521269 0.0379014 0.0359852 0.011218
0 0.85108 0.446437 0.0194588 0.0542577 0.010992
2 0.121259 0.519257 0.0557608 0.041735 0.0107528
2 0.160148 0.523552 0.0596948 0.0416685 0.0107379
0 0.0287072 0.546386 0.022562 0.0398253 0.0103649
2 0.334711 0.503937 0.0332063 0.0344097 0.0103287
2 0.985962 0.466637 0.0269512 0.0548813 0.0100447
0 0.617971 0.464727 0.0243702 0.074556 0.00972813
0 0.594476 0.492758 0.0203091 0.0573053 0.00957681
9 0.186178 0.443878 0.0184432 0.031385 0.00951517
5 0.584344 0.450447 0.113762 0.112269 0.0094425
2 0.586829 0.451982 0.11502 0.112903 0.00932115
9 0.371296 0.432354 0.00936756 0.0251677 0.00928132
2 0.0981452 0.517534 0.0252113 0.0267006 0.00896282
2 0.0821869 0.517557 0.0389123 0.0204737 0.00887003
9 0.810798 0.115362 0.0439606 0.0427287 0.00885433
2 0.852208 0.488408 0.0539623 0.0289098 0.00884604
2 0.579219 0.410255 0.088113 0.0321774 0.00859367
2 0.990858 0.707085 0.017378 0.0167423 0.00835893
2 0.105559 0.516422 0.0249663 0.032692 0.00817094
2 0.14649 0.51962 0.0798733 0.0412292 0.00813513
9 0.185072 0.446562 0.0190342 0.0365843 0.00811379
2 0.134847 0.521398 0.0388063 0.0353426 0.00802157
2 0.43825 0.471055 0.0476132 0.0162504 0.00793162
0 0.503747 0.514693 0.0218817 0.0258821 0.00779454
14 0.083794 0.581916 0.0202265 0.0190978 0.00769154
2 0.607783 0.426571 0.0477512 0.0557556 0.00757127
0 0.630341 0.467857 0.0229879 0.0790611 0.00756781
2 0.982659 0.46861 0.0332748 0.0455704 0.00751028
5 0.440079 0.50069 0.198959 0.0922853 0.00740803
2 0.862859 0.691756 0.0187534 0.0175018 0.00739872
0 0.595508 0.491667 0.0199105 0.0558704 0.00734111
2 0.853551 0.493919 0.0572172 0.0401722 0.00733298
0 0.345172 0.535897 0.0226844 0.0763484 0.00732308
2 0.420756 0.471639 0.0248224 0.013851 0.00723833
7 0.0183753 0.532252 0.0363777 0.06128 0.00712138
9 0.315489 0.0956014 0.0281146 0.0555882 0.00700165
0 0.985635 0.51375 0.0263645 0.0409372 0.00698487
2 0.0196616 0.532952 0.0390161 0.0585093 0.00697141
0 0.548374 0.602805 0.0176514 0.0556692 0.00689735
2 0.0832622 0.580451 0.025184 0.0216127 0.00677601
2 0.59668 0.448266 0.0273477 0.0438855 0.00667629
5 0.467776 0.498007 0.24169 0.0890764 0.00667514
2 0.337301 0.508452 0.0224458 0.0255562 0.00659929
9 0.810206 0.120219 0.0480421 0.0560589 0.00659426
2 0.091022 0.512235 0.0406088 0.0352896 0.00655036
0 0.63536 0.47949 0.0189411 0.0599431 0.00650802
9 0.811219 0.115644 0.0435146 0.0439545 0.00649066
0 0.547712 0.604763 0.0189459 0.0564228 0.00643898
2 0.449746 0.470554 0.054324 0.0174717 0.00642632
0 0.812823 0.444319 0.0157711 0.0332304 0.00641797
0 0.596979 0.487069 0.0206303 0.0538542 0.00635675
2 0.851552 0.50193 0.0617659 0.0550587 0.00633963
0 0.605021 0.458296 0.0228099 0.0597986 0.00632502
2 0.132993 0.519727 0.0785774 0.0433938 0.00625081
2 0.0191778 0.533359 0.0383557 0.0579754 0.00621614
2 0.582294 0.413254 0.0731493 0.0303377 0.00605187
5 0.497306 0.452164 0.271732 0.10192 0.00603229
2 0.602886 0.413572 0.0353498 0.0297198 0.00601821
9 0.812055 0.116625 0.0464524 0.0465254 0.00594581
0 0.635535 0.478448 0.0191752 0.0599356 0.0058678
0 0.834518 0.444399 0.0127165 0.0464454 0.00570608
2 0.846432 0.512916 0.0676834 0.0433651 0.0056989
2 0.431039 0.956657 0.0282805 0.0214466 0.00567697
2 0.714027 0.777006 0.0213987 0.0209152 0.00563918
0 0.855145 0.439034 0.01185 0.0356181 0.00563845
2 0.084799 0.508895 0.0526524 0.0378634 0.00561107
0 0.598562 0.475162 0.023041 0.0652275 0.00559563
2 0.290947 0.489333 0.0644911 0.0261173 0.00554232
2 0.607203 0.449901 0.0464965 0.080613 0.00549541
5 0.451349 0.470885 0.157586 0.0332953 0.00530627
2 0.0730661 0.51202 0.0257623 0.0229929 0.00519374
9 0.315579 0.0958048 0.0284171 0.0559368 0.00518356
9 0.812361 0.115959 0.0452958 0.0462558 0.00512357
0 0.315515 0.49303 0.0214433 0.0207836 0.00510225
2 0.982255 0.491926 0.0354903 0.0808731 0.00506019
2 0.0192459 0.532837 0.0381061 0.0581407 0.00505354
0 0.376216 0.563854 0.0214447 0.0440827 0.00499971
5 0.437416 0.515497 0.195816 0.121981 0.0049599
2 0.666278 0.806606 0.0196867 0.0188285 0.00495474
7 0.665468 0.303715 0.125596 0.131732 0.00491951
2 0.0920598 0.520916 0.040854 0.0316284 0.00482992
9 0.371441 0.432868 0.01078 0.0276339 0.00477901
0 0.83447 0.440783 0.0129004 0.0387952 0.00472131
9 0.811752 0.123727 0.0463356 0.0585875 0.00464345
9 0.161217 0.388506 0.0130423 0.0239471 0.00462457
2 0.0178373 0.511405 0.0352164 0.0176974 0.00462399
2 0.579848 0.446738 0.0884586 0.0442731 0.00461817
2 0.0450968 0.50443 0.0206627 0.0232775 0.00458757
2 0.127656 0.521581 0.0678548 0.0422167 0.00454589
2 0.875108 0.688182 0.0446758 0.0260468 0.0045236
0 0.635818 0.480484 0.0184187 0.0607256 0.00447855
2 0.171621 0.524748 0.040818 0.0382683 0.00442773
5 0.464323 0.522682 0.255633 0.137292 0.00441775
9 0.811396 0.114765 0.0439808 0.043746 0.0044057
0 0.497364 0.516347 0.0183977 0.0269085 0.00439659
0 0.190381 0.52354 0.023719 0.0391393 0.00433974
2 0.601471 0.413522 0.0344454 0.0304246 0.00426825
5 0.448831 0.475806 0.16403 0.0415257 0.00422961
2 0.407201 0.51 0.139648 0.072142 0.00418395
9 0.315553 0.0956311 0.0281233 0.0564313 0.00416149
0 0.00556729 0.551231 0.0110129 0.050457 0.00414481
2 0.0110046 0.719537 0.0217517 0.0166508 0.00409893
0 0.593159 0.520186 0.0186556 0.107851 0.00409206
2 0.487097 0.462647 0.0912964 0.0200348 0.0040764
2 0.563303 0.437204 0.058663 0.04236 0.00404734
9 0.163272 0.388977 0.0153507 0.0245133 0.00401376
0 0.593379 0.525511 0.0148699 0.101659 0.00401001
0 0.616465 0.461556 0.0283787 0.0718576 0.00399804
2 0.602148 0.485036 0.016205 0.0397415 0.00398655
2 0.407067 0.511102 0.143279 0.0722256 0.00394551
0 0.81685 0.442516 0.0181339 0.0527825 0.00392475
2 0.0523473 0.504903 0.0226197 0.028112 0.00388512
9 0.31535 0.0954545 0.0279691 0.0569186 0.00386732
9 0.810475 0.0795118 0.0556604 0.156237 0.00382516
7 0.280815 0.512881 0.100254 0.0722408 0.00377298
0 0.84772 0.448401 0.0238632 0.0528099 0.00376788
2 0.0749064 0.507903 0.064165 0.0417706 0.00368249
0 0.844628 0.446494 0.0282185 0.0535675 0.00367414
2 0.14348 0.520027 0.0980622 0.04508 0.00367378
2 0.477243 0.468224 0.127803 0.0277412 0.00366064
9 0.811342 0.115776 0.043874 0.0439176 0.00366005
0 0.516029 0.555973 0.0189806 0.0201326 0.00364263
2 0.500608 0.909643 0.0258391 0.0224808 0.00364233
2 0.473233 0.469217 0.111221 0.0236509 0.00362758
2 0.289491 0.488426 0.0640781 0.0245899 0.00362021
2 0.148812 0.522897 0.0890725 0.0429694 0.00361911
5 0.446202 0.522268 0.217568 0.135052 0.00360878
2 0.0877714 0.512531 0.0778196 0.0484143 0.0035493
0 0.457258 0.568622 0.0115151 0.0190001 0.00354905
9 0.315696 0.0956618 0.0277497 0.056085 0.00352015
2 0.761003 0.758349 0.0328198 0.0270734 0.00347799
2 0.986539 0.459752 0.0264408 0.0725037 0.00347747
0 0.186742 0.527709 0.0218783 0.0360052 0.00342892
0 0.622176 0.475319 0.0248599 0.0595226 0.00342827
9 0.314974 0.095039 0.027395 0.0562011 0.00341314
2 0.0210679 0.532202 0.0398681 0.0657782 0.00339276
2 0.711821 0.776353 0.0259172 0.0215916 0.00337515
2 0.288367 0.48699 0.0617414 0.0219015 0.00337455
9 0.314782 0.0953942 0.0268706 0.0570378 0.00333835
2 0.847102 0.48662 0.0395605 0.0246976 0.00331514
9 0.421628 0.441024 0.0150194 0.0229158 0.00329504
0 0.518527 0.513362 0.0224283 0.0253698 0.00328713
