5 0.382307 0.289127 0.362508 0.122928 0.910291
5 0.382159 0.289243 0.361581 0.122935 0.901148
5 0.38191 0.289209 0.361132 0.124096 0.874486
5 0.382327 0.289474 0.361699 0.124147 0.87149
5 0.382644 0.289293 0.361038 0.123835 0.870232
5 0.382253 0.289553 0.360537 0.123829 0.830267
5 0.382047 0.289378 0.361011 0.123611 0.788876
2 0.602487 0.285158 0.0792463 0.0508795 0.78338
0 0.063676 0.609832 0.0371821 0.132543 0.764202
5 0.381966 0.289376 0.361286 0.123461 0.748971
2 0.602427 0.285329 0.0793324 0.0511849 0.712863
0 0.0642183 0.612177 0.0383019 0.12523 0.706621
2 0.100608 0.304386 0.0761192 0.0501016 0.695794
0 0.0644011 0.608254 0.0375752 0.13158 0.695283
2 0.602503 0.284877 0.0794706 0.0513759 0.695088
0 0.0639672 0.61045 0.0367609 0.132536 0.692289
0 0.064284 0.60847 0.038058 0.131945 0.69072
0 0.0639703 0.61195 0.0387491 0.126365 0.678928
0 0.367598 0.6226 0.0319264 0.119199 0.674528
0 0.367663 0.623003 0.0314421 0.11998 0.671075
2 0.602403 0.284763 0.0793426 0.0491933 0.666328
0 0.0641511 0.608291 0.0377922 0.131222 0.658691
0 0.0638429 0.60852 0.0389354 0.131873 0.654182
0 0.119458 0.612012 0.0373078 0.128833 0.653056
0 0.367743 0.621754 0.0318052 0.1173 0.645798
0 0.119618 0.611811 0.0368022 0.129068 0.641776
2 0.602593 0.285436 0.0796568 0.051628 0.63655
0 0.119374 0.611443 0.0353162 0.128642 0.632959
2 0.602043 0.285217 0.0795712 0.0509941 0.632458
2 0.0999526 0.304558 0.0755289 0.0499389 0.622648
0 0.119367 0.61105 0.0374078 0.127959 0.622338
0 0.367663 0.623281 0.0311604 0.120958 0.621304
2 0.60248 0.285258 0.0792509 0.0509878 0.620528
0 0.0645658 0.60808 0.0374319 0.131049 0.619988
2 0.602447 0.285652 0.0792744 0.0508513 0.619544
2 0.102248 0.303567 0.0820649 0.0507745 0.610581
0 0.367234 0.621952 0.0310127 0.120315 0.586335
0 0.119037 0.612073 0.0350981 0.128102 0.577856
2 0.10235 0.303933 0.0805018 0.0508259 0.570711
2 0.602152 0.285124 0.080211 0.050433 0.570617
2 0.100921 0.304413 0.0762182 0.0503927 0.568722
2 0.102139 0.304774 0.0787102 0.0515718 0.564739
2 0.602357 0.285097 0.0787619 0.0489028 0.564221
2 0.10191 0.304355 0.0784289 0.0504052 0.563794
0 0.151748 0.617202 0.0293341 0.107297 0.561668
2 0.102504 0.303685 0.0816487 0.050854 0.561274
0 0.151714 0.616581 0.0285175 0.105418 0.537496
2 0.103182 0.304169 0.0815651 0.051977 0.536001
2 0.0164815 0.30114 0.0326113 0.0475315 0.528198
0 0.151807 0.616907 0.0286484 0.107618 0.522486
2 0.0162429 0.300577 0.0323519 0.0467828 0.519775
0 0.151911 0.617347 0.0307346 0.107154 0.515297
0 0.230414 0.637687 0.0284391 0.0908897 0.508876
0 0.151418 0.616587 0.0286577 0.105286 0.508828
0 0.230148 0.635891 0.0312991 0.0904081 0.503446
0 0.151287 0.61761 0.0291118 0.105183 0.499027
0 0.230396 0.636218 0.0311441 0.0912761 0.483849
0 0.893965 0.278371 0.0480028 0.0792911 0.473339
0 0.118966 0.614291 0.031955 0.120166 0.468973
0 0.11917 0.611577 0.0329277 0.124355 0.468242
5 0.383995 0.289065 0.356694 0.124493 0.466834
0 0.119337 0.614891 0.0337564 0.121413 0.466107
2 0.0165957 0.301025 0.0331536 0.0474397 0.459766
0 0.230286 0.636514 0.0278379 0.0892756 0.453425
0 0.367326 0.622888 0.0321177 0.118187 0.452086
0 0.150676 0.616301 0.0292961 0.105924 0.448873
0 0.367235 0.622201 0.0318674 0.122413 0.437885
0 0.770189 0.258158 0.0154983 0.0489763 0.437822
2 0.102054 0.303692 0.0787374 0.0512753 0.431967
0 0.152066 0.61694 0.0285152 0.106662 0.403234
0 0.893806 0.277834 0.0487017 0.0790566 0.401705
2 0.0164175 0.30081 0.0326817 0.0475101 0.393237
0 0.230085 0.636322 0.0277696 0.0881723 0.383881
0 0.894122 0.276486 0.0475605 0.0803252 0.383357
0 0.367557 0.622566 0.0313141 0.116249 0.377693
0 0.770129 0.258908 0.0169193 0.0492502 0.369967
0 0.229847 0.635298 0.0285133 0.0896919 0.361111
0 0.367501 0.629476 0.0314461 0.134995 0.358164
0 0.152087 0.619663 0.026694 0.100609 0.357189
0 0.230224 0.635181 0.0287511 0.0878033 0.344501
0 0.893495 0.275916 0.0478134 0.0810864 0.338968
0 0.892911 0.275224 0.0491835 0.0824713 0.335686
2 0.0167954 0.301273 0.0334566 0.0467368 0.329642
0 0.119462 0.614019 0.0345034 0.124036 0.326204
0 0.893307 0.276787 0.0481529 0.079782 0.322546
0 0.771336 0.25892 0.0207674 0.0494777 0.318462
0 0.230389 0.640097 0.028035 0.0962441 0.308538
2 0.0497691 0.34896 0.0844088 0.0579679 0.306913
0 0.151993 0.616823 0.0288808 0.106547 0.305621
2 0.0170992 0.299968 0.0339986 0.0462981 0.300402
0 0.118541 0.612367 0.0315243 0.12382 0.277689
2 0.0167638 0.300249 0.0335277 0.0465277 0.271676
2 0.0168113 0.30114 0.0335373 0.0475486 0.271134
2 0.0478694 0.349852 0.0843757 0.0570488 0.259434
0 0.893708 0.276625 0.0476803 0.0781756 0.259236
0 0.892869 0.275 0.0488422 0.0851616 0.255379
2 0.016011 0.301442 0.03191 0.0472181 0.229219
2 0.0483876 0.350613 0.0813724 0.0575505 0.227227
0 0.745241 0.264385 0.0177643 0.0470808 0.223212
2 0.760385 0.20213 0.026575 0.0412954 0.217347
2 0.761352 0.19978 0.0250894 0.0437459 0.214327
2 0.0499208 0.34857 0.0967909 0.0549153 0.213123
2 0.0551482 0.349784 0.0990151 0.0582664 0.204997
2 0.971262 0.308942 0.0565651 0.0522248 0.204896
2 0.0556948 0.348724 0.0968005 0.0580521 0.201486
2 0.971294 0.30902 0.0565937 0.0514069 0.200693
2 0.0505241 0.348774 0.0962887 0.0560076 0.197672
2 0.100126 0.304235 0.0754074 0.0506064 0.189505
2 0.760893 0.19962 0.024763 0.045404 0.189173
0 0.745805 0.265827 0.0195771 0.0470968 0.186091
0 0.746444 0.265124 0.0178793 0.046044 0.185807
2 0.016718 0.300268 0.033436 0.0460243 0.183088
0 0.367487 0.623217 0.0290498 0.123415 0.182125
0 0.231109 0.647118 0.02838 0.100731 0.178578
2 0.0490171 0.347625 0.0797645 0.0550787 0.178134
0 0.0627944 0.607686 0.0352661 0.129307 0.176421
0 0.893663 0.279303 0.0502729 0.0784252 0.176311
2 0.971212 0.309526 0.0561823 0.052595 0.170269
2 0.0489871 0.364295 0.0971328 0.0868095 0.169084
0 0.229246 0.635924 0.0244337 0.0858133 0.165762
0 0.773847 0.259531 0.027465 0.0498117 0.163111
0 0.893769 0.275565 0.0462235 0.0776879 0.1591
0 0.774583 0.259168 0.0281357 0.04869 0.158663
0 0.151697 0.617077 0.0290406 0.105351 0.158369
0 0.889578 0.277339 0.046344 0.080194 0.156366
2 0.0501202 0.359089 0.0979408 0.0773516 0.155052
2 0.0170149 0.300431 0.0338423 0.0486056 0.1514
2 0.760758 0.199455 0.0258983 0.0455464 0.14803
0 0.0645515 0.609465 0.0389928 0.131654 0.144979
2 0.760733 0.200112 0.0258717 0.0446368 0.142697
2 0.970663 0.309095 0.0556004 0.0511229 0.141224
5 0.493294 0.287143 0.137066 0.115955 0.140825
2 0.0457726 0.35189 0.0833808 0.0581789 0.140198
5 0.383109 0.288682 0.359616 0.124154 0.139817
2 0.970755 0.309568 0.056691 0.0513935 0.138756
2 0.0488969 0.367711 0.0973093 0.093971 0.136
0 0.752802 0.264751 0.0162616 0.0393542 0.135198
2 0.76097 0.199685 0.0266512 0.0452742 0.134426
2 0.761197 0.199299 0.0261307 0.0451439 0.131537
0 0.746143 0.263214 0.0168678 0.0475454 0.131455
2 0.0537388 0.359848 0.104351 0.0783435 0.130569
0 0.150399 0.617996 0.0278113 0.100566 0.12754
2 0.0451487 0.363831 0.0863361 0.0796395 0.12552
2 0.602589 0.285354 0.0793597 0.0496493 0.123773
2 0.0447874 0.367342 0.0881585 0.0852589 0.122091
2 0.1012 0.30558 0.0781461 0.0493327 0.121474
2 0.971341 0.30986 0.0567204 0.0529273 0.119088
0 0.767475 0.260506 0.020779 0.0494155 0.116773
0 0.230895 0.650138 0.0322967 0.119182 0.115231
2 0.0472118 0.368534 0.0941024 0.0926885 0.112617
2 0.889984 0.223511 0.0699211 0.0509299 0.11082
2 0.833135 0.216489 0.0429848 0.0248958 0.10876
2 0.970685 0.308713 0.056509 0.0535609 0.106399
5 0.493114 0.287375 0.138146 0.116174 0.103987
0 0.755221 0.26439 0.0173956 0.0416173 0.102827
0 0.11769 0.610217 0.0311457 0.120705 0.101997
0 0.77479 0.259774 0.0276563 0.0474581 0.101735
0 0.151954 0.615167 0.0287716 0.102005 0.10072
2 0.761187 0.199041 0.0248932 0.0459503 0.0988261
2 0.967359 0.308824 0.0491146 0.0496619 0.0972378
0 0.89456 0.276574 0.0458099 0.0767879 0.0966
2 0.0449995 0.367256 0.0878581 0.0831239 0.0962876
2 0.969699 0.308838 0.0541191 0.0514295 0.095077
2 0.970007 0.308855 0.0544365 0.0500964 0.0942346
0 0.774148 0.258488 0.0262536 0.0500929 0.0905832
2 0.00987407 0.30928 0.019747 0.0328793 0.090333
0 0.00623559 0.636497 0.0123673 0.0865423 0.088218
2 0.826514 0.216758 0.05553 0.0249917 0.0836496
2 0.890627 0.205889 0.0606211 0.0207891 0.0813942
2 0.760296 0.200059 0.0268951 0.0452563 0.0811576
2 0.82954 0.216208 0.050115 0.0248866 0.0785713
0 0.75207 0.261174 0.0194937 0.0480227 0.0782263
2 0.0494384 0.367129 0.0973903 0.0932957 0.0780932
0 0.508287 0.277432 0.0217519 0.0424359 0.0774415
2 0.905333 0.203577 0.0276798 0.01649 0.0763056
0 0.00631115 0.633861 0.0125612 0.0804367 0.0758735
0 0.508582 0.276531 0.0219866 0.0435845 0.0740922
13 0.885308 0.328395 0.109902 0.040282 0.071685
0 0.367484 0.618441 0.0315146 0.1094 0.0707746
0 0.00917092 0.681837 0.0181886 0.180613 0.0694049
2 0.890777 0.221364 0.0691769 0.0462142 0.0689941
13 0.887843 0.333592 0.115298 0.0556719 0.0679662
0 0.732268 0.266859 0.0188367 0.0394526 0.0679646
0 0.894237 0.277791 0.0462851 0.0757943 0.0673104
0 0.509067 0.278085 0.0223165 0.0437741 0.0672126
0 0.872247 0.228631 0.0322838 0.0450424 0.0666521
0 0.732194 0.263151 0.0190351 0.0441591 0.0658783
2 0.178115 0.292758 0.0367872 0.0454288 0.0654496
2 0.890142 0.223789 0.0661983 0.0500415 0.0652642
0 0.752436 0.264032 0.0222635 0.0447582 0.0645821
0 0.738747 0.265931 0.01728 0.0477313 0.0642909
0 0.228288 0.633161 0.027102 0.0885965 0.0638739
13 0.888105 0.327918 0.117438 0.0368475 0.0627147
0 0.770146 0.255793 0.0164991 0.0546689 0.0624835
2 0.846506 0.218772 0.0162537 0.0204495 0.0621698
0 0.88274 0.262663 0.0674187 0.108429 0.0615594
2 0.0441764 0.365398 0.0872036 0.0823108 0.0610637
9 0.718192 0.198498 0.0132906 0.0277741 0.0605432
0 0.0125127 0.679296 0.0250253 0.181507 0.0603476
2 0.0534105 0.351008 0.101162 0.0617478 0.0595531
0 0.732914 0.267223 0.020752 0.041949 0.0587452
2 0.989702 0.311878 0.0199451 0.046593 0.0585359
11 0.433994 0.571183 0.0154329 0.0489864 0.0584421
0 0.0134848 0.679739 0.0269696 0.183786 0.0581686
2 0.968969 0.308467 0.0511841 0.0506612 0.0578776
13 0.887921 0.332367 0.115494 0.0509952 0.0571747
0 0.231636 0.663139 0.036067 0.147682 0.0571747
2 0.889569 0.226381 0.0723942 0.0489131 0.0567995
5 0.492918 0.286706 0.134641 0.114618 0.0563657
2 0.602032 0.285245 0.0802991 0.0507146 0.0562696
0 0.878456 0.234897 0.0184452 0.033748 0.0557023
2 0.761537 0.199152 0.0248407 0.0472379 0.0550195
0 0.893899 0.279713 0.0500889 0.0775127 0.0548486
0 0.17599 0.291215 0.0308659 0.0460921 0.0540369
2 0.988796 0.303314 0.0218876 0.0610239 0.0530153
0 0.195804 0.298748 0.0117059 0.0372291 0.0524161
5 0.297775 0.295988 0.194206 0.110188 0.0523998
0 0.873144 0.2309 0.0276157 0.0398786 0.0518414
0 0.302966 0.292289 0.0182194 0.0330099 0.0516699
0 0.19528 0.291429 0.013941 0.0475589 0.0510261
2 0.825847 0.21446 0.0538227 0.0287671 0.0509999
13 0.888018 0.343619 0.118797 0.0723493 0.0505407
0 0.734395 0.251735 0.0133523 0.0259389 0.0499973
0 0.177362 0.291159 0.0327943 0.0469692 0.0499923
2 0.832647 0.215045 0.0434818 0.0273127 0.0495542
0 0.739309 0.268009 0.0167426 0.0485889 0.049092
13 0.887984 0.342764 0.117057 0.0710534 0.047567
2 0.178499 0.291867 0.0372988 0.0477141 0.0466089
0 0.874604 0.226844 0.041695 0.0441479 0.0465352
0 0.154144 0.625085 0.0219052 0.0893229 0.0464461
5 0.38017 0.289005 0.357988 0.122958 0.0454408
0 0.00713476 0.25807 0.0140007 0.0330529 0.0451429
0 0.872391 0.229143 0.03214 0.0442697 0.0445235
0 0.366705 0.631046 0.0319167 0.138297 0.0443654
2 0.565426 0.982484 0.23209 0.0344801 0.0440458
2 0.882838 0.225929 0.0530336 0.050155 0.0435302
0 0.0140055 0.679546 0.028011 0.183182 0.0431615
0 0.212584 0.293484 0.0176551 0.0479321 0.0427756
0 0.0529543 0.255514 0.0117684 0.03306 0.0427158
0 0.0645387 0.609994 0.0388884 0.128968 0.0422544
0 0.00628286 0.634501 0.012503 0.0843181 0.0420052
2 0.568054 0.982999 0.208623 0.0334057 0.0418239
2 0.104235 0.303639 0.0856436 0.0505021 0.0412391
13 0.883735 0.340901 0.106934 0.0636229 0.0408743
0 0.367533 0.620634 0.0328017 0.121387 0.0402185
2 0.0445073 0.369121 0.0870021 0.0839069 0.0400928
2 0.829018 0.214688 0.047575 0.029006 0.0400232
2 0.59997 0.981383 0.312403 0.0366077 0.0399663
0 0.0529437 0.254615 0.0108939 0.0347749 0.0392495
0 0.00813451 0.675621 0.0162191 0.244638 0.03922
0 0.0456772 0.255931 0.0113436 0.0342729 0.0391626
0 0.510941 0.278858 0.0294987 0.0467031 0.0388664
0 0.215801 0.286606 0.0154007 0.0360551 0.0379632
5 0.494324 0.287838 0.136882 0.116896 0.0378643
2 0.587218 0.98306 0.180645 0.0332428 0.0376343
9 0.311701 0.0130481 0.0157241 0.0260962 0.0376181
9 0.310399 0.0144415 0.0161115 0.028883 0.0372826
0 0.29916 0.292057 0.0219565 0.0327168 0.0372245
0 0.176436 0.292415 0.0322577 0.044873 0.0372033
9 0.313068 0.0132889 0.0167349 0.0265778 0.0371752
0 0.0129148 0.677871 0.0258202 0.186882 0.0369133
0 0.0471063 0.256143 0.013297 0.0332058 0.0367241
0 0.211608 0.296638 0.0183362 0.0462678 0.0352286
5 0.492443 0.28711 0.135661 0.115828 0.0343529
2 0.603384 0.982134 0.30799 0.0351658 0.0341308
0 0.00862805 0.677335 0.0172561 0.211602 0.0336521
2 0.89306 0.224045 0.0729185 0.0516145 0.0336319
2 0.054932 0.348371 0.100233 0.0587789 0.0330617
3 0.602157 0.981763 0.309035 0.0358997 0.0328854
2 0.559633 0.981773 0.228355 0.0359676 0.0322667
0 0.195065 0.293096 0.0134611 0.0476474 0.0321439
2 0.872331 0.227107 0.0319988 0.0479581 0.0314467
0 0.0627279 0.604797 0.0346302 0.114783 0.031418
13 0.889322 0.331516 0.119576 0.054151 0.0313114
0 0.11926 0.613626 0.034324 0.125026 0.0310984
9 0.719257 0.200658 0.0143442 0.0286504 0.0307614
2 0.0527012 0.367975 0.104464 0.0947931 0.0305711
0 0.00673442 0.252626 0.0124302 0.025352 0.0304181
0 0.233542 0.664286 0.0416245 0.146309 0.0294966
0 0.051837 0.255704 0.0148804 0.0339199 0.029416
9 0.311089 0.014541 0.0167839 0.0289855 0.029364
0 0.874816 0.298762 0.0307686 0.0392906 0.0293329
5 0.298268 0.295636 0.194434 0.112088 0.0293189
5 0.493684 0.286877 0.135338 0.11501 0.029304
0 0.766579 0.260416 0.0237928 0.0534694 0.0290053
0 0.330525 0.293458 0.0164812 0.0285519 0.0287091
2 0.0488467 0.351501 0.097532 0.116872 0.0286417
0 0.177901 0.291988 0.0339007 0.0466383 0.0286375
13 0.88778 0.344992 0.114127 0.0703923 0.0284127
5 0.379827 0.289411 0.35837 0.122415 0.0282575
2 0.0511032 0.339625 0.0844216 0.0420833 0.0282574
2 0.0503602 0.34033 0.078925 0.0418132 0.0280253
0 0.329775 0.293057 0.0197296 0.0303958 0.0280118
2 0.889043 0.222546 0.0676399 0.043253 0.0279393
5 0.161087 0.112489 0.123987 0.156403 0.0277946
0 0.50681 0.261158 0.0179827 0.0163809 0.0275847
0 0.302768 0.291642 0.0181325 0.0340636 0.0275645
0 0.00651542 0.683844 0.0130308 0.177817 0.0269459
0 0.0059731 0.635331 0.0118226 0.0839798 0.0268133
2 0.620794 0.982885 0.273834 0.0336271 0.0268133
