2 0.693669 0.325237 0.0859311 0.0506637 0.844934
2 0.693671 0.325689 0.086268 0.05226 0.843219
2 0.329703 0.310639 0.0834778 0.0611002 0.824141
2 0.329591 0.310515 0.0834817 0.0608621 0.814772
2 0.330054 0.310717 0.0825899 0.0606909 0.81112
2 0.693372 0.325227 0.0858475 0.0510186 0.787814
2 0.329821 0.310551 0.0835258 0.0612507 0.786428
2 0.693544 0.325549 0.0860689 0.0516306 0.77864
2 0.693912 0.325397 0.0863561 0.0511306 0.77227
2 0.329527 0.309995 0.0830356 0.0609007 0.771822
2 0.329787 0.310285 0.0831366 0.0616137 0.767181
2 0.693411 0.325179 0.0861264 0.0511495 0.750676
2 0.694023 0.325651 0.0863392 0.0515578 0.740558
2 0.0950817 0.326485 0.0843192 0.0523408 0.722716
2 0.330216 0.310816 0.0832064 0.0611915 0.715538
2 0.692758 0.325256 0.0847809 0.0514543 0.674133
2 0.329409 0.310647 0.08341 0.0610642 0.670965
2 0.0945412 0.326104 0.0853227 0.0536865 0.664982
2 0.094412 0.325416 0.0856024 0.0548308 0.657609
2 0.692431 0.32585 0.0863112 0.052058 0.64129
2 0.692052 0.325624 0.0876148 0.052576 0.636359
2 0.329716 0.31037 0.0830742 0.0616612 0.633187
2 0.0945464 0.326109 0.0842531 0.054146 0.616591
2 0.743903 0.366919 0.106627 0.0644173 0.60373
2 0.0957265 0.326276 0.0818064 0.0534566 0.596412
2 0.743868 0.366998 0.10661 0.0646991 0.595349
2 0.0944206 0.325356 0.0843979 0.0551903 0.589152
2 0.0951187 0.326406 0.0839268 0.0529339 0.588332
2 0.743953 0.36679 0.107151 0.0640869 0.57879
2 0.095004 0.326628 0.0846229 0.0515281 0.566312
2 0.743617 0.367133 0.106403 0.0644916 0.562382
2 0.743668 0.367379 0.10612 0.0648397 0.524558
2 0.743877 0.366941 0.10765 0.0648574 0.516401
2 0.692082 0.324994 0.0826647 0.0508361 0.507171
2 0.0956875 0.326443 0.085358 0.0525764 0.47979
2 0.0191798 0.355492 0.0383597 0.0522259 0.464512
2 0.0944572 0.326919 0.0861662 0.0526783 0.453273
2 0.0959965 0.325681 0.0817536 0.0527217 0.447784
2 0.743596 0.367926 0.106105 0.0658697 0.438145
2 0.743953 0.366726 0.105136 0.0652825 0.435376
2 0.0206424 0.346213 0.0410448 0.0655571 0.399648
2 0.0195383 0.353812 0.0390132 0.0544033 0.39047
2 0.0201858 0.349966 0.0399642 0.059942 0.359991
2 0.0192455 0.354946 0.0384357 0.0516336 0.354737
2 0.0196184 0.354091 0.0391514 0.050913 0.354573
2 0.020038 0.354354 0.0399743 0.0504887 0.353383
2 0.741995 0.36788 0.104634 0.0641109 0.339647
2 0.0189184 0.35561 0.0377746 0.0491326 0.326263
2 0.0951957 0.327744 0.0832584 0.0502787 0.323323
2 0.0257278 0.32137 0.0514556 0.0513071 0.296427
2 0.742482 0.367627 0.104567 0.0624336 0.289721
2 0.69421 0.3259 0.086668 0.0524942 0.280311
2 0.0254656 0.32555 0.050176 0.0468687 0.273981
2 0.0252334 0.325621 0.0502984 0.044924 0.264354
7 0.270035 0.775104 0.537776 0.182991 0.259394
2 0.0267873 0.321579 0.0520978 0.0515685 0.258435
2 0.329949 0.310566 0.0835565 0.0617863 0.245578
2 0.268537 0.77444 0.535382 0.17787 0.23592
2 0.842572 0.252035 0.0564461 0.0323907 0.229889
2 0.742263 0.368099 0.108305 0.063596 0.225292
7 0.269299 0.774141 0.536174 0.178629 0.220485
2 0.747486 0.367787 0.0995842 0.0628369 0.211419
2 0.843293 0.251527 0.0554565 0.032083 0.206656
2 0.842678 0.25258 0.0564114 0.030297 0.206407
2 0.26905 0.777089 0.535675 0.183516 0.202195
2 0.0239462 0.329221 0.0475217 0.041707 0.201874
2 0.268932 0.775016 0.535894 0.179537 0.200974
2 0.0195554 0.355094 0.0388078 0.0510583 0.195747
0 0.208529 0.318352 0.0310872 0.0513026 0.194968
0 0.208685 0.315707 0.0289044 0.047879 0.193911
2 0.741727 0.367977 0.107026 0.0639167 0.189354
2 0.843164 0.252364 0.0552265 0.0303014 0.180776
12 0.0827917 0.62202 0.027206 0.0580382 0.180088
7 0.270125 0.775996 0.537631 0.18268 0.179439
2 0.842397 0.252097 0.0550468 0.030286 0.169643
2 0.84304 0.251829 0.0549589 0.0320837 0.162566
3 0.2082 0.326209 0.0303705 0.0348206 0.161669
0 0.796989 0.285927 0.0179815 0.0649058 0.160752
0 0.181054 0.287279 0.0147305 0.0484257 0.160086
0 0.179339 0.288908 0.0163579 0.0505517 0.159807
2 0.0256881 0.321446 0.0513637 0.0520146 0.157388
9 0.105801 0.190952 0.0126646 0.0254468 0.155773
12 0.0823741 0.617468 0.0267235 0.0652695 0.153976
2 0.0263622 0.326073 0.0513712 0.0459218 0.150968
2 0.0223569 0.336756 0.0443691 0.0540262 0.145004
2 0.0242743 0.32745 0.0482778 0.0400302 0.142303
2 0.0242096 0.322509 0.0481425 0.0473229 0.141816
2 0.842453 0.252557 0.0560345 0.0286612 0.141378
2 0.269995 0.778417 0.539015 0.188128 0.137409
0 0.208372 0.317207 0.0301678 0.051154 0.131388
2 0.0221607 0.343766 0.0442501 0.0662464 0.12797
3 0.208415 0.327321 0.0306202 0.0311896 0.125278
2 0.0257803 0.320821 0.0508 0.0472025 0.12224
7 0.27113 0.776773 0.536024 0.186916 0.121374
2 0.855042 0.254768 0.0310379 0.0250067 0.118882
2 0.0258898 0.320716 0.0517795 0.05068 0.117194
2 0.841747 0.250116 0.0554451 0.0349982 0.116427
0 0.0484347 0.660443 0.0268041 0.0747734 0.115218
2 0.0218746 0.345585 0.0434768 0.0662368 0.114301
2 0.741004 0.367064 0.100987 0.0648873 0.113822
0 0.210411 0.308674 0.028074 0.0327886 0.11381
9 0.105905 0.191827 0.0124362 0.0250804 0.112443
9 0.0530071 0.228722 0.00961462 0.0225166 0.110415
0 0.0457713 0.659582 0.0334302 0.0794844 0.109479
12 0.0820834 0.612763 0.025639 0.0749762 0.106174
3 0.208182 0.329014 0.0314701 0.0308594 0.103353
0 0.0464816 0.660252 0.0332179 0.0784914 0.101291
0 0.0468082 0.660025 0.0342818 0.0801765 0.100288
2 0.922964 0.26031 0.106976 0.0575834 0.0997919
2 0.922695 0.260485 0.10694 0.0584702 0.0974523
0 0.796189 0.293818 0.0186656 0.0524597 0.0970655
0 0.0461333 0.659294 0.0338227 0.0802427 0.0966939
0 0.178735 0.290612 0.0173629 0.0501325 0.0944567
0 0.0459018 0.659641 0.0341248 0.0804189 0.0929341
0 0.208669 0.317373 0.0305163 0.050215 0.0925308
12 0.08255 0.6188 0.0274913 0.0633265 0.0911848
0 0.991339 0.271487 0.0163931 0.0705668 0.090164
2 0.740918 0.366486 0.100421 0.0612811 0.0889226
0 0.0443562 0.659056 0.0320158 0.0795645 0.088283
0 0.797095 0.280934 0.0160303 0.0570766 0.0877152
0 0.770487 0.303499 0.0216497 0.039724 0.083653
2 0.92127 0.259637 0.104348 0.0540279 0.0812775
2 0.027005 0.320668 0.0517929 0.0506036 0.0784109
2 0.0239482 0.327983 0.0476615 0.0470531 0.0777492
9 0.0708782 0.205823 0.00971093 0.0233382 0.0759031
0 0.181863 0.28099 0.0138266 0.0476715 0.0746786
2 0.257449 0.774629 0.5132 0.175505 0.0737133
0 0.0496813 0.664456 0.0258086 0.0657495 0.0718682
2 0.922637 0.256613 0.108221 0.0597222 0.0711696
2 0.0183268 0.35813 0.0366537 0.0571606 0.0711035
0 0.235719 0.306001 0.0160197 0.0236113 0.0703706
0 0.209467 0.307076 0.0249639 0.032267 0.0702326
12 0.0817163 0.617905 0.0275782 0.0641374 0.0696924
0 0.048698 0.660791 0.0279504 0.0744831 0.0692311
12 0.0827683 0.62567 0.0276926 0.0504061 0.0687867
2 0.841859 0.249905 0.057914 0.0340034 0.0680966
2 0.271165 0.776632 0.53555 0.185083 0.0667189
2 0.901667 0.252413 0.067952 0.0440919 0.0662601
0 0.757472 0.301654 0.0143444 0.0427139 0.066143
2 0.926457 0.255566 0.116932 0.0701623 0.0652821
9 0.358395 0.167902 0.0140303 0.0290211 0.0638203
2 0.922874 0.257237 0.107805 0.0641231 0.0629518
0 0.760197 0.302607 0.0195534 0.0417448 0.0623296
9 0.747661 0.225923 0.0133759 0.0459263 0.0615664
0 0.798989 0.285624 0.0214092 0.0653458 0.0614117
12 0.0813311 0.612942 0.0277502 0.0736286 0.0590886
0 0.771025 0.303565 0.0221508 0.0391119 0.05806
0 0.129093 0.28104 0.0148401 0.0265748 0.0577757
9 0.73544 0.235372 0.0148952 0.0320979 0.0571148
2 0.73852 0.362383 0.0958149 0.05422 0.0561418
2 0.27132 0.779593 0.535632 0.19146 0.0542916
0 0.993641 0.265119 0.0119848 0.0571404 0.0538631
2 0.900583 0.26034 0.0654453 0.0552143 0.0538528
0 0.0469104 0.658785 0.0334641 0.0811988 0.0527349
0 0.991143 0.273438 0.0172049 0.0647259 0.0525785
2 0.024986 0.329264 0.0499721 0.0444966 0.0513415
1 0.771964 0.30507 0.0311453 0.0387734 0.0513214
9 0.447052 0.607589 0.0179724 0.0603579 0.0510469
9 0.231553 0.155669 0.0120952 0.028335 0.0509569
9 0.447348 0.606699 0.0184097 0.0574444 0.0495022
12 0.0825171 0.624178 0.0275203 0.0528953 0.0482028
2 0.887647 0.255891 0.0377857 0.0414987 0.0480259
0 0.991267 0.270315 0.0169434 0.0695967 0.0478694
0 0.263169 0.286419 0.0109519 0.032433 0.0463811
2 0.330047 0.310516 0.0835312 0.0619929 0.0462037
0 0.990988 0.271262 0.0173038 0.0709661 0.0450592
0 0.0791909 0.261225 0.0141836 0.0401535 0.043536
0 0.235584 0.307478 0.0150102 0.0242211 0.0422949
9 0.0531198 0.227004 0.0110141 0.0230017 0.0421088
1 0.770641 0.304036 0.0244649 0.0396413 0.0414612
2 0.924948 0.264057 0.111848 0.0564443 0.0412312
1 0.794844 0.303888 0.019799 0.0355532 0.041205
9 0.346322 0.160076 0.0283335 0.0468046 0.0411938
0 0.799219 0.282281 0.020314 0.0598155 0.0408115
0 0.182275 0.286442 0.0170392 0.044576 0.0408091
0 0.762166 0.303657 0.023666 0.0423842 0.0402606
0 0.264616 0.286632 0.0126541 0.0328828 0.0400284
2 0.887852 0.248211 0.0394089 0.0269324 0.0396618
0 0.176719 0.290069 0.0210859 0.0523006 0.0392574
0 0.0804072 0.262347 0.0144399 0.0408825 0.038986
2 0.0236642 0.312167 0.0471648 0.0334344 0.0382091
3 0.208151 0.332164 0.0310819 0.0277396 0.0378608
2 0.755405 0.368476 0.0832678 0.0636262 0.0369868
2 0.82631 0.250589 0.031109 0.025972 0.0369853
0 0.881066 0.22434 0.0139685 0.0304878 0.0365245
9 0.736116 0.237471 0.0159679 0.0276491 0.0359906
0 0.265663 0.286962 0.0128308 0.0338394 0.0343193
3 0.208138 0.32741 0.0322273 0.0323309 0.0339679
0 0.797957 0.286305 0.0216576 0.066439 0.0337302
9 0.347877 0.159653 0.0272122 0.0459141 0.0335847
9 0.346984 0.154035 0.0228262 0.034198 0.0332923
2 0.898956 0.252838 0.0630886 0.0419251 0.0332399
0 0.993874 0.258723 0.011603 0.0481336 0.033022
9 0.435615 0.181135 0.0195927 0.0285273 0.0324882
0 0.880704 0.225793 0.0172562 0.0293344 0.0324083
2 0.902184 0.241679 0.0624241 0.0247462 0.0323882
9 0.593857 0.259368 0.00919714 0.0208083 0.032156
2 0.824683 0.251559 0.025679 0.0255043 0.0311882
2 0.0170253 0.361375 0.0339824 0.0605886 0.0310036
2 0.930236 0.26446 0.121636 0.0571618 0.0308596
2 0.924064 0.261872 0.110862 0.0614118 0.0308409
0 0.176385 0.287931 0.0229528 0.0536253 0.0307504
2 0.0211782 0.35172 0.0420726 0.0550634 0.0307255
2 0.433954 0.494307 0.0311411 0.0164059 0.0305178
2 0.0211928 0.338026 0.0423857 0.079137 0.030249
2 0.906106 0.259526 0.0768898 0.0569469 0.0297681
9 0.146403 0.226751 0.0107036 0.0256106 0.029431
9 0.447688 0.606638 0.0200962 0.0605218 0.02941
12 0.0819101 0.624618 0.0279527 0.0528397 0.0290549
0 0.175689 0.291722 0.0193923 0.0506669 0.0289695
9 0.39339 0.165888 0.0149415 0.0202957 0.0289482
12 0.082534 0.612878 0.0280572 0.0747349 0.0284778
9 0.569732 0.215328 0.0132509 0.0283704 0.0284193
9 0.348435 0.159877 0.0285452 0.04609 0.0283166
2 0.921102 0.258266 0.10392 0.0581349 0.0271253
9 0.746805 0.223493 0.0131313 0.040756 0.0270828
9 0.346986 0.159262 0.0238591 0.0443887 0.0265866
9 0.447897 0.605907 0.020587 0.0588204 0.0258444
9 0.145896 0.226195 0.0102763 0.0239038 0.0255662
0 0.130523 0.279776 0.0160183 0.0301929 0.0255521
9 0.745901 0.226154 0.0168785 0.0477051 0.0249538
0 0.130142 0.299356 0.019977 0.0604148 0.0249347
0 0.207591 0.322113 0.0309919 0.0414133 0.0249011
0 0.894074 0.220421 0.0122139 0.0330083 0.0240163
1 0.780437 0.303875 0.0508875 0.0385338 0.023505
0 0.260522 0.287034 0.01278 0.0302975 0.0233411
9 0.734093 0.227071 0.0157245 0.050968 0.0232918
0 0.085152 0.260251 0.0122953 0.0342466 0.023141
2 0.923072 0.251198 0.10948 0.0777939 0.0222819
0 0.990899 0.275531 0.0175236 0.0638008 0.022242
0 0.729891 0.335671 0.0189178 0.0357354 0.022239
0 0.968412 0.245628 0.0149635 0.0278336 0.0220005
0 0.772245 0.30421 0.0254665 0.0381801 0.0216352
12 0.0824675 0.613562 0.0276571 0.0750595 0.021603
12 0.0825166 0.625768 0.0277536 0.05036 0.0214671
1 0.795169 0.302932 0.0183807 0.0351242 0.0214636
3 0.208235 0.331119 0.0303604 0.0295095 0.0213042
2 0.908964 0.264343 0.0799057 0.0534688 0.0207595
0 0.0312942 0.706686 0.062084 0.173495 0.0206531
0 0.0306963 0.707308 0.0612591 0.170694 0.0206015
2 0.925966 0.251324 0.116617 0.0801109 0.0205956
0 0.261239 0.287243 0.0143818 0.0317959 0.0205428
1 0.772017 0.304501 0.0260778 0.0378345 0.0202067
2 0.0569072 0.321117 0.109357 0.0555249 0.019584
0 0.770596 0.302969 0.0332042 0.0421381 0.0195258
0 0.0339941 0.706056 0.0619401 0.173775 0.0192795
9 0.738462 0.227717 0.0160362 0.0478657 0.0192326
0 0.0443903 0.659115 0.0348768 0.0788166 0.0192207
0 0.215339 0.306031 0.0295514 0.0304037 0.0187677
2 0.0487315 0.322243 0.0974629 0.0566962 0.0187471
2 0.903647 0.241357 0.0703697 0.0263055 0.0185108
0 0.0438751 0.658565 0.0313287 0.0779548 0.0180557
0 0.235895 0.307359 0.0160671 0.0253625 0.0180134
0 0.0803352 0.265273 0.0156135 0.0466038 0.0176383
9 0.44696 0.609033 0.0188732 0.0632804 0.0174644
9 0.08128 0.612967 0.0216774 0.0761476 0.0174627
2 0.9032 0.248036 0.0708599 0.0381909 0.0174522
0 0.797663 0.278237 0.0171306 0.054481 0.01728
0 0.128963 0.295655 0.0178361 0.0568797 0.0172244
0 0.0487632 0.660593 0.0364836 0.0799988 0.0172237
2 0.0208138 0.35125 0.0416276 0.0753773 0.0169548
9 0.739345 0.228077 0.0225019 0.0479959 0.0168539
2 0.930374 0.255327 0.124794 0.0723286 0.0167659
12 0.0831273 0.640362 0.0281922 0.128542 0.0164631
9 0.435927 0.177256 0.0181903 0.0334661 0.0163937
0 0.96088 0.234586 0.0297684 0.0380245 0.0157777
0 0.083485 0.648416 0.0323483 0.109348 0.0155415
0 0.766015 0.300732 0.0295758 0.0456054 0.0152194
0 0.237066 0.307226 0.0168586 0.0244598 0.0151278
0 0.730169 0.337649 0.0216894 0.0382547 0.0151136
2 0.330197 0.311033 0.0823291 0.0611585 0.0150668
0 0.962476 0.236914 0.0271471 0.0371043 0.0150569
2 0.0192449 0.35961 0.0384898 0.051714 0.0150167
0 0.0291186 0.707537 0.0581177 0.169717 0.0149803
0 0.0836424 0.645508 0.032921 0.113721 0.0147615
0 0.970267 0.252636 0.0136684 0.0325732 0.0147176
0 0.8857 0.21896 0.0189346 0.0310189 0.0146759
0 0.182514 0.280303 0.0169175 0.0485748 0.0146492
2 0.88013 0.248253 0.0339876 0.0264112 0.0146143
0 0.983861 0.268256 0.0300488 0.0740772 0.0145307
0 0.769329 0.300746 0.0338699 0.0440302 0.0144723
2 0.889299 0.262117 0.0383047 0.0540586 0.014376
2 0.917828 0.240447 0.0382965 0.0260063 0.0142762
9 0.387221 0.0169862 0.0896281 0.033715 0.01373
0 0.0437509 0.279677 0.0162347 0.0298828 0.0134034
9 0.231572 0.157069 0.0139093 0.0310396 0.01322
9 0.0691901 0.209364 0.0113048 0.0308896 0.0131984
2 0.356499 0.290687 0.0321107 0.0285653 0.0131027
12 0.082 0.624654 0.0280065 0.0512022 0.0130196
9 0.447735 0.608182 0.020348 0.0619568 0.0129432
2 0.743352 0.36592 0.10616 0.068375 0.0128836
0 0.988472 0.271147 0.0224155 0.0714577 0.0127638
9 0.215343 0.0358818 0.0224651 0.0467475 0.0126348
0 0.0791316 0.259466 0.0128728 0.0400684 0.0126018
9 0.0698108 0.204676 0.0130151 0.0283541 0.0125904
5 0.18024 0.138573 0.122823 0.155771 0.0125438
0 0.755296 0.297507 0.00984726 0.0403411 0.012438
9 0.232044 0.154029 0.0126033 0.0301179 0.0123161
1 0.797288 0.296355 0.0223005 0.0472744 0.0122228
2 0.744436 0.365732 0.106499 0.0664331 0.012153
