2 0.779616 0.775562 0.242382 0.209305 0.900876
2 0.779873 0.775328 0.242364 0.209702 0.895813
2 0.779258 0.77521 0.241982 0.209746 0.885619
2 0.779928 0.775998 0.242508 0.208492 0.88161
2 0.778763 0.775126 0.242574 0.208561 0.880917
2 0.779388 0.77599 0.242179 0.209132 0.872649
2 0.779324 0.775837 0.241966 0.207534 0.866534
2 0.779861 0.775717 0.242514 0.209733 0.864768
2 0.778939 0.775046 0.242677 0.209568 0.864145
2 0.318331 0.305602 0.0864521 0.0604946 0.795511
2 0.292851 0.415605 0.111284 0.0918612 0.795021
2 0.753503 0.488668 0.153283 0.10441 0.791221
2 0.293009 0.415948 0.111611 0.0920056 0.790554
2 0.753769 0.488417 0.153729 0.104541 0.790122
2 0.753344 0.488602 0.153261 0.104664 0.788102
2 0.317556 0.305482 0.0863603 0.0610513 0.783656
2 0.753749 0.488368 0.153344 0.104574 0.776363
2 0.753305 0.488737 0.152972 0.104733 0.77204
2 0.183032 0.327034 0.101984 0.0580667 0.766122
2 0.292866 0.415739 0.111473 0.0929256 0.766065
2 0.292744 0.415755 0.111528 0.0927267 0.765565
2 0.317703 0.305296 0.0857289 0.0611232 0.764929
2 0.752552 0.488916 0.151171 0.104479 0.763787
2 0.292615 0.416056 0.110801 0.091869 0.7587
2 0.753304 0.488714 0.153321 0.104778 0.753169
2 0.292628 0.415404 0.111339 0.0930198 0.75278
2 0.293069 0.415324 0.110741 0.0924148 0.75277
2 0.317926 0.305221 0.0857512 0.0605115 0.751682
2 0.184108 0.327552 0.098693 0.0571691 0.750619
2 0.75374 0.48881 0.154585 0.104837 0.745678
2 0.184005 0.327185 0.098223 0.0574568 0.73763
2 0.293059 0.415464 0.111214 0.0922531 0.73225
2 0.0797681 0.324775 0.082581 0.0497398 0.731416
2 0.475087 0.309057 0.0955874 0.0527811 0.726446
2 0.29314 0.41574 0.111344 0.0924599 0.724245
2 0.318184 0.304998 0.0856605 0.060792 0.724077
2 0.4731 0.310887 0.0971191 0.057007 0.721826
2 0.47362 0.310232 0.0966558 0.0554849 0.720286
2 0.318102 0.305277 0.0856072 0.061411 0.719734
2 0.475714 0.30931 0.0951567 0.0533464 0.715344
2 0.753096 0.488752 0.151447 0.103956 0.709564
2 0.18446 0.327574 0.0984269 0.0578619 0.704412
2 0.184436 0.327631 0.0982621 0.0574523 0.700782
2 0.184594 0.327648 0.0985733 0.0573976 0.700333
2 0.780946 0.776064 0.243257 0.208923 0.694667
2 0.292903 0.415998 0.111 0.0920624 0.694015
0 0.327307 0.645911 0.0315753 0.118572 0.693817
2 0.183985 0.327606 0.0978704 0.0574802 0.688738
2 0.0796752 0.326945 0.0828974 0.0468866 0.678988
2 0.0798434 0.32528 0.0841676 0.0495326 0.676839
0 0.327573 0.647489 0.0322299 0.120824 0.672431
2 0.318245 0.305138 0.0862717 0.0613424 0.670249
2 0.0255589 0.522213 0.0510705 0.230613 0.669743
2 0.317407 0.30513 0.0867257 0.059573 0.659179
2 0.473325 0.310625 0.0970089 0.0556337 0.650689
2 0.752492 0.489115 0.150967 0.10471 0.642228
2 0.0799005 0.327124 0.0825645 0.0466101 0.641052
2 0.0794093 0.325442 0.0827526 0.0494925 0.640159
2 0.0255759 0.521806 0.0510584 0.232149 0.623305
2 0.0254526 0.522231 0.0508056 0.230765 0.619505
0 0.328239 0.64679 0.0321325 0.124896 0.619111
2 0.473619 0.309588 0.0957378 0.0543331 0.604807
2 0.0253178 0.523249 0.0504809 0.233201 0.604153
0 0.327056 0.64615 0.0309119 0.115128 0.603525
2 0.0792801 0.326065 0.0834431 0.0487108 0.602314
0 0.328025 0.646237 0.032034 0.123464 0.59875
2 0.0255016 0.522208 0.0509756 0.232286 0.598414
2 0.025739 0.52307 0.0514779 0.233831 0.594432
2 0.079391 0.32511 0.083349 0.0496397 0.590886
0 0.327235 0.648689 0.0313397 0.120057 0.58446
0 0.327729 0.645808 0.0316256 0.122924 0.575351
2 0.184398 0.327433 0.098847 0.0587563 0.571292
2 0.0253643 0.522037 0.050579 0.231923 0.563684
2 0.0254252 0.523078 0.0508504 0.234166 0.561311
2 0.753734 0.489317 0.155322 0.104278 0.558822
2 0.079602 0.325741 0.0824901 0.0499675 0.532517
2 0.473182 0.311752 0.0968898 0.057919 0.490235
0 0.0818238 0.71253 0.0332958 0.158126 0.481042
2 0.473635 0.309932 0.0947653 0.0553978 0.477071
2 0.0797447 0.325683 0.0827807 0.0495756 0.474985
0 0.08162 0.713078 0.0333403 0.159005 0.464318
2 0.0255704 0.522171 0.0510888 0.229752 0.443899
2 0.476483 0.307859 0.0909458 0.0510815 0.442764
0 0.0817768 0.712241 0.033683 0.157923 0.437441
2 0.0254577 0.523055 0.0509154 0.231099 0.425916
2 0.0183219 0.32597 0.0360958 0.0459707 0.416872
2 0.0187473 0.326556 0.0371094 0.0449269 0.415006
2 0.0180553 0.325933 0.0361107 0.0468918 0.408273
2 0.01796 0.325829 0.0358576 0.0463389 0.404313
2 0.0792106 0.330069 0.0831266 0.0408875 0.399915
2 0.0175501 0.325915 0.0350477 0.0469808 0.351427
2 0.0186309 0.325584 0.0372618 0.0455146 0.345028
0 0.0820852 0.712703 0.0349132 0.157176 0.335029
2 0.472028 0.312906 0.0987998 0.059365 0.33417
0 0.32807 0.651889 0.0313278 0.124559 0.326732
5 0.558791 0.4309 0.122462 0.117366 0.304657
7 0.558679 0.430982 0.123008 0.117433 0.301086
0 0.0825558 0.712467 0.0370132 0.158469 0.299156
0 0.32844 0.650985 0.0326327 0.132649 0.29721
7 0.558314 0.430981 0.123512 0.117269 0.295744
7 0.558908 0.431001 0.122504 0.117517 0.291999
2 0.0174166 0.326229 0.0347977 0.0459655 0.282238
7 0.55865 0.430833 0.123036 0.117356 0.277593
7 0.5584 0.431024 0.122565 0.118054 0.275038
2 0.182592 0.327067 0.101755 0.0579268 0.269051
7 0.55843 0.430965 0.123058 0.116804 0.268417
2 0.558722 0.430943 0.122418 0.116472 0.2662
0 0.327263 0.646051 0.0304712 0.111362 0.260452
2 0.558845 0.430955 0.122727 0.116635 0.246075
2 0.0253132 0.525482 0.0505553 0.23048 0.242148
2 0.0171481 0.327089 0.0342963 0.0442397 0.224376
0 0.0809427 0.678547 0.0310345 0.0883987 0.202511
0 0.32682 0.646728 0.0335376 0.125939 0.199289
2 0.018639 0.325991 0.0372781 0.0450408 0.197899
7 0.558726 0.430917 0.122278 0.117758 0.191219
2 0.476167 0.307995 0.0902027 0.0508791 0.176453
2 0.0150894 0.328001 0.0300559 0.0430046 0.156497
2 0.0799626 0.327954 0.0834908 0.0462905 0.154824
0 0.327017 0.647015 0.0336038 0.126405 0.153085
0 0.0811505 0.679472 0.0310502 0.0890553 0.152834
0 0.748952 0.291655 0.0233015 0.050978 0.149986
2 0.0184808 0.324925 0.0369059 0.0473455 0.149621
2 0.47294 0.30916 0.0977882 0.0544011 0.145498
0 0.755162 0.289208 0.0191088 0.0439999 0.14008
0 0.749134 0.291125 0.0230902 0.049924 0.136372
2 0.472448 0.312588 0.0983288 0.0603365 0.133054
0 0.747863 0.290591 0.0214643 0.0498558 0.132732
0 0.32699 0.648586 0.0343665 0.130601 0.130353
0 0.0806967 0.680106 0.030689 0.0839821 0.129758
0 0.326949 0.643737 0.0320774 0.115981 0.114514
2 0.891905 0.237835 0.0647104 0.0364456 0.113653
2 0.0254517 0.525536 0.0508737 0.228003 0.107807
0 0.755217 0.289805 0.0212839 0.0445272 0.10457
0 0.0802635 0.678087 0.0315492 0.0894743 0.102663
0 0.0813769 0.682371 0.0301673 0.0825734 0.100692
7 0.55839 0.430845 0.121608 0.117305 0.0939992
0 0.435207 0.598939 0.0167434 0.0541319 0.0933193
2 0.779108 0.777578 0.24381 0.20982 0.0919249
0 0.0827286 0.714002 0.032076 0.150381 0.0912467
2 0.836737 0.24327 0.0431616 0.0240594 0.0897026
0 0.435205 0.600683 0.0177275 0.0587834 0.0877563
2 0.835136 0.241657 0.0477282 0.0274504 0.083377
0 0.753174 0.290427 0.0267318 0.047445 0.0826845
0 0.435934 0.601885 0.0203032 0.0622829 0.0825148
2 0.184849 0.327082 0.0968248 0.0576811 0.0818046
2 0.908188 0.229416 0.0275505 0.017803 0.0796231
0 0.0815867 0.682875 0.0306109 0.0812057 0.0786224
9 0.20071 0.0279444 0.0252971 0.0503906 0.0751518
0 0.0117615 0.28731 0.0196613 0.0387316 0.074127
0 0.436503 0.6001 0.0185841 0.0566782 0.0740281
9 0.200216 0.0300983 0.02321 0.0462206 0.0739425
0 0.0817514 0.683854 0.0302104 0.0809454 0.0700334
1 0.777646 0.295553 0.0238623 0.0307918 0.0685528
2 0.183136 0.327562 0.101124 0.0577503 0.0682537
2 0.0175185 0.324071 0.0350369 0.051482 0.068193
9 0.723325 0.232869 0.016824 0.0337052 0.0649105
3 0.778101 0.296603 0.0230366 0.0273623 0.0622155
2 0.90863 0.229987 0.0306217 0.0200254 0.0604869
2 0.890533 0.248587 0.0662682 0.0563903 0.0600507
0 0.752897 0.287621 0.0204152 0.04376 0.0598963
1 0.769043 0.293244 0.0411526 0.0361887 0.0597272
2 0.890214 0.250684 0.0671139 0.0599 0.0583481
2 0.473012 0.312338 0.097808 0.0598623 0.057481
2 0.891841 0.246726 0.0669458 0.0503612 0.0566015
0 0.0425797 0.711706 0.0788456 0.16667 0.0554404
0 0.0424399 0.711629 0.0756761 0.164041 0.0552606
0 0.0427714 0.711738 0.0782623 0.164985 0.0547731
2 0.892196 0.243813 0.0646969 0.0441601 0.0538119
0 0.0824098 0.696451 0.0310679 0.112291 0.0528051
0 0.328369 0.651568 0.0315371 0.121246 0.0524434
0 0.0110493 0.740058 0.0220986 0.109883 0.052049
1 0.773768 0.293039 0.0313967 0.0354836 0.0514067
9 0.200939 0.0288328 0.0259858 0.0505009 0.0510932
0 0.435503 0.596605 0.0174693 0.0502774 0.0506849
9 0.202717 0.0279524 0.0305614 0.0529167 0.0498753
9 0.0906497 0.190147 0.0138491 0.0258235 0.0487344
0 0.0806785 0.678522 0.0297642 0.0879162 0.0483054
0 0.768962 0.291391 0.0280669 0.0367458 0.0474597
0 0.00538046 0.742469 0.0107609 0.10002 0.0457431
0 0.0143348 0.280339 0.0140717 0.034656 0.0446878
0 0.0136981 0.283759 0.0160544 0.0411252 0.0445744
0 0.217473 0.299485 0.0250825 0.0283295 0.0441262
2 0.835483 0.240204 0.0486296 0.030323 0.0440606
0 0.00603569 0.741601 0.0120714 0.103104 0.0437113
0 0.0841856 0.71254 0.0333789 0.157895 0.0436174
0 0.0499073 0.711882 0.0873339 0.165027 0.0433137
2 0.891379 0.249935 0.0671257 0.0578776 0.0432979
0 0.743416 0.286516 0.0173222 0.0435061 0.0423049
2 0.832155 0.241248 0.0538631 0.0280467 0.0411239
0 0.75427 0.28968 0.0289001 0.0454304 0.0407612
2 0.828645 0.241245 0.0621704 0.0271167 0.0404343
2 0.0803265 0.32429 0.0824036 0.0500669 0.0403977
2 0.89192 0.233499 0.0610508 0.0309913 0.0395156
0 0.0470631 0.713548 0.0915191 0.165413 0.0394806
9 0.0358692 0.205525 0.0139215 0.0312441 0.0389595
0 0.212357 0.300725 0.0298248 0.0298793 0.038646
2 0.89233 0.250058 0.0686981 0.0583228 0.0386376
0 0.0134859 0.727986 0.0269719 0.133744 0.0384262
0 0.0114688 0.737017 0.0229376 0.11674 0.0381861
2 0.318185 0.305343 0.0864244 0.0604404 0.0374009
2 0.891827 0.251065 0.0681381 0.0576415 0.0367578
0 0.214857 0.300422 0.0334002 0.028461 0.0363801
0 0.436251 0.599762 0.0192203 0.0574736 0.0360053
9 0.20063 0.0299026 0.0244119 0.0478399 0.0357851
0 0.209714 0.29971 0.023222 0.0295829 0.0357628
0 0.0374021 0.20743 0.0119231 0.0295056 0.0356293
2 0.892766 0.228712 0.0590858 0.0258574 0.0354811
0 0.436312 0.600555 0.0197567 0.0591749 0.0351752
2 0.890433 0.246582 0.066806 0.0524859 0.0337105
0 0.436933 0.603194 0.0191487 0.0631408 0.0333898
0 0.436651 0.606339 0.0213329 0.0720331 0.0328221
2 0.836145 0.239884 0.048682 0.031381 0.032517
0 0.0525613 0.711012 0.0895174 0.163073 0.0308219
2 0.915517 0.251306 0.116083 0.0591115 0.0305399
0 0.748489 0.294353 0.0236776 0.054754 0.0301558
0 0.747059 0.291694 0.0286179 0.052624 0.0297136
0 0.0392441 0.712226 0.076164 0.164657 0.0294809
2 0.31799 0.305103 0.0861175 0.0617786 0.0292112
0 0.0831654 0.709209 0.0340176 0.164829 0.0290349
2 0.266627 0.759808 0.530411 0.186857 0.0290237
0 0.0528942 0.712189 0.0876057 0.163085 0.0285692
0 0.0540545 0.268235 0.0140354 0.0511146 0.0284989
0 0.437394 0.626995 0.0214532 0.11296 0.028454
2 0.0187365 0.324091 0.0374729 0.0476679 0.0284036
0 0.0108213 0.286485 0.0197327 0.0453128 0.0279362
2 0.215204 0.294032 0.0244242 0.0262884 0.0269016
0 0.0528192 0.711671 0.0905455 0.163491 0.026662
0 0.436145 0.598129 0.0192595 0.0542364 0.0262681
2 0.0219105 0.325835 0.0438211 0.0465816 0.0257365
0 0.0123962 0.285357 0.0190163 0.041442 0.025307
2 0.0192341 0.463358 0.0384681 0.113204 0.0243741
2 0.88882 0.251113 0.0660307 0.059145 0.0243134
0 0.0432521 0.711926 0.075901 0.165829 0.0236345
0 0.0151224 0.739643 0.0302448 0.109464 0.0235938
0 0.0288077 0.595142 0.0576153 0.382351 0.0235798
2 0.913 0.223532 0.0210331 0.0188107 0.0234566
9 0.722402 0.22812 0.0142227 0.0270391 0.0233314
2 0.0106662 0.463371 0.0212238 0.103995 0.0229189
9 0.423662 0.179423 0.0189474 0.0323046 0.0227761
0 0.00624064 0.743557 0.0124813 0.103743 0.0226187
0 0.98182 0.260114 0.0331581 0.0618301 0.0224977
2 0.267107 0.762367 0.531742 0.177717 0.022352
2 0.947732 0.225279 0.0264969 0.0248446 0.0221849
0 0.0549037 0.259394 0.0116165 0.0350333 0.0221357
2 0.194595 0.302661 0.0598322 0.0328097 0.0217769
0 0.775429 0.293331 0.0281244 0.0342233 0.0215671
2 0.183664 0.327658 0.0973744 0.0572349 0.0215094
2 0.874129 0.253264 0.0324276 0.0544876 0.0212964
9 0.202462 0.0284528 0.0312496 0.0525246 0.0210289
2 0.0266668 0.59531 0.0533337 0.379638 0.0207188
0 0.0812551 0.680248 0.0306114 0.0877127 0.0207094
2 0.0121393 0.46314 0.0241324 0.101353 0.0206861
7 0.825612 0.225934 0.0702655 0.057542 0.0206452
2 0.317477 0.304986 0.0854858 0.0604801 0.0206067
0 0.014978 0.740119 0.0288175 0.102285 0.0203311
2 0.871712 0.251187 0.0286034 0.0551943 0.0203012
2 0.921714 0.250608 0.128522 0.0611213 0.0201521
0 0.0535248 0.271481 0.0137071 0.0463831 0.0201425
0 0.749792 0.293203 0.0329594 0.0525646 0.0200163
0 0.993268 0.232007 0.0126877 0.0437882 0.0198946
2 0.485966 0.276251 0.0925924 0.0445659 0.0198312
0 0.0799685 0.676352 0.0297068 0.0875662 0.0195933
9 0.425562 0.179652 0.0165886 0.033277 0.0195906
2 0.0790712 0.331434 0.0836886 0.0386372 0.0195134
1 0.733849 0.290871 0.0275719 0.0434813 0.0195094
0 0.0210635 0.625667 0.0418895 0.340109 0.0193642
9 0.333277 0.152676 0.0230265 0.0461222 0.019325
5 0.115046 0.180675 0.031818 0.0520676 0.0193055
0 0.785395 0.693341 0.0440538 0.0426038 0.0190154
3 0.76327 0.29267 0.0537712 0.0485694 0.0185687
9 0.0913725 0.190621 0.0139901 0.025973 0.0185053
0 0.0548286 0.712399 0.0868309 0.163236 0.0184009
0 0.00984935 0.291156 0.0194212 0.0351513 0.0182607
2 0.87267 0.255328 0.0268143 0.0502311 0.0178889
2 0.833975 0.238254 0.0520302 0.0347589 0.017703
2 0.318536 0.305122 0.0858379 0.0601572 0.0173613
0 0.785091 0.689839 0.0431349 0.0429654 0.0172771
0 0.0140732 0.732179 0.0281464 0.126326 0.0171471
0 0.437739 0.626516 0.0252291 0.112243 0.0171278
2 0.894193 0.248411 0.0666939 0.046051 0.0170284
2 0.266761 0.757388 0.528828 0.18051 0.0166332
9 0.722855 0.239197 0.0158142 0.0413991 0.0164705
5 0.161557 0.142186 0.133662 0.166742 0.016234
0 0.981836 0.26064 0.0344931 0.063398 0.0160885
2 0.927048 0.252641 0.139249 0.0591378 0.0160496
2 0.910794 0.226882 0.0254173 0.0197014 0.0159297
7 0.824543 0.220629 0.0713494 0.0661021 0.0157646
2 0.466211 0.285591 0.0874052 0.0519146 0.0157459
0 0.99375 0.228871 0.0118151 0.0450006 0.0156633
7 0.475827 0.433912 0.289495 0.118458 0.0156339
0 0.437195 0.625634 0.022151 0.115981 0.0154196
9 0.0385881 0.206817 0.0129536 0.0281567 0.0153895
9 0.424098 0.177571 0.0183647 0.0312758 0.0153297
0 0.0117207 0.284167 0.0191383 0.0425543 0.0151457
0 0.251468 0.282767 0.0136462 0.0282619 0.0151406
2 0.466359 0.287459 0.0840271 0.058674 0.014642
0 0.0248126 0.59979 0.0495626 0.398588 0.0143937
2 0.217661 0.300209 0.033551 0.0302495 0.0143568
9 0.333673 0.152555 0.0229293 0.0431077 0.0141707
5 0.459482 0.276227 0.123835 0.0531386 0.0140093
