5 0.174161 0.644257 0.0871901 0.154993 0.876946
5 0.174047 0.644539 0.0872017 0.154943 0.87004
5 0.174328 0.644471 0.0872171 0.15514 0.867315
5 0.174313 0.644281 0.0872249 0.154652 0.860863
5 0.174369 0.644259 0.0874009 0.15483 0.847348
5 0.381646 0.160467 0.0889623 0.100284 0.841988
5 0.174387 0.644651 0.0871182 0.154703 0.807974
5 0.381442 0.160021 0.0885512 0.101057 0.789486
5 0.380886 0.16022 0.0872313 0.100979 0.775879
5 0.381278 0.16018 0.0877032 0.101384 0.770773
5 0.291535 0.235381 0.101117 0.134941 0.766993
5 0.291341 0.23444 0.100789 0.136538 0.766296
5 0.291821 0.234547 0.101234 0.13587 0.762102
5 0.381245 0.160317 0.0872801 0.101671 0.755766
5 0.291437 0.234755 0.101668 0.135338 0.751473
2 0.0985233 0.779477 0.143501 0.207716 0.731153
5 0.291809 0.235301 0.101009 0.134968 0.722335
2 0.0984102 0.779373 0.143608 0.207626 0.713321
2 0.948072 0.754685 0.103414 0.190891 0.709834
2 0.947806 0.754633 0.103474 0.190547 0.701761
5 0.381332 0.160371 0.0882589 0.101248 0.699393
5 0.174031 0.644143 0.0867579 0.154993 0.696188
5 0.38149 0.160507 0.0874137 0.102259 0.694834
5 0.174397 0.644736 0.0883458 0.154569 0.694128
2 0.947502 0.752054 0.104434 0.193582 0.688467
2 0.739318 0.384867 0.0719479 0.0769159 0.684693
5 0.381085 0.159838 0.0868931 0.10034 0.681341
2 0.947715 0.754178 0.103958 0.191502 0.670468
2 0.947784 0.753959 0.10365 0.191997 0.66754
2 0.947641 0.754074 0.103782 0.190973 0.661737
2 0.739696 0.384423 0.0713646 0.0773936 0.656084
2 0.739659 0.384576 0.0718948 0.0776188 0.655949
5 0.173917 0.644222 0.0875979 0.155072 0.652712
5 0.29137 0.237757 0.101538 0.130408 0.652676
2 0.947691 0.754279 0.104222 0.191779 0.651122
2 0.739316 0.384625 0.0719511 0.0767699 0.645503
2 0.0979245 0.778254 0.143364 0.206618 0.643067
5 0.292153 0.235337 0.101567 0.134553 0.642017
2 0.947302 0.754335 0.104437 0.191803 0.624828
5 0.380983 0.160147 0.0872093 0.102161 0.622913
2 0.0985632 0.778399 0.143973 0.20585 0.620956
2 0.947422 0.754474 0.104699 0.192519 0.616303
2 0.739438 0.384455 0.0717549 0.0773163 0.613266
2 0.0988301 0.779489 0.1441 0.207999 0.611336
2 0.739519 0.384896 0.0717697 0.0768208 0.610711
5 0.29229 0.237335 0.102409 0.130914 0.606525
5 0.174442 0.644755 0.0880825 0.155015 0.576694
2 0.591711 0.900076 0.129623 0.199246 0.576543
2 0.947751 0.754532 0.103536 0.189902 0.557955
2 0.739551 0.384926 0.0723604 0.0771586 0.553376
2 0.0977663 0.778435 0.142953 0.206355 0.543836
5 0.292148 0.237049 0.1018 0.131601 0.541965
2 0.0450551 0.939453 0.08881 0.120237 0.519734
2 0.739501 0.384886 0.0726095 0.0763293 0.518317
2 0.0983246 0.777866 0.143437 0.205609 0.515399
2 0.739486 0.385035 0.0736357 0.0742462 0.490862
2 0.0977558 0.778457 0.143959 0.207405 0.48692
2 0.0454653 0.939116 0.0892159 0.120763 0.462354
2 0.0449744 0.939169 0.0897319 0.120938 0.458937
2 0.0445581 0.939619 0.0889704 0.120304 0.452347
2 0.0990634 0.777769 0.143165 0.205309 0.448041
2 0.0451097 0.939168 0.0899501 0.120705 0.437232
0 0.427536 0.281073 0.0183913 0.0587227 0.437107
0 0.0112715 0.328493 0.0201409 0.0621236 0.435275
0 0.0115842 0.328968 0.0184934 0.0620122 0.43337
2 0.336831 0.334773 0.0611217 0.082984 0.432575
0 0.427535 0.280683 0.0172363 0.0573167 0.430484
2 0.0447831 0.939563 0.0894114 0.120211 0.427105
2 0.433738 0.645794 0.0823983 0.159172 0.426807
2 0.336872 0.335041 0.060617 0.0843551 0.394508
2 0.0449875 0.939607 0.0898351 0.120317 0.390093
2 0.429251 0.844444 0.105938 0.226087 0.389828
2 0.592288 0.899765 0.125481 0.19991 0.382837
5 0.292017 0.235519 0.102089 0.135219 0.376684
2 0.220488 0.895351 0.14014 0.208108 0.3744
2 0.337313 0.335031 0.0616255 0.0830853 0.373228
2 0.337024 0.335316 0.0609869 0.0822233 0.368612
2 0.0455893 0.939438 0.0893528 0.12047 0.362465
2 0.533911 0.108709 0.0202735 0.0240172 0.361833
2 0.533691 0.10831 0.0212715 0.0246822 0.361573
2 0.589216 0.896915 0.121414 0.192218 0.356501
5 0.429814 0.845632 0.105273 0.227877 0.352014
0 0.0111741 0.328138 0.0181072 0.0602018 0.351319
2 0.33679 0.334678 0.0602165 0.0847622 0.34649
0 0.42734 0.281805 0.0164806 0.0563797 0.344231
2 0.590644 0.898904 0.125198 0.197732 0.337231
2 0.220176 0.8957 0.141624 0.206779 0.333656
2 0.433728 0.645927 0.0830661 0.159716 0.331575
5 0.221314 0.894741 0.139502 0.20962 0.328882
2 0.434147 0.645961 0.0847443 0.160154 0.328602
5 0.429325 0.845754 0.104656 0.227446 0.325131
0 0.0121275 0.32832 0.0178869 0.0605591 0.32356
2 0.0455841 0.94009 0.0886743 0.11932 0.323369
5 0.219912 0.895112 0.142041 0.208897 0.322433
0 0.782619 0.147466 0.0100532 0.0325478 0.319651
2 0.591069 0.899708 0.125704 0.200066 0.31542
5 0.389848 0.0871147 0.0437679 0.0460061 0.309225
0 0.0117037 0.327995 0.0195299 0.0607862 0.308564
0 0.012143 0.327983 0.0178945 0.0608721 0.306286
2 0.58333 0.727118 0.0918095 0.175296 0.305044
2 0.336899 0.335342 0.0612835 0.0852445 0.303744
2 0.223459 0.894927 0.135433 0.206569 0.300777
0 0.426518 0.280975 0.0196405 0.0601882 0.297526
5 0.429435 0.845701 0.104741 0.228423 0.292262
2 0.433641 0.646381 0.0817617 0.158583 0.291399
5 0.428966 0.845625 0.104708 0.228099 0.284029
5 0.583273 0.727898 0.0916796 0.176743 0.283487
0 0.782189 0.149236 0.0103526 0.030267 0.28099
0 0.327967 0.276948 0.0152861 0.0336116 0.276054
2 0.589848 0.899553 0.124385 0.197411 0.27491
2 0.220869 0.894537 0.140058 0.209667 0.273967
2 0.583036 0.727378 0.0918846 0.176247 0.273787
2 0.337475 0.335025 0.0607382 0.0846261 0.273565
5 0.583296 0.727904 0.092215 0.176683 0.273498
2 0.433761 0.646517 0.0832108 0.159231 0.268389
2 0.59028 0.899091 0.125246 0.196879 0.258562
5 0.430187 0.845535 0.106516 0.227568 0.255674
2 0.433502 0.645662 0.0823027 0.158694 0.254367
2 0.43369 0.646598 0.0826698 0.158351 0.254272
2 0.337183 0.335532 0.0611317 0.0814776 0.252053
5 0.39006 0.0849594 0.044456 0.0513667 0.250962
2 0.589553 0.899342 0.124163 0.197236 0.250325
0 0.0123988 0.326678 0.0190218 0.0614593 0.243657
5 0.219456 0.894641 0.142379 0.209861 0.242116
2 0.534374 0.109859 0.0192612 0.0223524 0.236713
2 0.534507 0.104558 0.0208868 0.0315999 0.231689
5 0.44389 0.115216 0.0381186 0.0485536 0.228184
2 0.590342 0.89907 0.122191 0.19712 0.227779
2 0.591309 0.899114 0.124036 0.19692 0.226183
2 0.336632 0.335832 0.0621769 0.0835861 0.222528
0 0.0126839 0.328673 0.0179801 0.0618494 0.222375
0 0.90603 0.164642 0.0102772 0.0192359 0.222351
2 0.429106 0.846558 0.104644 0.228431 0.216128
0 0.0115733 0.328246 0.0200859 0.0622835 0.213657
0 0.426096 0.281663 0.0192904 0.0591196 0.211222
2 0.590458 0.900016 0.12672 0.199541 0.209524
5 0.429419 0.845339 0.10567 0.228228 0.208395
5 0.583029 0.727513 0.0912096 0.177102 0.206372
0 0.426138 0.280289 0.021272 0.0587166 0.200188
0 0.42697 0.293172 0.0163025 0.0334857 0.19852
2 0.227625 0.151638 0.032518 0.0360213 0.192615
0 0.0102637 0.326683 0.0159096 0.0584389 0.190736
5 0.58277 0.727679 0.0929464 0.176373 0.190602
2 0.73903 0.384663 0.0717402 0.0774051 0.181644
0 0.995064 0.245745 0.00902824 0.0395103 0.180925
5 0.583117 0.727978 0.0919859 0.176796 0.179184
0 0.328068 0.276165 0.0155401 0.0337978 0.179041
2 0.433636 0.645721 0.0838682 0.159206 0.176411
2 0.534672 0.108634 0.021102 0.0244413 0.176183
5 0.430128 0.845692 0.105553 0.226739 0.173171
5 0.582978 0.727532 0.0921629 0.176624 0.173154
2 0.583075 0.727645 0.091272 0.177442 0.168885
5 0.444093 0.115729 0.0371024 0.048348 0.16581
2 0.0451943 0.939574 0.0900643 0.120483 0.164945
5 0.390902 0.0835636 0.0493262 0.0528234 0.162786
2 0.738738 0.34125 0.0234648 0.018444 0.161534
2 0.433469 0.647206 0.0815374 0.157669 0.161273
0 0.428716 0.28182 0.0208505 0.0583712 0.160935
2 0.738218 0.3408 0.0232424 0.0170529 0.160683
2 0.534913 0.109044 0.0203787 0.0235013 0.160414
5 0.22726 0.152088 0.0315367 0.0351838 0.158649
0 0.427547 0.280517 0.0160611 0.0560661 0.157938
5 0.435106 0.0643602 0.0310346 0.0443554 0.155139
5 0.43756 0.0632017 0.0350389 0.0467319 0.151772
5 0.390156 0.0893612 0.0411705 0.0486646 0.151687
5 0.44382 0.116807 0.0372563 0.05068 0.150534
2 0.947284 0.752257 0.104933 0.193682 0.14993
2 0.582919 0.727968 0.0919369 0.177047 0.149733
0 0.995223 0.244967 0.00881729 0.039882 0.147724
5 0.227388 0.151673 0.0326957 0.0354665 0.14468
0 0.667232 0.102884 0.014359 0.0233007 0.136619
2 0.592638 0.900069 0.13026 0.198993 0.134604
0 0.995148 0.245779 0.00902309 0.0390363 0.13433
2 0.212296 0.876405 0.0885203 0.0939072 0.133428
5 0.22745 0.151964 0.0324429 0.0352996 0.13096
0 0.93469 0.163582 0.0105885 0.021212 0.129997
0 0.907201 0.163493 0.0123676 0.0208104 0.129471
2 0.219324 0.897007 0.142791 0.205406 0.128889
2 0.739445 0.384778 0.0717363 0.0775161 0.127714
2 0.336239 0.341016 0.0601956 0.0723053 0.124148
0 0.228907 0.197967 0.0157014 0.0382573 0.122958
2 0.433262 0.646126 0.0813458 0.15808 0.118988
2 0.431267 0.148923 0.0192922 0.0257549 0.118296
5 0.442403 0.115325 0.0401502 0.0519685 0.117704
2 0.21162 0.880302 0.0870454 0.0830284 0.115582
5 0.581148 0.0381395 0.0254444 0.0401102 0.114627
0 0.93676 0.163168 0.00898437 0.0208785 0.114332
0 0.963652 0.189598 0.0179848 0.0372074 0.105692
0 0.66873 0.128965 0.0288427 0.0676251 0.104784
2 0.220471 0.895589 0.139026 0.206793 0.10387
5 0.227548 0.151454 0.0318083 0.0345377 0.10301
5 0.44438 0.115034 0.0386161 0.0483118 0.101217
2 0.73849 0.339477 0.0222677 0.0160731 0.0996307
5 0.392036 0.093398 0.0302628 0.0362001 0.0995373
5 0.434893 0.0674153 0.0302411 0.0381804 0.0987227
0 0.426087 0.292864 0.0182415 0.035357 0.0954301
5 0.581391 0.0381172 0.0276209 0.0398939 0.0934741
0 0.963924 0.181584 0.0179092 0.0371085 0.0930706
5 0.224946 0.151089 0.0360434 0.0381353 0.090592
0 0.935066 0.162589 0.0114857 0.0233701 0.0900673
2 0.739873 0.384706 0.0711778 0.0760031 0.0893472
0 0.661023 0.12172 0.0181042 0.0476029 0.0892288
0 0.667106 0.101504 0.0144777 0.0239861 0.0883385
5 0.382464 0.163233 0.091011 0.0963058 0.0880612
5 0.443501 0.115584 0.0368635 0.0489136 0.0865222
0 0.668109 0.124752 0.0255175 0.0668275 0.0857541
0 0.129751 0.203957 0.0100136 0.0260506 0.0846542
2 0.0985207 0.778711 0.143718 0.206345 0.0839673
0 0.881326 0.167747 0.00965881 0.0142738 0.0825739
0 0.0133306 0.331936 0.0185307 0.0597962 0.0823947
0 0.0567172 0.215769 0.0106889 0.0244902 0.0815523
2 0.435201 0.075348 0.0284281 0.0251815 0.0811753
0 0.428633 0.282271 0.021603 0.057945 0.0779245
7 0.444113 0.114837 0.0398029 0.0485491 0.0774915
2 0.533162 0.10007 0.0221397 0.0397848 0.0758926
0 0.666991 0.121909 0.0254278 0.0622395 0.0754715
0 0.840661 0.177181 0.0113602 0.0269924 0.0748373
5 0.390591 0.0870471 0.0468687 0.0557934 0.0744392
2 0.535941 0.104104 0.0235012 0.0328144 0.0738588
2 0.0466917 0.129545 0.0548679 0.0210381 0.0730697
5 0.472618 0.0496656 0.0249157 0.037992 0.0714762
5 0.226902 0.151291 0.0344217 0.0373539 0.0696426
0 0.663274 0.125563 0.02069 0.0483591 0.0694331
5 0.444253 0.11616 0.0349931 0.0480912 0.0693751
2 0.632106 0.058623 0.0353651 0.0398955 0.068817
5 0.435558 0.0634778 0.0312813 0.0425832 0.0681102
5 0.382341 0.15974 0.0896136 0.100616 0.0674573
5 0.581646 0.03658 0.0244504 0.0421245 0.0672206
2 0.336199 0.344433 0.0577608 0.0653338 0.0670369
2 0.208496 0.875993 0.105038 0.0932362 0.0666204
0 0.819218 0.122271 0.0141197 0.0285788 0.0665982
0 0.964375 0.175657 0.015354 0.028311 0.0665642
5 0.444232 0.115922 0.0387545 0.0491613 0.0665467
2 0.211747 0.884366 0.0866053 0.0740776 0.0665248
0 0.840592 0.175607 0.0107285 0.0286632 0.0657975
5 0.472782 0.05015 0.023907 0.0388362 0.0650015
5 0.268774 0.123571 0.0243156 0.0358904 0.0645202
2 0.0458342 0.128456 0.0511957 0.0176977 0.0630039
2 0.211892 0.879247 0.0878454 0.0867323 0.0604406
0 0.327252 0.277279 0.0162791 0.0377108 0.058936
2 0.434022 0.645852 0.0836098 0.15856 0.0586552
0 0.909638 0.163284 0.0123741 0.0181728 0.0585176
0 0.103809 0.190023 0.0135257 0.0257184 0.0580842
0 0.229292 0.195759 0.0166358 0.037504 0.0580162
2 0.974544 0.538116 0.0493053 0.0217859 0.0578897
5 0.222003 0.151543 0.0429203 0.0394094 0.0573377
0 0.759721 0.12387 0.0140736 0.0187458 0.0570121
2 0.892541 0.347618 0.0587433 0.0441807 0.0567303
0 0.0912537 0.349866 0.0135272 0.0429836 0.0545914
5 0.356729 0.106354 0.0301501 0.0463402 0.0543513
5 0.392163 0.0879384 0.0498331 0.0525604 0.0543427
0 0.961774 0.184031 0.0172401 0.0380698 0.0537348
5 0.434476 0.645563 0.0853273 0.159404 0.0534021
2 0.21208 0.882347 0.0872044 0.0781893 0.0529488
2 0.365727 0.487007 0.0332589 0.0740747 0.0522082
2 0.892495 0.347717 0.0596355 0.0448674 0.0516127
2 0.718733 0.340948 0.0267496 0.0233672 0.05102
0 0.794851 0.11053 0.00986748 0.0294832 0.0503077
5 0.215234 0.894466 0.152054 0.210247 0.0500181
0 0.819752 0.121777 0.0121054 0.0288432 0.0496331
5 0.268985 0.121857 0.0224036 0.0336307 0.0492006
5 0.391004 0.0752825 0.0463882 0.0377369 0.0489718
2 0.893294 0.347427 0.0607143 0.0457387 0.0489597
2 0.4352 0.0752622 0.0282334 0.0247479 0.0487065
5 0.443949 0.114813 0.041007 0.0491436 0.0485593
5 0.390145 0.0739021 0.0455828 0.0328412 0.0483683
2 0.212014 0.874225 0.095665 0.0966763 0.0474937
5 0.221614 0.146683 0.0422957 0.0508295 0.047228
5 0.44029 0.119939 0.0369684 0.0596819 0.0469208
5 0.356266 0.102515 0.040514 0.0485769 0.0455837
5 0.473125 0.0478148 0.0241327 0.0360412 0.0451573
2 0.225768 0.85963 0.122097 0.12911 0.04496
0 0.668729 0.131394 0.0299299 0.0733851 0.0443494
5 0.225037 0.147301 0.0380094 0.0466846 0.0443481
0 0.0562788 0.215302 0.010597 0.0270814 0.0439627
2 0.432144 0.142844 0.0211229 0.0373094 0.0436641
2 0.58081 0.0485373 0.0249385 0.0217568 0.0434188
5 0.250581 0.118577 0.0649052 0.0515199 0.0433897
5 0.472767 0.0472963 0.0246365 0.0342213 0.0433115
0 0.720059 0.0439187 0.0129881 0.034214 0.0427867
0 0.783506 0.144158 0.0128098 0.0371778 0.0422198
2 0.337751 0.33446 0.0597412 0.0826125 0.0420533
5 0.380213 0.140099 0.0849554 0.139184 0.0414831
0 0.326714 0.276446 0.0193931 0.0346926 0.0412362
0 0.426344 0.279911 0.0203167 0.0563715 0.0412057
2 0.227849 0.859103 0.122744 0.132075 0.0411203
2 0.947396 0.755436 0.104406 0.193665 0.0408824
0 0.78416 0.145756 0.0117549 0.0295943 0.0407477
0 0.758694 0.123237 0.0127839 0.0177109 0.0403618
2 0.892811 0.34673 0.0597219 0.0439804 0.0400208
2 0.893001 0.34745 0.0584118 0.0442378 0.0399105
5 0.751766 0.0440717 0.0954102 0.0880627 0.0397835
2 0.62582 0.0647634 0.0240992 0.0315636 0.0397567
2 0.227979 0.858715 0.122537 0.133293 0.0397215
2 0.0355491 0.94914 0.0673611 0.101274 0.0395044
0 0.620248 0.0704627 0.016457 0.0239283 0.0390007
0 0.0888082 0.152512 0.0279071 0.0497437 0.0388493
5 0.390423 0.0792986 0.0449039 0.0445765 0.0387986
2 0.00702075 0.929914 0.013883 0.0425278 0.0385884
9 0.169319 0.164092 0.0154193 0.0268949 0.037878
