2 0.486139 0.210431 0.0871567 0.0525734 0.859988
2 0.370615 0.247044 0.104984 0.0632619 0.848064
2 0.37075 0.246911 0.10421 0.0624496 0.836123
2 0.486227 0.21058 0.087953 0.0530439 0.833439
2 0.371034 0.246662 0.105272 0.0613614 0.824621
2 0.370566 0.246782 0.105116 0.0616173 0.816902
2 0.48571 0.210657 0.0866415 0.0523674 0.806978
2 0.485458 0.210769 0.0865647 0.052224 0.798701
2 0.370914 0.247125 0.104839 0.0616239 0.79702
2 0.694762 0.239938 0.104744 0.0601357 0.791853
2 0.370508 0.246743 0.1053 0.0627601 0.78255
2 0.695058 0.239958 0.104124 0.0607474 0.764674
2 0.695072 0.240257 0.104272 0.0593726 0.761782
2 0.642865 0.223705 0.0830023 0.0572949 0.758073
0 0.137404 0.553208 0.0300142 0.110813 0.753153
0 0.0797793 0.554189 0.0400392 0.121889 0.749217
2 0.486742 0.210372 0.0879131 0.0527502 0.74495
2 0.191048 0.245962 0.095049 0.0575471 0.741181
2 0.486196 0.210439 0.0876616 0.0529791 0.738801
2 0.32638 0.212347 0.0829206 0.0638441 0.737737
0 0.0793452 0.553348 0.0384849 0.124189 0.737411
2 0.370745 0.247479 0.105009 0.0609194 0.73431
2 0.485999 0.21066 0.0870593 0.0521649 0.733684
0 0.0304776 0.942043 0.0595693 0.115787 0.730282
0 0.0304912 0.941688 0.0598286 0.116043 0.72441
0 0.0302739 0.941544 0.0593584 0.116068 0.723401
0 0.0304254 0.941326 0.0594782 0.116419 0.721989
2 0.191121 0.245455 0.0951627 0.0571116 0.720616
0 0.0795918 0.553554 0.0386012 0.126008 0.719284
0 0.137299 0.554219 0.0296472 0.11053 0.716817
2 0.487054 0.210354 0.0857598 0.0517533 0.714878
0 0.0308396 0.94147 0.059797 0.116487 0.7123
2 0.32576 0.212113 0.0834247 0.0630506 0.711672
0 0.0795038 0.552854 0.0380568 0.123825 0.710738
0 0.0307013 0.941741 0.0592622 0.115894 0.70817
2 0.370515 0.247078 0.103786 0.0614211 0.702603
2 0.325686 0.212468 0.0825151 0.0638867 0.699425
0 0.13724 0.553016 0.0292073 0.108967 0.699099
2 0.642224 0.224174 0.0826489 0.0568835 0.698731
2 0.191722 0.245059 0.0939946 0.0575204 0.698438
2 0.693631 0.241051 0.101518 0.0598301 0.698385
2 0.642405 0.223177 0.0827354 0.0585785 0.692332
0 0.0794182 0.552914 0.0381925 0.123613 0.691123
2 0.641588 0.224093 0.081591 0.0573463 0.68485
0 0.0304408 0.94145 0.0600651 0.116179 0.684441
2 0.19188 0.245437 0.0946866 0.0567399 0.683757
2 0.642059 0.223422 0.081861 0.0563679 0.682524
2 0.641994 0.223768 0.0823596 0.0578437 0.679695
0 0.0306212 0.941732 0.0602942 0.115841 0.679596
2 0.694652 0.240392 0.104267 0.0600336 0.677357
2 0.642991 0.224291 0.0837766 0.056349 0.675923
2 0.485676 0.210253 0.0861956 0.0522504 0.67369
2 0.642688 0.224399 0.0831774 0.0565001 0.673012
2 0.695031 0.240356 0.103296 0.0608047 0.672722
0 0.137287 0.552778 0.0290559 0.108961 0.657067
0 0.137381 0.55379 0.0289859 0.110847 0.641879
2 0.326436 0.212012 0.0824914 0.0639904 0.640689
0 0.137102 0.554368 0.0298759 0.111255 0.640181
2 0.0707518 0.244116 0.0712988 0.0524693 0.638955
2 0.192401 0.244899 0.0941442 0.0570223 0.636476
2 0.0713991 0.243923 0.0694919 0.0511173 0.635619
2 0.369302 0.246527 0.106878 0.0587257 0.634123
0 0.170412 0.551452 0.0351127 0.100866 0.631731
0 0.137216 0.552334 0.0304335 0.111803 0.628903
0 0.1374 0.553609 0.0289542 0.110478 0.625589
0 0.0796421 0.555692 0.0389149 0.119079 0.619976
2 0.190583 0.245512 0.0927618 0.0578558 0.618117
0 0.079602 0.555561 0.038728 0.118837 0.615137
2 0.191884 0.245603 0.0948308 0.0562053 0.611569
0 0.170912 0.551022 0.0348599 0.100871 0.605885
2 0.325767 0.21212 0.0841599 0.0632749 0.60169
2 0.641812 0.223888 0.0809255 0.0550082 0.598862
0 0.170304 0.551847 0.0351577 0.102176 0.593665
2 0.325821 0.211044 0.0828365 0.0624734 0.591155
0 0.136701 0.552712 0.0308005 0.114101 0.587236
2 0.325513 0.211308 0.0841095 0.0637153 0.586892
2 0.191203 0.245532 0.0941797 0.0578929 0.586108
2 0.0690218 0.244789 0.0689408 0.0516442 0.580224
0 0.137692 0.553988 0.029252 0.112128 0.571314
2 0.642329 0.225011 0.0823685 0.0567781 0.559534
2 0.369045 0.2458 0.107124 0.0574949 0.558465
2 0.0708257 0.244053 0.0716259 0.0533014 0.552456
2 0.150285 0.22532 0.0812239 0.0507014 0.551429
2 0.693836 0.241046 0.105213 0.0595095 0.53939
2 0.0707572 0.243775 0.0737935 0.0509325 0.532364
2 0.0711951 0.24371 0.072369 0.0499225 0.514973
0 0.171523 0.551667 0.0330504 0.101796 0.503866
2 0.0703658 0.244156 0.0711489 0.0510197 0.493322
2 0.845028 0.134242 0.0548939 0.0305792 0.491979
0 0.171489 0.552589 0.0333778 0.101501 0.485925
0 0.0790294 0.552749 0.0391036 0.125194 0.48173
2 0.325197 0.21166 0.0840452 0.0636648 0.477031
0 0.0789657 0.553214 0.0392435 0.126478 0.473131
2 0.486891 0.210432 0.0853956 0.0515865 0.470913
2 0.845029 0.133515 0.0559752 0.0313125 0.469881
2 0.149192 0.224992 0.0796293 0.0498665 0.468305
2 0.15071 0.225514 0.0812784 0.0517849 0.462645
2 0.0199987 0.249011 0.0399973 0.045139 0.450581
2 0.0205971 0.248193 0.0411943 0.0461377 0.437602
0 0.0798643 0.554329 0.0388681 0.129257 0.425296
2 0.0209327 0.249127 0.0418653 0.0463455 0.401031
2 0.845017 0.13328 0.0540758 0.0311691 0.399182
2 0.844639 0.132957 0.0549282 0.0319434 0.3944
2 0.0701296 0.24408 0.0733322 0.0507869 0.393404
2 0.0215999 0.249155 0.0431711 0.048893 0.391901
2 0.325087 0.211859 0.0830422 0.0640181 0.388041
2 0.844523 0.134837 0.0559864 0.0297334 0.378325
2 0.150012 0.224923 0.0803153 0.0502554 0.371105
2 0.0217547 0.249557 0.0433774 0.0492251 0.3681
0 0.175727 0.552058 0.0280468 0.100199 0.365372
0 0.170945 0.551252 0.034666 0.102632 0.364643
2 0.191224 0.245652 0.0951339 0.0564447 0.3593
2 0.0681375 0.250805 0.0675058 0.0393807 0.352777
2 0.844542 0.135289 0.0534008 0.0266633 0.350344
2 0.0204978 0.249032 0.0409769 0.0458862 0.34681
2 0.149903 0.224334 0.0794797 0.0496984 0.32546
2 0.150495 0.225119 0.0825499 0.0516349 0.324824
2 0.113574 0.276064 0.0922496 0.0383795 0.32378
2 0.0711535 0.244404 0.0709126 0.0504151 0.315343
0 0.171012 0.551833 0.0312726 0.100709 0.313134
2 0.0718664 0.24369 0.0721834 0.051927 0.309537
2 0.109609 0.276223 0.0924335 0.0373534 0.308465
2 0.0205038 0.248628 0.0408289 0.0462801 0.292557
2 0.147715 0.224676 0.0776782 0.0509992 0.292361
2 0.191757 0.246039 0.0943385 0.0564686 0.292268
0 0.0792465 0.55411 0.0384797 0.122552 0.288877
2 0.147292 0.225781 0.0787592 0.0545882 0.279588
2 0.0224 0.249135 0.044716 0.0478278 0.274577
2 0.0203063 0.249855 0.0404796 0.0471963 0.26764
2 0.325974 0.211739 0.0849607 0.0644768 0.266236
0 0.852822 0.183628 0.0175695 0.0489099 0.26224
1 0.757129 0.186179 0.0335775 0.0479152 0.261657
1 0.752104 0.182264 0.0319908 0.0426884 0.26004
0 0.852525 0.182426 0.017852 0.0499807 0.2542
2 0.694879 0.239359 0.103238 0.0620898 0.251832
2 0.872916 0.27491 0.113153 0.0747276 0.217191
2 0.844737 0.133645 0.0544861 0.0298899 0.214952
2 0.873154 0.275041 0.11265 0.07447 0.207085
2 0.694316 0.240578 0.103745 0.064851 0.205052
2 0.844635 0.133884 0.0550545 0.0300594 0.203393
2 0.0209373 0.246175 0.0418745 0.0433714 0.202714
2 0.146432 0.225048 0.0744575 0.0510915 0.199811
0 0.173387 0.553822 0.0319035 0.0970006 0.197622
1 0.767443 0.185218 0.0197925 0.0388848 0.194243
1 0.755648 0.182746 0.0335248 0.0448406 0.190585
2 0.112338 0.27568 0.0823759 0.0360119 0.190329
1 0.757695 0.188095 0.0319777 0.0505323 0.188663
1 0.762872 0.187723 0.0340522 0.0467135 0.188194
1 0.748139 0.179788 0.0225307 0.0404811 0.187243
2 0.872661 0.274865 0.112751 0.0742002 0.183782
2 0.872804 0.274784 0.112728 0.0743496 0.183384
2 0.873073 0.274907 0.112776 0.0740889 0.182377
0 0.17294 0.551315 0.0302718 0.101552 0.181019
2 0.0206776 0.249438 0.04124 0.0471409 0.174626
0 0.852822 0.180886 0.0192253 0.0504932 0.172103
2 0.148416 0.225175 0.0727865 0.0502633 0.16729
2 0.113057 0.275481 0.0849798 0.0370221 0.165224
2 0.873213 0.275074 0.112811 0.0737607 0.163855
2 0.114828 0.273617 0.092861 0.0355993 0.159963
1 0.758634 0.184705 0.047905 0.0497843 0.157961
2 0.6951 0.240564 0.104164 0.0597484 0.157598
2 0.0225835 0.24987 0.0449531 0.047517 0.151206
0 0.0319357 0.94298 0.0568306 0.113017 0.14387
0 0.175082 0.556995 0.0269886 0.0907287 0.143418
0 0.85276 0.18483 0.0189085 0.0526898 0.143146
2 0.873031 0.275189 0.112516 0.0735155 0.141886
2 0.845053 0.132427 0.0542671 0.0333534 0.141196
2 0.190594 0.243647 0.0969949 0.0615323 0.137861
2 0.845296 0.132324 0.0550623 0.0339316 0.135891
0 0.744639 0.147689 0.0255452 0.0528218 0.134042
2 0.114096 0.275673 0.088047 0.0393637 0.129201
2 0.114444 0.275409 0.095895 0.038095 0.128072
2 0.146053 0.224874 0.0727857 0.0502669 0.127686
2 0.69471 0.239231 0.10393 0.0607359 0.124995
7 0.919634 0.167575 0.155112 0.103683 0.12238
2 0.108781 0.275215 0.0860584 0.0326791 0.122148
2 0.113446 0.275187 0.10026 0.0395049 0.120608
2 0.0207705 0.250377 0.0414011 0.0491296 0.119891
2 0.873046 0.274799 0.113258 0.0744277 0.117326
2 0.111048 0.273572 0.0792629 0.033152 0.116273
2 0.0200831 0.251012 0.0400588 0.049259 0.116107
2 0.642735 0.224716 0.0854709 0.0562449 0.115195
2 0.914381 0.170479 0.142358 0.0965924 0.113321
9 0.0955634 0.101771 0.0119085 0.0228405 0.110668
2 0.0733722 0.244014 0.0759427 0.0513021 0.101926
2 0.693716 0.240203 0.104474 0.0586963 0.0993538
2 0.00672545 0.26382 0.0133926 0.0284004 0.0976874
2 0.913745 0.170236 0.142673 0.0959257 0.0933082
9 0.0951701 0.102224 0.0141998 0.0244986 0.0902947
0 0.031445 0.942744 0.0541243 0.114513 0.0891867
0 0.745136 0.152728 0.0254869 0.0564838 0.0881709
2 0.673895 0.229147 0.146664 0.0632165 0.0869794
7 0.920366 0.167428 0.154642 0.102215 0.0868573
2 0.907233 0.141242 0.0693199 0.0495595 0.086298
0 0.172387 0.551674 0.0356598 0.101181 0.0862294
0 0.852493 0.183568 0.0201071 0.0503571 0.0837582
0 0.746881 0.148483 0.02418 0.0490526 0.0831957
7 0.919594 0.167518 0.156204 0.10229 0.082977
2 0.326679 0.211837 0.0842689 0.0630504 0.0783802
0 0.747091 0.156351 0.0254664 0.0624142 0.0780225
0 0.744821 0.136234 0.0271978 0.0767079 0.0773929
0 0.852257 0.185218 0.0205494 0.0551043 0.0773204
0 0.854584 0.182148 0.0232412 0.0545402 0.0735384
2 0.691745 0.23795 0.0977938 0.0562827 0.0727365
7 0.269991 0.669262 0.539981 0.177186 0.0722546
1 0.751744 0.180525 0.0463793 0.0440853 0.0719191
2 0.675187 0.23187 0.143833 0.0625741 0.0713682
2 0.692987 0.239515 0.100188 0.0577912 0.0709329
0 0.0776781 0.5542 0.0366415 0.118297 0.0703534
2 0.907766 0.144008 0.0715956 0.0514733 0.0684801
1 0.75238 0.176927 0.0282208 0.0538708 0.0655768
2 0.157983 0.224549 0.0724791 0.0503516 0.0648603
2 0.913177 0.143354 0.0803539 0.0492744 0.0631141
2 0.843125 0.132197 0.0522346 0.0341889 0.0624177
0 0.175026 0.552708 0.0282255 0.0989526 0.0595006
0 0.254016 0.191075 0.0123677 0.0317266 0.0591265
2 0.113992 0.273401 0.0815142 0.0363371 0.0586581
0 0.852504 0.182041 0.0200684 0.0515459 0.0582495
7 0.270146 0.669494 0.540292 0.174257 0.0576042
2 0.914507 0.169667 0.143339 0.0974291 0.0573306
2 0.371202 0.24535 0.102131 0.0561411 0.0568725
7 0.919574 0.166979 0.153479 0.104708 0.0562354
2 0.907416 0.1317 0.0692007 0.0321074 0.0520734
1 0.746594 0.172484 0.0231688 0.0502224 0.0510091
0 0.0799854 0.554379 0.0378459 0.122646 0.0509994
2 0.924799 0.12016 0.0276905 0.0185827 0.0499222
2 0.641374 0.223791 0.0821629 0.0552164 0.0495896
2 0.325372 0.212066 0.0840775 0.0631234 0.0475926
2 0.922751 0.121553 0.0282221 0.016762 0.0466367
0 0.7453 0.141464 0.0278123 0.0612644 0.0453631
7 0.919974 0.169372 0.150719 0.0979358 0.0449302
0 0.745088 0.144144 0.0307411 0.0728179 0.0447033
1 0.769564 0.184903 0.0721639 0.047648 0.0446074
7 0.270273 0.66959 0.540546 0.173917 0.0437515
1 0.767684 0.183876 0.0177408 0.0381487 0.042269
2 0.110932 0.277119 0.104041 0.0426739 0.0417558
0 0.852928 0.181255 0.0208933 0.0512357 0.0414039
0 0.0229187 0.941113 0.0414092 0.116835 0.0404275
2 0.111624 0.278585 0.0997438 0.0422656 0.0403822
2 0.174322 0.237013 0.128691 0.0687808 0.0401395
7 0.270205 0.674632 0.540411 0.189975 0.03976
7 0.913847 0.169566 0.140186 0.0961422 0.0394156
2 0.681484 0.234868 0.129774 0.0639547 0.0391963
2 0.842531 0.133678 0.0551544 0.0288866 0.0382092
1 0.78199 0.187849 0.0442062 0.0408783 0.0379685
0 0.253689 0.187796 0.0123952 0.0286147 0.0378711
2 0.907612 0.146356 0.070607 0.051768 0.0375453
7 0.916164 0.169968 0.144013 0.0972946 0.0369904
2 0.916992 0.169557 0.142664 0.0974174 0.0364625
2 0.152577 0.224569 0.0716391 0.0497748 0.0353104
0 0.0226193 0.941995 0.0372632 0.116011 0.0348693
0 0.353792 0.221554 0.027101 0.0427551 0.0347824
2 0.226702 0.202505 0.019606 0.0389834 0.0345613
2 0.874261 0.274528 0.110994 0.0728636 0.0344783
7 0.915956 0.169733 0.140062 0.096704 0.0341392
9 0.106361 0.148006 0.0104395 0.0280438 0.0323402
1 0.753683 0.179685 0.0448544 0.0536781 0.0321744
0 0.166731 0.550849 0.0285429 0.0999869 0.0321532
2 0.893515 0.145587 0.0425045 0.0507573 0.031874
2 0.905253 0.142564 0.0667755 0.0467352 0.0313596
7 0.269746 0.668017 0.539491 0.165713 0.0301129
0 0.881707 0.106877 0.0104753 0.0311835 0.0300878
2 0.857209 0.138049 0.0304829 0.0237325 0.0299758
7 0.270215 0.669394 0.54043 0.175799 0.0299183
1 0.762441 0.182418 0.0276499 0.0417141 0.0293598
2 0.109411 0.27856 0.0989872 0.0393713 0.0287456
2 0.908219 0.126213 0.0624588 0.026038 0.0284669
2 0.0217918 0.249499 0.0435835 0.0482523 0.0276139
2 0.103443 0.278548 0.0994411 0.0380229 0.0273365
2 0.192784 0.245986 0.0962495 0.0563638 0.0272644
1 0.734833 0.179022 0.0211658 0.0406197 0.0270767
9 0.107367 0.151806 0.0126544 0.0315223 0.0264591
0 0.741787 0.150742 0.025911 0.0508613 0.0264342
0 0.172771 0.551468 0.0348279 0.101162 0.0261809
7 0.271234 0.674064 0.538286 0.190747 0.0257195
2 0.371141 0.24504 0.102396 0.0553116 0.0249741
0 0.745866 0.162735 0.0337265 0.0605667 0.0248643
0 0.136707 0.551891 0.0251217 0.102579 0.0247317
0 0.740388 0.162676 0.0241383 0.0662036 0.0246031
7 0.269075 0.668355 0.538149 0.168766 0.0243683
0 0.519972 0.176687 0.0133584 0.0269449 0.0242202
0 0.166035 0.550306 0.0286366 0.0949548 0.0239746
2 0.847739 0.134624 0.0538883 0.0307181 0.0239259
0 0.22943 0.214991 0.0162183 0.0247238 0.0236427
1 0.755538 0.187853 0.0370617 0.0487842 0.0235526
2 0.369788 0.247229 0.104372 0.0600968 0.0225579
2 0.886054 0.254195 0.0791607 0.0318541 0.022466
2 0.923449 0.144353 0.099749 0.0458162 0.0221221
2 0.888974 0.141022 0.032526 0.0418931 0.0220196
2 0.909475 0.136574 0.0696602 0.0432769 0.0219645
26 0.175297 0.544468 0.0216233 0.0471584 0.0216863
2 0.873676 0.275527 0.113324 0.0766989 0.0216046
0 0.737238 0.177125 0.0212601 0.0434073 0.0212827
2 0.885096 0.253393 0.0762493 0.0293749 0.02087
1 0.734293 0.182531 0.0230078 0.0367099 0.0203844
1 0.779315 0.189737 0.0505498 0.0399224 0.0203539
7 0.268986 0.673506 0.537972 0.182726 0.0200762
0 0.993248 0.1526 0.0128437 0.0666122 0.0200372
0 0.0180783 0.20337 0.0140195 0.0396717 0.0199378
0 0.993747 0.148988 0.0118095 0.0642793 0.0191262
