5 0.631409 0.248955 0.31252 0.124876 0.907952
5 0.631057 0.24961 0.311711 0.125077 0.893548
5 0.631253 0.249394 0.311963 0.124539 0.876828
5 0.631161 0.248874 0.313321 0.124493 0.871905
5 0.630657 0.24907 0.311319 0.124997 0.838033
5 0.631124 0.248993 0.313944 0.122802 0.801255
5 0.630228 0.249456 0.311768 0.124448 0.790814
5 0.631625 0.249169 0.312723 0.123037 0.79068
5 0.907975 0.253347 0.1822 0.113701 0.789107
5 0.908281 0.253612 0.181113 0.114925 0.786935
5 0.90817 0.257232 0.182347 0.121297 0.771865
2 0.322314 0.276422 0.0842244 0.0648078 0.749546
5 0.908321 0.249673 0.182042 0.107186 0.745558
2 0.322022 0.276324 0.0842683 0.0651032 0.744297
0 0.0723739 0.591198 0.0372776 0.130358 0.734403
2 0.322226 0.276311 0.0842385 0.0644555 0.734327
5 0.630925 0.249747 0.309642 0.125335 0.733645
5 0.907943 0.256508 0.183251 0.121046 0.729845
0 0.0722286 0.589659 0.036365 0.128971 0.728116
0 0.0724153 0.590064 0.0367023 0.129019 0.721979
2 0.322414 0.276032 0.0824568 0.065224 0.721033
2 0.32224 0.276188 0.0842917 0.0653289 0.719531
2 0.43526 0.302932 0.102989 0.0509185 0.717014
5 0.909064 0.25447 0.181401 0.116165 0.716681
2 0.322105 0.277374 0.0816319 0.0642749 0.68758
5 0.630757 0.249473 0.309666 0.124142 0.671052
0 0.128889 0.618339 0.0316167 0.0807842 0.659904
5 0.908379 0.254473 0.182277 0.116439 0.659673
2 0.435042 0.302283 0.103102 0.0496512 0.65384
0 0.0716102 0.589904 0.0364306 0.129801 0.646946
5 0.909146 0.254677 0.181052 0.116531 0.639762
2 0.435853 0.302916 0.103397 0.0507619 0.630427
0 0.0710676 0.590163 0.0364081 0.130162 0.627584
2 0.435153 0.304588 0.103492 0.0541971 0.612979
2 0.322201 0.276281 0.0821515 0.0652782 0.600446
2 0.435223 0.303536 0.102827 0.0514825 0.590784
5 0.908119 0.24094 0.181909 0.0913164 0.578079
2 0.322107 0.276162 0.0835429 0.0654633 0.570525
0 0.0725612 0.591539 0.0369406 0.128665 0.554115
0 0.129196 0.617046 0.032562 0.0776514 0.551266
0 0.128716 0.617601 0.0315217 0.0802662 0.539303
0 0.128803 0.618301 0.0318374 0.0811576 0.518746
0 0.128975 0.617793 0.0315318 0.0803466 0.518224
5 0.9103 0.253298 0.178293 0.112813 0.51493
0 0.129331 0.617 0.0327652 0.0794554 0.510926
2 0.435682 0.303462 0.103289 0.0513231 0.499146
0 0.128849 0.619631 0.0322314 0.0788523 0.485372
5 0.908707 0.240188 0.182586 0.0901549 0.481923
0 0.07239 0.591566 0.0363941 0.124621 0.472399
0 0.0734929 0.590214 0.0372411 0.129306 0.460243
2 0.433312 0.30087 0.105994 0.0463264 0.444229
2 0.322028 0.276316 0.0832001 0.0651122 0.434752
0 0.376494 0.604788 0.0274093 0.114001 0.429565
0 0.0720089 0.590446 0.0361783 0.128084 0.418288
2 0.43409 0.301841 0.103137 0.0483809 0.406782
0 0.073025 0.590366 0.0368863 0.129383 0.398906
2 0.155201 0.310895 0.100936 0.0492997 0.391398
0 0.376874 0.600633 0.0270277 0.109733 0.39055
2 0.321908 0.276412 0.0821204 0.0659711 0.388082
0 0.129013 0.6161 0.031336 0.0773603 0.381069
5 0.90792 0.242634 0.180637 0.0917068 0.376378
0 0.377373 0.604686 0.0276239 0.117063 0.375975
0 0.376877 0.606247 0.0285538 0.120294 0.373245
0 0.376996 0.598315 0.0267483 0.104154 0.367407
0 0.377425 0.604179 0.0278635 0.11627 0.366541
2 0.154495 0.310915 0.100154 0.0492671 0.359175
0 0.376146 0.606344 0.0279515 0.11878 0.334353
0 0.15636 0.597586 0.0301279 0.106064 0.333862
5 0.909334 0.241847 0.18065 0.0923858 0.33229
0 0.377209 0.594415 0.0267384 0.0971066 0.328341
2 0.847379 0.322332 0.106867 0.0748144 0.326088
0 0.156222 0.597795 0.0304727 0.10628 0.314865
0 0.129252 0.617372 0.0336457 0.0802113 0.310931
2 0.847611 0.322516 0.106203 0.0734491 0.31013
2 0.433178 0.300027 0.104876 0.0442977 0.309747
2 0.847475 0.322506 0.105992 0.0734069 0.307098
2 0.847782 0.32232 0.106679 0.0758265 0.293627
2 0.847707 0.322987 0.106311 0.0735095 0.288285
2 0.953864 0.290944 0.0912697 0.0521057 0.28789
0 0.376998 0.595048 0.0267495 0.0979013 0.287406
5 0.413989 0.2419 0.136817 0.0892739 0.280763
2 0.437259 0.300411 0.0954252 0.0448642 0.275213
2 0.835814 0.188812 0.0497402 0.0236433 0.249893
2 0.835834 0.188368 0.0516098 0.0239083 0.249555
2 0.835315 0.187836 0.0500387 0.0232834 0.249188
2 0.956812 0.289915 0.0860872 0.0486924 0.248308
0 0.156322 0.598451 0.0308465 0.107849 0.244986
2 0.152369 0.312921 0.0949586 0.0463206 0.244251
2 0.237799 0.296346 0.0907777 0.0536903 0.241889
2 0.961257 0.289735 0.0774859 0.0475188 0.23647
2 0.835624 0.188446 0.0505945 0.0241132 0.233706
2 0.152108 0.309951 0.0920973 0.0449101 0.231737
0 0.15581 0.597151 0.0301915 0.107269 0.228383
5 0.413503 0.24096 0.136379 0.0879036 0.228188
2 0.239433 0.298849 0.0927447 0.0537662 0.226162
2 0.835299 0.188518 0.0494776 0.0227509 0.224293
2 0.156048 0.31263 0.10322 0.0517152 0.223698
5 0.413271 0.242193 0.136297 0.0903868 0.220359
5 0.413535 0.240804 0.136781 0.0870863 0.219575
2 0.238884 0.295616 0.0917807 0.0539903 0.219327
2 0.847038 0.321957 0.105965 0.074342 0.219194
2 0.235726 0.302409 0.0884228 0.0624075 0.213762
0 0.128991 0.614313 0.0306796 0.0736941 0.211546
5 0.415009 0.242444 0.133005 0.0918011 0.208905
5 0.412889 0.241253 0.137191 0.0887272 0.200227
2 0.836273 0.188192 0.0526709 0.0252932 0.196583
0 0.128526 0.620345 0.0314543 0.076866 0.195866
2 0.846894 0.322647 0.107738 0.0759212 0.195799
2 0.152308 0.311298 0.0918296 0.0409926 0.192141
2 0.23811 0.29859 0.0910973 0.0605088 0.19174
2 0.954778 0.290847 0.0899151 0.0513631 0.191297
0 0.158644 0.602152 0.0252763 0.0918631 0.190046
2 0.152831 0.312178 0.0939405 0.0464625 0.188879
2 0.955894 0.289975 0.0842438 0.0479379 0.184902
2 0.951654 0.290554 0.095245 0.0493844 0.184665
2 0.236905 0.298819 0.0886914 0.0576835 0.183564
2 0.237929 0.29591 0.0899624 0.0553542 0.182261
2 0.234966 0.296088 0.0882241 0.0554248 0.178311
2 0.961374 0.289799 0.0765209 0.0471665 0.172285
2 0.432981 0.300284 0.101978 0.0441773 0.171099
2 0.236674 0.297093 0.0889424 0.0560554 0.170961
0 0.157147 0.597437 0.0283575 0.100273 0.168685
2 0.238144 0.29725 0.0906805 0.0535765 0.1663
5 0.0313086 0.279648 0.0626171 0.123399 0.162443
0 0.1559 0.596275 0.0306872 0.102986 0.160124
2 0.23862 0.296104 0.092447 0.0513232 0.159602
2 0.835747 0.187597 0.0507942 0.0256779 0.151472
0 0.158564 0.607402 0.0240431 0.0821019 0.150772
0 0.0719006 0.590133 0.0357214 0.127561 0.149832
5 0.030771 0.278801 0.0614237 0.120813 0.14912
2 0.960339 0.289996 0.0779579 0.0468322 0.147585
0 0.164349 0.229967 0.0162256 0.0390777 0.14738
0 0.0719224 0.5892 0.036085 0.128094 0.147104
2 0.154644 0.311033 0.0931468 0.041598 0.146394
2 0.239931 0.298435 0.0906026 0.0478753 0.14636
5 0.910177 0.256204 0.179062 0.119284 0.145448
5 0.413222 0.237948 0.138489 0.0821278 0.140156
2 0.961127 0.290272 0.0739298 0.0455136 0.134593
0 0.193292 0.273791 0.0203194 0.0490518 0.13418
0 0.164552 0.229393 0.0155652 0.038155 0.130147
2 0.153292 0.311173 0.0961437 0.0496883 0.126921
0 0.163746 0.229694 0.0153437 0.0376806 0.125668
5 0.0309383 0.27888 0.0615484 0.119094 0.123269
0 0.0451766 0.178619 0.0110135 0.0298739 0.121568
5 0.415 0.249666 0.13566 0.104423 0.118918
0 0.892442 0.302572 0.0203573 0.0435411 0.117648
0 0.0455408 0.176961 0.011563 0.0320017 0.114578
0 0.374184 0.608194 0.033211 0.125452 0.11214
0 0.129691 0.612684 0.0312484 0.0703003 0.111843
2 0.15501 0.313963 0.102301 0.0581782 0.11014
0 0.164395 0.228428 0.0174325 0.0399935 0.10913
0 0.375112 0.607731 0.0311316 0.124391 0.107885
5 0.413345 0.238144 0.13792 0.0829692 0.107523
0 0.376086 0.606578 0.0309458 0.124194 0.106476
2 0.950871 0.290176 0.0932758 0.0491559 0.106195
5 0.0306159 0.279051 0.0611922 0.118675 0.105518
5 0.0306743 0.278568 0.0612457 0.117296 0.10282
5 0.0307082 0.278096 0.0613983 0.116342 0.102168
5 0.632101 0.249385 0.312671 0.121547 0.0995022
2 0.961387 0.289661 0.0766289 0.0465772 0.0993062
0 0.892104 0.296563 0.0201954 0.0315537 0.0988416
5 0.41409 0.242291 0.134428 0.0920617 0.0973352
5 0.0305829 0.277831 0.0610739 0.116853 0.0944345
2 0.952196 0.29146 0.0945801 0.0534068 0.092902
0 0.19401 0.272906 0.0185617 0.0479394 0.0911377
0 0.156227 0.596328 0.0304825 0.103939 0.0858093
2 0.160784 0.309744 0.0729494 0.0370255 0.0856958
2 0.163748 0.310093 0.0767485 0.0387967 0.0854094
2 0.437869 0.300222 0.0945312 0.044416 0.083883
2 0.959627 0.290134 0.0789009 0.0483449 0.0828991
10 0.396346 0.773578 0.0634977 0.0565678 0.0820414
2 0.83836 0.186899 0.0545731 0.0313296 0.0812003
2 0.152723 0.315192 0.0963787 0.0502494 0.0790011
2 0.327368 0.239213 0.0575746 0.0259338 0.0780498
2 0.328557 0.249065 0.0589197 0.0424143 0.0775509
2 0.540137 0.319887 0.110873 0.0501748 0.0767431
9 0.047211 0.249942 0.0239694 0.0514843 0.0758488
2 0.154887 0.316274 0.100062 0.0526872 0.0758361
0 0.37562 0.607355 0.0304469 0.122755 0.0749182
0 0.159528 0.610051 0.0243239 0.078723 0.0740874
0 0.194047 0.275301 0.0209638 0.0495654 0.074039
2 0.165051 0.306784 0.0715407 0.0376116 0.0727073
2 0.155115 0.309103 0.101725 0.0515312 0.071852
2 0.759658 0.178948 0.0326695 0.0227925 0.0716783
2 0.542082 0.316363 0.106196 0.043383 0.0714092
0 0.892687 0.309739 0.0204781 0.0578641 0.0702422
2 0.327817 0.241425 0.0604064 0.028034 0.0701531
2 0.321321 0.275728 0.0860408 0.0640145 0.0691518
2 0.457514 0.264045 0.041963 0.0468789 0.0687269
0 0.556854 0.241625 0.0190104 0.0310929 0.0685919
5 0.0307785 0.27984 0.061176 0.120537 0.0679693
0 0.158915 0.614699 0.0260701 0.091028 0.0677225
2 0.233742 0.30039 0.0817917 0.0579231 0.0663623
2 0.1554 0.314995 0.102207 0.0563044 0.0662845
5 0.0305968 0.280599 0.0609833 0.121739 0.0656997
2 0.950106 0.303017 0.0990452 0.0734281 0.065581
2 0.84677 0.324592 0.103157 0.0690269 0.0654839
0 0.375877 0.606646 0.0280984 0.125743 0.0646523
2 0.960786 0.289933 0.0777851 0.0459263 0.0640938
10 0.395502 0.774873 0.0628613 0.053533 0.0630742
2 0.457102 0.264518 0.0409372 0.0436071 0.0621032
9 0.0472405 0.249895 0.0224444 0.0513763 0.0609245
2 0.458282 0.264237 0.0435423 0.0497063 0.0606413
2 0.836739 0.186805 0.050042 0.0305638 0.058332
2 0.849323 0.321605 0.103868 0.0769739 0.0559102
0 0.377452 0.589799 0.0270614 0.0879923 0.0555396
5 0.0300856 0.268416 0.0596985 0.0959746 0.0549484
2 0.232141 0.297613 0.0797948 0.0583335 0.0541625
0 0.159411 0.606549 0.0242359 0.0791676 0.0536866
2 0.950366 0.302502 0.098407 0.0737271 0.0536465
2 0.233009 0.321077 0.0667473 0.0463116 0.0530341
2 0.329267 0.241592 0.0487181 0.0268933 0.0524461
0 0.890882 0.297117 0.0229483 0.0340522 0.0515778
0 0.0722872 0.590172 0.0366879 0.129427 0.0504652
11 0.437568 0.551067 0.0178005 0.059079 0.050349
0 0.566737 0.241761 0.0150485 0.02974 0.050176
2 0.233596 0.312658 0.0757649 0.0591111 0.0481474
0 0.163835 0.227619 0.0179391 0.0431477 0.047975
0 0.163849 0.227903 0.0187193 0.0417656 0.0474169
2 0.950655 0.309026 0.098159 0.0865294 0.0453731
2 0.23365 0.316342 0.076055 0.0544713 0.0452775
0 0.0725654 0.590253 0.0379442 0.129342 0.0445597
2 0.154295 0.315242 0.100992 0.0582813 0.0445407
2 0.758093 0.178872 0.0341572 0.022993 0.0444356
2 0.216339 0.242811 0.0175201 0.0287432 0.0444308
2 0.327961 0.237946 0.0567495 0.0228474 0.0435951
2 0.45793 0.264557 0.0429436 0.0451652 0.0430799
2 0.458024 0.264102 0.0431101 0.0491836 0.043076
2 0.322609 0.275664 0.0848516 0.0661365 0.0430143
5 0.907595 0.251911 0.180195 0.110567 0.0430127
2 0.327012 0.238874 0.0541117 0.0235855 0.0427752
0 0.437215 0.577233 0.0195318 0.114809 0.0427725
10 0.396129 0.775614 0.0628494 0.0536242 0.0424509
2 0.10014 0.289534 0.0206266 0.0351346 0.0423586
2 0.539287 0.322422 0.113025 0.05542 0.0414115
26 0.15687 0.595938 0.0295725 0.100511 0.0413213
2 0.949616 0.312636 0.100176 0.0947207 0.0408678
2 0.458089 0.264987 0.0430734 0.0491043 0.0408023
10 0.396435 0.774174 0.0644149 0.0554083 0.0406915
5 0.90181 0.239827 0.1688 0.0873091 0.0403695
11 0.437528 0.552373 0.0191082 0.0640888 0.0402845
2 0.433277 0.302357 0.10643 0.0496404 0.0401596
2 0.100157 0.289237 0.0208302 0.03469 0.0396456
2 0.512922 0.321126 0.165271 0.0662628 0.0395516
2 0.155685 0.316821 0.0989336 0.0502269 0.0391881
2 0.151458 0.309466 0.0931933 0.0484506 0.0389156
2 0.233622 0.281995 0.0592335 0.0270916 0.0387061
4 0.267038 0.716696 0.526498 0.177936 0.0386274
2 0.539718 0.323461 0.112362 0.0572654 0.0383015
2 0.15644 0.306423 0.0777791 0.0450688 0.0377057
2 0.217132 0.245744 0.0199858 0.0331371 0.0374551
11 0.43759 0.55183 0.0185539 0.0616611 0.0371033
0 0.891036 0.300156 0.0234039 0.038437 0.0370028
0 0.163537 0.228494 0.0176178 0.0430663 0.0368794
2 0.758601 0.177626 0.0324743 0.0243307 0.0368305
5 0.0310502 0.274934 0.0621005 0.107909 0.0363816
0 0.944449 0.251446 0.0117594 0.0308465 0.0357805
2 0.216982 0.239189 0.0189466 0.0220797 0.0355051
2 0.215574 0.24343 0.0221593 0.0285766 0.0351062
2 0.835416 0.187837 0.0567947 0.024985 0.0350958
2 0.950102 0.311746 0.0989981 0.0933554 0.0348474
0 0.831505 0.289264 0.0262827 0.0431668 0.033539
0 0.153538 0.585533 0.0271675 0.0802966 0.0332489
4 0.413365 0.716115 0.240462 0.171149 0.0332235
10 0.395861 0.776576 0.061218 0.0500004 0.0331959
0 0.158182 0.602386 0.0267799 0.0861897 0.0326814
0 0.220786 0.254007 0.0176672 0.0338945 0.0326686
0 0.557137 0.239728 0.0221466 0.0334649 0.0324721
0 0.209008 0.271244 0.0218145 0.0459511 0.0320286
9 0.33286 0.105003 0.0288774 0.0476269 0.0319545
9 0.881083 0.136975 0.0151611 0.0268436 0.0315021
2 0.435568 0.310744 0.104054 0.0679774 0.031358
2 0.848414 0.324651 0.106293 0.0687121 0.0311141
0 0.374944 0.607 0.0280676 0.126773 0.0310793
0 0.892291 0.319073 0.0205 0.07509 0.0309999
0 0.150712 0.583816 0.0211013 0.0781139 0.0309727
2 0.949947 0.312532 0.0996708 0.0961761 0.0307209
2 0.911633 0.30758 0.175861 0.08356 0.0307167
2 0.83659 0.181906 0.0537241 0.0375417 0.0304217
0 0.859327 0.257345 0.0142761 0.0341707 0.0303991
2 0.817344 0.331807 0.0437672 0.0557196 0.0303187
0 0.154952 0.588968 0.0263832 0.088863 0.0302868
5 0.0308289 0.263763 0.0607038 0.0886914 0.0301204
0 0.208452 0.267483 0.0153187 0.0412966 0.0301082
0 0.1923 0.27462 0.0257034 0.0514757 0.0300574
2 0.538177 0.32266 0.116393 0.0607533 0.0295373
7 0.442553 0.714156 0.171928 0.170523 0.0294956
0 0.129052 0.612213 0.0300594 0.0691668 0.0292588
5 0.726944 0.2449 0.119786 0.114052 0.0288003
2 0.322959 0.276214 0.0847399 0.0651975 0.028743
4 0.292403 0.715519 0.478371 0.173197 0.028134
2 0.896046 0.184315 0.0624598 0.0339669 0.0276082
9 0.879382 0.153557 0.0172585 0.0405715 0.0272943
0 0.834813 0.295782 0.0266415 0.0453482 0.0272074
5 0.4117 0.243597 0.140385 0.0931936 0.0270825
0 0.0686786 0.287896 0.0180263 0.0539351 0.0269344
2 0.83639 0.183157 0.0541307 0.035644 0.0268486
0 0.0686323 0.28892 0.0195211 0.0585561 0.0267674
2 0.43785 0.301136 0.0972519 0.0456409 0.0267306
2 0.961206 0.288529 0.0772272 0.0484796 0.0262115
