2 0.778312 0.0626174 0.0697701 0.058093 0.763438
2 0.523141 0.639997 0.121123 0.269062 0.752751
2 0.77824 0.0622923 0.0699988 0.0583122 0.747838
2 0.52336 0.640233 0.120995 0.269462 0.741481
2 0.778432 0.0621993 0.0681836 0.0591195 0.697138
2 0.778246 0.0627128 0.069112 0.0583797 0.691785
2 0.523048 0.640327 0.121022 0.269842 0.645231
2 0.523633 0.639788 0.120616 0.270386 0.63927
2 0.778881 0.0626077 0.0697492 0.0579842 0.63566
2 0.778216 0.0624595 0.0699599 0.058751 0.635272
2 0.807387 0.25469 0.103253 0.113567 0.625703
2 0.807187 0.25512 0.10356 0.114435 0.617377
2 0.778032 0.062812 0.0702474 0.0581004 0.613958
2 0.807163 0.254913 0.103377 0.114713 0.61199
2 0.807118 0.255069 0.10325 0.113919 0.611585
2 0.48918 0.369663 0.0800245 0.156333 0.60967
2 0.523486 0.640394 0.120889 0.270637 0.607929
2 0.80731 0.254962 0.103688 0.114549 0.607556
2 0.6055 0.32226 0.0871777 0.147018 0.592695
2 0.778449 0.0628323 0.0706238 0.0594228 0.592247
2 0.489379 0.370225 0.0796021 0.156616 0.582804
2 0.608163 0.0909794 0.0458176 0.0608469 0.578111
2 0.807398 0.25477 0.103144 0.113579 0.572006
2 0.608611 0.0913229 0.046279 0.0612699 0.570391
2 0.806833 0.254837 0.101543 0.115096 0.569171
2 0.778515 0.0628551 0.0699419 0.0592891 0.568738
2 0.807146 0.255104 0.10337 0.113826 0.560835
2 0.608393 0.091145 0.0463901 0.0611801 0.558928
2 0.605563 0.321998 0.0876669 0.147052 0.556968
2 0.807074 0.25503 0.103392 0.11391 0.55363
2 0.807352 0.254998 0.103743 0.113737 0.54788
2 0.605169 0.3229 0.0879344 0.147772 0.542981
2 0.0660269 0.259223 0.0780521 0.102547 0.54184
2 0.0659191 0.259513 0.0778913 0.102922 0.540188
2 0.605188 0.322319 0.0874837 0.146311 0.536922
2 0.605298 0.323002 0.0883436 0.147703 0.536164
2 0.523337 0.641891 0.121794 0.272538 0.526591
2 0.0658901 0.259171 0.07866 0.102486 0.521036
2 0.0659858 0.259939 0.0781193 0.102804 0.518775
2 0.0656136 0.259384 0.0784286 0.102416 0.517834
2 0.608 0.090525 0.0467079 0.0606522 0.509105
2 0.605497 0.32208 0.0870645 0.145791 0.50662
2 0.489484 0.369654 0.0798746 0.157037 0.497368
2 0.608134 0.0908667 0.0464523 0.0612409 0.495385
2 0.608234 0.0906717 0.0454174 0.0604783 0.493586
2 0.0657366 0.259274 0.0785858 0.103234 0.488249
2 0.0661793 0.258662 0.0798283 0.103276 0.487536
2 0.608221 0.0901491 0.0454634 0.0600771 0.470607
2 0.545224 0.106463 0.0455872 0.0664453 0.45905
2 0.0656605 0.259798 0.078161 0.102793 0.457794
2 0.608256 0.0913701 0.0469026 0.0609953 0.452412
2 0.0658324 0.259839 0.0786892 0.103181 0.45164
2 0.607663 0.0917507 0.0467499 0.0617996 0.445466
2 0.545032 0.105126 0.0459296 0.0670041 0.440504
5 0.4898 0.370281 0.0801903 0.155748 0.42451
2 0.676831 0.224703 0.0805674 0.114377 0.417656
2 0.489606 0.370793 0.0802921 0.15619 0.417648
2 0.544586 0.104647 0.0465981 0.0691082 0.41755
2 0.489642 0.369861 0.0798546 0.158223 0.417074
67 0.523633 0.642665 0.122071 0.274541 0.411943
5 0.249086 0.165915 0.166884 0.272789 0.402629
2 0.67693 0.224701 0.0807222 0.1149 0.396688
2 0.545118 0.106021 0.0462797 0.0665694 0.390368
5 0.489639 0.370554 0.0799631 0.156063 0.388088
5 0.250243 0.176299 0.161812 0.252753 0.382678
5 0.249171 0.173866 0.165606 0.257931 0.381174
2 0.676887 0.225015 0.0809482 0.1157 0.380252
0 0.913742 0.0606373 0.0182701 0.0491848 0.372556
5 0.490011 0.371363 0.0803089 0.155617 0.370852
5 0.248608 0.164874 0.168248 0.273993 0.368945
2 0.676837 0.225096 0.0811373 0.11488 0.366687
2 0.605042 0.322675 0.0885485 0.146704 0.364549
5 0.604911 0.323056 0.0887695 0.14893 0.364531
0 0.914037 0.0610097 0.0182854 0.0481204 0.34918
2 0.778175 0.0627448 0.068896 0.058087 0.345111
0 0.849002 0.0791351 0.0187279 0.0551349 0.341182
67 0.523909 0.641662 0.121597 0.273961 0.336803
0 0.848441 0.0795767 0.0186796 0.0560893 0.332474
5 0.489716 0.369592 0.0801733 0.157998 0.327339
5 0.604975 0.322877 0.0885693 0.14643 0.324496
2 0.545179 0.105738 0.0462093 0.0678411 0.315152
7 0.676813 0.225216 0.0809651 0.114441 0.312924
2 0.676899 0.224934 0.0811926 0.115917 0.310514
2 0.935993 0.479972 0.127718 0.131537 0.308383
2 0.676825 0.224946 0.0807102 0.114926 0.306019
2 0.605041 0.322799 0.0883471 0.147584 0.30001
2 0.545197 0.105846 0.0460278 0.0647862 0.29993
0 0.913778 0.0602373 0.0175035 0.0499877 0.298417
0 0.913503 0.0614498 0.0190737 0.0488814 0.298117
2 0.676672 0.224841 0.0806662 0.11454 0.294366
0 0.829723 0.162621 0.0206791 0.0929447 0.286147
2 0.935857 0.480095 0.1276 0.131963 0.283612
2 0.959688 0.286927 0.0795254 0.131801 0.28146
0 0.913868 0.0611265 0.0181902 0.0491209 0.281085
5 0.489922 0.370915 0.0803371 0.156785 0.278552
2 0.935532 0.481127 0.128145 0.134284 0.275851
2 0.935692 0.481096 0.127876 0.13318 0.275522
0 0.84902 0.0785518 0.0180283 0.0541459 0.274528
5 0.250885 0.152588 0.169704 0.298663 0.273065
0 0.35433 0.048528 0.0298278 0.0591239 0.266252
2 0.935389 0.481475 0.128487 0.13428 0.265623
7 0.676675 0.224926 0.0808506 0.114565 0.263428
2 0.676961 0.224817 0.0813154 0.114864 0.254734
2 0.935645 0.481975 0.127971 0.135195 0.250728
2 0.959704 0.286298 0.0797096 0.133958 0.246671
0 0.914075 0.0618282 0.0191685 0.047231 0.244117
5 0.249255 0.152616 0.170249 0.296067 0.237419
2 0.935438 0.48133 0.128641 0.133736 0.237014
2 0.959766 0.286125 0.0794197 0.132916 0.236224
0 0.913218 0.0621477 0.0195938 0.0478046 0.225906
0 0.849233 0.0796563 0.0196552 0.0565715 0.224928
2 0.523348 0.639551 0.120798 0.270988 0.224293
0 0.354442 0.0494163 0.0283599 0.0565555 0.223717
2 0.935937 0.481723 0.127374 0.134523 0.223571
2 0.307964 0.323171 0.0847651 0.154639 0.222199
2 0.959864 0.285678 0.0792866 0.132626 0.220984
2 0.935986 0.47894 0.127844 0.128939 0.220799
69 0.0604673 0.79742 0.120529 0.395047 0.215869
5 0.250246 0.175468 0.160195 0.254842 0.215026
0 0.913763 0.060824 0.0189777 0.0496888 0.213142
2 0.959748 0.286756 0.0794457 0.130534 0.211565
0 0.0320912 0.20168 0.0203243 0.0577549 0.210858
2 0.935658 0.480694 0.128205 0.132607 0.207204
2 0.308489 0.322508 0.0837267 0.153635 0.206947
67 0.524057 0.637009 0.120313 0.27509 0.206676
69 0.0601093 0.796971 0.120219 0.395877 0.206355
0 0.354046 0.0487579 0.0287396 0.0556879 0.204705
2 0.308654 0.322215 0.0853866 0.152584 0.204348
0 0.849073 0.0794315 0.0191132 0.0560527 0.203755
2 0.307812 0.322758 0.0845962 0.154091 0.202767
0 0.849319 0.0788488 0.0185583 0.0544183 0.200469
67 0.523947 0.636757 0.12031 0.276071 0.196927
2 0.307491 0.323164 0.085388 0.154681 0.195013
5 0.959987 0.287039 0.0790184 0.131591 0.194072
2 0.544572 0.103578 0.0468113 0.068327 0.193882
2 0.308917 0.322289 0.0845759 0.152889 0.190737
2 0.959703 0.286097 0.0800736 0.133422 0.190219
0 0.0339115 0.204959 0.0195786 0.0658219 0.187379
2 0.544999 0.104179 0.0475891 0.0696957 0.184833
0 0.353867 0.0490012 0.02799 0.0531595 0.18035
2 0.988311 0.226587 0.0226603 0.0260525 0.179945
2 0.935426 0.48262 0.128673 0.135746 0.177705
2 0.918374 0.704734 0.162759 0.585272 0.175984
0 0.032289 0.207998 0.0211572 0.0732927 0.175552
2 0.307267 0.322796 0.0839375 0.154438 0.167814
2 0.959958 0.285938 0.0796391 0.133065 0.1665
69 0.0603789 0.79729 0.12023 0.396019 0.165043
0 0.353573 0.0490633 0.0286351 0.0523921 0.164822
69 0.0603177 0.797097 0.120188 0.394688 0.163623
5 0.960004 0.287475 0.0794937 0.131689 0.162669
0 0.829651 0.187906 0.0185217 0.040819 0.159754
0 0.83074 0.160926 0.0195282 0.0899262 0.158735
2 0.919608 0.706677 0.159538 0.579493 0.158643
69 0.0597356 0.797243 0.119471 0.396262 0.157757
0 0.353818 0.0489091 0.0294537 0.0572263 0.157053
0 0.829378 0.181438 0.0188175 0.0536905 0.156488
0 0.353756 0.049724 0.0274747 0.0499836 0.156427
2 0.988178 0.226478 0.0227524 0.0294598 0.155315
2 0.77837 0.062727 0.0689343 0.0588044 0.152934
2 0.308787 0.32244 0.082981 0.152652 0.151313
0 0.913473 0.0602394 0.0183701 0.0506368 0.151117
0 0.353855 0.0490107 0.027818 0.052966 0.15052
2 0.544375 0.0984396 0.0476822 0.0815223 0.146193
2 0.919467 0.706447 0.160558 0.581055 0.141015
5 0.959727 0.285833 0.0801094 0.132705 0.140618
12 0.490688 0.913429 0.182886 0.172756 0.139461
69 0.0600309 0.796716 0.120062 0.394879 0.138975
5 0.249086 0.170796 0.164083 0.262953 0.138417
2 0.308712 0.321879 0.0840422 0.151551 0.136781
0 0.355053 0.0501048 0.0288617 0.0575635 0.136545
2 0.60848 0.0918496 0.0469885 0.0609625 0.135297
2 0.608097 0.0894869 0.0477655 0.0634147 0.133883
0 0.913524 0.0602418 0.0180813 0.0532043 0.127393
5 0.245898 0.17103 0.173458 0.263002 0.124633
2 0.935883 0.492126 0.1277 0.154146 0.121614
5 0.247925 0.182288 0.161926 0.231896 0.12073
2 0.545304 0.106321 0.0455498 0.0706707 0.1182
0 0.466047 0.0832486 0.0402001 0.0771718 0.114767
0 0.467459 0.0835692 0.0442022 0.0801471 0.109262
0 0.467821 0.0844188 0.0387447 0.0752486 0.108618
5 0.251686 0.151418 0.173825 0.301577 0.108475
0 0.830011 0.161701 0.021962 0.0939104 0.107816
0 0.0335634 0.201399 0.0208333 0.0590838 0.106994
2 0.988553 0.229041 0.0220192 0.030372 0.103698
2 0.0651717 0.260469 0.0777822 0.0999197 0.102061
69 0.0599066 0.79961 0.119418 0.394379 0.100955
5 0.254198 0.152859 0.173226 0.299208 0.0995587
69 0.0591241 0.799404 0.118205 0.395181 0.099272
0 0.464658 0.0821244 0.048509 0.081205 0.097419
0 0.463121 0.0798729 0.0462807 0.0717631 0.0973086
2 0.309057 0.321009 0.0835142 0.14979 0.0969924
2 0.456485 0.0205455 0.036686 0.0410909 0.0952672
0 0.84955 0.0773383 0.0179289 0.0515543 0.0943223
0 0.468254 0.0838447 0.0428041 0.080791 0.0938504
2 0.544766 0.0908067 0.046874 0.0954983 0.0937947
0 0.0318216 0.198219 0.0205677 0.0512629 0.0932554
12 0.491968 0.913392 0.180723 0.172569 0.0931861
5 0.252785 0.15149 0.173378 0.302346 0.0930907
2 0.919185 0.703699 0.161022 0.586408 0.0915788
2 0.988459 0.228534 0.0223549 0.0296479 0.0904911
0 0.847985 0.0805448 0.0192636 0.0568641 0.0901523
2 0.920021 0.706897 0.159223 0.579397 0.0900159
2 0.960083 0.287677 0.0785622 0.130448 0.0873428
0 0.830288 0.162135 0.0211647 0.0937593 0.0863819
2 0.918733 0.705991 0.161553 0.581514 0.0850394
2 0.920536 0.705832 0.158353 0.582407 0.0820919
2 0.975472 0.255391 0.0484394 0.0720126 0.0804828
2 0.544828 0.105798 0.0465258 0.0665472 0.0793189
2 0.588805 0.0548006 0.0302595 0.0297463 0.0779711
2 0.919309 0.70737 0.160349 0.578571 0.0762724
2 0.378147 0.419715 0.0334378 0.0580864 0.0726886
0 0.829974 0.161562 0.0220886 0.0924388 0.0724645
0 0.466364 0.0836664 0.0408324 0.0741616 0.0696633
2 0.588087 0.0545566 0.0297758 0.028812 0.0686719
0 0.828548 0.162601 0.0233345 0.0924536 0.0684991
12 0.49231 0.913569 0.180762 0.172861 0.0681219
2 0.0660118 0.258502 0.0795311 0.104258 0.0675929
0 0.461667 0.076874 0.0478495 0.0699216 0.0670503
2 0.916023 0.705872 0.166869 0.582708 0.0669502
2 0.935762 0.479719 0.127976 0.129733 0.0656162
9 0.130179 0.0264662 0.0103562 0.0192309 0.0644755
0 0.0316611 0.196689 0.0215941 0.0481185 0.0643444
0 0.831111 0.14772 0.0189308 0.0664045 0.0641953
2 0.987552 0.244884 0.0243252 0.059689 0.061282
0 0.465232 0.0793788 0.0417233 0.0686995 0.0609218
0 0.590674 0.0242777 0.0301778 0.0387583 0.0579315
0 0.351138 0.0377388 0.0304441 0.0737744 0.0574985
12 0.489497 0.913384 0.185255 0.172471 0.0570944
5 0.246134 0.175714 0.163618 0.23273 0.0570173
2 0.986454 0.257145 0.0264633 0.0733105 0.0567493
12 0.495857 0.913391 0.173794 0.173218 0.05623
0 0.461821 0.0760441 0.0460608 0.0656724 0.055996
2 0.544826 0.0851272 0.0464848 0.107287 0.0559805
5 0.242607 0.158657 0.157174 0.192692 0.0555803
69 0.0595394 0.794801 0.119079 0.391782 0.0555614
2 0.378002 0.419947 0.0336569 0.0589582 0.0550695
0 0.468912 0.0886701 0.0412226 0.0672466 0.0547705
5 0.251362 0.160427 0.167979 0.283536 0.0547545
0 0.849317 0.080924 0.0203365 0.0573522 0.0526016
2 0.188814 0.114815 0.050955 0.0582345 0.0520906
0 0.830804 0.146341 0.01903 0.0663442 0.0518632
0 0.544565 0.0644476 0.0398127 0.0611619 0.0515468
2 0.986937 0.261438 0.0253624 0.0656848 0.0508933
39 0.488174 0.91366 0.191161 0.172417 0.0508895
2 0.456911 0.0204406 0.0401125 0.0408812 0.0506001
2 0.188695 0.113692 0.0516172 0.0565129 0.0504304
2 0.456529 0.0206426 0.0381546 0.040748 0.0497139
2 0.457558 0.0196772 0.0443726 0.0393545 0.0497095
2 0.457341 0.0209128 0.0402454 0.0412188 0.0495331
69 0.0600238 0.794907 0.119584 0.391338 0.0494869
0 0.849926 0.0754604 0.0179649 0.0470445 0.048828
2 0.608392 0.0927309 0.0475544 0.0633175 0.0483744
2 0.458048 0.0205547 0.0416355 0.0411093 0.0476775
0 0.354073 0.0544734 0.0307177 0.0700308 0.0472047
2 0.455562 0.0206833 0.0403617 0.0412557 0.0468386
2 0.188866 0.11543 0.0508729 0.0607061 0.0466998
2 0.778725 0.062135 0.0699184 0.0598854 0.0466333
0 0.0337435 0.208241 0.0236557 0.0730764 0.0465718
0 0.544563 0.0601393 0.0344199 0.0578117 0.0464903
2 0.918415 0.707442 0.162412 0.580441 0.0456105
2 0.936202 0.48127 0.12749 0.13259 0.0455809
0 0.382531 0.0149623 0.0256538 0.0299245 0.0449521
0 0.827988 0.177924 0.0222914 0.0612013 0.0441469
2 0.988078 0.0604952 0.0233276 0.0741683 0.0440551
39 0.488119 0.913108 0.191802 0.173097 0.0429585
0 0.544165 0.0659793 0.039184 0.0619637 0.0425065
2 0.457257 0.0212615 0.0389293 0.041834 0.0423952
0 0.408433 0.0352981 0.0260444 0.050294 0.0421941
2 0.306837 0.323286 0.0852037 0.154096 0.042192
9 0.131094 0.0251919 0.00987267 0.0217901 0.0414906
0 0.544511 0.0592477 0.0326826 0.0556185 0.0409778
2 0.188774 0.113829 0.051662 0.0567047 0.0407899
0 0.407039 0.035387 0.0247442 0.0494125 0.0402557
56 0.0581414 0.777384 0.116283 0.339335 0.0401931
2 0.377952 0.419705 0.0332331 0.0603778 0.0401087
0 0.467211 0.0844043 0.042466 0.0716037 0.0399486
0 0.828701 0.161924 0.0237141 0.0933491 0.0398234
2 0.378109 0.419605 0.0335529 0.0606857 0.0385033
0 0.988536 0.0509063 0.021981 0.0495937 0.0380548
0 0.784901 0.216959 0.0184509 0.0298794 0.0378429
0 0.984724 0.0601186 0.0298611 0.071775 0.0374409
0 0.469022 0.0938866 0.0361916 0.0600066 0.0371285
0 0.542269 0.0671233 0.044043 0.0686564 0.0366949
2 0.45544 0.0209326 0.0378954 0.0418557 0.0365892
0 0.987985 0.0515297 0.0231194 0.0505887 0.036443
2 0.455481 0.020716 0.0411696 0.0414319 0.0362202
2 0.988233 0.235428 0.0228264 0.0418774 0.0357118
0 0.44775 0.0748702 0.0267169 0.0714398 0.0356856
2 0.378044 0.419413 0.0325809 0.060836 0.0353788
2 0.986881 0.0542599 0.0256664 0.0647451 0.0353147
2 0.544718 0.0857044 0.04482 0.10746 0.0346469
56 0.0579976 0.794879 0.115995 0.362874 0.0345086
2 0.378109 0.41967 0.0328305 0.0594748 0.0344927
0 0.378769 0.0178542 0.0247384 0.0356806 0.0343458
0 0.408346 0.0308554 0.0288227 0.0591309 0.0342464
2 0.607805 0.0930272 0.0468929 0.0629803 0.0335495
0 0.542818 0.038268 0.0250302 0.0326306 0.0333529
2 0.14966 0.192971 0.0240379 0.0340889 0.0331206
2 0.592255 0.0542585 0.0277403 0.0321862 0.0330717
2 0.974487 0.0593819 0.048325 0.0694854 0.0329195
