2 0.27438 0.721171 0.219636 0.260329 0.617436
2 0.275648 0.719761 0.221811 0.259479 0.586341
2 0.275541 0.718227 0.220287 0.261997 0.578729
2 0.274953 0.719948 0.219255 0.258536 0.573974
2 0.274394 0.720401 0.222379 0.261353 0.463152
7 0.866553 0.432743 0.119608 0.150146 0.436116
2 0.275688 0.720085 0.220518 0.257813 0.418902
2 0.972792 0.120371 0.053569 0.0758574 0.411953
5 0.973102 0.119734 0.0531599 0.0772441 0.40754
2 0.275938 0.720457 0.219919 0.257581 0.407509
7 0.866617 0.433369 0.119536 0.149241 0.404791
2 0.882285 0.209117 0.0859325 0.0950834 0.382652
6 0.558793 0.372834 0.79335 0.72139 0.375915
7 0.866813 0.433668 0.11848 0.146258 0.370747
7 0.866755 0.43371 0.119236 0.148228 0.369551
7 0.881869 0.209637 0.0855454 0.0938936 0.365307
2 0.276635 0.719854 0.22355 0.259295 0.358569
2 0.881768 0.20945 0.0858738 0.0944907 0.325438
7 0.866621 0.435096 0.119352 0.144327 0.319182
2 0.882422 0.209574 0.0858418 0.0941674 0.310916
7 0.866805 0.4337 0.119025 0.147859 0.309424
2 0.882169 0.20913 0.0856182 0.0949882 0.309131
6 0.560261 0.349786 0.70153 0.658794 0.308857
5 0.866919 0.434435 0.118573 0.144602 0.290021
7 0.866716 0.433151 0.118702 0.147429 0.284091
7 0.881609 0.209521 0.0858063 0.095428 0.28261
7 0.881844 0.209506 0.0853531 0.0941833 0.280792
5 0.866918 0.434533 0.118901 0.145066 0.261607
6 0.454173 0.429059 0.87927 0.855604 0.258469
6 0.570436 0.342246 0.696437 0.684492 0.255948
5 0.972591 0.119863 0.0528673 0.0760631 0.252232
7 0.645932 0.107317 0.0998983 0.113871 0.249579
6 0.541045 0.380615 0.803434 0.761231 0.248918
2 0.882312 0.209336 0.0856089 0.0943934 0.248282
7 0.645523 0.106991 0.100098 0.113037 0.24802
2 0.866156 0.429904 0.118908 0.152372 0.236423
7 0.88193 0.21056 0.0859062 0.0904431 0.23596
2 0.882355 0.208359 0.0859592 0.0954324 0.232486
2 0.766691 0.0814814 0.0403725 0.0371982 0.231902
6 0.490455 0.420381 0.875317 0.837142 0.228769
2 0.767382 0.0809422 0.0398033 0.0365685 0.225288
2 0.766595 0.0809431 0.0399378 0.0377358 0.224255
5 0.972755 0.119621 0.0529987 0.0761183 0.223157
6 0.462461 0.415438 0.877389 0.830877 0.222083
7 0.645832 0.10687 0.101398 0.112818 0.214836
2 0.334137 0.119434 0.0284458 0.0212926 0.213718
2 0.768826 0.0801103 0.0413247 0.0365619 0.200924
7 0.6455 0.10719 0.0999029 0.113346 0.200059
7 0.645859 0.107292 0.0997393 0.113537 0.197161
7 0.645874 0.107199 0.101585 0.112908 0.191773
2 0.277014 0.71449 0.221973 0.270087 0.19056
5 0.972659 0.1203 0.0536644 0.0777834 0.177649
2 0.767581 0.0795544 0.0404557 0.0380546 0.172744
5 0.97296 0.119958 0.053508 0.0782782 0.165704
6 0.528998 0.412028 0.833976 0.778459 0.161362
6 0.546843 0.384825 0.745387 0.769649 0.157421
5 0.645412 0.106858 0.101323 0.113464 0.150506
5 0.646156 0.107076 0.100233 0.113519 0.144861
2 0.645871 0.107517 0.100394 0.114515 0.137804
2 0.100501 0.202311 0.0804454 0.0522802 0.136739
2 0.101198 0.201434 0.075346 0.0504662 0.130234
2 0.757149 0.0903036 0.0193601 0.0191774 0.129834
7 0.645781 0.107232 0.0991864 0.114583 0.115544
2 0.972633 0.120223 0.053764 0.0757007 0.115448
2 0.102212 0.202269 0.0782744 0.0518598 0.107714
2 0.100208 0.202169 0.0804854 0.0534719 0.105438
2 0.274482 0.718917 0.21766 0.262216 0.104585
2 0.333459 0.12186 0.0318222 0.0259183 0.104295
2 0.405837 0.0841577 0.0391729 0.0311856 0.0942804
2 0.972908 0.119706 0.0536839 0.0781817 0.0938213
2 0.333444 0.121651 0.0291688 0.0256409 0.0925923
2 0.103461 0.200646 0.0740915 0.0506761 0.0923926
6 0.43886 0.464263 0.86059 0.806673 0.0884807
2 0.769216 0.0809223 0.0437132 0.0392003 0.0872873
2 0.448296 0.225914 0.0707781 0.0698223 0.0858529
2 0.101252 0.198105 0.0700265 0.043574 0.0847919
6 0.433262 0.470164 0.837754 0.81101 0.0846868
2 0.100885 0.200548 0.0719334 0.0491274 0.0819011
2 0.0998212 0.203486 0.0822363 0.05628 0.0811992
2 0.27337 0.717036 0.218931 0.264026 0.0778778
2 0.407298 0.0840227 0.0376087 0.0320711 0.0750967
2 0.449249 0.227613 0.0619584 0.0650477 0.0746282
2 0.0983506 0.19735 0.0658895 0.0424074 0.0685771
2 0.0370755 0.241694 0.0642805 0.0538251 0.0676227
6 0.436988 0.478374 0.873977 0.860576 0.0662625
0 0.895492 0.38879 0.0228285 0.0417835 0.0661487
6 0.443647 0.475253 0.887293 0.813963 0.0660172
6 0.435879 0.480114 0.860627 0.890609 0.0657379
2 0.0383668 0.240117 0.0650267 0.0522103 0.0656756
2 0.446274 0.225683 0.0697952 0.0683568 0.0655082
2 0.448141 0.226905 0.06939 0.0683389 0.0653052
2 0.0384287 0.233721 0.0547972 0.0374373 0.0635605
2 0.100142 0.203014 0.0816709 0.0555563 0.0631576
0 0.895548 0.386297 0.0198164 0.0367772 0.0590171
2 0.774503 0.0727404 0.032155 0.0239569 0.0590159
2 0.451599 0.0675486 0.0432655 0.0345297 0.0575492
2 0.272831 0.716662 0.217965 0.263664 0.0548344
2 0.279296 0.720033 0.233033 0.260942 0.0547057
2 0.446375 0.22668 0.0696373 0.0684807 0.0539589
6 0.428161 0.450023 0.843936 0.835524 0.0525316
5 0.97277 0.107889 0.0538799 0.100881 0.0520076
2 0.406242 0.0837499 0.0375629 0.0312912 0.0515704
2 0.404498 0.0840693 0.0387167 0.031615 0.0492704
2 0.0392779 0.231022 0.0509766 0.0314247 0.0477174
2 0.329403 0.121108 0.0391051 0.0261394 0.0467796
7 0.447587 0.224277 0.0611999 0.0698375 0.0449571
2 0.283046 0.704363 0.231885 0.28913 0.0425062
2 0.768495 0.0804469 0.0446744 0.0397232 0.0417405
7 0.447502 0.229277 0.0668777 0.0597452 0.0413682
2 0.0973969 0.202959 0.0738273 0.0541836 0.0405398
2 0.972582 0.120629 0.0532503 0.0751724 0.0404977
6 0.360145 0.167928 0.718023 0.312137 0.0403133
0 0.99293 0.0960887 0.0134068 0.0280647 0.0399362
2 0.039368 0.241454 0.0764964 0.0553756 0.0395205
2 0.454412 0.233162 0.0517929 0.0547328 0.0392372
0 0.682629 0.0878615 0.0267353 0.0652951 0.0390841
2 0.859952 0.140793 0.0506458 0.0454745 0.0387261
2 0.860976 0.140683 0.0498264 0.0464547 0.0386342
2 0.865569 0.360771 0.0309856 0.0230491 0.038509
2 0.323731 0.122351 0.0529378 0.0297672 0.0380551
2 0.86499 0.36083 0.0300526 0.0221277 0.0380522
2 0.448023 0.231851 0.0661203 0.0559199 0.0379599
2 0.0961984 0.196967 0.0602819 0.043046 0.0378867
0 0.876644 0.143438 0.0192242 0.035381 0.037682
2 0.0380396 0.233237 0.056317 0.0406672 0.037498
2 0.033005 0.23568 0.0480281 0.0396315 0.0370441
0 0.87704 0.141392 0.0192772 0.0369813 0.0370013
6 0.361233 0.158016 0.714337 0.311577 0.0356727
6 0.37021 0.177029 0.737854 0.349895 0.034775
2 0.452441 0.0676317 0.0435744 0.0349431 0.0345608
2 0.514683 0.0345076 0.0316644 0.030452 0.0338558
6 0.353123 0.156518 0.701917 0.270369 0.0334609
2 0.450764 0.232039 0.0594893 0.0550775 0.0333776
6 0.356275 0.143636 0.673238 0.284195 0.0330908
6 0.425024 0.45132 0.821693 0.868776 0.033035
2 0.456679 0.0681346 0.0541744 0.0385933 0.0330151
2 0.452326 0.232524 0.053825 0.0539321 0.0308696
2 0.455673 0.0676345 0.0533173 0.0379774 0.0305566
2 0.105847 0.20416 0.0711756 0.0489811 0.0302958
2 0.333677 0.122521 0.0311534 0.02809 0.0300159
2 0.0367808 0.241496 0.0637689 0.058048 0.0296923
0 0.318179 0.0952599 0.0166678 0.019332 0.0289784
6 0.341994 0.152554 0.646641 0.305108 0.0287632
2 0.407032 0.0844664 0.0382211 0.033005 0.028697
0 0.682668 0.0914136 0.0273357 0.0620424 0.0286959
0 0.683328 0.087137 0.0286592 0.0671209 0.0286
0 0.237919 0.139334 0.0178888 0.0374704 0.0279221
2 0.0395656 0.230384 0.0534444 0.0327402 0.0273128
0 0.112515 0.136713 0.0127808 0.0230132 0.026901
2 0.859544 0.140447 0.0490688 0.0468941 0.0266453
0 0.235766 0.137956 0.0150519 0.0333584 0.0261373
2 0.862142 0.141035 0.0489815 0.0445797 0.0260696
2 0.864709 0.361264 0.0320375 0.0228368 0.0260379
2 0.861599 0.140376 0.0507017 0.0463993 0.0259537
2 0.819559 0.167923 0.0494663 0.0517795 0.0256771
2 0.0385452 0.230517 0.0533549 0.0337789 0.0256643
2 0.0927514 0.194835 0.0515144 0.0382672 0.0256578
2 0.454633 0.231285 0.0524746 0.0571193 0.025584
2 0.856012 0.145493 0.065177 0.0586732 0.0255531
0 0.903128 0.383444 0.0254234 0.0295404 0.0253706
6 0.421787 0.425364 0.81198 0.802169 0.0253017
2 0.0358197 0.243691 0.0664656 0.0556998 0.024978
2 0.767376 0.0825269 0.0414516 0.0339411 0.0248192
2 0.453925 0.232455 0.0529794 0.0543337 0.0244417
2 0.0239032 0.242615 0.0445321 0.0517382 0.0241392
2 0.864807 0.361219 0.0335781 0.0233121 0.0240897
6 0.356142 0.134691 0.623369 0.268954 0.0239098
0 0.876017 0.145444 0.0239403 0.0383741 0.0239073
5 0.972761 0.120718 0.0520454 0.0728809 0.0235731
6 0.470786 0.0992942 0.39705 0.198271 0.0233043
6 0.471157 0.101765 0.39423 0.203198 0.0226521
2 0.157891 0.185532 0.0262597 0.0315046 0.0225491
0 0.603471 0.190348 0.0435728 0.0569317 0.0223091
7 0.882299 0.211428 0.0856306 0.0902015 0.0222535
2 0.441956 0.226764 0.0766529 0.0685271 0.0222316
0 0.239686 0.140973 0.0206258 0.0392666 0.0216123
0 0.992305 0.121569 0.0146873 0.0766537 0.0213814
6 0.453099 0.0954743 0.439011 0.190366 0.0211441
2 0.453047 0.0678764 0.0456003 0.0354481 0.0210557
0 0.236432 0.138461 0.016464 0.0357869 0.0210327
2 0.0496238 0.68402 0.0986762 0.120674 0.0209837
6 0.355858 0.286101 0.693282 0.572202 0.0209142
2 0.161143 0.183668 0.0334282 0.0365656 0.0208386
2 0.402487 0.0858333 0.0388031 0.0343399 0.0207528
0 0.682943 0.0884636 0.0282283 0.0688275 0.0207448
0 0.269438 0.137906 0.014917 0.0269758 0.0207377
0 0.116596 0.142487 0.0159205 0.0353023 0.0201538
2 0.860402 0.140349 0.0491879 0.0463536 0.0198976
2 0.822246 0.170276 0.130605 0.106673 0.0197732
6 0.939623 0.0724865 0.120754 0.142592 0.0196137
2 0.110258 0.205034 0.0634284 0.0506828 0.0193829
0 0.682267 0.0757834 0.0242322 0.0464048 0.0191473
0 0.902756 0.388514 0.0350712 0.0380793 0.0189196
2 0.658255 0.64091 0.0993814 0.0641651 0.0188799
2 0.509796 0.0384642 0.0414278 0.0386302 0.0186472
2 0.825421 0.165941 0.0529171 0.0482442 0.0185453
2 0.657343 0.641035 0.0956742 0.064094 0.0185069
2 0.818437 0.172593 0.140795 0.111865 0.0183676
2 0.821743 0.167263 0.0489298 0.0514718 0.0182492
2 0.601254 0.190571 0.0444906 0.0590571 0.0182182
0 0.109159 0.142954 0.0125404 0.0351159 0.0180742
2 0.050678 0.239314 0.0883677 0.0525169 0.0180419
0 0.804452 0.0208089 0.0155376 0.0258144 0.0175127
0 0.115979 0.135606 0.0148289 0.0241183 0.0174772
2 0.101741 0.198451 0.0714577 0.0474669 0.0170301
2 0.406729 0.0827769 0.0387514 0.0314956 0.0167926
2 0.50805 0.0393403 0.0441574 0.0394521 0.0167526
0 0.604748 0.189342 0.0389488 0.0561634 0.0165782
6 0.409777 0.42382 0.799671 0.813947 0.0165399
2 0.681333 0.272995 0.0726432 0.0691858 0.0165376
2 0.802704 0.196373 0.0280893 0.0289725 0.0164781
2 0.45266 0.06802 0.0454828 0.0361301 0.0163749
5 0.973406 0.119513 0.0520195 0.079113 0.0162977
2 0.679409 0.273812 0.0774136 0.0710453 0.0161175
0 0.109886 0.13736 0.0132058 0.0267575 0.015954
0 0.688253 0.0765455 0.0186604 0.0474844 0.0158474
2 0.0504209 0.685933 0.10065 0.11686 0.0157494
2 0.407682 0.0825764 0.0415194 0.0342926 0.0157233
6 0.351424 0.119377 0.630353 0.238753 0.0156877
0 0.602295 0.190817 0.0451624 0.0580099 0.0156431
2 0.0941361 0.195245 0.0565951 0.0393292 0.0155684
2 0.857667 0.149114 0.0538307 0.0629982 0.0154963
6 0.459824 0.458145 0.852222 0.899063 0.0152143
2 0.16344 0.182994 0.0389538 0.0368767 0.0151428
5 0.972477 0.12105 0.0518644 0.0726967 0.0151075
0 0.5565 0.0314973 0.0178921 0.0191472 0.0149918
6 0.384602 0.111293 0.577428 0.221594 0.0148133
2 0.0359671 0.242567 0.0717387 0.0576213 0.0147308
2 0.992436 0.515334 0.0142319 0.0410203 0.0146884
2 0.168228 0.181697 0.0232202 0.0320503 0.0146013
2 0.681001 0.27453 0.0744292 0.0667576 0.0145404
0 0.895887 0.383732 0.0201523 0.0338966 0.0144509
2 0.661049 0.641362 0.100972 0.0653695 0.0144056
2 0.431676 0.218891 0.0192799 0.024303 0.0143832
2 0.455568 0.0690713 0.0530329 0.0383685 0.0143543
2 0.508461 0.0374976 0.0428419 0.0372709 0.0143002
0 0.304838 0.121361 0.0175743 0.027048 0.01414
2 0.0816674 0.204923 0.119791 0.0582137 0.0140784
0 0.116912 0.145568 0.0189277 0.0406718 0.0140684
5 0.638914 0.117161 0.0853384 0.0974592 0.0139799
2 0.453025 0.0674832 0.0438756 0.0343872 0.013927
0 0.544945 0.031791 0.0141477 0.0182432 0.0138913
7 0.448 0.22193 0.0552715 0.0671601 0.0138475
6 0.46789 0.0864306 0.40395 0.172861 0.0138366
6 0.939507 0.0693921 0.120259 0.13679 0.0137323
6 0.383715 0.40723 0.740039 0.775081 0.0136828
0 0.234676 0.142918 0.0157064 0.0360667 0.0136022
2 0.679101 0.275255 0.0795799 0.069609 0.0135856
2 0.455235 0.22553 0.0820667 0.0733073 0.0135552
2 0.449379 0.223904 0.0538763 0.0685436 0.0135472
0 0.597827 0.184397 0.0235636 0.0450402 0.0135185
2 0.00509668 0.240985 0.010173 0.0388693 0.0134651
6 0.400815 0.0882068 0.1742 0.0856822 0.0132899
7 0.446281 0.228351 0.0613232 0.0539619 0.0132869
9 0.172996 0.0410675 0.0232063 0.0748112 0.0132321
0 0.804562 0.021636 0.016074 0.0281146 0.0131433
2 0.325412 0.121821 0.0499485 0.0286133 0.0130937
7 0.645933 0.10732 0.100259 0.113692 0.013091
6 0.295202 0.159207 0.588377 0.260844 0.0130533
2 0.81849 0.167513 0.0487022 0.0524766 0.0127371
2 0.100433 0.204741 0.0731458 0.0570441 0.0125334
2 0.383208 0.0971763 0.0173244 0.0186136 0.0124687
2 0.972805 0.120139 0.0538506 0.0789131 0.0123371
2 0.67848 0.273908 0.0739183 0.0717227 0.0123158
2 0.792398 0.20078 0.0449081 0.04742 0.0122795
6 0.433523 0.102665 0.475379 0.203338 0.0122396
6 0.939083 0.0745299 0.120646 0.14708 0.0121955
0 0.267805 0.139969 0.0135626 0.0256336 0.0121254
2 0.867443 0.143218 0.0400826 0.0425056 0.0121184
2 0.840162 0.16654 0.0994509 0.102387 0.0120981
2 0.0862688 0.204141 0.0483266 0.051679 0.0119627
2 0.0497927 0.684905 0.0993033 0.117259 0.0118518
2 0.45555 0.225875 0.0506851 0.0687658 0.011808
6 0.403732 0.108671 0.504488 0.217343 0.011748
2 0.601786 0.191038 0.0399422 0.0569433 0.0116941
2 0.557625 0.37592 0.0731121 0.0641044 0.0115441
6 0.939464 0.0650383 0.119854 0.129822 0.0113438
2 0.974034 0.0995231 0.0505674 0.0412184 0.0111306
2 0.0920896 0.794895 0.184179 0.232746 0.0111302
0 0.598826 0.178167 0.0217654 0.0382129 0.0110873
2 0.859052 0.140742 0.049218 0.048115 0.0109958
2 0.0503514 0.685909 0.10062 0.127343 0.0108472
2 0.819468 0.166431 0.0403373 0.0506498 0.0108193
2 0.303075 0.121304 0.0201663 0.0279809 0.0107617
0 0.295013 0.121449 0.018868 0.0242537 0.010652
2 0.992329 0.12249 0.0148382 0.0749252 0.0106317
2 0.00536667 0.247075 0.0107162 0.0432136 0.0106178
6 0.2951 0.154999 0.586768 0.259297 0.0105678
2 0.167262 0.178836 0.0336858 0.0351333 0.0105537
2 0.602823 0.012425 0.0460581 0.02485 0.0105523
0 0.896329 0.392073 0.0253662 0.0464368 0.0104343
7 0.818574 0.173589 0.142735 0.115164 0.0103554
2 0.281505 0.138854 0.0225622 0.0229302 0.0103312
2 0.315576 0.707451 0.301837 0.284726 0.0103048
2 0.0167924 0.248333 0.0334543 0.0513708 0.0102557
6 0.406391 0.0855369 0.162544 0.0717575 0.0101688
6 0.365804 0.149392 0.71545 0.256685 0.0101335
2 0.737707 0.233827 0.0780996 0.0667268 0.0100982
2 0.0495384 0.685251 0.0989274 0.116329 0.0100714
0 0.915262 0.394778 0.0151405 0.0291321 0.0100435
