5 0.900375 0.478995 0.181181 0.13988 0.905416
2 0.393706 0.595026 0.114219 0.0924111 0.895279
5 0.900374 0.479575 0.181415 0.138988 0.885217
2 0.393818 0.594911 0.114979 0.0925841 0.880759
5 0.900418 0.478323 0.1807 0.140144 0.879176
2 0.393665 0.595164 0.115037 0.0934967 0.87322
2 0.393893 0.594913 0.114743 0.0929516 0.855389
2 0.393692 0.595072 0.114265 0.0925525 0.851871
5 0.0961903 0.53832 0.192381 0.203996 0.850014
2 0.393411 0.59526 0.113783 0.0925489 0.847543
5 0.0966702 0.538368 0.192953 0.20259 0.845285
5 0.096591 0.538962 0.192903 0.204023 0.842889
5 0.0964805 0.538742 0.192351 0.203298 0.839668
2 0.393684 0.595021 0.115361 0.0938521 0.839507
2 0.393607 0.594744 0.115465 0.0924984 0.838838
5 0.900084 0.478247 0.18297 0.141268 0.835094
2 0.0635198 0.699309 0.126764 0.120748 0.833736
2 0.063502 0.69923 0.126676 0.120708 0.831816
5 0.0966121 0.5378 0.192827 0.200501 0.820815
2 0.393418 0.595133 0.113972 0.0927786 0.81982
2 0.0637888 0.69936 0.127466 0.120283 0.819471
2 0.0637374 0.699282 0.127386 0.121008 0.810962
5 0.0966067 0.538252 0.192857 0.201331 0.808115
2 0.0638386 0.699392 0.126422 0.122061 0.807486
2 0.0637752 0.69908 0.126916 0.122053 0.800362
2 0.0633652 0.70003 0.126699 0.119803 0.794617
5 0.0962488 0.538283 0.192498 0.202306 0.791213
5 0.900295 0.477295 0.182541 0.142089 0.785785
5 0.0965057 0.538259 0.192663 0.203259 0.78221
2 0.0637655 0.699877 0.126688 0.119876 0.779742
5 0.0963455 0.538289 0.192691 0.202132 0.769784
5 0.900535 0.478308 0.180207 0.142132 0.751218
2 0.0633981 0.698687 0.126101 0.12254 0.746281
2 0.063997 0.698555 0.126341 0.122575 0.724465
2 0.162787 0.923299 0.229761 0.153076 0.688147
2 0.588985 0.701341 0.123725 0.0916317 0.652277
2 0.163251 0.922858 0.228908 0.153523 0.648557
2 0.588617 0.700733 0.12354 0.0914696 0.638054
2 0.162632 0.922621 0.228312 0.153913 0.633038
2 0.589125 0.700971 0.123644 0.0917597 0.611323
2 0.162625 0.922811 0.228015 0.153602 0.606763
2 0.162687 0.92258 0.228602 0.154565 0.604447
2 0.589202 0.701017 0.124201 0.0915176 0.592461
2 0.161924 0.923898 0.228653 0.152204 0.581114
2 0.393887 0.595223 0.113307 0.0952841 0.580466
2 0.162215 0.923559 0.226306 0.152882 0.573179
2 0.161984 0.923426 0.227979 0.152618 0.550699
0 0.364906 0.485956 0.0289687 0.070163 0.51709
0 0.364901 0.486132 0.0288218 0.0696489 0.512138
2 0.419731 0.794654 0.161742 0.140938 0.509576
2 0.16302 0.922464 0.229626 0.154306 0.5057
2 0.239455 0.49013 0.10213 0.0720721 0.504619
2 0.419207 0.795102 0.160996 0.142183 0.501081
0 0.364981 0.485988 0.0282793 0.0708729 0.500712
2 0.588881 0.70096 0.123341 0.0910823 0.497115
2 0.240163 0.490469 0.102901 0.0734438 0.486117
2 0.419879 0.795301 0.16275 0.142194 0.464285
2 0.58931 0.701718 0.124709 0.0923532 0.458276
2 0.235837 0.489417 0.0975782 0.0712378 0.450391
0 0.364779 0.485433 0.0283279 0.0699081 0.448772
0 0.365211 0.48541 0.0285797 0.0704764 0.437336
2 0.236259 0.489898 0.098764 0.0709559 0.421953
5 0.900323 0.479221 0.180937 0.138793 0.414915
5 0.90015 0.478724 0.180835 0.138952 0.406629
2 0.240433 0.490479 0.102937 0.07347 0.403236
2 0.239573 0.48958 0.101697 0.0718157 0.400413
2 0.238519 0.490538 0.100662 0.0724326 0.393741
2 0.239654 0.49045 0.102409 0.0725249 0.390689
0 0.364956 0.485036 0.0288392 0.0684025 0.375198
0 0.365418 0.485407 0.0287183 0.0717093 0.365802
2 0.238724 0.489832 0.100673 0.0721039 0.365368
2 0.419922 0.79569 0.162138 0.143578 0.361431
2 0.239676 0.489793 0.101625 0.07311 0.354252
0 0.365641 0.485406 0.0287817 0.0701248 0.344688
2 0.589346 0.701318 0.123935 0.0919321 0.3251
2 0.240218 0.490693 0.102987 0.0741442 0.311986
2 0.419104 0.795953 0.160724 0.144273 0.301678
0 0.28387 0.503162 0.0238387 0.0636223 0.29899
2 0.589245 0.701061 0.124804 0.0921022 0.267775
0 0.283729 0.500781 0.0223544 0.0666783 0.260778
6 0.641082 0.711234 0.717835 0.425021 0.254062
9 0.141512 0.417133 0.0134293 0.0313746 0.24967
2 0.0143286 0.453911 0.0285623 0.0187583 0.245943
5 0.900225 0.480046 0.180828 0.137313 0.238946
9 0.141135 0.41546 0.0138313 0.0284304 0.234677
2 0.42043 0.796062 0.162287 0.145509 0.233115
5 0.900324 0.476807 0.182916 0.144065 0.219365
6 0.661459 0.690798 0.672782 0.384387 0.21409
2 0.014247 0.453408 0.0281691 0.0188745 0.214014
5 0.554306 0.548728 0.0966417 0.0975225 0.212351
5 0.554229 0.549362 0.0956535 0.0974154 0.211172
6 0.661143 0.695317 0.675734 0.377965 0.205675
0 0.364326 0.486377 0.0267761 0.0682318 0.198759
0 0.36494 0.485219 0.0272538 0.0687241 0.189773
6 0.628195 0.717304 0.743609 0.4325 0.187115
0 0.364633 0.484628 0.027659 0.0680986 0.169614
2 0.41955 0.796114 0.161776 0.145888 0.16121
7 0.554166 0.549334 0.0954126 0.0975876 0.15523
2 0.108591 0.443544 0.0301286 0.0129784 0.147607
7 0.55429 0.548952 0.096023 0.0974339 0.13951
0 0.284049 0.503507 0.0259935 0.0637079 0.139145
5 0.554274 0.549133 0.095973 0.0974755 0.138723
2 0.108546 0.44361 0.0297534 0.0133328 0.136779
5 0.900211 0.477764 0.180571 0.142234 0.136066
9 0.141528 0.420593 0.0150201 0.0382094 0.130857
5 0.09722 0.539655 0.194385 0.202853 0.130608
0 0.501831 0.468034 0.0166228 0.0441595 0.130177
7 0.554038 0.549164 0.0959137 0.0975649 0.128977
0 0.283762 0.504996 0.0253001 0.0606372 0.127016
7 0.554018 0.54851 0.0953516 0.0971292 0.123058
2 0.239584 0.490621 0.0950478 0.0727477 0.122603
0 0.283713 0.500236 0.0209964 0.0695225 0.119901
6 0.663038 0.698392 0.655818 0.35484 0.115769
5 0.554206 0.54867 0.0952433 0.0977031 0.113544
2 0.419987 0.796341 0.160037 0.145047 0.106059
0 0.501794 0.468189 0.0164697 0.0433504 0.105432
2 0.419208 0.797595 0.158805 0.145823 0.0990276
2 0.553926 0.54769 0.096052 0.0979561 0.0985542
2 0.162623 0.923924 0.226504 0.152151 0.0902629
0 0.501744 0.467525 0.0172479 0.043919 0.0858894
0 0.758601 0.445078 0.0186657 0.051311 0.0836044
2 0.393741 0.594969 0.115143 0.0930607 0.0825376
6 0.663408 0.700655 0.654108 0.352237 0.0781606
0 0.282986 0.499426 0.0215666 0.0664288 0.0749591
0 0.129002 0.514354 0.0175428 0.0346958 0.074955
7 0.55513 0.549714 0.0966064 0.0976548 0.0732351
2 0.0143437 0.45048 0.028597 0.023019 0.0701135
2 0.588475 0.700761 0.122525 0.0909032 0.0692734
7 0.554093 0.548849 0.0962805 0.0966734 0.0685999
2 0.0141728 0.449669 0.0281563 0.0234673 0.0675216
2 0.589025 0.701377 0.123676 0.0914316 0.0672935
0 0.134817 0.585151 0.0222765 0.0485754 0.0638458
9 0.115364 0.361331 0.0128587 0.0236211 0.0636995
9 0.141752 0.416585 0.0135488 0.0325165 0.0628076
0 0.75924 0.444712 0.0201156 0.0535419 0.0624154
0 0.283842 0.50267 0.0260467 0.0651844 0.0600607
2 0.589645 0.702015 0.125595 0.0928782 0.0588933
0 0.129517 0.516443 0.0165378 0.0353905 0.0582999
2 0.419689 0.794941 0.158695 0.140888 0.0580663
6 0.656614 0.701328 0.641457 0.348695 0.0568466
0 0.765931 0.44614 0.0158891 0.0517628 0.0566978
0 0.552874 0.525633 0.0140644 0.0255678 0.0563517
0 0.757735 0.443216 0.0171389 0.0478385 0.0560994
0 0.337993 0.478886 0.0180518 0.0328123 0.0550756
0 0.129522 0.519276 0.0186078 0.0397381 0.0530911
0 0.134495 0.58518 0.0230116 0.0486439 0.0527949
2 0.534897 0.552791 0.0565027 0.0888819 0.0498709
9 0.114658 0.361966 0.0132 0.0229527 0.0491903
0 0.49946 0.467564 0.0163618 0.0434708 0.0491752
0 0.766205 0.446663 0.0143463 0.0541487 0.0487033
2 0.420738 0.79605 0.163707 0.143657 0.0484044
0 0.0200083 0.545306 0.0283918 0.029819 0.0476852
6 0.65928 0.681863 0.671567 0.312371 0.0473144
9 0.114759 0.361663 0.0135439 0.0240834 0.0471282
0 0.36464 0.492619 0.0259356 0.0596119 0.0464661
7 0.241002 0.492631 0.104994 0.0754073 0.0438261
6 0.654846 0.700435 0.674399 0.411922 0.0429851
5 0.900631 0.477713 0.182942 0.141152 0.0384163
2 0.163602 0.923182 0.230833 0.152987 0.0355933
0 0.500199 0.466877 0.0189686 0.0462578 0.0355761
0 0.766227 0.440068 0.0143417 0.0388161 0.0336488
0 0.499362 0.469351 0.0152763 0.0389727 0.0326533
2 0.539086 0.552883 0.0653759 0.090328 0.0320416
0 0.024091 0.545057 0.0294725 0.0302512 0.0315859
0 0.0874138 0.531958 0.0220314 0.0352619 0.0314945
0 0.338278 0.479451 0.0240507 0.031324 0.030979
0 0.118495 0.51855 0.0289736 0.0478638 0.0306871
0 0.105604 0.515542 0.0276876 0.0574457 0.0304651
0 0.11586 0.529897 0.022704 0.0303905 0.0303141
0 0.0877953 0.533249 0.0236165 0.0396522 0.0301226
0 0.284421 0.497191 0.0210825 0.0677584 0.0291195
0 0.552537 0.524448 0.0144739 0.0276628 0.0284833
0 0.0146012 0.616276 0.025557 0.0583622 0.027936
9 0.772422 0.0623072 0.0511291 0.123367 0.0279335
0 0.0214288 0.544235 0.0332286 0.0358812 0.0278328
0 0.0187825 0.547825 0.0366649 0.0366125 0.0277474
2 0.534959 0.555356 0.0565756 0.085293 0.0270868
0 0.0887867 0.532227 0.0250364 0.0359097 0.02657
0 0.364799 0.475513 0.0264388 0.0495999 0.0260609
2 0.535328 0.552743 0.0575542 0.091143 0.0258988
0 0.762757 0.446065 0.0191777 0.0527619 0.0258632
0 0.759452 0.445541 0.0215488 0.0567944 0.02579
2 0.0177103 0.455893 0.03407 0.0243046 0.0254417
0 0.0892987 0.526995 0.0259548 0.0439686 0.0253002
9 0.770914 0.0621558 0.0472591 0.123446 0.0252229
2 0.419264 0.794753 0.161867 0.141647 0.0251475
0 0.33774 0.479919 0.0231412 0.0292149 0.025094
0 0.870481 0.405532 0.00955544 0.0246988 0.0244988
0 0.0869829 0.527703 0.0212683 0.0446663 0.0238444
0 0.367035 0.486306 0.0335836 0.071851 0.0237382
0 0.0985601 0.521735 0.0212388 0.0530878 0.0237271
0 0.151916 0.512227 0.0222968 0.0385159 0.0235442
0 0.762373 0.445499 0.0213295 0.0534878 0.0231012
9 0.772232 0.0620312 0.0495924 0.123619 0.0230182
0 0.110987 0.52146 0.0302034 0.0501722 0.0226103
0 0.337976 0.479477 0.023856 0.0290916 0.0224788
0 0.284521 0.510737 0.0256688 0.0499522 0.0224688
2 0.588777 0.700519 0.122503 0.0916109 0.0222235
0 0.767024 0.448451 0.0148093 0.0556393 0.0219321
9 0.763253 0.101309 0.0272146 0.0393766 0.0216273
2 0.0635776 0.699814 0.127155 0.121077 0.0216197
0 0.118896 0.517145 0.0302374 0.0498181 0.0213313
0 0.0883377 0.990078 0.0188477 0.0190701 0.0209261
9 0.763116 0.100952 0.0266857 0.0398105 0.0207189
0 0.102962 0.513705 0.0241186 0.057703 0.0206664
0 0.134542 0.585654 0.025346 0.050639 0.0205403
0 0.150226 0.511971 0.0251152 0.0391693 0.0203218
0 0.115505 0.533444 0.0245345 0.0318031 0.0199041
0 0.366049 0.468942 0.0228271 0.0359077 0.0190266
2 0.245649 0.464947 0.0663883 0.0268247 0.0188943
0 0.152824 0.514101 0.0203075 0.0313549 0.0186585
5 0.538241 0.433322 0.103627 0.111948 0.018226
0 0.106785 0.509148 0.0292048 0.0562955 0.0181214
0 0.0134537 0.620558 0.0252007 0.0575104 0.0180357
0 0.127935 0.523378 0.0222224 0.0503738 0.0173555
2 0.0635518 0.700321 0.126859 0.119062 0.0172897
2 0.553587 0.552568 0.0940601 0.0922105 0.0172592
0 0.134439 0.584545 0.0228679 0.0475792 0.0169919
1 0.363679 0.499478 0.0243033 0.0446465 0.0165656
2 0.106664 0.445415 0.0367152 0.0151354 0.0164008
0 0.337761 0.47877 0.0236804 0.0304863 0.0163076
0 0.127524 0.511244 0.0224705 0.0434898 0.0160955
2 0.243503 0.463157 0.0640823 0.0230224 0.0158308
0 0.022113 0.549074 0.0394628 0.0368351 0.0156808
0 0.0979719 0.494626 0.0207568 0.0240395 0.0154399
9 0.772664 0.0627404 0.0528239 0.124297 0.0154254
0 0.0245769 0.542023 0.0292549 0.0356927 0.0153522
9 0.765097 0.101673 0.031019 0.0399571 0.0149617
0 0.0157942 0.614715 0.0296447 0.0553755 0.0144382
6 0.733775 0.73323 0.53245 0.461405 0.0143849
0 0.755884 0.443538 0.027796 0.055067 0.0143436
9 0.772857 0.0623246 0.0513674 0.123719 0.0142528
0 0.109852 0.533455 0.0283375 0.0293225 0.0138495
0 0.366705 0.486141 0.0335967 0.0694555 0.0138
0 0.36771 0.488927 0.0332644 0.0665705 0.0136401
0 0.0139037 0.630849 0.027022 0.0756624 0.0136111
2 0.239564 0.490475 0.0938712 0.073241 0.0134353
0 0.15086 0.511697 0.0244385 0.0390165 0.0133606
0 0.789137 0.460416 0.01266 0.0356756 0.0132907
2 0.435089 0.758541 0.123355 0.0694969 0.0132637
0 0.134768 0.584766 0.0228337 0.0489023 0.0132347
2 0.843088 0.441248 0.0463991 0.0322551 0.013156
2 0.429187 0.760661 0.135132 0.0727664 0.013062
0 0.113416 0.500216 0.0239664 0.0400887 0.0130201
2 0.567714 0.594395 0.0327925 0.0168755 0.0130162
2 0.0151469 0.461262 0.0301121 0.0314075 0.013008
6 0.657695 0.707518 0.636437 0.337024 0.0128335
5 0.539413 0.433984 0.104008 0.110816 0.0127545
0 0.917709 0.471065 0.0158329 0.0300837 0.0127254
1 0.337904 0.480732 0.0250189 0.0302159 0.012453
0 0.0868469 0.522437 0.0215767 0.0536551 0.0123819
7 0.541434 0.43258 0.107904 0.10862 0.0123054
0 0.751659 0.442001 0.0187524 0.0473351 0.0123019
2 0.452554 0.443316 0.0253904 0.0215401 0.0121586
0 0.907678 0.475665 0.0132502 0.0257955 0.0118651
2 0.0149097 0.458838 0.0296612 0.0279897 0.0116497
2 0.784461 0.69697 0.0227041 0.0187806 0.011351
5 0.0208677 0.519748 0.0416776 0.146602 0.011121
2 0.309286 0.482715 0.022909 0.0344626 0.0108944
5 0.53858 0.433357 0.104427 0.111949 0.0107541
9 0.772526 0.0623465 0.0502155 0.123978 0.0106628
0 0.100394 0.51628 0.0201746 0.0526047 0.0104417
0 0.285924 0.493546 0.0221081 0.0462678 0.0103313
0 0.337898 0.481123 0.0254312 0.031967 0.0102919
2 0.84208 0.438145 0.0470238 0.0314505 0.0101351
0 0.134549 0.584928 0.0267319 0.0520311 0.0100079
0 0.0161064 0.613469 0.0311215 0.0553651 0.00968904
0 0.917876 0.473245 0.0155006 0.0306971 0.00966247
9 0.516164 0.434207 0.0250283 0.0437962 0.00964936
0 0.134823 0.584535 0.0235206 0.0495733 0.00960468
9 0.517811 0.42053 0.0227642 0.0257032 0.00950712
0 0.00597871 0.638675 0.0119574 0.0727081 0.00939383
9 0.328231 0.409692 0.0111746 0.0248476 0.00926024
9 0.519046 0.437841 0.0193838 0.0328417 0.00913284
0 0.907417 0.470829 0.0144176 0.0320291 0.00911664
2 0.428405 0.760535 0.135627 0.0727257 0.00909238
7 0.537233 0.433842 0.10393 0.112157 0.0090916
2 0.443643 0.462364 0.038068 0.0312504 0.00903106
6 0.760426 0.635644 0.47711 0.241532 0.00890359
9 0.773039 0.062449 0.0533022 0.1242 0.0088671
9 0.380675 0.392197 0.0105189 0.0291018 0.00885555
9 0.766355 0.101903 0.0348764 0.0419562 0.00880072
2 0.0154647 0.461708 0.0309004 0.0309658 0.00870634
6 0.762294 0.630847 0.473546 0.266334 0.00869223
7 0.537665 0.435462 0.0984514 0.108375 0.00859341
2 0.714341 0.742749 0.0296867 0.0232893 0.00855626
0 0.311569 0.48505 0.0181195 0.0333514 0.00848374
2 0.44313 0.464515 0.0375645 0.0287091 0.00848124
0 0.00569705 0.548618 0.0113735 0.0445843 0.00841363
0 0.0370265 0.623549 0.0213387 0.0393097 0.00823633
0 0.00522979 0.543516 0.0104212 0.0539139 0.00817001
0 0.751726 0.440354 0.0192061 0.0441687 0.00816572
0 0.00855759 0.626176 0.0171152 0.0476173 0.00811851
5 0.538816 0.434511 0.10616 0.109397 0.00806409
0 0.310769 0.485083 0.0262252 0.0362457 0.00805614
0 0.869581 0.404798 0.011285 0.028443 0.00805537
2 0.78357 0.700294 0.0260067 0.0251265 0.00803496
0 0.0869553 0.989382 0.0246192 0.0205122 0.00803369
2 0.44186 0.462916 0.0457523 0.0335911 0.00794764
0 0.15233 0.983886 0.0212232 0.0313248 0.00793328
