2 0.12769 0.517698 0.15011 0.104978 0.855418
2 0.128172 0.517266 0.150106 0.105927 0.840328
2 0.127562 0.517714 0.149439 0.104939 0.831538
2 0.127747 0.517904 0.150159 0.104853 0.825123
2 0.127738 0.517427 0.149736 0.10515 0.821109
2 0.128765 0.517358 0.150174 0.10542 0.820888
2 0.127835 0.517851 0.148863 0.105158 0.809889
5 0.586948 0.167499 0.138165 0.101163 0.786823
2 0.127635 0.517416 0.148637 0.104734 0.7775
5 0.586415 0.167615 0.13873 0.100546 0.759335
2 0.538246 0.395346 0.0820074 0.0951501 0.731596
5 0.588075 0.167044 0.137753 0.101631 0.709551
2 0.246992 0.398727 0.109796 0.0803288 0.708189
2 0.820877 0.236937 0.0584157 0.0613912 0.70512
2 0.127647 0.518075 0.150476 0.104948 0.701633
2 0.0877839 0.469756 0.14453 0.110292 0.70012
2 0.820528 0.237087 0.0576058 0.0610736 0.696742
5 0.586572 0.167812 0.139349 0.101503 0.696067
2 0.53866 0.395198 0.0817243 0.0944865 0.693302
2 0.0883157 0.469644 0.14511 0.11112 0.68818
5 0.587874 0.167887 0.138165 0.101043 0.685824
5 0.586787 0.167768 0.138688 0.101298 0.684454
2 0.820468 0.237283 0.0573133 0.0614236 0.683954
2 0.538644 0.395158 0.0816341 0.0942371 0.683124
2 0.820837 0.237189 0.058939 0.0612092 0.681913
2 0.246517 0.398199 0.109035 0.0793296 0.677868
5 0.58691 0.167726 0.139314 0.101598 0.677702
5 0.587382 0.167782 0.1383 0.101252 0.676943
2 0.0884034 0.469438 0.14421 0.11074 0.673981
2 0.246302 0.399185 0.10856 0.0804451 0.673926
2 0.0875222 0.469911 0.14323 0.111398 0.673336
2 0.539224 0.39464 0.0820931 0.0944698 0.672587
2 0.538461 0.394978 0.0830984 0.0953501 0.671223
2 0.375929 0.202661 0.0711904 0.0458338 0.670798
2 0.0882015 0.470414 0.14417 0.110695 0.668523
5 0.587113 0.167097 0.138908 0.101724 0.663201
2 0.0883681 0.46915 0.145067 0.109997 0.661741
2 0.246111 0.398435 0.108518 0.0805623 0.660882
2 0.538719 0.39507 0.0816589 0.0946223 0.657591
2 0.539025 0.394988 0.0816053 0.094396 0.655525
2 0.0874424 0.47037 0.142439 0.111417 0.655054
2 0.375657 0.202628 0.072072 0.047127 0.646237
2 0.0875217 0.469528 0.144828 0.112509 0.642693
2 0.285397 0.439601 0.114101 0.0896497 0.63794
2 0.538511 0.394993 0.0815294 0.0944378 0.630895
2 0.464542 0.327948 0.0784522 0.0779593 0.630856
2 0.245602 0.39802 0.107274 0.0810251 0.620651
2 0.375708 0.202247 0.0715962 0.0449876 0.61946
2 0.684305 0.352953 0.0697573 0.0863178 0.619182
2 0.820291 0.237025 0.0583264 0.0608155 0.61637
2 0.820932 0.237201 0.0586251 0.0614305 0.616029
2 0.524678 0.199088 0.0622776 0.041994 0.615061
2 0.82066 0.237054 0.0592604 0.0631062 0.613709
2 0.284543 0.439342 0.115493 0.0904019 0.611845
2 0.375742 0.202219 0.0712418 0.0465194 0.607555
2 0.087715 0.469853 0.145463 0.11084 0.606995
2 0.820213 0.237693 0.0579566 0.0605018 0.606359
2 0.524435 0.1992 0.0633154 0.0413681 0.601718
5 0.0578319 0.186445 0.115434 0.0709674 0.60104
2 0.722873 0.190531 0.0631133 0.0435416 0.596343
2 0.815971 0.191908 0.0629154 0.0410851 0.59634
2 0.284819 0.440241 0.115689 0.0904123 0.590114
5 0.0579805 0.186067 0.115252 0.0693007 0.587228
2 0.684156 0.352718 0.0699841 0.0874083 0.586527
2 0.815562 0.191711 0.0634409 0.0418669 0.585311
2 0.820447 0.237723 0.0582338 0.0620738 0.579844
2 0.246273 0.399066 0.108546 0.0812192 0.577066
2 0.524547 0.199396 0.062212 0.0425559 0.576646
2 0.465159 0.328146 0.0786323 0.077821 0.575215
2 0.285137 0.440113 0.115572 0.0910469 0.573274
2 0.684161 0.353007 0.0693337 0.0857632 0.572999
2 0.814716 0.191649 0.0625309 0.0425908 0.567573
2 0.684075 0.352817 0.0692097 0.0855006 0.562623
2 0.246128 0.398363 0.107618 0.0808922 0.561482
2 0.283648 0.208796 0.0674209 0.044616 0.558301
2 0.284534 0.440155 0.116243 0.0913591 0.552919
2 0.723961 0.19121 0.0618387 0.0413752 0.549045
5 0.0583589 0.185757 0.115499 0.0701831 0.547833
2 0.684169 0.352898 0.0695541 0.0862259 0.546199
2 0.133139 0.212657 0.0519748 0.0410319 0.541948
2 0.38158 0.368363 0.0982721 0.0739336 0.541436
2 0.284684 0.20872 0.0645188 0.0450444 0.53983
2 0.684074 0.352818 0.0694421 0.0862631 0.534046
2 0.133117 0.211498 0.0503737 0.0434625 0.528787
5 0.0588222 0.185691 0.117635 0.0713731 0.526604
2 0.284275 0.20934 0.065727 0.043575 0.523796
2 0.814734 0.191956 0.0627119 0.0408009 0.518135
2 0.68415 0.35366 0.0692025 0.0862464 0.514448
2 0.375682 0.203382 0.0715965 0.0464485 0.514003
2 0.722448 0.190236 0.0633057 0.0435258 0.512642
2 0.284194 0.440304 0.117235 0.0930011 0.512431
0 0.369069 0.432446 0.0376103 0.0732642 0.510443
2 0.72258 0.190838 0.0624058 0.0430725 0.507232
2 0.375795 0.203326 0.0713469 0.0463702 0.501748
2 0.133268 0.212713 0.0501236 0.0413223 0.501066
2 0.464721 0.327763 0.0791441 0.0771563 0.49992
2 0.524185 0.199364 0.0635071 0.0419884 0.498667
2 0.247363 0.398577 0.109429 0.0821413 0.497794
2 0.814579 0.192208 0.0634632 0.042099 0.485712
2 0.283559 0.209317 0.0659098 0.0426146 0.479118
2 0.133927 0.211886 0.0525272 0.0425393 0.478522
2 0.381553 0.371816 0.0973987 0.064831 0.476006
2 0.37598 0.203239 0.0714153 0.0440218 0.472585
2 0.576395 0.265 0.0626757 0.0545442 0.470673
2 0.577526 0.265644 0.0613875 0.0538352 0.469475
2 0.772061 0.175722 0.0541702 0.0347437 0.467281
2 0.285548 0.209381 0.0643449 0.0438751 0.463804
2 0.820369 0.237579 0.0574307 0.0607876 0.462493
2 0.465033 0.327977 0.0789133 0.0786293 0.457288
2 0.135121 0.211361 0.0565125 0.0434437 0.45525
5 0.0588028 0.18502 0.115384 0.0676305 0.448875
0 0.36857 0.433288 0.0396048 0.075805 0.448721
2 0.81485 0.19153 0.0623533 0.0419179 0.445845
0 0.368865 0.433372 0.037613 0.0725437 0.445079
2 0.283962 0.440565 0.116696 0.0910691 0.443159
2 0.722475 0.190122 0.0621244 0.0442731 0.439114
2 0.723305 0.190785 0.061149 0.0431171 0.437042
2 0.524445 0.199271 0.063595 0.0424829 0.423365
2 0.28226 0.206929 0.0689939 0.0490057 0.422867
2 0.77217 0.176035 0.05414 0.035159 0.421822
2 0.52415 0.198023 0.0622572 0.0408102 0.421654
5 0.586328 0.167854 0.139294 0.100583 0.411843
2 0.524954 0.199069 0.0632078 0.0416034 0.407604
2 0.381894 0.371689 0.0955323 0.0680542 0.406595
2 0.814324 0.191626 0.0574638 0.0422502 0.401374
2 0.284445 0.207953 0.0653131 0.0465966 0.392874
0 0.365572 0.43266 0.0452648 0.0780045 0.386012
2 0.445442 0.177505 0.063077 0.0471649 0.384562
2 0.524969 0.199316 0.0629516 0.0417809 0.382659
5 0.0578106 0.186559 0.115382 0.0724806 0.378293
2 0.375718 0.201955 0.0715875 0.0468355 0.37442
2 0.772216 0.175624 0.0542319 0.035448 0.373971
2 0.722812 0.190243 0.063134 0.0435364 0.373124
2 0.851911 0.184733 0.0401453 0.0410115 0.372647
2 0.375961 0.202691 0.0718012 0.0476766 0.3701
2 0.723658 0.191319 0.0621401 0.0422736 0.368001
2 0.283743 0.439582 0.118081 0.0929938 0.36488
2 0.72231 0.190319 0.0622532 0.0447044 0.364154
2 0.464067 0.328458 0.0782036 0.0769216 0.362481
2 0.134447 0.211576 0.053872 0.0431214 0.360468
2 0.576856 0.265202 0.0601665 0.0537683 0.358325
0 0.369054 0.430624 0.0348394 0.0696179 0.357108
2 0.618448 0.242274 0.0537325 0.047033 0.357007
2 0.772322 0.175858 0.0547316 0.0358789 0.352743
0 0.368264 0.432818 0.0379434 0.0726965 0.35259
2 0.816969 0.192078 0.0648031 0.0402422 0.352333
2 0.618194 0.240242 0.0540729 0.0488055 0.351294
2 0.852143 0.183717 0.041173 0.0415311 0.348882
2 0.237475 0.398429 0.0909859 0.0800695 0.348169
0 0.368634 0.43356 0.0391484 0.0761799 0.345388
2 0.133805 0.212521 0.0535086 0.0433844 0.345008
0 0.368718 0.434638 0.0381483 0.0715539 0.341862
2 0.412591 0.298647 0.0959208 0.0592811 0.339429
2 0.815196 0.19168 0.0639463 0.0394832 0.33836
2 0.380123 0.367068 0.0990385 0.0758837 0.336535
5 0.0584788 0.185294 0.116721 0.0728594 0.335351
2 0.724546 0.193197 0.0599808 0.0377269 0.33023
5 0.059271 0.184492 0.116645 0.0677231 0.329637
2 0.412161 0.298335 0.0963542 0.0577967 0.328935
2 0.190724 0.219036 0.0487375 0.0425029 0.322917
2 0.524833 0.198863 0.062252 0.0422722 0.321655
2 0.61935 0.241449 0.053063 0.0475122 0.320639
2 0.577589 0.265267 0.0601437 0.0533782 0.320484
2 0.189571 0.219292 0.0475024 0.042204 0.319738
2 0.44501 0.178275 0.0625324 0.0486396 0.312658
2 0.445189 0.177469 0.0630178 0.0482046 0.309464
2 0.523186 0.291025 0.067556 0.0501654 0.306224
2 0.815408 0.191185 0.0638542 0.0395826 0.305822
2 0.683734 0.354096 0.0702433 0.0871256 0.3042
2 0.772281 0.175138 0.0538265 0.0361105 0.300225
2 0.856501 0.184262 0.0308744 0.0411227 0.299279
2 0.242645 0.39847 0.100255 0.0783617 0.297151
2 0.375856 0.203108 0.0714808 0.0448302 0.296044
0 0.072874 0.97212 0.133421 0.0546429 0.295611
2 0.721601 0.190162 0.0631819 0.0441772 0.295173
2 0.684074 0.353461 0.0700892 0.08676 0.293497
2 0.618445 0.241535 0.0537986 0.0468382 0.288352
2 0.576714 0.265567 0.0622324 0.0540867 0.285709
2 0.444986 0.17769 0.0626692 0.046849 0.284234
2 0.246145 0.399357 0.107074 0.078651 0.283282
0 0.0726638 0.972106 0.13537 0.0551209 0.282336
2 0.374592 0.203073 0.0693356 0.0471865 0.281365
2 0.524329 0.28975 0.0669252 0.0470332 0.280703
2 0.618324 0.241812 0.0550685 0.0471675 0.280274
2 0.445677 0.178326 0.0627434 0.0487429 0.278569
2 0.618686 0.24318 0.0538336 0.0469548 0.277
2 0.577575 0.265205 0.0593233 0.0544726 0.273778
2 0.444712 0.177383 0.0619835 0.0478849 0.273305
2 0.190163 0.219912 0.0475683 0.0409959 0.270897
2 0.771933 0.174271 0.0539472 0.0333695 0.270655
0 0.368207 0.426695 0.0347642 0.0700783 0.270338
2 0.576902 0.265028 0.0620028 0.0521446 0.269186
2 0.445574 0.177821 0.0621337 0.0487946 0.267069
2 0.464594 0.327935 0.0799181 0.0773507 0.263167
2 0.617875 0.242462 0.0537449 0.0486391 0.261333
0 0.368921 0.434926 0.0374537 0.071522 0.261142
2 0.772593 0.174802 0.0531973 0.0339451 0.259108
2 0.414928 0.29825 0.100662 0.0586818 0.25877
2 0.245227 0.398806 0.108373 0.0793146 0.257957
2 0.396296 0.298837 0.0630211 0.058756 0.256375
2 0.951597 0.24005 0.0306154 0.0696453 0.252808
0 0.0734691 0.972464 0.134334 0.0544674 0.251965
2 0.190985 0.218049 0.0487117 0.0432508 0.251045
2 0.415345 0.298732 0.0988497 0.0600528 0.248182
0 0.0726509 0.971935 0.138886 0.0552059 0.246982
2 0.617465 0.240885 0.0559262 0.0510451 0.244595
2 0.381669 0.37243 0.0961344 0.0706375 0.243044
2 0.95141 0.239983 0.0299126 0.0706811 0.240425
2 0.136686 0.212154 0.0585101 0.0453763 0.239378
2 0.772552 0.176042 0.0550354 0.0349972 0.238753
2 0.445245 0.177742 0.0630882 0.0473428 0.235819
2 0.18988 0.215994 0.0486576 0.0480886 0.235027
3 0.249125 0.508499 0.0513913 0.0620663 0.230861
9 0.507971 0.0531622 0.0123131 0.0166247 0.229939
2 0.18914 0.219873 0.045873 0.0412839 0.229374
2 0.134862 0.210264 0.0541878 0.0471043 0.229155
2 0.723042 0.191679 0.0625988 0.0425502 0.228774
2 0.52442 0.19833 0.0637978 0.0406967 0.226521
2 0.523034 0.290635 0.0668995 0.0492402 0.225581
2 0.190189 0.216715 0.0480761 0.0456993 0.224946
2 0.192457 0.217835 0.0535106 0.0429265 0.224045
2 0.32547 0.18833 0.0454441 0.0327001 0.223163
2 0.39658 0.299302 0.0634912 0.0593514 0.222409
2 0.538635 0.395161 0.0815483 0.094575 0.217134
2 0.576935 0.26524 0.0602814 0.0536626 0.216636
0 0.0733671 0.972188 0.133478 0.0544392 0.213021
7 0.973224 0.269706 0.0532612 0.209153 0.212215
2 0.445151 0.177526 0.0624725 0.0474 0.209262
2 0.519874 0.290549 0.0700731 0.0502143 0.208518
2 0.773191 0.175163 0.0538618 0.0361341 0.207682
2 0.362989 0.347318 0.0817118 0.0775455 0.207387
2 0.969596 0.2341 0.0599346 0.117754 0.207033
2 0.857505 0.184124 0.0315044 0.0405992 0.205318
2 0.396373 0.298475 0.0621983 0.0582805 0.204528
2 0.95319 0.240368 0.0309765 0.070473 0.204366
0 0.159556 0.218179 0.0207281 0.0513364 0.204203
2 0.977459 0.317548 0.0442469 0.101824 0.204167
2 0.381597 0.372487 0.0950609 0.0654503 0.203953
0 0.0728445 0.97256 0.132516 0.0541969 0.203603
3 0.247958 0.508301 0.0471482 0.0593415 0.202875
7 0.97411 0.269639 0.0513679 0.209333 0.202651
2 0.850508 0.183419 0.0460518 0.0420021 0.19946
2 0.844089 0.183959 0.0569475 0.0443383 0.198781
2 0.952201 0.240719 0.0306662 0.0699363 0.195415
0 0.368329 0.429751 0.0348604 0.0698891 0.194641
2 0.52262 0.29324 0.0692258 0.0542762 0.194606
2 0.492753 0.26357 0.0917677 0.0542742 0.194138
2 0.280904 0.207346 0.072809 0.0486242 0.193171
5 0.0581567 0.187132 0.116313 0.0752584 0.191473
2 0.828833 0.185095 0.0887375 0.0445658 0.18944
0 0.369805 0.431472 0.0372149 0.0704576 0.189053
2 0.21951 0.209078 0.0436265 0.0429924 0.187263
2 0.97789 0.31367 0.043383 0.0995759 0.186911
2 0.952403 0.241511 0.0307209 0.0697927 0.186387
2 0.285075 0.210562 0.0639846 0.0400841 0.18612
2 0.395986 0.299005 0.0633532 0.0598786 0.185485
2 0.724119 0.190071 0.0602016 0.0408384 0.185273
2 0.44549 0.177904 0.0622174 0.0487702 0.184946
2 0.772058 0.177027 0.0536572 0.0298077 0.183759
2 0.324092 0.188015 0.0462727 0.0342086 0.183313
7 0.445751 0.177789 0.0626232 0.0478506 0.181646
2 0.396444 0.299189 0.0632994 0.0606205 0.181507
3 0.24656 0.507634 0.0458001 0.0565748 0.179595
2 0.576606 0.264814 0.0604786 0.0544824 0.178506
2 0.68355 0.354528 0.069408 0.0830992 0.1784
0 0.161985 0.224896 0.0177159 0.0511078 0.177852
2 0.375629 0.201832 0.070938 0.0480545 0.177245
2 0.364471 0.34855 0.0825477 0.0779487 0.176938
2 0.977351 0.320744 0.0441658 0.104034 0.175024
2 0.464448 0.327773 0.0802013 0.0786798 0.174709
2 0.977407 0.313583 0.0440117 0.0888058 0.173523
2 0.577278 0.26563 0.0584542 0.0534867 0.173051
2 0.380921 0.368808 0.0953098 0.0703773 0.172605
2 0.364912 0.351135 0.0854369 0.0835056 0.171783
2 0.420096 0.299543 0.100823 0.0594904 0.170238
2 0.684026 0.354649 0.0693434 0.0826689 0.16619
2 0.53823 0.395105 0.0814566 0.0926957 0.165038
0 0.160107 0.220943 0.0213217 0.0516919 0.164985
2 0.977195 0.316186 0.0449867 0.101357 0.164298
2 0.251998 0.196464 0.0477424 0.0473901 0.164113
2 0.136785 0.207813 0.0568812 0.05142 0.164098
2 0.522107 0.291369 0.0704717 0.0505907 0.162788
2 0.36469 0.34597 0.0839126 0.0767648 0.161269
0 0.239544 0.455139 0.0287863 0.0726731 0.159844
2 0.396027 0.299075 0.0614009 0.0585388 0.158434
2 0.417758 0.298799 0.103955 0.0593103 0.157754
3 0.248059 0.509978 0.0489886 0.062056 0.157454
2 0.323869 0.186611 0.0472457 0.0359352 0.15566
2 0.192137 0.219841 0.0524801 0.040014 0.154813
2 0.486675 0.264918 0.1071 0.0552297 0.154408
2 0.618922 0.240784 0.0539061 0.0456855 0.15361
2 0.323048 0.188666 0.0466461 0.0314061 0.153444
2 0.951804 0.239815 0.0301273 0.069554 0.152028
2 0.977551 0.32493 0.044064 0.0951023 0.150074
5 0.0560116 0.1857 0.112023 0.0709629 0.14946
2 0.363602 0.349224 0.0839968 0.0812866 0.148135
2 0.972858 0.267318 0.0538332 0.200537 0.148096
0 0.365643 0.425782 0.0370757 0.0721756 0.14772
2 0.977478 0.3214 0.0438141 0.0880993 0.146394
2 0.534238 0.290233 0.044142 0.0466864 0.145926
