2 0.541631 0.256131 0.0562368 0.0528069 0.778071
2 0.541617 0.255602 0.056118 0.0519723 0.774991
2 0.541904 0.255469 0.0558829 0.0523545 0.755574
5 0.202587 0.187646 0.137748 0.103435 0.75077
2 0.541702 0.255495 0.0560079 0.0526893 0.738298
2 0.542009 0.255651 0.0561552 0.0511654 0.733131
5 0.203393 0.187775 0.136891 0.103317 0.714929
5 0.202544 0.18765 0.137455 0.102737 0.70348
2 0.601954 0.220564 0.0419796 0.0448952 0.696784
5 0.202703 0.187333 0.138407 0.101993 0.692703
2 0.601579 0.220061 0.0425965 0.0443375 0.687409
5 0.202162 0.188379 0.136638 0.104223 0.684399
2 0.282299 0.649872 0.164964 0.226914 0.679634
2 0.601984 0.220388 0.0419477 0.0448258 0.662668
2 0.282223 0.650937 0.165415 0.226954 0.657768
2 0.601933 0.220177 0.0423756 0.0450303 0.649578
5 0.201798 0.187621 0.13751 0.102129 0.648439
2 0.601862 0.220573 0.0415331 0.0445828 0.643157
2 0.542186 0.255266 0.0560129 0.0522569 0.642469
2 0.281464 0.650379 0.164624 0.225784 0.619683
2 0.601824 0.220333 0.0426165 0.0440361 0.619322
2 0.602215 0.220553 0.0420073 0.0442272 0.617757
2 0.601989 0.220182 0.0434999 0.0449803 0.615436
2 0.282049 0.650542 0.165717 0.226115 0.608011
2 0.541724 0.255636 0.0558214 0.0518431 0.607772
2 0.281745 0.650153 0.165544 0.22732 0.598605
2 0.541545 0.255365 0.0558064 0.0520407 0.592129
2 0.602065 0.22064 0.0427055 0.0443482 0.575671
2 0.281378 0.649783 0.164562 0.226396 0.552433
2 0.697837 0.153261 0.0382759 0.0288808 0.54808
2 0.282238 0.649667 0.164706 0.22445 0.545116
2 0.489109 0.158322 0.0265787 0.032185 0.535405
2 0.488674 0.158985 0.0257942 0.0312574 0.535035
2 0.977505 0.312607 0.0439247 0.128971 0.520784
2 0.698338 0.152737 0.0393631 0.0289891 0.518552
2 0.54173 0.255534 0.0554758 0.0523726 0.51748
2 0.698206 0.152917 0.037369 0.0288034 0.510641
2 0.977685 0.313482 0.0440578 0.130439 0.507922
2 0.461553 0.16154 0.0261253 0.0260698 0.503412
2 0.977198 0.314088 0.0444115 0.125232 0.490741
5 0.202654 0.187725 0.139979 0.102181 0.485828
5 0.200976 0.190058 0.134275 0.106062 0.47515
2 0.461934 0.159505 0.0263464 0.0315667 0.472532
2 0.977634 0.31285 0.0442204 0.130815 0.469203
2 0.587535 0.156925 0.0223529 0.0296456 0.461821
2 0.697993 0.153196 0.0391773 0.0292453 0.459852
5 0.207486 0.187715 0.130546 0.102079 0.442737
2 0.48925 0.158477 0.0263836 0.0321461 0.428027
2 0.166587 0.223753 0.0695124 0.048244 0.426165
2 0.461681 0.159135 0.0266062 0.0311748 0.416531
2 0.977543 0.313563 0.0443802 0.12766 0.413692
0 0.704282 0.199351 0.0135465 0.0405946 0.408815
2 0.489236 0.158981 0.0256054 0.0313401 0.406868
2 0.461495 0.159433 0.0264523 0.0303717 0.400055
2 0.282452 0.650535 0.165182 0.228262 0.393252
2 0.461437 0.158613 0.0267075 0.0317126 0.391608
2 0.165174 0.225019 0.0696788 0.0457063 0.391256
5 0.200876 0.188926 0.133713 0.104548 0.3905
0 0.294403 0.196303 0.0158949 0.0535625 0.377818
2 0.165669 0.224348 0.0696396 0.0452393 0.37724
0 0.294629 0.195288 0.0154214 0.054917 0.375148
2 0.587166 0.156955 0.0210882 0.0291158 0.369399
5 0.202969 0.188426 0.140035 0.103821 0.365145
2 0.212057 0.216849 0.0340532 0.0363332 0.364906
2 0.16491 0.225045 0.0700253 0.0442003 0.363893
2 0.977205 0.312476 0.0450554 0.135152 0.361047
2 0.396665 0.163738 0.0198709 0.0252736 0.360733
2 0.977561 0.318858 0.0441563 0.112911 0.360132
0 0.265706 0.236213 0.0165922 0.0440662 0.359367
2 0.428472 0.159181 0.0222773 0.0291263 0.359228
2 0.164832 0.224539 0.0712882 0.0454738 0.346848
2 0.21056 0.216522 0.0327793 0.0352801 0.329038
2 0.165614 0.223377 0.0713307 0.0470907 0.328636
2 0.428194 0.160056 0.0211506 0.028426 0.328436
2 0.977447 0.313206 0.0444595 0.11418 0.323883
2 0.282701 0.649815 0.165145 0.22689 0.32199
0 0.704081 0.19987 0.0119396 0.0398263 0.319124
2 0.697754 0.15274 0.040073 0.0280725 0.312984
2 0.489524 0.158867 0.0265038 0.0344249 0.30822
2 0.282611 0.649788 0.165908 0.226173 0.299203
2 0.165105 0.224813 0.0713851 0.0442091 0.29859
2 0.624638 0.18193 0.0240505 0.0291401 0.290946
9 0.508592 0.0592777 0.015168 0.0177263 0.290628
2 0.166669 0.223562 0.0697294 0.0452513 0.288544
0 0.834593 0.198388 0.0139221 0.0334097 0.28647
0 0.265661 0.236433 0.0151883 0.0440361 0.277481
2 0.977612 0.318663 0.0442184 0.113152 0.276809
2 0.6248 0.182001 0.0237268 0.0292369 0.275678
2 0.489437 0.156804 0.0282698 0.0349939 0.26733
2 0.698045 0.152675 0.0395369 0.0290116 0.267145
0 0.834444 0.198951 0.0146217 0.0353049 0.264494
2 0.697135 0.15332 0.040589 0.0283044 0.258778
0 0.295059 0.196632 0.0143188 0.0514784 0.253602
2 0.587229 0.15795 0.0218071 0.0285209 0.246901
2 0.963931 0.189138 0.0565346 0.04148 0.239592
2 0.462265 0.156386 0.0293777 0.0377244 0.237176
2 0.211925 0.217243 0.0332345 0.0367229 0.233115
2 0.977352 0.314949 0.04471 0.117102 0.231622
2 0.602308 0.219987 0.0424157 0.0447986 0.228261
0 0.265668 0.237753 0.0153193 0.0428947 0.226788
2 0.965375 0.189686 0.0579971 0.0422132 0.223441
2 0.587326 0.157915 0.0219614 0.0284671 0.222742
0 0.835073 0.199322 0.016687 0.0362986 0.221614
2 0.0264382 0.219382 0.0517274 0.0289444 0.220651
2 0.212283 0.216884 0.0353394 0.0372291 0.218338
2 0.977304 0.314212 0.0442692 0.129668 0.218284
2 0.0269053 0.219338 0.0514133 0.0292725 0.213954
2 0.62569 0.180168 0.0258906 0.0329164 0.213566
2 0.211028 0.216809 0.0322134 0.035295 0.20994
2 0.430169 0.159618 0.0259794 0.0299931 0.209549
0 0.834806 0.199465 0.0152042 0.0359923 0.202498
2 0.361329 0.169311 0.0305874 0.0262173 0.199645
0 0.266256 0.23451 0.0173485 0.0445402 0.198474
2 0.0291401 0.221823 0.0578871 0.036128 0.19378
0 0.294904 0.193998 0.0164929 0.0550285 0.191316
2 0.624449 0.182861 0.0232662 0.0288577 0.188854
2 0.69721 0.152896 0.0421899 0.0295042 0.187537
2 0.2348 0.215393 0.0741992 0.0458323 0.184012
0 0.265963 0.232495 0.0179717 0.0518728 0.181851
2 0.211694 0.216606 0.0351148 0.0355841 0.172707
2 0.63465 0.150246 0.0200151 0.0297749 0.172058
2 0.0299463 0.222403 0.0598925 0.0349936 0.170263
2 0.586993 0.156491 0.0226775 0.0283971 0.164047
2 0.399269 0.162829 0.0253084 0.0273644 0.163449
2 0.0290157 0.221094 0.0577694 0.0343242 0.162351
2 0.964132 0.189519 0.0561775 0.0417227 0.162322
2 0.63424 0.150728 0.0198619 0.0294295 0.160168
0 0.880636 0.194738 0.0137682 0.0434395 0.156568
2 0.963948 0.189244 0.0550419 0.0414637 0.156067
2 0.0296544 0.22165 0.0589884 0.0365693 0.154853
2 0.0675383 0.215589 0.0448194 0.0296555 0.154732
5 0.36161 0.149562 0.0360171 0.0646992 0.149742
2 0.489081 0.157164 0.0294177 0.0348328 0.14942
2 0.977027 0.308866 0.045364 0.158374 0.148227
2 0.0674804 0.215476 0.0436148 0.027878 0.141405
2 0.0639867 0.216505 0.0373799 0.0275918 0.138797
9 0.621352 0.0587431 0.0119543 0.0162262 0.138042
0 0.880293 0.196128 0.013015 0.0441977 0.137922
2 0.165184 0.225642 0.0709023 0.0435917 0.135442
2 0.0311486 0.22221 0.0620501 0.0347887 0.134391
2 0.58663 0.15325 0.0225735 0.0363482 0.133685
2 0.397705 0.160569 0.0223565 0.0300953 0.130856
2 0.282561 0.650285 0.16605 0.227304 0.130775
2 0.0688927 0.214439 0.0470575 0.0316881 0.13062
0 0.70404 0.201353 0.0123487 0.0389792 0.128447
2 0.36073 0.169182 0.0304708 0.0266744 0.128414
9 0.508586 0.0597135 0.015673 0.0202257 0.127862
2 0.422112 0.162607 0.0225874 0.0259867 0.127282
2 0.462168 0.156523 0.0296425 0.0374735 0.125693
2 0.577692 0.107943 0.0183192 0.0208282 0.119443
2 0.248002 0.214231 0.0504727 0.0461249 0.118132
3 0.948195 0.259507 0.0514374 0.0565298 0.117645
2 0.541559 0.2558 0.0561567 0.0529174 0.112126
5 0.361602 0.158467 0.0347662 0.0475723 0.111941
0 0.705766 0.198017 0.014345 0.0401755 0.111427
2 0.624158 0.182594 0.023772 0.0303556 0.110844
2 0.094658 0.220229 0.034329 0.0228911 0.109988
2 0.965015 0.189707 0.0526421 0.0418229 0.108873
2 0.397687 0.162083 0.0217237 0.0283276 0.107925
4 0.582311 0.549047 0.83007 0.888106 0.106015
3 0.970305 0.231926 0.0543764 0.0518888 0.10414
2 0.427803 0.158762 0.0230127 0.0316965 0.10331
5 0.361146 0.149797 0.0357085 0.0637473 0.10187
0 0.893373 0.187024 0.014222 0.0359854 0.101131
2 0.0259422 0.218574 0.0489038 0.0284675 0.100836
2 0.634406 0.151176 0.0222906 0.030215 0.0990922
2 0.964854 0.189524 0.0552025 0.0415493 0.0981631
2 0.093442 0.224446 0.036933 0.0280128 0.096996
2 0.977591 0.325108 0.0440619 0.109252 0.0969306
9 0.685085 0.0582662 0.0161952 0.0161323 0.0938485
2 0.164473 0.224881 0.0737773 0.0469327 0.0925009
0 0.88087 0.192396 0.0141838 0.0437867 0.0920842
0 0.679275 0.18377 0.0122222 0.0355454 0.0914525
2 0.0715379 0.211138 0.0429406 0.027665 0.0912041
2 0.583723 0.130691 0.021471 0.0262127 0.0905548
3 0.96932 0.231733 0.0561228 0.0523641 0.0904351
3 0.966717 0.246948 0.0616177 0.0834005 0.0902175
9 0.582926 0.0822492 0.0145657 0.020573 0.0893958
2 0.031234 0.222541 0.062468 0.0365601 0.0891878
2 0.965618 0.189897 0.0519909 0.0421737 0.0882159
0 0.292591 0.192335 0.0186728 0.0516175 0.0872597
2 0.0266159 0.218134 0.0494773 0.0295763 0.086455
4 0.57215 0.5463 0.850102 0.894272 0.0853988
2 0.36109 0.169835 0.0313 0.0265507 0.0848477
2 0.962264 0.190229 0.0548977 0.0382395 0.0838313
2 0.23691 0.214679 0.0718036 0.0458589 0.081395
0 0.892691 0.184716 0.0151812 0.0351618 0.0813415
3 0.969563 0.232783 0.054406 0.0519684 0.0811078
0 0.994961 0.200958 0.00938301 0.0516898 0.0799457
2 0.099899 0.215719 0.0325428 0.027178 0.0796324
3 0.951897 0.262112 0.0426729 0.0542388 0.0788067
0 0.835062 0.197275 0.0153765 0.0352234 0.0779007
2 0.242591 0.217197 0.0558513 0.0440258 0.0772218
2 0.281518 0.649586 0.165878 0.226462 0.0767153
3 0.971505 0.230428 0.0553749 0.0526616 0.0756992
2 0.626029 0.180684 0.0254115 0.0329968 0.072652
5 0.362666 0.147719 0.0437966 0.0679587 0.0716504
9 0.509146 0.0584662 0.0165936 0.0170543 0.0713146
2 0.586374 0.14711 0.0217051 0.0490813 0.070455
0 0.994296 0.208488 0.0107454 0.0553199 0.0700843
3 0.933641 0.259809 0.0224142 0.0466611 0.0697759
0 0.264675 0.235742 0.0192193 0.0463574 0.0693912
2 0.0922991 0.227301 0.0413408 0.0349442 0.0691261
2 0.699195 0.153805 0.0436445 0.0289835 0.0688248
3 0.971213 0.231419 0.0561806 0.052471 0.0683549
2 0.119241 0.218871 0.0182887 0.0267294 0.067369
2 0.0864155 0.21979 0.0553656 0.0316048 0.0671832
2 0.102077 0.218607 0.0307873 0.0236978 0.0665331
2 0.247355 0.215321 0.0486762 0.044973 0.0664663
2 0.977352 0.307577 0.0447214 0.116262 0.0663849
2 0.125209 0.214817 0.026358 0.0322833 0.0658951
2 0.956635 0.264563 0.0358875 0.0533226 0.0649259
2 0.24701 0.216393 0.0467514 0.0423525 0.0645688
2 0.0161566 0.223919 0.0322106 0.0329286 0.0644264
2 0.785661 0.130823 0.0258236 0.0188384 0.0631999
9 0.90592 0.0957319 0.0123447 0.0284278 0.062563
2 0.634868 0.150311 0.0214567 0.0303457 0.0606249
2 0.78646 0.131843 0.0266064 0.0192834 0.0602152
2 0.0255819 0.218059 0.0474886 0.0279484 0.060129
2 0.0096443 0.219854 0.0192626 0.0281318 0.0597907
5 0.238554 0.18686 0.0732926 0.101881 0.0595452
2 0.947787 0.261561 0.0505674 0.0543654 0.0594752
5 0.191999 0.190306 0.121308 0.105707 0.0591672
2 0.602378 0.220432 0.0438047 0.0443349 0.0585087
2 0.0549921 0.22024 0.0924113 0.0352117 0.0582608
4 0.582613 0.536042 0.826315 0.896929 0.0572654
2 0.952428 0.262831 0.0422482 0.055674 0.0563104
2 0.956576 0.189862 0.043022 0.0381583 0.0557205
3 0.965625 0.248075 0.062476 0.0866975 0.0557052
0 0.264186 0.23701 0.018424 0.0449213 0.0552947
0 0.886934 0.188695 0.020298 0.0528284 0.0552773
3 0.972137 0.231935 0.0538065 0.0527179 0.0545495
0 0.835607 0.198779 0.0181915 0.0363054 0.0542737
32 0.841875 0.813713 0.0304581 0.0413993 0.053953
2 0.0884767 0.221493 0.0315707 0.0257302 0.0534636
2 0.361092 0.169734 0.0321931 0.0269262 0.0529618
3 0.947293 0.262001 0.0502405 0.0547637 0.0528373
2 0.127253 0.21374 0.0239151 0.0322144 0.0527048
2 0.16533 0.225725 0.0698884 0.0439414 0.0526045
0 0.679026 0.183868 0.0123035 0.0346457 0.0525969
7 0.166986 0.217719 0.0679418 0.0571969 0.0520144
2 0.947758 0.26247 0.051564 0.0555614 0.0516086
1 0.888054 0.192137 0.0228794 0.0398752 0.0515041
0 0.969859 0.229891 0.0556318 0.0544618 0.0512806
2 0.128409 0.212647 0.0211385 0.0296801 0.0511166
0 0.886054 0.1783 0.0195049 0.060645 0.0510212
9 0.821285 0.062461 0.0156815 0.0175533 0.0508932
0 0.835579 0.199027 0.0186066 0.0363104 0.0495103
2 0.968244 0.190823 0.0625126 0.0447186 0.0493226
4 0.577744 0.615244 0.834887 0.762838 0.0482976
9 0.510456 0.0590254 0.0192951 0.018645 0.0481207
0 0.891261 0.173416 0.0178249 0.047224 0.0478386
2 0.200281 0.219059 0.0557659 0.0404377 0.04685
5 0.213043 0.186217 0.120364 0.0992167 0.0455893
5 0.230934 0.187101 0.0825642 0.101442 0.0448433
32 0.841694 0.813833 0.0296249 0.0410511 0.0432958
4 0.572186 0.582201 0.847129 0.829641 0.0429058
5 0.362872 0.162507 0.0374096 0.039342 0.0421029
0 0.834384 0.200466 0.0167774 0.0400676 0.0406922
2 0.248699 0.21288 0.0498938 0.0490368 0.0406566
5 0.36103 0.164395 0.0345032 0.03538 0.0398586
7 0.348629 0.152352 0.0633353 0.0555614 0.0397994
3 0.950458 0.263025 0.0471533 0.0551525 0.0391967
3 0.959121 0.25585 0.0722597 0.0700512 0.0385935
9 0.68568 0.0582913 0.0189757 0.0165792 0.0381105
2 0.0951476 0.222388 0.0394485 0.0297836 0.037926
0 0.969567 0.228413 0.053466 0.0546587 0.0376054
4 0.584574 0.713678 0.815006 0.500967 0.0373519
2 0.169722 0.223229 0.0626048 0.043624 0.0372478
0 0.293913 0.190431 0.01771 0.0521643 0.0371515
0 0.904868 0.163772 0.0116005 0.0292 0.0369522
0 0.885996 0.19312 0.0223269 0.0498221 0.0365662
3 0.960096 0.247967 0.0734533 0.0817844 0.0362904
3 0.946993 0.26123 0.0490517 0.0528678 0.0362791
0 0.801106 0.160663 0.0147644 0.02325 0.0353684
3 0.968955 0.244501 0.058283 0.0829154 0.03524
3 0.937744 0.259389 0.029994 0.0463128 0.0352081
2 0.181592 0.205767 0.096747 0.0612498 0.0345086
2 0.971893 0.234323 0.0555592 0.0693789 0.0341703
2 0.0945395 0.215136 0.0352454 0.0276488 0.0340796
0 0.992802 0.216245 0.0137575 0.0668426 0.0339904
2 0.462946 0.153866 0.0317249 0.0436996 0.0338444
32 0.841819 0.814209 0.0302612 0.04102 0.0338325
0 0.933615 0.17551 0.0152819 0.0285214 0.0332925
3 0.953592 0.262783 0.0492592 0.0573667 0.0332541
5 0.361674 0.148725 0.035803 0.0649199 0.0329813
4 0.573009 0.554785 0.847089 0.874238 0.0320258
9 0.644909 0.111761 0.0222685 0.0282583 0.0315099
0 0.994973 0.194469 0.00922165 0.0441897 0.0313906
4 0.577058 0.546421 0.838503 0.890531 0.0312872
2 0.332175 0.15594 0.0268437 0.0330484 0.0310651
2 0.165152 0.224288 0.0686928 0.0459062 0.0310425
5 0.349979 0.151775 0.0620055 0.0549509 0.0306495
4 0.582639 0.761939 0.819046 0.466574 0.030505
2 0.112609 0.216108 0.0145983 0.0272845 0.0300202
3 0.961937 0.191011 0.0517647 0.0385444 0.0299987
2 0.341126 0.155126 0.0447477 0.0500145 0.0298485
2 0.585041 0.143017 0.0229521 0.0503896 0.0293379
4 0.568939 0.504262 0.846297 0.762952 0.0291848
0 0.971801 0.227051 0.05569 0.0719519 0.028662
