2 0.0412335 0.432353 0.0823141 0.0950025 0.695047
2 0.0406918 0.432525 0.0812702 0.0948958 0.657048
2 0.0408791 0.432582 0.0815967 0.0955608 0.652452
2 0.236762 0.251141 0.045344 0.0530606 0.649692
2 0.0408918 0.432286 0.0814633 0.0957426 0.634013
2 0.0407187 0.432332 0.0809176 0.0951048 0.633613
2 0.0410825 0.432285 0.0821066 0.0954485 0.619702
2 0.0413132 0.432611 0.0823974 0.0954876 0.608457
2 0.591361 0.900455 0.116191 0.188489 0.607983
2 0.236723 0.251454 0.0458542 0.0535502 0.599634
2 0.0407884 0.432623 0.0809834 0.0948343 0.584649
2 0.237464 0.251934 0.0462654 0.0541455 0.583483
2 0.0407894 0.432692 0.0814323 0.095487 0.581417
2 0.0982831 0.78375 0.145386 0.207787 0.574935
2 0.591596 0.899911 0.116827 0.186641 0.574909
2 0.59139 0.900416 0.116531 0.189018 0.574907
2 0.591682 0.900235 0.114617 0.19017 0.566315
2 0.0458026 0.942554 0.0905451 0.114251 0.562613
2 0.0983596 0.783976 0.145127 0.207876 0.562009
2 0.0461182 0.942451 0.0909814 0.114047 0.55609
2 0.237351 0.251761 0.0457759 0.0537107 0.555425
2 0.237663 0.251089 0.0472126 0.053544 0.547338
2 0.591134 0.900512 0.116733 0.188965 0.541279
2 0.591597 0.900032 0.115123 0.190375 0.528622
2 0.237008 0.251219 0.0455742 0.0531117 0.526522
2 0.430919 0.849595 0.108774 0.227575 0.525864
5 0.384194 0.405373 0.0635011 0.0995223 0.519148
2 0.444041 0.128936 0.0230416 0.0307317 0.509302
2 0.5917 0.900243 0.115143 0.190051 0.5072
2 0.0976734 0.782496 0.146112 0.207934 0.501433
2 0.237274 0.251787 0.0460365 0.0543798 0.500753
5 0.17775 0.648427 0.0870047 0.152251 0.494404
6 0.978001 0.440779 0.0435043 0.134188 0.485323
2 0.591987 0.900738 0.113262 0.19271 0.477502
5 0.383923 0.405374 0.0641026 0.0993008 0.474452
2 0.0987249 0.783516 0.145406 0.209149 0.472882
2 0.0454028 0.942659 0.0906933 0.114024 0.468854
2 0.0456749 0.942614 0.0911902 0.113862 0.460644
5 0.177452 0.648783 0.0877077 0.152266 0.456925
5 0.383822 0.405558 0.063792 0.0992628 0.450087
2 0.435271 0.649672 0.0821978 0.156804 0.44145
5 0.384649 0.405194 0.0635975 0.0983501 0.437528
2 0.0461511 0.942867 0.0912472 0.113731 0.428767
2 0.152239 0.366517 0.0751842 0.0851386 0.425997
2 0.584677 0.732573 0.0935432 0.165507 0.423013
2 0.236898 0.251823 0.044684 0.0540214 0.421606
2 0.0462529 0.942714 0.0915881 0.113979 0.419539
6 0.978104 0.440162 0.0432909 0.133622 0.418922
6 0.977588 0.440134 0.0438587 0.132193 0.416804
2 0.432453 0.849951 0.107303 0.227611 0.412221
2 0.152279 0.367265 0.0740896 0.0840188 0.409328
2 0.435308 0.649548 0.0832334 0.15799 0.404451
2 0.0976812 0.783095 0.14665 0.206835 0.399059
5 0.384669 0.404786 0.0632806 0.0985332 0.39667
2 0.151732 0.367831 0.0726982 0.0804711 0.394658
2 0.0457908 0.942404 0.0913493 0.114586 0.391707
2 0.152044 0.366291 0.0742929 0.0845872 0.368623
6 0.977669 0.440213 0.0435915 0.134076 0.368043
6 0.977795 0.439406 0.0433521 0.133304 0.367615
5 0.177631 0.648186 0.0878329 0.152684 0.364435
5 0.177816 0.64831 0.0869188 0.1524 0.360709
2 0.151548 0.366111 0.0744074 0.083826 0.358144
2 0.151723 0.366289 0.0743382 0.083905 0.356484
2 0.0455842 0.942581 0.0910329 0.114239 0.352794
7 0.0979307 0.782577 0.145808 0.209026 0.351888
2 0.435264 0.650442 0.0812154 0.156014 0.347616
6 0.978304 0.439183 0.0428684 0.131073 0.347124
2 0.238471 0.516831 0.0877656 0.137227 0.345248
2 0.43119 0.850623 0.106554 0.230096 0.343059
5 0.384046 0.405839 0.0636932 0.099233 0.340892
2 0.337525 0.189548 0.0449569 0.0375978 0.339047
2 0.584588 0.732827 0.0936583 0.166393 0.338158
2 0.177646 0.648318 0.0871576 0.153112 0.335563
2 0.435234 0.649929 0.0829639 0.157376 0.333096
2 0.337223 0.188941 0.0460521 0.0377536 0.325637
2 0.431069 0.851464 0.106965 0.231004 0.323888
2 0.443947 0.130088 0.0236397 0.0304922 0.320543
2 0.435675 0.649168 0.0848293 0.157342 0.316303
2 0.431057 0.850791 0.106887 0.230003 0.312524
2 0.0984947 0.78221 0.146867 0.208636 0.312244
2 0.238681 0.516636 0.0890464 0.137373 0.306188
7 0.238934 0.516514 0.0893516 0.137639 0.304416
7 0.239485 0.516529 0.090243 0.137262 0.30409
2 0.584502 0.732692 0.0936542 0.166377 0.303338
2 0.592138 0.89947 0.11628 0.187664 0.300788
2 0.0456059 0.942356 0.0911032 0.114511 0.296248
2 0.238642 0.516735 0.0885328 0.138278 0.295938
2 0.239377 0.516738 0.088983 0.137211 0.295708
5 0.384542 0.404816 0.0640453 0.0993214 0.29323
5 0.17771 0.648606 0.0866097 0.152859 0.29306
5 0.17742 0.648274 0.087115 0.152381 0.292207
2 0.337968 0.190428 0.0441527 0.0357687 0.291991
6 0.977849 0.439992 0.0432335 0.131411 0.291516
5 0.177689 0.648292 0.086952 0.152234 0.291272
2 0.435182 0.650257 0.0822157 0.156054 0.283929
2 0.584932 0.732804 0.0933935 0.166331 0.283096
2 0.431783 0.849852 0.106775 0.228781 0.281614
2 0.584383 0.732569 0.0939491 0.166084 0.281418
7 0.239016 0.516594 0.0904558 0.13735 0.273806
5 0.177443 0.648457 0.0869961 0.152808 0.271615
2 0.431545 0.85008 0.107157 0.229365 0.267112
5 0.383914 0.404991 0.063954 0.0997928 0.263895
2 0.214604 0.888846 0.090514 0.0759426 0.25895
7 0.221214 0.897179 0.143601 0.204884 0.258089
2 0.435161 0.651175 0.0812552 0.154875 0.253464
2 0.584653 0.732919 0.0934513 0.167309 0.250706
5 0.13948 0.313181 0.0674773 0.105804 0.249251
2 0.0407933 0.432516 0.0815866 0.0940058 0.245471
2 0.435348 0.6494 0.083033 0.15628 0.240823
2 0.260356 0.182106 0.030655 0.0328949 0.233927
2 0.584543 0.733031 0.0934393 0.166845 0.233493
5 0.140823 0.315277 0.0697773 0.10165 0.22962
7 0.221637 0.897524 0.141959 0.204278 0.227446
2 0.131123 0.323708 0.0507518 0.0797327 0.226007
2 0.0979121 0.782428 0.144751 0.207892 0.224256
5 0.177438 0.648525 0.0867733 0.153332 0.221284
5 0.142047 0.31129 0.0717196 0.114587 0.22085
2 0.337774 0.18925 0.0445104 0.0359234 0.219392
6 0.978774 0.439155 0.0418993 0.130961 0.219267
7 0.221925 0.897447 0.141699 0.204056 0.218734
2 0.213969 0.88378 0.0975764 0.0805254 0.218317
2 0.238782 0.516859 0.089534 0.137663 0.218037
2 0.435156 0.650317 0.0818319 0.155889 0.21054
2 0.584771 0.732334 0.0934513 0.164818 0.210501
5 0.431954 0.850089 0.107129 0.22949 0.205257
2 0.337341 0.188985 0.0472215 0.0380471 0.203189
5 0.395119 0.118429 0.0403666 0.0548109 0.200444
2 0.337533 0.192066 0.0416198 0.0339876 0.199854
5 0.393853 0.117986 0.0424257 0.0553158 0.19872
7 0.222049 0.897955 0.140964 0.203429 0.198708
2 0.135462 0.325825 0.0611166 0.0810433 0.19673
2 0.221174 0.897908 0.141513 0.202722 0.19522
2 0.0458157 0.943329 0.0913859 0.112777 0.194908
2 0.151764 0.367513 0.0726505 0.0802855 0.189313
7 0.136715 0.314825 0.0618434 0.0998272 0.186906
2 0.431573 0.850263 0.106681 0.229512 0.178823
5 0.140738 0.310898 0.0701148 0.109164 0.177165
2 0.584836 0.732842 0.0934834 0.166059 0.174812
2 0.337433 0.19103 0.0429797 0.0365203 0.174173
7 0.140954 0.313765 0.0650193 0.102832 0.172441
2 0.435281 0.649043 0.0841374 0.157743 0.165836
2 0.260204 0.181857 0.0290918 0.033021 0.163526
5 0.141375 0.310451 0.0711981 0.111426 0.160761
0 0.0136937 0.24909 0.0166739 0.042217 0.158084
5 0.441972 0.0825763 0.0436062 0.045982 0.157683
0 0.159533 0.204408 0.0115226 0.0255371 0.154612
5 0.385244 0.404928 0.0634171 0.098382 0.153442
2 0.238006 0.25105 0.0489578 0.0522588 0.153017
5 0.584761 0.733058 0.0934383 0.166876 0.151117
7 0.239052 0.518456 0.0897898 0.135342 0.14913
2 0.228919 0.155264 0.0301301 0.0362695 0.14883
2 0.338201 0.188815 0.044442 0.035532 0.14808
6 0.977751 0.485277 0.0440647 0.224391 0.145353
2 0.152007 0.366219 0.0748525 0.0836697 0.142366
5 0.394898 0.118892 0.0377481 0.053104 0.141092
5 0.438033 0.0904445 0.0383032 0.0500875 0.139197
7 0.220103 0.896345 0.146743 0.206901 0.136923
2 0.214154 0.889509 0.0888861 0.0729704 0.135626
5 0.221201 0.897288 0.144479 0.204659 0.133771
5 0.440035 0.0884601 0.0416185 0.0503758 0.127818
2 0.227034 0.864991 0.122048 0.121916 0.125413
0 0.907195 0.180506 0.010648 0.0400123 0.124922
2 0.151579 0.369634 0.0722609 0.0768607 0.124176
5 0.439268 0.087597 0.036871 0.0532419 0.124014
0 0.883057 0.167311 0.0144764 0.0342276 0.124013
2 0.444051 0.128923 0.023406 0.0313106 0.123554
0 0.906603 0.181913 0.00932808 0.0366939 0.12307
0 0.0142406 0.24993 0.0159287 0.044247 0.119209
5 0.383796 0.404527 0.0630039 0.0971683 0.118302
0 0.130494 0.208038 0.0116165 0.026121 0.116313
5 0.458999 0.0729533 0.0386028 0.0436956 0.114101
0 0.882277 0.166539 0.0124823 0.0336134 0.110816
2 0.298803 0.184834 0.0255675 0.0249377 0.110369
5 0.437602 0.0879343 0.0377896 0.0501365 0.110066
2 0.338001 0.189981 0.0423706 0.038593 0.109887
2 0.260395 0.179187 0.0304367 0.0374547 0.108064
5 0.392124 0.0866285 0.0415199 0.0438361 0.107582
6 0.978561 0.437417 0.0422251 0.125498 0.107253
2 0.233632 0.860811 0.11453 0.127628 0.104384
2 0.260885 0.180503 0.029626 0.0351691 0.104322
0 0.0138994 0.256491 0.0167183 0.0582556 0.103155
5 0.394023 0.0862597 0.0469075 0.0475999 0.101986
2 0.098685 0.783106 0.146066 0.209145 0.100424
2 0.238274 0.8596 0.10541 0.125909 0.100313
5 0.434502 0.0947428 0.0305393 0.0419242 0.1002
2 0.152353 0.365863 0.0750488 0.0840794 0.100081
6 0.976917 0.499092 0.0457016 0.252208 0.0988405
5 0.394505 0.11894 0.03919 0.0533294 0.0977632
2 0.248109 0.859344 0.0861635 0.123406 0.0977168
7 0.23905 0.518405 0.0896644 0.135411 0.0967056
5 0.492773 0.0707659 0.0301567 0.0388157 0.096587
2 0.592221 0.900751 0.113968 0.192643 0.0952586
2 0.213367 0.890665 0.0883874 0.0720119 0.0946898
0 0.336801 0.239075 0.0154462 0.0469126 0.0934168
0 0.336568 0.238784 0.0167879 0.045529 0.0930582
2 0.668807 0.106097 0.0138992 0.0238888 0.09107
2 0.221462 0.897536 0.140319 0.202545 0.0897806
2 0.151718 0.367558 0.0735967 0.0812971 0.0888165
5 0.391891 0.085613 0.0434175 0.0438314 0.0884086
5 0.394686 0.117455 0.0375834 0.0532742 0.0866116
2 0.239233 0.523741 0.0895322 0.124242 0.0848292
2 0.130164 0.322947 0.0497416 0.0816805 0.0837373
5 0.229323 0.155687 0.0288377 0.0362371 0.0835284
2 0.261282 0.178538 0.030489 0.0380583 0.0825818
0 0.131277 0.208419 0.010881 0.0271823 0.0814315
2 0.231136 0.861472 0.120672 0.128198 0.0812012
5 0.395292 0.119479 0.0377488 0.0528938 0.0810472
0 0.160807 0.204286 0.0106836 0.0264813 0.0804437
2 0.129452 0.319394 0.0489792 0.0790536 0.0800938
5 0.39323 0.103773 0.0452369 0.0812908 0.0800661
5 0.129679 0.324947 0.0503849 0.0782996 0.079959
2 0.299244 0.182844 0.0257051 0.0270932 0.0781825
2 0.260865 0.179197 0.0298092 0.0380403 0.0778825
2 0.218126 0.901323 0.140388 0.196975 0.0774531
2 0.228748 0.154714 0.0310207 0.0363248 0.0774424
0 0.883415 0.167993 0.0124249 0.0331759 0.0772494
5 0.131631 0.324217 0.0535144 0.0810152 0.077065
0 0.0143216 0.245351 0.0148658 0.0337634 0.0768071
5 0.494557 0.0720956 0.0267342 0.0376733 0.0756011
2 0.3359 0.191343 0.0441139 0.0336193 0.0749787
0 0.994892 0.250346 0.00939102 0.0380156 0.0745982
2 0.229254 0.861347 0.123725 0.128372 0.0744475
5 0.228912 0.155291 0.0297419 0.0363362 0.0736556
2 0.260884 0.177972 0.0305496 0.0375956 0.0734001
2 0.248337 0.858577 0.0855168 0.123297 0.0733908
0 0.760888 0.127939 0.0127226 0.0172014 0.07315
5 0.129665 0.322596 0.0486079 0.0801471 0.073037
2 0.492135 0.0772378 0.0194008 0.0242507 0.0727389
2 0.298618 0.182828 0.0256926 0.0278049 0.0725828
5 0.390786 0.103746 0.0459167 0.0717273 0.0719257
7 0.148559 0.332082 0.0743209 0.148104 0.0710161
0 0.0128657 0.253764 0.0195568 0.0512842 0.0704505
6 0.978532 0.432839 0.0422569 0.136314 0.0703351
2 0.235219 0.251722 0.0420778 0.0532071 0.0696206
0 0.158417 0.206858 0.0114737 0.0281391 0.0687367
6 0.978395 0.43114 0.0425661 0.113295 0.0668677
2 0.226673 0.897513 0.131261 0.20135 0.0660993
0 0.3373 0.239698 0.015384 0.045738 0.0649129
0 0.907102 0.179121 0.0121349 0.0409931 0.064604
2 0.152282 0.36626 0.075214 0.084397 0.0642887
7 0.222199 0.897125 0.141344 0.20489 0.0638424
6 0.971251 0.49223 0.0567234 0.236866 0.0635055
5 0.395181 0.119896 0.0388762 0.0518218 0.063041
2 0.03753 0.950098 0.0662547 0.0993881 0.0624652
5 0.393987 0.118097 0.0395834 0.0546847 0.0620277
5 0.394759 0.117894 0.0417298 0.053151 0.0599786
0 0.337622 0.24237 0.0151535 0.04294 0.0582915
5 0.394634 0.119047 0.038808 0.0524126 0.0579023
2 0.213336 0.890459 0.0876154 0.0708027 0.0571731
7 0.220733 0.898268 0.143282 0.203308 0.0571715
5 0.281695 0.134517 0.0312497 0.0391035 0.0570103
2 0.21498 0.884953 0.0901057 0.0835831 0.0563862
0 0.69387 0.0431789 0.00893764 0.0142275 0.0563422
2 0.214648 0.87824 0.0975246 0.0915691 0.0562139
2 0.444967 0.129361 0.0257998 0.0322966 0.0561694
0 0.336566 0.241231 0.0154752 0.0441137 0.0549861
2 0.0137832 0.945458 0.0274249 0.0564114 0.0544999
2 0.299129 0.183232 0.025658 0.02663 0.0544787
2 0.215324 0.907814 0.133728 0.183445 0.0544273
0 0.780819 0.111111 0.00923538 0.0241776 0.0541819
5 0.39402 0.103759 0.037915 0.0439347 0.0540925
5 0.383678 0.404044 0.0628758 0.0961819 0.053898
2 0.433712 0.104802 0.0273262 0.0231374 0.053461
5 0.435691 0.0810171 0.0310873 0.0386219 0.0524867
0 0.620538 0.0756675 0.0114952 0.0207915 0.0524051
2 0.250105 0.859082 0.0839331 0.123234 0.051347
5 0.493006 0.0728245 0.0240723 0.0328193 0.0511151
0 0.0142209 0.243921 0.0149965 0.0337962 0.0507297
0 0.336889 0.234509 0.0151542 0.0397301 0.0505429
0 0.0654432 0.243802 0.01202 0.0407183 0.0502485
5 0.465006 0.0714995 0.0346073 0.0401904 0.049764
5 0.139443 0.310445 0.0681113 0.110938 0.0489573
5 0.393476 0.0965384 0.0398257 0.0557451 0.0483228
2 0.240397 0.858356 0.103183 0.122072 0.0480699
2 0.151395 0.375734 0.0717555 0.0655486 0.0473904
2 0.24728 0.858706 0.0882031 0.123833 0.04738
2 0.261428 0.177664 0.0299091 0.0394811 0.047233
7 0.21963 0.896417 0.148009 0.205919 0.0471752
2 0.447961 0.602605 0.0610735 0.0670057 0.0470285
0 0.995111 0.251084 0.00901241 0.0374112 0.0467958
0 0.761113 0.125705 0.0151663 0.0209225 0.0459394
5 0.43951 0.0836998 0.0376549 0.0571958 0.04541
2 0.259176 0.18413 0.0337541 0.0289447 0.0451177
5 0.393932 0.0874517 0.047124 0.0482019 0.044772
2 0.836442 0.0144489 0.0318604 0.0190872 0.0445172
7 0.0980414 0.783263 0.145555 0.210072 0.0443162
0 0.160052 0.200785 0.0149921 0.0252982 0.0442961
6 0.977894 0.498284 0.0438152 0.252971 0.0436853
2 0.447588 0.600509 0.0587114 0.0622953 0.0436402
5 0.393751 0.11487 0.0442754 0.0568824 0.0436021
2 0.0143076 0.952568 0.0284772 0.0817299 0.0434642
0 0.337222 0.242832 0.0130834 0.0464842 0.0431024
2 0.224641 0.896616 0.134995 0.200642 0.0428119
0 0.337038 0.237802 0.0165192 0.0427095 0.0418159
6 0.978772 0.496305 0.0420774 0.252226 0.0417061
5 0.428923 0.0890738 0.0521456 0.0518509 0.0416318
5 0.394132 0.120074 0.0395963 0.0536333 0.0412496
2 0.0147615 0.942501 0.0295231 0.0677099 0.0409409
2 0.300729 0.18006 0.0306332 0.0331535 0.0405757
2 0.0428911 0.950294 0.0601477 0.0986416 0.0404665
