2 0.673593 0.149533 0.0437696 0.0472287 0.724532
2 0.435538 0.213401 0.0702139 0.0610928 0.679542
2 0.434748 0.213386 0.0712921 0.0616604 0.655954
2 0.637103 0.116673 0.0313223 0.0338624 0.64122
2 0.950437 0.0638163 0.0240044 0.0320733 0.635627
2 0.900202 0.127844 0.03237 0.0490737 0.634556
2 0.900431 0.127427 0.0333282 0.0486598 0.63066
2 0.4358 0.212944 0.0701577 0.0623486 0.628503
2 0.637242 0.115698 0.0319139 0.0354411 0.625642
2 0.672944 0.149487 0.0425808 0.0477174 0.607732
2 0.569709 0.178572 0.0859839 0.055702 0.606142
2 0.436018 0.21291 0.07003 0.0614532 0.604504
2 0.900683 0.128369 0.0331814 0.0473262 0.598504
2 0.637255 0.11577 0.0318327 0.0342308 0.592482
2 0.209103 0.531658 0.155685 0.180726 0.583483
2 0.43541 0.213589 0.0700176 0.0619619 0.583007
2 0.67261 0.150198 0.0422325 0.0473016 0.571643
2 0.673321 0.149626 0.0440741 0.0482095 0.569191
2 0.594978 0.403313 0.0877899 0.11234 0.565416
2 0.59524 0.403468 0.0874355 0.111229 0.564932
2 0.900181 0.128353 0.0309853 0.0480276 0.564003
2 0.570792 0.179366 0.0860176 0.0559372 0.560721
2 0.672892 0.149897 0.0426104 0.0473074 0.560057
2 0.900082 0.127904 0.0320196 0.0485986 0.559648
2 0.673008 0.149176 0.0439949 0.0464487 0.558894
2 0.6377 0.116719 0.030604 0.0372724 0.55727
2 0.636992 0.117727 0.0305232 0.0315952 0.555857
2 0.4352 0.213796 0.0708151 0.0617445 0.546093
2 0.57029 0.178489 0.0876234 0.0550057 0.54191
2 0.209134 0.53189 0.155312 0.181096 0.537659
2 0.594825 0.40296 0.0875392 0.112263 0.536045
2 0.900616 0.128125 0.0313669 0.0480527 0.530153
2 0.674142 0.149506 0.0447351 0.0462751 0.525542
2 0.673299 0.149408 0.0445984 0.0478858 0.521586
2 0.570497 0.178233 0.0869244 0.0558764 0.521252
2 0.435737 0.213264 0.0699761 0.0612445 0.519867
2 0.637416 0.116267 0.0320516 0.0336267 0.51949
2 0.950033 0.0643095 0.0234583 0.0310857 0.514591
2 0.434787 0.213215 0.0717324 0.0615341 0.514572
2 0.899781 0.128559 0.0336235 0.0481196 0.512235
2 0.595321 0.403382 0.0872253 0.112268 0.508721
2 0.637082 0.115645 0.0317669 0.0351174 0.498095
2 0.570379 0.179098 0.0862701 0.0565217 0.496596
2 0.672296 0.149719 0.0419168 0.0478694 0.490963
2 0.595076 0.403402 0.0880657 0.11082 0.481637
2 0.950499 0.0639768 0.0248287 0.0315658 0.481316
2 0.209144 0.531539 0.156152 0.181027 0.4813
2 0.899968 0.127676 0.0332954 0.0483557 0.47282
2 0.672137 0.149175 0.0417184 0.0480758 0.4683
2 0.950283 0.0642888 0.0228199 0.0312697 0.468299
2 0.67399 0.149895 0.0456747 0.0476468 0.466711
2 0.209298 0.531609 0.155994 0.181627 0.462959
2 0.435318 0.213973 0.0708275 0.0614067 0.46201
2 0.594671 0.40311 0.0877691 0.111683 0.460111
2 0.595298 0.40282 0.0878244 0.114931 0.459717
2 0.672943 0.148886 0.0429202 0.0468982 0.458529
2 0.595408 0.403831 0.0876146 0.110334 0.45559
2 0.670837 0.150311 0.0392672 0.0472298 0.452282
2 0.909298 0.0722767 0.025317 0.0304397 0.449136
2 0.563606 0.176346 0.0741915 0.0530896 0.444606
2 0.718745 0.062034 0.0234077 0.0289526 0.435975
2 0.909313 0.0717644 0.0257755 0.03032 0.431631
2 0.718403 0.0595496 0.0244825 0.0365321 0.422941
2 0.209199 0.532569 0.155316 0.181559 0.419086
2 0.71911 0.0606928 0.0234567 0.0311542 0.406073
2 0.759034 0.0755684 0.0230202 0.027503 0.395814
2 0.901315 0.127817 0.0322922 0.0483366 0.392995
2 0.587155 0.180819 0.0524287 0.0536358 0.389417
2 0.909217 0.0717041 0.0248268 0.0312411 0.381883
2 0.209425 0.53227 0.155981 0.180727 0.371982
2 0.909671 0.0709786 0.0255039 0.0318285 0.351556
2 0.595022 0.404181 0.0878815 0.10966 0.346213
2 0.209894 0.531897 0.156834 0.182063 0.345712
2 0.810033 0.168789 0.0538303 0.0592918 0.340703
2 0.594502 0.404128 0.0877373 0.110281 0.328342
2 0.557747 0.175599 0.0634006 0.052508 0.327681
2 0.809853 0.168773 0.0542082 0.0600448 0.314318
2 0.899705 0.127275 0.0327259 0.0482567 0.312614
2 0.209452 0.53197 0.156918 0.181268 0.289314
2 0.761134 0.0749279 0.0259108 0.0285209 0.284144
2 0.570478 0.179785 0.0864382 0.0554461 0.262365
2 0.570073 0.177431 0.0874061 0.0542144 0.262358
2 0.766547 0.0486597 0.023682 0.024008 0.25957
2 0.571114 0.18025 0.0857845 0.0566826 0.253257
2 0.810717 0.167911 0.0532942 0.0585564 0.248713
2 0.810809 0.163517 0.0516162 0.0490083 0.245427
2 0.800508 0.217489 0.0658787 0.103382 0.243275
2 0.801106 0.216435 0.0670753 0.104986 0.238697
61 0.725023 0.881294 0.162204 0.236768 0.23037
2 0.760046 0.0739025 0.0257128 0.0310511 0.223847
2 0.81037 0.166839 0.056018 0.0574736 0.219324
2 0.810016 0.168396 0.0552433 0.0596564 0.217056
2 0.65321 0.0870054 0.0215513 0.0286322 0.212065
2 0.800881 0.216492 0.0670565 0.106017 0.208474
2 0.569661 0.178064 0.087079 0.0542413 0.206362
2 0.80058 0.215042 0.0663214 0.10813 0.205801
2 0.582508 0.180619 0.0616072 0.0550972 0.200645
2 0.741284 0.0375205 0.0206621 0.0226807 0.198208
2 0.89961 0.127693 0.0342566 0.0492769 0.192316
2 0.809862 0.169516 0.0549284 0.0619491 0.188424
2 0.587033 0.181232 0.0518644 0.0534395 0.186138
2 0.799712 0.222438 0.0652626 0.0946437 0.182023
2 0.899834 0.127165 0.0327656 0.0484649 0.181884
2 0.43373 0.213072 0.0705984 0.061732 0.180502
2 0.719449 0.0541357 0.0239747 0.0437859 0.178306
2 0.763476 0.0448299 0.0228262 0.0182346 0.175115
2 0.551694 0.175828 0.0509285 0.0520064 0.17408
61 0.72518 0.880417 0.160522 0.238118 0.174003
2 0.883696 0.0526661 0.0200966 0.025243 0.169471
2 0.760657 0.0738259 0.0255816 0.0288282 0.16688
2 0.552332 0.174896 0.0523183 0.0516609 0.161773
2 0.742404 0.0365328 0.0205179 0.0242792 0.15452
2 0.766294 0.0508056 0.0222139 0.0214652 0.151384
2 0.208694 0.531497 0.156233 0.180542 0.150668
2 0.800495 0.218404 0.0657854 0.103789 0.149993
6 0.208888 0.529833 0.154501 0.181386 0.14763
7 0.802336 0.204339 0.0687048 0.131041 0.138947
2 0.652705 0.0879411 0.0193792 0.0268081 0.138914
2 0.670958 0.150807 0.0394292 0.0468355 0.138255
2 0.436229 0.214609 0.0666116 0.0596415 0.129569
7 0.800566 0.219403 0.0649961 0.101323 0.128147
61 0.724116 0.880854 0.163889 0.238051 0.124504
2 0.718219 0.0575768 0.0262847 0.0378326 0.122256
2 0.719918 0.0617719 0.0257378 0.0298322 0.116304
2 0.911219 0.071041 0.0272915 0.0304056 0.113479
61 0.724822 0.879876 0.164495 0.239544 0.106702
2 0.718108 0.0623176 0.0259909 0.030188 0.102008
2 0.437271 0.213619 0.0679546 0.0608086 0.101331
2 0.552056 0.17425 0.0523546 0.0502888 0.100303
61 0.724125 0.880239 0.16528 0.238712 0.0941848
61 0.724906 0.880806 0.164951 0.238007 0.0936901
2 0.763182 0.0702951 0.0264897 0.0296475 0.0903566
2 0.883947 0.0527431 0.0207712 0.0257385 0.089974
2 0.88403 0.0521248 0.0275635 0.0277796 0.0892288
2 0.719676 0.0559415 0.0259077 0.040648 0.0866541
2 0.799203 0.227292 0.0638805 0.0823224 0.0842119
9 0.898172 0.0269887 0.0162565 0.0225755 0.0829788
61 0.724257 0.880734 0.163499 0.237513 0.0822455
2 0.569791 0.177924 0.086742 0.0557613 0.0809234
2 0.808954 0.168919 0.0513531 0.0616276 0.0796654
2 0.810023 0.167269 0.0545956 0.0574331 0.0776435
2 0.952001 0.0648857 0.0273682 0.0299374 0.0762957
2 0.806305 0.200411 0.0631376 0.125074 0.074785
61 0.724318 0.88069 0.16475 0.23818 0.0742727
2 0.793898 0.0421334 0.017242 0.0314907 0.0735378
61 0.724973 0.88095 0.163727 0.236852 0.0733058
2 0.717949 0.336526 0.0465624 0.073169 0.0731104
2 0.81061 0.16258 0.0536839 0.047707 0.0727077
2 0.915549 0.0401756 0.0183844 0.0290715 0.0725943
2 0.652142 0.0878554 0.0228794 0.0278454 0.0712742
2 0.916095 0.0391367 0.0195141 0.0305104 0.0705288
2 0.675254 0.149286 0.0463413 0.0474468 0.0684238
2 0.75115 0.0391276 0.0406218 0.0270211 0.0682081
2 0.765348 0.043965 0.0273072 0.0312838 0.0633359
2 0.654535 0.0862553 0.023637 0.0263012 0.0623502
2 0.809229 0.169836 0.0534117 0.062146 0.0610457
2 0.717891 0.0541102 0.0279757 0.0451853 0.0597838
61 0.724161 0.880623 0.164382 0.237662 0.0588447
2 0.903167 0.127989 0.0360645 0.0500114 0.057717
5 0.802003 0.204434 0.0707932 0.130966 0.0561876
2 0.794232 0.040227 0.0173569 0.0301374 0.0543935
2 0.718782 0.0550501 0.0256653 0.0450104 0.0535771
2 0.722198 0.0447705 0.0227817 0.0263253 0.052261
2 0.808783 0.172375 0.0503191 0.0561917 0.0504453
2 0.799337 0.218331 0.0654767 0.102021 0.0496815
61 0.725105 0.88092 0.164347 0.237672 0.0492455
2 0.827751 0.0128534 0.0301981 0.0233887 0.046824
2 0.594991 0.402538 0.0877928 0.114836 0.0447571
2 0.811036 0.160737 0.0517456 0.042603 0.0429741
5 0.803449 0.205017 0.0710463 0.131816 0.042202
2 0.833177 0.00915839 0.0298904 0.0175394 0.0406211
2 0.811256 0.168516 0.0587929 0.0600821 0.037298
2 0.551466 0.173734 0.0498243 0.0491108 0.0364142
2 0.550868 0.174978 0.0493853 0.0492659 0.0353251
2 0.885733 0.0524057 0.0269947 0.0281556 0.0349101
2 0.79923 0.22061 0.0632031 0.0928852 0.0341631
2 0.799444 0.230582 0.0637619 0.0771096 0.0338148
2 0.757809 0.0741652 0.0318069 0.030337 0.0332211
2 0.718239 0.336859 0.0464033 0.0729335 0.0314802
7 0.803021 0.203493 0.0696782 0.130446 0.031463
2 0.821122 0.0154229 0.0165157 0.0185888 0.0311149
2 0.548771 0.176811 0.0449534 0.0497282 0.0301784
2 0.827284 0.0147791 0.0204351 0.0224257 0.0298817
2 0.435387 0.214312 0.0689037 0.0598889 0.0290152
2 0.810403 0.161512 0.0540909 0.0466817 0.0287614
2 0.742986 0.0364869 0.0210526 0.0166116 0.0280867
2 0.581106 0.191881 0.0354977 0.0327695 0.0276952
2 0.840222 0.00633697 0.0286179 0.0126739 0.0273316
9 0.897979 0.0254967 0.0168388 0.0241947 0.0267268
2 0.911227 0.0579539 0.0255505 0.0568007 0.0245957
2 0.208654 0.531706 0.157297 0.180686 0.0243746
2 0.594076 0.412761 0.0879925 0.0954092 0.0239225
2 0.910676 0.0701231 0.0264946 0.0336365 0.0223231
2 0.95699 0.0101708 0.0149223 0.0191316 0.0218072
2 0.950375 0.0658776 0.0226692 0.0320969 0.0203011
2 0.761712 0.0738983 0.02731 0.0364604 0.0200523
2 0.947174 0.066598 0.0295219 0.029841 0.0195337
2 0.549003 0.176092 0.0459706 0.0506349 0.0193865
2 0.950056 0.0656761 0.0230042 0.0322534 0.0192399
2 0.776511 0.0718842 0.0604488 0.0431741 0.019186
2 0.717752 0.336342 0.0468714 0.0740457 0.0188993
2 0.583967 0.189112 0.0417658 0.0381818 0.0188378
2 0.769936 0.0480012 0.0321066 0.0275979 0.0184612
2 0.87117 0.0334223 0.0162823 0.0178654 0.018299
0 0.795532 0.0443536 0.0196177 0.0324298 0.0178194
0 0.721039 0.044098 0.0210226 0.0293915 0.0171139
2 0.636298 0.112204 0.033003 0.0441166 0.0159276
2 0.547352 0.183669 0.0422417 0.0364466 0.0158813
9 0.957272 0.0105772 0.0150723 0.0197852 0.0151696
2 0.810489 0.165595 0.0549479 0.0608327 0.0151436
2 0.778553 0.068242 0.0627403 0.0445376 0.0150937
2 0.552644 0.174072 0.0523136 0.0490345 0.0150024
2 0.769703 0.048054 0.0320765 0.0302985 0.0142692
2 0.808602 0.177806 0.0499136 0.0468497 0.014092
2 0.797878 0.0454943 0.0248963 0.0339243 0.013617
2 0.672144 0.149596 0.0415651 0.0464136 0.0130906
2 0.434053 0.217084 0.0659962 0.054048 0.0128061
2 0.764983 0.0427532 0.0260879 0.0274245 0.0124144
2 0.817616 0.332997 0.0309956 0.0706821 0.0123804
2 0.63965 0.116614 0.0372229 0.0372488 0.0123147
2 0.583734 0.180837 0.0603936 0.0559684 0.0122186
2 0.806786 0.202535 0.0716555 0.129985 0.0122163
2 0.95105 0.0535467 0.0261883 0.053433 0.0121291
2 0.436389 0.213223 0.0687017 0.0613294 0.0116739
2 0.739899 0.0384723 0.0232244 0.0233286 0.0116165
5 0.88487 0.0481651 0.031019 0.0326162 0.0115538
2 0.881457 0.0472448 0.0302986 0.0343835 0.0113067
2 0.557419 0.176178 0.0622762 0.0533981 0.0110268
2 0.764383 0.0540967 0.0256926 0.0235766 0.0103967
2 0.806914 0.181043 0.0486172 0.0492681 0.0103224
2 0.929844 0.0670398 0.0655867 0.0341019 0.00964063
7 0.807069 0.203042 0.0765947 0.131922 0.00941852
2 0.805912 0.181537 0.0527456 0.0501835 0.00935024
5 0.914169 0.0449575 0.0257072 0.0432702 0.00924754
2 0.89031 0.0520303 0.0336948 0.0286836 0.00896319
5 0.919177 0.0250765 0.0306486 0.0476032 0.00873021
2 0.799471 0.0543421 0.027585 0.032839 0.0087154
5 0.914562 0.0403622 0.0233807 0.0295678 0.00854013
2 0.674305 0.148898 0.0471945 0.0463703 0.00846884
2 0.634573 0.114935 0.0370801 0.0360209 0.00827985
2 0.901755 0.0336872 0.0266138 0.0301079 0.00815993
2 0.716782 0.336651 0.0467838 0.0728055 0.00810082
2 0.656705 0.0858947 0.0307116 0.03118 0.00787782
13 0.717667 0.336345 0.0456609 0.0728787 0.00784656
2 0.810053 0.168483 0.0524176 0.0610721 0.00764269
0 0.0188699 0.0321314 0.0374045 0.0636172 0.00763099
2 0.757496 0.0761064 0.0310026 0.0301139 0.00762703
2 0.908017 0.0729858 0.0282871 0.0330107 0.00755519
2 0.586342 0.180513 0.0546093 0.0538808 0.00755512
0 0.880219 0.0205306 0.0132225 0.0198425 0.00736547
2 0.804256 0.0387239 0.0357718 0.0311591 0.00734763
0 0.0204139 0.0327537 0.0407462 0.0655073 0.00733183
13 0.717182 0.336312 0.0461319 0.0720185 0.00689043
2 0.64846 0.0921025 0.0181973 0.0221725 0.00674407
0 0.014969 0.0320709 0.0295566 0.0630467 0.00663985
2 0.810601 0.156409 0.0532701 0.0360404 0.00648827
0 0.793301 0.0418898 0.0179214 0.0291357 0.00639412
5 0.922501 0.050602 0.0379663 0.0673387 0.00614641
0 0.2329 0.00911287 0.0143709 0.0182012 0.00609205
2 0.95481 0.0613653 0.0343687 0.0359291 0.00607187
2 0.903693 0.130342 0.0360727 0.0449389 0.00606576
2 0.881627 0.0522367 0.0285597 0.0276668 0.00602847
2 0.90274 0.127608 0.0371597 0.0512579 0.00597343
2 0.830867 0.0309353 0.0136349 0.0228734 0.00573858
0 0.256347 0.00695189 0.02296 0.0139038 0.00573337
2 0.897349 0.127007 0.039011 0.0511932 0.00561849
2 0.437524 0.213362 0.0661912 0.0603567 0.00560511
2 0.929889 0.0601227 0.0677137 0.047752 0.00558461
2 0.675958 0.149576 0.047764 0.0465583 0.00551235
2 0.778127 0.0434345 0.0581183 0.0353273 0.00542209
2 0.656415 0.0858396 0.0317661 0.0315162 0.00541224
2 0.640246 0.113989 0.0375555 0.0391416 0.00530201
5 0.854831 0.0252337 0.0773769 0.0504674 0.0050743
2 0.655766 0.0845103 0.024313 0.0353928 0.00504351
2 0.635404 0.117067 0.0347353 0.0335648 0.00489388
0 0.01719 0.0326885 0.0333168 0.0641148 0.00488236
5 0.839938 0.0191656 0.040836 0.0383312 0.00481892
5 0.852421 0.0239985 0.0716742 0.0479341 0.00465881
5 0.931932 0.00993219 0.0317181 0.0191725 0.00464919
61 0.724356 0.880114 0.165451 0.239039 0.00461222
7 0.593446 0.411108 0.0888148 0.0944749 0.00452846
5 0.913882 0.0286269 0.0267626 0.0556308 0.0045007
0 0.0135398 0.0319722 0.0269527 0.0635178 0.00449415
2 0.717274 0.336243 0.0470333 0.0730256 0.00435714
0 0.929155 0.190854 0.0113003 0.0327147 0.00432506
2 0.817191 0.332926 0.0306879 0.071158 0.00432066
5 0.887054 0.0307382 0.0445732 0.0608388 0.00419026
2 0.635578 0.117681 0.0355392 0.0330189 0.00410923
2 0.57035 0.176488 0.0855854 0.051228 0.00394866
2 0.907362 0.072294 0.0305099 0.0312961 0.00393289
2 0.790861 0.0632272 0.0346138 0.0351142 0.00392881
2 0.279986 0.00612541 0.0285969 0.0122488 0.00385869
2 0.798813 0.232785 0.0625036 0.0723622 0.00376341
0 0.0442527 0.035929 0.0868864 0.0718581 0.00376019
9 0.931041 0.0088929 0.0128414 0.0177525 0.00359737
0 0.0147282 0.0320741 0.0293805 0.0641482 0.00356222
2 0.955117 0.0629126 0.035173 0.0321022 0.00351793
2 0.831159 0.0405643 0.0141184 0.0185067 0.00344303
13 0.0493348 0.0654267 0.0986695 0.0460036 0.00340963
0 0.818558 0.0309809 0.0169853 0.0236562 0.00331003
