2 0.782903 0.449401 0.156276 0.108871 0.849339
2 0.78313 0.449184 0.156918 0.109555 0.831554
2 0.782898 0.448367 0.156655 0.108767 0.815337
2 0.700523 0.261584 0.0783702 0.0506537 0.814397
5 0.799318 0.771084 0.398168 0.457677 0.795209
2 0.783553 0.448731 0.158318 0.109486 0.792219
2 0.781943 0.448715 0.15645 0.108964 0.790799
2 0.699983 0.261302 0.0798687 0.0507936 0.790172
2 0.39991 0.2135 0.0499858 0.0329052 0.788505
2 0.782694 0.448877 0.155829 0.108677 0.786231
2 0.700003 0.261682 0.0798483 0.0501976 0.779886
5 0.80011 0.771084 0.39693 0.454148 0.767827
2 0.782389 0.448759 0.156189 0.108791 0.767452
5 0.799266 0.770678 0.399442 0.455449 0.765094
2 0.699293 0.261403 0.0795671 0.0506247 0.762679
2 0.3997 0.213213 0.050086 0.033416 0.759935
5 0.798853 0.770849 0.400351 0.458302 0.759304
2 0.633197 0.230991 0.0667311 0.0440005 0.754058
5 0.799529 0.77107 0.39759 0.454082 0.753509
2 0.782441 0.44835 0.156887 0.108099 0.746637
2 0.633111 0.231001 0.066881 0.0439526 0.744278
2 0.400141 0.213222 0.0506298 0.0336851 0.742118
2 0.633205 0.231016 0.0671502 0.0439812 0.736643
2 0.632703 0.231048 0.0658905 0.0437391 0.715123
2 0.699785 0.261698 0.0787416 0.0507998 0.707699
2 0.700164 0.261228 0.0796431 0.0500612 0.699214
5 0.799282 0.770627 0.399398 0.454982 0.694229
2 0.399978 0.212982 0.0506489 0.0337785 0.689089
2 0.400721 0.21315 0.049881 0.0341235 0.688069
5 0.800058 0.770521 0.397478 0.454889 0.684403
2 0.0698797 0.330118 0.0412154 0.0469485 0.675099
5 0.79957 0.770668 0.399287 0.456362 0.665072
2 0.0695674 0.331233 0.0410821 0.0481243 0.655599
2 0.633677 0.231226 0.0675949 0.044159 0.646029
2 0.699352 0.26124 0.0796179 0.0498472 0.641086
2 0.400205 0.213221 0.0502968 0.0338356 0.637319
2 0.0692795 0.330753 0.0406869 0.0477502 0.633654
2 0.400525 0.212973 0.0505283 0.0335894 0.629061
2 0.549202 0.199017 0.0482347 0.0343251 0.623963
2 0.632461 0.230145 0.0662371 0.0430521 0.623729
2 0.633164 0.231365 0.0665398 0.0439058 0.619723
5 0.800855 0.77114 0.396341 0.45321 0.619391
2 0.069967 0.330511 0.0407337 0.0477992 0.617018
2 0.0707432 0.330997 0.0411046 0.0483333 0.613911
2 0.0702786 0.329758 0.0408 0.0469296 0.612943
2 0.632909 0.231586 0.0671528 0.0454543 0.609003
2 0.0696303 0.330686 0.0408566 0.0470627 0.597961
2 0.700042 0.261496 0.0794228 0.0495476 0.590935
2 0.783611 0.449179 0.157125 0.109437 0.569791
2 0.549038 0.199138 0.0480268 0.0333447 0.569509
2 0.400559 0.213204 0.050058 0.0335624 0.564612
2 0.54938 0.198876 0.048945 0.0343806 0.561214
2 0.632417 0.230449 0.0663706 0.0428408 0.559592
2 0.0492708 0.408951 0.0491241 0.0729625 0.558685
2 0.400159 0.213123 0.0505678 0.0332285 0.555122
5 0.800226 0.771022 0.396832 0.455484 0.552846
2 0.549047 0.198975 0.0492435 0.0334535 0.542448
2 0.110355 0.274892 0.0316186 0.0448147 0.530365
2 0.0700442 0.331332 0.0411449 0.0488714 0.522243
2 0.0492372 0.408628 0.048331 0.0732951 0.516626
2 0.631936 0.230944 0.064468 0.0439125 0.514336
2 0.242307 0.590738 0.145407 0.182765 0.503548
2 0.242357 0.590262 0.145731 0.183719 0.491613
2 0.222948 0.235656 0.0377411 0.0353255 0.472418
2 0.0145829 0.351885 0.0290977 0.0367002 0.45949
2 0.400213 0.213088 0.0502857 0.0340369 0.450358
2 0.111552 0.274588 0.0322007 0.0435477 0.438227
2 0.0492489 0.408295 0.0483014 0.0730767 0.433156
2 0.242489 0.591227 0.144386 0.182818 0.430331
2 0.36509 0.169121 0.0341275 0.0228366 0.430055
2 0.110658 0.274248 0.0314869 0.0444517 0.428045
2 0.110245 0.275004 0.0320031 0.0434715 0.427824
2 0.0704674 0.331007 0.0410789 0.0487101 0.423919
2 0.22272 0.235772 0.038095 0.0356386 0.413181
2 0.242366 0.590293 0.14386 0.181417 0.408982
2 0.0491165 0.408354 0.0492236 0.0741338 0.406919
2 0.0493612 0.408089 0.0496542 0.0745287 0.402004
2 0.0690874 0.331511 0.0413152 0.049798 0.398554
2 0.222721 0.236644 0.0376653 0.0351381 0.395896
2 0.242494 0.590474 0.145025 0.183114 0.386777
2 0.365786 0.169221 0.0355382 0.0228997 0.383318
2 0.549662 0.198669 0.0482243 0.0351053 0.377776
2 0.0694392 0.330181 0.0409348 0.0470979 0.375717
2 0.0492437 0.408569 0.0487412 0.0733481 0.372583
2 0.242994 0.591119 0.145342 0.182438 0.36988
2 0.549665 0.19899 0.0486252 0.0348432 0.364018
2 0.0145443 0.351999 0.0288827 0.0385256 0.351224
2 0.222633 0.236863 0.0380427 0.0355282 0.351218
2 0.633002 0.231657 0.0687063 0.0442884 0.336551
2 0.0490719 0.409115 0.0496467 0.0749878 0.335184
2 0.110643 0.27458 0.0315824 0.0426576 0.328505
2 0.504702 0.18447 0.0277299 0.027821 0.326153
2 0.0142651 0.351581 0.0285018 0.0362238 0.313078
2 0.0143936 0.351937 0.0286445 0.0385067 0.305416
7 0.242778 0.590411 0.145194 0.182641 0.299584
2 0.499822 0.238051 0.047046 0.0255865 0.299472
2 0.499054 0.237729 0.0459278 0.0253128 0.297838
2 0.222544 0.237349 0.0390805 0.0367793 0.296406
2 0.222954 0.23637 0.0393223 0.0367741 0.290914
2 0.110437 0.276024 0.0322779 0.0439907 0.289678
2 0.111546 0.274579 0.0319129 0.0424479 0.288969
2 0.548982 0.19923 0.0486312 0.033537 0.277339
2 0.549122 0.198091 0.0481852 0.0333237 0.271758
2 0.498514 0.237546 0.0479004 0.025047 0.262381
2 0.110614 0.273719 0.0314226 0.044658 0.251915
2 0.549929 0.19808 0.0489548 0.0335016 0.250581
2 0.501971 0.184388 0.0247243 0.0254069 0.241217
2 0.222694 0.236314 0.0394965 0.0358708 0.231231
7 0.242621 0.591748 0.144631 0.182465 0.228788
2 0.547629 0.199699 0.0465014 0.0308001 0.228264
2 0.505613 0.183657 0.0299303 0.0299517 0.228174
2 0.365971 0.169479 0.0367836 0.0217558 0.225023
2 0.499958 0.240289 0.0481819 0.0325449 0.21986
2 0.49995 0.246407 0.0494641 0.0444737 0.212027
2 0.222918 0.235 0.0389667 0.0370626 0.210878
2 0.551662 0.198267 0.0463305 0.0319445 0.206142
2 0.443673 0.182972 0.0188032 0.0247631 0.204498
2 0.498787 0.237636 0.044128 0.0250412 0.200084
2 0.366435 0.169068 0.035374 0.0231648 0.199129
2 0.0489414 0.407709 0.0478924 0.0725624 0.196487
2 0.505162 0.185194 0.0259719 0.0281357 0.192716
2 0.499576 0.236844 0.0437346 0.0240424 0.188352
2 0.498821 0.236798 0.0476481 0.0239521 0.182142
2 0.11066 0.273917 0.0317634 0.0431905 0.16827
2 0.542629 0.197792 0.0374228 0.0277829 0.161671
2 0.110609 0.275901 0.0313971 0.0451682 0.159071
2 0.0489116 0.408656 0.0497669 0.0758003 0.149009
2 0.242445 0.592342 0.145318 0.179403 0.147964
2 0.222928 0.235038 0.0384149 0.0370703 0.14612
2 0.0520289 0.237929 0.0366934 0.0636574 0.145807
2 0.222586 0.237047 0.0387867 0.0351384 0.14564
2 0.500741 0.249364 0.0489953 0.0500575 0.141018
0 0.122278 0.176202 0.0153896 0.0300211 0.136455
2 0.109275 0.2752 0.0349858 0.0441862 0.135525
0 0.121911 0.17699 0.0148813 0.0299329 0.134187
2 0.52122 0.184338 0.0426027 0.0303326 0.132402
2 0.0691346 0.333696 0.039932 0.0512494 0.12808
2 0.126867 0.331494 0.0579743 0.0691464 0.12756
0 0.160496 0.80219 0.0386137 0.0703426 0.126664
2 0.0358352 0.29739 0.0481238 0.0483531 0.125852
2 0.0701952 0.331555 0.0409885 0.0476747 0.125296
2 0.0365334 0.297046 0.0462019 0.0481123 0.122254
2 0.0487878 0.407921 0.0481502 0.0727959 0.122042
2 0.0570797 0.254197 0.0263204 0.0333681 0.120459
2 0.0552667 0.24053 0.0291344 0.0600304 0.118616
5 0.507023 0.6206 0.94354 0.750631 0.118094
2 0.0502111 0.237942 0.0384696 0.0639928 0.116749
2 0.0485366 0.407304 0.0499795 0.0772218 0.107749
2 0.502897 0.185013 0.0254955 0.0258823 0.106976
2 0.0147078 0.348281 0.0293144 0.0414018 0.104268
0 0.160739 0.800187 0.0360833 0.0680577 0.103388
2 0.0357352 0.296817 0.0473992 0.0470442 0.101706
0 0.161086 0.815774 0.041394 0.102229 0.101668
2 0.528048 0.184217 0.030935 0.0280359 0.100644
2 0.0362109 0.296599 0.0469414 0.0466517 0.100308
2 0.521941 0.185119 0.030513 0.0314172 0.099437
2 0.0488416 0.40653 0.0497624 0.0784319 0.0981426
2 0.0537796 0.23842 0.0293694 0.0630171 0.0972582
2 0.633304 0.230655 0.0674875 0.044908 0.0944602
2 0.0145824 0.343538 0.0290169 0.0545979 0.093812
2 0.0542085 0.238525 0.0285507 0.0589086 0.0931417
2 0.0697658 0.333162 0.0414071 0.0512115 0.0906071
2 0.0149026 0.35085 0.0296656 0.0367769 0.0905761
2 0.455164 0.180085 0.0315418 0.0253476 0.0904853
0 0.281531 0.929152 0.0437166 0.10478 0.0898197
0 0.16539 0.842011 0.0497251 0.152108 0.0892468
2 0.0486597 0.407854 0.0474226 0.072846 0.0863604
9 0.116415 0.137226 0.0112474 0.0196956 0.085198
9 0.117124 0.139635 0.0108993 0.0231737 0.0838359
0 0.281181 0.928447 0.0425342 0.105681 0.0838297
0 0.2624 0.859435 0.0533099 0.0923412 0.0815781
2 0.456014 0.179157 0.0300917 0.0264489 0.0814186
2 0.049606 0.411294 0.0474988 0.0693091 0.0783693
7 0.0513146 0.238586 0.036408 0.0636527 0.0775114
2 0.0584902 0.254309 0.0261908 0.0338277 0.0773667
2 0.242382 0.593852 0.145322 0.176348 0.0764433
2 0.127087 0.331213 0.0606239 0.0699568 0.0761986
2 0.50038 0.238838 0.0467554 0.0293334 0.0757121
0 0.175136 0.875114 0.0339692 0.0916348 0.0734
2 0.0134607 0.355286 0.0266336 0.0340051 0.07338
0 0.51664 0.253898 0.0166905 0.0450644 0.0733055
0 0.0442024 0.154382 0.0133448 0.0258619 0.0732961
2 0.449857 0.180736 0.0331359 0.0286106 0.073156
0 0.262726 0.869036 0.0548372 0.112205 0.0706816
2 0.365835 0.168198 0.0367645 0.0251047 0.07023
2 0.0562406 0.240252 0.0304275 0.0610158 0.070191
2 0.127397 0.331332 0.059379 0.0687471 0.0700741
0 0.282746 0.930255 0.0406659 0.101962 0.0673308
2 0.441636 0.183831 0.0168465 0.0274253 0.0672678
0 0.262236 0.856863 0.0541276 0.0872129 0.0669243
2 0.0478017 0.238764 0.0442046 0.0659853 0.0668321
2 0.499724 0.250836 0.0505241 0.050779 0.0660221
2 0.0148613 0.352498 0.0297226 0.0399495 0.0652981
2 0.0367074 0.297907 0.0452507 0.0476757 0.0644618
2 0.218329 0.539721 0.0925808 0.0778976 0.0640809
2 0.515686 0.182738 0.0491566 0.032094 0.0626882
7 0.0500414 0.240359 0.0404916 0.0650761 0.0625595
2 0.499735 0.252656 0.0477824 0.0533571 0.0625551
0 0.263191 0.873603 0.0602393 0.120343 0.0623977
0 0.265068 0.882237 0.0650481 0.137261 0.0616685
0 0.265221 0.8847 0.0647357 0.142891 0.0615895
2 0.0179418 0.784291 0.027395 0.0376045 0.0613057
0 0.266705 0.896094 0.0682364 0.166468 0.0605341
2 0.0197742 0.79182 0.0299583 0.0539929 0.059883
2 0.459579 0.179198 0.0233623 0.0243243 0.0594174
2 0.223114 0.235246 0.0401181 0.0387563 0.0579245
0 0.319953 0.175557 0.014084 0.0237474 0.0579083
0 0.0560663 0.172757 0.0165037 0.0299817 0.0578102
2 0.0176801 0.782017 0.0278661 0.0369954 0.0575454
0 0.32044 0.176501 0.0132483 0.0221607 0.056769
0 0.267113 0.897668 0.0691014 0.16797 0.0562487
0 0.176082 0.87657 0.0327932 0.0949406 0.0556929
7 0.0506225 0.237685 0.039519 0.0650321 0.0556868
2 0.242363 0.593113 0.14581 0.177795 0.0554676
0 0.162568 0.823257 0.0439419 0.116801 0.0553803
2 0.0365661 0.29772 0.0454322 0.0471912 0.0552457
0 0.162042 0.802139 0.0399506 0.0711641 0.0541607
0 0.26526 0.892959 0.0653746 0.158663 0.0534513
2 0.507738 0.182264 0.0339884 0.0314196 0.051532
0 0.176653 0.877074 0.0326527 0.0938311 0.0512413
5 0.507888 0.625793 0.918955 0.742836 0.0510373
2 0.130462 0.330914 0.0668439 0.0715891 0.0509899
2 0.0496995 0.252743 0.0420585 0.042842 0.0507666
2 0.782515 0.448832 0.154499 0.108753 0.0505345
2 0.365282 0.169669 0.0352464 0.0251523 0.0500177
5 0.501894 0.627273 0.93034 0.736224 0.0494457
2 0.109014 0.27501 0.0352701 0.0428182 0.0490027
0 0.266639 0.896452 0.0680744 0.165437 0.048997
2 0.0211721 0.803691 0.028981 0.0300426 0.0477235
9 0.834739 0.115162 0.0172482 0.0258463 0.0469705
2 0.699923 0.260963 0.0810486 0.0519525 0.0469637
0 0.57936 0.17476 0.0110745 0.027073 0.046444
0 0.261941 0.863098 0.0543579 0.0992147 0.0463718
2 0.452807 0.180832 0.0334339 0.0280404 0.0459319
9 0.608681 0.100708 0.0255425 0.0316694 0.0458589
2 0.458019 0.178968 0.0265247 0.0252605 0.0458179
0 0.159237 0.803576 0.0394357 0.0753485 0.0455391
0 0.0552736 0.17153 0.0154199 0.030474 0.0454047
2 0.0491723 0.411473 0.0475167 0.0689508 0.0450941
2 0.0496469 0.238232 0.0379574 0.063914 0.0443815
0 0.860047 0.230791 0.0180683 0.0297039 0.04404
2 0.365078 0.168229 0.0365975 0.025303 0.04345
7 0.0551298 0.239107 0.0330998 0.0627999 0.0427507
0 0.16632 0.842763 0.0529101 0.153737 0.0424582
0 0.0820986 0.161587 0.0107311 0.0267519 0.0417313
0 0.282262 0.930877 0.0409042 0.101202 0.041545
0 0.161979 0.800984 0.0364428 0.0696257 0.0414735
0 0.282646 0.930221 0.0395419 0.104175 0.0410305
2 0.0145019 0.342647 0.0288461 0.056891 0.0405393
0 0.0462007 0.163385 0.0144865 0.0439905 0.0402782
0 0.730842 0.205776 0.0118978 0.0335156 0.0394896
0 0.500162 0.2528 0.0364135 0.0569732 0.0389034
0 0.0827232 0.1624 0.0103583 0.0273643 0.0384158
2 0.219593 0.539778 0.094571 0.0783999 0.0380915
2 0.0374786 0.298174 0.0473969 0.0481162 0.0368469
2 0.0670088 0.334043 0.0368789 0.0511733 0.0365191
2 0.0199368 0.791772 0.0307928 0.0531182 0.0362199
2 0.506001 0.180909 0.0336097 0.0300133 0.0356374
0 0.161072 0.796237 0.0311282 0.061072 0.0354003
0 0.261826 0.85284 0.0530029 0.0783392 0.0353133
9 0.833981 0.115357 0.0170658 0.0197155 0.0349876
0 0.264424 0.852767 0.0487062 0.0777638 0.0348549
5 0.52352 0.621233 0.942078 0.745676 0.0344843
0 0.730859 0.201378 0.0133432 0.0406304 0.0343772
9 0.609796 0.101788 0.0229383 0.0285244 0.0340489
2 0.957992 0.231912 0.0840157 0.0446002 0.0336651
2 0.955729 0.230307 0.088541 0.0472204 0.0331242
0 0.579588 0.175847 0.0112245 0.0271235 0.033029
0 0.280158 0.92869 0.044669 0.103703 0.0329304
0 0.263723 0.874064 0.062411 0.121233 0.0326909
0 0.055874 0.166999 0.0152115 0.0369527 0.0323638
0 0.861048 0.22771 0.0193148 0.033862 0.0320208
0 0.267238 0.897636 0.0696105 0.167384 0.031406
2 0.0481738 0.238565 0.044601 0.0670046 0.0307854
2 0.954775 0.233533 0.0894527 0.0562443 0.0307356
2 0.935563 0.208966 0.0224888 0.0213004 0.0306908
9 0.109479 0.142519 0.0127642 0.0244363 0.030685
0 0.059069 0.168352 0.0156777 0.0356961 0.0305976
2 0.957908 0.229089 0.0841833 0.0436476 0.0303349
2 0.205609 0.174276 0.0327969 0.0200966 0.0303268
2 0.204732 0.175473 0.0297695 0.0191278 0.0302842
2 0.217976 0.546109 0.0922593 0.0906664 0.0302687
0 0.275359 0.903303 0.0298346 0.0562998 0.0298698
0 0.516844 0.260263 0.014878 0.0342896 0.0290942
2 0.0576467 0.256241 0.0263479 0.0311633 0.0290733
9 0.702975 0.0997954 0.0176306 0.0299073 0.0290406
9 0.544283 0.102504 0.0163579 0.0230838 0.0287932
2 0.0204288 0.792383 0.0302632 0.0551523 0.0280192
0 0.278559 0.913668 0.0409695 0.0770912 0.0280057
2 0.933719 0.20694 0.0246796 0.0237084 0.027784
2 0.0244372 0.816149 0.043658 0.113317 0.0277096
11 0.730117 0.156995 0.0268686 0.0295566 0.0275515
2 0.549607 0.197681 0.0505476 0.0362452 0.0274407
2 0.497926 0.2529 0.051725 0.0543115 0.0273907
2 0.0253237 0.819276 0.0434008 0.106838 0.026959
0 0.267418 0.856247 0.0440232 0.0800718 0.0269006
9 0.706294 0.0989709 0.020834 0.0331103 0.0266288
7 0.0363705 0.296588 0.0484618 0.0478611 0.026518
2 0.0253481 0.816887 0.0429888 0.112007 0.0264844
0 0.123338 0.176111 0.0180719 0.0299536 0.0263496
