2 0.0955122 0.796066 0.144642 0.203378 0.749753
2 0.0950417 0.795744 0.144247 0.203742 0.748771
2 0.0951319 0.796294 0.144648 0.203344 0.731019
2 0.286413 0.726268 0.119093 0.202171 0.713886
2 0.0959932 0.794679 0.14386 0.204509 0.688297
2 0.435901 0.655461 0.0839828 0.157776 0.678044
2 0.0469646 0.945157 0.0923439 0.108628 0.669751
2 0.451437 0.218722 0.0324006 0.050223 0.66733
2 0.285889 0.726913 0.119661 0.202086 0.664934
2 0.238639 0.522149 0.0887971 0.138706 0.658928
2 0.286005 0.726691 0.119101 0.2017 0.65229
2 0.238807 0.521999 0.0888007 0.138539 0.648971
2 0.238582 0.522879 0.0894222 0.138748 0.645966
2 0.285611 0.726888 0.119542 0.200858 0.645019
2 0.238548 0.521833 0.0895903 0.138759 0.643098
2 0.0466452 0.94533 0.0921442 0.109253 0.63292
2 0.238616 0.522122 0.0887825 0.138021 0.630011
2 0.238651 0.522276 0.08834 0.138563 0.62848
7 0.389957 0.233584 0.063752 0.0944977 0.626027
2 0.0951553 0.795694 0.143983 0.203376 0.624962
7 0.38988 0.23357 0.0665857 0.0930443 0.620768
2 0.586202 0.1581 0.0275356 0.0327771 0.616227
2 0.095637 0.796528 0.144031 0.20388 0.613085
2 0.0462831 0.945077 0.0924439 0.10965 0.592673
2 0.435613 0.655906 0.0827881 0.158558 0.590981
2 0.0950583 0.796314 0.14459 0.204143 0.590795
2 0.435814 0.655511 0.08337 0.157674 0.587193
2 0.239255 0.522231 0.0892416 0.139297 0.578519
2 0.0463802 0.945057 0.0925644 0.108883 0.578044
7 0.390038 0.233861 0.0641648 0.0952083 0.576708
2 0.238782 0.521906 0.0882481 0.139111 0.570732
2 0.285812 0.727159 0.118919 0.201616 0.569559
2 0.0466324 0.944851 0.0930235 0.10956 0.565146
2 0.431527 0.857435 0.105973 0.231595 0.564758
2 0.047212 0.945302 0.0930551 0.108815 0.552227
2 0.451242 0.219037 0.0328119 0.0505534 0.544604
7 0.390065 0.233488 0.0637782 0.0946204 0.543961
2 0.431941 0.856835 0.105631 0.230121 0.543587
2 0.0471348 0.945334 0.092364 0.108798 0.543408
2 0.285984 0.72616 0.120199 0.20209 0.535542
5 0.288647 0.425107 0.0740805 0.131223 0.534693
2 0.431438 0.856702 0.105698 0.229114 0.530372
2 0.285727 0.72738 0.119039 0.202711 0.52031
7 0.390126 0.233553 0.0643808 0.0946364 0.519989
2 0.43652 0.654885 0.0854498 0.157685 0.5165
2 0.238936 0.522059 0.0884453 0.139931 0.51311
2 0.0948839 0.796483 0.144742 0.204058 0.512804
0 0.0260382 0.332057 0.0268818 0.0648955 0.507889
2 0.592705 0.903945 0.109755 0.188179 0.507441
2 0.238641 0.522046 0.0883754 0.138395 0.503518
2 0.0953083 0.797409 0.144141 0.202026 0.501983
2 0.436149 0.65539 0.085654 0.158738 0.501148
2 0.586085 0.156314 0.028522 0.0358341 0.495999
7 0.390015 0.233545 0.0643352 0.0947722 0.494996
2 0.177123 0.654947 0.0879552 0.153836 0.491613
2 0.286017 0.726691 0.119745 0.202138 0.487828
2 0.586023 0.156476 0.0284346 0.0355211 0.483853
2 0.593057 0.904243 0.109503 0.188342 0.483475
0 0.0472729 0.330111 0.0192634 0.0623769 0.483261
2 0.0465579 0.945096 0.0928582 0.109808 0.483091
0 0.0214901 0.331064 0.0210965 0.0635209 0.481329
2 0.0464628 0.94521 0.0925386 0.108877 0.47651
2 0.0464689 0.944843 0.0928478 0.110027 0.473425
2 0.43553 0.65631 0.0818664 0.158435 0.471281
2 0.431876 0.856945 0.105983 0.230599 0.470437
0 0.0261623 0.332001 0.0255834 0.0651572 0.466689
0 0.0235019 0.33209 0.0232387 0.0627909 0.465401
2 0.221934 0.900807 0.144785 0.198027 0.464208
7 0.390485 0.2333 0.0635343 0.0951023 0.463346
0 0.02663 0.331686 0.027144 0.0644554 0.461461
5 0.170946 0.323985 0.0676424 0.0971536 0.460559
2 0.285922 0.726565 0.11943 0.201155 0.456969
0 0.0212269 0.331467 0.0216573 0.0639387 0.444732
2 0.221409 0.901239 0.146509 0.19679 0.443761
2 0.177076 0.654727 0.0882674 0.153352 0.441257
2 0.431635 0.857717 0.106837 0.231713 0.439646
2 0.0954603 0.794976 0.143687 0.204048 0.43796
2 0.586747 0.158422 0.0297896 0.0348655 0.437344
2 0.435431 0.656255 0.0827222 0.158389 0.435212
2 0.22165 0.900483 0.146383 0.198133 0.432652
2 0.222429 0.900878 0.141804 0.197247 0.429026
2 0.221253 0.900479 0.146548 0.198436 0.425834
2 0.43173 0.857756 0.105937 0.231773 0.424502
2 0.585988 0.157552 0.027636 0.0336622 0.421468
0 0.0469196 0.328443 0.0203051 0.058688 0.415425
5 0.288938 0.424581 0.0740301 0.130839 0.415262
2 0.432604 0.856805 0.10649 0.229786 0.414694
5 0.170598 0.323746 0.0681731 0.095567 0.412013
2 0.435712 0.655829 0.0836997 0.159262 0.411776
5 0.170628 0.323276 0.0690092 0.0952611 0.405959
2 0.286061 0.730667 0.117957 0.209101 0.405381
7 0.390638 0.233856 0.0641327 0.0947136 0.402649
0 0.047194 0.330813 0.0192379 0.0625466 0.401418
2 0.593071 0.903743 0.108077 0.188984 0.401238
5 0.170552 0.323926 0.0684462 0.0970891 0.400135
5 0.170571 0.323481 0.0687753 0.0954851 0.39851
2 0.450612 0.219254 0.0326969 0.0503548 0.398431
2 0.221766 0.901223 0.145255 0.196693 0.396292
5 0.289069 0.424691 0.074337 0.131435 0.39483
5 0.556231 0.532922 0.0606193 0.129726 0.394472
2 0.450443 0.218936 0.0329307 0.0489754 0.394219
5 0.170578 0.323628 0.0686717 0.0954665 0.39263
5 0.288652 0.424483 0.0743044 0.132262 0.386418
5 0.288729 0.425408 0.0746157 0.13243 0.380807
0 0.0262566 0.33129 0.0288869 0.0645174 0.38049
2 0.592789 0.903419 0.108774 0.189513 0.379165
7 0.38984 0.233309 0.0644988 0.092882 0.378263
2 0.593071 0.904629 0.107624 0.18841 0.373321
2 0.17698 0.654853 0.0883401 0.153828 0.369872
2 0.585667 0.7408 0.0905985 0.162712 0.368803
2 0.556835 0.0997845 0.0185144 0.0241547 0.365594
5 0.555452 0.532481 0.0583763 0.131766 0.364115
2 0.432171 0.857081 0.106531 0.230398 0.362324
2 0.22121 0.901426 0.142869 0.196562 0.359776
2 0.44996 0.219051 0.0331461 0.0489437 0.357948
5 0.555936 0.532452 0.0599234 0.130822 0.357235
5 0.288807 0.425106 0.0745094 0.131939 0.356549
2 0.450911 0.219338 0.0332365 0.0497695 0.351474
2 0.450828 0.219223 0.0329822 0.0496471 0.342538
2 0.171038 0.323434 0.0680986 0.0961115 0.341968
2 0.302713 0.185468 0.0396474 0.0359802 0.336187
5 0.288691 0.425126 0.0739968 0.133467 0.336076
2 0.556521 0.100281 0.0190214 0.025488 0.329698
2 0.585896 0.155427 0.0318602 0.0379377 0.329349
5 0.288872 0.424662 0.0741685 0.131292 0.328405
2 0.070469 0.407212 0.0662243 0.0804831 0.323902
2 0.435369 0.656486 0.0818091 0.157959 0.323385
2 0.45094 0.219374 0.033333 0.0505648 0.322571
2 0.0709238 0.405375 0.0660786 0.0835656 0.318352
2 0.0703864 0.40666 0.0652853 0.08159 0.313607
2 0.593399 0.90459 0.109668 0.185805 0.312231
2 0.0707483 0.405716 0.0655498 0.0797455 0.311372
2 0.593313 0.904649 0.109569 0.187941 0.309637
5 0.176855 0.655031 0.0886697 0.152581 0.309372
0 0.0462407 0.326761 0.0214171 0.0558498 0.305337
2 0.301937 0.187065 0.0378133 0.032974 0.304552
0 0.127802 0.249541 0.0209623 0.0481851 0.302333
2 0.432504 0.856747 0.106779 0.23045 0.297052
5 0.289272 0.424492 0.0735973 0.130851 0.296488
5 0.176949 0.654892 0.0882042 0.153338 0.281079
2 0.222723 0.90088 0.14139 0.196488 0.280325
0 0.0254489 0.331946 0.0254681 0.0640358 0.280002
2 0.0705599 0.405608 0.0656789 0.0833468 0.279072
0 0.128394 0.249493 0.0217905 0.0488095 0.275629
2 0.592798 0.904028 0.10903 0.18856 0.275305
2 0.43222 0.857628 0.107148 0.229665 0.272041
0 0.126977 0.249784 0.0204022 0.0473814 0.27165
2 0.435462 0.656274 0.0823917 0.159594 0.271555
2 0.071481 0.404297 0.0657741 0.0890658 0.268606
2 0.303226 0.184685 0.0411583 0.0375023 0.26624
2 0.0706708 0.401924 0.0662791 0.0906088 0.263997
2 0.0700712 0.406629 0.065222 0.0778616 0.263514
2 0.0697092 0.405272 0.062517 0.0867836 0.260603
2 0.176683 0.65511 0.0882487 0.154371 0.258941
5 0.555953 0.532039 0.0590452 0.131224 0.257112
5 0.556124 0.532596 0.0607418 0.130196 0.257004
2 0.593437 0.904245 0.108987 0.188595 0.256288
2 0.220199 0.902587 0.142785 0.194407 0.254997
2 0.585787 0.741451 0.0906324 0.163707 0.253813
0 0.0207281 0.329372 0.018935 0.0611701 0.252863
2 0.302001 0.183988 0.0413685 0.0390085 0.242708
2 0.302136 0.184524 0.041952 0.0397649 0.238951
0 0.872874 0.167298 0.0161743 0.0382678 0.238096
0 0.127523 0.249261 0.0210458 0.0488305 0.23326
5 0.55611 0.532473 0.0602024 0.130921 0.231707
2 0.232883 0.164638 0.0352794 0.0317083 0.229196
2 0.219673 0.899866 0.151224 0.199837 0.220985
2 0.58613 0.155889 0.0304502 0.037278 0.220347
2 0.176439 0.654912 0.0874987 0.154331 0.219965
2 0.170302 0.323207 0.0691052 0.0964557 0.21498
2 0.176936 0.655121 0.0881354 0.154056 0.210417
0 0.0473651 0.328717 0.0205205 0.0573695 0.207336
5 0.544884 0.138383 0.0277086 0.0394303 0.207306
5 0.555501 0.532234 0.0574007 0.131596 0.199954
2 0.231324 0.165275 0.0318755 0.0312673 0.198945
0 0.127744 0.24992 0.0220071 0.0495949 0.197529
0 0.0473319 0.327052 0.0203791 0.0547389 0.195728
5 0.176903 0.654932 0.0885311 0.153958 0.195135
7 0.390332 0.233185 0.064004 0.0942404 0.19337
0 0.871965 0.168016 0.0133995 0.0370088 0.192373
0 0.906944 0.173354 0.016671 0.0311447 0.18977
2 0.544634 0.138124 0.0282743 0.0398309 0.188329
0 0.0471882 0.325955 0.0228329 0.055342 0.18588
0 0.0479857 0.329593 0.0206401 0.0578675 0.182538
5 0.555823 0.531749 0.0562713 0.130783 0.177597
2 0.231475 0.16435 0.0338151 0.0321569 0.177199
5 0.458093 0.0768011 0.0307663 0.0527303 0.174546
2 0.302696 0.184407 0.0406277 0.0376342 0.174024
2 0.0663851 0.407846 0.0585593 0.0811375 0.172247
7 0.170549 0.324149 0.0681038 0.0963927 0.16131
7 0.390298 0.233904 0.0653595 0.0906675 0.160506
2 0.544831 0.138053 0.0275366 0.0379671 0.15833
0 0.0458743 0.331693 0.0191187 0.0646056 0.158194
5 0.426126 0.139548 0.0463996 0.0477351 0.153513
2 0.585501 0.741392 0.0911569 0.163578 0.153154
0 0.876159 0.168099 0.0146082 0.0369284 0.1525
2 0.219423 0.905582 0.141743 0.18815 0.152288
0 0.907186 0.178996 0.0175713 0.0419667 0.147404
0 0.761957 0.139198 0.0112606 0.0259223 0.145938
2 0.0969388 0.795583 0.141381 0.201305 0.145685
2 0.0627338 0.40763 0.0516637 0.0795673 0.144984
2 0.571654 0.0423528 0.0222033 0.0244734 0.144648
0 0.12721 0.24935 0.0209251 0.0468102 0.141989
2 0.303094 0.17829 0.0420082 0.0496645 0.138861
2 0.593384 0.904829 0.108639 0.187876 0.13779
2 0.303988 0.184842 0.0439552 0.0348554 0.13573
2 0.585659 0.741187 0.0913211 0.162501 0.132519
7 0.170429 0.324314 0.0677473 0.0967367 0.131614
2 0.586113 0.741218 0.0908361 0.163674 0.131513
0 0.87328 0.16836 0.0148544 0.0365555 0.131339
5 0.392922 0.0993063 0.0361615 0.0563454 0.130367
2 0.224966 0.901682 0.136214 0.19506 0.130051
0 0.128334 0.250732 0.0207923 0.046982 0.129753
2 0.170549 0.323599 0.0684937 0.0948762 0.12764
2 0.668283 0.112732 0.017057 0.0249792 0.125566
5 0.289229 0.424833 0.0738027 0.131155 0.123054
2 0.302066 0.178035 0.0409541 0.0503727 0.122416
2 0.585854 0.740609 0.0904068 0.163469 0.121916
2 0.585424 0.740987 0.090547 0.16221 0.121523
2 0.230148 0.165414 0.0318126 0.031459 0.121492
2 0.222245 0.901509 0.144075 0.196251 0.118246
0 0.878925 0.16862 0.012804 0.0359796 0.118088
0 0.129707 0.250606 0.0233279 0.0487449 0.11557
2 0.545318 0.138883 0.0279221 0.0399177 0.11297
0 0.875663 0.167399 0.0152464 0.0375415 0.111599
2 0.585373 0.741325 0.0915436 0.162561 0.110041
2 0.304214 0.181702 0.0443814 0.0422978 0.108224
7 0.556147 0.532564 0.0607026 0.131559 0.104629
2 0.544837 0.13824 0.0276559 0.0399834 0.104467
2 0.231476 0.164695 0.032504 0.0306589 0.104202
2 0.66884 0.113741 0.0154918 0.0254499 0.103537
5 0.457768 0.0784857 0.0295469 0.0513467 0.102666
5 0.399282 0.0997613 0.0563383 0.0599786 0.102534
7 0.390088 0.233339 0.0646613 0.0925866 0.10204
7 0.556089 0.53278 0.0600624 0.130895 0.102018
5 0.426346 0.138571 0.0453812 0.0461291 0.101856
5 0.585936 0.741362 0.0912216 0.16224 0.101262
2 0.54453 0.137774 0.0288609 0.0410336 0.100497
0 0.99521 0.259411 0.00875092 0.0347606 0.0987159
5 0.423566 0.143885 0.0474642 0.0561311 0.0945895
5 0.393244 0.100487 0.0395114 0.0587776 0.0941086
0 0.340424 0.188698 0.0113459 0.03178 0.0938978
0 0.759489 0.138374 0.0105007 0.0271296 0.0925766
2 0.230519 0.164651 0.035193 0.0323762 0.0908079
5 0.425721 0.138732 0.0451073 0.0461495 0.089997
2 0.417069 0.166554 0.0416551 0.0473386 0.0895868
2 0.544452 0.138456 0.0291697 0.0402172 0.0885632
0 0.130216 0.250512 0.0248888 0.050081 0.0883962
5 0.458066 0.0765992 0.0283231 0.0484826 0.0879697
7 0.389455 0.231562 0.0654718 0.089909 0.0878333
5 0.418654 0.162546 0.0474361 0.0552861 0.0878133
2 0.585738 0.74093 0.0917007 0.161407 0.0874825
0 0.99522 0.259894 0.00881767 0.0346411 0.0869222
5 0.457551 0.0789885 0.0276741 0.0449585 0.0852239
2 0.450615 0.220729 0.0313806 0.0489677 0.0848456
0 0.0361565 0.331441 0.0158119 0.0628933 0.0843663
5 0.396346 0.105396 0.0457001 0.0661984 0.0832099
2 0.572101 0.0422181 0.0229794 0.0258311 0.0831616
2 0.0706421 0.392994 0.0672371 0.108946 0.0828633
0 0.028834 0.329451 0.0231758 0.0623791 0.0827844
0 0.1275 0.251473 0.0211504 0.0494157 0.082024
2 0.263672 0.247923 0.0509813 0.026985 0.0809894
5 0.399406 0.0986474 0.0543575 0.0597928 0.0800087
7 0.390023 0.23367 0.0646231 0.094298 0.0799561
0 0.022625 0.329888 0.0253507 0.063325 0.0798143
2 0.417741 0.167043 0.0424927 0.0470557 0.0793567
5 0.4237 0.152331 0.049974 0.0702269 0.079163
9 0.721771 0.0564703 0.0151476 0.0273425 0.0787799
5 0.426018 0.136684 0.0415626 0.0412062 0.0786986
0 0.0393362 0.331197 0.0223623 0.0649362 0.0783706
2 0.450296 0.232015 0.0317389 0.0274007 0.0778544
5 0.397122 0.101341 0.0496474 0.0631933 0.0776041
0 0.7594 0.139505 0.0100664 0.0272499 0.0775055
2 0.26388 0.247202 0.0502189 0.0283196 0.0758862
2 0.590724 0.12358 0.0211699 0.0299081 0.0754982
2 0.070982 0.392427 0.0661025 0.109457 0.0746737
2 0.232883 0.163472 0.0361445 0.0328705 0.0723768
2 0.416891 0.167525 0.0401786 0.0453625 0.0709055
2 0.417503 0.166013 0.0438384 0.0501865 0.0707199
0 0.0228181 0.329821 0.0267995 0.0643481 0.069086
5 0.401664 0.101459 0.0566377 0.0628275 0.068475
5 0.458113 0.0775579 0.0313728 0.0547184 0.0671041
0 0.906965 0.181137 0.0185093 0.0429751 0.0665583
2 0.417778 0.174853 0.0441235 0.0589304 0.0662162
2 0.418221 0.162399 0.045073 0.0571863 0.0643754
2 0.451264 0.217145 0.0317068 0.050703 0.0638045
2 0.22887 0.870116 0.126673 0.130421 0.0636327
2 0.545517 0.137145 0.0304087 0.0392225 0.0631556
0 0.340158 0.186313 0.0126803 0.0367241 0.0629271
2 0.228951 0.166554 0.0318752 0.0314537 0.0617235
2 0.544368 0.138132 0.0289495 0.0401927 0.060362
5 0.458219 0.0797619 0.0313218 0.053442 0.0593955
0 0.908107 0.180512 0.0151348 0.0388532 0.0593021
2 0.302606 0.177756 0.0417278 0.0511063 0.0573043
0 0.90869 0.171681 0.0146191 0.026885 0.0567755
2 0.264184 0.247489 0.0489048 0.0291392 0.0545908
2 0.0292676 0.951645 0.0585351 0.0944376 0.0543823
2 0.42733 0.139129 0.046974 0.0458124 0.0533893
2 0.456052 0.126549 0.0181414 0.0254521 0.0507829
0 0.993299 0.172521 0.0126881 0.0290979 0.0505679
