5 0.898513 0.451389 0.202316 0.561834 0.887657
5 0.898477 0.425996 0.20172 0.509984 0.862298
5 0.898529 0.449873 0.201614 0.559188 0.86149
5 0.898156 0.471435 0.203101 0.604036 0.852245
5 0.898366 0.449056 0.202732 0.55861 0.841237
5 0.898221 0.471614 0.202319 0.603298 0.833535
5 0.898441 0.475271 0.202672 0.611059 0.819974
5 0.897612 0.467502 0.204024 0.600764 0.775621
2 0.918057 0.1017 0.105708 0.0660284 0.7564
5 0.898188 0.464305 0.202847 0.59097 0.73143
5 0.89799 0.46776 0.203679 0.602256 0.695519
2 0.918671 0.101613 0.103138 0.0667667 0.688588
2 0.9184 0.101413 0.103883 0.06672 0.686818
2 0.918529 0.101071 0.103937 0.0666889 0.685784
2 0.917578 0.101386 0.10554 0.0671173 0.65786
2 0.918814 0.101118 0.103027 0.066843 0.657521
2 0.919219 0.102353 0.104539 0.0668914 0.592128
2 0.822484 0.0859673 0.0927349 0.0617464 0.584165
2 0.749042 0.401091 0.120963 0.167016 0.581156
2 0.918059 0.101093 0.104932 0.0673902 0.567716
2 0.822424 0.0853496 0.0930973 0.062222 0.566789
2 0.976242 0.0558693 0.046748 0.0522849 0.563148
2 0.822369 0.0855321 0.0928776 0.0618892 0.562832
2 0.976434 0.0550972 0.0471329 0.0533849 0.536501
2 0.82291 0.0855526 0.0918854 0.0618357 0.533351
2 0.748952 0.401254 0.120785 0.167963 0.523895
2 0.749174 0.401416 0.121024 0.169034 0.467148
2 0.749174 0.400503 0.120327 0.169146 0.461331
2 0.822843 0.0856993 0.0930643 0.0606223 0.46021
2 0.822994 0.0860952 0.093394 0.0619787 0.45743
2 0.749099 0.401377 0.121223 0.169059 0.454789
2 0.976272 0.0551778 0.0469074 0.0539549 0.442364
5 0.625837 0.374772 0.0928267 0.152912 0.419516
2 0.976597 0.0554213 0.0461838 0.0527429 0.406349
2 0.672862 0.570638 0.116811 0.2161 0.406277
2 0.749106 0.401609 0.122125 0.169483 0.394483
2 0.975734 0.0560102 0.0478943 0.0532388 0.372207
2 0.976948 0.056522 0.0454876 0.052539 0.372055
2 0.976886 0.056747 0.045525 0.050535 0.367492
2 0.749342 0.400725 0.120753 0.169115 0.361937
7 0.626277 0.374262 0.0919544 0.150943 0.358672
2 0.976194 0.0559006 0.0466434 0.0528162 0.348976
2 0.626677 0.374179 0.0920471 0.151077 0.335529
2 0.674075 0.569618 0.114765 0.214845 0.331467
2 0.626566 0.374341 0.0925341 0.151694 0.316728
2 0.748882 0.400073 0.120581 0.167645 0.311541
2 0.600454 0.160009 0.0364893 0.0176243 0.289243
2 0.917985 0.100329 0.107521 0.0656025 0.288556
2 0.822501 0.0855408 0.0920982 0.0597558 0.287454
5 0.626573 0.374778 0.0927735 0.151805 0.285002
2 0.626601 0.37437 0.0924146 0.151439 0.274796
5 0.626715 0.373836 0.0924273 0.152222 0.271635
0 0.17742 0.195912 0.027543 0.0711627 0.259185
2 0.976366 0.0552983 0.0472673 0.0539809 0.253341
0 0.178098 0.196105 0.0275853 0.0717918 0.246281
2 0.748966 0.399001 0.120233 0.167016 0.241389
2 0.822547 0.0853237 0.0941479 0.06071 0.236514
2 0.977028 0.060788 0.0457436 0.0424255 0.232122
5 0.626547 0.374008 0.0926924 0.153438 0.226963
2 0.626455 0.373499 0.0920131 0.150876 0.226889
2 0.626685 0.373856 0.0917009 0.151197 0.226684
2 0.673115 0.570571 0.115628 0.215914 0.210093
2 0.672529 0.573683 0.118606 0.220801 0.205724
2 0.67217 0.573023 0.119436 0.221522 0.204784
2 0.600321 0.160066 0.034328 0.0174203 0.201879
0 0.179583 0.195973 0.0283253 0.0715229 0.194575
2 0.0279281 0.173444 0.0254978 0.0327841 0.189435
0 0.175296 0.195784 0.0279447 0.0709444 0.179186
2 0.600601 0.160169 0.0354092 0.0175231 0.174598
2 0.672131 0.573087 0.118618 0.221813 0.165322
2 0.027208 0.175034 0.024073 0.0364485 0.163363
2 0.671799 0.572087 0.115645 0.21913 0.1621
2 0.672485 0.573383 0.118251 0.221473 0.160683
2 0.673205 0.571774 0.115269 0.217995 0.157823
2 0.252309 0.0812368 0.0198773 0.0169296 0.153608
2 0.68295 0.600875 0.0955553 0.145276 0.15311
2 0.822464 0.0860275 0.0939402 0.0605782 0.141776
2 0.028407 0.17433 0.0268235 0.0346519 0.140556
2 0.600976 0.160155 0.0356954 0.0174658 0.139987
0 0.653673 0.0338126 0.0105577 0.0391999 0.137862
0 0.169114 0.185202 0.0153903 0.0469183 0.135019
2 0.683731 0.601781 0.0943995 0.144926 0.133747
0 0.175026 0.198659 0.0271486 0.073201 0.131383
2 0.683858 0.602656 0.0937666 0.144101 0.128287
0 0.173083 0.19325 0.0229551 0.0640739 0.128134
7 0.671116 0.572187 0.118079 0.219655 0.127787
2 0.822058 0.0853227 0.0925293 0.0600559 0.127106
2 0.82136 0.0850184 0.0935883 0.0634899 0.12071
2 0.977288 0.0601746 0.0447052 0.0448054 0.114031
0 0.177998 0.190841 0.0201476 0.0624831 0.110483
0 0.560652 0.065305 0.0182117 0.0471016 0.106039
2 0.82171 0.0847693 0.0919939 0.0624306 0.105946
28 0.202515 0.670956 0.0895599 0.0846171 0.103463
0 0.177165 0.200349 0.0251369 0.0658506 0.101375
0 0.171023 0.183542 0.0166326 0.0449092 0.100882
2 0.68203 0.601567 0.0974495 0.141196 0.100053
0 0.456155 0.16904 0.0268144 0.0784472 0.095874
0 0.222563 0.121994 0.017662 0.0353316 0.0938541
28 0.203444 0.671761 0.0883457 0.0862748 0.0903251
0 0.170615 0.192453 0.0218839 0.0635937 0.0901411
2 0.683561 0.602167 0.0945742 0.145724 0.0853457
0 0.222888 0.120728 0.0169709 0.034941 0.0824898
0 0.559749 0.0685002 0.0167561 0.0383414 0.0824289
0 0.65375 0.0341254 0.0116086 0.0396161 0.0807276
0 0.454738 0.165151 0.0241443 0.0711216 0.0798031
0 0.190553 0.203783 0.0168625 0.0498506 0.0795786
0 0.0671119 0.199592 0.0285318 0.0678111 0.079078
2 0.976046 0.0558485 0.0471439 0.0536049 0.0754679
0 0.0575587 0.229409 0.0186925 0.0609354 0.0746705
0 0.848274 0.0379415 0.0161276 0.0465911 0.0733907
0 0.0701226 0.219948 0.0174338 0.0426192 0.0729436
0 0.653494 0.0327772 0.0126779 0.0400086 0.0719903
0 0.209293 0.121638 0.014808 0.0356437 0.0716945
28 0.202264 0.668974 0.0882133 0.0803214 0.0707054
2 0.822806 0.0859574 0.0937206 0.0633194 0.0705105
0 0.191647 0.20619 0.0175279 0.0468638 0.0702884
67 0.38004 0.425749 0.0334622 0.0573525 0.0691254
2 0.0226858 0.173315 0.0334429 0.0393217 0.0681745
0 0.559921 0.0661427 0.0197291 0.0496027 0.0633005
0 0.0701071 0.20694 0.0190835 0.061522 0.0627616
2 0.683848 0.601606 0.0941155 0.151569 0.0622401
67 0.380047 0.425908 0.032799 0.0566482 0.0616762
0 0.846951 0.0404663 0.0141375 0.043968 0.0614289
0 0.210074 0.122769 0.0173913 0.037398 0.0589065
2 0.749163 0.402695 0.121933 0.168489 0.0587705
0 0.452292 0.172385 0.0254938 0.0848039 0.0587661
0 0.562581 0.0634614 0.0152658 0.0440072 0.0573994
0 0.405302 0.0919584 0.0148237 0.0365286 0.0573773
2 0.671432 0.572671 0.116848 0.222837 0.057274
67 0.380189 0.42587 0.0332466 0.0574667 0.057021
0 0.702352 0.138154 0.0196954 0.057657 0.0567661
0 0.461232 0.174617 0.0368494 0.0880769 0.0564371
0 0.173976 0.196814 0.0297315 0.0722894 0.0563302
0 0.701951 0.144795 0.017493 0.0477181 0.0560598
0 0.462559 0.177073 0.0360191 0.0838415 0.0551275
28 0.201993 0.666075 0.0878759 0.0746859 0.0548939
0 0.705554 0.0639915 0.0143583 0.0448802 0.0548276
0 0.179794 0.196164 0.035492 0.0731437 0.0542148
67 0.380221 0.425783 0.0329492 0.0573225 0.0538491
0 0.18283 0.196298 0.0329787 0.0721938 0.0526268
2 0.026935 0.17234 0.0265207 0.0360149 0.0522761
0 0.696978 0.148616 0.0163193 0.0387172 0.0516686
2 0.815911 0.0848802 0.079962 0.0588442 0.0510642
28 0.203527 0.670337 0.0869004 0.0822124 0.0507466
0 0.461802 0.175833 0.0240505 0.0748764 0.0507141
28 0.20208 0.667616 0.0878723 0.077832 0.0499022
0 0.070299 0.218122 0.0180099 0.0419445 0.0493535
2 0.223072 0.0804547 0.0245223 0.0298652 0.048641
2 0.026189 0.1752 0.0314693 0.0343847 0.0473903
0 0.214432 0.120502 0.0173897 0.0412943 0.046501
2 0.329413 0.102506 0.0261668 0.023926 0.045588
2 0.250807 0.0802489 0.0197425 0.0162782 0.0454078
0 0.557701 0.0675801 0.0252743 0.0607107 0.0453003
67 0.380236 0.425463 0.0328576 0.0569952 0.0443711
2 0.82088 0.0950992 0.0935139 0.043026 0.0440038
0 0.0631777 0.240907 0.0233822 0.0630001 0.0439116
0 0.562067 0.0657693 0.0170118 0.0451576 0.0432624
0 0.571573 0.0163523 0.0121107 0.0326997 0.0432292
0 0.192155 0.208231 0.0185933 0.0465135 0.0428147
0 0.729096 0.154972 0.0291283 0.0636417 0.0421562
0 0.4532 0.16815 0.0226008 0.0761927 0.0406704
6 0.380078 0.425604 0.0331211 0.0566005 0.0400817
0 0.729577 0.157465 0.0292107 0.0603367 0.0399555
67 0.38062 0.425414 0.0332628 0.0565138 0.0396803
0 0.788843 0.0296116 0.0127441 0.0295429 0.0395577
0 0.872304 0.0297159 0.0196522 0.0454644 0.0392614
2 0.22453 0.0792884 0.02551 0.026157 0.0390272
0 0.454605 0.16235 0.02314 0.0664959 0.0390165
0 0.863956 0.0265138 0.0158682 0.0518469 0.0389629
0 0.706037 0.0589808 0.0123491 0.039393 0.0386962
0 0.405557 0.0882412 0.0127001 0.0308787 0.0384507
9 0.132217 0.0266824 0.0124388 0.0202039 0.0382828
0 0.699719 0.1378 0.0205469 0.0604515 0.0381094
0 0.571448 0.0167173 0.0107244 0.0325889 0.0380254
28 0.202434 0.672525 0.0907036 0.08771 0.037431
2 0.0253466 0.176503 0.0249228 0.0384098 0.0370748
0 0.701515 0.351285 0.0189915 0.0364621 0.0363898
2 0.601481 0.160445 0.0385355 0.0177789 0.0354969
0 0.0585355 0.216093 0.0210622 0.0549786 0.0346566
2 0.803373 0.0857425 0.05429 0.0479451 0.0344402
6 0.380097 0.425398 0.0328455 0.0557572 0.0343435
2 0.67496 0.568027 0.112275 0.211386 0.03431
0 0.70113 0.149457 0.0187509 0.0435465 0.0334652
0 0.702007 0.351624 0.0202524 0.0343294 0.0332125
0 0.0613105 0.236825 0.0240162 0.071884 0.0330326
0 0.192619 0.117989 0.0183547 0.0532346 0.0322592
2 0.67873 0.197055 0.0528461 0.0239213 0.032205
0 0.0685714 0.181557 0.0137116 0.0315192 0.0317822
7 0.471777 0.177311 0.0569075 0.0877413 0.031099
0 0.863977 0.0270355 0.012311 0.0511498 0.0310788
0 0.788612 0.0312828 0.0106646 0.0243296 0.0309988
0 0.729077 0.155457 0.0292179 0.0624664 0.030977
5 0.380404 0.424901 0.0338275 0.0560465 0.030848
7 0.472535 0.18058 0.0584989 0.0802989 0.0304178
0 0.745185 0.014581 0.0135691 0.029162 0.0302348
2 0.728486 0.15529 0.0324851 0.0674685 0.0301781
0 0.864487 0.02716 0.0157818 0.0498899 0.0301627
2 0.22081 0.0622929 0.0173783 0.0291476 0.0299523
2 0.0193639 0.162162 0.0367909 0.0721224 0.0298748
0 0.704225 0.0711902 0.0164555 0.0531952 0.0295588
0 0.845488 0.0454941 0.0151596 0.0436767 0.0294642
0 0.19052 0.121147 0.0179194 0.0498647 0.0294532
0 0.0563133 0.221072 0.0161771 0.043771 0.0293805
9 0.13165 0.0249211 0.0127244 0.0198648 0.0291714
0 0.0840323 0.213357 0.0271285 0.0537737 0.0288512
0 0.0855119 0.21114 0.0299953 0.0522978 0.028629
0 0.0750933 0.210498 0.0514593 0.0875249 0.0285886
0 0.193207 0.123078 0.016498 0.0512489 0.0285765
2 0.824162 0.0882688 0.0956671 0.0618918 0.0280281
9 0.489152 0.192748 0.0182943 0.0496801 0.0279332
0 0.728568 0.153832 0.0275653 0.0601467 0.0275358
0 0.788963 0.0284334 0.0126835 0.0304675 0.0270584
0 0.729211 0.153684 0.0272196 0.0654878 0.0269533
0 0.728698 0.157273 0.030533 0.0610335 0.0269503
0 0.851732 0.0354585 0.0204699 0.0468581 0.0268858
0 0.822088 0.0690814 0.0264582 0.031181 0.0268601
0 0.850011 0.0335913 0.0186878 0.0477896 0.0267142
0 0.700985 0.135475 0.0219709 0.0615516 0.0267035
0 0.558018 0.0712348 0.0229334 0.0432325 0.0266398
2 0.809042 0.0827041 0.0663864 0.0581867 0.0263881
2 0.600868 0.160887 0.0361513 0.0187072 0.026236
0 0.180453 0.197885 0.0359792 0.0755992 0.0261271
2 0.00749355 0.165619 0.0147469 0.0611748 0.0260474
0 0.822975 0.0362065 0.0135124 0.026261 0.0260204
2 0.677389 0.196974 0.0514202 0.0250218 0.0259993
2 0.327524 0.102123 0.0243344 0.0256661 0.0258569
67 0.38032 0.425427 0.0336229 0.0562559 0.0255086
0 0.702853 0.133542 0.0202789 0.0523973 0.0254167
7 0.471233 0.175617 0.0572106 0.0893596 0.025094
0 0.210389 0.119032 0.0194175 0.0380341 0.02495
2 0.243977 0.0579177 0.0252883 0.0345075 0.02487
2 0.0303279 0.173095 0.0311451 0.0324286 0.0247369
2 0.600628 0.16092 0.0361685 0.0184171 0.0244849
0 0.69686 0.149715 0.0176502 0.0393655 0.0244332
0 0.451908 0.159117 0.0196579 0.0584316 0.0243512
0 0.176945 0.210081 0.022892 0.0626044 0.0242645
0 0.877073 0.0319158 0.0162498 0.0402392 0.0242147
2 0.823443 0.09657 0.0908764 0.0390689 0.0238985
2 0.67866 0.197173 0.0533786 0.024184 0.0236806
0 0.853019 0.0305782 0.0206249 0.050361 0.0229622
0 0.468283 0.0430552 0.0122708 0.0301822 0.0228922
0 0.406648 0.0943414 0.0159691 0.0420329 0.0226511
0 0.196452 0.0900753 0.0141073 0.031654 0.0223019
0 0.218665 0.118313 0.0244919 0.0358589 0.0222733
0 0.0845156 0.205297 0.0318152 0.0432926 0.0220876
0 0.560188 0.0595417 0.0167067 0.0514877 0.0219802
0 0.175184 0.193063 0.0331854 0.0679935 0.0219236
5 0.902864 0.284676 0.193263 0.225743 0.0219098
2 0.0305771 0.174008 0.0315542 0.0329531 0.0218033
0 0.0869867 0.213584 0.0277084 0.0526327 0.0216197
0 0.193302 0.126687 0.015798 0.0459424 0.0213001
0 0.199147 0.0856343 0.017922 0.0315226 0.0211964
0 0.419591 0.0798206 0.0113667 0.0270176 0.0208931
0 0.0755667 0.203713 0.0515174 0.0770603 0.0206418
2 0.220506 0.0705035 0.0238297 0.0391871 0.0205453
0 0.328862 0.189372 0.0140715 0.0279027 0.0204372
2 0.684567 0.0122402 0.0218575 0.0238989 0.020406
7 0.626436 0.373999 0.0915404 0.150069 0.0203435
0 0.0890906 0.208453 0.0233417 0.0391696 0.0202704
0 0.0629089 0.252257 0.021894 0.04195 0.0202479
2 0.014659 0.175477 0.0232622 0.0447742 0.0202413
0 0.181058 0.196755 0.0331215 0.0763229 0.0201243
2 0.73568 0.0168718 0.0270147 0.0337436 0.0199689
0 0.863482 0.023179 0.0134716 0.0463581 0.0199048
2 0.238268 0.0648323 0.0163567 0.0318429 0.0198004
0 0.222947 0.121675 0.0201281 0.0333889 0.0197749
0 0.192899 0.121081 0.0191907 0.0531863 0.0197429
0 0.173904 0.206669 0.0276421 0.0714206 0.0196076
2 0.976047 0.055187 0.0469807 0.0528895 0.0195021
0 0.729328 0.0182369 0.015015 0.0331801 0.0194655
0 0.745024 0.0189755 0.016868 0.0365712 0.019439
7 0.472338 0.180047 0.0590757 0.080223 0.0193559
2 0.219946 0.0688456 0.0183655 0.0360952 0.0189263
2 0.678368 0.196849 0.0535442 0.0252318 0.0189216
2 0.722546 0.153049 0.0428206 0.0738166 0.018843
2 0.230221 0.0601033 0.018084 0.0281401 0.0187379
2 0.00605794 0.159152 0.0119201 0.0746145 0.0187314
0 0.0622354 0.202829 0.0285608 0.0730402 0.018713
2 0.682576 0.0119376 0.0245715 0.0238752 0.0184814
0 0.0848873 0.206529 0.0298653 0.0405339 0.0183819
0 0.729444 0.140337 0.0197586 0.0442723 0.0183743
0 0.558859 0.069639 0.0238535 0.0472332 0.0183672
2 0.22519 0.0703947 0.0233384 0.0325053 0.0183001
0 0.738682 0.0185659 0.0235249 0.0371319 0.0182745
0 0.823508 0.0673795 0.0248386 0.0271473 0.0181855
0 0.788449 0.0310476 0.0152973 0.0319923 0.0181489
0 0.328909 0.0988254 0.0253699 0.0302245 0.018041
0 0.463382 0.176698 0.0376675 0.0851365 0.0180377
0 0.543736 0.0490681 0.012332 0.0514189 0.0179252
0 0.876834 0.0315275 0.0176975 0.0432676 0.0179204
2 0.221243 0.0857349 0.0275905 0.0276136 0.0178766
0 0.49708 0.0549022 0.013625 0.0334847 0.0178394
2 0.679552 0.587992 0.10295 0.174283 0.0177997
0 0.877674 0.0325298 0.0145638 0.039941 0.017649
0 0.698834 0.353394 0.0167448 0.0364208 0.0175103
0 0.0835478 0.204205 0.033319 0.0453578 0.0173943
0 0.00883406 0.171258 0.0176592 0.0500414 0.0169538
2 0.328894 0.102565 0.0269951 0.0290156 0.0167775
0 0.858135 0.0258711 0.018915 0.0493517 0.0167316
0 0.460969 0.147964 0.0227546 0.0339171 0.0166916
