2 0.594892 0.478649 0.104817 0.133401 0.736667
2 0.595266 0.478561 0.104119 0.133085 0.721905
2 0.595454 0.478749 0.104109 0.133703 0.720402
2 0.375381 0.384184 0.0937847 0.0968757 0.718113
2 0.595019 0.4787 0.104536 0.133811 0.714991
2 0.375566 0.384306 0.0944292 0.0972354 0.704744
2 0.594816 0.478542 0.104733 0.133032 0.702266
2 0.375047 0.38371 0.0941508 0.0967434 0.700369
2 0.594865 0.478298 0.1044 0.132901 0.696483
2 0.595618 0.478717 0.104072 0.134692 0.686025
2 0.375243 0.384123 0.0940411 0.0969551 0.679856
2 0.375574 0.384109 0.0942193 0.0965344 0.663024
2 0.595319 0.478247 0.103328 0.13454 0.656902
2 0.37531 0.383843 0.0945297 0.0961233 0.651195
2 0.37525 0.38405 0.09446 0.0962962 0.646107
2 0.585959 0.27718 0.0666012 0.0733057 0.639332
2 0.585659 0.277548 0.0660276 0.0737514 0.637726
2 0.595141 0.478303 0.104549 0.133234 0.635826
2 0.585968 0.27688 0.0668629 0.0709023 0.634204
2 0.375102 0.384265 0.093926 0.0975583 0.627481
2 0.585976 0.277116 0.0677696 0.0731052 0.623108
2 0.698935 0.116424 0.0246172 0.0256727 0.617229
2 0.375445 0.383894 0.0942155 0.0965124 0.611841
2 0.585625 0.277011 0.0671704 0.0731404 0.610445
2 0.812057 0.176285 0.0319145 0.0434888 0.585168
2 0.909903 0.173111 0.0336002 0.0456343 0.570347
2 0.844137 0.198794 0.0400948 0.0566071 0.551791
2 0.909082 0.173403 0.0313999 0.0454783 0.549668
2 0.585733 0.276444 0.067747 0.0713658 0.547069
2 0.585775 0.276892 0.067416 0.0728953 0.546064
2 0.90884 0.174231 0.03246 0.0426084 0.534466
2 0.585914 0.276873 0.0677507 0.0710476 0.533079
2 0.73872 0.125583 0.0223068 0.0285897 0.527537
2 0.586415 0.276901 0.0665653 0.0712632 0.505221
2 0.699206 0.115953 0.0248343 0.0263636 0.502111
2 0.812405 0.177778 0.0306797 0.0410789 0.500938
2 0.374951 0.383806 0.0952617 0.0959969 0.498809
2 0.84421 0.19987 0.0392242 0.0570122 0.496825
2 0.908549 0.173925 0.0305786 0.044203 0.460893
2 0.594715 0.478387 0.104546 0.132765 0.4543
2 0.84408 0.199774 0.0386677 0.0565171 0.449681
2 0.908702 0.174033 0.0306278 0.0447407 0.448244
2 0.844271 0.199539 0.0390938 0.0595243 0.442587
2 0.699757 0.115209 0.025714 0.0275356 0.438364
2 0.738691 0.12444 0.0227703 0.029368 0.433359
2 0.908712 0.174021 0.0299931 0.0443115 0.424899
2 0.844017 0.198714 0.0388393 0.0576136 0.421666
2 0.909057 0.174846 0.0324158 0.0421866 0.419339
2 0.811808 0.17587 0.0320148 0.0435433 0.414409
2 0.812218 0.176686 0.0316746 0.0435262 0.412916
2 0.812592 0.175586 0.0320593 0.0431917 0.411271
2 0.812044 0.175507 0.0324379 0.0450412 0.409097
2 0.906394 0.100358 0.0202541 0.0261748 0.400922
2 0.812079 0.176406 0.0306843 0.0423692 0.397763
2 0.909061 0.173497 0.0318958 0.0462259 0.384832
2 0.919324 0.137635 0.0235146 0.0317784 0.377119
2 0.837861 0.132229 0.0253578 0.0296501 0.369478
2 0.843775 0.199696 0.038047 0.0553758 0.361113
2 0.837725 0.132366 0.0252678 0.0293346 0.354692
2 0.739437 0.12479 0.0243568 0.0306619 0.353995
2 0.871095 0.145564 0.0277891 0.0320641 0.345421
2 0.844586 0.198781 0.03918 0.056408 0.334979
2 0.702262 0.114582 0.0289179 0.0276391 0.334389
2 0.844489 0.19875 0.0398294 0.0583148 0.318062
2 0.69959 0.115484 0.0257812 0.0261341 0.316679
2 0.872025 0.14394 0.0261162 0.0327541 0.310101
2 0.870958 0.145334 0.0273335 0.0321103 0.306188
2 0.906494 0.0992875 0.0207378 0.0259889 0.28841
2 0.84467 0.199172 0.039711 0.0583383 0.28482
2 0.837706 0.1305 0.0277269 0.0330469 0.280741
2 0.919295 0.137219 0.0244865 0.0340488 0.276212
2 0.862959 0.423373 0.080612 0.114137 0.272267
2 0.752048 0.137216 0.0258496 0.0274504 0.269571
2 0.837738 0.130918 0.027412 0.0320839 0.26694
2 0.871593 0.142916 0.0252728 0.0323763 0.266424
2 0.812119 0.0635011 0.0174461 0.016317 0.265994
2 0.838212 0.133378 0.0263321 0.0293926 0.256297
2 0.908676 0.174388 0.0298931 0.0447412 0.2542
7 0.862522 0.423338 0.0824818 0.113592 0.249768
5 0.965401 0.140645 0.0287859 0.057606 0.244026
2 0.861995 0.423165 0.0821602 0.114636 0.24401
2 0.739426 0.126465 0.0240845 0.028302 0.242737
2 0.871536 0.143909 0.0260485 0.0315979 0.239557
2 0.0269363 0.558813 0.0534901 0.152168 0.235158
2 0.698652 0.116071 0.0282333 0.0258766 0.234469
2 0.744199 0.126513 0.0329551 0.0289865 0.231913
2 0.812212 0.0633792 0.0173908 0.0163767 0.23181
2 0.879955 0.0875025 0.0160269 0.0204644 0.22744
2 0.0269812 0.557583 0.0535841 0.152609 0.226071
2 0.812306 0.177993 0.0310398 0.0400058 0.224904
2 0.861858 0.423282 0.0827133 0.114319 0.223814
2 0.0268927 0.559076 0.053488 0.148787 0.223525
7 0.862392 0.423308 0.0811256 0.114464 0.220431
2 0.863194 0.422983 0.080164 0.115915 0.211246
2 0.910486 0.174033 0.0342068 0.0449396 0.211162
2 0.90878 0.172742 0.0331619 0.0461112 0.207623
2 0.752325 0.132863 0.0254864 0.0213374 0.201236
2 0.861559 0.421993 0.0832577 0.115637 0.19939
2 0.0268061 0.559245 0.0533333 0.151324 0.196469
2 0.872091 0.14307 0.0257366 0.0336779 0.195017
2 0.862593 0.423396 0.0804924 0.115668 0.192693
2 0.837978 0.134119 0.0242943 0.0270258 0.190964
2 0.742162 0.123415 0.026922 0.0303467 0.19096
2 0.0268872 0.558482 0.0534225 0.150966 0.189963
2 0.752939 0.133683 0.0286445 0.0288439 0.184176
2 0.812244 0.177912 0.0306148 0.0417906 0.178798
7 0.862215 0.422261 0.0821121 0.115865 0.163549
2 0.837768 0.133005 0.0287371 0.022925 0.162452
9 0.944379 0.0575427 0.0135225 0.027649 0.161635
2 0.0269797 0.558906 0.0536816 0.148067 0.1458
2 0.586726 0.273264 0.0664814 0.0644993 0.144724
2 0.880061 0.0868511 0.0164421 0.0212437 0.143385
2 0.812307 0.0631631 0.0184593 0.0186766 0.141941
9 0.942876 0.058155 0.0159054 0.0288195 0.12493
2 0.964249 0.153426 0.0267141 0.0333443 0.123945
5 0.964856 0.142018 0.0275257 0.0564456 0.119893
5 0.964632 0.142918 0.0282356 0.0542789 0.115871
2 0.964308 0.152714 0.026622 0.0346557 0.112605
2 0.965215 0.145133 0.0270699 0.0510157 0.112404
2 0.844582 0.198173 0.0400883 0.0582302 0.109055
2 0.0270533 0.557619 0.0538203 0.15308 0.108445
2 0.96451 0.148059 0.02784 0.0438969 0.108152
5 0.964813 0.141092 0.0293766 0.0566301 0.108104
2 0.964212 0.154466 0.0262112 0.0322172 0.0990663
7 0.0572454 0.0753627 0.114265 0.0977711 0.0937625
2 0.812178 0.0629588 0.0186707 0.0186426 0.0925803
7 0.057588 0.0737629 0.114127 0.095427 0.0921017
2 0.811831 0.175359 0.0309322 0.0450814 0.0811221
7 0.0573855 0.0740417 0.114338 0.0955771 0.0796342
7 0.0561985 0.0743048 0.112236 0.0954769 0.0783116
2 0.750823 0.137982 0.0267363 0.0319227 0.0778436
2 0.0271227 0.557954 0.0539205 0.153401 0.075439
7 0.0661116 0.0730914 0.132223 0.094929 0.0717116
0 0.00951514 0.0974311 0.0188772 0.0281402 0.0701038
7 0.860779 0.41695 0.0844532 0.125732 0.0699036
7 0.0578761 0.0748338 0.115121 0.0968084 0.0658406
2 0.79554 0.267699 0.0256091 0.0368187 0.060641
7 0.0577631 0.0757378 0.115189 0.0980324 0.0602615
2 0.964001 0.154067 0.0258898 0.0334652 0.0589884
2 0.587133 0.273327 0.065029 0.064687 0.0583414
7 0.058419 0.0784074 0.116472 0.102658 0.0578202
2 0.0267142 0.558811 0.0531896 0.151793 0.0541924
2 0.812876 0.0636539 0.0174507 0.0180959 0.0533642
2 0.87084 0.144408 0.0284369 0.0331948 0.0528044
7 0.0966845 0.0758627 0.193369 0.100495 0.0512111
2 0.8682 0.146247 0.0348434 0.0393779 0.0507301
2 0.0788162 0.0960397 0.0644655 0.0201357 0.0478475
2 0.919653 0.136528 0.025872 0.0342311 0.04699
2 0.862574 0.0449308 0.0254602 0.0215478 0.0460635
2 0.168005 0.0776405 0.04267 0.0149074 0.0438259
2 0.795917 0.267486 0.0260514 0.0367986 0.0425835
2 0.0269714 0.560872 0.0537175 0.151495 0.0425624
0 0.0100306 0.0971697 0.0199053 0.0307981 0.0420067
2 0.919877 0.136951 0.0251926 0.0337621 0.0415281
2 0.154578 0.0813664 0.076153 0.0223891 0.0415259
7 0.0392814 0.0679811 0.0785629 0.0818176 0.0402194
2 0.747575 0.143092 0.0231911 0.0324852 0.0397699
2 0.0689044 0.0962972 0.0865127 0.0264986 0.0387971
2 0.96702 0.127768 0.0272087 0.033377 0.0386245
2 0.748824 0.141386 0.0321851 0.0345834 0.038427
7 0.0966077 0.0778328 0.193022 0.103032 0.0382819
7 0.0574626 0.0775422 0.114602 0.102646 0.0376395
2 0.744967 0.126418 0.0368105 0.0302734 0.0369485
2 0.0273607 0.558297 0.0547213 0.159211 0.0368714
7 0.0573326 0.0703346 0.113068 0.0893369 0.0365556
7 0.0575921 0.0781314 0.114918 0.102097 0.0364272
2 0.595025 0.478855 0.104516 0.134465 0.0363693
2 0.0827942 0.0960187 0.0558785 0.0204109 0.0357087
2 0.172114 0.0768929 0.0371628 0.0154855 0.0353054
2 0.586363 0.271802 0.06582 0.0616906 0.0342641
2 0.06393 0.103064 0.100436 0.0350659 0.0336694
2 0.854775 0.0467324 0.0201056 0.0243019 0.0327288
2 0.908401 0.173421 0.0328506 0.0446382 0.0321562
7 0.0710247 0.0696868 0.142049 0.0898139 0.0313364
2 0.904446 0.0998163 0.0258778 0.0292272 0.0302904
7 0.0953723 0.0775999 0.190081 0.105101 0.0299799
7 0.0452806 0.0705748 0.0902582 0.0869902 0.0291146
2 0.0580187 0.103385 0.11309 0.0423851 0.0289765
0 0.0095877 0.0905547 0.0191754 0.0422233 0.0289676
2 0.905183 0.0561615 0.0163017 0.0209231 0.0285647
2 0.866058 0.147574 0.0379036 0.0383291 0.0285357
0 0.0355425 0.0934457 0.0256568 0.0304936 0.028455
5 0.942368 0.0566943 0.0228428 0.0285556 0.0275038
5 0.989362 0.0852062 0.0206867 0.169572 0.0273973
2 0.755122 0.137486 0.0368163 0.0337476 0.0273461
2 0.755149 0.134672 0.032873 0.0249487 0.0261085
2 0.917785 0.137494 0.0278172 0.0335483 0.0258381
7 0.0964409 0.0716924 0.192717 0.0932275 0.0250563
2 0.153926 0.0811092 0.0720945 0.0217561 0.0248901
2 0.908862 0.0955279 0.0259157 0.0390238 0.0242464
2 0.91863 0.134981 0.0256969 0.036026 0.0235558
2 0.843935 0.20261 0.0381023 0.0512351 0.0224879
2 0.795998 0.267776 0.0280605 0.0373546 0.0213958
9 0.923361 0.0552683 0.0157524 0.0258476 0.0213431
5 0.965315 0.139449 0.0305099 0.0551377 0.0212615
5 0.98975 0.0890076 0.0199249 0.176601 0.0207411
2 0.844154 0.201558 0.0390934 0.0514535 0.0205607
2 0.844844 0.19803 0.0398926 0.0577281 0.0204691
7 0.0399572 0.0697279 0.079475 0.0852551 0.0201834
6 0.273528 0.0721465 0.542402 0.129376 0.0200301
2 0.0830541 0.0960659 0.0697249 0.0249519 0.0197198
2 0.853669 0.0495766 0.0182995 0.021644 0.0195095
2 0.862207 0.426216 0.0766081 0.110251 0.0194482
2 0.908448 0.17324 0.0333134 0.0452162 0.0193684
9 0.921604 0.0489566 0.0157974 0.0302288 0.0192836
5 0.967132 0.141023 0.0330853 0.0593529 0.0189632
6 0.219533 0.0741373 0.436812 0.118846 0.0187722
2 0.869786 0.0330488 0.0175102 0.0134099 0.0186889
6 0.307347 0.0738051 0.608939 0.140395 0.0179349
0 0.045056 0.0674846 0.0725738 0.0840665 0.0177612
2 0.17379 0.0745394 0.032879 0.0172409 0.0167183
2 0.16944 0.0756731 0.0409693 0.0179081 0.0165055
2 0.904297 0.0976792 0.0260986 0.0301978 0.0164094
5 0.965221 0.138646 0.0298151 0.0612669 0.0163498
0 0.0109319 0.095608 0.021265 0.0312228 0.0154575
79 0.895636 0.961088 0.0224771 0.077599 0.0151442
2 0.0719137 0.100505 0.0828865 0.0282631 0.0151126
2 0.909199 0.0923247 0.0265739 0.0443631 0.0149007
2 0.815102 0.176028 0.0382833 0.0432543 0.0146945
2 0.838408 0.125967 0.02997 0.0402032 0.0146512
2 0.942553 0.0567179 0.0200268 0.0300289 0.0146464
0 0.0392475 0.0670662 0.078495 0.0827714 0.0145654
79 0.895657 0.961162 0.0223194 0.0770065 0.014
0 0.0129206 0.0964612 0.0256644 0.0374794 0.0139969
2 0.156821 0.0767893 0.0675228 0.0219122 0.0138442
2 0.0570206 0.106068 0.114041 0.0464223 0.0132792
2 0.854273 0.141435 0.0604744 0.0406413 0.0129787
7 0.096658 0.0737804 0.192863 0.111107 0.0128231
2 0.861635 0.432305 0.0708973 0.0956997 0.0126232
2 0.731768 0.383768 0.0473925 0.0737421 0.0125154
0 0.0312294 0.0934764 0.0562291 0.0348913 0.0124888
0 0.880789 0.0310634 0.00968552 0.0156003 0.0118096
2 0.79621 0.267845 0.0269377 0.0377395 0.0117515
6 0.229541 0.071408 0.455059 0.122626 0.0117161
6 0.271331 0.0697714 0.537265 0.131867 0.0115282
2 0.154201 0.0884973 0.0802866 0.034234 0.0114947
7 0.0964219 0.0741646 0.192296 0.0992266 0.0114752
2 0.908018 0.0513691 0.0246403 0.0318177 0.0113896
6 0.290277 0.0710992 0.577005 0.139819 0.0113207
2 0.907058 0.0901492 0.0256836 0.0451835 0.0109453
2 0.155166 0.0878977 0.0762853 0.0328246 0.0106967
7 0.863017 0.422879 0.0802376 0.116148 0.0104214
2 0.277722 0.0568758 0.0347994 0.0116243 0.0104125
9 0.966176 0.0507179 0.012179 0.0148339 0.010363
2 0.91643 0.137933 0.0295784 0.035217 0.0103056
5 0.908713 0.0967136 0.0245047 0.0369163 0.0102936
5 0.930063 0.0526963 0.0257893 0.0312822 0.0102325
2 0.861124 0.450355 0.0676189 0.0609442 0.010174
6 0.136625 0.0768552 0.272312 0.11035 0.00996715
2 0.851129 0.0472952 0.0169725 0.0232995 0.00986817
2 0.154304 0.089317 0.0785027 0.0355853 0.00969176
0 0.0537327 0.0689911 0.0755353 0.0816716 0.00960591
2 0.861348 0.435797 0.0691998 0.0877341 0.00957993
2 0.861117 0.450375 0.067535 0.060631 0.00938939
0 0.00779542 0.0868362 0.0155904 0.0460101 0.00938075
5 0.928853 0.0577037 0.0144096 0.026531 0.00924253
5 0.990081 0.0975332 0.0192492 0.193632 0.00921198
2 0.795994 0.267252 0.0273762 0.0377151 0.00920341
2 0.0817843 0.100471 0.0693812 0.0276581 0.00914618
2 0.877443 0.0876098 0.0239794 0.0237411 0.0091231
2 0.58599 0.276749 0.0689182 0.0723055 0.00908978
2 0.00992683 0.10473 0.01977 0.0469398 0.00902865
0 0.0401414 0.0931078 0.0352737 0.0320259 0.00867627
7 0.0983514 0.0794373 0.195841 0.110416 0.00853057
0 0.0593073 0.0664339 0.0904044 0.0838081 0.00850691
0 0.0435324 0.0701278 0.0682217 0.0784553 0.00844221
2 0.694967 0.116128 0.0325563 0.0255034 0.00835392
2 0.0571044 0.105117 0.114209 0.0546217 0.00804909
6 0.318879 0.0715863 0.630071 0.138362 0.00781039
2 0.707592 0.113257 0.0414262 0.0317546 0.00773264
2 0.744479 0.129694 0.0350793 0.0345979 0.00767991
2 0.827627 0.156054 0.0279613 0.0367957 0.00766431
2 0.596236 0.461286 0.102515 0.0933253 0.00754644
2 0.153678 0.0891572 0.0795954 0.0374584 0.00738386
7 0.0387129 0.0676146 0.0774258 0.0789268 0.00720031
79 0.896061 0.960735 0.023661 0.0771309 0.00714692
5 0.967138 0.141191 0.035144 0.0591702 0.00701734
2 0.732238 0.384186 0.0475126 0.0735487 0.00698749
0 0.131608 0.0754064 0.0147193 0.0212389 0.0069741
2 0.857625 0.0429538 0.0219244 0.0290161 0.00679134
2 0.0570997 0.103749 0.114199 0.0528261 0.00678113
7 0.0970146 0.080585 0.193995 0.111476 0.00677417
5 0.906939 0.100744 0.0232731 0.0310376 0.00676063
2 0.94019 0.0576839 0.0239552 0.0293675 0.00664849
2 0.907922 0.173875 0.0311802 0.0452951 0.00658061
2 0.873957 0.0855784 0.0312759 0.0267501 0.00656688
6 0.234565 0.0767092 0.466827 0.124742 0.00651879
0 0.0128358 0.0894106 0.0254713 0.0419465 0.00640065
2 0.275391 0.0584096 0.0351412 0.013927 0.006325
2 0.793834 0.267279 0.02997 0.0377285 0.00630357
7 0.0371648 0.0629714 0.0742 0.0669222 0.00626255
2 0.0350605 0.105711 0.0699217 0.0553738 0.00620563
0 0.0411156 0.0923426 0.0392321 0.0326318 0.00618494
2 0.585583 0.27729 0.0674767 0.0694834 0.0060571
2 0.851186 0.0495863 0.0180935 0.021546 0.00601452
25 0.0366665 0.043327 0.0732041 0.027947 0.00600297
7 0.0978594 0.0719553 0.195719 0.112202 0.00595133
2 0.739409 0.122388 0.0261459 0.0339698 0.0059206
0 0.0580482 0.0953701 0.103282 0.0407392 0.00586623
2 0.796769 0.267506 0.0250608 0.0377148 0.0057373
