5 0.0725812 0.522602 0.144777 0.255249 0.878975
5 0.0726367 0.522053 0.144572 0.255898 0.875174
2 0.509528 0.32393 0.0965313 0.0535327 0.870333
5 0.072762 0.521764 0.144875 0.256385 0.869062
5 0.0727683 0.521639 0.145537 0.256534 0.856039
5 0.0727028 0.521571 0.145406 0.256271 0.854437
2 0.510712 0.323474 0.0925821 0.0529565 0.850761
2 0.51084 0.323376 0.0928516 0.052312 0.847706
2 0.510786 0.324023 0.0928769 0.0528298 0.8472
5 0.0725654 0.521682 0.144945 0.255723 0.846576
5 0.0726687 0.522284 0.145337 0.255701 0.845846
2 0.510128 0.323674 0.0956249 0.053319 0.843059
5 0.0725829 0.521136 0.144995 0.256218 0.842608
5 0.072452 0.522202 0.144598 0.255628 0.839079
2 0.510874 0.323564 0.0930069 0.0528626 0.813922
2 0.510757 0.323214 0.092903 0.0518525 0.791309
2 0.510829 0.3236 0.0926853 0.052451 0.77749
2 0.510933 0.323619 0.0942579 0.0534791 0.758085
5 0.0726896 0.51999 0.144919 0.258894 0.700668
2 0.31315 0.316159 0.108741 0.0705243 0.680068
2 0.580737 0.856114 0.293938 0.222458 0.66124
2 0.313062 0.315945 0.109061 0.0697655 0.650278
2 0.313096 0.318402 0.109104 0.0664688 0.642074
2 0.581014 0.856773 0.294139 0.223389 0.633109
2 0.313335 0.319797 0.108759 0.0635893 0.611223
2 0.58035 0.856609 0.293789 0.222417 0.595935
2 0.313345 0.320485 0.108851 0.0621746 0.585975
2 0.312873 0.31696 0.109522 0.0695524 0.582824
2 0.0593643 0.322347 0.0890972 0.0611955 0.582504
2 0.58019 0.860558 0.293397 0.231398 0.572549
2 0.0586766 0.322518 0.0893615 0.0613577 0.572397
2 0.581326 0.858148 0.29579 0.226169 0.544545
2 0.581598 0.857916 0.295881 0.224188 0.541581
2 0.580638 0.858771 0.293989 0.229146 0.541534
2 0.0590483 0.321791 0.0893805 0.06164 0.533644
7 0.891546 0.316508 0.133672 0.10975 0.527397
2 0.0567966 0.32212 0.0907875 0.061266 0.526024
2 0.58061 0.85712 0.294038 0.22434 0.525298
2 0.0578187 0.322116 0.0917775 0.0621974 0.521175
2 0.580679 0.859546 0.293601 0.230838 0.517816
2 0.0581443 0.322865 0.089862 0.0606426 0.516423
2 0.18076 0.322775 0.0856623 0.0538595 0.50007
2 0.581235 0.863121 0.295129 0.236205 0.497992
2 0.180689 0.322302 0.0857932 0.0535303 0.492604
2 0.059514 0.32247 0.0877577 0.0605532 0.484159
2 0.18089 0.322809 0.0857148 0.053558 0.455093
2 0.0582753 0.321925 0.0901829 0.0615385 0.451968
2 0.180894 0.322403 0.0852561 0.0538603 0.440761
3 0.181071 0.322998 0.0848619 0.052786 0.433262
2 0.312983 0.314458 0.10921 0.0690996 0.432271
7 0.891171 0.316768 0.133302 0.108242 0.423129
2 0.321278 0.323561 0.0928003 0.0593272 0.420035
0 0.7769 0.287833 0.0151106 0.0487944 0.416821
2 0.81357 0.244514 0.0503565 0.031342 0.40303
2 0.0590285 0.322489 0.0884506 0.061615 0.401326
2 0.313143 0.314425 0.109237 0.0729458 0.39394
2 0.81259 0.245088 0.048805 0.0291594 0.388736
0 0.731919 0.294142 0.0216454 0.0556519 0.386143
2 0.312755 0.314122 0.109003 0.0721973 0.381537
2 0.0595798 0.321228 0.0889409 0.0630018 0.380877
2 0.658777 0.484477 0.12465 0.0782129 0.377792
2 0.663867 0.485257 0.115076 0.0751309 0.373179
2 0.660382 0.487065 0.120685 0.0725937 0.372958
7 0.89158 0.316549 0.13319 0.10871 0.365767
2 0.510722 0.323937 0.0944929 0.0532699 0.361666
7 0.891694 0.317181 0.133085 0.107272 0.359927
0 0.776899 0.288244 0.0158171 0.0481585 0.359604
0 0.731497 0.294229 0.0209005 0.0545156 0.351502
7 0.892541 0.314292 0.133143 0.111254 0.350198
2 0.812758 0.24543 0.0480896 0.0284818 0.348521
2 0.31271 0.313654 0.109574 0.0739958 0.34803
0 0.776773 0.287785 0.0151188 0.047061 0.34696
2 0.812264 0.245196 0.0497431 0.0296002 0.346952
0 0.731885 0.294123 0.0210915 0.0541688 0.344241
2 0.658152 0.487564 0.125511 0.0731531 0.333333
2 0.813559 0.246065 0.0501947 0.0292485 0.323922
0 0.759887 0.286919 0.0161704 0.0481417 0.319958
0 0.731976 0.294015 0.0235991 0.0546153 0.318077
2 0.662756 0.488269 0.115372 0.0756945 0.316408
7 0.891246 0.316548 0.132584 0.108334 0.313028
0 0.775971 0.28874 0.0178858 0.0485196 0.302699
7 0.256003 0.768221 0.510905 0.164291 0.302344
0 0.759413 0.287141 0.0175537 0.0477437 0.302084
7 0.891724 0.314457 0.133084 0.111701 0.296961
0 0.732119 0.294483 0.0240047 0.0555675 0.294353
7 0.891021 0.316756 0.133188 0.10812 0.29102
2 0.656353 0.481513 0.129163 0.0865884 0.289308
0 0.759782 0.287203 0.0161407 0.0494543 0.28186
2 0.658525 0.48881 0.124035 0.0753716 0.276537
2 0.0612312 0.324708 0.0835943 0.0573644 0.272752
7 0.256018 0.769083 0.51059 0.169461 0.265677
3 0.18129 0.323273 0.0841229 0.0537474 0.262474
2 0.653309 0.479946 0.1345 0.106036 0.260863
7 0.891576 0.301401 0.133414 0.138406 0.258259
2 0.181226 0.322819 0.0857869 0.0529717 0.250001
7 0.256111 0.769901 0.510557 0.168684 0.245537
2 0.813139 0.244103 0.0501893 0.0322903 0.243598
2 0.81229 0.243506 0.0499624 0.0329478 0.240592
0 0.758796 0.288922 0.02038 0.0508895 0.232288
7 0.256194 0.771238 0.510511 0.171871 0.228893
3 0.182578 0.323092 0.0801192 0.0519017 0.224081
2 0.656096 0.486658 0.128696 0.0753926 0.220325
7 0.255608 0.769532 0.509508 0.170522 0.21231
7 0.253195 0.766944 0.506246 0.159865 0.209127
2 0.814346 0.244893 0.051243 0.0320187 0.207205
0 0.730758 0.294188 0.02243 0.0555057 0.205212
7 0.891106 0.31489 0.132089 0.111084 0.199226
2 0.321969 0.323854 0.0907432 0.0587226 0.197286
7 0.255327 0.770743 0.510598 0.173482 0.196586
7 0.89153 0.309635 0.133228 0.12253 0.192971
2 0.773732 0.378154 0.111212 0.0720843 0.180546
2 0.656242 0.493121 0.129181 0.0866337 0.179799
2 0.0545676 0.323092 0.0886503 0.059048 0.178499
7 0.892358 0.29343 0.131464 0.153328 0.177524
2 0.773629 0.376431 0.111173 0.0672601 0.175789
3 0.182472 0.323203 0.0821075 0.0531648 0.173993
2 0.511491 0.323874 0.0916799 0.0526148 0.170425
2 0.773964 0.380387 0.110904 0.0743252 0.170424
7 0.891068 0.317549 0.132274 0.107647 0.17015
7 0.891811 0.29203 0.132689 0.156779 0.165946
0 0.732296 0.293765 0.0207264 0.0560655 0.16575
0 0.76247 0.287655 0.0198967 0.0492219 0.160005
7 0.255642 0.769291 0.510739 0.172933 0.159633
0 0.852021 0.299058 0.0345222 0.086858 0.158441
2 0.773841 0.37507 0.110936 0.0649818 0.157241
7 0.253036 0.769125 0.50557 0.165357 0.156916
7 0.252469 0.771481 0.503961 0.17065 0.155179
2 0.872401 0.246778 0.0648121 0.0408034 0.153882
2 0.812723 0.243653 0.050231 0.0331037 0.152494
3 0.178871 0.322162 0.0817683 0.0519365 0.152062
2 0.0083283 0.327311 0.0165861 0.0449145 0.148839
9 0.0711677 0.190745 0.0131562 0.0268888 0.14815
2 0.666576 0.489889 0.1006 0.0675114 0.146373
2 0.872447 0.24883 0.0630732 0.0421457 0.145336
0 0.849453 0.305373 0.0414433 0.101828 0.144984
0 0.0915863 0.257602 0.0130311 0.0403886 0.143813
2 0.180906 0.322474 0.0846867 0.0533618 0.142498
2 0.773655 0.38011 0.111265 0.0742171 0.139053
7 0.891052 0.317875 0.132327 0.105429 0.138986
2 0.773184 0.380123 0.111717 0.0747486 0.135917
7 0.891746 0.290579 0.131957 0.160878 0.130624
2 0.773021 0.379597 0.112238 0.0751432 0.129853
0 0.77287 0.28899 0.0229263 0.0504234 0.12148
2 0.812089 0.245413 0.0484314 0.0281796 0.120661
2 0.773687 0.380995 0.10984 0.0755152 0.117348
2 0.773741 0.38198 0.109809 0.0781823 0.114791
2 0.0273675 0.32748 0.0331545 0.0471459 0.111345
0 0.726579 0.294751 0.0237942 0.0543085 0.110616
2 0.0105541 0.32536 0.0209808 0.0480532 0.108253
0 0.767165 0.287388 0.0283467 0.0507137 0.108144
2 0.654392 0.474532 0.133176 0.100217 0.107429
0 0.725746 0.295261 0.0222885 0.0545744 0.106699
7 0.892583 0.2905 0.131863 0.159461 0.106652
0 0.0945978 0.257594 0.0168606 0.0402802 0.106338
0 0.852126 0.295981 0.0332424 0.0744938 0.105899
2 0.00960618 0.327097 0.0191846 0.0472227 0.103704
3 0.180764 0.322465 0.0851395 0.0531333 0.103518
2 0.872671 0.246898 0.0602043 0.0433026 0.101326
2 0.877209 0.247007 0.0749149 0.0450366 0.100194
7 0.891074 0.314095 0.130403 0.112186 0.0992134
0 0.852361 0.296813 0.0349518 0.0777397 0.0986375
3 0.181692 0.324369 0.0829673 0.0520069 0.0980156
0 0.849371 0.311213 0.0415665 0.107279 0.0917062
0 0.764231 0.289944 0.0307266 0.0528035 0.0916477
2 0.0245901 0.326726 0.0382885 0.0474191 0.0897994
2 0.663691 0.488121 0.10787 0.070541 0.088577
2 0.880212 0.235377 0.0413734 0.0187378 0.0884374
2 0.811907 0.24289 0.0500351 0.0330946 0.0862349
0 0.774465 0.28855 0.0196289 0.0496198 0.0858801
2 0.87529 0.246115 0.0632416 0.039061 0.0845764
2 0.00929755 0.324316 0.0185394 0.047415 0.0816419
2 0.00815273 0.327955 0.0162047 0.0453396 0.0814412
0 0.232133 0.284889 0.0120333 0.0266912 0.0812254
2 0.773224 0.382191 0.110251 0.0796563 0.0803577
0 0.82826 0.26703 0.0206961 0.0456016 0.0770248
2 0.785301 0.358128 0.0760587 0.0286798 0.0760854
0 0.77004 0.28791 0.0256482 0.0496611 0.0758185
2 0.629463 0.461813 0.0812896 0.0616003 0.074539
2 0.65428 0.479573 0.132973 0.109123 0.073408
0 0.847807 0.310392 0.0444347 0.105932 0.0733474
0 0.852424 0.290552 0.0337929 0.0596657 0.0733363
2 0.77335 0.378742 0.110888 0.0705368 0.0731747
2 0.628844 0.459331 0.0812643 0.0689337 0.0729452
0 0.852772 0.290163 0.0324223 0.0592764 0.0728941
2 0.882348 0.246022 0.0844837 0.0446393 0.07239
2 0.0288904 0.326923 0.0357479 0.045331 0.0715734
2 0.319995 0.323466 0.0934458 0.0571906 0.0715572
0 0.724953 0.295267 0.0223965 0.0529703 0.0710884
2 0.784192 0.357719 0.0748386 0.0290513 0.0695465
9 0.199666 0.154882 0.0149242 0.0291327 0.0690268
0 0.853747 0.283343 0.0323824 0.0481221 0.0689886
2 0.668461 0.492823 0.0958432 0.0633641 0.0672778
2 0.315053 0.289004 0.0548945 0.0239634 0.0654924
0 0.0910072 0.257139 0.013174 0.0391573 0.0632263
3 0.191849 0.328205 0.0621806 0.0437528 0.061069
0 0.717748 0.295204 0.0160395 0.0519294 0.061017
0 0.203632 0.290673 0.0157978 0.0257805 0.0601717
0 0.737389 0.293999 0.0204589 0.0479779 0.0597721
2 0.62828 0.45909 0.0820311 0.0704012 0.0578503
0 0.827719 0.267645 0.0200588 0.0469547 0.0573846
2 0.0629411 0.322774 0.0794881 0.0595642 0.0570655
0 0.493035 0.269001 0.0149364 0.0319002 0.0565402
2 0.652216 0.477181 0.133711 0.101907 0.0560097
2 0.783765 0.358355 0.0745348 0.029237 0.0558094
2 0.888319 0.234221 0.0274324 0.017107 0.0550415
0 0.232289 0.28564 0.0126485 0.0297572 0.0547368
0 0.853618 0.291462 0.0356375 0.0704616 0.0546953
2 0.0247879 0.327186 0.0355724 0.0469716 0.0545376
9 0.0717166 0.193349 0.014538 0.0315949 0.0537712
2 0.872074 0.248905 0.064957 0.0411003 0.0521223
2 0.167768 0.3211 0.0611787 0.0494175 0.0521083
0 0.849897 0.313016 0.0427471 0.11002 0.0509154
2 0.895716 0.241888 0.0908657 0.0477411 0.0505496
2 0.0213931 0.32468 0.0427862 0.0498631 0.0495016
2 0.88979 0.243617 0.102435 0.0494264 0.0491172
2 0.627608 0.462893 0.0832624 0.0845019 0.0487343
3 0.202408 0.325672 0.040011 0.0437377 0.0482149
2 0.0289235 0.3244 0.0385365 0.0484594 0.0472589
2 0.0591394 0.325899 0.0867624 0.0548756 0.0453871
2 0.81438 0.243134 0.0512547 0.0367089 0.0444191
2 0.783085 0.358682 0.0655453 0.026067 0.0444104
0 0.848593 0.30917 0.0440092 0.105477 0.0441475
2 0.312975 0.289134 0.0538543 0.0244056 0.0434355
0 0.203631 0.289117 0.0150716 0.0239775 0.0432736
2 0.630385 0.464774 0.0769585 0.0549486 0.0432356
7 0.250055 0.768509 0.499376 0.159969 0.0431364
2 0.00776027 0.329864 0.0155205 0.0437116 0.0430881
2 0.62821 0.468218 0.0829279 0.0951227 0.042574
0 0.852947 0.298816 0.0378754 0.0890447 0.0422327
2 0.874126 0.247814 0.0612352 0.0392274 0.0418908
0 0.730352 0.93316 0.0337109 0.132537 0.0417312
0 0.750735 0.292917 0.0262127 0.0573825 0.0412523
0 0.854335 0.285942 0.035111 0.0599975 0.0401857
0 0.491881 0.269641 0.0149865 0.0312653 0.0400215
0 0.827894 0.26569 0.0232891 0.0494135 0.0396582
0 0.735612 0.392535 0.0308348 0.0508475 0.0393155
0 0.763015 0.286774 0.0210074 0.0542067 0.0390861
2 0.787338 0.357592 0.0859816 0.0288974 0.0389547
0 0.0663354 0.215553 0.0105474 0.0306794 0.0384118
3 0.18924 0.318557 0.0554533 0.0436207 0.0382436
0 0.744346 0.293936 0.0225462 0.0496248 0.0381264
0 0.730295 0.933428 0.03379 0.133028 0.0376797
0 0.0296775 0.271366 0.0136334 0.0429983 0.0375694
0 0.00639471 0.524216 0.012625 0.0297876 0.037549
2 0.664279 0.488802 0.0952782 0.0649698 0.0374557
2 0.654132 0.471785 0.13412 0.101888 0.0370363
0 0.852577 0.272939 0.0292706 0.0506173 0.0358733
0 0.181942 0.315296 0.0328497 0.0371791 0.0357
0 0.743356 0.294584 0.0295351 0.053768 0.0353491
7 0.892343 0.312475 0.131701 0.114623 0.0348605
0 0.00672747 0.524729 0.0133664 0.0310131 0.0347186
2 0.31288 0.318068 0.110526 0.0680419 0.0345148
0 0.0913542 0.256843 0.0131118 0.0403152 0.0339131
0 0.729706 0.933111 0.0348102 0.132985 0.0338753
2 0.653991 0.500033 0.131073 0.0945173 0.033755
2 0.630802 0.471557 0.0888813 0.0984067 0.0327505
7 0.893799 0.293543 0.123272 0.150961 0.0322442
0 0.743686 0.29479 0.0198816 0.0467671 0.0321572
2 0.857724 0.252623 0.0357796 0.0381031 0.0319396
0 0.734147 0.393186 0.0286627 0.0492233 0.0318784
2 0.0236648 0.328317 0.0317152 0.0462554 0.0309838
0 0.829379 0.25855 0.0200802 0.0294816 0.030587
2 0.511335 0.324137 0.0923984 0.0531677 0.0301843
2 0.993423 0.326879 0.012413 0.0230224 0.0299021
0 0.992148 0.260629 0.0149363 0.0597159 0.0298513
3 0.206299 0.327048 0.0346242 0.0378628 0.0295284
2 0.782642 0.357872 0.0709099 0.029363 0.0293667
0 0.728941 0.933163 0.0362631 0.133171 0.0290859
2 0.0804531 0.316013 0.0420664 0.0468248 0.0279904
2 0.653671 0.500735 0.132436 0.0950027 0.027836
0 0.494355 0.267823 0.017267 0.0334305 0.0276687
0 0.102719 0.261672 0.0154548 0.0346744 0.0269501
0 0.991207 0.265027 0.0167263 0.0578759 0.0261057
2 0.0823896 0.315356 0.0387728 0.0438365 0.0260492
0 0.0667251 0.210108 0.0119383 0.0335636 0.0260447
0 0.730308 0.938473 0.0331081 0.122579 0.0260402
2 0.0666401 0.315573 0.0719092 0.0530842 0.0259597
0 0.991939 0.263233 0.0153393 0.0548699 0.0257513
2 0.313928 0.288923 0.0519137 0.023537 0.0254582
12 0.418775 0.608021 0.018093 0.0649185 0.0253286
2 0.312975 0.32333 0.108134 0.0579948 0.025205
2 0.813994 0.244798 0.0551863 0.0372621 0.0244427
2 0.652905 0.495784 0.135072 0.107279 0.0224609
2 0.993397 0.325639 0.0124268 0.0273653 0.0224374
9 0.201595 0.155707 0.014832 0.0303626 0.0222577
2 0.317106 0.289511 0.0439944 0.0230518 0.0221096
12 0.418897 0.605621 0.0176772 0.0602455 0.0216393
2 0.78603 0.358137 0.088978 0.028914 0.0214785
7 0.256551 0.768997 0.513101 0.171696 0.0210651
3 0.20424 0.329021 0.0380201 0.0404312 0.0208838
3 0.170868 0.321741 0.0651861 0.0512276 0.0208368
2 0.809274 0.242919 0.0599573 0.0300117 0.0207848
0 0.826892 0.269858 0.0205776 0.0454231 0.0207333
0 0.0645196 0.213292 0.0126268 0.0298845 0.0203976
2 0.0652362 0.302397 0.0550248 0.0333077 0.0201262
3 0.166939 0.320698 0.0592519 0.0491456 0.0201194
2 0.90952 0.239613 0.0616835 0.0449387 0.0199883
2 0.0586484 0.297588 0.0451976 0.02392 0.0199067
2 0.314324 0.289469 0.0512132 0.0234757 0.0199007
2 0.297415 0.309556 0.0771233 0.065007 0.0197473
