2 0.307308 0.392818 0.103977 0.0930598 0.776708
2 0.307032 0.392264 0.103963 0.0931349 0.773441
2 0.307662 0.392783 0.104271 0.0931346 0.772721
2 0.307083 0.392527 0.105105 0.0929794 0.755895
2 0.30719 0.392357 0.104047 0.093433 0.748466
2 0.307151 0.392149 0.104871 0.0925623 0.735152
2 0.622692 0.218439 0.0466974 0.0492212 0.732301
2 0.307426 0.392739 0.104368 0.0931809 0.727886
2 0.308139 0.392491 0.105033 0.0930074 0.701459
2 0.307234 0.392473 0.103043 0.0935656 0.689823
2 0.623154 0.218226 0.0473217 0.0483734 0.679409
2 0.623163 0.218193 0.0461857 0.0488214 0.661188
2 0.623011 0.218504 0.0473208 0.049231 0.650757
2 0.622986 0.218314 0.0460489 0.0486819 0.645966
2 0.62316 0.218515 0.0467886 0.048973 0.640181
2 0.730631 0.146982 0.0240356 0.0273906 0.638792
2 0.623702 0.218314 0.0472718 0.0486619 0.63554
2 0.802988 0.200744 0.03181 0.0361536 0.63103
2 0.8026 0.20199 0.0309172 0.0338402 0.620799
2 0.622678 0.218644 0.0468751 0.049524 0.608771
2 0.670611 0.219068 0.0454513 0.0479161 0.608512
2 0.669828 0.218571 0.0449509 0.0470506 0.595299
2 0.803055 0.201216 0.0314426 0.0354568 0.567857
2 0.802573 0.201138 0.0315168 0.0361185 0.566848
2 0.622621 0.218641 0.0466964 0.049403 0.55736
2 0.670708 0.219086 0.0459507 0.0468223 0.555402
2 0.623029 0.218317 0.0471176 0.0498352 0.550139
2 0.66901 0.219045 0.0433918 0.0472332 0.548039
2 0.669998 0.219106 0.0464644 0.0474178 0.545014
2 0.802541 0.2017 0.0306007 0.0346909 0.533636
2 0.0835496 0.0924295 0.0706598 0.0295449 0.504924
2 0.77126 0.111656 0.0312211 0.0261808 0.498342
2 0.771715 0.112326 0.0323287 0.0258387 0.490621
2 0.670781 0.218444 0.0446524 0.0472981 0.489631
2 0.730642 0.146262 0.0244865 0.0292379 0.485452
5 0.973869 0.188068 0.0507359 0.0693363 0.485269
2 0.773653 0.112559 0.0290737 0.0255667 0.47886
2 0.802821 0.203548 0.0308832 0.0331555 0.477483
2 0.872594 0.16071 0.0268593 0.0342119 0.475555
2 0.860309 0.196621 0.0299635 0.0400431 0.461052
2 0.0837723 0.0915365 0.0701993 0.0289076 0.45941
2 0.872682 0.159446 0.0276867 0.0331183 0.45534
2 0.669626 0.218607 0.0443213 0.0471696 0.454974
2 0.717763 0.116082 0.0205917 0.0298748 0.450885
2 0.669219 0.218565 0.0458771 0.0477606 0.44961
2 0.860414 0.197623 0.0307758 0.0367122 0.449118
5 0.974647 0.189357 0.0500275 0.0722168 0.447933
2 0.860166 0.201349 0.0296316 0.0305431 0.447184
2 0.0837568 0.0927319 0.0702322 0.0302756 0.443081
2 0.671769 0.218323 0.0467455 0.046408 0.439028
2 0.769863 0.112538 0.0293755 0.028772 0.427632
2 0.860193 0.194449 0.0311512 0.0436546 0.427268
2 0.803756 0.200103 0.0320407 0.0375253 0.419857
2 0.62262 0.218791 0.0457746 0.0496771 0.410739
2 0.901769 0.112784 0.0171463 0.0255124 0.406587
2 0.718086 0.116533 0.0228191 0.029181 0.392634
2 0.6685 0.219728 0.0424232 0.0464419 0.391022
2 0.90242 0.110145 0.0188862 0.0311673 0.388329
2 0.771051 0.112 0.0305323 0.0262445 0.362773
2 0.872245 0.159863 0.0257021 0.033627 0.362182
2 0.0826146 0.0923548 0.0736687 0.0309383 0.346397
2 0.866739 0.112762 0.0192326 0.0269482 0.33366
2 0.670103 0.219046 0.0449757 0.047418 0.333646
2 0.860291 0.194757 0.031889 0.0410715 0.32683
2 0.717912 0.116069 0.0207455 0.0295588 0.326385
67 0.784906 0.768093 0.132189 0.246428 0.324102
2 0.859929 0.19631 0.0318333 0.0377038 0.323587
2 0.670263 0.218737 0.0441084 0.0478889 0.323564
2 0.0826951 0.0923033 0.0725968 0.0310532 0.301044
2 0.871962 0.160741 0.0255865 0.0343127 0.299545
2 0.0824136 0.093009 0.0685882 0.0321492 0.274943
67 0.785127 0.765979 0.129583 0.246514 0.272678
2 0.804254 0.200492 0.0349292 0.0381128 0.265311
2 0.802436 0.202835 0.0301224 0.0343173 0.259135
5 0.971489 0.217382 0.0557732 0.131911 0.254738
2 0.770835 0.111489 0.0332115 0.0271232 0.253462
2 0.0807355 0.0937259 0.0751028 0.0345112 0.253404
2 0.804123 0.201351 0.0344928 0.0364818 0.228835
2 0.803401 0.19722 0.0337857 0.0444203 0.21968
2 0.931604 0.102913 0.0180765 0.0173689 0.218332
5 0.97257 0.217798 0.0540401 0.129854 0.215989
67 0.78494 0.765601 0.129238 0.245993 0.214089
5 0.971594 0.217905 0.0563126 0.132026 0.210703
5 0.973235 0.191784 0.0528461 0.0775654 0.209608
2 0.861164 0.190307 0.0334269 0.0483779 0.209587
2 0.0837661 0.0907407 0.0692489 0.0275958 0.208873
2 0.789594 0.0660592 0.0288786 0.029689 0.195621
2 0.730769 0.147824 0.0245884 0.029733 0.195128
2 0.78462 0.765855 0.128593 0.245223 0.186812
2 0.866917 0.112599 0.0197792 0.0275286 0.185298
2 0.862026 0.190142 0.0362171 0.0489978 0.185018
2 0.78506 0.768464 0.12968 0.252938 0.182381
67 0.784288 0.76833 0.133402 0.247163 0.181188
5 0.974326 0.193808 0.0500191 0.0683706 0.179718
2 0.771103 0.11202 0.0331573 0.0259447 0.178857
2 0.872365 0.158177 0.0267262 0.0318037 0.169454
2 0.716157 0.115998 0.0223589 0.0307275 0.163483
67 0.785246 0.766126 0.12826 0.248615 0.157441
2 0.789272 0.0655047 0.02784 0.0279019 0.155642
2 0.731886 0.146567 0.0267027 0.0292915 0.154008
5 0.973238 0.189189 0.0524189 0.0754455 0.153816
2 0.0687108 0.0957461 0.103341 0.0379049 0.152649
2 0.080536 0.0946169 0.0776361 0.0370121 0.15228
5 0.972741 0.217512 0.0540175 0.130517 0.147755
0 0.00938089 0.0990116 0.0186649 0.0306551 0.147375
2 0.784732 0.7657 0.128194 0.249427 0.146475
0 0.00970069 0.0986888 0.0193 0.0325219 0.143925
0 0.0341867 0.0923129 0.0242641 0.0379808 0.14374
67 0.785025 0.766808 0.127763 0.247727 0.141029
2 0.872824 0.158512 0.026651 0.0329158 0.136022
2 0.0772735 0.0955088 0.0852189 0.0371055 0.135873
5 0.969489 0.254245 0.0560894 0.0564876 0.135193
2 0.788569 0.0901108 0.0206717 0.0218973 0.133741
2 0.789262 0.0655162 0.0278645 0.0286681 0.128205
2 0.969735 0.253936 0.0567631 0.0561819 0.128001
5 0.968968 0.254414 0.055352 0.0554828 0.124623
0 0.0334703 0.0941692 0.0236249 0.0351827 0.124594
2 0.901954 0.112418 0.0179319 0.0263264 0.12428
67 0.946637 0.919016 0.105817 0.160657 0.121974
5 0.973429 0.204026 0.0526531 0.1023 0.121321
2 0.789784 0.0684379 0.0273667 0.0314939 0.120665
2 0.867989 0.111103 0.021945 0.0280895 0.117087
5 0.970412 0.254536 0.0563431 0.0600518 0.116869
2 0.775991 0.111293 0.0394874 0.0279405 0.11159
0 0.0334674 0.0942211 0.0230554 0.0349177 0.111549
5 0.97493 0.194145 0.0495625 0.0663899 0.110857
2 0.730562 0.14628 0.0256975 0.0292252 0.107189
5 0.969719 0.254208 0.0568438 0.0569961 0.104758
2 0.789907 0.0658864 0.0288139 0.0287321 0.103929
2 0.969535 0.253706 0.056543 0.0542484 0.103929
2 0.803241 0.197274 0.0330624 0.0417344 0.0987434
2 0.788946 0.090002 0.0210305 0.0212172 0.0952721
2 0.902218 0.111023 0.019154 0.0284007 0.0942309
5 0.973625 0.187086 0.0514908 0.0674813 0.0912976
6 0.503064 0.508927 0.941945 0.97256 0.0900448
67 0.941995 0.919054 0.114251 0.161138 0.0870285
5 0.973874 0.186327 0.0506124 0.0659632 0.0867137
2 0.730744 0.147975 0.0250719 0.0326616 0.0866529
2 0.624235 0.217943 0.0463923 0.0482716 0.0858563
2 0.0639258 0.0954277 0.10952 0.0382386 0.0852061
5 0.96937 0.254083 0.0556812 0.0563323 0.0818776
2 0.716524 0.115786 0.0229914 0.0310128 0.081452
2 0.968989 0.253142 0.0551792 0.0543496 0.0783079
2 0.716749 0.116619 0.0202843 0.0317564 0.0760283
2 0.731519 0.146511 0.0273497 0.0307322 0.0754721
5 0.972328 0.217794 0.054826 0.134917 0.0745581
6 0.48508 0.510702 0.923731 0.96786 0.0725095
5 0.93718 0.0882663 0.0295605 0.0273128 0.0709659
67 0.943861 0.919245 0.110892 0.161103 0.0703353
2 0.904171 0.108806 0.0230181 0.0315687 0.0702168
5 0.974021 0.186139 0.0511906 0.0664118 0.0697913
2 0.90687 0.0717575 0.0236046 0.0266565 0.0657918
0 0.0503521 0.0670621 0.0553991 0.0864649 0.0651349
0 0.00876443 0.0946111 0.0174729 0.0385008 0.0635657
5 0.974607 0.191965 0.050301 0.080421 0.0631586
0 0.0105753 0.0988778 0.0210258 0.0352766 0.0624038
2 0.825823 0.0841353 0.0203033 0.0214698 0.0617301
6 0.517372 0.506878 0.895939 0.976906 0.0611786
2 0.944465 0.0802397 0.0161732 0.0265898 0.0580611
0 0.533974 0.0216648 0.0209846 0.0209234 0.0574021
2 0.730588 0.146652 0.025829 0.0283741 0.056313
2 0.720282 0.1157 0.0266964 0.0312051 0.0559061
0 0.53476 0.0220935 0.0236946 0.0228069 0.0552055
2 0.865911 0.11322 0.0222908 0.0285688 0.053857
2 0.789602 0.0792848 0.026469 0.0308966 0.0534555
0 0.534556 0.0235414 0.0234611 0.0229031 0.0521887
2 0.867224 0.16422 0.036261 0.0411475 0.0510322
67 0.941012 0.91912 0.116203 0.160894 0.0506946
2 0.933463 0.0956845 0.0230907 0.0303811 0.0503412
2 0.770801 0.104349 0.0327844 0.0374933 0.0495143
0 0.0101585 0.0984126 0.0201756 0.0362522 0.0488981
0 0.0396017 0.0943058 0.034915 0.0349007 0.0485116
5 0.973361 0.189414 0.0526741 0.0752574 0.0469046
2 0.802092 0.20152 0.0330704 0.036831 0.045214
5 0.988535 0.097193 0.0223682 0.192647 0.0444468
0 0.0626732 0.0628267 0.0302184 0.0765218 0.043565
2 0.82455 0.0823114 0.0173479 0.019342 0.0430667
6 0.503807 0.521411 0.956447 0.955158 0.0415799
2 0.935233 0.0951547 0.0299221 0.0340887 0.0415174
2 0.0839563 0.0958819 0.072044 0.0375551 0.0401999
0 0.535159 0.0249649 0.0245671 0.0260614 0.0390267
2 0.848581 0.0690208 0.0239853 0.0177504 0.0385245
7 0.0400816 0.0706423 0.0799939 0.0867171 0.038299
0 0.0438785 0.0922627 0.0441405 0.0386141 0.0378049
2 0.785161 0.7692 0.127788 0.241459 0.037536
7 0.0401074 0.0699157 0.0796623 0.0862437 0.037442
2 0.90517 0.106776 0.0224003 0.0384269 0.0365317
5 0.971021 0.22665 0.0573452 0.118096 0.0361806
6 0.50859 0.518315 0.953237 0.961812 0.0356527
6 0.467723 0.500674 0.781638 0.967428 0.0345199
2 0.79199 0.0669383 0.0335358 0.0307321 0.0345081
0 0.0415889 0.094472 0.0394945 0.0364035 0.0343993
2 0.851226 0.0657599 0.0221935 0.0173927 0.0337397
2 0.0797626 0.0922238 0.0721816 0.0313857 0.0337154
2 0.7887 0.0756855 0.0273581 0.0481792 0.0335556
0 0.13172 0.0793158 0.0175967 0.0251405 0.0335092
2 0.0654533 0.0952118 0.105252 0.0374161 0.0329281
2 0.769726 0.105734 0.0360136 0.0403585 0.032573
5 0.357425 0.0315548 0.0979906 0.0631095 0.032558
0 0.010529 0.099254 0.0207266 0.0316897 0.0325199
6 0.459459 0.500547 0.80764 0.967739 0.0316557
2 0.158416 0.0832038 0.0489162 0.0165518 0.0312636
2 0.306476 0.393399 0.107487 0.094754 0.0310953
2 0.673262 0.216392 0.0466811 0.0406731 0.0300857
2 0.945087 0.0746668 0.0130627 0.0221888 0.029476
56 0.957429 0.918433 0.0839703 0.161723 0.0291118
2 0.865737 0.111503 0.0228676 0.0297089 0.0286398
2 0.790642 0.0770024 0.0295022 0.0467169 0.028614
2 0.664816 0.224573 0.0367353 0.0423138 0.0285904
5 0.98854 0.0974926 0.0223648 0.194985 0.028497
2 0.938008 0.0861335 0.0279711 0.021712 0.0281838
2 0.272065 0.0606848 0.0268861 0.0136577 0.0280505
2 0.792476 0.0689979 0.0337907 0.0319986 0.0277035
2 0.308555 0.392677 0.106257 0.0937777 0.0272804
0 0.0609647 0.0612623 0.0340883 0.0768303 0.0269464
6 0.203751 0.0696985 0.404828 0.128032 0.0259552
5 0.97506 0.172776 0.0492954 0.226235 0.0258634
67 0.957546 0.919267 0.0838673 0.160301 0.0256382
2 0.33125 0.0516338 0.0383891 0.0226228 0.0256093
0 0.0109937 0.10091 0.0218212 0.0398203 0.0254825
0 0.00990473 0.104436 0.0198014 0.0457506 0.0253177
2 0.797724 0.082442 0.0369019 0.02646 0.0252091
5 0.989009 0.106954 0.0213615 0.213813 0.0251848
2 0.331687 0.0508851 0.037512 0.0216347 0.02487
2 0.807957 0.100306 0.0218893 0.0255965 0.023898
6 0.511209 0.500668 0.780333 0.970014 0.0236577
2 0.835131 0.0751605 0.0438667 0.0392696 0.0235189
2 0.804806 0.197039 0.0356873 0.0434521 0.0234088
0 0.534749 0.03008 0.0257238 0.0356745 0.0233504
0 0.0632306 0.0530244 0.0262087 0.0565493 0.0232684
2 0.808587 0.0948474 0.0238777 0.0234052 0.0231219
5 0.970435 0.252826 0.0549726 0.0532685 0.0230568
2 0.0719246 0.0937725 0.0821849 0.0352738 0.0229191
0 0.533929 0.0261431 0.0249443 0.0295165 0.0216114
2 0.856925 0.0600689 0.0161856 0.0207907 0.0215767
61 0.957461 0.91945 0.0846132 0.161101 0.0211064
0 0.0488538 0.0906037 0.054717 0.0393474 0.0210641
0 0.0483993 0.081053 0.0579138 0.0588321 0.0209572
2 0.866242 0.177482 0.0407978 0.061182 0.0209308
2 0.779852 0.112986 0.03619 0.0275688 0.0208798
67 0.947204 0.918972 0.10466 0.161601 0.0208419
6 0.215234 0.0669846 0.423787 0.128799 0.0208406
0 0.533691 0.0209529 0.0241474 0.0297384 0.0204105
5 0.35726 0.031897 0.0969222 0.0623475 0.0203952
0 0.967173 0.0675339 0.0111866 0.0143663 0.0203677
5 0.9743 0.206731 0.0495478 0.0440302 0.0203388
6 0.203508 0.069059 0.39956 0.130276 0.0202043
5 0.971108 0.221543 0.0573048 0.132438 0.0202035
5 0.358091 0.032288 0.0993293 0.0645761 0.0201849
5 0.974877 0.20656 0.0493938 0.0467363 0.0201028
5 0.357275 0.0316637 0.0977767 0.0626625 0.0200853
2 0.913471 0.0759608 0.0346802 0.0393493 0.0199591
2 0.156826 0.0827299 0.0582904 0.0156655 0.0197806
2 0.720673 0.116027 0.0270136 0.0303708 0.019573
2 0.271483 0.0607213 0.0269309 0.0133926 0.0195335
2 0.846556 0.0608088 0.0184128 0.0198469 0.0194745
2 0.869411 0.159871 0.0338394 0.0369992 0.0191412
67 0.957661 0.91894 0.0836742 0.161158 0.0189777
0 0.0641636 0.0540074 0.0290362 0.0607694 0.0187551
2 0.902443 0.10671 0.0234913 0.0374647 0.0186121
0 0.0407148 0.0672482 0.0804173 0.085399 0.0182315
67 0.957038 0.919165 0.0848415 0.161584 0.0180548
7 0.0398507 0.0680171 0.0793138 0.0792668 0.0179855
67 0.950286 0.919064 0.0981205 0.160836 0.0179841
2 0.673185 0.21719 0.047778 0.0448989 0.0176716
6 0.205758 0.0647346 0.402786 0.127674 0.0176367
2 0.0600793 0.0997383 0.118123 0.0468019 0.0175569
67 0.957568 0.919081 0.0843803 0.16107 0.0174847
5 0.98038 0.146736 0.0387669 0.282652 0.0172969
2 0.667537 0.221144 0.0428919 0.048876 0.0171635
2 0.832894 0.082102 0.0253677 0.0245138 0.0170218
5 0.358055 0.0310044 0.0972563 0.0619165 0.0169611
2 0.784062 0.751445 0.134194 0.285612 0.0169458
13 0.0600173 0.101093 0.118463 0.0489107 0.0168829
0 0.819156 0.0723855 0.0139061 0.0315183 0.0165821
2 0.62271 0.217898 0.0480549 0.049568 0.0164842
6 0.556247 0.505895 0.8149 0.969032 0.0163428
67 0.784367 0.769746 0.133403 0.248307 0.0163033
2 0.332552 0.0499006 0.039934 0.0233054 0.0162698
67 0.957622 0.919391 0.0841888 0.160511 0.0160327
2 0.90702 0.0796923 0.0225201 0.0323778 0.0160098
7 0.0401149 0.0687686 0.0797666 0.08397 0.0158865
2 0.0601191 0.103582 0.11951 0.0532453 0.0156487
5 0.974085 0.198499 0.050486 0.0575015 0.0156111
2 0.867806 0.0581961 0.0147854 0.0167919 0.0153948
2 0.810985 0.0899539 0.0234669 0.0238246 0.0152696
5 0.988481 0.102672 0.0224236 0.205345 0.0152178
7 0.0408202 0.068666 0.0812574 0.087295 0.0151503
6 0.470203 0.51251 0.907391 0.962377 0.0149584
2 0.909902 0.107586 0.0302399 0.0298668 0.0149298
2 0.827684 0.0853178 0.020681 0.0213905 0.0149211
5 0.904854 0.0936965 0.0234932 0.0383682 0.0147843
2 0.0596772 0.0848966 0.118599 0.0602387 0.0142624
2 0.900973 0.0719076 0.0182602 0.0223683 0.0139337
5 0.972498 0.229173 0.0544395 0.102036 0.0139137
5 0.938596 0.0761783 0.0287281 0.0433026 0.0137107
2 0.844699 0.0809883 0.0271839 0.0269583 0.0136968
2 0.865206 0.0636217 0.0216 0.0187402 0.0134262
43 0.741733 0.663747 0.0670504 0.183819 0.0133244
6 0.198956 0.073301 0.395897 0.121003 0.0132437
