5 0.875042 0.416 0.248974 0.646411 0.849368
5 0.875488 0.423621 0.248271 0.643109 0.826771
5 0.874826 0.426476 0.248905 0.645834 0.814779
5 0.874451 0.419792 0.249397 0.634114 0.801849
2 0.881267 0.746213 0.2351 0.359351 0.791838
5 0.874152 0.411225 0.250228 0.636662 0.788836
2 0.881348 0.745496 0.234509 0.358016 0.787991
5 0.875169 0.410178 0.248336 0.61349 0.782393
2 0.881997 0.744927 0.235202 0.358599 0.758888
5 0.87437 0.413556 0.249804 0.634397 0.719611
2 0.881679 0.745354 0.235475 0.358197 0.694858
2 0.881724 0.746101 0.234632 0.357101 0.655425
2 0.881238 0.74673 0.235478 0.358259 0.648772
2 0.881608 0.745795 0.236441 0.360201 0.646726
67 0.523709 0.730254 0.135858 0.325595 0.642277
5 0.873704 0.410463 0.25161 0.673713 0.618424
67 0.52348 0.73156 0.135126 0.327068 0.616572
5 0.744039 0.396281 0.121436 0.179568 0.60466
67 0.5233 0.730051 0.135212 0.323675 0.592039
5 0.874483 0.409865 0.250161 0.674344 0.571471
5 0.743753 0.397074 0.122227 0.17859 0.561611
5 0.743221 0.397214 0.122181 0.17726 0.559373
5 0.87355 0.412643 0.25153 0.680149 0.550635
5 0.743914 0.397146 0.121874 0.179772 0.535439
5 0.74428 0.396002 0.120545 0.179856 0.519951
5 0.743694 0.396466 0.121399 0.179421 0.512569
0 0.937498 0.106714 0.0225342 0.0678704 0.471829
0 0.937452 0.106732 0.0232464 0.0677608 0.44988
0 0.871911 0.114218 0.0178494 0.041157 0.449227
5 0.743921 0.395464 0.120553 0.17993 0.441875
2 0.881675 0.745305 0.233774 0.357804 0.441392
5 0.743784 0.395811 0.121876 0.179003 0.438817
67 0.523573 0.731112 0.136781 0.322773 0.433915
2 0.881968 0.745288 0.233594 0.358017 0.432706
0 0.872056 0.114257 0.0182085 0.0408936 0.412763
5 0.622535 0.363411 0.0906679 0.152701 0.396163
0 0.937578 0.107094 0.0228043 0.0685147 0.393119
0 0.937423 0.1069 0.0233757 0.0681893 0.383896
5 0.486996 0.370557 0.078978 0.168979 0.38036
0 0.937564 0.106309 0.0221451 0.0671732 0.362831
2 0.623856 0.361847 0.0893779 0.151676 0.360758
5 0.486807 0.371577 0.0793544 0.16929 0.357424
2 0.671065 0.551625 0.111718 0.198947 0.354431
2 0.670679 0.551254 0.1115 0.198503 0.352269
2 0.624049 0.361996 0.0881294 0.151607 0.352098
2 0.623296 0.362275 0.0893671 0.151192 0.345509
0 0.937176 0.106764 0.0229198 0.068028 0.345148
67 0.523307 0.73089 0.136112 0.322333 0.33556
2 0.670756 0.551213 0.112749 0.199957 0.332493
5 0.486672 0.37074 0.0796764 0.169311 0.327164
67 0.522572 0.730619 0.135859 0.32113 0.326188
5 0.744825 0.395296 0.119692 0.178091 0.326031
67 0.523108 0.730894 0.135493 0.321591 0.32557
5 0.486731 0.371244 0.0803232 0.169768 0.323852
2 0.623565 0.362297 0.0884277 0.151661 0.323137
5 0.743989 0.39783 0.12092 0.178774 0.317698
0 0.937409 0.106585 0.0223927 0.0676634 0.317145
2 0.623409 0.363083 0.0895353 0.151052 0.299608
2 0.623946 0.362521 0.0895016 0.151714 0.295567
0 0.937916 0.106376 0.0218523 0.0675685 0.283122
0 0.937791 0.107359 0.0220848 0.0683029 0.280731
2 0.67064 0.550738 0.112236 0.199178 0.280678
0 0.872258 0.114442 0.0191999 0.0413934 0.268671
67 0.522906 0.730113 0.136664 0.319691 0.256313
2 0.670689 0.551209 0.112633 0.201476 0.237873
7 0.670821 0.551635 0.11305 0.20194 0.232967
5 0.48643 0.370756 0.0805174 0.168083 0.232206
67 0.523119 0.731371 0.135313 0.321907 0.226016
0 0.872972 0.114587 0.0194731 0.0435341 0.224131
0 0.873195 0.114713 0.019746 0.0434426 0.218215
2 0.880525 0.747438 0.236899 0.356748 0.217004
5 0.486998 0.369436 0.0792237 0.168026 0.216681
9 0.125437 0.0126814 0.0172185 0.0253628 0.216133
5 0.487011 0.368834 0.0796213 0.165142 0.210759
0 0.858706 0.0434057 0.021925 0.0508788 0.202288
0 0.858165 0.0418084 0.0184177 0.0491167 0.199166
0 0.401312 0.0493953 0.023305 0.078822 0.186963
5 0.486795 0.370296 0.0794184 0.168345 0.186883
5 0.622397 0.362831 0.0907539 0.152561 0.185701
5 0.487151 0.371516 0.0791841 0.169209 0.181707
0 0.873007 0.114683 0.0195747 0.0429075 0.177435
5 0.486686 0.368956 0.0801967 0.165486 0.17657
2 0.670126 0.551089 0.111596 0.199046 0.175098
2 0.624183 0.362185 0.0879486 0.152472 0.172204
9 0.124926 0.0125202 0.0186951 0.0250405 0.166001
0 0.937245 0.106966 0.0229113 0.0696958 0.165923
67 0.523571 0.74135 0.132964 0.311172 0.164044
2 0.669081 0.559198 0.116465 0.215931 0.159917
0 0.872144 0.113449 0.0187975 0.0428685 0.156763
9 0.125212 0.012641 0.0175218 0.0252819 0.154404
0 0.858933 0.043717 0.0231632 0.0522285 0.154173
0 0.402031 0.0492427 0.0242636 0.081712 0.153982
0 0.937556 0.103942 0.0213276 0.0626362 0.133065
0 0.601861 0.151578 0.0229858 0.0713928 0.132063
9 0.126108 0.0132214 0.0155172 0.0238164 0.12782
5 0.62374 0.362721 0.0890735 0.150551 0.127108
0 0.402695 0.0465157 0.0254992 0.0800388 0.125385
67 0.523941 0.740276 0.133844 0.314297 0.120868
0 0.602734 0.149366 0.0197159 0.0674521 0.114627
5 0.486572 0.369339 0.0806087 0.164766 0.114246
0 0.401571 0.0530119 0.0212092 0.0792234 0.110555
0 0.937872 0.102088 0.0217712 0.0597667 0.108883
0 0.401902 0.0474778 0.0244647 0.0790313 0.107357
2 0.669604 0.549638 0.108691 0.195248 0.106931
0 0.873507 0.11433 0.0205402 0.0448421 0.104945
0 0.860161 0.0427699 0.0229214 0.050228 0.0996064
0 0.859904 0.0437777 0.0256855 0.0553971 0.0987111
0 0.401263 0.0521265 0.020405 0.0777959 0.0938398
0 0.93671 0.107956 0.0217602 0.0666317 0.090658
0 0.861533 0.0415343 0.0246834 0.0516239 0.0854489
0 0.602068 0.153576 0.0208746 0.0758429 0.0813833
0 0.859591 0.0438697 0.023654 0.0530725 0.0781105
0 0.870147 0.114729 0.0236389 0.0395706 0.0681341
0 0.499704 0.055824 0.0194841 0.0436476 0.0674094
0 0.501049 0.0620404 0.0251484 0.0554135 0.0662953
0 0.501471 0.058873 0.0217447 0.0508828 0.0616713
2 0.74903 0.893933 0.209371 0.211611 0.0608669
0 0.0576758 0.0764987 0.0146006 0.0239614 0.0603331
39 0.749427 0.894219 0.207434 0.209817 0.0600993
0 0.216842 0.0605761 0.0203381 0.0414841 0.0598791
0 0.957036 0.0510803 0.0163345 0.0477244 0.0559413
0 0.859511 0.0372915 0.018692 0.0454141 0.0555505
2 0.284912 0.0554817 0.0339791 0.0264905 0.0536771
2 0.283368 0.0569574 0.0324765 0.0255711 0.0533346
0 0.86744 0.0324308 0.0147335 0.0390813 0.052419
2 0.751277 0.893715 0.205542 0.211393 0.0517449
0 0.891317 0.0453556 0.0122824 0.0352333 0.0514041
0 0.59851 0.160755 0.029355 0.0929671 0.0500758
0 0.890677 0.0425487 0.0120316 0.0328499 0.0494526
0 0.518022 0.315406 0.0130781 0.0222451 0.0483449
2 0.752415 0.893754 0.205517 0.211174 0.0482917
0 0.403247 0.0439874 0.0266346 0.0787275 0.0482884
0 0.888519 0.0300128 0.0188976 0.0564664 0.0472365
2 0.749167 0.893392 0.208716 0.21253 0.0468343
0 0.598523 0.151635 0.0274422 0.0719715 0.0466544
2 0.75273 0.893696 0.210147 0.212006 0.0462338
2 0.750846 0.89354 0.207796 0.212277 0.0454958
0 0.602323 0.1447 0.0185631 0.0599319 0.0454853
0 0.632287 0.183812 0.0220661 0.0527231 0.0451601
0 0.0811009 0.0577539 0.0148859 0.0337283 0.0448624
0 0.597087 0.153599 0.0325866 0.0766406 0.0447335
0 0.889527 0.0292416 0.0156551 0.0577748 0.0447005
0 0.50237 0.0613152 0.0261721 0.0553365 0.0436644
0 0.992999 0.0472942 0.0132843 0.0541543 0.0436489
67 0.376857 0.416974 0.0340507 0.0586344 0.0430969
2 0.670051 0.550939 0.112689 0.199163 0.0430547
2 0.203992 0.0722847 0.0380759 0.0367084 0.0427281
0 0.953911 0.049552 0.0141022 0.0474511 0.0413323
67 0.376577 0.416287 0.0349578 0.0577276 0.0409873
0 0.633094 0.193275 0.0201865 0.0348488 0.0407644
2 0.287087 0.0539047 0.0356662 0.0293133 0.0407219
2 0.204781 0.0698464 0.0486915 0.0483616 0.0405395
28 0.751342 0.893832 0.207741 0.211457 0.0401809
0 0.0579947 0.0757796 0.0141158 0.0263497 0.0401201
0 0.87327 0.0247081 0.0148827 0.0494162 0.0399141
0 0.356629 0.0353715 0.0217503 0.0420191 0.0390825
0 0.888408 0.027755 0.0202141 0.0553232 0.0385711
2 0.291046 0.0509076 0.0323365 0.0300861 0.0376826
0 0.216352 0.0509689 0.0161605 0.0257391 0.0373875
0 0.887557 0.0288523 0.0232231 0.0577047 0.0373463
0 0.50038 0.0623161 0.0301544 0.0560117 0.0360425
0 0.862174 0.11517 0.0338402 0.0386184 0.0352804
0 0.959532 0.0529951 0.016291 0.0445259 0.0348955
0 0.217916 0.0664379 0.0190201 0.0369512 0.0343975
5 0.875248 0.415447 0.248563 0.62546 0.0342541
0 0.703359 0.334748 0.0274256 0.0351863 0.034138
2 0.752553 0.894052 0.208982 0.211369 0.0336626
0 0.96715 0.052012 0.0180275 0.0433981 0.0334879
0 0.858891 0.045154 0.0233837 0.0539478 0.0331549
0 0.445269 0.0208393 0.0258565 0.0416785 0.0323532
0 0.600547 0.185061 0.0256735 0.0444306 0.0319433
2 0.21652 0.0645863 0.0240703 0.0456123 0.0307976
0 0.991948 0.0464611 0.0154308 0.0552495 0.0305102
0 0.357087 0.0339786 0.0218902 0.0395511 0.0298041
2 0.634124 0.0120447 0.0335374 0.0173496 0.0296706
2 0.633509 0.01152 0.0354523 0.0186649 0.0294158
1 0.500128 0.0636104 0.0315355 0.0556687 0.0293576
0 0.968522 0.0534344 0.0177715 0.0409653 0.0291284
28 0.75177 0.89472 0.192096 0.209393 0.028832
0 0.402776 0.0439206 0.0272985 0.0779225 0.028213
2 0.205763 0.0722861 0.0443249 0.0393005 0.0280221
2 0.244998 0.0689083 0.0204748 0.0198344 0.0278683
0 0.993881 0.0463985 0.0114903 0.0547586 0.0275896
2 0.237838 0.0590937 0.0239266 0.036623 0.026407
0 0.404333 0.0434361 0.025084 0.08014 0.0263589
0 0.0823724 0.0645681 0.0184295 0.0454611 0.0258734
0 0.860006 0.0460196 0.0241955 0.0530537 0.0255591
0 0.68866 0.00658849 0.0157419 0.01317 0.0255586
0 0.874074 0.0211948 0.0160458 0.0423897 0.0254271
0 0.721394 0.0110724 0.0141344 0.0221447 0.0254054
0 0.880416 0.0269793 0.0262171 0.0537919 0.0253598
0 0.883306 0.0273758 0.0254177 0.0544149 0.0253045
1 0.502509 0.0648482 0.025512 0.0486986 0.024958
9 0.108817 0.0101723 0.0113239 0.020279 0.0248684
67 0.376601 0.416666 0.034602 0.0586493 0.0246628
0 0.503085 0.0616843 0.0249132 0.0534436 0.0245535
0 0.444273 0.0204349 0.02552 0.0408594 0.024249
2 0.199605 0.0762637 0.0377175 0.0406132 0.0240716
0 0.0809776 0.0517074 0.013658 0.0249148 0.023886
7 0.669935 0.552435 0.112354 0.202259 0.0238428
2 0.303823 0.0481256 0.0213984 0.0245305 0.022921
0 0.991552 0.0454509 0.0161655 0.0566458 0.0227237
0 0.628949 0.171337 0.0187377 0.0335269 0.0224206
0 0.447425 0.0218172 0.0250767 0.0432114 0.0222503
0 0.40434 0.0463627 0.0235954 0.0846263 0.0220436
2 0.284685 0.0518814 0.0360624 0.0319314 0.0216451
0 0.855474 0.0429412 0.0289909 0.0522861 0.0215026
0 0.21539 0.060732 0.0246539 0.0439573 0.0212207
0 0.78369 0.0163672 0.0122629 0.0319292 0.0211586
2 0.284459 0.0576146 0.0355849 0.0274433 0.0208395
0 0.966156 0.0541581 0.0182373 0.040914 0.0205739
0 0.633086 0.194521 0.0204474 0.0330925 0.0205004
0 0.861671 0.118715 0.0306244 0.0305783 0.0204085
2 0.206376 0.069597 0.0435374 0.0420515 0.0196921
2 0.632874 0.0104148 0.037748 0.0206694 0.0196477
0 0.600747 0.146099 0.0222136 0.061289 0.0193006
0 0.705426 0.335826 0.0288694 0.0350785 0.0192213
0 0.785821 0.0135818 0.0112141 0.0271637 0.0192017
67 0.376868 0.416556 0.0334201 0.0585268 0.0189865
0 0.0841748 0.0708509 0.0243573 0.0566214 0.0188759
0 0.961521 0.0519604 0.0158392 0.0472151 0.0186857
2 0.204176 0.0700188 0.0474136 0.0459809 0.0185349
0 0.402215 0.062345 0.0155343 0.060905 0.0184756
67 0.376717 0.416138 0.0335278 0.0584167 0.0181554
0 0.952604 0.0428739 0.0146809 0.0463186 0.0180421
0 0.732002 0.012045 0.0345016 0.0240901 0.0180277
2 0.751837 0.893333 0.203086 0.211609 0.0177475
0 0.877142 0.0187225 0.015287 0.0374451 0.0177298
67 0.376932 0.417101 0.0332912 0.0581679 0.0177019
0 0.627523 0.166333 0.0183987 0.0280037 0.0174388
0 0.889648 0.0180467 0.0188847 0.0359927 0.016637
9 0.113388 0.01224 0.0223867 0.02448 0.0164347
0 0.44871 0.0233139 0.0217695 0.0442137 0.0163403
0 0.783181 0.0158125 0.0166452 0.0316249 0.0160516
0 0.214023 0.0629093 0.0256751 0.0392759 0.0156475
2 0.699724 0.335897 0.0231405 0.0345932 0.0155441
0 0.0868341 0.0715951 0.0269508 0.058309 0.0155337
28 0.201293 0.664319 0.0911814 0.0820297 0.0153029
0 0.456437 0.31934 0.00839443 0.0185377 0.0151874
2 0.237258 0.0547918 0.0283324 0.0410479 0.0151443
0 0.885421 0.030281 0.0219597 0.0528596 0.0149865
12 0.377237 0.416653 0.034119 0.0609536 0.0149078
0 0.991625 0.0442957 0.0159252 0.0613581 0.0148593
0 0.0835374 0.0692351 0.0247127 0.0544024 0.0146561
0 0.683668 0.00545432 0.0161679 0.0108457 0.0144522
0 0.978779 0.0540014 0.0166437 0.0362074 0.0142194
2 0.63301 0.0107665 0.0371562 0.0208049 0.0141563
60 0.803974 0.808596 0.390255 0.38213 0.0141393
0 0.501669 0.062266 0.0351423 0.0584789 0.0141191
0 0.4287 0.0284937 0.0192289 0.0506452 0.013999
0 0.60285 0.137186 0.0154299 0.0458675 0.0138381
0 0.357429 0.0405441 0.0225278 0.0478972 0.0137978
0 0.99023 0.0462674 0.0188877 0.0529963 0.0137773
67 0.377119 0.416316 0.0338996 0.0585358 0.0137726
2 0.285576 0.0493369 0.0415975 0.0373755 0.0137511
2 0.198651 0.0770021 0.0290646 0.0326248 0.0137251
0 0.733802 0.0125779 0.0222181 0.0251558 0.0136492
0 0.983692 0.048221 0.0226536 0.0478289 0.0135688
0 0.0587619 0.084802 0.0202531 0.0407449 0.01354
0 0.598468 0.185658 0.0291031 0.047101 0.0134534
0 0.739109 0.0129708 0.023024 0.0258603 0.0133451
2 0.212735 0.0685022 0.0297693 0.0388807 0.0132694
2 0.609886 0.16458 0.0609471 0.0976177 0.0131274
0 0.403696 0.0391714 0.0231758 0.0746607 0.0128396
2 0.215947 0.0712924 0.0238323 0.0346138 0.0128103
0 0.989558 0.0457541 0.0202631 0.0545157 0.0125843
0 0.616728 0.179446 0.0762255 0.128423 0.0125755
0 0.400503 0.0588035 0.0173195 0.0679076 0.0124972
2 0.681936 0.607149 0.0890072 0.0777901 0.012318
0 0.438976 0.0261601 0.0138058 0.0438875 0.0123047
0 0.698942 0.334895 0.0200787 0.0342881 0.0122596
0 0.0957842 0.0648867 0.0174191 0.044773 0.0121786
0 0.367141 0.0372471 0.0155113 0.0409589 0.0121643
0 0.428975 0.0255605 0.0180483 0.0499516 0.0121358
0 0.78881 0.194862 0.0198617 0.0335781 0.0120931
2 0.235412 0.0492422 0.0233632 0.0315822 0.0117891
0 0.987763 0.0458807 0.0233614 0.0551561 0.0116963
0 0.78391 0.0179602 0.014941 0.0330117 0.011686
5 0.465719 0.531931 0.901966 0.92752 0.011662
0 0.0920536 0.0700491 0.0211055 0.0531176 0.0114995
2 0.23686 0.0510052 0.0235372 0.0409596 0.0113302
0 0.854901 0.0416348 0.0287073 0.0527157 0.0110606
0 0.234074 0.0553291 0.0192142 0.0286982 0.0109906
0 0.833995 0.307164 0.0164917 0.030628 0.0109276
0 0.359408 0.0372611 0.0197604 0.0433354 0.0109252
2 0.625365 0.324932 0.0692602 0.0762485 0.0108376
28 0.753451 0.903984 0.189815 0.19069 0.0107989
0 0.596511 0.162535 0.0382172 0.0925733 0.0104999
2 0.278728 0.0556773 0.0274517 0.0232856 0.0104985
0 0.195754 0.0832288 0.0279805 0.0393046 0.0101918
0 0.446178 0.0223656 0.0256029 0.0441424 0.00994762
0 0.624808 0.179361 0.0247783 0.0556208 0.00991549
0 0.854709 0.349648 0.0330124 0.0706703 0.00988057
0 0.0763528 0.0735074 0.042464 0.0579086 0.00968246
0 0.361959 0.0344602 0.0229712 0.0429581 0.00966061
0 0.966136 0.0478935 0.0202654 0.0504716 0.00950563
0 0.239073 0.0485015 0.0225616 0.0314841 0.00943088
0 0.256296 0.0450921 0.0110731 0.0256526 0.00934051
2 0.632635 0.0110082 0.037537 0.0205842 0.00925795
2 0.285094 0.0561191 0.0377144 0.0308317 0.00923237
