5 0.367888 0.553655 0.413332 0.408748 0.935518
5 0.367961 0.553202 0.413668 0.409796 0.920391
5 0.367577 0.552323 0.413562 0.410645 0.919559
5 0.367993 0.552759 0.413266 0.407346 0.911915
5 0.368182 0.551745 0.414335 0.412292 0.910204
5 0.367988 0.553608 0.41295 0.408357 0.90633
5 0.368441 0.552405 0.413296 0.408497 0.89524
5 0.368977 0.551984 0.413411 0.411064 0.893549
5 0.367862 0.55205 0.412638 0.40758 0.889702
5 0.293819 0.329097 0.177857 0.143111 0.888699
5 0.80095 0.782277 0.394701 0.431467 0.853122
5 0.293944 0.328972 0.178242 0.143934 0.84789
5 0.072546 0.366907 0.14455 0.145284 0.822194
5 0.294253 0.329657 0.178322 0.141292 0.819221
5 0.0721708 0.366867 0.143476 0.145026 0.808059
5 0.378198 0.318583 0.179831 0.134123 0.807325
5 0.36765 0.552174 0.413125 0.411692 0.806039
2 0.594449 0.465345 0.131442 0.102219 0.802314
5 0.293418 0.329135 0.177042 0.142984 0.799442
5 0.0723774 0.366991 0.143411 0.145726 0.798106
5 0.801238 0.7814 0.395924 0.432967 0.7973
2 0.670658 0.435301 0.12714 0.0973407 0.797235
2 0.669697 0.435856 0.127979 0.0946417 0.789575
5 0.072417 0.367232 0.144614 0.144896 0.785966
2 0.448126 0.411183 0.0984615 0.0795531 0.785932
5 0.294488 0.329353 0.176033 0.142004 0.781271
5 0.294272 0.328981 0.176426 0.142694 0.779559
2 0.448018 0.411539 0.0975441 0.079691 0.779146
2 0.594309 0.46661 0.13149 0.100498 0.774727
5 0.0726751 0.367065 0.143771 0.145648 0.772815
5 0.293663 0.329159 0.177286 0.143735 0.772708
2 0.59449 0.466467 0.13124 0.100049 0.771361
5 0.293204 0.330276 0.176108 0.140504 0.77053
5 0.0727703 0.366894 0.144419 0.146118 0.769637
2 0.669463 0.435634 0.128106 0.0952524 0.767327
2 0.669871 0.435192 0.127714 0.0952705 0.764485
2 0.594578 0.465778 0.131096 0.102955 0.764414
2 0.594401 0.466448 0.13069 0.100559 0.759965
5 0.0721675 0.367356 0.144335 0.144491 0.759707
2 0.594357 0.46625 0.131293 0.100171 0.758737
2 0.594211 0.466301 0.131343 0.101018 0.758374
5 0.800425 0.783666 0.39557 0.430944 0.757808
2 0.670054 0.435813 0.127741 0.0941856 0.745379
2 0.594424 0.46701 0.130087 0.10093 0.745028
5 0.910775 0.459534 0.177876 0.223078 0.744069
5 0.377863 0.318118 0.180458 0.134884 0.74052
5 0.910461 0.459098 0.178426 0.222273 0.740224
2 0.594581 0.466536 0.131765 0.101003 0.739998
5 0.0722605 0.36737 0.143633 0.145823 0.730476
2 0.669922 0.435391 0.127295 0.0954433 0.73022
2 0.670247 0.435327 0.127727 0.0952139 0.719468
2 0.951481 0.597399 0.0961668 0.121582 0.716866
2 0.951645 0.597431 0.0957771 0.121921 0.70948
2 0.448324 0.411706 0.098694 0.0785803 0.707154
5 0.910056 0.458111 0.178317 0.221305 0.705523
2 0.509542 0.382868 0.0929461 0.0763969 0.705334
5 0.376237 0.318462 0.182499 0.136558 0.704299
2 0.669998 0.435864 0.128608 0.0947796 0.704283
2 0.669778 0.435806 0.12742 0.0945111 0.699844
5 0.911098 0.458839 0.17655 0.222004 0.695668
2 0.448138 0.411935 0.0987467 0.0793261 0.693704
2 0.951465 0.59702 0.0961258 0.121841 0.69322
5 0.910143 0.458463 0.178308 0.222221 0.688701
5 0.0729967 0.367409 0.144344 0.145695 0.685326
2 0.669961 0.436668 0.129222 0.0939421 0.683825
5 0.294869 0.330164 0.174626 0.140821 0.683335
5 0.378978 0.318613 0.178876 0.138063 0.681402
2 0.951057 0.598017 0.0973414 0.121379 0.681388
2 0.509808 0.382851 0.094239 0.0763144 0.672016
5 0.910129 0.459033 0.178704 0.222829 0.671235
2 0.509755 0.38348 0.0925747 0.0779297 0.670757
5 0.295469 0.329534 0.171725 0.141184 0.670492
5 0.800033 0.78346 0.397023 0.431483 0.668424
5 0.90981 0.458991 0.180073 0.222794 0.666692
2 0.951424 0.597485 0.0962235 0.121173 0.66657
5 0.378505 0.318208 0.179983 0.137459 0.664389
5 0.37691 0.318527 0.181288 0.134593 0.664249
2 0.951352 0.596802 0.096381 0.121896 0.65903
2 0.448231 0.411586 0.0985729 0.0786799 0.658287
5 0.911002 0.458527 0.176691 0.220991 0.652852
5 0.910746 0.458457 0.178152 0.221308 0.649921
2 0.51026 0.383662 0.0931288 0.0780203 0.638542
2 0.951347 0.597378 0.0969433 0.121228 0.637616
2 0.951223 0.597312 0.0971111 0.121383 0.635316
2 0.509714 0.38349 0.0926415 0.0770341 0.630561
5 0.800983 0.782248 0.396965 0.433486 0.628495
2 0.774764 0.525745 0.158091 0.128897 0.624242
5 0.911008 0.457807 0.177647 0.221928 0.623287
2 0.448261 0.410856 0.0980941 0.0800143 0.618484
2 0.448272 0.411051 0.0987015 0.079184 0.609155
2 0.773739 0.524968 0.157999 0.129166 0.606168
2 0.774632 0.525305 0.158576 0.129187 0.599804
2 0.510191 0.383338 0.0937366 0.0773849 0.598732
2 0.951165 0.597875 0.0966053 0.120247 0.596405
5 0.37747 0.319066 0.180395 0.13651 0.584421
5 0.801375 0.781171 0.396111 0.43651 0.578225
2 0.5103 0.383237 0.0936281 0.0780241 0.56517
2 0.510288 0.383381 0.0954731 0.0769086 0.554578
2 0.951249 0.597764 0.096438 0.121186 0.547046
5 0.379308 0.318949 0.178574 0.139909 0.540905
2 0.13714 0.43757 0.065976 0.0870856 0.534902
2 0.448053 0.411526 0.0986649 0.0776439 0.531734
2 0.774094 0.525238 0.157918 0.129205 0.529778
5 0.799897 0.781886 0.399529 0.433052 0.528615
2 0.773624 0.526063 0.158178 0.128712 0.526692
2 0.773812 0.525369 0.157919 0.128957 0.526658
5 0.799664 0.779897 0.399202 0.439518 0.500133
2 0.774802 0.525817 0.158938 0.130588 0.492697
5 0.800707 0.782117 0.397765 0.433895 0.476234
5 0.377824 0.319573 0.180261 0.130582 0.471391
2 0.773719 0.525534 0.157858 0.129457 0.47123
2 0.773942 0.525267 0.158557 0.129587 0.468782
2 0.448282 0.411355 0.0992134 0.0790681 0.409412
2 0.77373 0.525441 0.158552 0.129418 0.407843
5 0.376602 0.320051 0.181994 0.133334 0.403387
2 0.446439 0.411544 0.101691 0.0775749 0.390956
2 0.595144 0.466717 0.131456 0.101291 0.38386
5 0.377526 0.317293 0.180524 0.134935 0.379623
2 0.509768 0.383871 0.0960767 0.0768962 0.372888
2 0.509589 0.384013 0.0956961 0.0778038 0.35167
2 0.137447 0.436868 0.0654231 0.088178 0.344728
5 0.802371 0.776024 0.393437 0.442631 0.339007
2 0.137301 0.436935 0.06569 0.0887894 0.33715
2 0.138 0.436188 0.0656447 0.0893826 0.311317
2 0.137592 0.437581 0.0656605 0.0875276 0.310689
2 0.137447 0.436233 0.0670507 0.0911407 0.305869
0 0.414155 0.212868 0.0135347 0.0306921 0.293804
2 0.509285 0.383151 0.0945538 0.0779055 0.289762
2 0.137147 0.43716 0.0662014 0.0895355 0.286156
5 0.415463 0.327003 0.100474 0.117959 0.282492
0 0.070981 0.626302 0.0315332 0.0838987 0.280324
2 0.137331 0.435229 0.0667208 0.092547 0.271568
0 0.41435 0.214032 0.0131552 0.0302525 0.253559
0 0.414022 0.213253 0.0151168 0.0315378 0.25228
2 0.446784 0.411182 0.101491 0.0772623 0.243394
2 0.137086 0.43652 0.0662131 0.0888289 0.235493
2 0.136985 0.43576 0.0670798 0.0898872 0.223562
5 0.913239 0.432966 0.17301 0.173737 0.220969
2 0.670213 0.436673 0.127904 0.0954729 0.220279
5 0.800272 0.783139 0.399231 0.432577 0.217042
0 0.0707568 0.620086 0.0263342 0.0732986 0.215624
0 0.633339 0.22902 0.0158493 0.0348678 0.201221
2 0.446917 0.408848 0.0985197 0.0777024 0.191449
0 0.0676578 0.629347 0.0380958 0.0921185 0.187065
2 0.443802 0.20114 0.0170334 0.022158 0.186569
2 0.137714 0.435695 0.0667496 0.0899897 0.185434
5 0.913642 0.430499 0.172715 0.167813 0.180933
2 0.55564 0.220335 0.0390434 0.0341556 0.180832
5 0.912878 0.431577 0.173099 0.174278 0.171242
0 0.633582 0.228146 0.0167635 0.0352568 0.166931
0 0.0687276 0.627765 0.0379297 0.0876471 0.166794
5 0.913121 0.429293 0.173376 0.165405 0.139236
0 0.0714048 0.623144 0.0346372 0.0773595 0.125877
5 0.793354 0.749178 0.41067 0.497613 0.121081
0 0.00904639 0.420052 0.0179639 0.0402861 0.118619
0 0.633233 0.2296 0.0163773 0.0350657 0.114752
0 0.0506046 0.169624 0.0205194 0.0427021 0.111649
0 0.338806 0.210247 0.018538 0.03478 0.106364
0 0.41319 0.212419 0.016078 0.032917 0.0993839
0 0.0673302 0.62588 0.03903 0.0828608 0.0992115
2 0.554126 0.223584 0.0425797 0.0408086 0.0979955
0 0.0485866 0.168718 0.0213523 0.0402858 0.0955711
2 0.00880121 0.416952 0.0174862 0.0340078 0.0948195
0 0.0491935 0.169307 0.0210122 0.0425838 0.0917533
2 0.022437 0.279932 0.0445657 0.0537747 0.0915498
2 0.552555 0.221866 0.0464736 0.0381839 0.0908825
0 0.337609 0.209878 0.0177969 0.0332427 0.0908604
5 0.801764 0.78456 0.396285 0.42791 0.0878194
0 0.0680614 0.63174 0.0389198 0.0889105 0.0864362
2 0.564297 0.220423 0.0223542 0.0265043 0.0852592
2 0.369427 0.183825 0.0247609 0.0202076 0.0842768
0 0.0693205 0.616103 0.0212742 0.0656296 0.0815678
2 0.557243 0.222835 0.0362833 0.0291811 0.0803918
0 0.00935819 0.418418 0.0179384 0.0359819 0.0798028
2 0.0248193 0.28012 0.0477762 0.0529758 0.0796253
5 0.797183 0.752298 0.40312 0.491108 0.0782343
2 0.445443 0.199283 0.0221022 0.0252127 0.0772403
5 0.0722005 0.366677 0.144251 0.146621 0.0762029
0 0.413215 0.213156 0.0160349 0.0318335 0.0699442
2 0.137147 0.437139 0.0662897 0.0885037 0.0686402
5 0.417026 0.321258 0.102935 0.124399 0.0685194
2 0.0246112 0.279651 0.0469152 0.0525985 0.0680018
0 0.0692797 0.62986 0.0349591 0.0940817 0.0676225
0 0.0698116 0.629067 0.0322517 0.0936266 0.0674141
3 0.0663332 0.648427 0.0367326 0.0581562 0.0656068
0 0.0495735 0.169313 0.0240319 0.0431234 0.0654021
0 0.0531431 0.170359 0.017818 0.0427699 0.0651721
3 0.0666625 0.646847 0.0377876 0.0595798 0.0647519
0 0.337536 0.211354 0.0178291 0.0342128 0.0642343
0 0.00891463 0.41748 0.017521 0.0342142 0.0628178
9 0.154059 0.139267 0.0199785 0.0333179 0.0626947
2 0.510327 0.383832 0.0931562 0.0785733 0.0613242
2 0.0229391 0.279401 0.0456743 0.0523798 0.0601709
0 0.63431 0.228416 0.0178421 0.0359299 0.0599872
5 0.908315 0.430169 0.165727 0.165016 0.0557719
3 0.0687003 0.630446 0.0377969 0.0937738 0.054807
2 0.915171 0.714179 0.168745 0.153963 0.0535434
5 0.419317 0.324439 0.0981968 0.119555 0.0531773
9 0.15533 0.140108 0.0193157 0.0348634 0.0531706
0 0.0472112 0.165583 0.020118 0.0340189 0.052286
2 0.137847 0.437677 0.0650839 0.0864789 0.0517282
2 0.55574 0.225981 0.0386004 0.0424468 0.0511397
5 0.0722718 0.36736 0.143501 0.147041 0.0501134
9 0.702756 0.125204 0.0163774 0.0269491 0.0500185
3 0.0666443 0.647939 0.0364388 0.0567746 0.0498887
2 0.507505 0.201229 0.0241776 0.0276496 0.048719
0 0.337968 0.209145 0.0182044 0.0341734 0.0485705
2 0.362995 0.1865 0.0223361 0.0218964 0.0485513
2 0.554133 0.216655 0.0423019 0.0324617 0.0485216
2 0.45818 0.197485 0.0276268 0.0286057 0.0473274
2 0.022901 0.279626 0.0456282 0.0528599 0.0468266
0 0.34167 0.201638 0.0168254 0.0285403 0.0464547
2 0.544937 0.221811 0.0584476 0.0378962 0.0458719
2 0.460254 0.197324 0.0235151 0.028057 0.0450039
2 0.4608 0.196867 0.023035 0.0270236 0.0445551
0 0.0675965 0.620719 0.0346472 0.0745998 0.0445247
5 0.0824353 0.176148 0.0613411 0.0390698 0.0444735
2 0.0253634 0.279929 0.0489316 0.0535981 0.0441997
2 0.676282 0.4379 0.114143 0.0923093 0.0432359
2 0.372356 0.184799 0.0238557 0.0209138 0.0431421
0 0.891838 0.445806 0.0207485 0.0407295 0.0427664
5 0.0822012 0.175833 0.0601761 0.0385952 0.0426217
2 0.519385 0.201924 0.0363106 0.0306671 0.0426079
0 0.00932066 0.421822 0.0183471 0.043144 0.0422634
5 0.40528 0.323117 0.125247 0.124893 0.0420309
2 0.0223953 0.280037 0.0447905 0.0537205 0.0416787
2 0.0229588 0.280191 0.0459176 0.0521844 0.040663
0 0.515042 0.216003 0.0195547 0.0242842 0.0404734
9 0.707716 0.125349 0.0225195 0.0335151 0.0396341
9 0.702736 0.12712 0.0154762 0.0274678 0.0395654
3 0.0665296 0.63054 0.0365254 0.0900622 0.0393173
5 0.41652 0.327845 0.102085 0.116569 0.0392614
9 0.83046 0.134016 0.0164928 0.0325091 0.0388465
2 0.503628 0.205686 0.0180286 0.0239521 0.0386941
2 0.553507 0.225408 0.0437535 0.041783 0.0385198
11 0.730776 0.181646 0.0255627 0.0272917 0.0382418
0 0.511144 0.211203 0.0176451 0.0251457 0.0379429
0 0.740711 0.228764 0.013526 0.0381768 0.0367703
2 0.362555 0.185984 0.0155299 0.0177365 0.0367527
2 0.741497 0.626883 0.0593319 0.0408079 0.0367269
0 0.0695448 0.656149 0.0353688 0.0764427 0.0363521
5 0.296666 0.331115 0.173254 0.140003 0.0359267
2 0.368899 0.185089 0.0274208 0.0213072 0.035847
0 0.0679281 0.648883 0.0382267 0.0604172 0.0353509
3 0.547852 0.232092 0.0169373 0.0330525 0.0352206
5 0.0817221 0.175279 0.0632363 0.0403112 0.0349396
9 0.830695 0.12375 0.013553 0.0142082 0.0348388
5 0.0733043 0.366815 0.146434 0.147943 0.0346641
2 0.0226914 0.27936 0.0453829 0.0524337 0.0344843
3 0.556287 0.229224 0.0353239 0.0396791 0.033721
3 0.0684963 0.632078 0.039614 0.09858 0.0334708
2 0.501087 0.201079 0.0186991 0.0235061 0.0333194
0 0.337853 0.21063 0.0185096 0.0344421 0.0332536
3 0.0663701 0.648097 0.0357391 0.0572838 0.0331755
0 0.63622 0.22674 0.0195089 0.0341837 0.0331484
0 0.635586 0.228887 0.0204797 0.0358791 0.0328676
2 0.0813121 0.173848 0.0563884 0.0411967 0.0321759
0 0.891492 0.447909 0.0201822 0.0444716 0.0317541
2 0.521013 0.205171 0.0332427 0.0326869 0.031574
2 0.0814949 0.175678 0.0679719 0.0394454 0.0308266
2 0.556527 0.217025 0.0398844 0.031598 0.0307272
5 0.0821071 0.176112 0.0621034 0.0392615 0.0307189
0 0.740687 0.228994 0.0169152 0.0395659 0.0306303
2 0.740935 0.627462 0.0612106 0.040444 0.0288347
0 0.992675 0.552547 0.0138285 0.0267446 0.0282427
9 0.782066 0.159177 0.0247747 0.0281698 0.0280343
0 0.338761 0.206773 0.0198292 0.0360508 0.0280139
2 0.457968 0.196912 0.0275972 0.028079 0.0279031
9 0.83391 0.137125 0.0182034 0.0293672 0.0278803
0 0.737615 0.229395 0.0136974 0.0378315 0.0277006
5 0.781385 0.747178 0.433525 0.495301 0.0277002
0 0.0101508 0.418132 0.0200088 0.0357964 0.0274145
2 0.915159 0.716037 0.168873 0.158373 0.0270021
0 0.511368 0.214329 0.0160985 0.0230282 0.0268554
3 0.0655081 0.648265 0.0349597 0.0583275 0.0263091
2 0.915953 0.715307 0.166519 0.158402 0.0263004
2 0.499702 0.204914 0.0153908 0.0188689 0.0261922
2 0.531789 0.204832 0.0311343 0.027081 0.0261569
2 0.740623 0.629156 0.0603788 0.0388847 0.026105
0 0.355718 0.191657 0.0124448 0.0216237 0.0260129
2 0.0251826 0.278862 0.0501728 0.0552365 0.025852
5 0.0254617 0.220893 0.0509234 0.177813 0.0255645
5 0.798481 0.77182 0.398337 0.445448 0.0253173
0 0.512606 0.228289 0.0189651 0.0347074 0.0251073
2 0.740661 0.62991 0.0614302 0.0409163 0.0250133
0 0.734013 0.229845 0.0118569 0.0367628 0.024985
0 0.0310749 0.240279 0.0266547 0.0455718 0.0249385
2 0.0257199 0.279889 0.0508601 0.0540112 0.0248392
0 0.739724 0.228172 0.0149517 0.038572 0.0244652
2 0.915617 0.716605 0.168063 0.161061 0.0242518
2 0.915605 0.714876 0.168216 0.155806 0.0240787
2 0.740906 0.63069 0.0598179 0.0381751 0.0239517
2 0.0824248 0.177024 0.0614764 0.0394181 0.0235884
2 0.503492 0.363313 0.0721064 0.0380614 0.0235383
0 0.940495 0.563003 0.0233397 0.0232681 0.0233989
0 0.414015 0.209697 0.0168114 0.0374701 0.0233201
0 0.35345 0.198961 0.0129406 0.022603 0.0225961
0 0.0737168 0.621384 0.0315727 0.0755993 0.0225871
5 0.904111 0.459348 0.165025 0.223717 0.0223695
5 0.91258 0.427866 0.170795 0.161328 0.0221846
