2 0.59918 0.455488 0.134699 0.109746 0.896413
5 0.293651 0.325523 0.17964 0.137654 0.873711
5 0.294464 0.324676 0.178352 0.137204 0.864796
5 0.293916 0.325142 0.179013 0.137789 0.845667
5 0.293564 0.324923 0.180237 0.136684 0.845031
5 0.468121 0.608537 0.519969 0.494692 0.825043
5 0.293818 0.325267 0.177416 0.137407 0.821494
5 0.293468 0.325384 0.178963 0.137218 0.814514
2 0.59963 0.454005 0.134047 0.108455 0.811578
2 0.599665 0.454185 0.13324 0.108337 0.810621
5 0.468602 0.610417 0.519523 0.494664 0.808992
5 0.294739 0.324713 0.180491 0.137213 0.805742
2 0.599678 0.454614 0.133105 0.108424 0.802158
2 0.514039 0.376822 0.0944985 0.0793467 0.801315
2 0.513701 0.376962 0.0946209 0.0804571 0.800244
5 0.466985 0.608172 0.517989 0.491169 0.800092
2 0.514176 0.376895 0.0941593 0.0797619 0.796483
2 0.713547 0.42687 0.135806 0.0851507 0.796287
2 0.599236 0.454319 0.133133 0.107121 0.793943
2 0.447316 0.402143 0.0976528 0.0800166 0.790488
2 0.447176 0.402348 0.0962946 0.0795469 0.784661
2 0.447308 0.402288 0.0976275 0.0790728 0.784471
2 0.514205 0.376569 0.0940109 0.0792831 0.779914
5 0.0720366 0.364397 0.143986 0.145583 0.778811
5 0.0720694 0.364388 0.143569 0.146302 0.776894
2 0.599634 0.454359 0.133642 0.108282 0.776892
5 0.0718904 0.36417 0.143781 0.145096 0.776833
2 0.599624 0.454269 0.132632 0.107971 0.769519
5 0.467766 0.60853 0.520123 0.490982 0.769021
2 0.774787 0.516783 0.158077 0.117745 0.763749
2 0.775155 0.516798 0.157938 0.117972 0.761204
2 0.445881 0.402257 0.0958898 0.077007 0.761179
5 0.0721906 0.364743 0.144381 0.144475 0.760315
5 0.0720324 0.364677 0.144065 0.144805 0.759515
5 0.0718244 0.364839 0.143258 0.147072 0.759278
2 0.713268 0.427145 0.134844 0.0840821 0.755862
2 0.599635 0.454377 0.134431 0.107919 0.754549
2 0.71297 0.426812 0.135724 0.0850427 0.754224
2 0.774525 0.516334 0.156851 0.118618 0.751594
5 0.0721895 0.364053 0.143803 0.147383 0.75153
2 0.713206 0.427294 0.134759 0.0844072 0.750995
2 0.513397 0.376918 0.0952623 0.0793896 0.750702
2 0.712824 0.427716 0.135033 0.0843845 0.745568
2 0.447457 0.402519 0.0968237 0.0780535 0.744913
2 0.447344 0.40219 0.0976681 0.0784485 0.744287
2 0.774747 0.516401 0.156749 0.118674 0.734557
2 0.599364 0.454539 0.134851 0.10696 0.731542
2 0.774768 0.516394 0.156205 0.117902 0.73017
2 0.775206 0.516836 0.159037 0.116811 0.728259
5 0.293796 0.325599 0.177009 0.137684 0.725647
5 0.470608 0.609705 0.52174 0.491408 0.721897
2 0.775259 0.516294 0.157357 0.116889 0.721628
5 0.467865 0.611595 0.522098 0.496296 0.72059
5 0.294301 0.32488 0.176838 0.137871 0.719621
2 0.774763 0.516404 0.156404 0.117863 0.715364
5 0.0726171 0.364239 0.144188 0.146658 0.713689
2 0.712468 0.427282 0.134456 0.0835818 0.707706
5 0.465612 0.608941 0.525905 0.495513 0.707486
2 0.144627 0.43518 0.0781335 0.0852412 0.707426
2 0.713221 0.427428 0.134615 0.0838384 0.702032
2 0.44726 0.402169 0.0973603 0.0799803 0.697287
2 0.599384 0.454215 0.131904 0.108635 0.686922
2 0.144405 0.435749 0.0790216 0.0838017 0.674939
2 0.144796 0.435601 0.0790302 0.0843675 0.673432
2 0.774876 0.516582 0.15687 0.11758 0.672626
2 0.446957 0.402386 0.0974264 0.0794 0.669996
2 0.774969 0.516853 0.155894 0.11748 0.663564
2 0.144472 0.435326 0.0783435 0.0839928 0.656625
5 0.467115 0.610039 0.518608 0.492668 0.628864
2 0.144156 0.435206 0.0788318 0.0863755 0.624232
2 0.144514 0.43613 0.0792809 0.083485 0.622059
2 0.514728 0.376079 0.0940851 0.0782671 0.615674
2 0.712851 0.427512 0.135027 0.0840859 0.612124
2 0.447003 0.401872 0.0981357 0.077553 0.607358
5 0.465912 0.608123 0.525545 0.49504 0.600779
2 0.144682 0.435242 0.0795106 0.0859865 0.595198
2 0.144647 0.43588 0.0794811 0.0821143 0.56925
2 0.159364 0.548892 0.103881 0.122959 0.557798
5 0.391248 0.312172 0.148428 0.13191 0.54741
5 0.393592 0.312435 0.144792 0.129876 0.546938
2 0.15966 0.549611 0.103685 0.12158 0.534428
2 0.144388 0.435584 0.0807934 0.0817917 0.532943
2 0.15888 0.549206 0.1042 0.123063 0.531564
2 0.158519 0.54872 0.105546 0.125228 0.519334
5 0.0721847 0.363723 0.144228 0.146147 0.515288
5 0.394033 0.312648 0.14349 0.131099 0.510192
2 0.158581 0.5495 0.105719 0.124338 0.505983
5 0.392918 0.312023 0.145948 0.131987 0.503468
5 0.467138 0.608072 0.525818 0.492802 0.499744
2 0.712869 0.427806 0.134835 0.0833166 0.499429
2 0.159103 0.550116 0.104082 0.122827 0.485373
5 0.392812 0.31175 0.146559 0.131542 0.479007
2 0.158977 0.548914 0.103312 0.122587 0.47141
5 0.392494 0.311493 0.146629 0.1306 0.47054
2 0.15984 0.550336 0.104064 0.12227 0.468566
2 0.158149 0.548493 0.104918 0.124011 0.464561
5 0.38057 0.31135 0.16915 0.132077 0.441139
2 0.144807 0.436397 0.0782179 0.0821258 0.426512
5 0.294047 0.325208 0.179734 0.136273 0.420214
3 0.462148 0.210828 0.0244719 0.0293617 0.419534
7 0.951197 0.582006 0.0970844 0.111359 0.391809
5 0.392863 0.311177 0.14681 0.131176 0.387925
7 0.951606 0.581931 0.0960852 0.113609 0.379566
5 0.0716121 0.364368 0.142702 0.147841 0.375693
5 0.39309 0.311294 0.145097 0.131445 0.368462
7 0.951132 0.580525 0.0972979 0.115096 0.364906
2 0.158357 0.548588 0.103939 0.123477 0.364112
7 0.951423 0.581388 0.0961205 0.113821 0.359212
3 0.461194 0.211147 0.0235821 0.0284117 0.353717
7 0.951754 0.58276 0.0954632 0.110103 0.34602
5 0.393844 0.311176 0.143454 0.132389 0.33949
7 0.951851 0.5834 0.0954369 0.110051 0.328947
7 0.952593 0.495452 0.0941967 0.285756 0.323629
7 0.951746 0.57958 0.095573 0.118025 0.320188
2 0.447401 0.401933 0.0970741 0.0792261 0.313426
7 0.952054 0.494832 0.0943413 0.285324 0.313022
2 0.713422 0.427317 0.135204 0.0839916 0.304475
7 0.951813 0.495374 0.0948235 0.287329 0.302348
7 0.951514 0.584019 0.0959637 0.109286 0.286484
7 0.952392 0.49541 0.0945606 0.286337 0.277849
7 0.951462 0.57763 0.0965794 0.121013 0.276229
5 0.3922 0.311742 0.146001 0.129762 0.262606
7 0.952205 0.495878 0.0950041 0.286981 0.245233
7 0.951965 0.495368 0.0945936 0.288014 0.23999
7 0.951546 0.579189 0.095948 0.117977 0.230795
2 0.713389 0.425999 0.135472 0.0854626 0.193334
2 0.551208 0.206928 0.0443546 0.0340489 0.182326
2 0.515583 0.376519 0.0925192 0.0770388 0.182292
2 0.551472 0.208273 0.043952 0.0345546 0.178024
2 0.513822 0.37652 0.0955568 0.0791569 0.169791
3 0.462493 0.208766 0.0246911 0.032843 0.168814
2 0.446015 0.401309 0.100648 0.0759812 0.166716
5 0.294121 0.325312 0.177861 0.137139 0.163735
1 0.52079 0.219788 0.0216763 0.0398745 0.159973
7 0.951997 0.56486 0.0954632 0.149842 0.157825
7 0.951907 0.56499 0.0951647 0.148495 0.157352
2 0.853475 0.253882 0.0373394 0.0395566 0.156345
5 0.371472 0.310971 0.188841 0.13648 0.155041
2 0.516756 0.376425 0.0888162 0.076028 0.153118
7 0.952255 0.495351 0.0949719 0.286954 0.152899
1 0.640872 0.235136 0.0252793 0.0360163 0.14938
5 0.952378 0.834423 0.0947165 0.328611 0.146384
2 0.552351 0.207892 0.043944 0.0328587 0.144522
0 0.638912 0.222809 0.0210094 0.0544799 0.144061
2 0.712655 0.427363 0.135264 0.0846946 0.1397
0 0.656708 0.226804 0.014307 0.0316385 0.137016
2 0.443547 0.192815 0.0185711 0.0253717 0.135023
0 0.721786 0.234055 0.0182576 0.0469658 0.134509
2 0.810842 0.264469 0.0323542 0.0356797 0.134087
7 0.952291 0.496805 0.0950096 0.290954 0.133018
0 0.464332 0.205645 0.0209326 0.0371242 0.132711
2 0.853514 0.251826 0.0355961 0.0425747 0.13234
3 0.461945 0.210983 0.0251509 0.0305732 0.128797
5 0.95072 0.834227 0.0968113 0.329765 0.127953
2 0.549044 0.205404 0.0489283 0.0392729 0.127829
2 0.810718 0.265579 0.0318538 0.0350682 0.127692
3 0.461565 0.208973 0.0252946 0.0326037 0.127558
5 0.951589 0.834094 0.0962688 0.329433 0.126834
7 0.951448 0.495245 0.0958599 0.286361 0.125656
5 0.367773 0.312216 0.194485 0.134147 0.124396
2 0.365477 0.178417 0.0340711 0.0197298 0.123101
2 0.516001 0.376202 0.0904746 0.0775979 0.121131
0 0.637351 0.222307 0.0200752 0.0551163 0.117572
5 0.950957 0.835545 0.0965397 0.327213 0.117245
2 0.158911 0.54641 0.100533 0.11032 0.115847
0 0.458699 0.199398 0.0225008 0.0359237 0.114426
2 0.362316 0.178659 0.0284509 0.0197047 0.112264
3 0.551694 0.209381 0.0432367 0.0363407 0.112184
2 0.811153 0.264726 0.0330618 0.0364001 0.109637
0 0.00904729 0.417836 0.0179079 0.0372274 0.107883
1 0.522241 0.223295 0.0237354 0.0364607 0.105195
2 0.81072 0.265519 0.0319117 0.0362816 0.103069
5 0.950381 0.834037 0.0976419 0.330597 0.0996566
7 0.951919 0.568395 0.0951872 0.142009 0.0979754
5 0.951109 0.834261 0.0972542 0.330079 0.0976632
1 0.656583 0.231212 0.0191603 0.0367374 0.0971343
2 0.443849 0.192025 0.02134 0.0254198 0.0960235
0 0.722229 0.235404 0.0193853 0.0450816 0.0948075
5 0.381279 0.313284 0.168096 0.13427 0.0922987
2 0.854098 0.254105 0.0364391 0.0394616 0.0921912
2 0.810386 0.265705 0.0343634 0.0367905 0.0921185
2 0.144366 0.438004 0.0789704 0.0799636 0.09089
2 0.853431 0.255419 0.0324333 0.0363619 0.0903886
3 0.518688 0.211139 0.0371509 0.0404395 0.0894707
0 0.52 0.204936 0.0391858 0.0484996 0.0888539
0 0.65721 0.229174 0.015678 0.0331879 0.0873705
5 0.965112 0.429616 0.0688992 0.153527 0.0867493
5 0.954062 0.834667 0.0908855 0.330666 0.0857305
2 0.0544802 0.26062 0.0230856 0.0258507 0.0856981
2 0.5513 0.208408 0.0457253 0.0364469 0.0831251
2 0.853393 0.252149 0.0377955 0.0427283 0.0825536
3 0.550285 0.210881 0.042037 0.0360655 0.082172
2 0.852965 0.251265 0.0355951 0.042855 0.081837
0 0.0081416 0.416778 0.0162256 0.0331241 0.0812447
5 0.96507 0.429917 0.0694225 0.154613 0.0801793
3 0.55223 0.209094 0.0438651 0.0331009 0.07864
1 0.640254 0.22524 0.0244945 0.0539658 0.078112
5 0.95453 0.834836 0.0903542 0.328031 0.0767077
0 0.638505 0.216943 0.0178957 0.0454413 0.0765599
5 0.964073 0.431315 0.0713665 0.16042 0.0751854
5 0.96424 0.429978 0.0705727 0.156358 0.073964
2 0.551156 0.209252 0.0442989 0.0334294 0.0725862
1 0.516762 0.217177 0.0303424 0.0404546 0.0724329
0 0.636312 0.208924 0.0156727 0.0272142 0.0717757
2 0.5537 0.206168 0.0411662 0.0335328 0.071683
0 0.00851123 0.416135 0.0170225 0.0338909 0.0703633
2 0.158731 0.551228 0.101506 0.118344 0.0691343
2 0.831155 0.447549 0.0251251 0.0194798 0.0683439
5 0.956351 0.835377 0.086433 0.329246 0.0677584
2 0.0546268 0.261835 0.0236328 0.027338 0.0671423
0 0.723823 0.236284 0.0216385 0.044036 0.0668091
5 0.964931 0.429512 0.0691727 0.15423 0.0655019
1 0.640453 0.232545 0.0265682 0.0405594 0.0644736
2 0.853431 0.250611 0.0367161 0.0432761 0.0628037
2 0.14484 0.435108 0.0800283 0.0855708 0.0619514
0 0.724815 0.234158 0.0205151 0.0475645 0.0614151
5 0.0718817 0.363924 0.143763 0.14499 0.0594091
2 0.852977 0.254275 0.0346527 0.0384317 0.0582383
3 0.639299 0.236015 0.0254032 0.0345601 0.0553232
0 0.008278 0.417589 0.0164372 0.0348007 0.0552201
9 0.927435 0.123442 0.0223238 0.0410777 0.0544959
5 0.965306 0.430431 0.0689426 0.155993 0.0541183
0 0.638755 0.222921 0.0209978 0.0467229 0.0535109
0 0.638901 0.228835 0.0243065 0.0467501 0.0526203
2 0.810803 0.267121 0.0314739 0.0344805 0.0524916
1 0.51886 0.217649 0.0302783 0.0418763 0.0519021
3 0.535485 0.218513 0.0291071 0.0399395 0.0514432
2 0.143911 0.436348 0.0791273 0.0815535 0.0508936
1 0.514738 0.213143 0.0284651 0.0342971 0.05079
0 0.51295 0.206885 0.0267078 0.0407363 0.0503167
9 0.274287 0.189498 0.01966 0.0306886 0.0500831
9 0.927133 0.121075 0.0208448 0.0390337 0.049789
9 0.866549 0.125994 0.0145248 0.0358371 0.0493992
2 0.146329 0.544868 0.128585 0.130505 0.0492751
2 0.365564 0.178166 0.0348617 0.0209693 0.0489378
0 0.703015 0.229315 0.0135759 0.0430614 0.0479171
0 0.720514 0.231645 0.0158829 0.0477343 0.0475734
2 0.443543 0.191811 0.0197823 0.0280779 0.0469872
0 0.703468 0.227139 0.0130235 0.0438091 0.0454517
9 0.867496 0.128643 0.0139935 0.0396566 0.0451631
5 0.0718747 0.363713 0.142582 0.146957 0.0443031
9 0.493023 0.120342 0.0160229 0.0192103 0.0428422
0 0.0213271 0.822405 0.0402415 0.109965 0.0424699
5 0.294282 0.326042 0.180442 0.138353 0.0407438
3 0.521612 0.218548 0.0347225 0.042784 0.0400504
2 0.809614 0.26447 0.0349218 0.0355409 0.0398276
2 0.85496 0.256641 0.034824 0.0350734 0.0397249
2 0.853991 0.250772 0.0382755 0.0434999 0.0397173
0 0.656339 0.231737 0.0219118 0.0365198 0.0393141
2 0.775509 0.517214 0.159427 0.11756 0.0392605
0 0.31134 0.512781 0.0200324 0.0294534 0.0385318
7 0.954126 0.496749 0.0912928 0.291497 0.03717
0 0.310269 0.512218 0.0204807 0.0286875 0.037019
2 0.810862 0.269584 0.0305498 0.0303757 0.0370034
0 0.0102294 0.389756 0.0203893 0.0865285 0.0367345
0 0.20408 0.574642 0.018554 0.0406206 0.035854
2 0.512381 0.188037 0.0330778 0.0268164 0.0358383
2 0.265361 0.251579 0.0329422 0.0190377 0.0357657
0 0.310262 0.52056 0.0226295 0.0436402 0.0356347
2 0.367535 0.178836 0.0318928 0.0202529 0.0355763
9 0.275183 0.188899 0.02171 0.0295306 0.0353902
2 0.513694 0.378511 0.0936852 0.0814536 0.0347548
2 0.992382 0.389667 0.0144627 0.0375809 0.0346359
2 0.0209165 0.818061 0.0412875 0.118531 0.0344323
2 0.365395 0.17985 0.0351716 0.0211566 0.0342461
2 0.522991 0.196537 0.041753 0.0344627 0.0339923
2 0.0208422 0.811406 0.0414483 0.13465 0.0335779
2 0.520683 0.199845 0.0455323 0.0446434 0.033391
5 0.962213 0.427543 0.0743979 0.151003 0.033134
0 0.71781 0.232432 0.0210086 0.0462138 0.0329477
0 0.698321 0.229991 0.0143808 0.0419416 0.0318708
0 0.722049 0.238373 0.0199878 0.0407758 0.0318497
2 0.515482 0.189552 0.0354692 0.0266 0.0317822
9 0.274877 0.188309 0.0215014 0.0283406 0.0317574
7 0.0199275 0.279492 0.0397222 0.0513477 0.0312832
2 0.534044 0.202701 0.0725033 0.0468001 0.0310838
0 0.994356 0.46472 0.0105312 0.0417162 0.0307792
7 0.0195639 0.279419 0.0391227 0.0510853 0.0304793
0 0.519969 0.199918 0.0427255 0.0439288 0.0301788
9 0.92651 0.124334 0.0222313 0.0378383 0.0299245
0 0.994163 0.539296 0.0110361 0.0209681 0.0298488
0 0.994176 0.463927 0.010775 0.0454361 0.0292825
2 0.819081 0.261256 0.0508511 0.0426177 0.028951
5 0.368999 0.271744 0.178668 0.0522146 0.0288151
0 0.982435 0.535174 0.0340244 0.0298641 0.0287954
0 0.460984 0.200277 0.0258051 0.0400108 0.0283447
9 0.0203988 0.822135 0.0398411 0.10953 0.0283271
2 0.514928 0.37604 0.0955822 0.078636 0.0281956
2 0.832843 0.25915 0.0777611 0.0405635 0.028048
0 0.917125 0.21089 0.0181656 0.0214305 0.0278674
0 0.680046 0.217751 0.00958405 0.021332 0.0275774
0 0.982442 0.537116 0.0341389 0.0273156 0.0269605
7 0.95899 0.740748 0.081543 0.1411 0.0268848
2 0.843768 0.254564 0.0551853 0.0418221 0.0262902
2 0.51686 0.199382 0.0465131 0.0438865 0.0262521
9 0.932232 0.121779 0.0208328 0.0410845 0.0261629
0 0.654418 0.220453 0.0155594 0.0440829 0.0259479
2 0.959089 0.739262 0.0808899 0.138601 0.0256913
9 0.857367 0.131473 0.0277809 0.0409183 0.0256768
0 0.204322 0.578883 0.0184985 0.0457205 0.0255972
