2 0.551666 0.677943 0.228904 0.245056 0.926499
2 0.552092 0.677978 0.228709 0.245783 0.918846
2 0.552089 0.678917 0.229003 0.245766 0.903661
2 0.551947 0.677653 0.228757 0.24496 0.903598
2 0.552134 0.678948 0.227987 0.246026 0.89607
2 0.551865 0.678186 0.229172 0.245652 0.896045
2 0.552193 0.677717 0.228819 0.245919 0.892547
2 0.551833 0.677673 0.229745 0.244937 0.876779
2 0.551756 0.677142 0.229618 0.244197 0.871919
2 0.552096 0.677768 0.228297 0.247131 0.838891
0 0.911244 0.506185 0.0589087 0.185022 0.801125
0 0.910814 0.506761 0.0583572 0.185565 0.791303
0 0.910654 0.506698 0.0593624 0.185508 0.76935
0 0.910312 0.506349 0.0588295 0.185332 0.769302
0 0.912051 0.506055 0.0596262 0.184858 0.763298
0 0.910734 0.507008 0.0578482 0.185431 0.749785
0 0.910976 0.506329 0.0590981 0.185106 0.749029
0 0.910857 0.505906 0.0592701 0.184221 0.736892
0 0.911101 0.506021 0.0582134 0.18497 0.716058
2 0.71532 0.119425 0.0705038 0.0713862 0.462283
0 0.554193 0.345063 0.0387218 0.12262 0.45387
2 0.126978 0.173111 0.0933366 0.0775735 0.452253
2 0.715325 0.119578 0.0694691 0.0719669 0.452105
2 0.12713 0.175883 0.0936642 0.0716237 0.438098
1 0.377322 0.205565 0.0390626 0.0480264 0.436362
0 0.554115 0.348101 0.0359715 0.12441 0.430741
0 0.465957 0.296391 0.0364763 0.0692452 0.4225
2 0.715097 0.118803 0.069782 0.0716428 0.421005
0 0.72859 0.39169 0.0245237 0.114271 0.419069
2 0.127451 0.17418 0.0939806 0.0753038 0.414637
2 0.127311 0.173272 0.0929098 0.0776904 0.409171
0 0.728116 0.384743 0.0244538 0.099968 0.376308
0 0.554532 0.34591 0.0388309 0.123711 0.369375
0 0.553527 0.345567 0.0403403 0.123648 0.367904
2 0.714478 0.119403 0.068754 0.0726437 0.360721
2 0.714947 0.118972 0.0702539 0.0715082 0.359096
2 0.714761 0.119019 0.0703432 0.0719763 0.356171
2 0.12075 0.182736 0.0816573 0.0572111 0.354142
0 0.465429 0.305051 0.0391546 0.0874541 0.351744
0 0.227374 0.31365 0.0387156 0.105036 0.347755
0 0.72867 0.406112 0.0260054 0.133617 0.343281
0 0.259329 0.300909 0.0300431 0.101238 0.340114
0 0.553632 0.34135 0.0376804 0.114776 0.335829
0 0.259481 0.301438 0.030496 0.103174 0.335081
0 0.72783 0.382111 0.0254799 0.0977391 0.331917
0 0.466458 0.305255 0.0379002 0.0881219 0.328599
0 0.556913 0.211452 0.0194334 0.0467454 0.315343
0 0.556698 0.210676 0.0191755 0.0448829 0.31032
1 0.377126 0.204612 0.0387651 0.0508863 0.31001
5 0.934876 0.0517154 0.0488789 0.0568647 0.304016
0 0.465265 0.302421 0.0385294 0.0814421 0.297344
0 0.552995 0.350122 0.0319726 0.114532 0.29549
0 0.0557332 0.285915 0.0272315 0.0946467 0.293413
0 0.466177 0.308659 0.039711 0.0873015 0.293021
2 0.128383 0.170927 0.0935776 0.0777393 0.282226
2 0.12806 0.17331 0.0935056 0.0758927 0.277262
1 0.464508 0.350267 0.069319 0.070559 0.274987
0 0.728302 0.383074 0.0257095 0.0966772 0.273432
0 0.465315 0.309347 0.0408009 0.0877371 0.268854
2 0.714996 0.119694 0.0707962 0.0701527 0.26872
0 0.72834 0.405813 0.0287569 0.147177 0.268181
0 0.556846 0.216587 0.0194408 0.0554431 0.2672
1 0.464499 0.34839 0.0683441 0.0733407 0.266057
0 0.91132 0.505991 0.0581409 0.183514 0.264888
0 0.226378 0.312448 0.0361977 0.105768 0.26276
2 0.11373 0.187231 0.0666263 0.0484352 0.262585
2 0.112899 0.187347 0.0641709 0.0473997 0.260913
0 0.365484 0.136332 0.0188391 0.0576539 0.257732
19 0.256299 0.302309 0.035949 0.102766 0.257533
0 0.225827 0.311927 0.0360415 0.102929 0.256425
0 0.75024 0.147275 0.0215416 0.0713449 0.254603
1 0.0571231 0.313814 0.0228962 0.0436957 0.253669
2 0.125638 0.172814 0.0914143 0.0772275 0.239822
1 0.37666 0.202903 0.0375721 0.0522831 0.236509
0 0.464721 0.292011 0.0356741 0.059959 0.235644
2 0.126445 0.172187 0.0919091 0.0800749 0.234255
0 0.466076 0.292651 0.0362689 0.0607659 0.233401
0 0.55241 0.343413 0.0381901 0.12523 0.230321
0 0.0554425 0.282737 0.0262566 0.0871462 0.228128
2 0.113965 0.186307 0.0677572 0.0511802 0.224845
0 0.728098 0.40595 0.0273497 0.146971 0.2239
19 0.259582 0.301303 0.0301671 0.101826 0.222709
0 0.259608 0.302011 0.0298808 0.104086 0.220108
19 0.226845 0.312289 0.0395397 0.108721 0.213383
0 0.728237 0.398229 0.0263703 0.133024 0.212043
0 0.055695 0.282769 0.0269467 0.0882844 0.211851
0 0.556934 0.219111 0.019264 0.0578836 0.211776
2 0.715558 0.118374 0.0697186 0.0708117 0.208653
0 0.750692 0.146084 0.0222871 0.0748457 0.205756
0 0.728844 0.405705 0.0285478 0.140706 0.202567
2 0.112318 0.187558 0.0637826 0.0472101 0.202186
0 0.365565 0.135902 0.0193217 0.0573995 0.197405
2 0.127882 0.176531 0.0953027 0.0700972 0.195861
0 0.749246 0.147312 0.0194031 0.0669802 0.194356
5 0.975802 0.0767616 0.047361 0.0682503 0.194351
2 0.713867 0.11915 0.0675428 0.0726035 0.194213
0 0.364812 0.136844 0.0212352 0.0604872 0.193396
0 0.0570834 0.286446 0.0292249 0.0944633 0.193193
2 0.71474 0.119138 0.0701721 0.0693871 0.19234
0 0.728788 0.40675 0.0299158 0.147499 0.188439
2 0.127596 0.171958 0.09043 0.0789965 0.18742
2 0.118671 0.178595 0.0795534 0.0673663 0.187051
0 0.553112 0.347685 0.0330808 0.126501 0.186058
0 0.226765 0.311992 0.0362378 0.108534 0.183863
1 0.056947 0.310237 0.023029 0.0481224 0.183654
0 0.376737 0.195493 0.038462 0.0653684 0.182473
2 0.111907 0.186833 0.0630066 0.050279 0.18212
0 0.36495 0.136449 0.0199481 0.0589383 0.176731
0 0.551563 0.369504 0.0261988 0.0772378 0.175841
0 0.259646 0.301529 0.0301378 0.102504 0.175605
1 0.377309 0.200568 0.0386253 0.0579971 0.174984
0 0.552463 0.369144 0.0275043 0.0762878 0.174531
0 0.551385 0.343665 0.0406962 0.12566 0.171351
5 0.934812 0.0520664 0.0490288 0.0572904 0.17135
0 0.72846 0.389224 0.0240471 0.0992817 0.170244
0 0.552274 0.369184 0.0266315 0.0776834 0.166649
0 0.364739 0.135185 0.0188763 0.0563871 0.165247
3 0.463722 0.34837 0.0698347 0.0752841 0.164845
0 0.557059 0.215265 0.0200583 0.0533925 0.164792
5 0.975846 0.0762597 0.0474823 0.0694108 0.16201
19 0.231893 0.312392 0.0492424 0.108791 0.161322
0 0.0570211 0.285006 0.0270719 0.090099 0.161068
0 0.728814 0.407378 0.0311912 0.150088 0.15923
19 0.25985 0.301398 0.0299914 0.102383 0.15776
5 0.935121 0.0516779 0.0486801 0.0565327 0.156995
19 0.234734 0.312529 0.0559613 0.109386 0.155723
0 0.467585 0.31783 0.0377956 0.0631762 0.15469
3 0.462982 0.348384 0.0708539 0.0757615 0.15458
0 0.375635 0.197479 0.035985 0.0596347 0.15455
0 0.46412 0.290182 0.0335149 0.056969 0.152834
0 0.465858 0.293799 0.0345606 0.0658972 0.151336
0 0.465602 0.290968 0.0319971 0.0584727 0.147688
2 0.713657 0.119145 0.0667247 0.0707459 0.147459
5 0.975606 0.0767074 0.0478554 0.0688022 0.146355
0 0.0555169 0.281147 0.0249557 0.0830705 0.145585
19 0.225075 0.313028 0.0370616 0.108572 0.144138
0 0.224358 0.312022 0.0346362 0.10306 0.142815
0 0.748276 0.142509 0.0179211 0.06799 0.142795
2 0.117673 0.176236 0.0781819 0.0706684 0.13952
5 0.977702 0.0761047 0.0438889 0.0709012 0.137623
0 0.258918 0.301767 0.0294359 0.0991008 0.135056
0 0.364596 0.138062 0.0214836 0.0622942 0.134983
0 0.220498 0.311924 0.0277742 0.102525 0.133842
0 0.0556463 0.286002 0.0273028 0.0953336 0.130763
0 0.0552162 0.280591 0.0260583 0.0828449 0.130622
19 0.224437 0.312929 0.0366789 0.107823 0.130503
0 0.317938 0.156429 0.0116187 0.0362623 0.13032
0 0.551796 0.368181 0.0268864 0.0774748 0.122228
8 0.975985 0.077353 0.0469959 0.070131 0.121962
0 0.750365 0.145829 0.021343 0.0725361 0.121206
0 0.376133 0.193841 0.035966 0.0657687 0.119698
3 0.463453 0.349573 0.0729101 0.0735582 0.118369
0 0.375316 0.193839 0.0347143 0.0649624 0.118249
0 0.0570527 0.285635 0.0268354 0.0915182 0.118044
0 0.365499 0.135381 0.0190142 0.0586873 0.117666
0 0.365069 0.137056 0.0209286 0.0593264 0.117142
3 0.377014 0.200754 0.0393234 0.0575547 0.116878
5 0.976439 0.0754203 0.0465919 0.073163 0.116787
8 0.974884 0.0766815 0.0477531 0.0681817 0.115967
0 0.553108 0.344519 0.0376622 0.126675 0.114898
5 0.93507 0.0524452 0.0475586 0.056192 0.110089
5 0.976983 0.0764671 0.0453877 0.0708415 0.107229
0 0.728579 0.397895 0.0267488 0.113388 0.107008
2 0.111728 0.186897 0.0622493 0.0453049 0.105913
0 0.434148 0.149833 0.0185785 0.0564662 0.105482
5 0.934079 0.0529692 0.0492203 0.0556439 0.105313
19 0.225263 0.313519 0.0376083 0.108948 0.101605
5 0.976464 0.0753056 0.0462181 0.0683638 0.101226
0 0.057186 0.283615 0.0289519 0.089794 0.101079
1 0.463723 0.349461 0.0721127 0.073102 0.100923
0 0.551127 0.339031 0.035825 0.113003 0.0995128
0 0.728458 0.407898 0.0296423 0.135355 0.0987125
0 0.365003 0.133717 0.0165235 0.0544043 0.096172
0 0.318079 0.153749 0.0108605 0.0301441 0.0958972
0 0.260377 0.301762 0.0281825 0.103252 0.0955
0 0.259455 0.301257 0.0276773 0.0993423 0.0939005
3 0.377888 0.200193 0.03961 0.058582 0.0925416
0 0.556478 0.224103 0.0184725 0.0700818 0.0916746
1 0.461603 0.351276 0.0658156 0.0678865 0.0916449
0 0.188487 0.131205 0.0197501 0.0660231 0.0912978
3 0.463939 0.34896 0.0707098 0.0758174 0.0899041
3 0.460879 0.347119 0.0570017 0.071468 0.0898571
1 0.0564142 0.287964 0.0253269 0.0932284 0.0894712
3 0.376809 0.196365 0.0398892 0.0668791 0.0886647
5 0.934864 0.0520414 0.0479656 0.0552418 0.0886434
0 0.561443 0.344196 0.0478841 0.0987709 0.0884683
0 0.552625 0.360249 0.0306849 0.0926493 0.0883105
0 0.434362 0.1499 0.0188963 0.0569072 0.0861619
0 0.556878 0.217879 0.0194541 0.0592652 0.0856653
0 0.188176 0.130924 0.0203038 0.0660123 0.084597
3 0.377801 0.207713 0.0391386 0.0471318 0.0843182
0 0.18904 0.13115 0.0209291 0.0664321 0.0833027
0 0.728996 0.404326 0.0275982 0.14828 0.0831813
0 0.750535 0.152037 0.0218365 0.0643804 0.0828557
16 0.259784 0.302 0.030653 0.104015 0.0819421
8 0.975826 0.0774351 0.0466938 0.0673712 0.0813185
2 0.568527 0.125846 0.075621 0.049395 0.0803019
2 0.885668 0.0936485 0.0301472 0.0730775 0.0786155
7 0.21462 0.137643 0.0845658 0.0928194 0.0772017
0 0.188558 0.130918 0.0217678 0.066475 0.0769461
0 0.241739 0.159093 0.0172561 0.0377688 0.0768377
1 0.0584082 0.308762 0.025094 0.0520154 0.0758442
2 0.56819 0.124197 0.0772502 0.0517683 0.0754429
2 0.714177 0.11894 0.0707134 0.0724109 0.0746318
1 0.0572114 0.286837 0.0266523 0.0944777 0.0734703
5 0.935266 0.0523078 0.0484661 0.0567612 0.0720297
1 0.464157 0.349173 0.0727719 0.073851 0.0718634
0 0.378306 0.196642 0.0397686 0.0657952 0.0718365
2 0.568641 0.121873 0.0786089 0.0579399 0.0716266
1 0.467192 0.34815 0.0656389 0.0739099 0.0705221
3 0.459812 0.347361 0.0528906 0.0633631 0.0663965
1 0.467371 0.351193 0.0658062 0.0658507 0.0647191
2 0.0265929 0.189745 0.0531857 0.0422737 0.0639521
1 0.0572761 0.290737 0.0275578 0.0878445 0.063745
0 0.242196 0.160239 0.0156825 0.0374379 0.0634818
2 0.141919 0.167396 0.0642397 0.0599927 0.0633609
0 0.260035 0.300535 0.0285605 0.101227 0.0625107
5 0.935194 0.052095 0.0478539 0.0562562 0.0620477
5 0.976299 0.0767169 0.0468536 0.0705831 0.0611416
2 0.0265818 0.189198 0.0530814 0.0425771 0.0608089
0 0.364999 0.13619 0.0206872 0.0577776 0.06047
0 0.552365 0.370232 0.0259816 0.0772105 0.0602262
3 0.378143 0.195888 0.0403452 0.0653547 0.059355
0 0.532731 0.131196 0.0137798 0.0473611 0.0570672
0 0.558297 0.340714 0.0414862 0.0972268 0.0569852
2 0.0268582 0.191167 0.0532044 0.0469727 0.0562075
0 0.43382 0.148676 0.0184771 0.0594082 0.0555038
26 0.907726 0.481126 0.0275293 0.0706371 0.0551968
1 0.461089 0.349542 0.062149 0.0698403 0.0547356
19 0.239385 0.308376 0.0660531 0.111725 0.0543855
5 0.933464 0.0517152 0.0493076 0.0556226 0.0543492
0 0.2234 0.310066 0.0325336 0.0989824 0.0541926
2 0.111001 0.185785 0.0614969 0.0458447 0.0541541
0 0.465838 0.326024 0.0380627 0.0605805 0.0532448
36 0.90991 0.590128 0.0594667 0.0229797 0.0529689
26 0.909187 0.483278 0.0272362 0.0728888 0.0526454
0 0.467123 0.292412 0.0365536 0.0598548 0.0512719
1 0.0590843 0.311733 0.0246284 0.0488601 0.0509555
3 0.377742 0.200923 0.0396438 0.0588842 0.0509306
2 0.568383 0.124918 0.0774113 0.053686 0.050736
0 0.753822 0.138111 0.0259694 0.0851974 0.0501908
19 0.240428 0.307951 0.0656259 0.111725 0.049727
3 0.16069 0.179471 0.027241 0.0456092 0.0488377
2 0.0257677 0.188381 0.0515354 0.0401654 0.0470542
2 0.566213 0.128138 0.0729309 0.0445044 0.0462319
0 0.530079 0.139809 0.0155259 0.0595753 0.0456455
3 0.571876 0.384291 0.0549067 0.0709306 0.044961
0 0.776059 0.0700256 0.0207928 0.0355666 0.0445296
0 0.727459 0.379338 0.025297 0.0813244 0.0441373
3 0.573831 0.389323 0.0532934 0.0698259 0.0441356
0 0.725531 0.406316 0.0362281 0.149032 0.0439791
2 0.568551 0.123677 0.0779241 0.0541511 0.0438533
3 0.569907 0.383686 0.0584535 0.0789445 0.0432241
0 0.188113 0.123279 0.0185279 0.0514812 0.0431645
0 0.56553 0.345453 0.0607413 0.124939 0.0421379
1 0.373702 0.206476 0.0398992 0.0455346 0.041696
3 0.575228 0.39584 0.0467899 0.0536631 0.0413413
0 0.465703 0.279691 0.0206484 0.0350313 0.0410478
3 0.160222 0.177864 0.0286323 0.0432128 0.0405786
26 0.91096 0.496525 0.0274817 0.0471092 0.0403729
0 0.751359 0.15921 0.021543 0.051028 0.0396992
0 0.776028 0.0703524 0.0223575 0.0329834 0.0396034
0 0.533156 0.127534 0.0150384 0.0487712 0.0393806
0 0.467162 0.29121 0.0354589 0.0584809 0.0391207
0 0.188493 0.126452 0.0182776 0.0574552 0.0389988
26 0.907556 0.483799 0.0330046 0.0723942 0.0389801
0 0.810519 0.14352 0.022023 0.0805359 0.038877
2 0.138888 0.148594 0.0613119 0.0293758 0.0387705
5 0.975435 0.0779061 0.0479362 0.0686696 0.0384904
0 0.467972 0.325082 0.0408979 0.0686312 0.0384843
0 0.318381 0.157002 0.012794 0.0361825 0.0384539
0 0.729356 0.35427 0.025402 0.0496288 0.0373639
2 0.209534 0.155709 0.0463964 0.0536854 0.0372539
3 0.579606 0.393507 0.037735 0.0556625 0.0370218
2 0.580881 0.125318 0.0497391 0.048055 0.036655
0 0.511584 0.6309 0.0561325 0.0478162 0.0363893
0 0.432837 0.147231 0.0206326 0.0646677 0.0363845
0 0.55478 0.214184 0.0253986 0.052387 0.036256
0 0.418648 0.115217 0.0185034 0.0478622 0.0362517
0 0.776771 0.0707972 0.0206034 0.0343328 0.036113
6 0.953806 0.0481338 0.0879393 0.0634153 0.0360694
0 0.41822 0.0952221 0.0175225 0.0421213 0.0360596
2 0.887333 0.0935362 0.0485046 0.0760913 0.0360571
0 0.726196 0.407073 0.0362041 0.152146 0.0358108
0 0.241297 0.30728 0.0650126 0.106589 0.0355403
0 0.0575982 0.280672 0.0295533 0.0838397 0.035027
1 0.450395 0.354124 0.0462255 0.0609323 0.0346399
2 0.0261415 0.193067 0.052283 0.0480408 0.0344843
0 0.569049 0.370346 0.0583152 0.0866626 0.034408
36 0.90974 0.590513 0.0582783 0.021584 0.0339788
16 0.240969 0.31036 0.0683499 0.112306 0.0338161
1 0.464193 0.354204 0.069414 0.0653509 0.0336995
0 0.428941 0.146734 0.0304045 0.0648637 0.0334378
0 0.460415 0.308656 0.0446365 0.0864652 0.0332322
2 0.888239 0.0929751 0.0473957 0.0768557 0.0329902
5 0.568465 0.124999 0.0775541 0.0533829 0.0328631
0 0.80999 0.134662 0.0186523 0.0587441 0.0328107
2 0.881912 0.0943018 0.0508171 0.075779 0.0326615
0 0.566853 0.356499 0.0438015 0.0874252 0.0325157
3 0.582859 0.395851 0.0325975 0.0530991 0.0321184
