2 0.431798 0.734095 0.190367 0.235802 0.929081
2 0.431973 0.733149 0.189303 0.235513 0.915911
2 0.431559 0.733846 0.190494 0.235466 0.90943
2 0.432191 0.733849 0.18852 0.2365 0.894207
2 0.431689 0.73363 0.189853 0.236276 0.889845
2 0.431686 0.733173 0.189614 0.235047 0.882668
2 0.431962 0.73318 0.190454 0.235799 0.878728
2 0.431673 0.73355 0.189934 0.235893 0.871448
2 0.431602 0.734342 0.189999 0.235625 0.867768
2 0.431918 0.734304 0.189404 0.235529 0.862416
2 0.707609 0.205761 0.0663057 0.0411577 0.836097
2 0.909106 0.268483 0.101222 0.0614993 0.833868
2 0.42716 0.505891 0.126498 0.119659 0.82455
2 0.707177 0.206118 0.0654213 0.0404609 0.814737
2 0.427533 0.505575 0.126389 0.1192 0.812488
2 0.633882 0.299646 0.0972246 0.0625131 0.811738
2 0.90906 0.268272 0.101233 0.0611743 0.811086
2 0.634221 0.299428 0.0965975 0.0626162 0.810813
2 0.707361 0.205982 0.0665931 0.0409526 0.810072
2 0.427412 0.505306 0.126527 0.119588 0.800984
2 0.63418 0.299733 0.0965202 0.06167 0.800767
2 0.90893 0.268748 0.100806 0.0604171 0.797591
2 0.427544 0.505573 0.125763 0.11913 0.794515
2 0.427457 0.505385 0.126309 0.11993 0.792454
2 0.908324 0.268356 0.100139 0.058834 0.791258
2 0.427498 0.505041 0.126446 0.120032 0.789754
2 0.269683 0.303577 0.0611996 0.0536776 0.789365
2 0.908867 0.268559 0.100852 0.0610297 0.788821
2 0.427408 0.505297 0.126114 0.11972 0.788194
2 0.707279 0.205806 0.0662058 0.0412935 0.786991
2 0.634131 0.299576 0.0966343 0.0619852 0.786134
2 0.634254 0.299495 0.0966142 0.062329 0.785204
2 0.909147 0.268107 0.101884 0.0607065 0.779574
2 0.427441 0.505686 0.126138 0.119466 0.778934
2 0.198009 0.556689 0.106817 0.125097 0.772217
2 0.427603 0.505651 0.125346 0.119046 0.769066
2 0.90923 0.268172 0.101716 0.0609028 0.763152
2 0.19812 0.556635 0.106997 0.124608 0.761985
2 0.707557 0.205452 0.0672504 0.0400553 0.758609
2 0.269796 0.303737 0.0602078 0.0527693 0.757888
2 0.198349 0.556671 0.107172 0.124666 0.756965
2 0.707852 0.205719 0.0657414 0.0408745 0.753336
2 0.198181 0.556612 0.107249 0.125337 0.747241
2 0.634263 0.299251 0.097172 0.0624507 0.744415
2 0.198183 0.556825 0.107012 0.124183 0.741176
2 0.634205 0.299383 0.0968044 0.0631477 0.738682
2 0.70764 0.205984 0.0654417 0.0410486 0.722599
2 0.634237 0.299542 0.0956825 0.0626955 0.722385
2 0.197997 0.556991 0.107126 0.125824 0.717781
2 0.269473 0.303064 0.0615807 0.0534225 0.711689
2 0.198041 0.55699 0.107354 0.123714 0.711487
2 0.198381 0.556833 0.106968 0.123631 0.710602
2 0.707571 0.205181 0.067244 0.0409111 0.708158
2 0.19787 0.556907 0.107063 0.125371 0.707249
2 0.269465 0.303679 0.0617059 0.0534667 0.684267
2 0.269634 0.303311 0.0618237 0.0537569 0.678129
2 0.427691 0.505067 0.127074 0.120897 0.671276
2 0.707521 0.205882 0.0663839 0.0416257 0.664304
2 0.90579 0.268701 0.106346 0.0605589 0.654256
2 0.269675 0.303857 0.0615656 0.0535922 0.652847
2 0.105742 0.233941 0.0341442 0.0330121 0.612318
2 0.706502 0.205964 0.0640196 0.0406721 0.59816
2 0.105919 0.234201 0.0342693 0.0329176 0.589968
2 0.909322 0.268029 0.101377 0.0602131 0.588061
2 0.790421 0.6918 0.218361 0.196645 0.580219
2 0.634016 0.299541 0.0966784 0.0621853 0.580062
2 0.269712 0.304198 0.0609725 0.0526906 0.578947
2 0.269309 0.303159 0.061965 0.0543863 0.559337
2 0.790294 0.69191 0.218264 0.197154 0.554811
2 0.105524 0.233973 0.0333604 0.0328076 0.54848
2 0.26892 0.303684 0.0613503 0.0534279 0.539603
2 0.790308 0.692076 0.217505 0.196172 0.530862
2 0.105573 0.234891 0.0330766 0.0301969 0.530703
2 0.105525 0.234348 0.032759 0.0318384 0.529207
2 0.551157 0.191209 0.0490517 0.033944 0.519526
2 0.634253 0.299847 0.0950256 0.0623154 0.504069
2 0.790329 0.691894 0.217497 0.194844 0.502059
2 0.551487 0.190908 0.0487688 0.0348461 0.49498
0 0.202825 0.833516 0.0353076 0.1203 0.483279
2 0.790397 0.692216 0.215938 0.196647 0.47537
2 0.0219857 0.380857 0.0439713 0.0701379 0.475039
2 0.106127 0.235039 0.0344447 0.0308205 0.471332
7 0.790498 0.692915 0.218532 0.19821 0.465268
2 0.790586 0.691948 0.216382 0.196316 0.460085
2 0.367144 0.16351 0.0363286 0.0220861 0.457468
2 0.7907 0.691547 0.216832 0.196436 0.45528
2 0.0220436 0.381546 0.0439194 0.070203 0.452193
2 0.551086 0.19172 0.0490024 0.0334706 0.443312
2 0.105372 0.234465 0.033399 0.0321305 0.441559
7 0.856119 0.91341 0.286873 0.171715 0.435542
7 0.856198 0.913766 0.286366 0.171552 0.433905
0 0.203485 0.833198 0.0361337 0.121225 0.431761
2 0.551388 0.19074 0.0501146 0.0348772 0.430381
7 0.855846 0.913808 0.287095 0.171499 0.427698
7 0.856434 0.913357 0.286162 0.172549 0.427155
2 0.0217826 0.382346 0.0434317 0.0713188 0.417322
2 0.550922 0.191531 0.0489113 0.0345985 0.414529
2 0.0228745 0.381578 0.0457491 0.0697935 0.412017
2 0.0214274 0.381724 0.0428548 0.0707493 0.411591
7 0.855901 0.913412 0.286602 0.17207 0.404084
7 0.855801 0.91337 0.287587 0.172259 0.391036
2 0.790105 0.691678 0.217529 0.195531 0.389335
0 0.203282 0.83585 0.0359135 0.123065 0.385384
2 0.551376 0.191555 0.0490959 0.033346 0.37903
7 0.790836 0.693012 0.216881 0.199284 0.375227
2 0.367602 0.163872 0.0359717 0.0216208 0.370146
2 0.0215291 0.382206 0.0430582 0.0707616 0.369302
2 0.367811 0.163654 0.036233 0.0221016 0.362096
7 0.855798 0.91324 0.286885 0.172591 0.358675
2 0.0210794 0.381655 0.042134 0.0698138 0.35276
0 0.203225 0.834034 0.0352243 0.119969 0.350859
0 0.203642 0.836522 0.0368454 0.124984 0.350781
2 0.0232542 0.382477 0.0460592 0.0712993 0.347792
0 0.204252 0.83508 0.0359938 0.119223 0.341232
2 0.0226674 0.381818 0.045211 0.0705458 0.33726
2 0.367043 0.163763 0.0350902 0.0210294 0.334843
2 0.0212216 0.382153 0.0424433 0.0704517 0.334633
2 0.368 0.163451 0.0376556 0.0214365 0.325941
2 0.064755 0.451733 0.0540418 0.0557784 0.321731
2 0.106132 0.233239 0.0342805 0.0339172 0.317943
2 0.367363 0.163489 0.035743 0.0216347 0.317765
2 0.367673 0.164037 0.0365151 0.0219944 0.31244
2 0.0648387 0.451219 0.0541615 0.0556742 0.311003
2 0.551388 0.191716 0.0497548 0.0334576 0.303758
7 0.856542 0.914003 0.285257 0.170795 0.299789
0 0.202695 0.834324 0.0351824 0.118728 0.295182
2 0.0211141 0.380153 0.042206 0.0694219 0.294218
2 0.551555 0.191362 0.0482998 0.0344241 0.285556
7 0.855641 0.913327 0.286986 0.172317 0.259964
0 0.0710868 0.608806 0.032832 0.105703 0.257892
2 0.0611092 0.440877 0.0605849 0.0767488 0.25645
2 0.0580834 0.435333 0.0659572 0.084892 0.231013
0 0.00732856 0.510371 0.0144676 0.0579245 0.228121
0 0.202537 0.82904 0.0334697 0.111395 0.227162
0 0.00741243 0.512807 0.0145533 0.0586054 0.222891
2 0.0639876 0.451171 0.0553931 0.0569158 0.221281
0 0.071069 0.607538 0.031916 0.103998 0.219856
0 0.203164 0.823363 0.0339746 0.100112 0.20957
0 0.0707776 0.606816 0.0325403 0.104784 0.208359
0 0.204737 0.838623 0.0378618 0.128974 0.207071
2 0.197678 0.557436 0.107303 0.124464 0.202502
2 0.0588238 0.436581 0.0646159 0.084427 0.19891
2 0.0228504 0.382176 0.0455325 0.0713536 0.198811
2 0.507015 0.177492 0.0278886 0.028249 0.197845
2 0.197941 0.557002 0.106492 0.124416 0.194061
2 0.0655356 0.451635 0.0523436 0.0558121 0.191904
2 0.52215 0.177201 0.0562698 0.0320298 0.190388
2 0.269329 0.303821 0.0611479 0.0535995 0.190057
5 0.285273 0.178044 0.0827143 0.0596311 0.189086
2 0.0625661 0.449312 0.0586503 0.0593716 0.188979
2 0.105927 0.233342 0.034108 0.0337563 0.185421
5 0.285046 0.178898 0.0823736 0.0615615 0.184984
0 0.0714686 0.613016 0.0314953 0.0969183 0.18388
2 0.521847 0.178023 0.0533909 0.0319269 0.18129
2 0.0161667 0.317744 0.0323334 0.0619525 0.178411
2 0.550533 0.188712 0.048407 0.0338547 0.178291
2 0.0661067 0.451643 0.0517985 0.0552664 0.177862
2 0.551301 0.190699 0.0495533 0.0353987 0.176896
2 0.0644566 0.451991 0.0543585 0.0559913 0.171168
2 0.505038 0.178824 0.0232493 0.0261367 0.169981
0 0.00669523 0.508667 0.0132607 0.0549809 0.165806
0 0.00747297 0.516129 0.0146504 0.0513656 0.162431
5 0.284311 0.175962 0.0827249 0.0548256 0.160623
5 0.284317 0.177648 0.0821629 0.0614079 0.159916
5 0.285055 0.177789 0.0820168 0.0611909 0.15543
0 0.202586 0.836483 0.0365228 0.124963 0.153979
2 0.0153676 0.322448 0.030684 0.0534054 0.150604
5 0.0153489 0.2322 0.030385 0.224923 0.149155
0 0.307081 0.841468 0.043849 0.0881538 0.145663
0 0.00839739 0.511603 0.0167948 0.0676908 0.144737
2 0.514296 0.178806 0.0410184 0.0305415 0.14453
2 0.10653 0.232637 0.0354467 0.0347353 0.142807
0 0.0082447 0.512227 0.0164875 0.068791 0.141356
5 0.284454 0.177716 0.0822526 0.0620504 0.140092
5 0.284917 0.178428 0.0818252 0.061866 0.138171
0 0.0731357 0.613484 0.0293909 0.0966005 0.134771
0 0.205632 0.838621 0.0367832 0.121713 0.134297
0 0.308938 0.835591 0.0436244 0.0745693 0.132476
0 0.307774 0.839307 0.0438694 0.0834276 0.129608
0 0.071212 0.607126 0.0340361 0.110629 0.129157
5 0.0167253 0.233712 0.0334506 0.221666 0.128976
0 0.0704375 0.606364 0.0330072 0.108765 0.12823
5 0.0138499 0.226385 0.0274986 0.201665 0.125712
0 0.0736207 0.6242 0.0280835 0.0748735 0.12417
2 0.0572734 0.435718 0.0698559 0.0850969 0.123755
5 0.0128643 0.190033 0.0255351 0.126964 0.123647
0 0.202644 0.835231 0.0358788 0.121512 0.120668
2 0.0140147 0.323647 0.0277589 0.0515076 0.120617
0 0.0704984 0.604995 0.0314011 0.101829 0.11982
2 0.445196 0.178858 0.0192194 0.022401 0.118775
0 0.307438 0.836814 0.0475237 0.0791864 0.118524
2 0.91781 0.268618 0.0829308 0.0609106 0.118335
0 0.305717 0.846916 0.0417697 0.0968365 0.115406
0 0.0747666 0.625576 0.0264627 0.0733722 0.11068
2 0.461154 0.17395 0.0241999 0.026641 0.109564
5 0.0136045 0.189304 0.0270129 0.12646 0.109257
0 0.308286 0.836055 0.0437608 0.0772648 0.108845
0 0.00838556 0.514881 0.0167369 0.0735863 0.108453
0 0.308474 0.839175 0.0493634 0.0837133 0.107456
5 0.0172955 0.236393 0.0345909 0.220578 0.106991
2 0.707193 0.205734 0.0642832 0.0406409 0.106262
2 0.782772 0.650238 0.126364 0.11198 0.106088
0 0.0707933 0.60682 0.0334113 0.109305 0.106074
2 0.454251 0.175065 0.036997 0.0291208 0.104167
2 0.0639497 0.45115 0.0558254 0.0577995 0.103642
2 0.503931 0.178545 0.0234149 0.0260619 0.103037
9 0.937571 0.101319 0.0211472 0.0427648 0.10141
5 0.0170509 0.233941 0.0341018 0.220062 0.101338
2 0.0151738 0.321106 0.0302297 0.0563954 0.0967413
2 0.0215177 0.385049 0.0430354 0.073629 0.0932705
0 0.202642 0.808947 0.0312218 0.0688733 0.0930655
2 0.459969 0.173995 0.0260449 0.0281472 0.0926785
0 0.0285749 0.814242 0.0375909 0.101311 0.0904718
0 0.202436 0.809745 0.0320445 0.0698932 0.0892199
0 0.204747 0.834181 0.0370757 0.11863 0.088188
2 0.54995 0.187977 0.0485474 0.0370061 0.0865447
2 0.525383 0.177583 0.0506615 0.0310923 0.0865347
5 0.281785 0.176071 0.077407 0.0551551 0.0862929
0 0.323267 0.920394 0.0338167 0.0901442 0.0861551
9 0.116168 0.140257 0.0121827 0.0305484 0.0851819
0 0.203052 0.842268 0.0285348 0.109437 0.0851198
2 0.767701 0.651005 0.156142 0.1146 0.084494
9 0.704735 0.093236 0.0180918 0.0293283 0.0829243
2 0.198614 0.556767 0.106715 0.123518 0.0828132
0 0.303042 0.850773 0.0370857 0.102272 0.0820918
2 0.530136 0.177875 0.0412373 0.0299649 0.0819464
2 0.707706 0.204883 0.0671003 0.0405742 0.081756
2 0.0604182 0.437339 0.0616163 0.0833758 0.0816137
0 0.0745784 0.623822 0.0270428 0.0760578 0.0796058
0 0.303895 0.84325 0.0389351 0.091267 0.0788865
9 0.935599 0.100926 0.0192497 0.0430184 0.0787916
9 0.98094 0.0960131 0.037302 0.0340017 0.077733
7 0.018302 0.295857 0.0365174 0.103085 0.0775795
9 0.980974 0.102003 0.0379171 0.0472286 0.0774425
2 0.521713 0.179748 0.0555143 0.0343108 0.0765142
0 0.0076723 0.523715 0.0153194 0.0588715 0.0745412
5 0.0170988 0.23076 0.0340394 0.233731 0.0742832
9 0.931872 0.102629 0.0241512 0.0389755 0.0734739
0 0.0708845 0.606477 0.0319282 0.10466 0.0734463
0 0.00669673 0.501517 0.0131482 0.047794 0.0729854
9 0.11624 0.136703 0.0140101 0.0244397 0.0717265
2 0.306497 0.204066 0.033774 0.0158124 0.0710244
9 0.704214 0.0940208 0.0192101 0.0307923 0.0702894
2 0.454871 0.174688 0.0365207 0.028796 0.0702366
7 0.0180625 0.29514 0.0359721 0.103375 0.0665862
5 0.0138053 0.189264 0.0274795 0.135369 0.0656732
2 0.0591935 0.436918 0.0664248 0.0843052 0.0654557
2 0.0176678 0.31251 0.0352313 0.0697343 0.0649599
2 0.051269 0.41508 0.0427415 0.0441922 0.0647467
2 0.456469 0.173121 0.03315 0.0299423 0.0644961
2 0.551261 0.19253 0.0510237 0.0304214 0.0642711
0 0.311106 0.880725 0.0562317 0.168069 0.0624961
0 0.305524 0.839496 0.046221 0.0842453 0.0622272
2 0.52027 0.176063 0.0534418 0.0348088 0.0619246
1 0.313495 0.907152 0.0531187 0.119347 0.0613914
2 0.530373 0.178231 0.0413069 0.0297488 0.0606641
0 0.200588 0.840939 0.0262973 0.111248 0.0601558
2 0.0222832 0.383278 0.0441034 0.0752882 0.0590383
9 0.934895 0.100019 0.0218884 0.0436569 0.0588885
0 0.302317 0.858186 0.0372819 0.0992855 0.0585595
2 0.783647 0.649052 0.122032 0.108564 0.0584189
5 0.0126233 0.191144 0.0251557 0.133207 0.0580639
0 0.323526 0.92165 0.0329225 0.0879108 0.0577337
9 0.981357 0.10009 0.0366833 0.0431679 0.057078
7 0.856249 0.912807 0.286427 0.172476 0.0568437
2 0.460834 0.174408 0.0262394 0.0264903 0.0563589
9 0.704707 0.0916669 0.0193481 0.0302503 0.0562714
2 0.306387 0.203026 0.0330788 0.0171338 0.0560683
2 0.784452 0.649191 0.120087 0.108955 0.0557064
2 0.0147844 0.328386 0.0295151 0.0433392 0.0557036
9 0.220478 0.265814 0.0296757 0.0288977 0.0552612
0 0.309851 0.83405 0.0435395 0.0709959 0.0549945
0 0.0110244 0.517219 0.0219635 0.0775222 0.0546425
2 0.504723 0.177208 0.0249982 0.0268446 0.0546391
0 0.308077 0.832778 0.0420276 0.0706833 0.0531684
0 0.324075 0.918481 0.0305867 0.0907732 0.0528678
2 0.551097 0.193261 0.0494177 0.0313141 0.0524564
2 0.0171402 0.385779 0.0341515 0.0671984 0.0521347
2 0.777255 0.649514 0.134903 0.109589 0.0520432
2 0.0198671 0.274756 0.0393987 0.0615894 0.052021
9 0.980821 0.0961673 0.0372406 0.0361777 0.0505812
0 0.307194 0.84812 0.0486034 0.102079 0.0504322
2 0.2691 0.303338 0.0617336 0.053425 0.0501522
2 0.0493792 0.411605 0.042435 0.0378819 0.0485816
2 0.910789 0.268364 0.0954437 0.0586152 0.0471521
5 0.00983932 0.182826 0.0196786 0.11109 0.0462976
0 0.31621 0.914362 0.0486377 0.104214 0.0458478
2 0.221025 0.264932 0.0298574 0.030126 0.0453851
2 0.0615497 0.436887 0.0607764 0.0831716 0.0450808
0 0.309774 0.879774 0.0542705 0.166489 0.0445586
9 0.220567 0.26568 0.0300586 0.0291411 0.0442762
1 0.314487 0.909896 0.0518855 0.115688 0.0440555
2 0.0181289 0.316987 0.0360716 0.0642552 0.0439427
2 0.0217416 0.781999 0.0277864 0.0434655 0.0436851
9 0.784624 0.123964 0.0232943 0.0270447 0.0436648
2 0.0181516 0.292019 0.0363033 0.0630347 0.0432779
2 0.0135503 0.331447 0.0268861 0.0379919 0.0429289
2 0.0228645 0.380659 0.0457291 0.0680761 0.0427172
9 0.981318 0.102335 0.0363853 0.0480353 0.0426712
9 0.934574 0.103019 0.0229197 0.0423014 0.0424842
