2 0.67793 0.31944 0.0891349 0.112418 0.818991
2 0.678011 0.319295 0.0894428 0.112435 0.805195
2 0.678279 0.319239 0.0881314 0.112359 0.80018
2 0.67878 0.318769 0.0884047 0.111239 0.792931
2 0.677673 0.319184 0.0889231 0.111884 0.776029
2 0.678397 0.3193 0.0881105 0.112077 0.764307
2 0.678639 0.318698 0.0876945 0.111088 0.755737
2 0.678003 0.318995 0.0882063 0.111666 0.746723
2 0.678594 0.318385 0.0884187 0.111378 0.734394
2 0.0603417 0.559627 0.120232 0.184482 0.732774
2 0.0601982 0.559823 0.119971 0.184278 0.710689
2 0.0600359 0.559565 0.11987 0.185642 0.67787
2 0.0600496 0.559856 0.119766 0.185668 0.658857
2 0.0603251 0.559714 0.120465 0.183652 0.597131
2 0.0596625 0.560122 0.119082 0.185546 0.555518
2 0.455192 0.166007 0.0854855 0.0594247 0.514101
5 0.206702 0.145984 0.0987765 0.14372 0.509551
2 0.455404 0.166274 0.0845758 0.0583436 0.473167
2 0.0600634 0.559782 0.119798 0.184481 0.460393
0 0.0429715 0.319101 0.0327787 0.100203 0.457755
0 0.0425889 0.319341 0.0314558 0.0997125 0.455361
2 0.455266 0.165547 0.086036 0.0604914 0.440779
2 0.455345 0.168115 0.0848082 0.0548112 0.426346
2 0.0599989 0.559574 0.119687 0.185065 0.405607
0 0.136934 0.276874 0.0278594 0.0816767 0.397411
5 0.206755 0.14651 0.0994684 0.143769 0.39644
2 0.455862 0.168398 0.0866768 0.0575177 0.394147
0 0.0422326 0.319199 0.0311589 0.10033 0.389037
0 0.184268 0.268952 0.0205401 0.0766188 0.380164
0 0.184034 0.268253 0.0210157 0.0749156 0.376595
0 0.135638 0.277605 0.0268576 0.0820784 0.372112
2 0.677442 0.319384 0.0882927 0.113079 0.371623
0 0.136008 0.276575 0.0274138 0.08166 0.368865
0 0.957652 0.145649 0.0219891 0.0796113 0.358851
0 0.0750594 0.283028 0.0262366 0.0890217 0.357042
0 0.185038 0.269971 0.0216524 0.0786396 0.356608
0 0.0428644 0.318766 0.0350076 0.100297 0.354527
0 0.957426 0.144751 0.0204224 0.0763733 0.349637
2 0.455273 0.168309 0.0851501 0.0553343 0.344506
2 0.455068 0.16661 0.0877899 0.0606949 0.34072
0 0.0415351 0.318859 0.0314245 0.0981007 0.331004
0 0.0913052 0.222663 0.0192164 0.0716105 0.299449
0 0.136835 0.276548 0.0285387 0.0832764 0.296776
0 0.136601 0.276821 0.0282171 0.0823785 0.290443
0 0.0916509 0.222556 0.0201696 0.0723329 0.287327
5 0.850865 0.145868 0.111947 0.190433 0.281381
0 0.957657 0.147766 0.0220078 0.0813276 0.276797
0 0.184825 0.268453 0.0213875 0.076306 0.275538
0 0.137774 0.276844 0.0307202 0.080885 0.270227
5 0.850686 0.14786 0.111374 0.191905 0.269808
0 0.0743318 0.280952 0.0253421 0.0878181 0.25981
5 0.204813 0.145263 0.0964685 0.141471 0.258515
0 0.136802 0.277459 0.029831 0.0840047 0.25721
0 0.956582 0.144562 0.0203531 0.073684 0.25642
0 0.0915044 0.222365 0.0190116 0.068529 0.25571
0 0.958315 0.144965 0.0215405 0.0768038 0.254619
0 0.137205 0.27616 0.0300489 0.0788226 0.237257
2 0.454974 0.162469 0.0851 0.0657167 0.23157
0 0.0916148 0.222134 0.0188649 0.0667336 0.23129
0 0.0914554 0.222218 0.0197735 0.0728039 0.226885
5 0.206978 0.146018 0.0960914 0.138342 0.223928
5 0.205439 0.145382 0.09763 0.141974 0.221637
0 0.184554 0.267889 0.0199518 0.074063 0.216535
0 0.9588 0.144379 0.0222374 0.0749354 0.214086
0 0.0412233 0.31867 0.0324164 0.0961242 0.213875
5 0.206041 0.145908 0.095646 0.140101 0.210953
9 0.46387 0.0617548 0.0151667 0.026418 0.209081
0 0.184804 0.284688 0.0202123 0.0465815 0.208478
9 0.465105 0.06057 0.0124896 0.0239182 0.204781
0 0.0764407 0.290792 0.0273401 0.0890856 0.199487
0 0.089495 0.223118 0.0186308 0.071532 0.199278
0 0.0416086 0.317579 0.0317549 0.0953478 0.195342
5 0.208212 0.146391 0.0919066 0.139661 0.189973
1 0.0843946 0.310222 0.0362171 0.0553746 0.18974
0 0.0416116 0.317522 0.0302507 0.0965242 0.186885
0 0.184863 0.269356 0.0208289 0.0765698 0.18244
0 0.183882 0.257545 0.0193603 0.0522069 0.181838
5 0.20519 0.144154 0.0968347 0.140316 0.181511
5 0.854698 0.143434 0.10477 0.179631 0.180266
0 0.0416568 0.31845 0.0308486 0.0954856 0.175961
2 0.842635 0.189647 0.080999 0.0995226 0.16703
9 0.46485 0.0614247 0.0143019 0.024727 0.162703
0 0.184544 0.266867 0.0197997 0.0729241 0.161345
2 0.842563 0.190543 0.0803663 0.0925617 0.160833
0 0.0754066 0.285831 0.0251508 0.0799047 0.160395
5 0.875523 0.126277 0.0636608 0.142232 0.160179
0 0.0737733 0.280084 0.0252804 0.0857055 0.160141
5 0.204072 0.144869 0.0963947 0.14153 0.157904
5 0.854597 0.146308 0.109249 0.186119 0.156989
2 0.456066 0.170839 0.0856111 0.0526458 0.155219
5 0.854261 0.147256 0.10821 0.190523 0.15407
0 0.96751 0.141809 0.0157465 0.0719769 0.152071
2 0.843014 0.189262 0.0816641 0.100317 0.151895
2 0.842047 0.191285 0.0793453 0.0942984 0.149531
5 0.212979 0.149384 0.0841416 0.133008 0.14925
0 0.0770907 0.290428 0.0272825 0.0868943 0.146979
5 0.875026 0.128716 0.0656803 0.147902 0.14555
0 0.18563 0.288024 0.0213196 0.0445913 0.14199
5 0.857312 0.131117 0.100101 0.154765 0.141842
5 0.860315 0.124693 0.0948244 0.140751 0.140029
0 0.0715168 0.282043 0.0327276 0.0931701 0.139169
0 0.992273 0.14056 0.0147825 0.060845 0.135371
5 0.854595 0.143082 0.106776 0.180699 0.13329
2 0.466785 0.169726 0.0625759 0.0499885 0.131775
5 0.854603 0.144831 0.108364 0.191856 0.12796
5 0.87619 0.12372 0.0625809 0.137244 0.118842
0 0.0715611 0.282153 0.0325553 0.0912446 0.115907
2 0.842146 0.190943 0.0795059 0.099183 0.115676
0 0.993115 0.147465 0.0130047 0.0461618 0.115214
0 0.0414118 0.317345 0.0315865 0.0946428 0.114913
1 0.0864128 0.309265 0.0345133 0.0556652 0.113356
2 0.462827 0.166387 0.0705887 0.0543499 0.11072
0 0.956643 0.145006 0.020326 0.0750407 0.110268
0 0.184761 0.267678 0.0212011 0.0750851 0.108269
0 0.0420748 0.318119 0.0298393 0.0954634 0.107663
0 0.992469 0.12536 0.0142496 0.0363887 0.105936
0 0.968058 0.141484 0.0158285 0.0712975 0.104869
5 0.850159 0.168888 0.11296 0.235187 0.104466
1 0.0841227 0.309829 0.0370902 0.0547745 0.104224
0 0.0892311 0.22184 0.0231761 0.0739602 0.103494
0 0.0904297 0.221521 0.0219883 0.0724021 0.102881
2 0.677161 0.319181 0.0911356 0.112602 0.0981769
2 0.841548 0.19052 0.0799295 0.100145 0.0975042
0 0.888122 0.166411 0.0326618 0.0689663 0.0974825
5 0.206723 0.143101 0.0958669 0.140208 0.0942105
5 0.203441 0.143268 0.0967709 0.139628 0.091511
0 0.137231 0.278067 0.0322935 0.0851421 0.0904112
0 0.138277 0.273912 0.0303562 0.076542 0.0890777
0 0.0915603 0.218414 0.0197876 0.0626625 0.0875614
5 0.852823 0.163685 0.107247 0.224845 0.0865009
0 0.377929 0.121285 0.0155955 0.0467555 0.0858935
0 0.993827 0.149696 0.0113022 0.0422759 0.0836809
0 0.0612933 0.279354 0.0279264 0.0853025 0.0832094
2 0.0308479 0.271164 0.0615426 0.0554964 0.0828131
0 0.779938 0.12464 0.0258872 0.0799692 0.0818607
0 0.139376 0.278774 0.0288635 0.072962 0.0818493
0 0.992092 0.138597 0.014941 0.0621583 0.0810471
0 0.135616 0.28293 0.026989 0.0740557 0.080587
0 0.991108 0.146102 0.0172153 0.0477902 0.0792545
0 0.990355 0.141553 0.0187195 0.0608238 0.0783135
9 0.463026 0.0630243 0.0169237 0.0272769 0.0776691
0 0.377217 0.122321 0.0176754 0.0522457 0.0772849
1 0.0864315 0.308718 0.0340291 0.0554371 0.0748189
1 0.141099 0.288717 0.0302993 0.0558914 0.0748148
0 0.875102 0.176267 0.0198517 0.0856091 0.0745696
0 0.0898331 0.221928 0.0221092 0.0714475 0.0730979
9 0.128504 0.048907 0.0136079 0.0280413 0.0726938
0 0.0752056 0.282552 0.0246428 0.0740467 0.071709
0 0.874127 0.181609 0.0226376 0.0919097 0.0708373
0 0.780539 0.124473 0.02522 0.078271 0.0670253
5 0.859585 0.124573 0.0971317 0.143383 0.0665389
2 0.0300728 0.270813 0.0598383 0.0547393 0.066323
0 0.967568 0.139219 0.0156441 0.0703105 0.0661888
0 0.0733571 0.270626 0.0239538 0.0675766 0.0660054
2 0.841175 0.191888 0.0797096 0.0981707 0.0651608
9 0.128477 0.0538434 0.0146536 0.0370201 0.0651557
9 0.461554 0.0647397 0.015 0.028394 0.0649646
0 0.0612866 0.281389 0.0342873 0.0864122 0.06454
1 0.0852925 0.308048 0.037316 0.057018 0.0642855
5 0.85566 0.121778 0.104409 0.136795 0.0639198
0 0.779176 0.123885 0.0274981 0.0797809 0.0635062
2 0.449297 0.173019 0.0715139 0.0467308 0.0630859
0 0.966182 0.146648 0.0144295 0.0772265 0.061158
0 0.0900254 0.307723 0.0265131 0.0559502 0.0578787
2 0.0315494 0.270685 0.0630989 0.0555174 0.0564863
0 0.0917549 0.219941 0.0213963 0.0775402 0.0563685
2 0.866074 0.189021 0.0347055 0.0962708 0.0547788
2 0.862514 0.189233 0.0278702 0.0916438 0.0545035
2 0.454669 0.162265 0.0856726 0.0668463 0.0534282
0 0.0889836 0.308242 0.0300003 0.0561886 0.0529891
2 0.865164 0.188625 0.0342796 0.0923266 0.0498185
0 0.95484 0.146278 0.0274652 0.0790129 0.0485755
0 0.779952 0.124163 0.0278078 0.079948 0.0470227
0 0.954601 0.1483 0.0275829 0.0803654 0.0469612
2 0.452603 0.16786 0.0792809 0.0565024 0.0460941
2 0.840755 0.196759 0.0747761 0.0886527 0.0459832
0 0.780977 0.123453 0.0235052 0.0800212 0.0451619
2 0.704396 0.0745556 0.0251141 0.0239256 0.0448791
0 0.867169 0.185506 0.0367855 0.0985891 0.0441681
0 0.9586 0.151639 0.0202202 0.0777863 0.0435963
0 0.0588516 0.281951 0.0221069 0.0842216 0.0435372
0 0.0586324 0.282291 0.029247 0.0800556 0.0432069
1 0.0831157 0.309261 0.0363603 0.0546962 0.0422938
0 0.18397 0.253052 0.0190243 0.0440801 0.0420261
0 0.882737 0.16984 0.0324856 0.0735714 0.0416371
0 0.95863 0.15008 0.0246449 0.089362 0.0407568
0 0.780134 0.127318 0.0201907 0.0740759 0.0400443
0 0.0774203 0.286129 0.0367927 0.0980382 0.0393554
0 0.544638 0.182061 0.0139304 0.0360953 0.0390029
0 0.885805 0.168813 0.0375057 0.0735641 0.0389105
2 0.859787 0.199217 0.0227982 0.0742428 0.0387979
2 0.469912 0.170731 0.0552367 0.0481795 0.0385701
2 0.863865 0.197333 0.0290096 0.0821029 0.0385682
2 0.028591 0.271773 0.057182 0.0584498 0.0385541
2 0.0599589 0.559633 0.119918 0.183924 0.0379082
2 0.842991 0.18611 0.0799183 0.0904562 0.0376651
9 0.128393 0.0575409 0.0148309 0.0461046 0.0376383
0 0.868784 0.184858 0.0331478 0.0968267 0.0374272
5 0.954608 0.0879756 0.0747479 0.0649082 0.037212
1 0.0811155 0.310173 0.0340983 0.0539697 0.0368668
5 0.948747 0.0886969 0.0624357 0.0639664 0.0363939
0 0.545846 0.182426 0.0124614 0.034148 0.0362804
2 0.214855 0.19534 0.047486 0.0435423 0.0360809
5 0.870941 0.128552 0.0754894 0.15209 0.0357262
0 0.375975 0.124063 0.0197603 0.0548456 0.0350754
0 0.968725 0.119788 0.0153309 0.0359407 0.0346509
0 0.0824673 0.294258 0.0385613 0.0817667 0.0346341
5 0.950326 0.0858624 0.0525177 0.0563211 0.0338982
0 0.874821 0.17984 0.0228247 0.0876561 0.0335645
0 0.377685 0.118105 0.0142175 0.0418261 0.0334952
2 0.030772 0.272358 0.0615439 0.0603173 0.0333218
0 0.890406 0.167763 0.0271227 0.0666098 0.0332253
5 0.220021 0.171003 0.0554031 0.0749499 0.0328087
0 0.992615 0.114872 0.014016 0.0357169 0.0322817
0 0.87423 0.163662 0.0210522 0.0606283 0.0322583
0 0.87759 0.17337 0.0226038 0.0768788 0.0312745
0 0.0440195 0.314527 0.027919 0.091197 0.0312503
2 0.209843 0.201262 0.0263778 0.0342347 0.0306557
2 0.880294 0.170745 0.0370844 0.0665479 0.0304054
0 0.0756962 0.267506 0.0239648 0.0457411 0.0302851
2 0.456675 0.16343 0.083434 0.0653006 0.0302024
5 0.952215 0.0883993 0.0711082 0.0639918 0.0300211
2 0.0308276 0.270658 0.0615582 0.0561575 0.0297888
0 0.137352 0.275403 0.0273096 0.0831013 0.0283305
2 0.840575 0.194656 0.0748167 0.0880828 0.0280908
0 0.989372 0.130164 0.0209049 0.056318 0.0278249
9 0.463627 0.0727527 0.0172888 0.049365 0.0273603
0 0.375761 0.123355 0.0175354 0.0531666 0.0270768
5 0.855581 0.118578 0.105279 0.13558 0.0268282
0 0.78212 0.129325 0.0230267 0.0672685 0.0263218
0 0.985233 0.12322 0.0250305 0.0296762 0.026237
0 0.89166 0.168396 0.0243853 0.0656714 0.0262242
2 0.431981 0.175427 0.0520552 0.0426036 0.0259558
0 0.89161 0.169861 0.0233322 0.0630476 0.0255064
0 0.969394 0.0824102 0.0186522 0.0491642 0.0252562
0 0.133364 0.255452 0.0188619 0.0407612 0.024756
2 0.476228 0.168879 0.0440687 0.043093 0.0246455
0 0.406893 0.129136 0.0135899 0.0315965 0.0244888
2 0.480558 0.147157 0.031566 0.0260811 0.0244311
0 0.876079 0.176462 0.0212374 0.0806252 0.0242594
5 0.216279 0.169285 0.0578519 0.0798857 0.0240198
0 0.781497 0.126826 0.0249333 0.0764062 0.0237229
2 0.476129 0.169775 0.0437935 0.0430476 0.0236663
0 0.0817607 0.248364 0.019645 0.0269574 0.0234122
5 0.876296 0.114669 0.0594616 0.122258 0.0233402
2 0.703086 0.0753271 0.0229021 0.0231002 0.023015
2 0.218057 0.178878 0.0456429 0.059016 0.0229356
0 0.882868 0.169602 0.0341965 0.07347 0.0228589
5 0.949919 0.0861916 0.0545023 0.0572789 0.0228406
2 0.477337 0.168386 0.0408949 0.0445572 0.0226173
0 0.0359371 0.319416 0.0311333 0.0941677 0.0225515
2 0.439364 0.165036 0.117503 0.0627557 0.0223644
5 0.222968 0.154804 0.0612279 0.10298 0.0223036
2 0.704792 0.0753609 0.0250492 0.0226686 0.02228
2 0.81658 0.272467 0.0289125 0.0429105 0.0221723
2 0.842263 0.193591 0.0835854 0.110401 0.0221218
2 0.840837 0.213423 0.0798744 0.144066 0.0218985
0 0.184932 0.254377 0.0215736 0.0498936 0.021721
0 0.0899724 0.217098 0.0209159 0.0663509 0.0216483
2 0.0282702 0.268419 0.0564297 0.0502928 0.0214721
2 0.844553 0.184065 0.0850204 0.111823 0.0214304
0 0.970836 0.08871 0.0170486 0.0591412 0.0212731
2 0.838444 0.214084 0.0703911 0.064222 0.0212535
0 0.0723289 0.260204 0.0214928 0.0491385 0.0209377
1 0.0812392 0.311055 0.0334964 0.0560897 0.0206925
2 0.407065 0.125676 0.0139494 0.0270477 0.0205964
2 0.817765 0.268681 0.0241175 0.0329795 0.0203792
5 0.949801 0.0889709 0.0639479 0.0635608 0.0202882
0 0.968365 0.108733 0.0156353 0.0270394 0.0202468
2 0.595534 0.158326 0.0352188 0.0297426 0.0196947
2 0.478453 0.162066 0.0424349 0.0392433 0.0195136
0 0.185924 0.291009 0.0202773 0.0480978 0.0194093
0 0.86597 0.186943 0.0355972 0.0897312 0.0193964
0 0.777735 0.125928 0.0235536 0.0749875 0.0193746
0 0.044962 0.290666 0.0191805 0.0450483 0.0192984
2 0.476044 0.161594 0.0418842 0.0582015 0.0192435
0 0.968448 0.0799722 0.0173262 0.0454863 0.0192215
5 0.945985 0.0858728 0.0437382 0.0547994 0.0190786
0 0.953749 0.144461 0.0261505 0.0746621 0.0186927
2 0.21244 0.197188 0.0357326 0.0415217 0.0186617
2 0.416102 0.173951 0.0798914 0.0467931 0.0186405
0 0.981499 0.14917 0.0288477 0.0517945 0.0182754
0 0.133608 0.277855 0.0337558 0.084648 0.018256
2 0.840992 0.188981 0.0729572 0.07932 0.0177896
5 0.839934 0.147306 0.137962 0.188412 0.0177613
0 0.0573695 0.295831 0.0193453 0.0621504 0.017693
2 0.216275 0.19462 0.0428281 0.0453234 0.0173291
2 0.859386 0.208721 0.0210896 0.0606577 0.0173185
2 0.596866 0.158533 0.0334383 0.0314917 0.0170824
2 0.436346 0.174442 0.04611 0.0427284 0.0169898
0 0.375812 0.121544 0.0173262 0.0500431 0.0167775
5 0.945023 0.104754 0.0680721 0.0993555 0.0167035
0 0.981328 0.104266 0.02285 0.0423906 0.0164351
2 0.411443 0.173533 0.0703212 0.0466794 0.0164129
0 0.986621 0.14674 0.0233271 0.0483422 0.0161294
5 0.876357 0.11852 0.0583763 0.122479 0.0160993
5 0.950697 0.085862 0.0519342 0.0575835 0.0160745
5 0.947385 0.0856892 0.042717 0.0550625 0.0160192
2 0.985633 0.128168 0.0255524 0.0325431 0.0159969
7 0.0599064 0.560203 0.119537 0.184186 0.0151518
