5 0.699076 0.0921018 0.126363 0.182864 0.817945
5 0.699616 0.0920255 0.125315 0.1834 0.801956
5 0.699124 0.0924822 0.126209 0.17904 0.800159
5 0.699437 0.0912923 0.126366 0.177924 0.763969
5 0.698869 0.0922085 0.125833 0.184353 0.755605
5 0.699879 0.0930873 0.123454 0.178636 0.729342
5 0.700238 0.0921493 0.123031 0.177132 0.722645
5 0.700167 0.0922451 0.122607 0.179348 0.708824
2 0.46828 0.13885 0.053454 0.0732951 0.688015
2 0.468095 0.138762 0.0534077 0.073554 0.685453
2 0.468366 0.138892 0.0540495 0.0744975 0.669596
2 0.468185 0.139336 0.0540232 0.0742216 0.647337
5 0.699671 0.092523 0.12502 0.179591 0.640042
2 0.468312 0.138631 0.0540825 0.0732778 0.63521
2 0.468308 0.138671 0.054468 0.0739681 0.59497
2 0.467874 0.139055 0.054249 0.0736048 0.549705
2 0.468377 0.139255 0.0537062 0.074629 0.535646
0 0.0353397 0.190436 0.024429 0.069349 0.515272
2 0.468303 0.139017 0.0540194 0.0745668 0.512248
2 0.468367 0.138597 0.0541165 0.0733261 0.488105
0 0.0342817 0.190523 0.0238017 0.0690924 0.447994
0 0.034971 0.190392 0.0242588 0.0688452 0.440158
0 0.0337879 0.189507 0.0221868 0.0671192 0.428738
0 0.0351367 0.190734 0.0235984 0.0693618 0.422277
0 0.0344981 0.19098 0.0242271 0.070165 0.391709
2 0.982548 0.0542008 0.0341354 0.0427905 0.388017
5 0.703521 0.0932385 0.116177 0.177979 0.363774
0 0.0344939 0.190132 0.0242929 0.0690045 0.358763
5 0.507991 0.375919 0.0814667 0.167297 0.345199
2 0.468111 0.139312 0.0534414 0.0751721 0.343657
5 0.508139 0.375838 0.0823326 0.16672 0.34173
2 0.592642 0.0724462 0.0405525 0.0517118 0.337147
2 0.642364 0.155501 0.0623037 0.0760684 0.333232
0 0.0352172 0.19059 0.0245462 0.0693637 0.332358
0 0.0351269 0.190025 0.0246747 0.0692494 0.330757
2 0.642464 0.155362 0.0621922 0.0770203 0.32955
5 0.508139 0.37436 0.0820095 0.163556 0.32933
5 0.507581 0.375579 0.0814378 0.167153 0.32642
2 0.592423 0.072039 0.0396914 0.0528319 0.322798
5 0.508058 0.375662 0.0815473 0.166706 0.315073
5 0.508255 0.374889 0.0822548 0.164659 0.312768
5 0.507953 0.37536 0.0816742 0.165738 0.307137
2 0.982358 0.0549195 0.0342083 0.0427004 0.306181
5 0.508129 0.374406 0.0815294 0.163549 0.305677
2 0.592817 0.0721831 0.0412737 0.0529864 0.29742
5 0.50804 0.375887 0.0813084 0.16673 0.294824
0 0.938903 0.0899144 0.0175196 0.0296762 0.293964
5 0.508258 0.373427 0.0823025 0.161425 0.286228
2 0.468947 0.138677 0.053372 0.0756732 0.278981
2 0.982419 0.0543963 0.0344536 0.0441793 0.257205
2 0.643078 0.155336 0.0629236 0.0752034 0.255755
0 0.0351484 0.191056 0.0237899 0.0700462 0.25284
2 0.592808 0.0718072 0.039678 0.0539613 0.246927
2 0.59238 0.072782 0.0392233 0.0528813 0.242984
2 0.982854 0.0543028 0.0342917 0.0416874 0.242515
2 0.981979 0.0533042 0.0353895 0.0445506 0.239866
2 0.981743 0.0539352 0.0359085 0.0446701 0.236463
2 0.982068 0.0543865 0.0351578 0.0444316 0.233531
2 0.592943 0.071964 0.0408074 0.0530366 0.221646
5 0.698577 0.0920877 0.126848 0.18388 0.22117
2 0.593038 0.0718776 0.0395256 0.0527772 0.20985
2 0.981903 0.0564359 0.0351326 0.0407979 0.209713
2 0.592695 0.0730863 0.0379414 0.052543 0.207406
0 0.0347066 0.189374 0.0240319 0.0686853 0.203516
2 0.59304 0.0725033 0.0395547 0.0524392 0.195348
2 0.546606 0.0374363 0.0345505 0.0547043 0.195183
0 0.937869 0.0908024 0.0157795 0.0311824 0.193299
2 0.643253 0.154527 0.0607651 0.0743347 0.192366
2 0.643461 0.15425 0.0616355 0.0717012 0.189557
2 0.592807 0.0729902 0.0404231 0.0528823 0.187581
2 0.642835 0.156263 0.0607136 0.0753089 0.183085
2 0.982477 0.0544977 0.0350456 0.0420528 0.180033
2 0.468324 0.138684 0.0544155 0.0743884 0.177037
0 0.0348958 0.193019 0.0239656 0.0669013 0.170857
5 0.455727 0.0328916 0.0443798 0.0633012 0.169814
5 0.454644 0.0339727 0.0449755 0.0649865 0.162163
2 0.593814 0.0712406 0.0381025 0.0520531 0.162067
5 0.458712 0.0351539 0.0527077 0.0684034 0.159596
2 0.642931 0.15314 0.059754 0.071986 0.14964
2 0.642701 0.156223 0.0604502 0.0757148 0.148755
0 0.937606 0.0908019 0.0155434 0.0311786 0.148395
5 0.457287 0.0332585 0.0494436 0.065708 0.145792
0 0.937615 0.0904495 0.0155872 0.0297116 0.140417
5 0.625294 0.419063 0.113392 0.455288 0.135367
0 0.937784 0.0904481 0.0165413 0.0313502 0.135097
2 0.642692 0.153696 0.0632833 0.0763625 0.131823
5 0.455749 0.0326528 0.042931 0.0631162 0.131378
5 0.458913 0.0332045 0.0554541 0.066409 0.13062
67 0.38905 0.414871 0.0322965 0.0568451 0.12908
5 0.459143 0.0333117 0.0527954 0.0666235 0.128125
2 0.545953 0.035226 0.0309 0.0427957 0.126546
2 0.641778 0.157435 0.0598507 0.0771769 0.125956
2 0.643134 0.156057 0.0620665 0.0813765 0.124071
5 0.454531 0.033767 0.0446478 0.0645654 0.117166
2 0.592889 0.0715921 0.0413864 0.0534583 0.116117
2 0.643225 0.152818 0.0592167 0.071146 0.113521
2 0.545743 0.035039 0.0308946 0.0410751 0.113475
2 0.981873 0.0566578 0.0362541 0.0383076 0.113155
5 0.454842 0.0344414 0.0456573 0.063624 0.107326
2 0.547196 0.0353133 0.0304602 0.0420531 0.0967055
5 0.62029 0.0217153 0.0418387 0.0434306 0.0920359
2 0.624559 0.0213293 0.0330086 0.0417988 0.0899
67 0.389054 0.414155 0.0320483 0.0569387 0.0891386
67 0.388766 0.414645 0.0330225 0.0572283 0.0889576
2 0.978371 0.0537491 0.0424843 0.0440115 0.0871721
5 0.456006 0.0332102 0.050067 0.0654342 0.0853315
2 0.64388 0.150806 0.0606581 0.0665864 0.0838551
0 0.197178 0.0566829 0.0160259 0.0511633 0.0813528
5 0.455928 0.0324424 0.0448075 0.0640961 0.0812679
2 0.623558 0.0214396 0.0340624 0.0425587 0.0806107
5 0.700899 0.0937959 0.120884 0.17781 0.0804307
2 0.624468 0.0221512 0.0322865 0.0430053 0.0798346
0 0.0352144 0.193043 0.0235753 0.0680405 0.0794912
0 0.840036 0.091906 0.0163673 0.0424562 0.0756755
2 0.989356 0.0617413 0.0206612 0.0299676 0.0753746
2 0.623586 0.0226535 0.0333891 0.0436824 0.0743994
0 0.934908 0.107801 0.0202076 0.06436 0.0710264
67 0.388831 0.414808 0.0326 0.0566708 0.0707485
0 0.938148 0.110808 0.0175671 0.0648033 0.0702625
2 0.548106 0.0348134 0.0285833 0.0395866 0.0695244
0 0.937547 0.108649 0.017178 0.0671988 0.068239
5 0.654877 0.46805 0.174921 0.55659 0.0656897
2 0.545507 0.0364402 0.0358318 0.050431 0.0653598
5 0.624801 0.434386 0.112756 0.48791 0.06525
5 0.685983 0.551365 0.240233 0.727305 0.0618213
3 0.592485 0.0736801 0.03902 0.0530314 0.0616089
0 0.840496 0.0888297 0.0162485 0.0408562 0.0607648
5 0.687917 0.460089 0.244124 0.550067 0.0588435
0 0.938325 0.11004 0.0189526 0.0698068 0.0587172
67 0.389051 0.414053 0.0323868 0.0563596 0.0585006
2 0.870659 0.0695189 0.037682 0.0418746 0.0583778
0 0.840486 0.0929483 0.0164528 0.0433333 0.0582586
2 0.868084 0.0678351 0.0407175 0.0345488 0.0580576
2 0.870444 0.0686157 0.0380533 0.0385131 0.0556465
2 0.45568 0.0375858 0.0421015 0.0652087 0.0553382
2 0.546763 0.037185 0.0322701 0.044756 0.0543062
2 0.546492 0.0375793 0.0330543 0.0469083 0.052661
0 0.00758764 0.0565464 0.0151204 0.111648 0.0508151
5 0.69044 0.423419 0.237953 0.516178 0.0503251
5 0.468756 0.138799 0.0534773 0.07467 0.0497034
5 0.688081 0.431441 0.238374 0.495973 0.0496158
67 0.388676 0.414903 0.0337966 0.0566011 0.0495153
5 0.688543 0.454911 0.24264 0.548207 0.0481765
5 0.689583 0.442586 0.240948 0.553473 0.0471559
5 0.621619 0.0204828 0.0397558 0.0409655 0.0471234
5 0.456039 0.0216247 0.0415358 0.0421485 0.0449992
2 0.546939 0.0367933 0.0364273 0.0515042 0.0448049
2 0.545474 0.0394028 0.0356792 0.0514329 0.0440746
5 0.622761 0.0208082 0.0381081 0.0413875 0.0438055
67 0.38868 0.414668 0.0318775 0.0550928 0.0434266
2 0.456007 0.0441712 0.0412348 0.0531468 0.0432628
2 0.547445 0.041039 0.0313377 0.054519 0.0425879
0 0.938791 0.116466 0.01626 0.0556596 0.042372
5 0.456033 0.0254889 0.0429586 0.0501652 0.0413944
2 0.546466 0.0409557 0.0332191 0.0556331 0.0397287
2 0.59331 0.0729505 0.0387174 0.0522796 0.0388523
6 0.399238 0.482902 0.790461 0.962121 0.0382839
5 0.621095 0.0232233 0.0376998 0.0464466 0.0373669
3 0.860136 0.109969 0.0182312 0.0246755 0.0372795
2 0.871802 0.0632755 0.0356564 0.0312382 0.0372013
0 0.859645 0.109639 0.017827 0.0252423 0.0369427
67 0.389151 0.413961 0.0325345 0.0566118 0.0358523
0 0.861505 0.0996259 0.0273119 0.0429342 0.0357839
0 0.0088876 0.05584 0.0176365 0.11168 0.0355654
2 0.454941 0.0374109 0.0437859 0.0642337 0.0354203
0 0.869444 0.0752637 0.0349396 0.0486806 0.0338894
2 0.546812 0.0418207 0.0321684 0.050542 0.0337889
5 0.706337 0.0932656 0.110505 0.177895 0.0333967
0 0.872593 0.0796715 0.0252769 0.0347484 0.0332324
0 0.19691 0.044108 0.0168978 0.0743905 0.0332277
5 0.62572 0.427478 0.113736 0.468889 0.0325003
0 0.831525 0.0896675 0.0160305 0.0392903 0.0314281
3 0.863064 0.102842 0.0253347 0.0373136 0.0311855
2 0.869995 0.0653632 0.0419205 0.0297944 0.0310393
0 0.196877 0.0483731 0.0161832 0.0669273 0.0306921
0 0.139411 0.0415367 0.0249805 0.0783387 0.030479
2 0.636966 0.162335 0.0503548 0.069795 0.0302518
0 0.834419 0.093048 0.0189762 0.0399949 0.0294546
5 0.68913 0.446427 0.24224 0.535363 0.0293195
6 0.41916 0.478421 0.82799 0.950641 0.0291692
5 0.458379 0.0346846 0.0546722 0.0683914 0.0289115
2 0.618194 0.0216829 0.0467476 0.0433659 0.028726
0 0.862202 0.0947883 0.0334061 0.0527118 0.0285751
0 0.00708784 0.0776481 0.0139868 0.0694793 0.0283082
0 0.200158 0.0585186 0.0162496 0.0462473 0.0277846
0 0.824416 0.0936965 0.0187626 0.045217 0.0277438
0 0.0070619 0.0710103 0.0140477 0.0827569 0.0277326
2 0.639497 0.157698 0.0543597 0.0770144 0.0277088
2 0.87174 0.0636076 0.0344238 0.0334665 0.0276823
0 0.00723458 0.0784315 0.0143456 0.0670133 0.027068
0 0.190459 0.0449145 0.0247091 0.0754179 0.0267111
0 0.86558 0.0926955 0.0357033 0.051293 0.0266904
0 0.93789 0.117439 0.0180111 0.0562159 0.0264719
0 0.283191 0.0390752 0.0172233 0.0237763 0.0263672
5 0.618303 0.0190355 0.0468087 0.0380711 0.0261013
0 0.243204 0.0622269 0.0126608 0.0402589 0.0259413
5 0.620723 0.021961 0.0433802 0.0439221 0.02575
2 0.618794 0.0229522 0.0474266 0.0455483 0.0255104
2 0.864577 0.0911327 0.0374697 0.0591701 0.0252129
0 0.190895 0.0441708 0.0267082 0.0754676 0.0251249
67 0.389325 0.414358 0.0323819 0.05551 0.0249619
0 0.864722 0.0900962 0.0450634 0.0603827 0.0247487
0 0.843069 0.0779761 0.0178436 0.0476509 0.0245488
0 0.822051 0.0962908 0.0156384 0.0410702 0.0239547
5 0.458973 0.02056 0.0485814 0.0406764 0.0238348
0 0.831713 0.0939946 0.0288004 0.0424009 0.0235821
5 0.686263 0.536749 0.247787 0.722298 0.0231013
0 0.0322146 0.188099 0.0205331 0.0670858 0.0229264
2 0.642595 0.143049 0.055383 0.0488439 0.0228318
0 0.746637 0.0153985 0.0152412 0.0300839 0.0225989
2 0.695579 0.00762542 0.031237 0.0152508 0.0223667
0 0.87234 0.081601 0.0248428 0.0411978 0.022135
5 0.46413 0.032803 0.0629461 0.064829 0.0221119
3 0.931452 0.121508 0.0265387 0.0425453 0.0216374
0 0.00563653 0.0147354 0.0110074 0.0293262 0.0216248
0 0.755785 0.0168903 0.0149005 0.0332706 0.0215531
2 0.544053 0.0327322 0.0355312 0.0540242 0.021508
0 0.00815607 0.0499634 0.0161531 0.0998431 0.0214697
5 0.476247 0.0186247 0.0407113 0.0372494 0.021444
0 0.188874 0.0443068 0.0258855 0.0742128 0.0213835
0 0.243089 0.0638801 0.0134595 0.0401155 0.020901
3 0.863375 0.109792 0.0248278 0.0244981 0.0206008
0 0.630095 0.39209 0.0250322 0.0653916 0.0205677
0 0.800887 0.0223423 0.0125214 0.0252921 0.0205333
0 0.137184 0.0442491 0.0271037 0.0871173 0.0200291
5 0.651685 0.0220001 0.0984091 0.0440002 0.0198687
0 0.00632306 0.0396425 0.012508 0.0789089 0.01978
0 0.830576 0.066376 0.0111797 0.0274539 0.0193683
2 0.546201 0.0335177 0.0369925 0.0615886 0.0191546
0 0.799287 0.0221936 0.0147444 0.0267971 0.0190602
2 0.331909 0.0181407 0.0323236 0.0352399 0.018966
0 0.630237 0.158005 0.0362661 0.0704596 0.0182406
0 0.184715 0.0419825 0.0170919 0.0660462 0.0181895
2 0.641796 0.139468 0.0547065 0.0437688 0.0174827
5 0.461724 0.0332265 0.0617273 0.066192 0.0173525
0 0.138943 0.0449751 0.0260593 0.0795895 0.0173359
2 0.624729 0.0241315 0.0314157 0.0464922 0.0172968
0 0.84585 0.0599366 0.0131775 0.0266763 0.0172964
2 0.457957 0.0585116 0.0356985 0.0319086 0.0170228
2 0.338117 0.0181221 0.0203512 0.0353121 0.0169955
0 0.136557 0.0464357 0.0261653 0.0878597 0.016956
0 0.20087 0.0512425 0.013332 0.0309959 0.0169445
0 0.139556 0.0411813 0.0238251 0.0809656 0.016874
2 0.868429 0.0746595 0.0440376 0.0512954 0.0167685
0 0.754728 0.0159766 0.0165289 0.0319317 0.0166695
3 0.932105 0.119146 0.0243126 0.0425537 0.0165611
2 0.468571 0.136554 0.0481587 0.0693777 0.01649
5 0.681899 0.422001 0.224648 0.474327 0.0163234
0 0.00638366 0.0795919 0.012662 0.0815232 0.0161588
41 0.21356 0.656733 0.0862035 0.0842221 0.0160993
0 0.139989 0.0439519 0.0275012 0.0870898 0.0159896
0 0.833213 0.0625708 0.00953369 0.0223047 0.0158019
0 0.838329 0.0879429 0.0192326 0.0424155 0.0156997
0 0.186674 0.0417046 0.0201316 0.0653931 0.0156525
2 0.982807 0.0514186 0.0337833 0.0474105 0.0156497
2 0.986161 0.0514047 0.026907 0.0476606 0.0156192
0 0.137727 0.0427022 0.0275959 0.0841223 0.0153833
0 0.820387 0.0976901 0.0139599 0.038706 0.0153416
0 0.744295 0.0136806 0.0156351 0.0273613 0.0153108
0 0.800676 0.0226014 0.0138882 0.0255698 0.0151169
2 0.644374 0.141874 0.061072 0.0527308 0.0151071
2 0.637375 0.156324 0.0719042 0.0791134 0.0147664
0 0.755245 0.0184896 0.0127495 0.0334149 0.0147354
0 0.200163 0.0587885 0.0184057 0.0471844 0.0145758
5 0.679737 0.568212 0.256644 0.781139 0.0144413
2 0.623236 0.163799 0.0240732 0.0613207 0.0140893
5 0.45745 0.0204174 0.0487074 0.0408349 0.0135614
0 0.00977746 0.0579478 0.0195549 0.114772 0.0135167
2 0.469094 0.140081 0.0532338 0.0747739 0.0134219
2 0.331119 0.0205102 0.0290802 0.0363261 0.0132689
0 0.135425 0.0554358 0.0258228 0.0722395 0.0128487
2 0.320639 0.0254616 0.0278031 0.0295071 0.0128369
2 0.47524 0.0186017 0.0423779 0.0370649 0.0128323
2 0.643766 0.155647 0.0631989 0.0734297 0.0127545
0 0.283021 0.0385561 0.0181149 0.0264956 0.0124908
2 0.978363 0.0527384 0.042506 0.0447698 0.0123279
0 0.63036 0.390903 0.0222624 0.0595506 0.0123025
0 0.1416 0.0407425 0.0222822 0.0804214 0.012279
2 0.609451 0.0149204 0.0362862 0.0298408 0.0121105
2 0.32111 0.0193902 0.0195302 0.0256165 0.0120016
67 0.110026 0.682223 0.0428806 0.0398733 0.0119932
67 0.10996 0.681719 0.042673 0.0398499 0.0119127
0 0.0103091 0.0574297 0.0206117 0.114255 0.0118708
2 0.843431 0.0921835 0.0562508 0.0523911 0.0118598
5 0.636715 0.0222045 0.064941 0.0443927 0.0118353
0 0.926362 0.115744 0.0183672 0.0340298 0.01181
72 0.516749 0.590418 0.434502 0.81553 0.0116671
65 0.110099 0.681756 0.0432603 0.0408009 0.0116027
2 0.622761 0.170163 0.0235081 0.0510566 0.0113738
41 0.211965 0.656787 0.0795832 0.0833571 0.011258
5 0.669477 0.0218048 0.0781849 0.0436096 0.0111256
2 0.457638 0.0572646 0.0366672 0.0356728 0.011113
0 0.00943369 0.0582953 0.0188058 0.113645 0.0110114
0 0.0103679 0.0560533 0.0204912 0.112107 0.0110054
5 0.620745 0.0231754 0.0430089 0.0449319 0.0108718
5 0.676012 0.0451707 0.0841858 0.0903415 0.0108076
2 0.969151 0.443598 0.0607609 0.141481 0.0107857
5 0.465821 0.0184091 0.062681 0.0368181 0.0107745
5 0.463337 0.0204438 0.0565189 0.0407526 0.0107678
0 0.486694 0.0159787 0.0212284 0.0319575 0.0107675
