5 0.367713 0.554797 0.412489 0.408163 0.928569
5 0.36722 0.555513 0.41218 0.407703 0.922128
5 0.367495 0.555316 0.412087 0.405822 0.917221
5 0.367428 0.555697 0.411364 0.40586 0.912042
5 0.367485 0.554347 0.413456 0.409046 0.910911
2 0.356466 0.738219 0.176911 0.204249 0.900794
5 0.295753 0.335258 0.177017 0.143554 0.898905
2 0.356452 0.737172 0.176237 0.203353 0.892748
5 0.368115 0.553042 0.413362 0.408194 0.889787
5 0.367547 0.55413 0.410262 0.404797 0.889254
5 0.367856 0.553999 0.410916 0.406291 0.887621
2 0.35632 0.73874 0.176195 0.203627 0.880883
5 0.367451 0.553464 0.411594 0.406441 0.878565
5 0.295815 0.335476 0.177136 0.143952 0.87587
5 0.072134 0.369767 0.143708 0.14802 0.865946
5 0.0724674 0.3701 0.143961 0.147933 0.863387
2 0.35636 0.737681 0.176294 0.2046 0.848916
5 0.0721998 0.369873 0.144016 0.148387 0.8468
5 0.909679 0.465971 0.180156 0.227512 0.842107
5 0.36756 0.555058 0.411775 0.408296 0.831032
5 0.295499 0.334885 0.175896 0.143219 0.824222
5 0.0726674 0.369917 0.144189 0.148595 0.821779
5 0.908836 0.46604 0.181017 0.227804 0.821002
5 0.0722715 0.369865 0.144543 0.147395 0.820045
2 0.356284 0.737767 0.176822 0.2041 0.819093
5 0.296366 0.334747 0.176772 0.142922 0.817561
5 0.793824 0.781449 0.408997 0.433647 0.815624
2 0.356778 0.737692 0.176484 0.203518 0.814995
2 0.448366 0.417958 0.0966702 0.082865 0.814531
5 0.0721207 0.369363 0.143531 0.147811 0.814012
5 0.295594 0.334978 0.176416 0.14346 0.812021
2 0.448469 0.416756 0.0981517 0.0812837 0.808722
5 0.0726494 0.370347 0.144127 0.148103 0.808232
5 0.909014 0.46579 0.180557 0.228992 0.801564
5 0.0718881 0.370054 0.143776 0.147354 0.799018
2 0.593759 0.468003 0.130351 0.109757 0.79784
5 0.909142 0.465984 0.180542 0.227132 0.79668
5 0.909305 0.466161 0.180486 0.226808 0.796672
5 0.296663 0.335261 0.175481 0.144958 0.79413
5 0.295159 0.335127 0.173533 0.142403 0.794116
5 0.909032 0.465571 0.180686 0.228112 0.793925
2 0.356671 0.737892 0.175591 0.204391 0.792396
5 0.296483 0.334794 0.174998 0.143383 0.788161
2 0.594337 0.467138 0.13096 0.111051 0.787031
2 0.593956 0.467589 0.130463 0.109844 0.782776
2 0.669056 0.442501 0.126699 0.0969066 0.782164
2 0.594198 0.46712 0.13066 0.110277 0.781077
5 0.909538 0.465938 0.180611 0.227136 0.776201
2 0.669616 0.441337 0.127303 0.0976023 0.775249
5 0.909577 0.465949 0.180536 0.229161 0.774765
2 0.594106 0.46762 0.129566 0.108603 0.768055
5 0.90922 0.466741 0.181395 0.228109 0.767201
2 0.594131 0.467339 0.131195 0.111236 0.761088
5 0.0719173 0.370409 0.143215 0.149074 0.759263
2 0.594078 0.467155 0.130231 0.110276 0.759238
2 0.6692 0.442294 0.126505 0.0962328 0.752548
5 0.798289 0.781361 0.40176 0.432708 0.749306
2 0.594454 0.466733 0.131342 0.112564 0.74676
2 0.594386 0.466903 0.131018 0.110359 0.740746
5 0.296459 0.335159 0.173138 0.142876 0.739474
5 0.380918 0.322815 0.173281 0.133822 0.736845
2 0.448243 0.417192 0.097868 0.0799467 0.735932
2 0.668856 0.442818 0.126965 0.0964628 0.72986
2 0.44845 0.416373 0.0973382 0.0807749 0.72594
2 0.951546 0.603795 0.0959633 0.116427 0.722116
2 0.951766 0.604187 0.0954887 0.116551 0.720502
2 0.669158 0.442619 0.128388 0.0967546 0.719126
2 0.669039 0.442333 0.126841 0.0965154 0.718469
2 0.448331 0.416635 0.0978428 0.0803119 0.71459
2 0.448456 0.416948 0.0976067 0.0795103 0.704057
2 0.669123 0.442251 0.126523 0.0966986 0.701732
2 0.951556 0.603679 0.0959787 0.116603 0.697224
5 0.794271 0.78442 0.407377 0.429579 0.689844
2 0.66908 0.442461 0.12718 0.0965327 0.689391
2 0.355824 0.737708 0.175195 0.204911 0.685951
2 0.669305 0.442422 0.127139 0.096418 0.682993
2 0.951571 0.604171 0.0960354 0.116183 0.682333
2 0.951243 0.604333 0.0969837 0.115456 0.678446
2 0.136685 0.439354 0.0649667 0.0872418 0.677237
2 0.774103 0.531533 0.158707 0.129281 0.674005
5 0.382769 0.323178 0.168839 0.134258 0.673238
2 0.95161 0.604225 0.0957169 0.115328 0.669296
2 0.669066 0.441642 0.128013 0.0946774 0.666055
2 0.448542 0.41647 0.097218 0.0812477 0.6637
5 0.296793 0.334589 0.171527 0.143225 0.659569
2 0.951395 0.603831 0.0968361 0.115804 0.65839
2 0.773821 0.531766 0.158843 0.128765 0.658008
5 0.387185 0.322434 0.160209 0.134406 0.654502
2 0.773225 0.531315 0.158387 0.128627 0.651595
2 0.773498 0.531344 0.158831 0.129036 0.641716
2 0.448251 0.417087 0.0981018 0.0804657 0.636903
2 0.773284 0.532189 0.157959 0.12821 0.636682
2 0.773232 0.531718 0.157807 0.129066 0.631148
2 0.773321 0.531876 0.158374 0.128793 0.623523
2 0.951551 0.603713 0.0964241 0.116284 0.622314
5 0.38782 0.323623 0.159082 0.134889 0.619566
5 0.386727 0.32292 0.160811 0.133834 0.606688
2 0.136686 0.438436 0.064192 0.088662 0.602409
2 0.77354 0.531709 0.15841 0.128941 0.599815
2 0.355834 0.73782 0.17491 0.204691 0.591196
2 0.509279 0.389589 0.0925674 0.0796068 0.579948
5 0.792617 0.76943 0.413448 0.461133 0.579715
2 0.509256 0.389064 0.0923311 0.0789059 0.575781
2 0.951626 0.604343 0.0956123 0.117233 0.574652
2 0.50936 0.389322 0.0935825 0.0787286 0.557978
2 0.951744 0.60405 0.095615 0.115783 0.55553
5 0.383937 0.323175 0.167597 0.136548 0.554833
2 0.136981 0.438903 0.0658152 0.0908936 0.545659
2 0.510003 0.389678 0.0928146 0.0795309 0.54272
5 0.794455 0.78689 0.407671 0.425358 0.542224
2 0.136771 0.438405 0.065535 0.0898383 0.542152
2 0.7743 0.532563 0.158977 0.130637 0.527972
2 0.137405 0.438322 0.0650343 0.0890782 0.526499
2 0.510287 0.389848 0.0920398 0.0792672 0.518922
5 0.399947 0.326421 0.134058 0.131063 0.510607
2 0.510464 0.388969 0.0908686 0.0788058 0.509813
2 0.77348 0.532092 0.158586 0.128907 0.501045
2 0.509787 0.390189 0.0917192 0.0793976 0.498835
2 0.550053 0.224699 0.0492071 0.0345626 0.494566
5 0.793155 0.785944 0.412951 0.427477 0.486643
5 0.391991 0.323792 0.150557 0.134899 0.480951
2 0.136474 0.438815 0.0656804 0.0884079 0.473158
2 0.136792 0.438959 0.0648149 0.0875988 0.472546
2 0.510122 0.389162 0.0935043 0.0769055 0.417685
2 0.136943 0.439462 0.0655167 0.0896663 0.412514
2 0.550288 0.224613 0.048631 0.0345631 0.411272
2 0.550069 0.224462 0.049609 0.0342752 0.407746
2 0.447459 0.415476 0.0990901 0.0781268 0.406203
2 0.5499 0.224649 0.0483272 0.0338626 0.405432
2 0.550285 0.225255 0.0497311 0.0359422 0.398511
2 0.356535 0.737055 0.176933 0.20325 0.397875
2 0.550236 0.225316 0.0496082 0.0346282 0.394994
2 0.447907 0.415914 0.0968424 0.0789731 0.381582
5 0.393939 0.322513 0.14724 0.133974 0.372841
2 0.510178 0.388825 0.0921652 0.0795728 0.371646
2 0.550106 0.224238 0.0483778 0.0337639 0.369957
5 0.383234 0.323596 0.1693 0.135761 0.367768
5 0.789066 0.754484 0.418436 0.489206 0.350396
5 0.380458 0.323804 0.173586 0.136511 0.34854
5 0.796893 0.78301 0.404628 0.433286 0.333044
2 0.509087 0.389118 0.0937626 0.0779886 0.316533
5 0.798883 0.776003 0.400643 0.443055 0.312034
2 0.356886 0.737843 0.175198 0.203631 0.299608
5 0.790239 0.75519 0.41684 0.486553 0.290278
2 0.510378 0.389243 0.0925727 0.0761416 0.286197
2 0.366462 0.188301 0.033087 0.0228903 0.2827
5 0.0108278 0.200798 0.0215 0.13957 0.274437
2 0.515891 0.208384 0.0464262 0.0296099 0.270972
2 0.550023 0.223712 0.049461 0.0334808 0.265327
2 0.1364 0.438342 0.0667289 0.0888304 0.262361
5 0.797993 0.781141 0.402599 0.436095 0.262017
0 0.421925 0.215128 0.015015 0.0364083 0.250856
0 0.420741 0.213985 0.014623 0.0369281 0.246067
5 0.0114007 0.208325 0.0225613 0.163548 0.237526
2 0.551689 0.225056 0.0470632 0.0315335 0.232464
2 0.137345 0.4387 0.0648084 0.0875503 0.230396
2 0.367234 0.188815 0.034764 0.0220035 0.229339
0 0.446291 0.214477 0.0195211 0.0320223 0.228339
2 0.511712 0.207573 0.0380658 0.0309892 0.227956
5 0.395433 0.323882 0.143933 0.134108 0.227186
2 0.136499 0.439275 0.0658853 0.0867555 0.222477
2 0.356813 0.736318 0.175713 0.203572 0.213575
0 0.697785 0.234191 0.0162663 0.0417611 0.212503
2 0.00904852 0.417675 0.018097 0.0328218 0.200758
5 0.010259 0.202829 0.0203837 0.140948 0.195291
0 0.0827504 0.724956 0.0388969 0.101697 0.194559
2 0.366133 0.188167 0.034476 0.0218031 0.190773
5 0.297979 0.33584 0.173513 0.142335 0.186175
2 0.359997 0.18929 0.0210675 0.0197255 0.183748
0 0.696971 0.234399 0.0148222 0.0402624 0.182812
0 0.0818578 0.729055 0.0361983 0.110686 0.182627
5 0.798896 0.784792 0.401778 0.4275 0.174424
0 0.697684 0.233614 0.016458 0.042522 0.172884
0 0.0178214 0.821281 0.0356428 0.117448 0.17032
2 0.506466 0.209485 0.0272934 0.0279764 0.169752
5 0.797187 0.783116 0.404196 0.433348 0.166145
2 0.00904289 0.418219 0.0180803 0.0327507 0.165402
3 0.92097 0.296801 0.0400984 0.0451717 0.164777
0 0.401608 0.209067 0.0133525 0.0289241 0.162899
2 0.366485 0.188439 0.0347832 0.0224496 0.161144
0 0.701021 0.235136 0.016902 0.043146 0.157739
0 0.0815723 0.722991 0.0369711 0.098851 0.152722
0 0.0182364 0.820753 0.0363854 0.120508 0.152482
0 0.399719 0.209029 0.014318 0.0296784 0.148447
5 0.0720303 0.36988 0.143118 0.148954 0.146938
2 0.516663 0.208912 0.0428745 0.0313118 0.142488
0 0.0169488 0.821652 0.0338976 0.112716 0.140054
2 0.546132 0.224586 0.0418807 0.0307155 0.139332
2 0.00935415 0.418908 0.0183538 0.0340281 0.139089
2 0.448507 0.416578 0.0976555 0.0813153 0.137469
2 0.741956 0.634001 0.0644405 0.0458117 0.132987
2 0.563188 0.225375 0.0242108 0.031285 0.130603
5 0.798056 0.783128 0.403303 0.432227 0.130137
5 0.00993897 0.206109 0.0197068 0.145788 0.129181
0 0.0177274 0.820821 0.0353368 0.118056 0.127199
0 0.401524 0.209437 0.0137919 0.0299876 0.125985
2 0.516127 0.206827 0.045224 0.0333229 0.125108
2 0.367804 0.189308 0.0336872 0.0222472 0.124977
0 0.0815476 0.709268 0.0365596 0.0710442 0.124828
0 0.422789 0.216764 0.0143338 0.0350465 0.121909
0 0.700629 0.234799 0.0173364 0.0425769 0.118234
0 0.0828486 0.727105 0.0381001 0.105279 0.115263
2 0.3674 0.189154 0.0352357 0.0231046 0.114445
0 0.700314 0.233835 0.0168797 0.0430796 0.1127
2 0.74154 0.634325 0.062792 0.0459287 0.108559
0 0.0818092 0.706777 0.0370244 0.064835 0.107465
2 0.516256 0.206654 0.0451036 0.0333797 0.105231
2 0.159919 0.196079 0.0402591 0.0196269 0.0966496
2 0.742175 0.634119 0.0629239 0.0463078 0.0960679
3 0.921484 0.296583 0.0403084 0.0446616 0.0959108
2 0.514822 0.208664 0.0417811 0.0312082 0.0957312
2 0.921701 0.296925 0.042252 0.0447408 0.0946075
0 0.0814184 0.729219 0.0371497 0.110543 0.0943967
0 0.0877625 0.765749 0.0266457 0.072881 0.0901871
0 0.0814266 0.706107 0.0361839 0.0632168 0.0882964
0 0.0865407 0.756796 0.0272324 0.0542935 0.0863044
5 0.791826 0.762313 0.411593 0.473499 0.0853087
0 0.0142256 0.82151 0.0284512 0.111393 0.0842071
0 0.446871 0.216242 0.020095 0.0329716 0.0835709
0 0.00935215 0.4212 0.018577 0.0398245 0.0830225
2 0.162253 0.195849 0.038021 0.0197068 0.0828686
0 0.0866629 0.756665 0.0253211 0.0564944 0.0819152
2 0.0261787 0.281512 0.0517165 0.0549397 0.0818082
2 0.136785 0.439188 0.0649502 0.0876547 0.0816048
0 0.445993 0.2135 0.0200001 0.0336679 0.0808464
0 0.753427 0.247044 0.0164938 0.0448683 0.0808065
9 0.704028 0.13293 0.018704 0.0278995 0.0804745
2 0.523286 0.209006 0.0344107 0.0295805 0.0795522
5 0.909122 0.467464 0.181547 0.230692 0.0790507
0 0.448198 0.214886 0.0191838 0.0322635 0.0789363
0 0.0819914 0.728605 0.0375232 0.107783 0.0788887
2 0.741819 0.633662 0.0633808 0.0468383 0.0783727
5 0.909687 0.466323 0.180027 0.227687 0.0777596
2 0.741724 0.634042 0.0620823 0.0458387 0.0768358
2 0.0252393 0.280908 0.0498331 0.0541667 0.0766389
2 0.0249134 0.281392 0.0496264 0.0564989 0.0765565
0 0.0857946 0.75539 0.0261896 0.0537775 0.0765505
0 0.0821628 0.706468 0.0370845 0.0641201 0.0737558
0 0.0884573 0.76789 0.0298608 0.0777003 0.0734731
2 0.0242683 0.281199 0.0484918 0.053826 0.072817
0 0.0181449 0.821626 0.03597 0.11844 0.0713701
2 0.023792 0.281402 0.0475152 0.0529179 0.070288
2 0.157613 0.196586 0.0448947 0.0193139 0.0694905
0 0.0164882 0.821724 0.032846 0.114973 0.0671631
2 0.510185 0.390169 0.0937969 0.0771073 0.0665415
0 0.924623 0.227415 0.0251732 0.0309009 0.0663515
2 0.741937 0.633628 0.0649088 0.0461215 0.0661289
5 0.158649 0.193169 0.0483395 0.0248271 0.0646202
1 0.087504 0.768721 0.0326251 0.0799059 0.0638229
2 0.137006 0.438378 0.0664095 0.0886629 0.0616853
2 0.540412 0.220722 0.029862 0.0256274 0.061414
2 0.74158 0.633874 0.06313 0.0471767 0.0601585
0 0.0829249 0.747278 0.03347 0.0791716 0.0592851
2 0.0238895 0.281189 0.0476017 0.0533544 0.0592126
5 0.0110474 0.219401 0.0219504 0.0855457 0.0589363
2 0.0242004 0.281307 0.047487 0.0531284 0.0583317
9 0.116821 0.15644 0.013713 0.0349822 0.0564107
2 0.922143 0.296004 0.0397797 0.0414787 0.0556337
9 0.70365 0.13329 0.0195763 0.0278076 0.0553071
0 0.0819113 0.70581 0.0368178 0.0627258 0.0540682
5 0.787526 0.752957 0.421368 0.490455 0.053929
2 0.0101177 0.418261 0.0201601 0.034342 0.053754
0 0.921189 0.295272 0.0386374 0.0411122 0.0535068
0 0.0874137 0.763689 0.0292185 0.068288 0.0534298
2 0.447065 0.415179 0.0978035 0.0793306 0.0531449
2 0.461273 0.201321 0.0220352 0.0203436 0.0526033
2 0.0236086 0.281873 0.047183 0.0520038 0.0525712
0 0.928262 0.562046 0.0215561 0.0400897 0.0524129
0 0.399603 0.209585 0.013839 0.0295069 0.0523806
2 0.010058 0.418157 0.0200363 0.0338142 0.0522968
0 0.401693 0.203309 0.0162076 0.0414503 0.0519586
0 0.415501 0.211461 0.0141158 0.0339715 0.0514453
5 0.781103 0.747443 0.433227 0.499 0.0511282
2 0.920684 0.296126 0.0378651 0.0417798 0.0506645
0 0.20314 0.219296 0.0248798 0.0409419 0.0497345
0 0.20572 0.220608 0.0183206 0.040921 0.0493848
9 0.11698 0.149596 0.0132032 0.0225617 0.0490142
0 0.701472 0.236768 0.018832 0.0419453 0.0488467
0 0.0885558 0.768803 0.0323405 0.0811614 0.0483606
9 0.704075 0.131024 0.0198057 0.029752 0.047904
0 0.754428 0.24904 0.015863 0.0442208 0.0476883
2 0.0264775 0.281167 0.052955 0.0548622 0.0475968
1 0.088585 0.768807 0.0304064 0.0779717 0.047501
0 0.0130361 0.79221 0.0260722 0.0512148 0.0470129
0 0.89072 0.45474 0.0214005 0.0450416 0.0465127
2 0.503551 0.209813 0.0232531 0.0256587 0.0464314
1 0.0878159 0.768699 0.0302218 0.078018 0.0461161
0 0.919706 0.228905 0.0212345 0.0300139 0.0454935
0 0.399635 0.200167 0.0164893 0.0469843 0.0454879
2 0.66901 0.44251 0.12702 0.0966951 0.0449137
0 0.084291 0.733699 0.0367902 0.11903 0.0449112
5 0.393915 0.321523 0.145999 0.134398 0.0440377
0 0.00956467 0.422068 0.0189415 0.041354 0.0434396
5 0.0109716 0.212943 0.0217014 0.0950994 0.0430664
2 0.509336 0.388666 0.0912771 0.0760981 0.0429137
2 0.921194 0.296824 0.0404614 0.042738 0.0423558
0 0.931987 0.562471 0.0299147 0.0414461 0.0423287
0 0.0171407 0.822453 0.0342815 0.11212 0.0419179
5 0.380062 0.324572 0.175579 0.137527 0.0416767
0 0.199862 0.21824 0.0216239 0.0388578 0.0415289
