5 0.363166 0.555671 0.4216 0.415258 0.900582
5 0.366239 0.553515 0.413901 0.413765 0.896854
5 0.801294 0.788449 0.394016 0.420305 0.895352
5 0.366926 0.55412 0.412906 0.41065 0.889409
5 0.367167 0.554473 0.413143 0.41222 0.879924
5 0.800475 0.785515 0.398073 0.427983 0.874811
5 0.294781 0.331787 0.183124 0.14711 0.873854
5 0.367167 0.55301 0.414103 0.413569 0.871494
5 0.0903953 0.464066 0.177809 0.235815 0.864877
5 0.0904396 0.463868 0.1782 0.23611 0.86
5 0.800859 0.787205 0.396577 0.421454 0.856903
5 0.366631 0.554724 0.412205 0.412122 0.855643
5 0.366952 0.553636 0.412552 0.410576 0.854015
5 0.367783 0.555015 0.410038 0.411631 0.84827
5 0.377307 0.218472 0.106839 0.0758033 0.847769
5 0.377696 0.218527 0.10762 0.076066 0.847648
5 0.800004 0.786628 0.399126 0.426112 0.840711
5 0.0910937 0.464349 0.177778 0.236363 0.840404
5 0.611572 0.230569 0.174679 0.0939259 0.839689
5 0.80047 0.788075 0.396628 0.423215 0.834589
5 0.377372 0.218134 0.107115 0.0770412 0.833125
5 0.800754 0.788447 0.395032 0.421562 0.831344
5 0.295222 0.332002 0.183876 0.147405 0.822258
5 0.0907336 0.463741 0.178169 0.235968 0.820703
5 0.377452 0.217882 0.106223 0.0739986 0.819452
5 0.37765 0.217974 0.107112 0.0763577 0.819314
5 0.61175 0.231013 0.174487 0.0945408 0.816393
5 0.377528 0.217949 0.106829 0.0771033 0.813189
5 0.0904214 0.463547 0.177737 0.235451 0.810979
5 0.0907979 0.464615 0.178309 0.234984 0.810182
5 0.0909979 0.464356 0.178091 0.237022 0.809287
5 0.0904643 0.463615 0.177513 0.2356 0.806737
5 0.377782 0.217973 0.106738 0.0748804 0.806538
5 0.377703 0.217979 0.10821 0.0775806 0.805205
2 0.591781 0.468308 0.129138 0.108467 0.804264
2 0.592476 0.467633 0.129661 0.109387 0.801369
2 0.668241 0.442484 0.127329 0.0961587 0.800447
2 0.710563 0.287727 0.0841245 0.0507083 0.799986
2 0.446925 0.415696 0.0982426 0.0796199 0.797693
5 0.367051 0.552561 0.411964 0.408627 0.796485
2 0.592168 0.467938 0.129263 0.108127 0.794356
5 0.294574 0.331762 0.183364 0.146377 0.793069
2 0.71058 0.287522 0.0825556 0.0515105 0.792167
2 0.446638 0.41634 0.0969326 0.0823012 0.790248
5 0.294134 0.331792 0.182441 0.145255 0.789927
2 0.592333 0.467659 0.129473 0.108814 0.787885
5 0.610882 0.230634 0.174921 0.0932819 0.782568
2 0.592362 0.467869 0.130331 0.10941 0.780829
5 0.612496 0.230661 0.173556 0.0936052 0.780309
2 0.710194 0.287827 0.0825052 0.051231 0.776236
5 0.610785 0.230699 0.175209 0.0942631 0.773839
5 0.799968 0.787287 0.39895 0.423765 0.773638
5 0.612137 0.230613 0.174742 0.0937178 0.771937
5 0.611397 0.230533 0.17536 0.0937451 0.771628
2 0.710648 0.288218 0.0835253 0.0514606 0.769769
5 0.794944 0.785672 0.408964 0.428213 0.768119
5 0.294928 0.332282 0.183012 0.144811 0.768024
2 0.591719 0.468181 0.128022 0.107178 0.763951
2 0.668743 0.442289 0.126298 0.0958826 0.761789
5 0.796704 0.78637 0.406077 0.425515 0.760991
2 0.773715 0.531921 0.158806 0.129986 0.759018
2 0.710711 0.28764 0.0825322 0.0520124 0.758732
5 0.612113 0.230395 0.174763 0.0929943 0.757689
2 0.592081 0.467581 0.129459 0.109072 0.754828
2 0.668498 0.441911 0.127841 0.0958133 0.754269
5 0.294571 0.332004 0.181052 0.146648 0.750982
2 0.592602 0.46742 0.13023 0.110808 0.748213
2 0.710229 0.288116 0.0822413 0.0507018 0.747722
2 0.772868 0.532159 0.157781 0.129404 0.745539
5 0.366695 0.553396 0.413888 0.413174 0.745047
2 0.773173 0.531776 0.158854 0.129686 0.744897
2 0.710153 0.287342 0.0826328 0.0515758 0.742879
2 0.773105 0.531998 0.158497 0.1296 0.742443
2 0.592234 0.467708 0.12914 0.108735 0.736866
2 0.668296 0.442206 0.127238 0.0956533 0.73614
5 0.294505 0.332144 0.177993 0.145207 0.731747
5 0.302816 0.680423 0.148589 0.20379 0.72487
5 0.377464 0.217822 0.107082 0.0752733 0.724258
5 0.295236 0.33225 0.181775 0.145772 0.723762
2 0.77307 0.532631 0.157659 0.128303 0.72366
2 0.773404 0.531919 0.159056 0.129322 0.723403
2 0.772905 0.531715 0.158397 0.129145 0.723396
5 0.302871 0.680299 0.148008 0.205502 0.723221
2 0.668226 0.442795 0.127715 0.0958885 0.722237
2 0.668199 0.442298 0.127934 0.0961398 0.722211
2 0.773016 0.532286 0.158291 0.128918 0.717575
2 0.668635 0.442535 0.128509 0.0961252 0.717341
5 0.302648 0.68079 0.148033 0.203091 0.716596
2 0.668554 0.442379 0.127477 0.0954892 0.70211
2 0.951071 0.60535 0.0968208 0.11798 0.700763
2 0.669034 0.442573 0.126539 0.0952433 0.698741
2 0.446973 0.416059 0.098086 0.0804397 0.697509
5 0.612373 0.230248 0.174189 0.0928876 0.695142
2 0.447228 0.415654 0.0976197 0.0810375 0.693169
2 0.950627 0.605536 0.0982281 0.117416 0.687693
5 0.302786 0.680617 0.147735 0.200479 0.68697
2 0.446942 0.416246 0.0981922 0.0798266 0.679702
5 0.295382 0.331775 0.17792 0.145436 0.670871
2 0.950852 0.605171 0.0973129 0.119151 0.655656
2 0.668134 0.441791 0.127117 0.0935066 0.647179
2 0.446903 0.416118 0.0978714 0.0798179 0.645061
2 0.950945 0.60441 0.0971752 0.119075 0.644317
5 0.377434 0.218922 0.107845 0.0763466 0.642659
2 0.773043 0.532457 0.158609 0.129245 0.63877
2 0.507699 0.388537 0.0918552 0.079247 0.637447
2 0.447291 0.415755 0.0972208 0.0815918 0.631095
5 0.909923 0.466926 0.178496 0.224711 0.628798
5 0.0908407 0.464499 0.178683 0.237975 0.626583
5 0.910165 0.467301 0.178662 0.223482 0.626211
2 0.507425 0.388837 0.092598 0.0789737 0.625152
2 0.950818 0.6057 0.0975052 0.118358 0.624391
2 0.95081 0.605307 0.0979881 0.118052 0.624279
5 0.910149 0.467106 0.178574 0.224492 0.623864
2 0.950823 0.605609 0.0972866 0.117442 0.622123
2 0.773808 0.5323 0.159264 0.131433 0.615051
5 0.295994 0.332345 0.175737 0.145287 0.607718
5 0.909364 0.468091 0.180978 0.224897 0.602473
2 0.950921 0.604555 0.0976833 0.11823 0.592558
2 0.508246 0.388382 0.0914339 0.078867 0.58469
5 0.798319 0.786147 0.402488 0.42454 0.583873
2 0.50859 0.389179 0.0917625 0.079826 0.57784
2 0.507751 0.388908 0.0919562 0.0798007 0.570015
2 0.508238 0.389119 0.0916911 0.0799656 0.568018
2 0.50808 0.389341 0.0922773 0.0803389 0.556377
2 0.446806 0.415977 0.0983067 0.0804626 0.545416
5 0.909573 0.466871 0.179063 0.226153 0.541729
5 0.910118 0.466262 0.179435 0.223306 0.532254
5 0.910024 0.466743 0.178604 0.225482 0.49633
2 0.507997 0.388643 0.0930197 0.0787211 0.493775
2 0.446625 0.415329 0.0981718 0.0792065 0.48598
2 0.950954 0.605654 0.0971653 0.117843 0.470552
2 0.950995 0.604847 0.0968945 0.120503 0.465449
5 0.910237 0.467095 0.179254 0.224878 0.464338
5 0.909596 0.466704 0.180048 0.224889 0.449881
2 0.508274 0.388534 0.091677 0.0798343 0.445675
2 0.516439 0.258922 0.0551356 0.0345885 0.42896
2 0.508607 0.388491 0.0921673 0.0769208 0.425085
2 0.302078 0.678392 0.146715 0.20422 0.407907
2 0.519499 0.259446 0.0615795 0.0379675 0.389696
2 0.511649 0.258247 0.0451593 0.0324699 0.347867
2 0.30175 0.680232 0.148091 0.204212 0.337978
2 0.301791 0.679528 0.14761 0.205972 0.323946
2 0.517342 0.259978 0.057794 0.0335912 0.312291
5 0.377891 0.32195 0.176457 0.135733 0.31129
5 0.415409 0.329743 0.0979515 0.1174 0.305857
2 0.302578 0.67884 0.147385 0.204138 0.298608
2 0.518471 0.257854 0.0593784 0.0357317 0.293228
2 0.512452 0.259195 0.0471337 0.0318842 0.292933
2 0.711629 0.287648 0.0851228 0.050348 0.290421
2 0.710029 0.288406 0.0837046 0.0513233 0.285159
5 0.378804 0.321298 0.175687 0.135241 0.284132
2 0.509541 0.388839 0.0900145 0.0767196 0.283344
5 0.905276 0.466563 0.175783 0.223484 0.276296
5 0.302314 0.679572 0.14775 0.205046 0.257813
2 0.444033 0.206086 0.0185656 0.0198401 0.257454
5 0.90705 0.468229 0.174205 0.223008 0.2519
5 0.909482 0.469699 0.180792 0.229634 0.249089
2 0.301918 0.68035 0.146679 0.203003 0.247252
2 0.503885 0.209289 0.0244377 0.0260731 0.235983
2 0.658607 0.938064 0.218808 0.123024 0.234342
2 0.519393 0.258164 0.0594277 0.0358402 0.226206
5 0.0733071 0.339734 0.144633 0.0915628 0.219195
2 0.510044 0.25781 0.04194 0.0282583 0.218281
5 0.0893427 0.463525 0.176562 0.231366 0.217956
2 0.659225 0.937932 0.220286 0.123835 0.217419
2 0.668205 0.442571 0.128243 0.0955292 0.204611
5 0.0723409 0.339444 0.144682 0.0927984 0.201149
2 0.818882 0.339176 0.10446 0.064065 0.197963
5 0.378729 0.322925 0.174131 0.134591 0.193533
2 0.520074 0.258843 0.0610112 0.0393157 0.190586
2 0.821479 0.332991 0.0977341 0.0563922 0.189743
5 0.0722815 0.340287 0.144563 0.0941118 0.184489
2 0.519098 0.260591 0.0618997 0.0361732 0.173153
5 0.0719399 0.339975 0.14388 0.0934928 0.168435
2 0.822178 0.333519 0.0969549 0.0562318 0.164517
7 0.301827 0.679343 0.147963 0.205011 0.164173
2 0.520306 0.258757 0.0610797 0.0401266 0.164063
2 0.511162 0.256771 0.0445613 0.0328385 0.16227
5 0.382181 0.325911 0.168015 0.125274 0.158379
5 0.384506 0.321281 0.16391 0.13968 0.15775
7 0.0719728 0.339938 0.143946 0.0939316 0.148419
2 0.502538 0.209399 0.0237415 0.0254104 0.144576
5 0.375401 0.32181 0.182609 0.144561 0.140445
2 0.820105 0.333224 0.100545 0.0569674 0.139732
7 0.0719148 0.3408 0.14383 0.0936249 0.138076
5 0.302299 0.679476 0.147492 0.204184 0.13683
5 0.0719062 0.339651 0.143812 0.0958629 0.135763
2 0.65458 0.937746 0.209738 0.123535 0.126681
9 0.247125 0.208448 0.0169622 0.0241804 0.123376
5 0.297316 0.333147 0.17703 0.144762 0.120553
2 0.819148 0.342581 0.104079 0.0641885 0.120478
2 0.278796 0.180065 0.0402961 0.0398227 0.117382
2 0.503523 0.20961 0.0247652 0.0274225 0.115772
2 0.653223 0.937684 0.205537 0.123672 0.115675
5 0.0725167 0.339831 0.144038 0.0921839 0.115674
2 0.0719767 0.340504 0.143953 0.0927045 0.111781
5 0.386207 0.32596 0.158491 0.127188 0.109279
2 0.818839 0.340236 0.104286 0.0651507 0.108828
2 0.652161 0.93782 0.202793 0.123491 0.105718
2 0.281009 0.255312 0.030118 0.0253382 0.100647
2 0.648088 0.938326 0.193995 0.123349 0.0989264
2 0.510029 0.258392 0.0430033 0.0292451 0.0954636
5 0.0719025 0.337913 0.143115 0.0977546 0.0951408
5 0.81882 0.350583 0.104468 0.0557144 0.0931895
2 0.28062 0.180122 0.0362837 0.0396219 0.0930924
5 0.418593 0.32643 0.0957485 0.122354 0.0930847
5 0.818631 0.349417 0.104315 0.0584589 0.0912037
2 0.820104 0.332897 0.101271 0.0579016 0.090074
2 0.818949 0.343513 0.104915 0.0634466 0.0890798
2 0.818937 0.336903 0.103724 0.0650655 0.0890478
2 0.821836 0.324219 0.0955563 0.0401934 0.0879885
2 0.509955 0.255924 0.0427282 0.0317642 0.0861945
2 0.280034 0.255896 0.0314557 0.0268775 0.0860562
2 0.445273 0.414672 0.101641 0.0783807 0.0849004
5 0.41913 0.328444 0.0944684 0.120353 0.0844241
2 0.0721051 0.340122 0.14421 0.0935307 0.0812523
2 0.2805 0.180086 0.0380947 0.0398106 0.0794774
5 0.910334 0.467058 0.178163 0.223216 0.0794443
2 0.831106 0.325587 0.0757259 0.0420288 0.0761132
2 0.649792 0.937687 0.197498 0.123609 0.0754595
2 0.819162 0.335968 0.0984664 0.0486245 0.0749575
2 0.819286 0.339194 0.103865 0.068887 0.0747817
5 0.418278 0.328732 0.0947789 0.121031 0.0745742
5 0.818684 0.350664 0.10521 0.0573717 0.073534
2 0.279191 0.180058 0.0398804 0.0391895 0.0722537
5 0.384413 0.320764 0.165157 0.140877 0.0711983
2 0.508053 0.389835 0.09374 0.0772046 0.0706198
5 0.612594 0.230754 0.168641 0.0933834 0.0704788
2 0.00811881 0.416687 0.0161251 0.0316639 0.0703264
2 0.64823 0.937744 0.194367 0.123661 0.069646
2 0.281507 0.255201 0.0300658 0.0265378 0.0694144
2 0.656058 0.937702 0.20766 0.123985 0.0676069
2 0.275582 0.18011 0.0485256 0.0405976 0.0669615
5 0.41678 0.330042 0.098614 0.119414 0.0669225
0 0.0189204 0.820405 0.0378408 0.114473 0.0663253
0 0.0140204 0.818933 0.0280409 0.112977 0.0650478
5 0.909031 0.466147 0.177004 0.219858 0.0649428
2 0.021149 0.280671 0.0421558 0.0518778 0.0642036
2 0.831966 0.323544 0.0711712 0.039166 0.062639
9 0.703707 0.132638 0.0158209 0.0255459 0.0622099
9 0.247475 0.209063 0.0174095 0.0253262 0.0616572
2 0.669286 0.938115 0.238441 0.123001 0.0602935
2 0.502364 0.210409 0.0240366 0.0280372 0.0600062
5 0.897467 0.466681 0.202621 0.222751 0.0575537
2 0.446446 0.203003 0.0258369 0.0254084 0.055124
2 0.00802189 0.41681 0.0159981 0.0316738 0.0549945
2 0.655889 0.937633 0.210328 0.123963 0.0549188
5 0.27728 0.180183 0.0449869 0.0395377 0.0521987
5 0.416496 0.330728 0.0978706 0.117645 0.0516926
2 0.969441 0.263816 0.0605606 0.0490524 0.0502404
2 0.969948 0.263977 0.0595181 0.0497619 0.0497353
5 0.377852 0.322189 0.175144 0.138313 0.0486376
2 0.674379 0.442184 0.116321 0.0943451 0.0463221
9 0.926964 0.152466 0.0205177 0.0440141 0.0458201
2 0.835139 0.323241 0.0690014 0.0374616 0.0454064
2 0.830255 0.33408 0.0805683 0.0578018 0.0441773
2 0.527919 0.261605 0.0463682 0.0347418 0.0440996
5 0.79636 0.747869 0.404065 0.50247 0.042946
2 0.503929 0.208537 0.0256659 0.0288057 0.0428739
0 0.154759 0.200838 0.0149547 0.0219009 0.0426064
9 0.926083 0.148487 0.0189383 0.040409 0.0406068
5 0.911474 0.434606 0.177053 0.157566 0.040282
2 0.53535 0.261732 0.0310411 0.0345801 0.0391751
2 0.281388 0.254238 0.0303926 0.02695 0.0390079
0 0.0204465 0.820419 0.0407109 0.114179 0.0387617
5 0.378542 0.217506 0.106724 0.0737896 0.0379142
5 0.910677 0.467983 0.177178 0.223281 0.0378115
9 0.703575 0.130869 0.0188109 0.0291535 0.0370535
9 0.609633 0.13007 0.0244698 0.0284173 0.0365377
2 0.983739 0.263159 0.0318092 0.0487818 0.0365017
2 0.979558 0.26405 0.0400442 0.0498507 0.0359589
2 0.453983 0.202432 0.0330936 0.0257723 0.0352821
2 0.0205905 0.280654 0.0411698 0.0507454 0.0352672
0 0.0205589 0.816388 0.0409855 0.124642 0.0344649
9 0.925504 0.152095 0.01835 0.0334643 0.0340418
5 0.37982 0.32127 0.172913 0.14272 0.0337143
5 0.379278 0.322107 0.173255 0.14135 0.0335729
0 0.459858 0.625006 0.0289761 0.0489641 0.0328936
9 0.702922 0.132839 0.0169033 0.0270925 0.0324889
5 0.227643 0.463541 0.133371 0.228002 0.0320354
2 0.705174 0.937987 0.311097 0.123674 0.0319913
2 0.282195 0.180291 0.0349412 0.039193 0.0317903
2 0.00853361 0.416165 0.0169746 0.0318007 0.031698
2 0.508641 0.388787 0.0897071 0.0779087 0.0305594
9 0.947234 0.145215 0.0146587 0.0362147 0.0305443
2 0.969485 0.264721 0.0608629 0.0492399 0.0302346
5 0.911324 0.442849 0.176056 0.176664 0.0301819
5 0.22838 0.461202 0.134993 0.22285 0.0301425
0 0.0203516 0.819962 0.0403493 0.114903 0.0298181
2 0.0205767 0.280577 0.0411535 0.0509064 0.0298062
5 0.0135055 0.218444 0.0269876 0.182217 0.0296809
2 0.969024 0.264599 0.0609596 0.0536424 0.0283815
2 0.280762 0.256937 0.0310925 0.027334 0.0282156
2 0.654654 0.938158 0.20963 0.123168 0.0279921
2 0.985326 0.266111 0.0284912 0.0508327 0.0277967
2 0.645053 0.937775 0.187993 0.123639 0.0276855
0 0.932946 0.56663 0.0313545 0.033506 0.0276302
5 0.39545 0.323029 0.141648 0.128839 0.0275672
9 0.978139 0.144873 0.0423283 0.0331371 0.0275292
2 0.0217538 0.281098 0.042454 0.051155 0.0273467
