5 0.44243 0.723648 0.0901378 0.178611 0.757338
5 0.44231 0.723798 0.089463 0.177614 0.747723
5 0.44213 0.723877 0.0890572 0.177667 0.740907
5 0.442147 0.723627 0.0893972 0.178282 0.735841
0 0.661774 0.65597 0.0282704 0.120354 0.704244
0 0.661698 0.657936 0.028553 0.114977 0.690321
5 0.353585 0.484829 0.06717 0.110327 0.655283
5 0.353568 0.484564 0.067516 0.110452 0.618153
0 0.661088 0.655556 0.0276121 0.119942 0.612526
0 0.660373 0.657422 0.0271082 0.116286 0.607202
5 0.442224 0.723881 0.0905037 0.178501 0.591059
0 0.663836 0.65629 0.0339558 0.122621 0.559571
0 0.662282 0.65591 0.0308029 0.121596 0.55743
5 0.441921 0.724 0.0904555 0.178376 0.539948
0 0.662848 0.656274 0.0320576 0.121764 0.534591
5 0.183784 0.634116 0.0959074 0.154678 0.520176
5 0.353346 0.484418 0.0673777 0.110569 0.51508
5 0.183685 0.634219 0.0963986 0.155494 0.494166
5 0.441653 0.723596 0.0883784 0.177761 0.488595
2 0.270689 0.215543 0.035981 0.0409705 0.481143
5 0.442286 0.724117 0.0906054 0.178336 0.467872
2 0.00839791 0.49551 0.0167958 0.0700872 0.454786
5 0.183721 0.634486 0.0968032 0.154589 0.453302
2 0.271553 0.212346 0.0375377 0.0439871 0.447444
0 0.972818 0.187455 0.0175119 0.0463331 0.440514
5 0.353207 0.484318 0.0677038 0.110254 0.439231
5 0.353352 0.484339 0.0672009 0.109687 0.429923
0 0.661604 0.655708 0.0285301 0.121167 0.422368
2 0.483553 0.100512 0.0222097 0.0234085 0.409011
5 0.183706 0.63448 0.0964054 0.153955 0.408328
2 0.0085723 0.494925 0.0171446 0.0695738 0.402443
2 0.00800918 0.493999 0.0159242 0.0666483 0.399113
0 0.661232 0.655932 0.0287233 0.12218 0.388552
0 0.973571 0.18745 0.018181 0.0462919 0.383832
2 0.270401 0.215132 0.0352839 0.0407283 0.383112
5 0.184118 0.633878 0.0969772 0.155928 0.381364
2 0.270302 0.218338 0.0349629 0.0357851 0.380498
2 0.577973 0.844946 0.1079 0.230049 0.372225
2 0.105428 0.381417 0.0755963 0.0828471 0.370507
5 0.353228 0.48432 0.0675638 0.110448 0.369171
2 0.270419 0.215375 0.0349166 0.0409026 0.365623
2 0.34931 0.192282 0.0357639 0.0389912 0.355601
2 0.577875 0.844968 0.108409 0.230461 0.354972
2 0.349161 0.192839 0.0365275 0.038982 0.352316
2 0.348898 0.193929 0.0366254 0.0377623 0.348279
2 0.270595 0.212567 0.0360104 0.0456281 0.347227
2 0.271181 0.212701 0.0368583 0.0445445 0.346321
0 0.975049 0.186019 0.0209389 0.0490815 0.345912
2 0.00794884 0.495222 0.0158691 0.0691855 0.33907
2 0.105805 0.381061 0.0756674 0.0826427 0.331114
5 0.183649 0.634468 0.0969219 0.154403 0.329738
2 0.578339 0.845765 0.107292 0.22994 0.323009
0 0.975114 0.186252 0.0206745 0.0496619 0.32126
5 0.441764 0.724098 0.0913988 0.17871 0.305238
0 0.975421 0.185339 0.0200525 0.0509557 0.304699
2 0.270208 0.22217 0.0335483 0.0281493 0.304082
0 0.973836 0.186296 0.0184254 0.0474281 0.302228
2 0.349006 0.193762 0.0362494 0.0366795 0.300362
5 0.183732 0.634203 0.0964073 0.154416 0.296267
2 0.578448 0.84571 0.108034 0.230047 0.291108
5 0.353142 0.486087 0.0672367 0.110444 0.281631
5 0.184021 0.634608 0.0965612 0.154997 0.275621
2 0.00824214 0.494745 0.0164508 0.068873 0.271919
2 0.105729 0.381526 0.0758727 0.0828852 0.271448
2 0.105705 0.381026 0.0762998 0.0829761 0.269418
5 0.441597 0.724768 0.0912493 0.179686 0.268368
2 0.105311 0.381256 0.0759592 0.0824371 0.265418
0 0.66144 0.656447 0.0274582 0.119243 0.264768
2 0.270133 0.221531 0.035231 0.0298942 0.264749
2 0.105395 0.381549 0.0752153 0.083342 0.261744
2 0.105871 0.381219 0.0758343 0.0824462 0.260327
2 0.353189 0.48395 0.0672477 0.110199 0.256973
0 0.659297 0.657521 0.0264894 0.115405 0.256329
5 0.578094 0.845651 0.107865 0.230393 0.25569
2 0.183498 0.634769 0.0959987 0.154801 0.248211
2 0.105452 0.381379 0.0759393 0.0824637 0.247381
5 0.183952 0.634645 0.0977695 0.155694 0.246005
0 0.624843 0.559074 0.0268278 0.0921854 0.245157
2 0.269901 0.221946 0.0339867 0.0283905 0.231219
2 0.349577 0.191453 0.0359651 0.0403888 0.230845
2 0.306435 0.18648 0.0262507 0.0257548 0.21856
2 0.10583 0.382217 0.0758835 0.0833549 0.215976
2 0.350223 0.191339 0.0377059 0.0397656 0.215875
2 0.350127 0.190502 0.0373931 0.0403008 0.215058
2 0.578012 0.845557 0.107129 0.230465 0.214447
0 0.974062 0.186733 0.0189133 0.0462349 0.213564
2 0.280042 0.419673 0.0583448 0.0875301 0.213193
2 0.578294 0.84526 0.1099 0.230671 0.213052
5 0.265583 0.138196 0.039335 0.0432278 0.212161
5 0.446895 0.189233 0.0317484 0.0499233 0.208673
2 0.353678 0.484091 0.0664744 0.11147 0.200336
0 0.624729 0.558062 0.0263052 0.0893847 0.19606
2 0.309307 0.183603 0.0343671 0.030245 0.195013
2 0.105648 0.382643 0.0743913 0.0827586 0.18803
0 0.624391 0.558428 0.0264404 0.0905384 0.180782
0 0.624713 0.559487 0.0269241 0.0923939 0.180587
2 0.311642 0.182564 0.0364865 0.0321964 0.179191
2 0.484311 0.0988824 0.0235405 0.027199 0.176898
5 0.402227 0.0978581 0.0467247 0.0553908 0.174678
2 0.484132 0.0986379 0.0225155 0.0256614 0.173201
2 0.447338 0.188589 0.0301043 0.0493225 0.168945
2 0.224652 0.161282 0.0271852 0.0330223 0.161649
2 0.313488 0.181091 0.0428263 0.0344954 0.160651
2 0.681152 0.10583 0.0190373 0.0228824 0.159842
5 0.265567 0.138103 0.039886 0.0447919 0.158082
5 0.266065 0.139982 0.03849 0.0396698 0.156291
2 0.271577 0.212716 0.038654 0.0395488 0.155046
0 0.902943 0.171656 0.0114758 0.0238242 0.15057
2 0.282495 0.418587 0.0622949 0.0903005 0.149533
7 0.00788961 0.49495 0.0157792 0.0690786 0.147924
2 0.283186 0.418466 0.0626506 0.090484 0.14719
2 0.349793 0.190819 0.037591 0.0405293 0.145687
2 0.314855 0.180469 0.0409569 0.0352528 0.143856
2 0.223851 0.161865 0.0262985 0.0324685 0.143213
2 0.447692 0.188091 0.0308687 0.0489455 0.142338
2 0.282521 0.418353 0.0614536 0.0906686 0.141868
0 0.903031 0.172589 0.0112356 0.0236436 0.139681
2 0.279581 0.434386 0.0557791 0.0559443 0.138305
2 0.447199 0.188226 0.030685 0.049065 0.135458
0 0.931713 0.170639 0.0105036 0.0224924 0.133817
2 0.282037 0.418975 0.0614654 0.0896331 0.132869
2 0.271745 0.202349 0.0318891 0.0268909 0.131752
2 0.279217 0.436498 0.0558878 0.0560532 0.131728
0 0.624947 0.559476 0.0271618 0.0923681 0.130537
2 0.00847847 0.494185 0.0169111 0.0707171 0.128087
5 0.403447 0.0929979 0.0468565 0.0453705 0.127514
0 0.672014 0.658377 0.0507835 0.130513 0.127499
2 0.279258 0.436456 0.0551368 0.0553785 0.127149
0 0.75434 0.139167 0.011191 0.0287633 0.123944
2 0.283445 0.418399 0.0625872 0.0902597 0.119974
2 0.578206 0.845371 0.108241 0.229542 0.118055
2 0.447904 0.188084 0.0303549 0.0503949 0.113422
5 0.352018 0.48221 0.0678638 0.112606 0.113332
5 0.447179 0.188134 0.0307781 0.0487551 0.112213
0 0.976582 0.185652 0.0196865 0.0509171 0.110433
2 0.994024 0.252907 0.0110962 0.0410971 0.107908
2 0.22428 0.165712 0.0243448 0.0249074 0.107111
2 0.0120203 0.494734 0.0240405 0.0699251 0.106918
2 0.0114174 0.494571 0.022697 0.0690321 0.10691
0 0.754335 0.138559 0.0116118 0.0290836 0.105378
0 0.671995 0.659039 0.0506316 0.12844 0.103838
2 0.468597 0.0892506 0.0196218 0.0205767 0.101
5 0.405617 0.0928535 0.0431119 0.0463502 0.100461
0 0.114181 0.259546 0.0125126 0.029929 0.0994001
5 0.413714 0.0903805 0.0299356 0.0450268 0.0990636
5 0.266397 0.139571 0.0395076 0.0433218 0.0985276
2 0.00670692 0.495759 0.0133151 0.068819 0.0978132
2 0.284986 0.418201 0.0640848 0.0915463 0.0974037
0 0.631662 0.105302 0.0113454 0.0229939 0.0973683
5 0.263944 0.141125 0.0347126 0.0380641 0.0971071
2 0.303662 0.188707 0.0283769 0.0206016 0.0942659
0 0.112934 0.251819 0.0139894 0.0461332 0.0936356
0 0.625046 0.559393 0.0264423 0.091655 0.091083
5 0.447344 0.188014 0.030777 0.0490979 0.0908465
2 0.321513 0.178868 0.0263124 0.0370363 0.0903202
2 0.447583 0.188101 0.0310933 0.0504764 0.088619
2 0.22443 0.161049 0.0276748 0.0320436 0.086945
2 0.323663 0.180913 0.022536 0.0330372 0.0855312
2 0.681545 0.10303 0.0185118 0.0260563 0.083148
5 0.404838 0.0909669 0.0455756 0.0429643 0.0810371
2 0.351535 0.190487 0.0393023 0.0390488 0.0796453
0 0.111698 0.250316 0.0153528 0.0505107 0.0784284
2 0.447838 0.18868 0.0298372 0.0487047 0.0770839
0 0.113922 0.259112 0.0147679 0.033106 0.0764677
0 0.666268 0.657803 0.0364494 0.114 0.0750792
0 0.994491 0.25246 0.01031 0.0419031 0.0741054
0 0.0300401 0.268143 0.0162093 0.0334234 0.0730717
2 0.323678 0.178285 0.0225415 0.0361034 0.0698398
0 0.672054 0.659328 0.0507711 0.12917 0.0692451
2 0.290504 0.403719 0.0583197 0.0606509 0.0684845
0 0.932751 0.171554 0.0111 0.0223346 0.0669282
0 0.00745447 0.333198 0.0134613 0.0358883 0.0663988
0 0.0291702 0.270279 0.0181053 0.0402691 0.0660871
2 0.283372 0.416874 0.0649838 0.0884912 0.066052
2 0.285511 0.409549 0.0610717 0.075793 0.0644038
26 0.660545 0.637327 0.0247355 0.0368773 0.0642946
2 0.011355 0.495062 0.0226954 0.0679298 0.0640705
5 0.266402 0.139421 0.0381476 0.0404901 0.0634337
0 0.111021 0.248844 0.0145457 0.0496701 0.0626926
5 0.395877 0.0930655 0.030591 0.0394238 0.0615303
0 0.112901 0.249132 0.0145697 0.0479279 0.0602833
2 0.279416 0.428113 0.0574576 0.0684531 0.0588428
2 0.994206 0.252962 0.0109142 0.0403371 0.0586237
0 0.625076 0.55888 0.0244611 0.0928167 0.0583921
0 0.0300408 0.267248 0.0168178 0.0336435 0.0572217
5 0.396495 0.10076 0.0349878 0.0545784 0.0566117
0 0.857412 0.153402 0.0117924 0.0264489 0.0546944
5 0.400829 0.0929552 0.0392873 0.0427776 0.0532276
2 0.106283 0.382245 0.0754976 0.0839074 0.0527832
2 0.992364 0.25281 0.0146641 0.0419327 0.0518124
9 0.718586 0.0540981 0.0126766 0.0318282 0.0509117
0 0.668888 0.656463 0.0447096 0.123714 0.0508766
2 0.484441 0.096133 0.0236613 0.030888 0.0506442
7 0.285611 0.412702 0.064811 0.0788405 0.0503352
2 0.358326 0.236033 0.0168508 0.0234973 0.047977
2 0.314414 0.181039 0.0425765 0.0372391 0.0467535
0 0.771168 0.141939 0.0104861 0.0281378 0.0455876
0 0.112976 0.249289 0.0167796 0.0492659 0.0448906
2 0.0395142 0.691767 0.0541145 0.0458124 0.0448542
2 0.0118181 0.494368 0.0236157 0.0682865 0.0442489
2 0.445877 0.188132 0.0338278 0.0489565 0.0433246
2 0.349054 0.193625 0.0358302 0.0414441 0.0428482
0 0.405136 0.142267 0.00882492 0.0275033 0.0423743
2 0.10249 0.611554 0.0530871 0.0465661 0.0421396
2 0.348881 0.199241 0.0377172 0.0300088 0.0406749
2 0.649789 0.143634 0.0576244 0.0532985 0.0404959
5 0.582122 0.0574935 0.0272391 0.037135 0.0401369
5 0.581805 0.0590673 0.0266714 0.0342465 0.0397661
0 0.624474 0.550995 0.0257078 0.076475 0.0397007
2 0.00804487 0.334527 0.0159254 0.0484807 0.0394589
2 0.103101 0.611795 0.0534573 0.0458354 0.0390358
5 0.447314 0.1898 0.0311932 0.0510009 0.038825
0 0.62467 0.551031 0.0255147 0.0767193 0.0387782
2 0.347655 0.290898 0.0214232 0.0274565 0.0381083
0 0.213269 0.184551 0.0120008 0.0283723 0.0380966
2 0.102357 0.612961 0.0528081 0.05396 0.0364638
0 0.877459 0.177686 0.0121386 0.016888 0.0364387
5 0.65065 0.143628 0.0565386 0.052722 0.036383
0 0.626189 0.560155 0.0247303 0.0902995 0.0363325
2 0.306694 0.403967 0.0252251 0.0613268 0.0362937
5 0.447843 0.189241 0.0329397 0.0500394 0.0361755
0 0.00788597 0.333282 0.0144486 0.0350765 0.0360082
2 0.352398 0.190329 0.0394477 0.0387268 0.0359268
5 0.408828 0.0915062 0.0368078 0.0496721 0.0359219
0 0.630288 0.111164 0.0118532 0.0223558 0.0356512
2 0.102654 0.612069 0.0522861 0.0476898 0.0355163
2 0.28075 0.419994 0.0575395 0.0867338 0.0354297
0 0.144486 0.196483 0.0119136 0.0283308 0.0352802
2 0.395397 0.119028 0.0287106 0.0267691 0.0352308
0 0.59335 0.813376 0.035465 0.0344248 0.0351718
2 0.286723 0.40613 0.0645233 0.0670367 0.0349168
0 0.855996 0.161881 0.0126198 0.0419103 0.0346856
0 0.0315233 0.266395 0.0162587 0.0308185 0.0345583
0 0.633116 0.0996717 0.0140131 0.0287847 0.034416
5 0.415974 0.087245 0.0298595 0.0418762 0.0343582
0 0.593328 0.808481 0.0424305 0.0482027 0.0343191
2 0.230099 0.161144 0.0351939 0.0276263 0.0341647
0 0.11192 0.256109 0.015047 0.0404528 0.0338322
2 0.651906 0.144116 0.0541529 0.0526788 0.0333501
5 0.419012 0.0345224 0.0408391 0.0690448 0.0331773
2 0.103237 0.616145 0.0565155 0.0546354 0.0331308
0 0.854879 0.151341 0.0115147 0.0260355 0.0330104
0 0.146142 0.204011 0.0107137 0.0310267 0.0328777
9 0.71752 0.0514297 0.0131166 0.0277459 0.0326348
2 0.278325 0.437662 0.0538028 0.0560534 0.0324934
2 0.269386 0.212123 0.0340096 0.045119 0.0316595
5 0.264706 0.136922 0.0386049 0.0465501 0.0315865
2 0.278657 0.442504 0.0538846 0.0449909 0.0311993
0 0.623097 0.53999 0.0234225 0.0617016 0.0309413
2 0.1029 0.613104 0.0534932 0.0543504 0.030169
0 0.970943 0.188222 0.0220783 0.0442731 0.0301208
0 0.754008 0.141835 0.0116906 0.0330177 0.0300779
0 0.00702844 0.331717 0.0139612 0.0398168 0.0287967
2 0.307302 0.182903 0.0332317 0.030801 0.027867
2 0.393908 0.121724 0.0230876 0.02436 0.0274955
2 0.274684 0.142711 0.0219257 0.0340261 0.0273356
5 0.40565 0.0941675 0.0412756 0.0534184 0.0272549
5 0.39511 0.0957188 0.0389178 0.0405144 0.0271271
2 0.649983 0.14312 0.0563721 0.0539471 0.0271175
2 0.274486 0.200379 0.0316383 0.0233788 0.0264804
0 0.214107 0.183848 0.0136847 0.0291488 0.0264362
0 0.279894 0.171009 0.0101734 0.0302214 0.0263534
0 0.587789 0.80858 0.0505713 0.0533547 0.025668
2 0.298908 0.401754 0.0426287 0.0667694 0.0247963
0 0.761644 0.139203 0.0130438 0.0268707 0.0245541
2 0.395393 0.118211 0.0303118 0.0268078 0.0244299
2 0.359081 0.234893 0.018307 0.0255077 0.0243385
2 0.103054 0.611201 0.053163 0.0465641 0.0243265
0 0.771179 0.139996 0.0120272 0.0321569 0.0241713
2 0.0123485 0.495654 0.024697 0.0701712 0.024117
7 0.65052 0.14385 0.0582514 0.0518222 0.0236372
5 0.646691 0.0831068 0.0623013 0.0756751 0.0236042
0 0.994665 0.248587 0.00984345 0.0461299 0.0235105
2 0.285855 0.40046 0.0557982 0.0574826 0.023396
0 0.16776 0.170432 0.0146678 0.02819 0.0224133
5 0.489298 0.0790993 0.0200508 0.0251905 0.0220127
0 0.934739 0.168984 0.0122669 0.0214177 0.0219482
2 0.438386 0.0770376 0.0189287 0.0295311 0.0219059
7 0.105514 0.383163 0.0747701 0.0795668 0.0217887
2 0.65046 0.143367 0.0563755 0.0530277 0.0216608
2 0.00834503 0.342484 0.0164123 0.0592943 0.0216215
2 0.0400793 0.613845 0.0320207 0.018799 0.0213269
2 0.143718 0.177059 0.0332212 0.0266931 0.0211715
2 0.0439828 0.137002 0.0534082 0.0184762 0.0207578
2 0.102078 0.611113 0.0525701 0.0463917 0.0204271
2 0.992268 0.251526 0.0149014 0.0422247 0.0202994
5 0.394484 0.0887671 0.0453155 0.03822 0.0200218
2 0.29017 0.402935 0.0583933 0.0623947 0.0195705
2 0.0454502 0.690754 0.0604383 0.0483199 0.0195647
2 0.302217 0.403212 0.0349469 0.0613311 0.0194123
2 0.469876 0.0840772 0.0207447 0.0270357 0.0193551
0 0.624353 0.541408 0.0241741 0.0581913 0.0192861
2 0.0891047 0.145699 0.0308785 0.0190485 0.0191731
2 0.043588 0.607456 0.0354371 0.0268138 0.0191382
7 0.651094 0.143343 0.0568358 0.0528306 0.0191103
0 0.625778 0.559645 0.0313799 0.0916248 0.0190318
0 0.676688 0.6669 0.0432076 0.118959 0.0187881
5 0.414781 0.0329853 0.0334491 0.0653326 0.0186412
7 0.652166 0.14418 0.0588324 0.0515343 0.0186166
2 0.347852 0.290571 0.022612 0.0290526 0.0184832
