2 0.882565 0.768978 0.233884 0.367204 0.828027
5 0.897023 0.465532 0.205417 0.600427 0.824663
5 0.897842 0.463767 0.203492 0.596128 0.824392
5 0.896885 0.462394 0.205653 0.594772 0.817264
5 0.897595 0.461302 0.204285 0.593026 0.81173
5 0.898037 0.418791 0.202729 0.505746 0.80223
5 0.897522 0.468986 0.204317 0.606972 0.800758
5 0.89788 0.462648 0.203073 0.59669 0.794197
5 0.897537 0.465673 0.203957 0.600888 0.787041
5 0.89733 0.461045 0.204918 0.586784 0.778976
2 0.88278 0.768922 0.233248 0.369356 0.776905
2 0.883049 0.769085 0.233902 0.369522 0.734511
2 0.882685 0.76891 0.234046 0.367606 0.713904
2 0.882656 0.769334 0.234689 0.368079 0.692106
2 0.882468 0.769325 0.233994 0.366539 0.654415
2 0.882236 0.769983 0.234367 0.366332 0.651626
2 0.882535 0.769615 0.233792 0.369179 0.638087
2 0.883098 0.76797 0.233348 0.36785 0.575201
0 0.160828 0.213153 0.0324631 0.0832717 0.539234
0 0.160256 0.212706 0.0335999 0.0833982 0.525314
0 0.160303 0.212491 0.0329458 0.0840058 0.509786
0 0.159948 0.213045 0.0323027 0.0826764 0.501411
5 0.897957 0.41862 0.203639 0.507866 0.481986
0 0.159905 0.212125 0.0324023 0.083874 0.481755
0 0.160516 0.212131 0.0329199 0.0844593 0.43376
2 0.623863 0.371785 0.0920336 0.148336 0.413142
5 0.62301 0.372409 0.0936489 0.150444 0.401101
0 0.160473 0.213062 0.032988 0.0831655 0.401028
2 0.882389 0.76934 0.234241 0.365672 0.387115
5 0.489777 0.3793 0.0784788 0.155051 0.381841
5 0.623571 0.371564 0.0925447 0.150201 0.372487
2 0.623476 0.372235 0.0925049 0.149296 0.364016
2 0.623617 0.372053 0.0920191 0.149179 0.361053
2 0.623816 0.372136 0.0924261 0.148999 0.35367
0 0.960063 0.117749 0.0227383 0.0565211 0.342886
7 0.623815 0.37219 0.0914627 0.148349 0.317352
2 0.746241 0.40589 0.119659 0.182496 0.299559
2 0.746452 0.405177 0.11869 0.184301 0.298111
0 0.964151 0.119527 0.0315506 0.0604655 0.298019
5 0.669537 0.574531 0.120068 0.227384 0.29573
5 0.489676 0.379078 0.0783529 0.15565 0.295654
2 0.671014 0.573308 0.11658 0.226954 0.294047
0 0.966134 0.118318 0.0316456 0.0589209 0.293205
0 0.05794 0.0803209 0.0171986 0.0408958 0.289061
2 0.669751 0.57235 0.1175 0.226235 0.288741
5 0.489395 0.379171 0.0782373 0.155761 0.277324
0 0.968272 0.119113 0.027845 0.0586417 0.276439
2 0.623751 0.371568 0.0927324 0.149316 0.276046
0 0.0430382 0.207664 0.0189343 0.0507823 0.273868
7 0.670206 0.573728 0.117944 0.230626 0.272302
2 0.97425 0.0547209 0.0507557 0.0495979 0.271538
0 0.0583542 0.0807704 0.0174851 0.0401451 0.266639
2 0.746415 0.40555 0.118978 0.182741 0.259958
0 0.63922 0.0550578 0.0224172 0.0604538 0.256804
5 0.669803 0.5747 0.119349 0.227388 0.25033
5 0.623435 0.372539 0.0936188 0.150236 0.243657
5 0.670096 0.575317 0.119138 0.227685 0.238612
0 0.960462 0.118613 0.0244045 0.057676 0.238116
2 0.746497 0.405194 0.118599 0.184004 0.236408
2 0.745745 0.404199 0.117042 0.182687 0.234354
0 0.0424434 0.207392 0.0177892 0.0503168 0.233797
2 0.670955 0.572789 0.115381 0.225278 0.232294
0 0.0784281 0.158815 0.0223613 0.051345 0.230169
5 0.74644 0.405748 0.119876 0.182227 0.22823
0 0.0587069 0.0803833 0.0185881 0.040327 0.226751
0 0.639428 0.0551854 0.0228173 0.0616968 0.226147
2 0.975987 0.055533 0.0474663 0.0496158 0.224712
0 0.0444092 0.207347 0.0215449 0.0535102 0.22287
2 0.973577 0.0546226 0.0523684 0.0499995 0.221867
5 0.897282 0.462407 0.205436 0.595156 0.22096
0 0.0784044 0.158324 0.0236929 0.0499208 0.220536
0 0.964184 0.119607 0.0314898 0.0618087 0.218254
0 0.16019 0.217367 0.0308123 0.0741083 0.214449
5 0.746531 0.406456 0.119582 0.181825 0.213475
2 0.973316 0.054454 0.0527611 0.0498346 0.211721
0 0.976013 0.124001 0.0172243 0.0437905 0.209547
2 0.974581 0.0540194 0.0508383 0.0497692 0.207648
7 0.66971 0.574418 0.117134 0.229124 0.206095
0 0.639296 0.0548088 0.0204573 0.063436 0.20404
7 0.746278 0.405192 0.119333 0.18319 0.201796
7 0.746296 0.405363 0.119901 0.182908 0.196622
2 0.746519 0.40529 0.119293 0.182857 0.194942
2 0.671946 0.563945 0.11556 0.2067 0.194384
0 0.160643 0.21299 0.0335904 0.0838252 0.191882
0 0.970196 0.119874 0.0247509 0.0587507 0.190999
2 0.597576 0.0174159 0.0399532 0.0348318 0.190806
2 0.973186 0.0552776 0.0528889 0.0498265 0.189456
0 0.976285 0.123174 0.0153282 0.0419302 0.18095
0 0.0780353 0.156512 0.0236716 0.0479807 0.180342
0 0.15689 0.210488 0.0259409 0.0789983 0.180329
0 0.960243 0.119528 0.0237507 0.0585519 0.177865
0 0.160509 0.223396 0.030211 0.0627097 0.175127
2 0.976888 0.0641095 0.0455109 0.0339703 0.174959
2 0.624097 0.371613 0.0914123 0.148408 0.169683
0 0.0425362 0.204691 0.0197759 0.0578018 0.168371
0 0.639056 0.0554191 0.0211196 0.0619912 0.167613
0 0.0426831 0.206241 0.0188452 0.0580778 0.166767
2 0.975891 0.0636851 0.0474503 0.0342581 0.16601
5 0.489513 0.378254 0.0784067 0.15746 0.165902
0 0.966063 0.115027 0.0274786 0.0550466 0.164661
2 0.973121 0.0539883 0.0528568 0.0502394 0.163487
0 0.640824 0.0533065 0.0255497 0.0650961 0.159601
0 0.639718 0.0547231 0.0223822 0.0627542 0.157673
5 0.489438 0.377615 0.0779833 0.157978 0.155811
5 0.48961 0.378809 0.0784985 0.155774 0.154792
0 0.639971 0.0536932 0.0218473 0.064744 0.152426
5 0.489387 0.378435 0.0781249 0.157509 0.152259
0 0.0542643 0.2126 0.0142252 0.0423203 0.149675
0 0.0587454 0.0812543 0.0174264 0.0400241 0.146173
5 0.489406 0.378597 0.0784792 0.156281 0.143486
2 0.974473 0.0544388 0.050057 0.0496944 0.140308
0 0.0779503 0.157946 0.0239824 0.0513745 0.138837
0 0.0563932 0.208745 0.0104522 0.0365428 0.1384
0 0.640116 0.0550319 0.0229095 0.0617897 0.137759
0 0.961971 0.112497 0.0247753 0.0487074 0.134861
2 0.97469 0.053264 0.0504324 0.049836 0.134511
0 0.63989 0.0526227 0.022764 0.0568393 0.121191
0 0.0776877 0.159421 0.0231292 0.0541507 0.112166
0 0.959491 0.124257 0.0235935 0.0542302 0.111664
0 0.969517 0.124782 0.0233171 0.0515651 0.110622
5 0.379195 0.424401 0.0338473 0.0578394 0.108861
0 0.789788 0.0255528 0.0157467 0.0467139 0.107804
0 0.0796993 0.158623 0.0258427 0.0500509 0.105891
5 0.489259 0.378187 0.0780142 0.157633 0.105611
0 0.974287 0.119757 0.0193823 0.0471577 0.103684
2 0.598777 0.157796 0.0356169 0.0164999 0.100479
0 0.0775283 0.156101 0.0238416 0.0477384 0.0978437
0 0.0772676 0.163688 0.0177254 0.0518812 0.097749
0 0.875014 0.0303652 0.0172403 0.0466429 0.094713
67 0.378959 0.424958 0.0342022 0.0600206 0.091054
0 0.159117 0.213084 0.0362642 0.0845953 0.0905836
0 0.255737 0.157046 0.0122228 0.0294846 0.0861127
0 0.87511 0.0295808 0.0171389 0.0475994 0.0845855
0 0.0521776 0.205569 0.0152126 0.0394432 0.0843781
0 0.790338 0.0269619 0.0157248 0.0444997 0.0840815
2 0.597268 0.0175465 0.0396525 0.0343704 0.0837248
9 0.131344 0.0260324 0.0129013 0.0203655 0.0812958
0 0.522443 0.161334 0.0228441 0.0479641 0.0792423
2 0.597465 0.0178034 0.0388142 0.0349744 0.0780995
2 0.597422 0.017851 0.0378044 0.0347239 0.0748855
2 0.598633 0.157799 0.0376379 0.0169284 0.0747249
0 0.362952 0.054972 0.0226384 0.0587134 0.074665
0 0.158019 0.212787 0.0338532 0.0841964 0.0737073
9 0.131757 0.0276341 0.011818 0.020981 0.0733997
0 0.161403 0.228459 0.0278557 0.0521114 0.0731523
0 0.154563 0.196594 0.0180194 0.0519831 0.0712912
0 0.875038 0.0288498 0.0189526 0.0494946 0.0712819
5 0.379168 0.424527 0.0330308 0.0593889 0.0691215
0 0.738304 0.0177195 0.0170176 0.0354391 0.0689327
2 0.597793 0.0178269 0.0390493 0.0356538 0.0686965
2 0.974713 0.0627491 0.0505732 0.0353954 0.0679811
0 0.975466 0.127017 0.0190147 0.0471337 0.0666745
67 0.379099 0.425207 0.0333521 0.0590557 0.0661064
0 0.0398828 0.205834 0.0195494 0.0554633 0.0657633
67 0.379034 0.424953 0.0329664 0.0576622 0.0656455
0 0.790022 0.0235323 0.0149181 0.046622 0.0649352
0 0.875218 0.147761 0.0213009 0.0459439 0.0646245
0 0.678914 0.0403707 0.0235064 0.0486033 0.0644886
5 0.489118 0.372895 0.0782583 0.165993 0.0643672
5 0.37916 0.425071 0.0335288 0.0589874 0.0640707
0 0.793591 0.027848 0.01476 0.0433774 0.0630549
0 0.790407 0.0247755 0.0143792 0.0442514 0.0630163
0 0.0406752 0.202927 0.0179735 0.0549277 0.0619509
0 0.363806 0.0577113 0.0194018 0.0597147 0.0605125
0 0.504394 0.157524 0.0212207 0.0528694 0.0602754
2 0.540112 0.00853074 0.0268692 0.0170615 0.060248
5 0.378971 0.42512 0.0335174 0.0574404 0.0592494
0 0.0583153 0.0799817 0.0194314 0.0417184 0.0592218
0 0.729417 0.0159525 0.0149885 0.0319051 0.0590114
0 0.0604153 0.0813628 0.0211722 0.0386787 0.0588548
5 0.379443 0.424899 0.0326896 0.0585362 0.0584304
0 0.874516 0.148123 0.0227056 0.0451926 0.0576015
2 0.597663 0.0179101 0.0387732 0.0349708 0.057116
2 0.597108 0.0174178 0.0400425 0.0348356 0.0564714
0 0.680494 0.0461813 0.017022 0.0371656 0.0562792
0 0.74326 0.0166697 0.0139914 0.0333311 0.054354
0 0.506027 0.150965 0.0233978 0.0642351 0.0541918
0 0.681184 0.0471941 0.0178087 0.0396655 0.0534176
0 0.36306 0.053678 0.0234302 0.0560535 0.0528375
0 0.642126 0.0497004 0.0203689 0.0516955 0.0523577
0 0.875219 0.0302848 0.0166664 0.0452395 0.052062
0 0.00430099 0.126627 0.00857033 0.0415322 0.052053
0 0.791301 0.0246402 0.0172817 0.0492803 0.0509724
2 0.537211 0.0101993 0.0332274 0.0203798 0.0507464
2 0.597264 0.0177868 0.0393637 0.0355735 0.0501727
2 0.288858 0.0628706 0.0298294 0.0216847 0.0499441
0 0.0877356 0.16331 0.0170272 0.0379782 0.0497267
0 0.523897 0.162152 0.0220381 0.047841 0.0496516
0 0.256115 0.157974 0.01209 0.0281109 0.0490237
0 0.31438 0.16501 0.0144475 0.0492025 0.0489836
0 0.0821899 0.158773 0.0276684 0.0472119 0.0489289
0 0.72914 0.0165868 0.012836 0.0323527 0.0487274
0 0.504697 0.161512 0.0208153 0.0590227 0.0486864
0 0.0391154 0.204154 0.0179027 0.0564937 0.0485523
0 0.315227 0.144483 0.0146213 0.0755491 0.0484362
2 0.288963 0.0617762 0.0300001 0.0230199 0.0482745
0 0.874783 0.148101 0.022316 0.0451566 0.0481433
0 0.787087 0.0244308 0.0168766 0.0428293 0.0480035
0 0.875416 0.030429 0.016893 0.044647 0.0470615
67 0.379153 0.425048 0.0340051 0.0601236 0.0465356
0 0.0595947 0.0811212 0.0216374 0.0403633 0.0461023
2 0.289061 0.0636297 0.028663 0.0205251 0.0454308
2 0.538671 0.0100765 0.0340027 0.020153 0.044044
0 0.0902247 0.0840329 0.0198932 0.0402678 0.0438142
0 0.00444635 0.13408 0.00873386 0.0477493 0.0430712
0 0.875103 0.147856 0.0217848 0.0459864 0.041903
0 0.875456 0.0303232 0.0174284 0.0449228 0.041672
3 0.597627 0.0181838 0.0377566 0.0345597 0.041487
0 0.800756 0.0277164 0.0176986 0.0460688 0.0412336
2 0.663152 0.0449082 0.05116 0.0443137 0.0412223
0 0.743848 0.018308 0.0154074 0.0336699 0.0409131
0 0.36206 0.0538915 0.0245987 0.0561671 0.0408978
0 0.314044 0.158865 0.0140305 0.041174 0.0407704
0 0.786172 0.0261264 0.0148678 0.0395008 0.0402844
2 0.597113 0.0175376 0.0398434 0.0339075 0.0386856
0 0.063018 0.0812879 0.0196002 0.0378183 0.0382889
2 0.660929 0.0467091 0.0617701 0.0570577 0.0376256
0 0.315155 0.171634 0.0138647 0.0382275 0.0369239
2 0.0044056 0.124635 0.0088112 0.042705 0.0367885
0 0.32276 0.128765 0.0171402 0.0723918 0.0365791
0 0.723234 0.0147759 0.0143766 0.0295345 0.0364626
0 0.678463 0.0318102 0.0298342 0.0616874 0.0362758
0 0.363339 0.0569209 0.0194913 0.0599748 0.0362489
0 0.256061 0.143806 0.0150914 0.056219 0.035914
2 0.287903 0.0609661 0.0291273 0.0231024 0.0356544
0 0.321427 0.114733 0.0134923 0.04524 0.0354654
0 0.32233 0.116608 0.0148725 0.0477293 0.0350978
0 0.09094 0.084195 0.0188312 0.0404559 0.0349195
2 0.535251 0.0107086 0.0356073 0.0214173 0.0346397
2 0.597629 0.0179786 0.0386515 0.0359571 0.0343472
0 0.802326 0.0277558 0.013839 0.0454346 0.0342506
1 0.0428337 0.221611 0.0217851 0.0310578 0.0339089
0 0.517604 0.158539 0.0353233 0.0542701 0.0338191
2 0.201632 0.0805194 0.0194648 0.0223489 0.0336842
0 0.158385 0.21584 0.0355862 0.0802557 0.0335758
0 0.318008 0.134737 0.0191862 0.0847867 0.0333908
2 0.660763 0.0481895 0.0620627 0.0588401 0.0327532
0 0.874891 0.0340043 0.0182709 0.0514556 0.0323699
1 0.511224 0.0565166 0.0260765 0.0331003 0.0323282
2 0.975093 0.0582454 0.0498142 0.0389658 0.032157
0 0.0425804 0.209677 0.0244493 0.0670984 0.0318098
0 0.501276 0.173896 0.0195823 0.0762469 0.0314758
0 0.874857 0.14793 0.022312 0.0463256 0.0314479
0 0.0906167 0.0842652 0.0202162 0.0410709 0.0312521
0 0.0408997 0.210662 0.0244639 0.057518 0.0311687
2 0.197827 0.0833539 0.0188188 0.0275149 0.0309246
0 0.0800613 0.157415 0.0269332 0.0482877 0.0303328
0 0.312951 0.163263 0.0154148 0.047666 0.030146
2 0.538471 0.0105007 0.0298962 0.0210013 0.0300065
0 0.501295 0.172527 0.0198956 0.0819541 0.0299221
0 0.501004 0.160683 0.0182978 0.0532424 0.0297209
0 0.365642 0.0675301 0.0154755 0.0526976 0.0294731
0 0.362258 0.0522158 0.0243412 0.052684 0.0290942
0 0.219917 0.066811 0.0160354 0.0292412 0.0285838
0 0.0494404 0.214471 0.0260817 0.0429105 0.0285497
0 0.0752837 0.162965 0.0177752 0.0599147 0.028138
0 0.52622 0.163164 0.0176456 0.0453239 0.0278948
5 0.378607 0.425196 0.0341514 0.0582236 0.02755
0 0.72407 0.0152015 0.0149099 0.030332 0.0275131
0 0.0813892 0.157388 0.0309933 0.0490446 0.0274413
2 0.288509 0.0613801 0.0253427 0.0208254 0.0266922
0 0.318626 0.13567 0.0169793 0.074784 0.0266727
2 0.678492 0.1961 0.0576447 0.0272489 0.0266419
2 0.532123 0.0103104 0.0398283 0.0206208 0.0265885
0 0.312667 0.158286 0.0145085 0.0430191 0.0261928
2 0.662707 0.0445317 0.0419186 0.0434844 0.0258705
0 0.873854 0.152636 0.030378 0.0543229 0.0258444
1 0.510728 0.057359 0.0265969 0.0336569 0.0257521
2 0.974593 0.0534994 0.0494751 0.0442754 0.0256615
0 0.523247 0.160265 0.0220449 0.0569281 0.0256599
2 0.598357 0.157619 0.0358189 0.0168402 0.0256385
2 0.67921 0.195473 0.0568373 0.0256254 0.0252063
0 0.875108 0.14779 0.0196571 0.045171 0.0248644
0 0.195837 0.086824 0.016833 0.0311268 0.0245498
2 0.67871 0.195563 0.0565901 0.0259406 0.0243477
0 0.361855 0.057797 0.0205431 0.0483906 0.024231
5 0.488778 0.344674 0.0769617 0.235457 0.0240267
0 0.525236 0.164018 0.0192479 0.0482855 0.0239887
0 0.666811 0.0432269 0.0430438 0.0451754 0.0238017
2 0.59862 0.157579 0.0353626 0.0162918 0.0237689
0 0.787229 0.0266445 0.0170698 0.0414793 0.0237104
2 0.678826 0.195974 0.0571898 0.0263595 0.0236067
0 0.875505 0.0348958 0.0192034 0.0542514 0.0234945
0 0.671207 0.0404192 0.0380693 0.0484682 0.0227394
0 0.639643 0.055245 0.0211901 0.0693962 0.022012
0 0.504984 0.145126 0.0198137 0.0644903 0.0220016
0 0.501145 0.174286 0.0193918 0.0781676 0.0219869
0 0.362449 0.055487 0.0219701 0.0615162 0.0217379
2 0.978294 0.0508476 0.0427521 0.0430397 0.0214963
0 0.524457 0.161854 0.0210468 0.0474215 0.0214868
0 0.80319 0.0286043 0.0123497 0.0438854 0.0214369
0 0.0906079 0.0841213 0.0206966 0.0416789 0.0209143
0 0.639148 0.063059 0.017431 0.0478157 0.020771
0 0.00557612 0.107823 0.0110275 0.0762857 0.0203564
2 0.220357 0.0819168 0.0163588 0.0237969 0.0201519
0 0.0572432 0.208975 0.0162813 0.0492909 0.0200941
0 0.513954 0.15125 0.0387693 0.0680461 0.0200134
5 0.669713 0.574881 0.119283 0.226869 0.0195456
0 0.874596 0.150941 0.0295219 0.0508954 0.0194175
0 0.315831 0.165868 0.016452 0.0609469 0.019248
