5 0.93683 0.474883 0.1252 0.12498 0.893274
5 0.936804 0.474883 0.125419 0.125072 0.891774
5 0.93689 0.474848 0.125314 0.125161 0.883564
5 0.93697 0.47496 0.125013 0.124655 0.883296
5 0.936631 0.4748 0.125736 0.12554 0.869255
5 0.936597 0.474832 0.126024 0.12559 0.86713
5 0.936639 0.474951 0.126459 0.125343 0.866933
5 0.936876 0.474813 0.12546 0.124702 0.866662
5 0.135414 0.518131 0.129081 0.155245 0.831088
5 0.135482 0.519293 0.129624 0.15565 0.822511
5 0.135746 0.517779 0.128753 0.154539 0.80637
5 0.936422 0.474674 0.125797 0.125461 0.787114
2 0.296126 0.534327 0.103196 0.0712309 0.734475
2 0.296216 0.53464 0.102725 0.0714699 0.733282
2 0.296203 0.534733 0.102858 0.071869 0.715862
5 0.135543 0.517535 0.129228 0.154996 0.713109
2 0.296217 0.534597 0.102905 0.0721584 0.712555
5 0.135737 0.518386 0.129319 0.155173 0.710223
2 0.296143 0.53488 0.102293 0.0723782 0.709744
2 0.296771 0.534753 0.101318 0.0715784 0.703774
2 0.29639 0.534804 0.102287 0.0724049 0.685003
5 0.135751 0.521309 0.128732 0.160199 0.680411
5 0.936779 0.474833 0.125353 0.124519 0.677794
5 0.134908 0.518169 0.128737 0.15582 0.675293
2 0.296321 0.534922 0.102419 0.0728195 0.661861
5 0.13595 0.519962 0.129071 0.15661 0.657138
2 0.960381 0.758224 0.0785265 0.142417 0.630166
2 0.960134 0.758456 0.0786823 0.142093 0.628482
2 0.76661 0.664144 0.105854 0.0973652 0.61843
2 0.767195 0.663791 0.107141 0.0964365 0.594459
5 0.136175 0.527257 0.129092 0.171139 0.590299
2 0.960616 0.758424 0.078257 0.142188 0.589556
2 0.766724 0.663867 0.106449 0.0967745 0.584313
2 0.960332 0.758771 0.0783073 0.141538 0.57114
2 0.960272 0.758437 0.0784874 0.141715 0.570197
2 0.95997 0.758433 0.0795342 0.141253 0.568055
2 0.766934 0.664242 0.105915 0.0966808 0.56328
2 0.76735 0.663401 0.10608 0.0964493 0.561452
2 0.767007 0.664434 0.105342 0.0977093 0.556841
2 0.960518 0.75829 0.0780395 0.142627 0.551046
2 0.960302 0.758765 0.07827 0.141456 0.543852
2 0.960352 0.758515 0.0787834 0.14128 0.541933
2 0.469897 0.943885 0.20432 0.111057 0.540022
2 0.766882 0.66395 0.10728 0.0968039 0.527837
2 0.470614 0.943847 0.202612 0.111456 0.523906
2 0.923871 0.694955 0.0900742 0.0989852 0.523422
2 0.960298 0.758288 0.0787891 0.140713 0.520443
2 0.76728 0.664121 0.105152 0.0968224 0.519644
2 0.924055 0.695202 0.0908306 0.0980371 0.511465
2 0.767154 0.663682 0.105874 0.0962374 0.508941
2 0.923821 0.695394 0.0891129 0.0989645 0.499735
2 0.892571 0.963277 0.140702 0.0722561 0.495344
2 0.470764 0.943807 0.202268 0.111395 0.47919
2 0.924005 0.694184 0.0893677 0.0997061 0.472015
2 0.471058 0.944258 0.200987 0.111035 0.46091
5 0.136194 0.547142 0.128528 0.211168 0.460834
2 0.471829 0.945272 0.199277 0.109181 0.455184
2 0.893561 0.963469 0.138111 0.0723721 0.454107
2 0.923717 0.69555 0.0896626 0.0990857 0.453653
2 0.891734 0.963327 0.142332 0.0726193 0.453344
2 0.893864 0.963565 0.134789 0.0717869 0.444482
2 0.893582 0.963471 0.138078 0.071957 0.44
2 0.894169 0.963536 0.134322 0.0723084 0.435614
2 0.924279 0.695205 0.0903511 0.0997295 0.434829
2 0.471125 0.944254 0.201151 0.11051 0.423839
2 0.893118 0.963267 0.137982 0.0726889 0.415111
5 0.93665 0.47495 0.1267 0.125003 0.414014
2 0.924649 0.694959 0.0898401 0.0992548 0.397786
2 0.892941 0.96321 0.138237 0.0729111 0.392095
2 0.295528 0.535525 0.104682 0.0719879 0.391232
2 0.893685 0.963349 0.134296 0.0725214 0.388456
2 0.470589 0.943353 0.202243 0.112795 0.383545
5 0.596072 0.468024 0.104795 0.110796 0.364
2 0.924437 0.694871 0.0897659 0.0994061 0.36218
2 0.894736 0.963739 0.133774 0.0713787 0.344886
2 0.472179 0.944023 0.19975 0.11151 0.332933
2 0.889138 0.963031 0.145611 0.0730579 0.318193
9 0.200558 0.464792 0.0139684 0.0285162 0.303974
2 0.470678 0.94334 0.203767 0.112841 0.298834
0 0.0204198 0.568382 0.0150872 0.0367538 0.293081
5 0.136076 0.519449 0.129624 0.154894 0.287557
0 0.0208831 0.567671 0.0170536 0.0377594 0.277702
5 0.9367 0.474888 0.126017 0.125107 0.258717
2 0.47152 0.944504 0.205018 0.109957 0.25049
0 0.0441037 0.570125 0.0136628 0.0345904 0.248355
2 0.296361 0.534836 0.101653 0.0717068 0.244786
0 0.0431416 0.569717 0.0143591 0.0347307 0.241397
0 0.0428806 0.569194 0.0159631 0.0354286 0.23745
9 0.199741 0.465043 0.0153626 0.0303372 0.232889
0 0.0215785 0.568544 0.0152905 0.0351915 0.226904
5 0.595911 0.467747 0.104581 0.110786 0.210236
9 0.200193 0.46491 0.0152414 0.0298347 0.206331
9 0.200563 0.46495 0.0138511 0.0290541 0.189684
0 0.0420723 0.568692 0.0186603 0.035557 0.187391
2 0.923913 0.695601 0.0912407 0.0994364 0.152098
2 0.472395 0.945037 0.195889 0.109927 0.150742
2 0.922925 0.691545 0.0907934 0.0930191 0.147446
2 0.893784 0.973454 0.123119 0.0522047 0.146989
5 0.13549 0.520044 0.129813 0.156791 0.144352
5 0.596872 0.466569 0.10201 0.109968 0.133519
2 0.295894 0.534354 0.103141 0.0724018 0.129414
5 0.136279 0.548972 0.130191 0.215969 0.125036
0 0.7961 0.464771 0.014421 0.0417737 0.11056
2 0.923718 0.692473 0.0890213 0.0930649 0.107785
2 0.890114 0.963083 0.145603 0.0730431 0.107223
2 0.426286 0.50796 0.0165614 0.028104 0.103253
5 0.596789 0.466615 0.101585 0.109864 0.0993739
0 0.791489 0.512269 0.0179651 0.0552273 0.0964456
5 0.596833 0.466327 0.101059 0.109604 0.0950563
5 0.596349 0.466322 0.101319 0.1101 0.0888736
2 0.160585 0.625514 0.0793017 0.0600962 0.0854405
2 0.1604 0.625915 0.0794403 0.0607037 0.0847434
2 0.426015 0.507759 0.0184214 0.0283059 0.0828184
0 0.795122 0.470922 0.0152753 0.055301 0.0824835
5 0.596995 0.466642 0.101933 0.109728 0.0786389
2 0.768786 0.661819 0.101642 0.0898746 0.0749935
0 0.792108 0.502464 0.016263 0.0414865 0.0736373
2 0.962106 0.740643 0.0757883 0.106001 0.0707019
2 0.160479 0.62422 0.0797765 0.0608316 0.0681724
2 0.160641 0.62542 0.0788748 0.0598879 0.0680946
2 0.470174 0.94442 0.202399 0.109975 0.0645749
0 0.796693 0.461344 0.0143102 0.0347527 0.0590285
5 0.597237 0.466665 0.0998234 0.110679 0.058638
2 0.16038 0.625479 0.0787498 0.0606764 0.0565245
2 0.426277 0.507225 0.0176952 0.0296728 0.055511
2 0.426219 0.509054 0.0190311 0.0301255 0.0512471
2 0.426319 0.508267 0.0171877 0.0287828 0.0506035
0 0.791368 0.513349 0.0189146 0.0537304 0.0503387
2 0.894678 0.9728 0.137922 0.0535549 0.0501245
5 0.597262 0.467184 0.10133 0.109743 0.0500493
5 0.595912 0.466476 0.103676 0.109659 0.0493378
5 0.596553 0.466452 0.100691 0.109911 0.0487242
2 0.161036 0.625888 0.0780573 0.0615421 0.0482721
2 0.9245 0.69483 0.0902159 0.0988373 0.0478015
9 0.608581 0.312874 0.0207573 0.046759 0.0463443
0 0.0298035 0.569714 0.011923 0.0327312 0.0452404
2 0.770458 0.659649 0.100671 0.0864357 0.0451816
9 0.83537 0.318081 0.0125137 0.0219452 0.0433746
2 0.426537 0.50714 0.0191864 0.0303281 0.042025
2 0.3812 0.520787 0.0493925 0.0306302 0.0401658
2 0.3954 0.520176 0.0242303 0.0275421 0.0390189
2 0.961364 0.736438 0.07726 0.0964409 0.0371098
2 0.160666 0.622369 0.0804399 0.0632352 0.0370883
0 0.790259 0.512541 0.023632 0.0590364 0.0324279
0 0.987261 0.4993 0.0227995 0.043342 0.0323528
2 0.923649 0.693968 0.0918804 0.0982201 0.0318065
0 0.0365799 0.569955 0.0179808 0.0327614 0.0316837
2 0.160111 0.625093 0.078666 0.0563975 0.0313192
2 0.890339 0.974498 0.115396 0.0501837 0.031284
0 0.0967536 0.570532 0.015874 0.0321411 0.0311892
2 0.889742 0.943766 0.0392082 0.0305206 0.0281411
9 0.825748 0.0733774 0.0529709 0.143378 0.0279102
2 0.166779 0.626719 0.0669191 0.0552723 0.0274254
2 0.885721 0.96322 0.150371 0.0723999 0.0273905
2 0.894149 0.974255 0.123659 0.050687 0.0269936
0 0.0252842 0.56845 0.022133 0.0365308 0.0265945
9 0.200218 0.466513 0.0162903 0.033991 0.0261431
0 0.794164 0.468948 0.0201691 0.049626 0.0259378
0 0.792899 0.484757 0.0194843 0.0795012 0.0254606
2 0.161041 0.625067 0.0775911 0.0581274 0.0253064
5 0.160503 0.533906 0.0801609 0.156213 0.0248493
2 0.295113 0.534896 0.10381 0.0718409 0.0238389
0 0.095156 0.562946 0.0166017 0.0418463 0.0238328
2 0.977358 0.664391 0.0452834 0.0618562 0.0235123
2 0.159681 0.622045 0.0815128 0.0667162 0.0230668
5 0.136075 0.548169 0.129407 0.213302 0.0219069
2 0.977551 0.663422 0.0448973 0.0580199 0.0216373
9 0.608437 0.31401 0.02122 0.0488764 0.0216164
2 0.961289 0.733212 0.0774228 0.0909468 0.0209268
2 0.39585 0.519377 0.020948 0.0290613 0.0204684
2 0.938405 0.690146 0.117804 0.105994 0.0202357
0 0.790505 0.513365 0.023255 0.0567574 0.0202093
2 0.891039 0.942735 0.0366718 0.027404 0.0201517
9 0.823564 0.0725558 0.0601116 0.145026 0.0201125
2 0.295987 0.535041 0.10216 0.0712242 0.0200101
7 0.923478 0.694981 0.0886911 0.10197 0.0192308
12 0.612375 0.503622 0.0250506 0.0386566 0.0191336
2 0.977063 0.663911 0.0454821 0.0648321 0.0182061
5 0.61859 0.466846 0.0567875 0.108631 0.0180675
2 0.596469 0.467411 0.100658 0.11106 0.0177967
2 0.754701 0.663548 0.0788216 0.0918324 0.0176105
5 0.597617 0.467904 0.099679 0.109524 0.0174314
2 0.590931 0.428204 0.0872725 0.0362994 0.017395
2 0.591193 0.429386 0.0889013 0.0360214 0.0172889
2 0.939012 0.691204 0.120092 0.107388 0.017095
0 0.114737 0.571844 0.0148057 0.0324656 0.0161595
2 0.961654 0.74201 0.0760769 0.108356 0.0155574
0 0.796915 0.460062 0.0143098 0.0349819 0.0151756
2 0.395684 0.520361 0.0208509 0.0280329 0.0150853
0 0.0977641 0.571386 0.0152298 0.0306532 0.014735
2 0.63402 0.852917 0.0234884 0.0177588 0.0141554
2 0.977274 0.663711 0.0451942 0.0633465 0.0140665
0 0.798292 0.461434 0.0185518 0.0366741 0.0140052
9 0.607581 0.307462 0.0235203 0.0704178 0.0134661
2 0.977065 0.662172 0.0452536 0.0690887 0.0134424
2 0.890613 0.975257 0.113385 0.0487164 0.0134191
0 0.987724 0.499069 0.0237988 0.0435596 0.013254
2 0.160093 0.625323 0.0772284 0.0609698 0.0132261
2 0.159821 0.62477 0.0782538 0.0565241 0.0130507
5 0.136 0.548955 0.130111 0.214348 0.0129613
0 0.789934 0.496712 0.0227207 0.0800616 0.0129546
12 0.612054 0.504107 0.0242785 0.0375753 0.0127799
9 0.834826 0.317626 0.0126198 0.0209138 0.0124694
2 0.891202 0.942698 0.0373196 0.028504 0.0124084
9 0.387546 0.4435 0.0124567 0.0201387 0.0121959
2 0.590582 0.428383 0.0879096 0.0366457 0.0121869
9 0.387337 0.453372 0.0114911 0.0316341 0.0121659
9 0.822349 0.124817 0.0352047 0.0392827 0.0119459
9 0.386085 0.451854 0.0118958 0.0250284 0.0118087
2 0.976964 0.663691 0.0454918 0.0648243 0.0113481
0 0.791864 0.511494 0.0202311 0.059364 0.0113275
9 0.825508 0.0728753 0.0573513 0.145751 0.0112407
0 0.849653 0.488499 0.0150814 0.036871 0.0109378
2 0.974585 0.667241 0.0508297 0.0662413 0.0108491
2 0.429062 0.51013 0.0227489 0.0345179 0.0107958
9 0.556486 0.430468 0.0131393 0.0207428 0.0107901
0 0.331329 0.515829 0.0229413 0.025024 0.01071
5 0.159073 0.496041 0.0757626 0.0703418 0.0105668
0 0.395939 0.520594 0.0209606 0.0276615 0.0105548
9 0.578322 0.309272 0.0221989 0.0626346 0.0102522
9 0.386708 0.451725 0.0131363 0.0253092 0.010205
9 0.597682 0.304711 0.0344222 0.0827378 0.0101946
2 0.397532 0.518367 0.024056 0.031415 0.0100996
0 0.991471 0.719649 0.0161873 0.0427174 0.0100355
2 0.182474 0.628781 0.0346903 0.0459114 0.00984825
9 0.609151 0.312668 0.0232271 0.0524742 0.00976773
9 0.825987 0.0736254 0.0541775 0.144904 0.00975778
9 0.578193 0.311234 0.0213303 0.057016 0.00960051
9 0.824895 0.124779 0.0401045 0.0394326 0.00957191
0 0.0420983 0.569693 0.0219384 0.0388745 0.00952826
2 0.396578 0.520188 0.0230365 0.0290539 0.00932313
9 0.598526 0.304522 0.035112 0.0837064 0.00930781
0 0.987746 0.498007 0.0232273 0.0483707 0.00928798
0 0.791107 0.474062 0.0252508 0.0629479 0.00904341
2 0.329382 0.514224 0.0216777 0.0225084 0.00904258
2 0.159588 0.626102 0.0774034 0.0621192 0.00902855
2 0.890864 0.943881 0.0367092 0.0302166 0.00889457
2 0.751776 0.66578 0.0762319 0.0910583 0.00885073
5 0.109056 0.505489 0.0765154 0.130403 0.00880937
0 0.0727777 0.554586 0.0118404 0.020583 0.00873173
0 0.791146 0.517783 0.0204092 0.0454277 0.0087295
2 0.474179 0.944237 0.211576 0.110603 0.00867311
0 0.850978 0.488952 0.0143341 0.0352544 0.00861745
6 0.531815 0.787464 0.895882 0.425072 0.00855163
5 0.160383 0.555286 0.0822488 0.195023 0.00852067
9 0.818717 0.0725125 0.0728281 0.144434 0.00846196
0 0.145153 0.54883 0.0185555 0.038816 0.00842825
0 0.849754 0.488447 0.0150082 0.0373322 0.0083704
0 0.851466 0.489182 0.0127842 0.0339989 0.00829991
5 0.159876 0.492742 0.0779744 0.0629448 0.00818463
2 0.754957 0.661441 0.0736673 0.0854061 0.00811052
2 0.597596 0.428608 0.0725449 0.0338211 0.00807498
2 0.590758 0.429481 0.0874195 0.0370654 0.0080585
2 0.511917 0.481641 0.0229692 0.0210829 0.0080549
9 0.602761 0.306549 0.0344748 0.0781063 0.00804306
0 0.935156 0.978225 0.0509176 0.0425514 0.00795975
2 0.770746 0.661018 0.100859 0.0855099 0.00795833
9 0.329783 0.116806 0.0274549 0.0573026 0.00779315
2 0.889748 0.945165 0.0404839 0.0326267 0.00777055
0 0.918701 0.469997 0.00951862 0.0383215 0.00775764
0 0.798713 0.465177 0.0219565 0.044846 0.00775756
2 0.976583 0.679711 0.0464026 0.100687 0.00764476
2 0.509755 0.481309 0.0270992 0.0219294 0.00764469
2 0.976972 0.664325 0.0455008 0.0637034 0.00759705
6 0.508231 0.801993 0.913706 0.396013 0.00757348
0 0.6131 0.48763 0.0303454 0.0699308 0.00748058
0 0.987941 0.497002 0.0234154 0.0488373 0.00729799
2 0.96434 0.734486 0.0707821 0.20616 0.00723634
9 0.60857 0.311237 0.0226162 0.0555233 0.00722895
0 0.467073 0.504865 0.0112608 0.0315542 0.00713889
0 0.888141 0.691568 0.0194975 0.0252769 0.00713687
2 0.977908 0.659069 0.0435543 0.0641593 0.00702995
6 0.505875 0.802994 0.926506 0.392923 0.00697344
12 0.613555 0.502962 0.0256671 0.0382206 0.00692795
2 0.888847 0.945188 0.0411991 0.0326586 0.00687472
9 0.822362 0.0724035 0.0667414 0.144536 0.00687363
3 0.961104 0.776898 0.0776678 0.102204 0.00684288
0 0.798624 0.462602 0.0190258 0.0376851 0.00674324
9 0.608766 0.313965 0.0234947 0.0520199 0.00670726
0 0.885992 0.691139 0.0157755 0.0275143 0.00668014
0 0.115478 0.573057 0.0138043 0.0331335 0.00667692
0 0.0712875 0.548642 0.00955213 0.0284891 0.00657867
0 0.463596 0.508511 0.00971479 0.0223001 0.00649669
2 0.962253 0.736992 0.0748142 0.096928 0.00649296
0 0.933125 0.977931 0.0499722 0.0428082 0.00647797
2 0.977309 0.666376 0.0446732 0.0678577 0.0064672
0 0.958762 0.755574 0.0270933 0.038364 0.00628416
12 0.613312 0.50293 0.0258263 0.0387281 0.00621666
2 0.881539 0.94478 0.0566906 0.033569 0.00620273
2 0.749895 0.666214 0.0727695 0.0909639 0.00612512
0 0.937026 0.980658 0.0489288 0.037759 0.00609856
0 0.369644 0.527088 0.0225221 0.0324364 0.0060603
0 0.800836 0.644749 0.0345108 0.0451436 0.00598362
0 0.919515 0.477581 0.0103813 0.0255019 0.00595828
2 0.885015 0.975447 0.0992802 0.0482214 0.00594782
2 0.49791 0.969689 0.138392 0.0598221 0.00588732
9 0.613287 0.503252 0.0276451 0.0393341 0.00584215
9 0.588344 0.302413 0.0382183 0.0773611 0.00583287
0 0.373633 0.524981 0.0332207 0.0315856 0.0057909
2 0.635463 0.854107 0.0222377 0.0176395 0.00577018
