5 0.895918 0.469042 0.207586 0.598547 0.930105
5 0.896352 0.456687 0.206786 0.574949 0.914769
5 0.896658 0.456884 0.20556 0.574649 0.912816
2 0.888504 0.810674 0.221764 0.377902 0.910991
5 0.896763 0.457703 0.205849 0.575848 0.910859
5 0.896293 0.469147 0.206176 0.598923 0.910395
2 0.888523 0.81111 0.222005 0.376671 0.908434
2 0.888342 0.810966 0.221875 0.377033 0.908342
2 0.888743 0.810391 0.221535 0.377688 0.906983
2 0.888381 0.810645 0.222123 0.377598 0.899467
2 0.888155 0.810676 0.222578 0.377181 0.896476
5 0.895564 0.462697 0.208122 0.590048 0.893055
5 0.896643 0.470987 0.206325 0.603442 0.879709
5 0.896235 0.460021 0.206738 0.58243 0.867384
2 0.888377 0.810969 0.222732 0.377582 0.830203
5 0.896425 0.462331 0.206815 0.59203 0.811496
2 0.8881 0.810574 0.223117 0.378852 0.788996
5 0.896912 0.432355 0.205147 0.524519 0.757937
2 0.729388 0.051935 0.0615307 0.0511533 0.657678
2 0.729309 0.0519562 0.0613838 0.0513643 0.644003
2 0.729175 0.0522892 0.0618475 0.052044 0.628449
2 0.974925 0.0548659 0.0492826 0.0512391 0.609903
2 0.974791 0.0546416 0.0498909 0.0516995 0.525164
2 0.974987 0.0541754 0.0500267 0.0525154 0.506944
2 0.974738 0.0545738 0.0498896 0.0508241 0.486196
2 0.729706 0.0525063 0.0622105 0.0533242 0.474428
0 0.62591 0.0493243 0.0266049 0.0828639 0.468497
2 0.974728 0.0548423 0.0496674 0.0509875 0.46525
2 0.627693 0.372394 0.0839595 0.148702 0.446837
2 0.888694 0.810827 0.222612 0.376989 0.441145
2 0.671768 0.560591 0.115047 0.196914 0.418715
2 0.670019 0.563623 0.116078 0.203529 0.417577
2 0.626482 0.372692 0.0861673 0.149911 0.415442
2 0.745869 0.404001 0.118878 0.176067 0.410685
0 0.626137 0.0494684 0.0267111 0.0835446 0.410537
2 0.974684 0.0543047 0.0498178 0.050532 0.409725
2 0.974808 0.055241 0.0493296 0.0511429 0.409556
2 0.671098 0.569495 0.115502 0.214574 0.403748
0 0.840296 0.150274 0.0184574 0.0485887 0.401296
2 0.62623 0.372844 0.0868422 0.150656 0.400552
0 0.625161 0.0478336 0.0260487 0.0836239 0.396126
2 0.729215 0.0521142 0.0604916 0.0534791 0.393999
2 0.627255 0.372542 0.0851649 0.149582 0.392678
0 0.839909 0.150951 0.0180464 0.049058 0.390301
2 0.974889 0.0541151 0.050054 0.0522374 0.39008
0 0.62653 0.0475777 0.0265883 0.0829797 0.387157
0 0.625426 0.0519109 0.0255539 0.0800565 0.372591
2 0.97584 0.0558941 0.0477802 0.0514052 0.369722
2 0.627826 0.372223 0.0834744 0.147723 0.359603
2 0.670949 0.565718 0.114769 0.207043 0.359273
5 0.488978 0.37844 0.0800769 0.161326 0.357939
2 0.975788 0.0627024 0.0475491 0.0371047 0.357463
2 0.670512 0.567167 0.116317 0.211875 0.355268
2 0.669653 0.57608 0.118708 0.22639 0.353101
0 0.901135 0.124209 0.0274881 0.0621701 0.351595
2 0.626586 0.372694 0.0859455 0.149179 0.350847
2 0.534976 0.0166555 0.0360607 0.0333109 0.344006
0 0.901597 0.124151 0.0279285 0.0616063 0.343928
2 0.745984 0.401981 0.117521 0.176458 0.342534
2 0.627435 0.371941 0.0842585 0.148794 0.342476
0 0.898961 0.121538 0.0225922 0.0557011 0.333108
0 0.902017 0.124161 0.0292135 0.061482 0.329991
2 0.745954 0.403259 0.118022 0.176059 0.319341
2 0.72965 0.0529942 0.0618913 0.0539514 0.31157
2 0.730108 0.0527217 0.0598459 0.0534965 0.310327
2 0.62743 0.371813 0.0842937 0.14834 0.302687
5 0.488846 0.378529 0.0794377 0.161368 0.292541
2 0.745975 0.402128 0.117471 0.176566 0.289915
5 0.489359 0.379186 0.0793451 0.161206 0.286739
2 0.729586 0.053211 0.062257 0.0543899 0.280526
2 0.62513 0.37249 0.0890282 0.151845 0.278699
0 0.898356 0.124525 0.0214838 0.0611249 0.273556
2 0.745385 0.399791 0.115876 0.173049 0.27182
2 0.534805 0.0169556 0.0354977 0.0334007 0.266789
0 0.625518 0.0510939 0.025708 0.0812527 0.26661
0 0.840052 0.15034 0.0192381 0.0477183 0.265943
7 0.669792 0.573521 0.115842 0.22289 0.263523
5 0.74611 0.403822 0.118913 0.175845 0.260925
0 0.626234 0.0418445 0.0252189 0.0682116 0.260636
0 0.98324 0.134856 0.0181561 0.0558733 0.258934
0 0.897918 0.123577 0.0208509 0.0590262 0.257064
5 0.745566 0.402792 0.118534 0.176512 0.256357
0 0.840107 0.150433 0.0187912 0.0478056 0.256199
2 0.535073 0.0170561 0.0351648 0.0334481 0.254494
2 0.6265 0.372104 0.0868336 0.149917 0.251794
5 0.745819 0.404867 0.118059 0.176088 0.249594
0 0.66639 0.045437 0.0146831 0.0516421 0.249279
2 0.745987 0.402803 0.1183 0.176115 0.239905
0 0.898604 0.124112 0.0228645 0.0603689 0.23862
2 0.74564 0.402046 0.117765 0.176124 0.235024
2 0.670427 0.567085 0.114655 0.209001 0.233951
0 0.984756 0.141341 0.0217079 0.0683179 0.226493
2 0.534921 0.0173277 0.0364115 0.0335458 0.223309
0 0.914774 0.133752 0.0174402 0.0435497 0.222008
0 0.666504 0.0446949 0.0131666 0.0509223 0.216668
2 0.975209 0.0616436 0.0483688 0.038828 0.210952
0 0.914942 0.133736 0.018519 0.0446982 0.209586
2 0.534993 0.0174039 0.0357172 0.0332068 0.202497
0 0.839836 0.149191 0.0198193 0.0470122 0.198967
0 0.0503211 0.0874773 0.0198987 0.040785 0.192408
0 0.902071 0.125226 0.0255476 0.0613536 0.191794
0 0.914825 0.132744 0.0170437 0.0433325 0.189505
0 0.62468 0.0437158 0.0232048 0.0740462 0.18684
0 0.984102 0.139443 0.0200859 0.0639877 0.185931
2 0.978169 0.0644347 0.0430532 0.0347349 0.181901
0 0.0507089 0.0874194 0.0195675 0.0400424 0.181163
0 0.666232 0.0430223 0.0134555 0.0452049 0.181034
2 0.888022 0.810534 0.22329 0.377694 0.18004
2 0.535089 0.0166881 0.0353086 0.0333762 0.175373
0 0.987006 0.143194 0.0254326 0.0734718 0.171601
0 0.839762 0.149937 0.0189125 0.0482927 0.163809
5 0.489 0.378834 0.0798378 0.161405 0.161393
2 0.533774 0.0171522 0.0382146 0.0336774 0.158587
0 0.626879 0.047027 0.0331499 0.0857432 0.158423
9 0.130891 0.0271583 0.011488 0.0203951 0.157386
0 0.839592 0.150285 0.0192917 0.0485707 0.15724
0 0.987054 0.142398 0.0254642 0.0725204 0.149446
2 0.729835 0.0527219 0.060861 0.0530239 0.148331
0 0.985668 0.142043 0.023892 0.0716267 0.147513
0 0.625766 0.0479463 0.0317915 0.0854505 0.145997
2 0.66979 0.571196 0.116162 0.21377 0.145418
5 0.488988 0.378359 0.0799242 0.160815 0.143993
2 0.535086 0.016687 0.0348532 0.0333615 0.142648
0 0.664741 0.0420907 0.0176683 0.0508461 0.142143
0 0.907679 0.124435 0.0300081 0.0610674 0.140931
0 0.908383 0.126635 0.028965 0.0567464 0.140175
0 0.0497788 0.0871292 0.0211963 0.0425344 0.133886
0 0.839888 0.150102 0.0199806 0.0482582 0.133252
0 0.0498291 0.0869304 0.0215307 0.0418395 0.132323
5 0.488918 0.378894 0.0792294 0.161545 0.131482
0 0.9865 0.141053 0.0263721 0.0738472 0.130348
0 0.626506 0.0357051 0.0237971 0.0568575 0.129522
0 0.906983 0.124596 0.0335295 0.0619672 0.125955
5 0.623557 0.373524 0.0929812 0.15278 0.125322
0 0.988951 0.13667 0.0214005 0.0676099 0.121217
2 0.534446 0.0174108 0.0391596 0.0335779 0.120834
0 0.19395 0.214675 0.0258616 0.0668909 0.11563
2 0.888799 0.810651 0.222176 0.37714 0.113425
0 0.839615 0.14914 0.0208826 0.0481227 0.110927
0 0.623811 0.0289391 0.0204009 0.0454932 0.110203
0 0.269816 0.161122 0.01282 0.0391396 0.106511
3 0.729802 0.0529394 0.0603335 0.0535881 0.103968
0 0.269844 0.160006 0.0116283 0.0400124 0.103534
5 0.489194 0.379019 0.0794211 0.161013 0.101264
0 0.05029 0.0864373 0.0219093 0.0400942 0.101136
0 0.195103 0.219344 0.0270561 0.0569671 0.100503
0 0.0498931 0.0865304 0.0219965 0.0414301 0.0968777
0 0.624502 0.0480003 0.0299234 0.0865196 0.0966426
0 0.784849 0.025134 0.0165594 0.0491561 0.0966193
9 0.12972 0.0257613 0.0126884 0.0207646 0.0963561
0 0.667206 0.047142 0.0151588 0.0544633 0.0949456
0 0.839753 0.149754 0.0197708 0.0489294 0.0947181
0 0.0958816 0.141238 0.0217664 0.0440761 0.0937734
2 0.608738 0.0144635 0.0340208 0.028927 0.0928589
5 0.488769 0.378763 0.0795679 0.161626 0.0927104
5 0.488856 0.378485 0.0799109 0.161018 0.0923191
0 0.194779 0.21034 0.0296133 0.077526 0.0900201
2 0.728649 0.0517226 0.0609447 0.0505959 0.0894846
0 0.784583 0.0248419 0.0180819 0.0493165 0.0888587
0 0.095913 0.142192 0.021677 0.0440486 0.0882038
0 0.467684 0.181369 0.0192583 0.070443 0.0860745
0 0.195631 0.222996 0.0277889 0.0512813 0.0853766
0 0.624254 0.0480076 0.031753 0.0892236 0.0850034
0 0.989068 0.140167 0.021101 0.0684411 0.0844257
0 0.986096 0.144793 0.0239723 0.0695023 0.083265
0 0.78554 0.0254245 0.0152214 0.0494699 0.0820546
0 0.991316 0.143016 0.0166784 0.0685248 0.0816826
0 0.665028 0.0431646 0.0170305 0.0535116 0.0797272
0 0.649009 0.0313631 0.0233232 0.0433528 0.0786119
2 0.607749 0.0143786 0.0331406 0.0287572 0.0767288
0 0.468209 0.180272 0.0211042 0.0729906 0.0766119
2 0.488476 0.378321 0.0798464 0.160067 0.0764432
2 0.887265 0.810366 0.22485 0.378272 0.0756368
0 0.0964807 0.143478 0.0202677 0.0428681 0.0736234
0 0.650238 0.0333288 0.022246 0.0387409 0.0725692
2 0.604215 0.0146142 0.0256351 0.0287855 0.0722275
0 0.646879 0.0330697 0.0178981 0.0397134 0.0716032
0 0.284508 0.0766763 0.019018 0.0566638 0.0715212
2 0.609848 0.0147409 0.02955 0.0293067 0.0708827
0 0.898142 0.125859 0.0248592 0.0604431 0.0701176
0 0.649659 0.0323023 0.0219166 0.0410269 0.0698138
2 0.61318 0.0148529 0.0429457 0.0297059 0.069599
0 0.195307 0.212662 0.0284116 0.0732693 0.0695894
2 0.72892 0.0519016 0.0608486 0.0526852 0.0675828
2 0.597253 0.158967 0.0366758 0.0174854 0.0672856
2 0.53357 0.0166864 0.0389387 0.0333727 0.0671754
0 0.284488 0.0778507 0.0189171 0.0581715 0.0657437
0 0.784542 0.0246872 0.0173485 0.0493743 0.0650185
0 0.647797 0.0344595 0.0182631 0.0369224 0.064069
2 0.605983 0.0146337 0.0274135 0.029038 0.0630913
0 0.786336 0.0250937 0.0173452 0.0493281 0.0619068
0 0.650501 0.0306433 0.0211044 0.0415673 0.0603732
0 0.468639 0.178343 0.0238014 0.0742448 0.0597399
0 0.78389 0.0244386 0.018981 0.0488748 0.0592718
0 0.785403 0.0252446 0.0157755 0.0486328 0.0591324
0 0.285014 0.0761921 0.0214806 0.0579913 0.0559738
0 0.492467 0.168402 0.0133086 0.0378435 0.0556425
0 0.786212 0.0250541 0.0180491 0.0498156 0.0554963
0 0.734145 0.014205 0.0270302 0.0280417 0.0551762
0 0.467441 0.197168 0.0162477 0.0397752 0.0548814
0 0.87466 0.0333011 0.0185841 0.0486284 0.0545589
0 0.289206 0.0755649 0.0171876 0.0548759 0.0539526
0 0.739355 0.0139424 0.0242403 0.0278847 0.0534391
0 0.548663 0.254705 0.0196594 0.0574931 0.0524165
2 0.975321 0.0549319 0.0487034 0.0509923 0.0520039
0 0.049478 0.0873138 0.0203257 0.0432431 0.051974
0 0.87479 0.0344311 0.0188404 0.0496824 0.0516536
0 0.549026 0.246302 0.0166958 0.0410796 0.0505042
0 0.991374 0.127645 0.0165302 0.0557753 0.0494139
0 0.240757 0.0617013 0.02234 0.0517192 0.048187
67 0.377735 0.425463 0.0349438 0.0610132 0.0480921
0 0.875808 0.0359871 0.0213133 0.0539916 0.0477108
2 0.214383 0.0724498 0.0321683 0.0478702 0.0469239
3 0.749857 0.0577033 0.0207417 0.0411134 0.0460188
2 0.218903 0.0687498 0.0237472 0.05013 0.0460188
0 0.28864 0.0735683 0.0182748 0.0506918 0.0453707
0 0.0496626 0.0875375 0.0204608 0.0439969 0.0448852
0 0.193427 0.207478 0.0304886 0.0826816 0.0448767
0 0.733052 0.0129509 0.0216439 0.0259017 0.0443149
0 0.78612 0.0249201 0.0202554 0.0498257 0.0443133
5 0.378251 0.425047 0.0341278 0.0583017 0.0442023
0 0.740195 0.0128261 0.0177567 0.0256523 0.0432023
0 0.898942 0.123864 0.0263077 0.0618664 0.0421559
0 0.551078 0.281074 0.0291248 0.109722 0.0421215
0 0.738389 0.01603 0.0253482 0.0320599 0.0418753
2 0.597024 0.158653 0.0386211 0.0179667 0.0414936
0 0.278887 0.0788298 0.01223 0.0577726 0.0410432
0 0.875136 0.0349939 0.0202824 0.0507933 0.040792
0 0.549293 0.280281 0.0245281 0.109135 0.0405539
0 0.552872 0.28253 0.0290098 0.104329 0.0402697
2 0.196251 0.0859106 0.0183326 0.0300607 0.0385838
0 0.549173 0.271287 0.0207727 0.0901531 0.0383319
0 0.0972457 0.141726 0.0233625 0.0427083 0.0382229
0 0.469562 0.167985 0.0254335 0.0897476 0.037802
0 0.193831 0.215342 0.0329197 0.0672193 0.0375049
0 0.34996 0.109759 0.0160394 0.0438463 0.0373047
0 0.55139 0.281132 0.0266407 0.109076 0.0367655
2 0.678212 0.196022 0.0576941 0.0294072 0.0366057
0 0.49394 0.16897 0.0128417 0.0369277 0.0364997
0 0.189046 0.207174 0.0245628 0.0802603 0.0359013
0 0.624657 0.0589179 0.0225263 0.0677814 0.0356461
0 0.986869 0.130599 0.0232315 0.0547634 0.0356404
0 0.196742 0.22397 0.0265848 0.0511582 0.0354875
0 0.097112 0.142035 0.0236604 0.0431242 0.0353418
67 0.378045 0.425704 0.0337871 0.059673 0.0340312
0 0.549568 0.266645 0.0201519 0.0811228 0.0332563
0 0.285314 0.0774319 0.0189652 0.0574075 0.0332137
2 0.597311 0.158532 0.0363315 0.0170109 0.0316249
0 0.55042 0.280607 0.021749 0.107544 0.0314407
5 0.895755 0.456711 0.20758 0.596801 0.0313034
0 0.656111 0.0375973 0.0260611 0.0499187 0.0309537
0 0.874623 0.0329091 0.0177105 0.0486698 0.0306694
0 0.285203 0.075095 0.0198125 0.0544282 0.0305326
5 0.378177 0.425557 0.0340125 0.05919 0.0304297
0 0.549451 0.254271 0.0190634 0.0567327 0.030386
0 0.687569 0.0114698 0.0111275 0.0224837 0.0301869
0 0.874803 0.0325799 0.0187088 0.0483749 0.0295619
0 0.269358 0.161052 0.0180769 0.039624 0.0294955
0 0.991047 0.146189 0.0172688 0.0636606 0.029189
0 0.470586 0.170637 0.0260801 0.0931355 0.0279891
0 0.900036 0.113299 0.0231041 0.0420176 0.027974
0 0.00580449 0.222637 0.0115466 0.0344748 0.0276881
0 0.0975069 0.142531 0.0233636 0.0434358 0.0276805
2 0.678375 0.196133 0.0576504 0.028009 0.0276607
0 0.469257 0.176156 0.0230272 0.0829212 0.0276111
2 0.00868385 0.227356 0.0166877 0.0417889 0.027278
0 0.753861 0.0480122 0.0144026 0.0374975 0.0271965
0 0.350272 0.111391 0.0159922 0.0456214 0.0271255
0 0.350529 0.111097 0.0153159 0.0420514 0.0269894
0 0.684882 0.0119544 0.0179715 0.0238728 0.0269845
0 0.874578 0.0343736 0.0179094 0.0489221 0.0269805
0 0.21982 0.0668065 0.0201426 0.041836 0.0268957
2 0.671763 0.559739 0.114568 0.195988 0.0267932
0 0.897509 0.131352 0.0228271 0.0558335 0.0265513
0 0.992317 0.157133 0.0143803 0.0440486 0.0263786
0 0.270405 0.171434 0.0150504 0.0552697 0.0257876
0 0.552383 0.294806 0.0279238 0.0796758 0.0257485
67 0.378198 0.425205 0.0333083 0.0604319 0.0252262
0 0.0954242 0.142798 0.0246554 0.046173 0.025137
67 0.378052 0.425607 0.0337912 0.0588871 0.0249968
2 0.977752 0.0651832 0.0437588 0.0347256 0.024748
6 0.378118 0.42569 0.0343738 0.0585794 0.0246778
0 0.195414 0.0881251 0.0161224 0.0289331 0.0245652
0 0.466973 0.179704 0.0245573 0.074568 0.0243143
0 0.239852 0.0566334 0.0237046 0.0472065 0.0241466
0 0.270108 0.156284 0.0100557 0.0340109 0.0240143
0 0.291142 0.0791668 0.0154418 0.0552031 0.0239019
0 0.363468 0.0464623 0.0217136 0.0401492 0.0238825
2 0.678822 0.19547 0.0574314 0.0276712 0.0237577
3 0.751355 0.0537243 0.018582 0.0463866 0.0237423
0 0.787058 0.02551 0.0175419 0.0496125 0.0235254
2 0.220264 0.0715746 0.022969 0.0406768 0.0232833
0 0.481131 0.0384125 0.0261904 0.0759482 0.0232433
28 0.197603 0.671777 0.0900828 0.0854735 0.0231983
0 0.474275 0.163429 0.0311946 0.0925395 0.0230781
2 0.596971 0.158541 0.036868 0.0178859 0.0230697
0 0.242863 0.0681368 0.0194934 0.0575616 0.0229617
2 0.00954995 0.227584 0.0186766 0.0468448 0.0229529
9 0.131799 0.0332925 0.0121602 0.0318893 0.0226872
0 0.350694 0.112401 0.0141702 0.0433255 0.022656
