2 0.52293 0.601201 0.140895 0.163561 0.800209
2 0.522198 0.601352 0.141819 0.163368 0.78566
2 0.521812 0.601865 0.14044 0.163206 0.778306
2 0.521539 0.601871 0.141635 0.163897 0.777347
2 0.52201 0.601393 0.140705 0.163506 0.776584
2 0.521408 0.601863 0.141271 0.163811 0.773447
2 0.522541 0.601457 0.140321 0.163293 0.750449
2 0.522287 0.601761 0.14007 0.162834 0.746206
2 0.194213 0.411053 0.115159 0.106141 0.723517
2 0.194256 0.411131 0.115336 0.107173 0.718086
2 0.194248 0.410941 0.115128 0.105967 0.714381
2 0.419401 0.321968 0.0715687 0.0784071 0.689126
2 0.194293 0.411337 0.115158 0.107099 0.688449
2 0.41953 0.322212 0.0719448 0.0780871 0.685458
2 0.194249 0.411694 0.114604 0.107076 0.68174
2 0.522741 0.601258 0.140407 0.163523 0.679386
2 0.653253 0.182402 0.0320427 0.0347844 0.674539
2 0.194602 0.411304 0.115299 0.107059 0.671482
2 0.652697 0.182735 0.032996 0.0343169 0.663508
2 0.521983 0.601897 0.139627 0.162919 0.660122
2 0.41928 0.322358 0.0735864 0.077864 0.652971
2 0.194413 0.411111 0.115453 0.107317 0.646972
2 0.653115 0.181296 0.0327696 0.0345732 0.637436
2 0.419585 0.322137 0.073587 0.0778557 0.629326
2 0.877472 0.18371 0.0255249 0.0379636 0.618431
2 0.41951 0.321942 0.0719536 0.0795747 0.61778
2 0.194629 0.411139 0.115422 0.106474 0.613781
2 0.194571 0.410855 0.115073 0.1065 0.613378
2 0.419671 0.321973 0.0719786 0.0795546 0.607234
2 0.653207 0.181974 0.0318063 0.0340175 0.593072
2 0.877361 0.184222 0.024427 0.0372625 0.591287
2 0.194428 0.411421 0.115128 0.106791 0.590067
2 0.652983 0.182078 0.0314472 0.0352958 0.58842
2 0.653181 0.182103 0.0322495 0.0334434 0.583408
2 0.419908 0.322604 0.0725827 0.077225 0.569695
2 0.964803 0.246416 0.0374996 0.0498734 0.568919
2 0.653392 0.181401 0.0323826 0.0342824 0.567123
2 0.774313 0.262823 0.0452003 0.0537111 0.560228
2 0.483169 0.329656 0.0689911 0.0758198 0.5547
2 0.730275 0.161437 0.0295475 0.0357095 0.538116
2 0.483142 0.329883 0.0687983 0.0753893 0.530229
2 0.482829 0.330124 0.0684883 0.0746947 0.522936
2 0.877151 0.184463 0.0242157 0.0369674 0.516895
2 0.773765 0.262654 0.0468184 0.0537171 0.512049
2 0.482612 0.330356 0.0696653 0.0752424 0.506396
2 0.774128 0.262946 0.0444077 0.0532467 0.505611
2 0.606283 0.243504 0.0524128 0.0619272 0.505147
2 0.60582 0.243081 0.0521214 0.061555 0.503213
2 0.774046 0.263716 0.0460518 0.0536579 0.501672
2 0.420149 0.321449 0.0712663 0.0794727 0.497509
2 0.729955 0.16071 0.0287209 0.0349142 0.494431
2 0.606081 0.243314 0.0528578 0.0617131 0.492304
2 0.877254 0.184704 0.0248135 0.036445 0.479091
2 0.77333 0.264503 0.0456022 0.0532494 0.475219
2 0.968502 0.15213 0.0208351 0.029389 0.464137
2 0.773634 0.262391 0.0470452 0.0528579 0.459753
2 0.730378 0.160476 0.0307911 0.0359112 0.451836
2 0.605549 0.243553 0.0525269 0.0621696 0.451643
2 0.48302 0.329166 0.0686448 0.0758425 0.450519
2 0.964513 0.247034 0.0362743 0.0484058 0.449404
2 0.831289 0.178039 0.0259563 0.0401108 0.429754
2 0.730447 0.16034 0.0298985 0.0353547 0.427568
2 0.60595 0.243735 0.0512964 0.0622546 0.425534
2 0.482808 0.330246 0.0677479 0.073818 0.423145
2 0.774036 0.263345 0.0461096 0.053188 0.416616
2 0.877018 0.184374 0.0242594 0.0371116 0.413685
2 0.964663 0.247474 0.0361383 0.0495643 0.405156
2 0.965063 0.247489 0.036787 0.0500127 0.402373
2 0.0840776 0.106477 0.0772107 0.0375752 0.401896
2 0.605827 0.243544 0.0519267 0.0614873 0.400494
2 0.482948 0.329813 0.068959 0.0743022 0.397991
2 0.877209 0.183505 0.0248177 0.0374167 0.391697
2 0.898925 0.280523 0.0387236 0.0559266 0.379026
2 0.964438 0.246831 0.037207 0.0494559 0.372013
2 0.730687 0.16127 0.0312723 0.0355305 0.366146
2 0.0813146 0.105844 0.0815402 0.0377717 0.352561
2 0.77474 0.263563 0.0466318 0.0535728 0.352132
2 0.968431 0.152471 0.0210979 0.0291691 0.352101
2 0.831131 0.187944 0.0258062 0.0235319 0.351273
2 0.605534 0.244244 0.0519489 0.0595276 0.350483
2 0.782745 0.132066 0.0239985 0.0255685 0.348209
2 0.419549 0.322577 0.0721761 0.0778723 0.342167
2 0.964042 0.246369 0.0365192 0.0496236 0.337482
2 0.899288 0.282006 0.0392899 0.0590414 0.329111
2 0.899632 0.284198 0.038773 0.0616049 0.328857
2 0.964641 0.246819 0.0372393 0.0505269 0.328074
2 0.0812199 0.104539 0.0802343 0.0366124 0.326105
2 0.899918 0.278819 0.0388781 0.0532764 0.325979
61 0.424579 0.952485 0.186963 0.0939419 0.321242
2 0.899407 0.284294 0.0382687 0.0616481 0.318643
2 0.96485 0.247595 0.0366301 0.0501246 0.31795
2 0.605439 0.243731 0.0517447 0.0615351 0.316111
2 0.7737 0.26538 0.0443907 0.0504818 0.314036
2 0.936706 0.145462 0.0220203 0.0274511 0.310234
2 0.483177 0.329943 0.0692057 0.0760395 0.309089
2 0.831253 0.176082 0.0250103 0.0402014 0.304987
2 0.936989 0.145984 0.0220823 0.026784 0.303972
2 0.89977 0.281823 0.03797 0.0577376 0.29872
61 0.424924 0.952665 0.18672 0.0938473 0.296922
2 0.085087 0.106781 0.0756935 0.037536 0.295517
2 0.936604 0.146487 0.0224609 0.0257562 0.289187
2 0.483204 0.329818 0.0679789 0.0731281 0.275296
2 0.605367 0.242999 0.0526567 0.0620715 0.267336
2 0.773245 0.263158 0.0447762 0.0527306 0.260029
2 0.899467 0.281955 0.0397928 0.0595933 0.259719
2 0.084007 0.107057 0.077333 0.0396481 0.258428
2 0.418934 0.321588 0.0725851 0.0788521 0.256424
2 0.899724 0.273728 0.0371468 0.0422172 0.25296
2 0.899847 0.281817 0.0381897 0.0579172 0.246152
2 0.779247 0.10434 0.020355 0.0211451 0.244443
2 0.877545 0.184252 0.0264107 0.0375368 0.243442
2 0.867018 0.140726 0.0221363 0.0215323 0.239619
2 0.899259 0.296162 0.0373625 0.0400542 0.232888
2 0.0846567 0.105567 0.075981 0.0354486 0.229087
61 0.425082 0.952924 0.187983 0.0934685 0.226031
2 0.605802 0.244001 0.0512564 0.0605659 0.22385
2 0.831784 0.179363 0.0256435 0.0378227 0.223673
2 0.0779109 0.106765 0.0894149 0.040438 0.221481
2 0.0100346 0.109408 0.0199912 0.0287771 0.216652
2 0.482731 0.329393 0.0691923 0.0750879 0.214398
2 0.482806 0.32928 0.0692846 0.0743071 0.213872
2 0.605491 0.244155 0.0514517 0.0591508 0.209365
2 0.899556 0.296819 0.0378841 0.0388518 0.205752
5 0.80902 0.0937623 0.0330555 0.0428362 0.197025
2 0.0104753 0.109783 0.0208163 0.0301436 0.19185
2 0.0862992 0.105456 0.0720994 0.0345913 0.191807
2 0.653644 0.181386 0.033717 0.0347084 0.185604
61 0.426277 0.952769 0.184549 0.0934828 0.184554
7 0.809745 0.0924319 0.0355213 0.0417101 0.182713
2 0.7744 0.262605 0.0470036 0.0534714 0.17495
7 0.809117 0.0921801 0.0344552 0.0402929 0.171473
2 0.656085 0.240739 0.0533905 0.0641695 0.169576
2 0.899587 0.27346 0.0367455 0.0418317 0.168041
2 0.772458 0.262499 0.0483686 0.0524289 0.166989
2 0.936212 0.145882 0.0218395 0.0262895 0.165807
2 0.730763 0.161138 0.0303827 0.0352792 0.163346
2 0.832109 0.177921 0.0275986 0.0414301 0.157681
2 0.732155 0.158621 0.0334225 0.0369789 0.1572
61 0.427117 0.952573 0.183705 0.0937683 0.156065
2 0.899742 0.27353 0.0370033 0.0423074 0.154834
7 0.807807 0.0924006 0.0317818 0.0387601 0.15468
61 0.426741 0.95261 0.185028 0.0936409 0.153805
2 0.86733 0.139675 0.0230246 0.0231779 0.152569
2 0.783096 0.13283 0.0252527 0.0264313 0.15244
5 0.406924 0.0376704 0.099341 0.060818 0.148057
2 0.656117 0.242182 0.0532256 0.0676373 0.147785
2 0.41938 0.323065 0.0724091 0.074975 0.14621
2 0.784339 0.132016 0.0272581 0.0276748 0.146099
2 0.0661933 0.106828 0.11268 0.0413242 0.144789
7 0.807447 0.0926664 0.0322982 0.0397835 0.142413
2 0.653767 0.180114 0.034797 0.03538 0.138207
2 0.782975 0.130969 0.0265893 0.026406 0.138057
2 0.656667 0.235076 0.0513346 0.0529922 0.134074
2 0.965017 0.248647 0.037254 0.0498811 0.133959
2 0.655863 0.242101 0.0529535 0.0647432 0.132921
2 0.832498 0.177827 0.0272638 0.0389833 0.13279
2 0.41931 0.324597 0.0716504 0.0725698 0.130145
2 0.082185 0.105 0.0788983 0.0356894 0.130043
2 0.656144 0.241639 0.0536036 0.0673394 0.129334
5 0.381845 0.0391827 0.149516 0.0677213 0.128156
2 0.773181 0.271354 0.043611 0.038137 0.121753
5 0.381034 0.0414538 0.150556 0.0677475 0.121209
7 0.406689 0.0356887 0.0992692 0.0578694 0.117975
61 0.42551 0.952832 0.18692 0.0936394 0.117334
2 0.0776384 0.110173 0.0890504 0.0466143 0.115859
5 0.379879 0.0371035 0.15311 0.0695652 0.115177
2 0.964755 0.248836 0.0352161 0.0498987 0.114305
2 0.483376 0.329469 0.0687771 0.075535 0.114266
2 0.0812763 0.10861 0.0814286 0.0441675 0.111866
5 0.381346 0.0404933 0.14996 0.0659517 0.109298
5 0.380767 0.0390155 0.151953 0.0715142 0.108945
2 0.758358 0.158303 0.0273363 0.044919 0.10782
2 0.832109 0.177216 0.0250832 0.0409754 0.107062
79 0.889637 0.978572 0.0185898 0.0418114 0.106309
5 0.406537 0.0367262 0.100387 0.0589599 0.104208
2 0.8999 0.274542 0.0366798 0.0427973 0.103817
2 0.652292 0.182723 0.0337036 0.0331044 0.102772
2 0.731011 0.158921 0.0315399 0.0382523 0.102509
5 0.381881 0.0366533 0.150018 0.0667145 0.101748
2 0.656355 0.241821 0.0540966 0.068918 0.101557
2 0.656951 0.240694 0.0549669 0.0658473 0.100506
2 0.194163 0.412197 0.113988 0.106516 0.100475
7 0.808629 0.092191 0.0330698 0.0405978 0.0982472
2 0.656431 0.24143 0.0532052 0.0659618 0.0979753
7 0.810297 0.0927202 0.0362038 0.0410107 0.0972461
5 0.405428 0.036284 0.103079 0.0630321 0.0964639
2 0.756878 0.146703 0.0249516 0.0275703 0.0926792
2 0.730084 0.163205 0.0290731 0.03782 0.0920702
2 0.965196 0.247226 0.0386189 0.0498367 0.0911124
2 0.276864 0.0744394 0.0386587 0.0144462 0.0905456
7 0.060817 0.0889974 0.121634 0.101046 0.0865006
7 0.0611848 0.0886401 0.122198 0.0991928 0.0847323
5 0.381412 0.0364108 0.157256 0.0687058 0.0846605
2 0.805 0.126466 0.0198651 0.0196835 0.0840377
79 0.889487 0.978684 0.0180588 0.0415314 0.0830063
2 0.779326 0.103463 0.0198226 0.0223747 0.0793506
5 0.38305 0.0384768 0.146631 0.0644565 0.0780889
61 0.426839 0.952544 0.18479 0.0938171 0.0777342
2 0.731598 0.150941 0.0321466 0.0539949 0.074604
5 0.401243 0.0387456 0.10959 0.0626854 0.0743425
2 0.0110907 0.109093 0.0218312 0.0285615 0.0733774
2 0.654125 0.178597 0.0331125 0.0410099 0.0724063
2 0.730719 0.158939 0.0310698 0.038516 0.0719096
2 0.83019 0.178267 0.029023 0.041262 0.0708635
5 0.379907 0.035563 0.158425 0.0698188 0.0707137
2 0.478358 0.0519864 0.0261484 0.0142829 0.070465
2 0.0788147 0.103357 0.0821169 0.0348242 0.0704325
2 0.757753 0.152129 0.0256998 0.035813 0.0704276
2 0.830162 0.182104 0.0284954 0.035819 0.0695563
2 0.282134 0.0748338 0.0495264 0.0153559 0.0693595
2 0.757473 0.159381 0.0266253 0.040354 0.066368
7 0.806961 0.0926713 0.0310483 0.037603 0.0643999
61 0.426526 0.952653 0.186775 0.0940228 0.0640234
61 0.426481 0.952292 0.185248 0.09445 0.0633169
2 0.280116 0.0752438 0.047971 0.0149043 0.0633042
2 0.332937 0.0651877 0.0364223 0.0210425 0.0621236
7 0.404296 0.0360908 0.10038 0.0589373 0.0615501
2 0.832052 0.18046 0.0280254 0.0387641 0.0593829
2 0.7408 0.134696 0.0230919 0.0307943 0.0591425
2 0.748554 0.145105 0.0316256 0.0339924 0.05784
2 0.784728 0.132927 0.0275071 0.0279049 0.0574806
2 0.0112068 0.109745 0.0222364 0.0323631 0.0561099
2 0.647293 0.24439 0.0349775 0.0634736 0.0559303
2 0.965518 0.24652 0.0386164 0.0487951 0.0548796
2 0.96514 0.249011 0.0357443 0.0500575 0.0537501
2 0.655922 0.240063 0.0531905 0.0635724 0.0535586
2 0.783413 0.130883 0.0266147 0.0274285 0.0524497
7 0.0613318 0.108543 0.122592 0.0656319 0.0511862
2 0.867057 0.298765 0.0204716 0.0402058 0.0499961
5 0.808746 0.0950671 0.0326866 0.0471625 0.0489688
2 0.08936 0.10676 0.0670646 0.0378587 0.0486801
2 0.166395 0.0929459 0.0362965 0.0111263 0.0476569
2 0.157521 0.0933547 0.0548819 0.0137954 0.0475457
2 0.910612 0.119609 0.0198076 0.0245889 0.0475426
5 0.40689 0.03574 0.10155 0.0617768 0.047097
7 0.0555781 0.0847493 0.110279 0.0916975 0.0470947
2 0.773289 0.261986 0.0444071 0.0516482 0.0460379
79 0.888306 0.978492 0.0203793 0.0420406 0.0458977
5 0.406561 0.0357834 0.0983799 0.056591 0.0457796
2 0.773256 0.260811 0.0450985 0.0500934 0.0454884
7 0.3805 0.0412348 0.151371 0.0708499 0.0451835
79 0.888968 0.979155 0.0186775 0.0408573 0.0447991
2 0.967309 0.151951 0.0246559 0.0296648 0.0447549
2 0.656274 0.237057 0.0529764 0.0589198 0.044562
2 0.331655 0.0655813 0.0390138 0.0222497 0.0434331
2 0.830269 0.176357 0.0278797 0.0397586 0.043189
2 0.804687 0.122765 0.0235348 0.0218869 0.0425748
2 0.0103737 0.119683 0.0206379 0.0502496 0.0423572
2 0.757847 0.138904 0.0250277 0.0240744 0.0423514
2 0.282499 0.0738891 0.0494809 0.0140483 0.0417379
2 0.75817 0.154547 0.0260438 0.0400179 0.0413464
2 0.942934 0.115904 0.0170403 0.0287056 0.041319
2 0.0614824 0.112659 0.12177 0.0524062 0.0412218
2 0.873708 0.184476 0.0332123 0.0382845 0.0410221
2 0.778303 0.105302 0.0211279 0.0221621 0.0406008
2 0.658006 0.232368 0.0479177 0.0481902 0.0393152
2 0.901174 0.275139 0.0408171 0.046469 0.0384678
2 0.0772394 0.102711 0.0691308 0.031983 0.0384643
2 0.0853358 0.107467 0.0755248 0.0391829 0.0380244
5 0.376907 0.0372453 0.160093 0.0735331 0.0370463
7 0.058503 0.0836626 0.116869 0.0860746 0.0368716
2 0.33436 0.0649524 0.0421165 0.0218488 0.0364718
2 0.757994 0.157309 0.0275452 0.0408653 0.035436
2 0.152209 0.0927569 0.0488987 0.0159643 0.0348918
0 0.53488 0.0371449 0.0165378 0.0204741 0.0348389
2 0.477115 0.0534748 0.0277504 0.0164159 0.0341246
2 0.659739 0.22785 0.043981 0.0406626 0.0340709
0 0.534846 0.0368866 0.0168411 0.0223807 0.0336001
2 0.755626 0.139997 0.0279619 0.0314288 0.0333577
2 0.483136 0.329177 0.0690109 0.0758234 0.0333154
2 0.831941 0.171185 0.0255199 0.0364645 0.0332274
2 0.869598 0.140255 0.0238861 0.0201397 0.0327496
2 0.791498 0.129078 0.0314364 0.0268945 0.0326068
2 0.937988 0.146496 0.0245258 0.0257558 0.0304004
79 0.888239 0.978215 0.0214607 0.0422665 0.0299033
2 0.866772 0.140679 0.0235607 0.0230239 0.0287904
2 0.194053 0.411448 0.114706 0.106254 0.0287653
2 0.729777 0.162663 0.0290596 0.0387865 0.0285417
2 0.769967 0.129183 0.045369 0.0353798 0.0285391
7 0.0414729 0.0789637 0.0829457 0.078627 0.0284353
2 0.773216 0.130182 0.0452397 0.0323843 0.0281988
2 0.943397 0.114423 0.0157883 0.0296266 0.0279096
2 0.968484 0.152386 0.0215561 0.0268473 0.0276895
2 0.842969 0.109248 0.0172749 0.020259 0.0274952
2 0.898911 0.293253 0.0393669 0.0432326 0.0271181
7 0.802008 0.0973929 0.0254776 0.0352591 0.0267805
2 0.419798 0.321708 0.0726005 0.0813976 0.025851
2 0.659405 0.230637 0.0468433 0.0461712 0.0255973
2 0.757713 0.14921 0.0261271 0.0314826 0.0248301
2 0.792409 0.299882 0.0277658 0.0430797 0.0244902
2 0.899186 0.282184 0.0389355 0.061098 0.0243158
7 0.0420665 0.0838409 0.0837633 0.087741 0.0237964
2 0.65387 0.181219 0.0337156 0.0343332 0.0235992
7 0.815501 0.0941031 0.0324471 0.0412864 0.0234038
2 0.899381 0.287453 0.0389668 0.0561565 0.0233825
2 0.898951 0.296771 0.0394863 0.038879 0.0230244
2 0.222603 0.083231 0.0303802 0.012495 0.0229134
2 0.0314488 0.119881 0.0627187 0.0531976 0.0226859
2 0.281605 0.0752614 0.0504335 0.0156459 0.0223952
7 0.738162 0.135333 0.0278069 0.032698 0.0223081
