2 0.631643 0.860534 0.321946 0.262937 0.876288
2 0.631736 0.860465 0.321924 0.260834 0.858068
2 0.631609 0.861235 0.322079 0.26013 0.849821
2 0.631769 0.860766 0.322606 0.260241 0.842927
2 0.631763 0.860732 0.322326 0.260393 0.834851
2 0.63162 0.860532 0.322012 0.260736 0.819261
2 0.632068 0.860982 0.322545 0.261323 0.812711
2 0.63196 0.8612 0.322075 0.26134 0.78223
2 0.713444 0.284167 0.116345 0.0804988 0.768535
2 0.977235 0.273979 0.0446608 0.0889817 0.757746
2 0.713361 0.283949 0.11669 0.0806849 0.74741
2 0.977568 0.274428 0.0442505 0.0897333 0.742752
2 0.71319 0.284093 0.116243 0.0803597 0.730711
2 0.713422 0.28377 0.116803 0.0803473 0.721549
2 0.631859 0.861207 0.322835 0.260756 0.708605
2 0.713864 0.284372 0.115188 0.0803148 0.708306
2 0.977139 0.27404 0.0447424 0.0898255 0.70269
2 0.713555 0.28412 0.116645 0.0801656 0.69789
2 0.713265 0.284111 0.116172 0.0807669 0.691136
2 0.713596 0.283665 0.117448 0.0804796 0.671405
2 0.977259 0.274573 0.0449532 0.0892669 0.668029
2 0.977426 0.274336 0.0446301 0.0889915 0.663187
2 0.976817 0.273694 0.0456339 0.0889786 0.647974
2 0.977674 0.276573 0.0439608 0.0849089 0.624979
2 0.713433 0.28355 0.117435 0.0812223 0.608896
2 0.713439 0.284139 0.117626 0.0806906 0.603572
2 0.976931 0.273813 0.0450727 0.0899839 0.560277
2 0.630909 0.861942 0.321446 0.261419 0.507621
2 0.977213 0.274821 0.0449429 0.0880618 0.382124
2 0.977977 0.286008 0.0440458 0.0647775 0.371213
2 0.977734 0.283874 0.0438198 0.070425 0.270549
2 0.977457 0.276423 0.0444386 0.0838433 0.263893
2 0.978092 0.286509 0.0429167 0.0652019 0.249794
2 0.044377 0.889512 0.088665 0.219525 0.182942
2 0.044095 0.889471 0.0876927 0.21916 0.145128
2 0.0445011 0.881956 0.088861 0.203335 0.142779
2 0.0442757 0.88868 0.0884971 0.220399 0.132288
2 0.0444661 0.867587 0.0880581 0.173867 0.123504
2 0.0445204 0.889413 0.0888542 0.2188 0.11468
2 0.0442877 0.855976 0.0878492 0.151947 0.109941
2 0.0446625 0.889464 0.0888089 0.219946 0.102927
2 0.0443556 0.887763 0.088496 0.21712 0.0933378
2 0.0439708 0.889795 0.0878494 0.21872 0.0778191
2 0.0441558 0.857053 0.0880412 0.153044 0.0759818
2 0.044601 0.889835 0.0881674 0.217004 0.0671121
2 0.0441969 0.887392 0.0880761 0.222292 0.0631081
2 0.976839 0.274219 0.0456844 0.0891556 0.062029
2 0.0444998 0.857039 0.0886714 0.153606 0.0548373
2 0.978292 0.288705 0.0434164 0.0596042 0.0513685
2 0.977507 0.273797 0.0444031 0.0909936 0.0486889
2 0.0446292 0.855159 0.0887539 0.152402 0.0458337
2 0.0440944 0.855545 0.0880048 0.153768 0.0276302
2 0.0439616 0.889482 0.0876979 0.219053 0.0231205
2 0.0442823 0.856466 0.0881363 0.155157 0.0225931
2 0.976429 0.271835 0.0464115 0.0969683 0.0200484
2 0.0422055 0.890886 0.084404 0.216642 0.0153687
2 0.97638 0.272647 0.0466503 0.0858757 0.0153506
6 0.0437446 0.853887 0.0874892 0.152112 0.0122421
36 0.941531 0.961696 0.0831024 0.0759172 0.00987194
2 0.044451 0.890954 0.0882802 0.216038 0.00911417
2 0.977149 0.273448 0.045702 0.0874538 0.00727012
1 0.0279692 0.956846 0.0556871 0.0857071 0.00682523
7 0.0441167 0.806638 0.0882335 0.381123 0.00600174
9 0.45905 0.493151 0.0167327 0.013579 0.00597013
6 0.0454915 0.760905 0.0909831 0.447646 0.00581642
2 0.976795 0.263628 0.0456209 0.065833 0.00553343
3 0.0298117 0.956522 0.0596235 0.0862997 0.00536634
0 0.63523 0.838595 0.0768236 0.0675634 0.00515129
0 0.638839 0.836608 0.0820669 0.0694601 0.00501079
36 0.94218 0.961586 0.0844217 0.076067 0.00486702
36 0.94059 0.961858 0.0804716 0.0756845 0.00481617
0 0.637889 0.836156 0.0777638 0.0648165 0.00445107
36 0.940878 0.961755 0.0829067 0.075354 0.00414463
6 0.0445373 0.766674 0.0890747 0.452778 0.00410812
9 0.180112 0.619753 0.0186877 0.0328629 0.00408125
0 0.646282 0.837468 0.120914 0.0705822 0.00406983
1 0.0264882 0.954216 0.052784 0.0900721 0.00404996
58 0.0886488 0.0206449 0.120845 0.0412897 0.0040189
1 0.0255256 0.961817 0.0507511 0.0753326 0.00399921
9 0.471384 0.526623 0.0180243 0.0759672 0.00379979
36 0.940484 0.961784 0.0818245 0.0757881 0.0037672
0 0.637959 0.838624 0.0706635 0.065163 0.00373714
0 0.647187 0.835013 0.091823 0.0669498 0.00361784
0 0.636592 0.838227 0.0931491 0.0693293 0.00361466
6 0.0441385 0.852813 0.0879808 0.15668 0.00330651
1 0.0264427 0.962481 0.0527186 0.0746651 0.00324484
9 0.177857 0.621812 0.0235122 0.0375124 0.00308671
58 0.0896893 0.0209838 0.118555 0.0419676 0.00298464
3 0.0412411 0.912053 0.0820675 0.174349 0.00292614
0 0.643899 0.834083 0.0857428 0.0619764 0.00289975
58 0.085577 0.024705 0.123925 0.0494101 0.002838
58 0.0872182 0.0325519 0.122606 0.0642542 0.00279249
2 0.714528 0.284997 0.11291 0.0788096 0.00271467
58 0.0845294 0.0320639 0.128083 0.0634347 0.00269683
36 0.941122 0.962074 0.0814594 0.0750748 0.00254804
56 0.940479 0.961769 0.0816544 0.0751904 0.00240553
6 0.0428788 0.792416 0.0855658 0.408727 0.00237106
9 0.46372 0.491993 0.0257686 0.0146259 0.00235825
2 0.712861 0.283793 0.117686 0.0808729 0.00234532
6 0.044441 0.797294 0.0887228 0.288423 0.00220992
2 0.989634 0.247296 0.0199154 0.0323924 0.00220206
3 0.0374021 0.954318 0.0748041 0.0903538 0.00214415
2 0.0452468 0.889199 0.0900709 0.220205 0.00202096
9 0.471557 0.527962 0.0184407 0.0721464 0.00193926
36 0.940275 0.961963 0.0795128 0.0754265 0.001914
6 0.0432899 0.771268 0.0863683 0.444995 0.00183818
1 0.0247755 0.974672 0.0492216 0.0493694 0.00180713
3 0.0253312 0.973067 0.0503855 0.0529011 0.00171042
6 0.0462147 0.756506 0.0924293 0.418005 0.00169206
58 0.0764974 0.0395491 0.142648 0.0785409 0.00168334
1 0.0262579 0.966203 0.0525158 0.0667881 0.00163609
2 0.0484561 0.861208 0.0969122 0.161016 0.00157894
6 0.0471192 0.75922 0.0935205 0.443758 0.00157446
3 0.0393367 0.900324 0.0786733 0.198817 0.00151304
3 0.0309568 0.966811 0.0619137 0.0653685 0.00150137
1 0.0246774 0.974407 0.0493549 0.0505035 0.0014917
2 0.979117 0.290138 0.0411526 0.0578259 0.00147998
13 0.94535 0.961636 0.093005 0.0761784 0.00146554
3 0.97852 0.294572 0.0429596 0.0525374 0.00138241
0 0.630459 0.841024 0.0816839 0.065807 0.00137937
36 0.991463 0.687408 0.0161648 0.020317 0.00136877
58 0.0869885 0.0197917 0.120971 0.0395834 0.00136776
73 0.939652 0.961632 0.0786543 0.0756617 0.00128033
2 0.0523739 0.892036 0.104748 0.214526 0.00127347
58 0.0925338 0.0149413 0.11361 0.0298351 0.0012478
3 0.0293805 0.956224 0.0584623 0.0872475 0.0012171
0 0.653054 0.83322 0.117777 0.063784 0.00119051
14 0.991527 0.687991 0.0160715 0.0190125 0.00114973
9 0.179929 0.615911 0.0187768 0.0281063 0.00114375
0 0.633934 0.838488 0.0910877 0.0737793 0.00114148
2 0.977324 0.274261 0.0443306 0.0904877 0.00111835
3 0.0254269 0.97374 0.0508539 0.0516193 0.00110165
9 0.0695341 0.65338 0.0221354 0.0526823 0.00108241
0 0.661573 0.837879 0.178325 0.0730419 0.00106175
1 0.0253829 0.974739 0.0507658 0.0497868 0.00106056
3 0.0290481 0.928651 0.0578578 0.142698 0.00106022
3 0.0360278 0.951561 0.0713178 0.096224 0.00105389
13 0.946721 0.961652 0.0948702 0.0756113 0.00104913
0 0.655046 0.832096 0.109915 0.0615604 0.00101381
3 0.043984 0.923384 0.0874043 0.15214 0.00100315
