5 0.89497 0.45246 0.209485 0.586197 0.884506
5 0.895523 0.44894 0.207785 0.580944 0.861718
5 0.895516 0.450951 0.208411 0.58302 0.857814
5 0.894673 0.455201 0.210004 0.597113 0.829977
5 0.895484 0.452575 0.208309 0.590714 0.801633
5 0.895492 0.457241 0.208779 0.607424 0.776266
5 0.895336 0.473662 0.208783 0.632254 0.716533
5 0.895599 0.461221 0.208028 0.6059 0.715939
2 0.881497 0.748651 0.233799 0.358142 0.696577
2 0.881592 0.748785 0.234459 0.358227 0.613235
2 0.881495 0.749545 0.23427 0.359249 0.604096
5 0.895624 0.424432 0.207669 0.530195 0.590723
5 0.895757 0.467223 0.207445 0.619305 0.585636
5 0.894823 0.44905 0.209636 0.611504 0.544324
2 0.881993 0.747975 0.234563 0.359723 0.513943
2 0.621824 0.363976 0.0901243 0.14834 0.510538
2 0.881975 0.748372 0.233806 0.359115 0.508947
2 0.8817 0.749329 0.235512 0.359707 0.508716
2 0.622041 0.363875 0.0903008 0.147718 0.485734
2 0.62198 0.363236 0.0905843 0.148311 0.473102
2 0.62154 0.364045 0.0902729 0.147644 0.47306
2 0.621669 0.364302 0.0904825 0.148029 0.462267
2 0.487119 0.36933 0.0786076 0.160187 0.444689
2 0.881464 0.749544 0.234674 0.359489 0.421826
2 0.622167 0.363661 0.0906498 0.147944 0.419987
2 0.881615 0.748413 0.232652 0.359628 0.419434
0 0.875739 0.144283 0.0200676 0.0408939 0.413349
0 0.875416 0.144508 0.0200197 0.0406275 0.409265
5 0.742644 0.398519 0.122264 0.184253 0.398705
2 0.881728 0.748103 0.233431 0.359429 0.388385
2 0.487222 0.37079 0.0780489 0.163329 0.380637
67 0.522455 0.735075 0.131898 0.325906 0.380033
5 0.742958 0.398415 0.122023 0.184153 0.378515
2 0.974108 0.0454676 0.0517834 0.0520649 0.354886
2 0.62093 0.364978 0.0917999 0.149849 0.344519
0 0.875451 0.143251 0.0201984 0.0404018 0.324607
2 0.620953 0.364499 0.0916145 0.149831 0.323225
5 0.742667 0.399141 0.122882 0.18271 0.320518
67 0.522374 0.733638 0.132318 0.318773 0.319887
2 0.973628 0.045568 0.052121 0.0519357 0.316098
67 0.522904 0.733637 0.133672 0.32078 0.314562
2 0.973913 0.0460716 0.0514896 0.0514936 0.31223
2 0.670349 0.553267 0.112563 0.199633 0.308905
2 0.487247 0.369868 0.0783365 0.16379 0.305554
2 0.487164 0.36936 0.0787289 0.160814 0.304657
5 0.742885 0.399634 0.121262 0.183179 0.304189
2 0.88137 0.748503 0.234201 0.360829 0.296061
5 0.741953 0.399424 0.12329 0.181926 0.288262
5 0.487304 0.371775 0.0790424 0.162727 0.287734
2 0.670127 0.552961 0.111872 0.199218 0.282403
2 0.973658 0.0456281 0.0517422 0.0516375 0.269408
2 0.487194 0.370973 0.0783274 0.162027 0.266066
0 0.875251 0.143741 0.0200264 0.0409853 0.262186
2 0.97375 0.0464074 0.0518829 0.0520224 0.257263
0 0.858739 0.130292 0.0170527 0.0642833 0.25378
0 0.874587 0.142162 0.0203163 0.0417655 0.248582
0 0.875259 0.143951 0.0200069 0.0408745 0.244608
5 0.48731 0.370632 0.0783074 0.164558 0.237881
5 0.742681 0.398165 0.122392 0.186418 0.232548
0 0.859185 0.129955 0.0169178 0.0642744 0.22494
2 0.974302 0.0465132 0.0507986 0.0522934 0.224715
2 0.743761 0.398077 0.119674 0.18564 0.220156
0 0.844856 0.0436081 0.0102392 0.0350651 0.211716
5 0.742315 0.39877 0.122343 0.183769 0.211107
2 0.973965 0.0471813 0.0513868 0.0488662 0.210479
0 0.859131 0.132488 0.0177391 0.0617344 0.210206
2 0.670086 0.552409 0.113095 0.199842 0.205162
5 0.487235 0.371958 0.0786089 0.162761 0.204031
2 0.742859 0.397678 0.120788 0.185042 0.203319
67 0.523142 0.733817 0.133393 0.321449 0.202961
0 0.768843 0.133651 0.0146238 0.0785853 0.20067
5 0.743292 0.397878 0.121013 0.184953 0.198434
2 0.486816 0.369703 0.079267 0.159155 0.198089
2 0.487354 0.370811 0.0782206 0.164547 0.19723
0 0.480893 0.176337 0.0287253 0.0801204 0.195747
26 0.752015 0.895656 0.205661 0.207355 0.19144
67 0.521548 0.73285 0.133044 0.319185 0.191111
2 0.670009 0.551972 0.112489 0.199403 0.189167
67 0.52277 0.733211 0.132225 0.319336 0.185747
2 0.974533 0.0486549 0.0509336 0.0456957 0.185613
2 0.97345 0.0462206 0.0520584 0.0517864 0.18356
26 0.750857 0.896073 0.206306 0.206755 0.181626
26 0.750342 0.895353 0.208696 0.208388 0.180593
28 0.751271 0.895333 0.20863 0.20885 0.177838
5 0.487646 0.371051 0.078355 0.164193 0.176065
2 0.669876 0.55247 0.113 0.201586 0.174415
0 0.861273 0.131262 0.0203571 0.063319 0.173165
39 0.52278 0.734448 0.133773 0.317112 0.172774
0 0.481537 0.17378 0.0270582 0.0758824 0.172688
0 0.184675 0.207084 0.020808 0.0665176 0.16442
67 0.522453 0.73482 0.132118 0.318649 0.162651
0 0.768527 0.147809 0.0139993 0.0509718 0.160456
0 0.859183 0.138791 0.0170521 0.050415 0.155204
7 0.670274 0.553063 0.11297 0.201466 0.153856
39 0.521938 0.73335 0.134031 0.316299 0.153319
2 0.636071 0.0137958 0.0302347 0.0178386 0.152132
0 0.184776 0.206849 0.0219426 0.0663489 0.151317
2 0.622428 0.363628 0.0898849 0.146613 0.148738
0 0.625644 0.110922 0.0152427 0.0458781 0.14571
0 0.62556 0.111035 0.0162935 0.0462748 0.139588
0 0.845024 0.0447552 0.0105816 0.0338421 0.138814
0 0.625051 0.117698 0.0189905 0.0589253 0.137007
0 0.860711 0.130276 0.0193905 0.0656704 0.134478
0 0.184951 0.206916 0.0205456 0.0672327 0.134237
26 0.748338 0.89557 0.211756 0.208361 0.134015
0 0.482951 0.176082 0.0347296 0.0804415 0.129748
0 0.481107 0.17675 0.0313217 0.0776026 0.129113
2 0.669833 0.552334 0.112315 0.20013 0.126876
0 0.769021 0.132244 0.0151789 0.0807333 0.126252
2 0.634185 0.0132215 0.0344975 0.0196963 0.124651
0 0.182679 0.111906 0.0218432 0.0519676 0.123468
0 0.625795 0.111593 0.0172672 0.0463412 0.122637
0 0.0798386 0.0864363 0.0247725 0.0772512 0.122104
2 0.973834 0.0455286 0.0515913 0.0524982 0.121719
0 0.845288 0.0410201 0.0114651 0.038257 0.116328
0 0.482526 0.176137 0.0314279 0.0793964 0.115501
2 0.669649 0.553051 0.112542 0.200382 0.114091
2 0.622817 0.363652 0.0875504 0.148432 0.113422
0 0.77106 0.110821 0.0154533 0.0408426 0.113286
0 0.568795 0.0328386 0.012977 0.054571 0.112335
26 0.751725 0.895052 0.210486 0.209303 0.111895
2 0.97483 0.0523555 0.0495327 0.0402551 0.109766
0 0.182417 0.108878 0.0203905 0.0501766 0.109652
28 0.752796 0.897303 0.192923 0.204506 0.108038
0 0.64157 0.130467 0.0153294 0.0360785 0.106734
67 0.522864 0.743548 0.131924 0.313996 0.105674
7 0.669586 0.553317 0.113041 0.201785 0.105545
0 0.769869 0.131991 0.0183962 0.0812666 0.105252
0 0.0801027 0.0862252 0.0243745 0.0770878 0.104873
0 0.641169 0.124262 0.0119631 0.0242934 0.104078
28 0.754168 0.9021 0.191212 0.194993 0.104062
2 0.974632 0.0514783 0.0500053 0.0410661 0.102571
26 0.749922 0.895208 0.209819 0.208942 0.101386
0 0.568146 0.0331024 0.0143793 0.0554191 0.096147
0 0.477338 0.191016 0.0294115 0.0540971 0.0958093
2 0.974184 0.0451934 0.0516266 0.0533844 0.0946415
0 0.770092 0.130943 0.0162712 0.0816609 0.0914101
0 0.768213 0.148324 0.0134869 0.049199 0.0902911
26 0.749022 0.896542 0.208996 0.205102 0.0894558
0 0.769866 0.132284 0.0194793 0.0817888 0.0893944
0 0.186862 0.206815 0.0272038 0.0669525 0.0881017
0 0.185621 0.208946 0.0257454 0.0710114 0.0866586
0 0.186386 0.206769 0.024665 0.06651 0.086149
0 0.0778059 0.0878917 0.0286626 0.0831301 0.0850276
0 0.624004 0.124435 0.0255882 0.0713478 0.0845434
28 0.748417 0.895097 0.211402 0.209136 0.0840101
0 0.0806909 0.0833497 0.0246576 0.0710192 0.0837429
0 0.0786065 0.0912761 0.0228892 0.0886809 0.0825533
0 0.770165 0.131127 0.0194885 0.0822165 0.0821578
28 0.754233 0.905075 0.190568 0.188734 0.0798037
0 0.626029 0.110735 0.0148381 0.0448955 0.0778577
0 0.569125 0.023749 0.0113176 0.0368526 0.0778189
67 0.376791 0.419404 0.0339248 0.0594387 0.0767785
0 0.858626 0.127875 0.0146645 0.0608257 0.0762374
2 0.669046 0.55185 0.109661 0.196804 0.0762373
0 0.186528 0.206752 0.0242415 0.0665629 0.0755293
0 0.185112 0.208186 0.0266657 0.0712211 0.0742649
0 0.642574 0.135759 0.0175714 0.0436793 0.0738786
0 0.182529 0.11458 0.0217196 0.0527648 0.0735047
0 0.772323 0.109502 0.0157014 0.0404166 0.0712488
0 0.079599 0.0860872 0.0271208 0.0783032 0.0664941
2 0.632696 0.0120806 0.0377878 0.0234856 0.0662664
0 0.0793274 0.0853247 0.0301348 0.0765909 0.0646522
0 0.18539 0.208683 0.0287676 0.0729437 0.0643401
0 0.479628 0.177302 0.0319412 0.0821567 0.0642482
0 0.187954 0.211239 0.0348933 0.0752766 0.061689
67 0.376444 0.419276 0.0349495 0.0585047 0.0599241
0 0.626363 0.131711 0.0257207 0.0533304 0.0575784
28 0.755027 0.906744 0.191177 0.185509 0.0559858
0 0.483497 0.17363 0.0298265 0.0762525 0.0540965
67 0.522936 0.742159 0.132622 0.313809 0.0514654
0 0.64181 0.15663 0.0211834 0.073499 0.051265
0 0.220417 0.0966839 0.0195057 0.0527198 0.0506543
0 0.184095 0.206273 0.0192535 0.0676178 0.0505037
0 0.625393 0.111385 0.0161859 0.0474832 0.0502001
0 0.0772576 0.0914233 0.0248639 0.0889386 0.0497444
1 0.481167 0.194277 0.0402653 0.0506125 0.0495952
0 0.641297 0.14275 0.0219532 0.0512465 0.0490129
0 0.0746932 0.0875727 0.0330353 0.0844398 0.0477653
9 0.125826 0.0148921 0.017143 0.0297841 0.044235
0 0.0619474 0.0667898 0.0170719 0.0400238 0.0436497
9 0.123218 0.0132015 0.0207734 0.0264031 0.0427523
0 0.480254 0.187527 0.0353905 0.0593623 0.0424716
67 0.376841 0.419296 0.0332935 0.0593257 0.0421991
0 0.74583 0.0342481 0.0128023 0.0345009 0.0421578
0 0.220198 0.102403 0.0195347 0.0495024 0.0415895
26 0.753579 0.895285 0.210336 0.208899 0.0412924
0 0.0799792 0.0929077 0.0299268 0.0937985 0.0400405
2 0.59447 0.151024 0.0327352 0.0150752 0.0397296
0 0.705887 0.0342142 0.0116106 0.039817 0.0397098
0 0.220106 0.0900669 0.0192602 0.0573555 0.0393115
0 0.218161 0.0568545 0.0160564 0.0365781 0.0391316
67 0.376556 0.419518 0.0332448 0.0585744 0.0391236
67 0.376528 0.419515 0.0346595 0.0587412 0.0389598
5 0.894484 0.448368 0.210415 0.618355 0.0388592
2 0.632974 0.0122117 0.0376429 0.0228217 0.0381474
0 0.185642 0.114576 0.023158 0.0553547 0.0374283
0 0.0614005 0.0645371 0.0166099 0.0352361 0.0374263
0 0.567217 0.0325838 0.01851 0.0581505 0.0374245
0 0.0631065 0.073435 0.018935 0.054603 0.0370987
0 0.217083 0.0496421 0.0143528 0.0247758 0.0368544
0 0.745811 0.0368823 0.0122726 0.0303383 0.0367919
5 0.487552 0.37299 0.0786243 0.163379 0.0354487
2 0.632818 0.0124621 0.0370577 0.0217166 0.035358
28 0.751907 0.89564 0.202452 0.206857 0.0350357
0 0.864484 0.132498 0.019125 0.0607511 0.0348739
0 0.181331 0.11308 0.0285045 0.055202 0.034546
2 0.973672 0.047651 0.0512352 0.0466207 0.0336783
0 0.0619838 0.0713266 0.0188895 0.0511044 0.0327472
9 0.123855 0.0137606 0.0204982 0.0275211 0.0323126
0 0.0370583 0.121507 0.0198504 0.0490382 0.0315852
0 0.00887613 0.215648 0.0175672 0.0687471 0.0315152
0 0.705522 0.0355101 0.0126122 0.0395652 0.0314103
0 0.62496 0.145752 0.0233072 0.0289049 0.0312122
0 0.634474 0.113119 0.0270024 0.0461929 0.0311483
0 0.220103 0.110468 0.0206354 0.0500975 0.030378
0 0.181051 0.115663 0.027722 0.0552546 0.0301544
0 0.216328 0.0596702 0.0162683 0.0336392 0.0292932
0 0.48151 0.177279 0.0344931 0.0821021 0.0292018
67 0.377302 0.419391 0.0341422 0.0599008 0.0288596
0 0.479913 0.194585 0.0382616 0.0508049 0.0286404
0 0.0376402 0.121319 0.0193838 0.049419 0.0282962
0 0.0630413 0.0670382 0.0181359 0.0434102 0.0280267
0 0.18224 0.214744 0.0395046 0.0862569 0.0280116
67 0.376836 0.418642 0.0332351 0.0588205 0.0274526
2 0.377069 0.419149 0.0338478 0.0594133 0.0273211
0 0.687924 0.00901375 0.0129102 0.0180275 0.0267096
0 0.356316 0.0399857 0.0175133 0.0437369 0.0265503
0 0.312617 0.0587765 0.0135802 0.0244583 0.0264878
0 0.481959 0.156628 0.0238793 0.0423609 0.026311
0 0.239582 0.0484749 0.0182163 0.0401723 0.0260675
0 0.182857 0.12497 0.0208654 0.0372655 0.0260499
0 0.220537 0.0680596 0.0145801 0.029222 0.025605
0 0.238746 0.0563681 0.0172427 0.0419508 0.0255256
0 0.567324 0.0336524 0.013981 0.0548825 0.025373
0 0.517689 0.316766 0.013819 0.0209394 0.025242
7 0.512914 0.595732 0.844294 0.800351 0.025167
0 0.623342 0.144246 0.0255241 0.0323483 0.0251439
0 0.241482 0.0540398 0.0157534 0.0376653 0.0251214
0 0.0379443 0.119521 0.0178311 0.0462354 0.0251103
0 0.236826 0.048211 0.0185339 0.0357445 0.0244917
0 0.624573 0.145224 0.0261376 0.0347835 0.0243701
7 0.544322 0.618234 0.663359 0.736727 0.0237473
0 0.0798928 0.0771112 0.0228747 0.0619479 0.0236367
0 0.642981 0.170387 0.0175875 0.0450744 0.0229908
1 0.482712 0.194839 0.0400936 0.0447378 0.0226434
0 0.0635992 0.0707762 0.0168698 0.0476659 0.0220008
0 0.185998 0.119549 0.0227563 0.0540985 0.0216684
3 0.622129 0.146936 0.0233717 0.0290363 0.0214953
1 0.473044 0.196229 0.0253139 0.0484053 0.0212892
0 0.630562 0.184578 0.029953 0.0797318 0.0203803
2 0.975136 0.0532288 0.0497275 0.0379534 0.0203311
0 0.189882 0.115548 0.0275959 0.0497499 0.0201005
2 0.632321 0.011707 0.0389914 0.0232267 0.0200348
0 0.219091 0.11546 0.0208335 0.050797 0.0200093
9 0.122634 0.0121154 0.0203731 0.0242308 0.0199421
0 0.306781 0.0525104 0.0145124 0.0370522 0.0194625
0 0.179184 0.120676 0.0244464 0.0503385 0.0193059
0 0.745576 0.025078 0.0131861 0.0487341 0.0192862
0 0.77191 0.131832 0.0218826 0.0829137 0.0186048
0 0.784287 0.0214024 0.0124601 0.0292995 0.0183723
0 0.482719 0.179767 0.0399527 0.0752341 0.0183662
0 0.238829 0.0496024 0.0178146 0.0432979 0.0181229
0 0.184458 0.130423 0.0234783 0.0377794 0.0178813
0 0.00802968 0.21074 0.0159185 0.0773865 0.0178795
0 0.626664 0.188744 0.0202807 0.0715269 0.0176309
2 0.37714 0.419042 0.0334837 0.0569856 0.0175977
0 0.633079 0.112737 0.0316564 0.0501054 0.0175385
0 0.218024 0.0934821 0.0257427 0.0569233 0.0174905
0 0.234794 0.0582278 0.015308 0.0326481 0.0174678
0 0.215585 0.0954219 0.0315326 0.0569306 0.0172136
0 0.18605 0.206141 0.0238613 0.0665876 0.0170745
0 0.037586 0.121475 0.0204617 0.0502176 0.0169274
2 0.799345 0.231556 0.0154623 0.0399808 0.0166817
0 0.0372089 0.120205 0.0198187 0.0470497 0.0166508
0 0.00901728 0.214164 0.0178884 0.0701342 0.0164215
0 0.20553 0.0721914 0.0105104 0.025242 0.0161601
0 0.105966 0.0856782 0.02149 0.0591785 0.0161442
0 0.861813 0.128521 0.0208908 0.062365 0.015837
3 0.631815 0.132124 0.0381863 0.0630822 0.0157775
0 0.00817957 0.215626 0.0162756 0.0655385 0.0157643
0 0.873028 0.153101 0.0302361 0.0582261 0.01576
2 0.633515 0.0122295 0.0357427 0.0220802 0.0157571
0 0.206994 0.108869 0.0304246 0.0392153 0.015631
2 0.59635 0.149867 0.0368291 0.0178553 0.015626
0 0.72926 0.110791 0.00921183 0.0148968 0.0156235
0 0.567441 0.0255195 0.0178546 0.0470653 0.0156153
2 0.675689 0.189153 0.0555011 0.0243384 0.015557
0 0.63082 0.123569 0.0315769 0.0698839 0.0153268
0 0.210665 0.0800063 0.0211442 0.0344677 0.0151008
0 0.638386 0.175859 0.0280623 0.0571223 0.0150733
0 0.0367364 0.121468 0.0202672 0.0501929 0.0149902
0 0.194071 0.113673 0.031464 0.0515494 0.0148579
0 0.877176 0.0270379 0.0173424 0.0513325 0.0147967
0 0.841956 0.0412315 0.0133163 0.0350414 0.0147735
0 0.70579 0.0320565 0.0127673 0.0390364 0.0146986
0 0.185341 0.0996658 0.0180347 0.064274 0.0144912
2 0.872008 0.173784 0.0360342 0.0206563 0.0144883
0 0.196932 0.0968131 0.0225716 0.0601163 0.0144128
0 0.564275 0.0327903 0.0226606 0.0582926 0.0143053
