5 0.48719 0.211489 0.230328 0.212106 0.908002
5 0.487112 0.211045 0.230349 0.212518 0.902803
5 0.487054 0.212212 0.230194 0.210923 0.90226
7 0.742412 0.434632 0.267648 0.354816 0.897056
5 0.487205 0.212508 0.229871 0.209399 0.894084
2 0.907438 0.774738 0.184322 0.223289 0.891061
7 0.742354 0.43509 0.267837 0.355681 0.881547
5 0.487171 0.211812 0.230308 0.211454 0.881227
5 0.486805 0.212617 0.229441 0.209664 0.881038
2 0.907546 0.774374 0.184525 0.223913 0.87884
2 0.290087 0.246382 0.0832857 0.0829753 0.852176
2 0.907339 0.7745 0.184114 0.224504 0.849738
5 0.486576 0.212942 0.231327 0.210173 0.848281
2 0.734863 0.904347 0.194282 0.190444 0.847119
2 0.907314 0.774716 0.184368 0.223334 0.84671
2 0.735391 0.904635 0.194294 0.189915 0.846684
2 0.735272 0.904547 0.193986 0.190169 0.845419
7 0.742284 0.434681 0.267589 0.353997 0.841546
2 0.907479 0.774562 0.18404 0.223082 0.841096
2 0.907484 0.774523 0.184451 0.224205 0.84014
2 0.735102 0.904306 0.194355 0.190788 0.83917
5 0.486872 0.210818 0.230886 0.210077 0.838175
2 0.290032 0.246185 0.0829956 0.0829061 0.834572
2 0.907465 0.774508 0.18427 0.223147 0.834036
2 0.735437 0.904153 0.194357 0.190765 0.832365
2 0.907488 0.774693 0.184539 0.223431 0.831532
2 0.290563 0.245903 0.083059 0.0830664 0.825166
2 0.907378 0.774231 0.184505 0.22375 0.824269
2 0.289848 0.246359 0.0834297 0.0836489 0.82233
2 0.290082 0.246039 0.0831779 0.0834526 0.821957
5 0.486758 0.212607 0.229776 0.209812 0.817711
2 0.290139 0.246051 0.0831961 0.0833473 0.813649
7 0.742257 0.435132 0.267725 0.355743 0.805701
2 0.290524 0.246133 0.0834497 0.0830904 0.804398
2 0.735732 0.904051 0.194094 0.19117 0.792133
7 0.742226 0.434949 0.267674 0.355692 0.78873
2 0.734746 0.904147 0.194232 0.190577 0.775316
2 0.907983 0.774583 0.183067 0.225262 0.775181
2 0.457053 0.377812 0.106547 0.131733 0.77417
2 0.457215 0.378306 0.106609 0.132281 0.773742
2 0.456837 0.377756 0.106338 0.132163 0.770792
2 0.456969 0.378182 0.106481 0.132354 0.761837
2 0.735462 0.904429 0.194182 0.190081 0.754678
7 0.742252 0.435086 0.267695 0.354841 0.753848
7 0.742244 0.434391 0.266564 0.355498 0.748022
7 0.741997 0.435796 0.268662 0.355757 0.746147
2 0.143173 0.157173 0.102785 0.0573406 0.739806
2 0.753487 0.216637 0.0722302 0.0785069 0.733688
2 0.735174 0.904567 0.19461 0.189568 0.723823
7 0.741876 0.436721 0.268621 0.353631 0.710856
2 0.752577 0.216486 0.0738124 0.0795079 0.687532
2 0.752989 0.21671 0.0734032 0.0790045 0.659321
2 0.13986 0.156519 0.096323 0.055667 0.654295
2 0.456662 0.378325 0.107815 0.133093 0.654291
2 0.837359 0.279887 0.10746 0.102651 0.647372
2 0.456858 0.377463 0.106375 0.131874 0.643739
2 0.837198 0.280176 0.108133 0.101966 0.641521
2 0.138829 0.156729 0.0934245 0.0574237 0.63475
2 0.456646 0.377765 0.107425 0.132666 0.632539
5 0.486135 0.212491 0.231242 0.21086 0.629618
2 0.137097 0.157429 0.0906939 0.0583715 0.628072
2 0.457471 0.378005 0.106558 0.131855 0.619272
2 0.752884 0.216868 0.0730814 0.079082 0.614481
2 0.837163 0.279977 0.107504 0.102554 0.613185
2 0.137189 0.156922 0.0897696 0.056724 0.604049
2 0.456858 0.377335 0.107421 0.133104 0.6027
2 0.837332 0.279935 0.108606 0.10266 0.601794
2 0.457248 0.377476 0.106833 0.131433 0.597382
2 0.837087 0.279929 0.107812 0.102194 0.594273
2 0.837101 0.27988 0.10807 0.10271 0.592435
2 0.837514 0.279852 0.107464 0.102795 0.591778
2 0.136241 0.15739 0.0884139 0.0575156 0.5867
2 0.753187 0.216524 0.0744036 0.0791216 0.584286
2 0.837535 0.280205 0.108193 0.102601 0.570526
2 0.180499 0.190498 0.0680497 0.0673481 0.568724
2 0.703836 0.234459 0.0804966 0.0811579 0.551109
2 0.753244 0.216239 0.0736776 0.0795693 0.54906
2 0.703351 0.234552 0.0786316 0.081267 0.548051
2 0.836866 0.27984 0.108611 0.103156 0.545607
2 0.29114 0.246041 0.0823471 0.0821146 0.539128
2 0.180443 0.190836 0.0683963 0.0669857 0.533186
3 0.0467326 0.428376 0.054111 0.0636542 0.519128
2 0.703332 0.236654 0.0783701 0.0791985 0.517693
2 0.179979 0.18978 0.0667631 0.0687887 0.515617
2 0.137844 0.15687 0.091822 0.058136 0.510838
2 0.703203 0.23639 0.0780855 0.0805254 0.487219
2 0.70316 0.237016 0.0775218 0.0833903 0.481932
2 0.609561 0.150338 0.047988 0.0616156 0.474369
0 0.0435036 0.395128 0.0289031 0.0835772 0.469021
7 0.742654 0.43504 0.266185 0.356095 0.467771
2 0.703815 0.23827 0.0790915 0.0820254 0.457825
0 0.0414166 0.392428 0.0266947 0.0784013 0.45005
2 0.609217 0.149998 0.0474113 0.0627965 0.448843
2 0.992485 0.40922 0.0142895 0.0781572 0.445841
2 0.992642 0.408493 0.01394 0.0753423 0.445645
0 0.0437822 0.393356 0.0306896 0.0817772 0.444347
0 0.143597 0.375288 0.0308666 0.0835502 0.440895
0 0.043918 0.393523 0.0310753 0.0813126 0.431283
0 0.14289 0.375094 0.0304992 0.0830526 0.428531
0 0.14335 0.375997 0.0304418 0.0848151 0.427704
2 0.140029 0.156627 0.0966093 0.0567859 0.413291
0 0.144197 0.373986 0.0320543 0.0801859 0.408828
0 0.937607 0.0981603 0.0170946 0.0477755 0.405063
2 0.703855 0.23784 0.0791893 0.0821558 0.402973
0 0.0428947 0.394525 0.0289656 0.0824325 0.402922
2 0.753501 0.216208 0.0727722 0.0796629 0.402404
2 0.180569 0.189597 0.0679918 0.0674322 0.400993
2 0.180531 0.189545 0.0659124 0.0695737 0.391236
7 0.558138 0.500502 0.137567 0.200927 0.384674
0 0.936646 0.0979314 0.0178278 0.0487058 0.382729
2 0.141318 0.157338 0.100199 0.0576157 0.382712
2 0.992183 0.408717 0.0148508 0.0786162 0.381995
0 0.0423628 0.393313 0.0287575 0.0803259 0.381276
0 0.143513 0.374544 0.0293026 0.0814367 0.380945
0 0.144804 0.37365 0.0324444 0.0814693 0.379449
2 0.609847 0.149554 0.0485511 0.0628135 0.373367
7 0.557933 0.499884 0.136392 0.199187 0.371028
2 0.290715 0.246492 0.0823929 0.0820509 0.365182
2 0.586438 0.109827 0.0386655 0.0547602 0.365043
2 0.180965 0.189144 0.0685552 0.0684137 0.364862
2 0.609668 0.150872 0.0480368 0.0604796 0.363045
2 0.180246 0.190264 0.0678147 0.0664428 0.357036
2 0.692065 0.167768 0.0583594 0.0619871 0.355583
0 0.14749 0.113652 0.0173583 0.0329294 0.354088
0 0.937428 0.097608 0.0174809 0.047942 0.354059
2 0.609667 0.150255 0.0463984 0.0616318 0.352698
2 0.48391 0.047141 0.0278454 0.0324603 0.352615
2 0.692233 0.169094 0.0588328 0.0610175 0.35198
0 0.938135 0.0977542 0.0188164 0.048382 0.350978
2 0.70341 0.233984 0.077626 0.078138 0.350749
7 0.557959 0.500799 0.137349 0.200426 0.349179
2 0.180011 0.190476 0.0678394 0.0664602 0.344504
0 0.0432977 0.39345 0.030141 0.0817262 0.342849
7 0.558099 0.500035 0.136964 0.197934 0.337916
0 0.14468 0.375106 0.0324779 0.0833951 0.336039
2 0.991435 0.4107 0.016555 0.0827288 0.335301
2 0.585892 0.109327 0.0387394 0.0545417 0.333152
0 0.936381 0.0975782 0.0166256 0.0484539 0.32989
2 0.484031 0.0465175 0.0275888 0.0319024 0.329734
2 0.180303 0.190661 0.0659282 0.0670378 0.324312
3 0.148247 0.403978 0.0452963 0.0537688 0.322518
2 0.75343 0.216319 0.073041 0.0777883 0.319185
2 0.991752 0.409898 0.0159639 0.081047 0.319004
2 0.140794 0.157392 0.0979569 0.058716 0.316373
3 0.143413 0.408104 0.0556526 0.0636388 0.315413
2 0.643627 0.132005 0.0439814 0.0546477 0.313817
2 0.610076 0.150755 0.047463 0.0612237 0.312386
7 0.742466 0.435222 0.26872 0.354157 0.311473
2 0.695511 0.172101 0.0542536 0.0589969 0.303464
2 0.734424 0.905859 0.193725 0.1877 0.302269
0 0.0428937 0.395312 0.0316458 0.0858188 0.30002
2 0.692423 0.169395 0.0587846 0.0632154 0.299143
2 0.838312 0.279729 0.104951 0.1028 0.296953
3 0.0461104 0.436859 0.0531826 0.0499784 0.295873
2 0.609326 0.149768 0.0486811 0.0620114 0.295137
2 0.483864 0.0472174 0.0280802 0.0321607 0.293402
2 0.484165 0.0464013 0.028175 0.0324623 0.292566
7 0.557958 0.500001 0.137202 0.199006 0.290377
2 0.703283 0.231437 0.0770439 0.0726045 0.289532
3 0.14469 0.410957 0.0528988 0.0607218 0.283902
2 0.646543 0.132752 0.0397546 0.0565601 0.280894
0 0.147864 0.113633 0.0176461 0.0327015 0.275906
0 0.938097 0.0977522 0.0186575 0.0484161 0.27023
0 0.938405 0.0987437 0.0192348 0.0471181 0.270192
2 0.586188 0.109233 0.0390625 0.0553693 0.269345
0 0.93686 0.0982114 0.018874 0.0484414 0.26588
2 0.558357 0.500284 0.13653 0.197769 0.265441
2 0.180579 0.190168 0.0658431 0.067904 0.263908
2 0.703539 0.236365 0.0762091 0.0791907 0.262652
0 0.936087 0.0974931 0.017799 0.0487136 0.258703
3 0.0491481 0.424512 0.0541031 0.0572409 0.25393
2 0.99311 0.407702 0.0129641 0.0797236 0.251821
2 0.695237 0.169666 0.0533618 0.0599003 0.248644
2 0.753358 0.216356 0.0721745 0.0788546 0.248357
2 0.585795 0.109074 0.0377243 0.0548096 0.245969
3 0.0461223 0.438065 0.0510633 0.0443646 0.24253
0 0.0408894 0.389586 0.0263583 0.0724013 0.2409
7 0.558105 0.500198 0.136445 0.198869 0.239486
2 0.609297 0.149935 0.0468641 0.0606909 0.236107
0 0.138717 0.376479 0.0336825 0.0838199 0.233722
2 0.703113 0.240342 0.0765766 0.0800943 0.233586
2 0.992163 0.40771 0.0149498 0.0839613 0.224842
7 0.55799 0.500066 0.136892 0.198257 0.223342
2 0.691947 0.168989 0.0575581 0.0637802 0.220653
3 0.0489525 0.423615 0.0545721 0.069263 0.220299
2 0.586092 0.109481 0.0395327 0.0559147 0.21724
0 0.937787 0.0973643 0.0182209 0.0489584 0.216291
3 0.0448468 0.439918 0.0482651 0.042901 0.216002
2 0.58596 0.109192 0.0368892 0.0551215 0.21581
3 0.143716 0.411256 0.0552012 0.0637808 0.21482
7 0.557915 0.500256 0.136563 0.199025 0.213816
2 0.571969 0.0640911 0.0287054 0.0380662 0.211533
0 0.431612 0.0929118 0.0161335 0.0372733 0.20645
0 0.433318 0.0924473 0.0183328 0.0365748 0.205911
3 0.138504 0.410735 0.0473878 0.065025 0.205855
2 0.586028 0.109312 0.0403734 0.0565954 0.203818
0 0.432556 0.0923916 0.0187986 0.0366334 0.203233
2 0.645305 0.132494 0.0409592 0.0566696 0.202571
2 0.691868 0.168485 0.0569994 0.0622812 0.199145
2 0.585656 0.109779 0.0363216 0.0548939 0.197896
7 0.742728 0.434609 0.268068 0.352699 0.193766
7 0.558242 0.500255 0.13657 0.197778 0.192239
2 0.647884 0.132461 0.0376476 0.0559978 0.189272
3 0.0552739 0.419219 0.039587 0.0599893 0.18911
2 0.647176 0.14179 0.0378254 0.0389182 0.184512
2 0.586549 0.109649 0.0389391 0.053263 0.18149
2 0.586604 0.109591 0.0392505 0.0562135 0.181042
2 0.644915 0.132767 0.0436064 0.0577652 0.178811
2 0.57237 0.0628301 0.0306578 0.0409373 0.178068
0 0.149491 0.114405 0.0204976 0.0331009 0.177047
2 0.609905 0.150508 0.0455546 0.061432 0.175809
2 0.643419 0.13276 0.0463726 0.0576078 0.175564
2 0.991697 0.411336 0.0160263 0.0868856 0.173206
3 0.179767 0.189411 0.0652699 0.0695717 0.169938
2 0.179957 0.189935 0.0679855 0.0689578 0.169276
3 0.0475972 0.429094 0.0519054 0.0572055 0.167563
3 0.145846 0.402684 0.0521057 0.0612776 0.164478
2 0.14491 0.158078 0.105288 0.0581888 0.164423
2 0.63398 0.0898649 0.0372681 0.0336459 0.16015
2 0.703131 0.232524 0.0757982 0.069625 0.159511
0 0.437039 0.0907275 0.0225597 0.0392051 0.158633
3 0.0480308 0.424557 0.051441 0.0709704 0.154023
2 0.137751 0.157461 0.094248 0.0570985 0.15354
2 0.691806 0.168785 0.0560143 0.0616661 0.153178
0 0.0623592 0.413525 0.0252656 0.0556349 0.152492
3 0.143109 0.409702 0.0583572 0.0690461 0.150975
7 0.558412 0.499817 0.135693 0.199211 0.150072
3 0.0630357 0.418209 0.0250965 0.0553389 0.149551
0 0.147005 0.377273 0.0356099 0.0737661 0.148452
2 0.571788 0.0633914 0.0298378 0.040033 0.147002
2 0.701681 0.183739 0.0414476 0.0359841 0.145246
2 0.696915 0.167729 0.044758 0.0592283 0.143646
0 0.054764 0.412225 0.037972 0.0565359 0.143626
0 0.0457595 0.404783 0.0371493 0.0639606 0.142084
2 0.634548 0.0886783 0.0361496 0.0320326 0.141578
2 0.753906 0.216068 0.072798 0.07811 0.140777
2 0.571991 0.0629567 0.0296446 0.0409085 0.140498
0 0.0450588 0.403518 0.0298442 0.0698316 0.139884
2 0.135263 0.15616 0.086211 0.053347 0.139805
7 0.6444 0.132651 0.0450739 0.0581115 0.139527
0 0.149533 0.113563 0.0210328 0.0349608 0.138174
0 0.0626917 0.411494 0.0234438 0.0525623 0.136874
3 0.149123 0.40228 0.0413542 0.0534237 0.135117
0 0.150547 0.10665 0.0240203 0.0468994 0.134793
3 0.0439485 0.439815 0.046839 0.039612 0.13329
2 0.604612 0.0358196 0.0247866 0.0261494 0.132905
0 0.344853 0.134975 0.0141953 0.0296423 0.132813
2 0.649216 0.139025 0.0337603 0.0434686 0.131172
0 0.146199 0.372005 0.0358444 0.0789165 0.130104
3 0.132941 0.414056 0.0336949 0.0597842 0.129635
0 0.713123 0.0495531 0.0132205 0.0420843 0.125223
3 0.142293 0.407325 0.0578717 0.0668184 0.125083
3 0.143902 0.408392 0.0564387 0.0706541 0.124686
2 0.645974 0.132779 0.0412787 0.0572942 0.124406
2 0.634493 0.0910963 0.0372091 0.036633 0.122502
2 0.701708 0.183866 0.0413493 0.0348819 0.121814
2 0.695639 0.181951 0.0489988 0.036164 0.121783
0 0.0574571 0.412927 0.0360706 0.0560565 0.121239
0 0.437567 0.0907879 0.022673 0.0396847 0.120419
0 0.712902 0.0508532 0.0146011 0.0444459 0.119371
0 0.140531 0.367885 0.0237667 0.0703726 0.118747
2 0.703201 0.184942 0.0388021 0.0362949 0.118116
0 0.71308 0.0471991 0.0123511 0.035487 0.117567
2 0.690736 0.166585 0.0560682 0.0606363 0.116902
2 0.634328 0.0922848 0.0376471 0.0388694 0.114918
0 0.0570856 0.411388 0.0291046 0.0537263 0.114718
2 0.290036 0.245769 0.0839696 0.0843881 0.114497
3 0.0440823 0.440707 0.04702 0.0408697 0.114132
2 0.587353 0.109567 0.0400534 0.0550312 0.11342
0 0.712862 0.050554 0.0142786 0.0440262 0.111977
0 0.0483985 0.416188 0.0307234 0.0491884 0.110113
0 0.434413 0.0910225 0.023721 0.0393322 0.109949
0 0.329075 0.140166 0.0174375 0.033521 0.106291
2 0.696513 0.168077 0.0451513 0.0576945 0.105191
0 0.437172 0.0909222 0.0225342 0.0382657 0.104341
0 0.0618425 0.41538 0.026464 0.0569439 0.10341
2 0.642692 0.130748 0.0481403 0.058734 0.10265
0 0.140759 0.36839 0.0232157 0.0721231 0.102422
0 0.127191 0.401972 0.0274541 0.0436303 0.0997344
0 0.0551129 0.41374 0.0379602 0.0575838 0.0978773
3 0.157464 0.404871 0.0287856 0.0498612 0.0976052
2 0.0513311 0.0999173 0.0173538 0.0209736 0.0974772
0 0.0524717 0.408938 0.0437216 0.0575122 0.0970012
0 0.0400846 0.38184 0.0236902 0.057799 0.0951908
2 0.635749 0.0897701 0.0410458 0.0332464 0.095072
2 0.699125 0.172729 0.045576 0.05403 0.0935848
5 0.567095 0.0264948 0.0384518 0.0529896 0.0927705
2 0.103271 0.0521159 0.0278653 0.0188938 0.0918
2 0.0513427 0.0994029 0.0171927 0.0214069 0.090718
0 0.712313 0.0502021 0.0146319 0.0429745 0.0895687
5 0.487487 0.210728 0.229795 0.209373 0.0893535
2 0.0167397 0.126519 0.0332719 0.0519633 0.0888743
2 0.603827 0.0392215 0.0245006 0.031277 0.0885222
2 0.701736 0.183712 0.0403067 0.0362921 0.0884754
0 0.156959 0.396844 0.0263731 0.0541416 0.0880928
0 0.712449 0.0514608 0.0154316 0.0460135 0.087796
0 0.156101 0.392102 0.0229216 0.0532272 0.0875071
2 0.633924 0.0945558 0.0401306 0.0446028 0.0867072
2 0.753392 0.216012 0.072393 0.0757667 0.0825755
3 0.156309 0.399984 0.0284209 0.0551129 0.0823706
