2 0.39386 0.33906 0.0930436 0.0556249 0.867212
2 0.393511 0.339218 0.0933477 0.0565179 0.852992
2 0.229469 0.339702 0.0952967 0.0513364 0.823942
2 0.39415 0.339026 0.0924273 0.0557114 0.811144
2 0.229345 0.339873 0.0964869 0.0520472 0.810666
5 0.252997 0.516992 0.502032 0.282405 0.804625
2 0.0608643 0.340047 0.0806414 0.0501977 0.803917
5 0.252928 0.515159 0.503316 0.286338 0.797866
5 0.253268 0.516229 0.502593 0.284687 0.789
5 0.259676 0.518195 0.513027 0.279958 0.788195
2 0.394076 0.339089 0.0928845 0.0555639 0.781694
2 0.393723 0.33928 0.0920023 0.0559108 0.771652
2 0.0603636 0.340612 0.0815566 0.0502034 0.763621
2 0.230408 0.339902 0.0980502 0.0514002 0.739945
5 0.259646 0.516735 0.516048 0.284014 0.731867
2 0.060565 0.340463 0.081662 0.0513934 0.731272
2 0.393629 0.339083 0.0928934 0.0545668 0.729882
2 0.228349 0.340353 0.0943005 0.0517454 0.727764
5 0.26006 0.516997 0.51835 0.283207 0.723986
2 0.229248 0.339631 0.0951068 0.0516842 0.721356
2 0.393878 0.339341 0.0921612 0.0550801 0.716864
0 0.61858 0.873113 0.0401495 0.186491 0.702378
2 0.0606859 0.340602 0.0823363 0.0514157 0.689628
2 0.229109 0.339718 0.0965457 0.0518115 0.676641
2 0.228764 0.340411 0.0951458 0.0510083 0.66768
2 0.394073 0.339281 0.093418 0.0557268 0.660065
2 0.229285 0.339971 0.095603 0.0516171 0.655466
0 0.618456 0.872877 0.0390537 0.185491 0.651811
0 0.618542 0.870822 0.0384199 0.184366 0.64226
2 0.0605799 0.340262 0.082671 0.0519807 0.641576
0 0.618603 0.872214 0.0386001 0.185806 0.641509
5 0.261245 0.523139 0.52249 0.272701 0.624594
2 0.226691 0.340203 0.101479 0.0506011 0.624475
0 0.61848 0.868181 0.0386872 0.179503 0.622438
2 0.0605403 0.340308 0.081848 0.0525539 0.612951
2 0.0611092 0.339474 0.0834027 0.0530677 0.602174
5 0.262324 0.525123 0.517008 0.265179 0.594561
2 0.060741 0.34064 0.0830001 0.0524519 0.592362
0 0.618489 0.873389 0.0406825 0.187147 0.554146
0 0.572497 0.838518 0.0438469 0.172964 0.547715
0 0.574961 0.838189 0.0436314 0.174194 0.544021
5 0.260146 0.518856 0.519223 0.276221 0.536491
2 0.393916 0.338504 0.093913 0.0571423 0.531001
0 0.573082 0.838391 0.0432476 0.175255 0.522465
0 0.574344 0.837009 0.0414186 0.173099 0.521305
2 0.0589085 0.339856 0.0789768 0.0521693 0.518432
2 0.30804 0.321573 0.0672758 0.0597394 0.50863
0 0.573489 0.838024 0.0421433 0.17492 0.503962
5 0.260978 0.524136 0.521956 0.268702 0.502577
2 0.308592 0.321125 0.06514 0.0599881 0.491942
0 0.576372 0.837568 0.046947 0.17472 0.475501
2 0.0611316 0.340244 0.0809583 0.0504738 0.472557
2 0.394335 0.338924 0.0918894 0.0548693 0.403467
2 0.307622 0.321249 0.0647587 0.0575716 0.401553
2 0.228044 0.339934 0.0988938 0.0502214 0.396535
0 0.574299 0.837049 0.0403826 0.171985 0.391998
0 0.572294 0.839029 0.044042 0.171811 0.39057
2 0.227719 0.340058 0.0932244 0.0510461 0.38566
2 0.307575 0.321262 0.0664577 0.0583884 0.375482
0 0.573789 0.837511 0.0417279 0.173085 0.36789
2 0.0606253 0.340219 0.0820364 0.0527189 0.367345
2 0.131727 0.315681 0.046529 0.0494266 0.342563
2 0.812749 0.263704 0.0512136 0.0248889 0.342127
0 0.619726 0.871931 0.0408847 0.186811 0.338101
2 0.307022 0.321472 0.0658451 0.0583271 0.337742
2 0.308146 0.321339 0.063169 0.0582469 0.328309
0 0.619401 0.872737 0.0414515 0.188012 0.326314
2 0.13252 0.315482 0.0457529 0.0480935 0.315793
7 0.603895 0.327904 0.134427 0.108292 0.300661
2 0.132191 0.315404 0.0454216 0.0490126 0.296235
2 0.13181 0.315735 0.0464884 0.0488494 0.29205
2 0.132175 0.315631 0.0452037 0.0486407 0.290814
2 0.813005 0.263335 0.0513369 0.0252793 0.290003
2 0.228343 0.339804 0.0955231 0.0519063 0.2846
0 0.617106 0.871981 0.0372262 0.171011 0.283615
2 0.132093 0.315935 0.0448338 0.0493781 0.278913
2 0.306166 0.320829 0.0694405 0.0591748 0.277673
0 0.760638 0.302332 0.0202194 0.0519224 0.276424
7 0.603812 0.328084 0.134421 0.107825 0.274688
0 0.934255 0.279909 0.018594 0.0695622 0.260577
2 0.812622 0.262072 0.0517364 0.0273541 0.258729
7 0.60374 0.328788 0.13454 0.1092 0.257125
0 0.933715 0.279148 0.018648 0.0690199 0.256411
2 0.812889 0.263163 0.0508682 0.0276982 0.252217
2 0.131472 0.315881 0.046763 0.0498261 0.252087
0 0.760546 0.302027 0.021519 0.050977 0.247361
2 0.812803 0.261849 0.0516867 0.0267887 0.236572
7 0.603558 0.328679 0.134005 0.10739 0.229218
7 0.603906 0.327463 0.134087 0.10901 0.227959
2 0.305147 0.32139 0.0698735 0.0596219 0.225435
0 0.760776 0.301848 0.020647 0.0527173 0.222017
2 0.0304866 0.382439 0.0609732 0.0321535 0.221585
0 0.573206 0.839287 0.0380028 0.159915 0.219778
2 0.306119 0.32164 0.0706628 0.0594052 0.217813
2 0.873057 0.267563 0.0660179 0.0471892 0.216604
7 0.603906 0.327789 0.134051 0.10963 0.213843
2 0.873649 0.269026 0.0684502 0.0487624 0.212658
2 0.813136 0.261542 0.0513481 0.0300335 0.211129
2 0.132025 0.315793 0.044362 0.0494186 0.209613
0 0.732432 0.310888 0.0195513 0.050648 0.20819
2 0.873585 0.269336 0.0692055 0.0494471 0.197697
7 0.603777 0.328373 0.134266 0.105929 0.197168
0 0.732547 0.310923 0.0193457 0.0501333 0.19593
1 0.816103 0.315125 0.0314659 0.0399841 0.193941
0 0.71641 0.310473 0.0187366 0.0459292 0.192974
0 0.933649 0.278628 0.0193947 0.0689486 0.192455
2 0.131837 0.316385 0.0474553 0.0489104 0.188157
0 0.61703 0.871432 0.0395109 0.173165 0.186686
2 0.0330838 0.386622 0.0661676 0.042023 0.185184
2 0.87314 0.269358 0.0654282 0.0493773 0.182395
0 0.620299 0.871896 0.0411329 0.186107 0.180336
2 0.00800453 0.341601 0.0158487 0.0422591 0.179016
7 0.604058 0.327795 0.133361 0.109567 0.178545
2 0.0318477 0.382736 0.0634917 0.0354465 0.17849
0 0.760612 0.303303 0.0218352 0.0505074 0.176857
2 0.813168 0.261859 0.051947 0.0283057 0.175873
0 0.781711 0.30239 0.0181936 0.0520828 0.1725
0 0.935225 0.278848 0.0212269 0.0696465 0.170807
0 0.763184 0.302562 0.0244591 0.0497277 0.170364
2 0.0330142 0.383258 0.0656769 0.0373138 0.170291
0 0.935016 0.279492 0.0210651 0.0697304 0.16929
2 0.0317081 0.386063 0.0634163 0.03758 0.169215
2 0.0341781 0.386302 0.0683561 0.0426681 0.167723
0 0.716741 0.309694 0.0192101 0.0464607 0.162303
2 0.30769 0.321598 0.0625574 0.0593794 0.158013
2 0.872318 0.266873 0.0659573 0.0467438 0.157476
2 0.0308957 0.382555 0.0616058 0.0345924 0.156947
7 0.604282 0.326961 0.13333 0.108943 0.156541
0 0.732581 0.31093 0.0181683 0.0496923 0.154825
0 0.781263 0.302546 0.0172622 0.0516439 0.150184
1 0.815627 0.31651 0.0327934 0.0377408 0.150162
0 0.761124 0.303244 0.022434 0.0526503 0.149671
2 0.0321792 0.383282 0.0643585 0.0376846 0.147512
0 0.934417 0.281001 0.0178219 0.0689365 0.144094
2 0.308372 0.321217 0.0629261 0.0587969 0.142898
0 0.933757 0.276967 0.0194977 0.0677916 0.140011
0 0.718978 0.310849 0.0178267 0.0469484 0.138074
0 0.571497 0.840918 0.0394839 0.159236 0.133366
2 0.00899589 0.340559 0.0179918 0.0436635 0.131096
0 0.73372 0.311181 0.0221622 0.0508464 0.130281
2 0.0295153 0.384298 0.0588722 0.0286843 0.125498
9 0.0711103 0.202115 0.0116027 0.0272334 0.125082
1 0.816567 0.312094 0.033886 0.0446438 0.123273
2 0.812524 0.260765 0.0511551 0.0290246 0.122353
0 0.761534 0.302529 0.0220757 0.0529819 0.121625
0 0.93656 0.278712 0.022554 0.0701643 0.120721
9 0.199058 0.169216 0.014057 0.0298537 0.11717
7 0.609647 0.307542 0.149254 0.149261 0.116769
0 0.720665 0.311337 0.0181002 0.0488607 0.112228
9 0.0712588 0.20442 0.0118997 0.0311542 0.111842
0 0.763197 0.30322 0.024813 0.0495872 0.110062
2 0.873304 0.269949 0.0666016 0.0490102 0.106905
0 0.621433 0.870828 0.0432799 0.184621 0.106617
2 0.227029 0.340803 0.0921486 0.0522636 0.10609
7 0.603718 0.327318 0.135037 0.110031 0.104639
2 0.306991 0.322093 0.0642298 0.0577003 0.103554
0 0.936446 0.278185 0.0229656 0.0696557 0.103026
0 0.763311 0.302592 0.0235378 0.0507376 0.100693
1 0.812235 0.314795 0.0252787 0.0406846 0.0969244
0 0.781733 0.30378 0.0155231 0.0496683 0.094897
2 0.00829951 0.343018 0.0164298 0.044346 0.0941799
0 0.936844 0.276577 0.0238119 0.0685648 0.0934416
0 0.716195 0.308332 0.0177744 0.0442967 0.0928714
0 0.93746 0.279263 0.0238121 0.0703527 0.0927598
2 0.874074 0.270365 0.0677841 0.0489799 0.0900584
0 0.734609 0.310961 0.0206425 0.0480705 0.0896042
2 0.812723 0.262947 0.0502342 0.0246367 0.0875241
1 0.812714 0.316248 0.0281991 0.0407896 0.0869235
0 0.570833 0.838952 0.0430571 0.17427 0.084391
2 0.874718 0.265469 0.0623032 0.0460751 0.0807089
2 0.0302014 0.386483 0.0602654 0.0293142 0.0797484
0 0.93555 0.279757 0.0218031 0.073604 0.0788263
2 0.0357344 0.387025 0.0714688 0.0461922 0.0765208
0 0.783386 0.299671 0.020705 0.0558575 0.0744412
0 0.991737 0.275343 0.0155016 0.0663631 0.0743111
26 0.558266 0.856325 0.0186129 0.0445976 0.0732736
7 0.603671 0.326813 0.135262 0.110307 0.0723428
0 0.991686 0.276774 0.0155207 0.0630374 0.072158
2 0.0344557 0.384704 0.0689113 0.0414713 0.0720173
2 0.132384 0.318925 0.0441263 0.0440998 0.0697346
0 0.203364 0.312661 0.016954 0.0326925 0.0685323
2 0.0300372 0.380078 0.0598305 0.031864 0.0680738
0 0.941071 0.280435 0.0277107 0.0688214 0.0663433
0 0.991662 0.277479 0.0155479 0.0606405 0.0660685
39 0.973516 0.956408 0.0518742 0.086274 0.0648795
0 0.617587 0.866339 0.0381903 0.163949 0.0647223
2 0.136822 0.321834 0.0341644 0.0357817 0.0646682
1 0.813284 0.312186 0.0281313 0.0439123 0.0600585
0 0.852202 0.235769 0.0231686 0.035589 0.0594387
2 0.872923 0.271684 0.0685154 0.0520038 0.059328
2 0.0291319 0.380146 0.0582637 0.0334455 0.0587865
0 0.990728 0.277189 0.0178898 0.0642955 0.0580838
2 0.132936 0.315262 0.0449323 0.0477359 0.0566729
7 0.603541 0.328116 0.133492 0.106566 0.0565371
0 0.89655 0.278298 0.0171675 0.0341277 0.0564425
0 0.49836 0.540172 0.0251052 0.0604399 0.0559912
0 0.978029 0.275279 0.0257629 0.0621688 0.0535129
9 0.030532 0.22014 0.00970115 0.0314823 0.0534329
2 0.39347 0.339332 0.0917884 0.0537709 0.0531996
9 0.70514 0.249617 0.014319 0.0225281 0.0519556
9 0.199577 0.169519 0.016524 0.0309944 0.051845
0 0.764115 0.301606 0.0258146 0.0526457 0.0518136
0 0.99113 0.277082 0.0171623 0.0628166 0.0518058
39 0.972991 0.955516 0.0535236 0.088311 0.0516228
0 0.056294 0.265558 0.0119648 0.0274139 0.0514844
0 0.991666 0.278649 0.0157166 0.0654241 0.0514078
0 0.78352 0.300983 0.0206514 0.0518135 0.0514055
7 0.614309 0.289003 0.157077 0.186885 0.0507505
0 0.851325 0.237106 0.022147 0.0372284 0.0506243
0 0.617119 0.866964 0.0380785 0.158982 0.0503475
0 0.379905 0.507806 0.0296875 0.0552758 0.0498411
2 0.861903 0.272873 0.043644 0.0512564 0.0497748
2 0.507476 0.50651 0.0477171 0.081514 0.0493607
0 0.713388 0.307819 0.0200152 0.0428698 0.0476914
0 0.7834 0.303457 0.0188326 0.0503634 0.0471755
0 0.856375 0.275562 0.0293531 0.0532326 0.0464484
2 0.132181 0.316382 0.0459449 0.0484811 0.0461405
2 0.0129106 0.33958 0.0257521 0.0462627 0.0455982
0 0.713892 0.309506 0.0218019 0.0427166 0.0454734
2 0.0128373 0.341065 0.0256746 0.0462676 0.0454302
0 0.742471 0.315009 0.0223467 0.0373202 0.0450786
2 0.812727 0.257859 0.052796 0.0361695 0.0440463
0 0.569992 0.842039 0.0388639 0.144741 0.0430785
0 0.203461 0.310875 0.0160723 0.0333149 0.0427911
0 0.71591 0.307234 0.0208658 0.0470295 0.041984
2 0.0344405 0.390388 0.068881 0.0471687 0.0416451
2 0.51067 0.513458 0.0409747 0.0699523 0.0416253
0 0.758549 0.306707 0.025007 0.0549136 0.0407975
0 0.854959 0.271641 0.0302237 0.0464511 0.0405977
0 0.498623 0.557717 0.0266828 0.104311 0.0405257
0 0.85694 0.274811 0.0326035 0.0553376 0.0405113
2 0.884314 0.270809 0.0446125 0.0480198 0.0402538
2 0.394252 0.339221 0.0916072 0.05502 0.0396528
0 0.410232 0.510512 0.0251651 0.0419583 0.0392723
26 0.558166 0.859852 0.0160344 0.0311243 0.0392678
2 0.00784877 0.343604 0.0155729 0.0437918 0.0391753
0 0.346551 0.49975 0.0209874 0.0493086 0.0389914
0 0.976364 0.274292 0.0265139 0.0644662 0.0389619
0 0.97814 0.270954 0.0243526 0.0532704 0.038954
0 0.973683 0.274041 0.0312035 0.0675635 0.0389191
39 0.973123 0.956534 0.0528641 0.0869318 0.0387915
0 0.850966 0.235551 0.0230608 0.0396631 0.0387768
0 0.346632 0.499701 0.0218919 0.0507126 0.038182
0 0.376688 0.50633 0.0289047 0.0611513 0.0375932
0 0.411118 0.511271 0.0238001 0.0394468 0.037145
0 0.409117 0.508332 0.0281835 0.0462634 0.0364148
39 0.972711 0.955966 0.0534409 0.0874447 0.0360881
0 0.499524 0.525751 0.0267765 0.0566862 0.0360335
7 0.614772 0.288644 0.160863 0.18708 0.0358457
39 0.973096 0.95591 0.0532566 0.0873768 0.0350112
2 0.31016 0.313673 0.0573617 0.044123 0.0345814
0 0.376336 0.506036 0.0296383 0.0608175 0.0345232
0 0.741117 0.314961 0.0289127 0.0419819 0.0344694
0 0.498894 0.544596 0.0255956 0.0585545 0.0342203
0 0.135138 0.512651 0.021908 0.0503622 0.0341018
2 0.00842496 0.337167 0.0167453 0.0485073 0.0335963
0 0.740182 0.312971 0.020797 0.0396545 0.0334579
0 0.896713 0.280415 0.0171425 0.036841 0.033388
0 0.0122989 0.563665 0.0245796 0.156897 0.0333111
26 0.558517 0.859753 0.0156786 0.0330521 0.0332578
2 0.509767 0.512519 0.0410151 0.0713921 0.0330641
13 0.254181 0.786278 0.50678 0.175725 0.0330599
0 0.384571 0.519468 0.0270003 0.029818 0.0330053
0 0.386416 0.519056 0.0258914 0.0301124 0.0329059
2 0.309396 0.320337 0.0654994 0.0583634 0.0328873
2 0.890315 0.247812 0.024419 0.0160678 0.0328337
0 0.386372 0.519202 0.0251436 0.0294453 0.0326922
9 0.0667458 0.221927 0.0103921 0.0282032 0.0325846
39 0.973628 0.956237 0.0518829 0.08577 0.0320714
0 0.851754 0.234727 0.0229317 0.039159 0.0320542
0 0.310486 0.321554 0.0612661 0.0580805 0.0319524
0 0.498761 0.541262 0.0256486 0.0589972 0.0319376
0 0.714206 0.309851 0.0215548 0.0424834 0.0319026
2 0.509569 0.51175 0.0417731 0.0752407 0.0316874
2 0.0323187 0.39227 0.0645267 0.0461077 0.0315086
12 0.515391 0.521442 0.0295647 0.0513189 0.0313398
0 0.98342 0.276929 0.0235405 0.0598009 0.031304
7 0.254897 0.778804 0.509066 0.158162 0.0303889
1 0.825967 0.311437 0.0223351 0.0455945 0.0302971
0 0.855535 0.272755 0.0308496 0.0483068 0.0302788
0 0.422475 0.299578 0.0195393 0.0383337 0.0301518
2 0.1323 0.315636 0.0454902 0.0483023 0.0301315
0 0.0313565 0.285564 0.0119553 0.0423547 0.0293827
2 0.97258 0.95502 0.0537212 0.0892159 0.0292232
2 0.232851 0.338887 0.0909969 0.0467516 0.0291301
13 0.25395 0.777714 0.506674 0.155803 0.0288168
0 0.377789 0.504931 0.0287516 0.0603588 0.0283817
0 0.37412 0.505928 0.031676 0.062065 0.0283163
13 0.250894 0.775312 0.501309 0.152089 0.0276554
9 0.704984 0.248766 0.0148659 0.026075 0.0273211
0 0.993366 0.309242 0.0126219 0.0933596 0.0271334
0 0.410749 0.51122 0.0252607 0.0398949 0.0269595
0 0.499323 0.56079 0.0261618 0.110248 0.0269378
0 0.969775 0.274142 0.0374245 0.0681527 0.0269157
0 0.51151 0.513958 0.0404226 0.0752228 0.0269029
0 0.785399 0.301316 0.0218628 0.0574236 0.0268773
7 0.254839 0.787077 0.507878 0.176773 0.0268191
0 0.384108 0.519545 0.0262352 0.0310463 0.0267408
7 0.255165 0.785029 0.50804 0.172504 0.0266855
0 0.1371 0.514571 0.0257178 0.0495213 0.0264584
