2 0.319945 0.350563 0.0840876 0.0604672 0.826657
2 0.957479 0.668437 0.0842316 0.142356 0.811579
2 0.957435 0.668297 0.0843243 0.142279 0.809837
2 0.319977 0.351329 0.0842636 0.060134 0.804023
2 0.957442 0.668615 0.0840679 0.141566 0.802516
2 0.957514 0.6683 0.083976 0.142309 0.793134
2 0.320013 0.350349 0.0841941 0.061299 0.792782
2 0.319934 0.350967 0.0843812 0.0594341 0.792206
2 0.31971 0.35097 0.0837014 0.0607491 0.783782
2 0.319598 0.351137 0.0844771 0.0600241 0.775844
2 0.957362 0.667951 0.0843288 0.142087 0.770308
2 0.319783 0.351172 0.0840874 0.0605427 0.753679
2 0.957529 0.66805 0.0840601 0.14216 0.73813
2 0.0388363 0.385862 0.0776725 0.0522289 0.723164
2 0.320318 0.350982 0.0846838 0.0604201 0.721531
2 0.0377427 0.385526 0.0745645 0.0528112 0.716928
2 0.0388108 0.386072 0.0776216 0.0527856 0.715736
2 0.319812 0.351136 0.0848488 0.0600325 0.715631
2 0.957476 0.668692 0.0845074 0.142878 0.705471
2 0.957366 0.668104 0.0847866 0.14243 0.704437
2 0.957466 0.66841 0.0845867 0.142729 0.697156
0 0.352682 0.876079 0.0391163 0.178372 0.696439
2 0.0375421 0.386328 0.0749129 0.0531553 0.693573
0 0.353089 0.875351 0.0399433 0.176105 0.692071
0 0.352741 0.875625 0.0394705 0.176804 0.684403
0 0.352745 0.875091 0.0391706 0.176148 0.680245
0 0.35164 0.876482 0.0389138 0.178788 0.657902
0 0.351912 0.876496 0.0396672 0.178203 0.648365
0 0.351873 0.875354 0.0394846 0.176689 0.626491
2 0.0381307 0.386038 0.0757203 0.0523621 0.616861
0 0.352033 0.87746 0.0395807 0.180333 0.611176
0 0.353852 0.873966 0.0390602 0.174336 0.577613
2 0.0376766 0.385973 0.0753027 0.0536258 0.573542
2 0.0388068 0.385992 0.0776136 0.0524867 0.547259
2 0.0801146 0.361717 0.0891555 0.0505372 0.525465
2 0.957637 0.668665 0.0842113 0.143571 0.518187
2 0.0789803 0.364456 0.0896618 0.0450402 0.514628
2 0.0833046 0.363871 0.081095 0.0449404 0.506889
2 0.0388455 0.385319 0.077691 0.0521646 0.479384
2 0.0829625 0.362444 0.0807335 0.0470467 0.465777
2 0.0813551 0.3615 0.0840314 0.0491585 0.456825
0 0.492813 0.792547 0.0588274 0.161523 0.452339
0 0.492788 0.79285 0.0594418 0.16088 0.447631
2 0.0391619 0.386651 0.0779698 0.053729 0.445127
2 0.0862349 0.36099 0.0758279 0.0505023 0.434378
0 0.493182 0.792811 0.0579153 0.161076 0.429257
2 0.319663 0.35096 0.0839851 0.0605891 0.413541
0 0.493057 0.792336 0.0577255 0.160514 0.40287
2 0.0352167 0.385716 0.0704334 0.0513676 0.401146
0 0.492968 0.792298 0.0581049 0.160846 0.397612
0 0.493212 0.79253 0.0577553 0.16203 0.381576
0 0.493124 0.793266 0.058858 0.160851 0.38136
0 0.493221 0.793808 0.0596965 0.159836 0.363975
12 0.0711718 0.649937 0.0264956 0.0766951 0.359252
2 0.080978 0.367003 0.0875567 0.0404982 0.315733
0 0.35434 0.87886 0.0404077 0.18232 0.314885
2 0.0880327 0.360492 0.0711121 0.0510014 0.31157
2 0.0850519 0.366712 0.0771473 0.040551 0.30497
0 0.770761 0.323014 0.0300849 0.0796119 0.293669
0 0.493246 0.792771 0.0578695 0.162419 0.290888
2 0.0862029 0.361399 0.075014 0.050243 0.290554
9 0.0945841 0.224874 0.0114983 0.0254529 0.264622
0 0.770498 0.325733 0.0295198 0.087193 0.255544
0 0.4931 0.793723 0.0593027 0.159852 0.228075
0 0.822509 0.327085 0.0176491 0.0494902 0.219463
2 0.0805427 0.369248 0.0824399 0.0361734 0.21701
0 0.822985 0.327657 0.0182241 0.0486366 0.217007
0 0.352924 0.874739 0.0422066 0.17482 0.211686
0 0.771025 0.314951 0.0286707 0.0602641 0.200268
2 0.080823 0.365628 0.0840223 0.0407124 0.19491
0 0.83006 0.328204 0.0169674 0.0466485 0.19454
2 0.018395 0.357578 0.0367383 0.047676 0.188911
0 0.822393 0.325407 0.0187126 0.049808 0.188431
0 0.92741 0.33776 0.0192856 0.046145 0.185458
2 0.018926 0.358001 0.0378287 0.0417477 0.183616
2 0.0191343 0.358097 0.0382492 0.0408502 0.183045
0 0.927167 0.336795 0.0181705 0.0462147 0.17748
0 0.833163 0.328228 0.0141796 0.0470676 0.177134
0 0.926175 0.336291 0.0176239 0.0463084 0.174012
0 0.772443 0.328207 0.0299595 0.0854995 0.17065
2 0.32125 0.35052 0.0798438 0.0601628 0.168732
0 0.0706223 0.671651 0.0315722 0.127364 0.162788
2 0.0190409 0.355144 0.0379508 0.0468571 0.150911
0 0.924468 0.335996 0.0174747 0.0469927 0.149822
12 0.0710566 0.648434 0.0261081 0.0777954 0.147529
0 0.477998 0.789733 0.0291855 0.148838 0.143544
2 0.0191628 0.356157 0.038208 0.0450297 0.139454
2 0.0192737 0.355609 0.0385473 0.0412496 0.138724
2 0.0194627 0.355335 0.0389253 0.0409801 0.12961
0 0.354893 0.874338 0.037241 0.165899 0.129262
0 0.827608 0.325943 0.0195612 0.0487932 0.124474
0 0.925477 0.335868 0.0189053 0.0488276 0.123954
0 0.922412 0.336066 0.0128139 0.043721 0.123344
0 0.253184 0.327531 0.013135 0.0304141 0.113355
0 0.252446 0.326291 0.0129904 0.0296238 0.113024
2 0.0184034 0.354657 0.0367463 0.0476694 0.111745
2 0.0662584 0.366685 0.107162 0.0370788 0.109238
2 0.957682 0.668431 0.0839092 0.142133 0.106771
9 0.0943119 0.225509 0.0128767 0.0261942 0.106693
0 0.0708947 0.67297 0.0291727 0.128473 0.105041
2 0.770689 0.304658 0.0282024 0.0394562 0.103728
1 0.75305 0.353137 0.0284988 0.0463056 0.103272
2 0.770886 0.305065 0.0287042 0.0405019 0.10262
1 0.753717 0.353237 0.0298855 0.046151 0.102328
2 0.0911658 0.360962 0.0662959 0.0501194 0.100993
1 0.751944 0.353924 0.0284801 0.0461881 0.099504
2 0.770944 0.3044 0.0278854 0.0411123 0.09911
0 0.267539 0.32967 0.0108594 0.0338184 0.0965825
12 0.0711219 0.650538 0.0262886 0.0734287 0.0917952
1 0.751083 0.3533 0.0263426 0.0463572 0.0897367
2 0.0816802 0.369809 0.0835014 0.036113 0.0873008
12 0.770624 0.305031 0.0282332 0.0418618 0.0863551
2 0.0383418 0.385964 0.0766837 0.0541687 0.0844548
0 0.267201 0.328102 0.0114151 0.0351851 0.0839891
0 0.843674 0.325418 0.0214226 0.0484099 0.0829686
0 0.763442 0.32832 0.0457188 0.0903329 0.0820263
36 0.408416 0.855537 0.094282 0.0550579 0.0787474
0 0.770235 0.312839 0.0284845 0.0562708 0.0784691
2 0.771288 0.304088 0.0272337 0.0406419 0.0784514
0 0.763251 0.330576 0.0458385 0.0898389 0.0779531
0 0.0984908 0.317448 0.0211032 0.0367795 0.0778119
2 0.0201229 0.358574 0.0401667 0.0438167 0.0773709
0 0.0971418 0.316147 0.0191302 0.0371027 0.076135
2 0.0872001 0.361574 0.0711632 0.0511064 0.0757247
0 0.0995463 0.319667 0.0212743 0.0405368 0.074018
0 0.773959 0.343769 0.0271488 0.0557137 0.0739147
0 0.100489 0.318346 0.0193161 0.0362503 0.0733171
2 0.0655838 0.359693 0.114312 0.0537133 0.0707681
12 0.0708424 0.647936 0.0255159 0.0771001 0.0703769
0 0.847147 0.313668 0.0197714 0.0253011 0.0663094
0 0.752053 0.352733 0.0261749 0.0466516 0.0645055
0 0.0997887 0.31699 0.0202739 0.0355853 0.0638392
2 0.0185886 0.358446 0.0371771 0.040675 0.0614187
0 0.226331 0.343801 0.0157847 0.0247464 0.0612686
2 0.0349128 0.385617 0.0697119 0.051419 0.0606889
0 0.477307 0.788176 0.0261047 0.137193 0.0603944
0 0.680857 0.315474 0.0133032 0.0425198 0.0601374
0 0.839629 0.325649 0.017477 0.0494015 0.0595196
2 0.847616 0.310821 0.0204292 0.0258269 0.0594207
0 0.925925 0.335238 0.0167494 0.0477071 0.058645
2 0.848608 0.311177 0.0223305 0.0282266 0.0581739
12 0.0708443 0.648288 0.0260774 0.0787146 0.0569562
0 0.771626 0.303767 0.0281244 0.0397487 0.0562873
0 0.0709288 0.65334 0.0267118 0.0704914 0.0543285
1 0.755108 0.351758 0.0395924 0.0491673 0.0535921
0 0.225732 0.343849 0.0174711 0.0246465 0.053151
0 0.680349 0.318539 0.0127393 0.0375499 0.050923
0 0.102576 0.321159 0.0248744 0.0430205 0.0499159
36 0.40934 0.853818 0.0968412 0.0534676 0.0497986
0 0.835873 0.328553 0.0138863 0.0457932 0.047448
2 0.985941 0.343401 0.0273411 0.0330676 0.0457907
0 0.477963 0.786578 0.028175 0.15135 0.0451516
0 0.0771535 0.298272 0.0166935 0.0420463 0.0449463
2 0.848076 0.312837 0.0217865 0.0289458 0.044911
0 0.823824 0.320077 0.0282928 0.0550284 0.0440649
0 0.825474 0.317974 0.0264317 0.0552664 0.0440478
0 0.071129 0.672381 0.0280744 0.127342 0.0437387
2 0.320124 0.350577 0.0832732 0.0609993 0.0422305
0 0.0772156 0.296655 0.0160599 0.0407604 0.0404137
0 0.26067 0.330494 0.0145732 0.0281243 0.0402382
1 0.750986 0.351887 0.0362322 0.0506956 0.0402112
0 0.491945 0.790886 0.0579287 0.148308 0.0398836
0 0.751355 0.352457 0.0248524 0.0468387 0.0394688
0 0.477769 0.79075 0.0292524 0.140439 0.0389983
0 0.725509 0.29267 0.0176083 0.0643547 0.038541
0 0.725751 0.290941 0.0186078 0.0646103 0.0375345
0 0.837329 0.324469 0.0186237 0.0492101 0.0370146
9 0.207963 0.0792852 0.0167604 0.0343731 0.0358042
0 0.0716638 0.244594 0.0105829 0.0300087 0.0357214
2 0.0627508 0.357919 0.121088 0.054245 0.0347885
0 0.87442 0.31886 0.0280838 0.0503762 0.0345126
2 0.985288 0.335521 0.0287046 0.0491946 0.0331217
2 0.957295 0.668287 0.0845165 0.140342 0.0331131
0 0.745319 0.342342 0.0283615 0.0628903 0.0326136
2 0.984419 0.336096 0.0304115 0.0501868 0.0325833
12 0.0707858 0.648077 0.0256918 0.0776613 0.0321221
2 0.769707 0.305583 0.0315239 0.0423005 0.0320888
1 0.759696 0.350986 0.0410321 0.0492294 0.0317719
0 0.685294 0.318578 0.0138183 0.0370533 0.0315646
9 0.384029 0.209728 0.0136247 0.019326 0.0312519
1 0.766266 0.34912 0.0382357 0.0501594 0.03101
0 0.492427 0.788303 0.0567347 0.150429 0.0309706
0 0.0707489 0.672257 0.0299725 0.12954 0.0305776
0 0.116124 0.334569 0.0157543 0.0230135 0.0299692
2 0.0576119 0.361582 0.115224 0.0416083 0.0299244
0 0.352266 0.87995 0.0396803 0.184503 0.029923
0 0.476861 0.792432 0.0258547 0.130494 0.0298991
2 0.824532 0.302863 0.029858 0.0283442 0.0294351
0 0.874367 0.320356 0.026965 0.0513592 0.0291239
0 0.681918 0.319832 0.0141256 0.0396788 0.0291095
0 0.0460109 0.259846 0.0098664 0.0348712 0.0283372
0 0.268049 0.330394 0.0120775 0.0337802 0.0281096
0 0.919138 0.323496 0.0179188 0.0341755 0.0280276
0 0.0714382 0.245576 0.0103152 0.0292492 0.0279632
0 0.874374 0.317053 0.0280235 0.0443429 0.0274793
36 0.354111 0.95359 0.0327034 0.0361881 0.0274187
0 0.256714 0.329365 0.0131416 0.0333796 0.0273698
9 0.953583 0.298039 0.013867 0.0209084 0.0270742
0 0.476946 0.795251 0.0256168 0.132188 0.0269269
0 0.0745072 0.296462 0.016159 0.0401611 0.0261796
0 0.476093 0.796317 0.0267427 0.126839 0.0258816
0 0.769595 0.324232 0.0323325 0.0804014 0.025836
9 0.206581 0.0784644 0.0194356 0.0371231 0.025646
9 0.209279 0.079034 0.0201395 0.0381554 0.0254869
2 0.0394421 0.371858 0.0788841 0.0439803 0.0251534
0 0.075451 0.297643 0.0183978 0.0414803 0.0248906
2 0.0367813 0.385292 0.0735626 0.0522972 0.0245094
0 0.874888 0.316737 0.0288754 0.0484017 0.0244931
1 0.734879 0.352212 0.0386513 0.0461518 0.0244907
0 0.0710166 0.654176 0.0262801 0.0669213 0.0244826
9 0.221064 0.193399 0.0110701 0.0248303 0.0243917
2 0.984581 0.339318 0.0300495 0.0428154 0.0242874
2 0.768151 0.305554 0.0348285 0.0429746 0.0241226
2 0.957357 0.668663 0.0842999 0.142263 0.0239201
0 0.724487 0.29656 0.0183424 0.0539801 0.0233884
9 0.348178 0.201596 0.0173421 0.039883 0.0232012
0 0.0769613 0.294733 0.0152915 0.0379052 0.0230094
0 0.433965 0.663445 0.0191071 0.0830604 0.022694
36 0.405445 0.85863 0.0875189 0.0563673 0.0225988
9 0.385245 0.210941 0.0154412 0.0206205 0.0225757
0 0.725067 0.296186 0.0178687 0.0540644 0.0224494
9 0.383356 0.0139655 0.0167426 0.027931 0.0224292
0 0.226735 0.341797 0.0175242 0.0281435 0.0220693
9 0.251556 0.0795182 0.0185634 0.0327979 0.0218382
0 0.0466563 0.262357 0.0102856 0.038073 0.021778
0 0.868892 0.281796 0.0119715 0.0302549 0.0212542
0 0.0702909 0.676516 0.031227 0.117767 0.0210616
0 0.212597 0.354476 0.0131902 0.026629 0.0199568
0 0.742692 0.314575 0.0276653 0.072465 0.0197307
2 0.041697 0.385081 0.0771038 0.0521381 0.0191892
0 0.24992 0.324979 0.0156098 0.0280212 0.0188077
9 0.338933 0.19053 0.021654 0.0212802 0.0187892
36 0.408013 0.855794 0.0943418 0.05247 0.0185922
0 0.873814 0.319194 0.0292179 0.0500265 0.0184017
12 0.0693894 0.655889 0.0282834 0.0617615 0.018311
2 0.0864561 0.366198 0.0731863 0.0400309 0.0183009
0 0.0692496 0.681428 0.0299027 0.108515 0.0181991
2 0.0920932 0.361448 0.0624039 0.0510716 0.0181043
0 0.752005 0.318865 0.0438894 0.0756831 0.0178637
2 0.984312 0.342181 0.0305103 0.0382106 0.0178535
0 0.0123513 0.778917 0.0247025 0.101497 0.0176612
36 0.35423 0.954506 0.0339161 0.0351444 0.0174865
0 0.822904 0.318998 0.0279949 0.0407885 0.0172417
2 0.986615 0.346227 0.0260529 0.0335432 0.0172344
2 0.889303 0.320329 0.0595491 0.0449193 0.0172048
2 0.907998 0.320858 0.0390347 0.0399745 0.0171107
0 0.931447 0.336489 0.0187366 0.0450508 0.0169735
0 0.6851 0.323469 0.0170979 0.0408171 0.0167166
0 0.13037 0.304504 0.0104881 0.0317546 0.0165435
0 0.822421 0.326294 0.0257395 0.0512278 0.0163177
1 0.741198 0.353927 0.0454916 0.0456205 0.0162891
0 0.826639 0.301769 0.0254471 0.0277871 0.0161094
0 0.01257 0.77915 0.0250817 0.102598 0.0161074
0 0.355228 0.869391 0.0357599 0.175188 0.0159712
0 0.0544871 0.314718 0.0106125 0.0284628 0.015755
0 0.434696 0.649586 0.0171143 0.0544722 0.0155356
1 0.736052 0.347006 0.022012 0.0365795 0.0154108
0 0.230828 0.342595 0.017732 0.0209637 0.0153768
0 0.0534974 0.313023 0.0108087 0.0302536 0.0152801
2 0.0110066 0.335909 0.0216973 0.0217568 0.0152107
2 0.910508 0.320336 0.0307411 0.0363225 0.0151652
0 0.0721389 0.243756 0.0113271 0.0324039 0.0150097
0 0.0126404 0.778867 0.0249888 0.105201 0.0148835
0 0.692188 0.322031 0.00989389 0.0257201 0.0148274
36 0.356052 0.94397 0.0378886 0.0549774 0.0148254
36 0.351548 0.954388 0.0285941 0.0339932 0.0144954
0 0.0125524 0.779737 0.0251047 0.102206 0.014451
2 0.039941 0.380444 0.079882 0.0403759 0.0143901
9 0.251353 0.0788287 0.0194052 0.0342112 0.0143618
0 0.847192 0.305224 0.0208866 0.0334356 0.0143196
0 0.0466832 0.311356 0.0103719 0.0306231 0.0140333
0 0.112213 0.341926 0.0252803 0.0361149 0.0139244
9 0.338948 0.190248 0.0220206 0.0225346 0.0138848
24 0.502215 0.804308 0.0404797 0.122 0.0138546
0 0.432957 0.678269 0.0217793 0.11208 0.0135638
1 0.774716 0.349798 0.0362162 0.0484377 0.0134338
9 0.724618 0.287158 0.016281 0.0385588 0.013325
2 0.870854 0.315828 0.0269829 0.0373534 0.0129827
0 0.86849 0.280197 0.0130165 0.035404 0.012898
0 0.492966 0.790994 0.0576542 0.144866 0.0125562
24 0.377869 0.863745 0.0238173 0.0303551 0.0124178
36 0.511136 0.887656 0.0985299 0.0492483 0.0123566
1 0.77824 0.348121 0.0246896 0.0481633 0.0123154
0 0.87372 0.32045 0.0286913 0.0511802 0.0122053
2 0.0188397 0.341767 0.0373585 0.0308136 0.0120869
9 0.385267 0.0173966 0.0212406 0.0340511 0.0120452
0 0.0473878 0.311728 0.0126752 0.0326795 0.011984
0 0.971687 0.346302 0.0183794 0.0366709 0.0119372
0 0.0117112 0.779948 0.0234224 0.106599 0.0118894
2 0.0164586 0.339072 0.0325869 0.0253029 0.011777
0 0.0121199 0.779479 0.0242398 0.104107 0.0117173
0 0.129317 0.301027 0.0112235 0.0343966 0.0117153
0 0.953775 0.30084 0.0136644 0.0214182 0.0116376
28 0.401091 0.858902 0.0786323 0.0454918 0.0115141
36 0.481591 0.887336 0.155585 0.0518913 0.011513
0 0.908351 0.320769 0.0225353 0.0350251 0.0115125
0 0.681365 0.307223 0.017268 0.0523232 0.0114464
12 0.0695803 0.658404 0.0287595 0.0572096 0.0112827
0 0.73331 0.304993 0.0202785 0.0632817 0.0112822
0 0.873864 0.322752 0.0284945 0.0537548 0.0110751
