2 0.284374 0.439508 0.118573 0.0880611 0.838828
2 0.12795 0.516256 0.151521 0.106521 0.830649
2 0.127753 0.516394 0.150954 0.106794 0.810905
2 0.128299 0.515731 0.151317 0.106849 0.810301
2 0.28474 0.439168 0.11749 0.0891818 0.795109
2 0.128874 0.516069 0.151426 0.106589 0.788254
2 0.128133 0.516589 0.149992 0.106573 0.786665
2 0.630253 0.197959 0.0634902 0.0411537 0.78639
5 0.726885 0.158305 0.149541 0.0879762 0.786274
5 0.725709 0.158602 0.152252 0.0876514 0.786249
2 0.127947 0.516226 0.151363 0.106409 0.785078
5 0.727456 0.158531 0.148181 0.0880288 0.783533
2 0.128055 0.516101 0.150913 0.106471 0.779746
2 0.591795 0.372646 0.0791332 0.0938028 0.776881
2 0.284949 0.439037 0.119873 0.0885257 0.766565
2 0.591775 0.372571 0.0791851 0.0940097 0.762254
5 0.725595 0.158849 0.152722 0.0878788 0.756207
2 0.591491 0.372745 0.0795764 0.0935058 0.75316
2 0.591561 0.372719 0.079417 0.0937339 0.749894
2 0.284855 0.439443 0.118417 0.0884216 0.745787
2 0.285128 0.439019 0.120218 0.089793 0.738104
2 0.592266 0.372749 0.0799458 0.0948922 0.731143
2 0.127888 0.515986 0.149733 0.106397 0.726753
2 0.695489 0.301824 0.0646216 0.06753 0.724339
2 0.695669 0.301991 0.0645821 0.0674697 0.723874
2 0.284775 0.439356 0.118071 0.0882492 0.720031
5 0.724807 0.158305 0.153098 0.0862977 0.717542
2 0.247824 0.397563 0.110576 0.0808084 0.716061
2 0.284699 0.439514 0.118608 0.088727 0.715465
2 0.695468 0.301657 0.0642372 0.0678868 0.713154
2 0.695507 0.301828 0.0643362 0.0675017 0.708431
2 0.284723 0.439527 0.118483 0.0876867 0.703727
2 0.0882383 0.469522 0.144904 0.11172 0.695312
2 0.246918 0.397369 0.108445 0.0807708 0.692518
2 0.818688 0.233427 0.0548716 0.0453535 0.692038
2 0.247032 0.39825 0.109453 0.0806369 0.68952
2 0.24691 0.397469 0.109095 0.0807707 0.684599
2 0.630402 0.197964 0.0645166 0.0415382 0.684164
2 0.247598 0.397106 0.109877 0.0799436 0.68075
5 0.724912 0.158497 0.15263 0.0860499 0.679884
2 0.591922 0.372572 0.0797045 0.0934902 0.678285
2 0.818614 0.233046 0.0550273 0.046064 0.675855
2 0.630301 0.198008 0.0636812 0.041869 0.675007
2 0.630377 0.198531 0.0633904 0.0409812 0.674524
2 0.0878443 0.469397 0.144354 0.112012 0.671736
2 0.591718 0.373073 0.0792758 0.093933 0.663092
2 0.59196 0.372646 0.0795111 0.0946596 0.662663
2 0.630183 0.198163 0.0629861 0.0405548 0.662223
2 0.087636 0.469695 0.143834 0.111926 0.660029
2 0.305011 0.212122 0.0658911 0.0413628 0.659807
2 0.0881954 0.470554 0.144591 0.111032 0.65886
2 0.522493 0.294252 0.0694763 0.059928 0.656512
2 0.818844 0.23252 0.0553421 0.046474 0.645743
2 0.592092 0.372677 0.0795587 0.0940014 0.644934
2 0.818735 0.232801 0.0554527 0.0459715 0.644407
2 0.909922 0.192032 0.0690912 0.0412554 0.644147
2 0.127756 0.516847 0.151579 0.105661 0.641063
2 0.0876999 0.469642 0.144921 0.113629 0.637609
5 0.725987 0.159366 0.151133 0.0889415 0.63519
2 0.305636 0.211893 0.065926 0.0408811 0.627833
5 0.728371 0.158409 0.146168 0.0875207 0.627104
2 0.246459 0.396916 0.107997 0.0813992 0.615695
5 0.728037 0.158265 0.146005 0.0874419 0.612287
2 0.695196 0.302047 0.0642115 0.067877 0.611377
2 0.0875673 0.470016 0.142994 0.112438 0.610699
2 0.0878029 0.469848 0.14526 0.112615 0.609015
2 0.695381 0.301973 0.0637983 0.0676493 0.605482
2 0.818516 0.233012 0.055357 0.0455924 0.603839
2 0.81818 0.232912 0.0544601 0.0464955 0.603145
2 0.08844 0.468844 0.145145 0.111123 0.598216
2 0.306342 0.211898 0.0655155 0.0400402 0.596229
2 0.90984 0.191997 0.0687473 0.0411754 0.596208
2 0.695551 0.302102 0.0640308 0.0683801 0.585512
2 0.248198 0.397604 0.110021 0.0823011 0.572575
2 0.909853 0.192178 0.0690704 0.0415128 0.57254
2 0.52261 0.294884 0.0710655 0.0604441 0.57213
2 0.247131 0.398289 0.109558 0.0813326 0.569469
2 0.909425 0.191256 0.0691944 0.0415214 0.562543
2 0.695009 0.302084 0.0638165 0.0669453 0.560777
2 0.304593 0.213115 0.0653795 0.0408452 0.558485
2 0.305178 0.212149 0.0653327 0.0407166 0.552966
2 0.392169 0.20088 0.0822187 0.0449453 0.550699
2 0.0883889 0.468976 0.144123 0.111899 0.540877
2 0.522909 0.294596 0.0696842 0.0586785 0.54077
2 0.305952 0.211847 0.0664889 0.0400119 0.529612
2 0.392998 0.200627 0.0806043 0.0445848 0.522169
2 0.90995 0.192263 0.0690544 0.0404315 0.515155
2 0.304796 0.211886 0.0660973 0.0416697 0.514272
2 0.91013 0.192793 0.0683605 0.0398996 0.511562
2 0.52276 0.294915 0.0697756 0.0598466 0.511246
2 0.578582 0.265665 0.0584847 0.0539651 0.510326
2 0.522511 0.294483 0.0700274 0.0598434 0.509057
2 0.630588 0.198147 0.0641807 0.041763 0.508417
2 0.52288 0.293972 0.0703509 0.0612826 0.507573
2 0.241592 0.397812 0.0978498 0.0804835 0.502562
2 0.909111 0.191333 0.067514 0.0423522 0.501008
2 0.630179 0.198597 0.0644365 0.0420203 0.498803
2 0.506191 0.198967 0.0700157 0.0380988 0.494334
2 0.579013 0.266079 0.0581093 0.0526497 0.493233
2 0.630182 0.198413 0.0638542 0.041375 0.490315
2 0.396567 0.297943 0.0633997 0.0562254 0.486761
2 0.578348 0.265823 0.0578065 0.0528496 0.486221
2 0.695554 0.302027 0.0641063 0.0671262 0.485905
2 0.391945 0.199449 0.0821801 0.0457529 0.481932
2 0.463435 0.326996 0.0782837 0.0811308 0.474787
2 0.393212 0.201055 0.0798744 0.045168 0.460436
2 0.81821 0.23271 0.0537951 0.0462479 0.457168
2 0.396085 0.201538 0.0737183 0.0441946 0.456264
2 0.695072 0.302271 0.0650188 0.0680858 0.454862
2 0.396078 0.299084 0.061283 0.0593836 0.454455
2 0.521964 0.294643 0.0714102 0.060684 0.453126
2 0.392312 0.199321 0.0818642 0.0474121 0.448428
2 0.818484 0.232847 0.0560061 0.0452802 0.447627
2 0.910164 0.192492 0.0702135 0.0402591 0.443611
9 0.621463 0.0529041 0.0121416 0.0178974 0.442621
2 0.463922 0.327148 0.0782024 0.0817094 0.437108
2 0.522954 0.294426 0.0693373 0.0598819 0.436509
2 0.391808 0.198167 0.0816562 0.0495391 0.433384
2 0.305403 0.211937 0.0665416 0.0408885 0.432719
2 0.578783 0.26607 0.0564363 0.0525356 0.418413
2 0.505541 0.199193 0.0686632 0.0380141 0.414579
2 0.380484 0.378305 0.0982063 0.0737618 0.410748
2 0.392425 0.198957 0.0822982 0.0462144 0.408818
2 0.504265 0.199176 0.0651662 0.0364232 0.40793
2 0.505421 0.198913 0.0675118 0.0379788 0.399657
2 0.463828 0.326287 0.0795853 0.0812657 0.399631
2 0.395921 0.299129 0.0615144 0.0607871 0.39742
2 0.729359 0.197224 0.0546905 0.0379353 0.394098
2 0.630033 0.19808 0.06588 0.0407032 0.393519
2 0.578301 0.266027 0.0581209 0.0527291 0.392065
2 0.395997 0.298934 0.0607924 0.059161 0.388995
2 0.505383 0.199301 0.0688456 0.0370537 0.387471
2 0.248214 0.39798 0.111859 0.0808094 0.382482
2 0.977513 0.317434 0.0442801 0.0905351 0.376968
2 0.504372 0.19916 0.0674816 0.0376262 0.376472
2 0.909567 0.191429 0.068413 0.0420028 0.37578
2 0.46347 0.326795 0.0794146 0.0823554 0.370293
2 0.590472 0.373016 0.0777057 0.0946484 0.369092
2 0.908497 0.190716 0.0667591 0.0391194 0.367812
2 0.818273 0.233403 0.0538729 0.0453388 0.36613
2 0.246588 0.399258 0.109035 0.0798555 0.364509
2 0.378874 0.366172 0.102094 0.100003 0.361357
2 0.578714 0.266165 0.0576023 0.0534466 0.358272
2 0.463265 0.326284 0.0785759 0.0821069 0.357024
2 0.521521 0.294768 0.0712395 0.0594812 0.354066
2 0.398563 0.298482 0.0673649 0.059528 0.347158
2 0.377447 0.362598 0.105309 0.108123 0.346811
2 0.977489 0.314465 0.0440384 0.0864081 0.344126
2 0.914357 0.193319 0.0594496 0.0390516 0.341961
2 0.382086 0.378926 0.0954906 0.0727064 0.341287
2 0.392111 0.200094 0.0816317 0.0466158 0.341121
2 0.61839 0.245546 0.0528082 0.0430804 0.340539
2 0.618466 0.244695 0.0532374 0.0438725 0.333433
2 0.395647 0.298923 0.0612577 0.0604483 0.328931
2 0.244652 0.397745 0.102963 0.0785018 0.325342
2 0.910731 0.193278 0.0667465 0.0384773 0.321788
9 0.604472 0.108503 0.0146005 0.0230634 0.317514
2 0.504816 0.199345 0.0681569 0.0364023 0.3168
2 0.977365 0.322187 0.0441671 0.101014 0.316312
2 0.578847 0.266146 0.0592489 0.0519018 0.31607
2 0.81112 0.206768 0.0507158 0.0387005 0.315127
2 0.522076 0.294992 0.0710285 0.0596956 0.310474
2 0.578552 0.266616 0.0580353 0.0526942 0.304489
2 0.396093 0.298676 0.0608038 0.0585887 0.303532
2 0.397335 0.298425 0.0637208 0.0577018 0.303014
2 0.977457 0.321664 0.0438206 0.0753102 0.301811
5 0.968542 0.235212 0.0617928 0.125595 0.295009
2 0.463127 0.327891 0.078306 0.0801247 0.293785
2 0.463251 0.327175 0.078195 0.0810367 0.291921
2 0.977686 0.31478 0.0439508 0.0915568 0.290337
2 0.376343 0.361209 0.105398 0.106998 0.290244
9 0.604341 0.109409 0.0153332 0.0224937 0.287028
2 0.395906 0.298196 0.0607803 0.0579008 0.284354
2 0.81398 0.206519 0.0576517 0.0398875 0.281226
2 0.97763 0.32282 0.0441761 0.100395 0.28035
2 0.377607 0.360812 0.103368 0.107853 0.275042
2 0.462783 0.327554 0.0789096 0.0817617 0.273675
5 0.969333 0.235115 0.0608562 0.125551 0.272267
2 0.817657 0.231949 0.0563461 0.0477678 0.269927
2 0.578178 0.265931 0.0588301 0.0530938 0.269577
2 0.977503 0.325156 0.0442101 0.0871815 0.268133
2 0.977001 0.31745 0.0453743 0.0959372 0.264753
5 0.72114 0.158794 0.145927 0.0861824 0.263314
5 0.968439 0.236129 0.0620716 0.126303 0.261683
2 0.380245 0.379365 0.0970235 0.0717431 0.26103
2 0.977671 0.32197 0.0440987 0.100947 0.259865
9 0.509063 0.0529438 0.0135723 0.0182098 0.258539
2 0.380552 0.37925 0.0969979 0.073838 0.257592
2 0.730138 0.197012 0.0515963 0.0373515 0.252472
2 0.364949 0.346885 0.0869416 0.0780527 0.241307
2 0.81347 0.207377 0.0560193 0.0407071 0.240827
2 0.619422 0.243939 0.050416 0.0441273 0.237431
2 0.814445 0.206166 0.0586544 0.0399794 0.235019
2 0.61786 0.245534 0.0528807 0.043274 0.232517
2 0.72991 0.197401 0.0517183 0.0375546 0.229505
2 0.371667 0.358881 0.0973272 0.100073 0.229068
2 0.618912 0.243883 0.0538267 0.0445245 0.225306
2 0.630135 0.197676 0.0653503 0.0414087 0.225016
33 0.841761 0.807947 0.031378 0.0407167 0.222001
2 0.728565 0.197756 0.0548429 0.039495 0.219613
2 0.505058 0.199378 0.0699183 0.0360823 0.216148
2 0.398721 0.202666 0.0696815 0.0418015 0.214899
2 0.259679 0.197214 0.0390426 0.0381515 0.214488
2 0.462992 0.32797 0.0784175 0.0784564 0.214295
2 0.813748 0.20669 0.0576338 0.0387219 0.20926
2 0.373798 0.360445 0.103676 0.105077 0.20728
33 0.841861 0.807784 0.0317102 0.0405159 0.202883
2 0.977854 0.323028 0.0437393 0.103757 0.202592
7 0.542338 0.176448 0.0560016 0.0462478 0.200524
7 0.542473 0.176405 0.0556543 0.0472497 0.199876
2 0.504177 0.199712 0.0672029 0.0372508 0.199327
5 0.969553 0.237711 0.0604061 0.129627 0.186939
2 0.259888 0.197774 0.0395448 0.0379732 0.185967
2 0.729149 0.197516 0.053709 0.037892 0.185274
2 0.381516 0.378023 0.0955089 0.0735397 0.185203
2 0.38061 0.378338 0.0964832 0.0735747 0.184041
2 0.616915 0.246061 0.0496095 0.0416872 0.183631
33 0.841801 0.807943 0.0313847 0.0407673 0.182736
2 0.577722 0.26565 0.0581678 0.0537414 0.181904
2 0.52226 0.294684 0.0674464 0.0605492 0.18172
2 0.6302 0.19764 0.0637246 0.0404922 0.180329
2 0.502757 0.198565 0.0617926 0.0386761 0.180301
2 0.541327 0.176781 0.0556345 0.045591 0.178221
5 0.730702 0.158171 0.140876 0.0848741 0.17344
2 0.506679 0.198458 0.0729063 0.0399319 0.172937
2 0.391834 0.198556 0.0830054 0.0477239 0.171528
2 0.259921 0.197955 0.0383033 0.0375762 0.168796
2 0.391848 0.199295 0.0827274 0.0483047 0.167233
2 0.505411 0.199263 0.071134 0.0356511 0.16603
5 0.97 0.234368 0.0595518 0.125164 0.165642
5 0.968947 0.234599 0.0612999 0.124893 0.165564
2 0.504612 0.263442 0.0771307 0.0512911 0.164533
2 0.08112 0.471981 0.131461 0.0969523 0.160548
2 0.382066 0.379407 0.0940087 0.0734302 0.159355
2 0.619993 0.24417 0.0495005 0.0435669 0.15854
2 0.366713 0.347508 0.0893234 0.0791133 0.158338
2 0.502566 0.199062 0.0622905 0.0384589 0.157497
0 0.24286 0.235906 0.0141903 0.0409039 0.156843
2 0.376854 0.362426 0.105455 0.107532 0.156226
2 0.457232 0.262057 0.0592735 0.0457896 0.156203
2 0.397838 0.203778 0.0703671 0.0395909 0.15582
2 0.462777 0.328557 0.0771173 0.0777717 0.155812
2 0.462141 0.156889 0.0223351 0.0245553 0.154901
2 0.618404 0.244488 0.0530388 0.0453688 0.154892
33 0.841961 0.807806 0.0313465 0.0405704 0.153077
2 0.542511 0.176169 0.0556324 0.0452335 0.152906
2 0.54044 0.177204 0.0578012 0.049189 0.151859
2 0.618343 0.244812 0.0536047 0.0433602 0.149567
2 0.977368 0.319246 0.0443237 0.105594 0.14835
33 0.842092 0.807978 0.0325092 0.0416409 0.148154
2 0.375472 0.360842 0.103143 0.107398 0.147462
2 0.909838 0.191946 0.0695885 0.0412628 0.146422
2 0.221167 0.20396 0.054192 0.0431783 0.146377
0 0.759708 0.186376 0.016176 0.0279644 0.14239
0 0.24197 0.235447 0.0167546 0.0412121 0.141377
2 0.1917 0.216764 0.0465751 0.036684 0.13794
2 0.25966 0.19741 0.038876 0.0388069 0.134359
2 0.395893 0.298229 0.0607663 0.059149 0.133631
5 0.730752 0.157868 0.141104 0.0858311 0.132981
2 0.12711 0.217092 0.0389403 0.0322651 0.131912
2 0.509097 0.262336 0.0662182 0.0496506 0.131848
2 0.398435 0.155017 0.0240762 0.0258677 0.13035
2 0.246896 0.398404 0.107671 0.0801858 0.129938
2 0.224374 0.205053 0.0506295 0.0400257 0.12954
2 0.620211 0.243909 0.0518485 0.0447896 0.12906
2 0.160874 0.204177 0.0450317 0.0413821 0.128145
2 0.396577 0.202618 0.0728636 0.0419924 0.127736
2 0.401103 0.299206 0.0698869 0.0596313 0.127563
2 0.619362 0.244923 0.0531866 0.041065 0.12752
33 0.842565 0.808084 0.0328217 0.0416011 0.127322
2 0.0453002 0.208207 0.0538681 0.0251326 0.126403
2 0.34018 0.19303 0.0409529 0.0359446 0.12614
2 0.0632401 0.96846 0.115664 0.0619072 0.124775
2 0.977259 0.323822 0.0443869 0.102868 0.122558
2 0.976797 0.31555 0.0456867 0.0958916 0.122335
7 0.969952 0.272849 0.0596617 0.203966 0.121681
2 0.537214 0.190012 0.0493305 0.0346794 0.12082
2 0.357423 0.348541 0.0711109 0.0772546 0.120484
9 0.906239 0.0860171 0.0120226 0.0300138 0.120461
7 0.542538 0.176396 0.0546597 0.0453412 0.120055
2 0.694847 0.301655 0.0631989 0.0673052 0.119947
2 0.340936 0.192976 0.0395389 0.0381836 0.11954
2 0.258551 0.195303 0.0414765 0.0373431 0.118678
2 0.258825 0.194957 0.0396441 0.0395343 0.118416
5 0.718816 0.162153 0.119807 0.0926417 0.117917
0 0.759771 0.187291 0.0146387 0.0259932 0.116764
2 0.0623616 0.968435 0.11387 0.0618824 0.115555
2 0.508473 0.262491 0.0682567 0.0504907 0.115149
2 0.462311 0.156454 0.0222387 0.0258855 0.114704
2 0.126708 0.21669 0.0408995 0.0330138 0.113153
2 0.162744 0.204559 0.0384867 0.0381217 0.111933
2 0.80433 0.207124 0.0367733 0.0363673 0.111208
2 0.726168 0.197796 0.062191 0.0382416 0.109584
2 0.457012 0.261321 0.0583081 0.0450354 0.108667
2 0.30088 0.209086 0.0584385 0.0455008 0.108013
2 0.458008 0.262631 0.0555834 0.0462908 0.107331
2 0.455913 0.259929 0.0598598 0.0422616 0.10712
2 0.161351 0.203797 0.044266 0.0406903 0.106268
2 0.159946 0.203489 0.0452069 0.0400487 0.106205
2 0.126732 0.216828 0.0384259 0.0310531 0.105639
