2 0.286746 0.649225 0.129701 0.0992184 0.810503
2 0.286507 0.649471 0.129682 0.0995846 0.790805
2 0.287098 0.649324 0.129229 0.099639 0.757367
2 0.287068 0.649514 0.129292 0.0998909 0.74895
2 0.286599 0.649596 0.129743 0.0998222 0.741212
2 0.286805 0.648958 0.130391 0.0986055 0.733056
2 0.286865 0.648962 0.130384 0.0992294 0.71441
2 0.2867 0.64953 0.129799 0.0993469 0.693189
2 0.287202 0.649424 0.129021 0.100109 0.688421
2 0.850909 0.526398 0.0705004 0.0453466 0.63505
2 0.850951 0.52695 0.0702137 0.0442181 0.623436
0 0.363729 0.504543 0.0223179 0.0733511 0.6032
0 0.363368 0.504318 0.0231235 0.0733474 0.593569
2 0.851512 0.525755 0.070755 0.0465167 0.583812
2 0.85142 0.527385 0.0715647 0.0429189 0.578906
2 0.851129 0.52613 0.0704636 0.045894 0.573516
0 0.363772 0.504508 0.0230285 0.0730562 0.567795
0 0.36402 0.504925 0.0218372 0.0747011 0.551405
0 0.363641 0.504237 0.0224084 0.0735966 0.543655
2 0.851148 0.526513 0.0701611 0.045483 0.538231
2 0.850446 0.528137 0.0693337 0.0424822 0.513948
9 0.173301 0.429036 0.0145109 0.0306458 0.510107
0 0.196171 0.523774 0.0194306 0.0671127 0.482923
2 0.85109 0.525009 0.0702839 0.0488936 0.475508
0 0.196195 0.524957 0.0199992 0.0685432 0.464568
0 0.196148 0.525072 0.0204187 0.0694459 0.464518
0 0.617305 0.491957 0.0322511 0.0592944 0.459182
2 0.269779 0.5013 0.0965513 0.0734433 0.455575
0 0.196248 0.524315 0.0192756 0.0674986 0.453195
0 0.619484 0.491003 0.0253491 0.0564432 0.45148
0 0.364021 0.504392 0.021762 0.0730522 0.442071
0 0.363233 0.504295 0.0224578 0.0718012 0.43857
2 0.269576 0.501357 0.0969693 0.0738163 0.436228
1 0.616382 0.502048 0.0320059 0.0434746 0.419621
2 0.269359 0.501384 0.0976096 0.0729036 0.414581
2 0.269528 0.501415 0.0974052 0.0737153 0.387865
0 0.363852 0.504374 0.0224694 0.0727457 0.383227
0 0.178476 0.514129 0.0241535 0.0772866 0.382062
0 0.178068 0.517101 0.0245067 0.0759975 0.373663
0 0.363116 0.502247 0.0222569 0.0676283 0.362338
1 0.615668 0.507362 0.0309475 0.0331577 0.358387
2 0.268149 0.500536 0.0988679 0.0730432 0.353276
0 0.6183 0.492181 0.0310371 0.0609577 0.343616
9 0.173418 0.428972 0.01404 0.030189 0.338675
2 0.851263 0.524217 0.0707191 0.0508239 0.328845
0 0.618521 0.4927 0.0311757 0.0573502 0.319335
0 0.364253 0.500982 0.0221384 0.0665495 0.312298
2 0.270412 0.501723 0.0981119 0.0727877 0.29709
0 0.363816 0.504502 0.0222067 0.0738611 0.296915
2 0.269271 0.501467 0.0986786 0.0745865 0.276227
0 0.178497 0.511412 0.0245734 0.0793409 0.261436
2 0.851021 0.525879 0.0697109 0.0459852 0.257941
2 0.270339 0.501688 0.0984135 0.0735865 0.248604
0 0.616928 0.492885 0.0330034 0.0602236 0.238874
0 0.620574 0.491317 0.0268013 0.0560862 0.23563
0 0.177313 0.514314 0.0245204 0.0711777 0.231338
0 0.363907 0.505801 0.0199209 0.0715944 0.220855
0 0.616676 0.49297 0.0326652 0.0599422 0.212275
2 0.268336 0.500429 0.0995392 0.0736481 0.21164
1 0.61745 0.503867 0.0340547 0.0394785 0.209291
0 0.196271 0.520268 0.0198363 0.0620022 0.207981
0 0.177924 0.509628 0.0260953 0.0760714 0.203561
0 0.177043 0.518947 0.0238824 0.0656342 0.199856
0 0.620088 0.487811 0.0244722 0.05312 0.191101
2 0.850663 0.528368 0.0691055 0.0421225 0.188066
9 0.173119 0.429833 0.0157648 0.0320101 0.171025
0 0.239194 0.520362 0.0202074 0.0658439 0.170174
0 0.0116923 0.529275 0.0232255 0.039552 0.167623
2 0.813863 0.70203 0.0239618 0.019483 0.167544
0 0.239186 0.523817 0.0188939 0.0573518 0.166188
0 0.0132881 0.529477 0.0225016 0.0424595 0.163689
0 0.0131235 0.529496 0.0223904 0.0397902 0.161345
2 0.272291 0.50082 0.0908083 0.0730069 0.159946
0 0.0128436 0.528896 0.0235608 0.0420659 0.146987
1 0.616166 0.496755 0.0320015 0.0525876 0.142782
0 0.0118813 0.529822 0.0229625 0.0386427 0.136977
0 0.191056 0.521608 0.0299963 0.0752915 0.136154
0 0.0133634 0.530107 0.0218375 0.0389513 0.130733
0 0.0133724 0.529938 0.0214161 0.0389171 0.130189
0 0.227503 0.508315 0.016268 0.0435027 0.128948
0 0.227333 0.510819 0.0154898 0.0408323 0.128131
0 0.197373 0.525452 0.0220279 0.0683738 0.128007
0 0.195545 0.526238 0.0211736 0.0676221 0.127426
0 0.617936 0.494627 0.0323367 0.0583302 0.123339
0 0.183126 0.521627 0.0332525 0.0705944 0.120468
0 0.188593 0.518825 0.0346621 0.0781386 0.120215
2 0.851296 0.523325 0.0704109 0.0499582 0.111248
0 0.197082 0.524706 0.0221792 0.069042 0.108443
0 0.617477 0.493734 0.0335418 0.0578345 0.108181
0 0.178571 0.508206 0.0218599 0.0733812 0.106385
0 0.226646 0.508392 0.0179475 0.0425392 0.105218
0 0.444369 0.472635 0.0124897 0.0327334 0.0993994
0 0.179364 0.52275 0.0277655 0.0622121 0.0967027
2 0.700422 0.769777 0.0228054 0.0224728 0.0958257
0 0.240162 0.515013 0.0168367 0.0614719 0.0928597
0 0.0120734 0.529662 0.022927 0.0396649 0.0914162
2 0.850335 0.52872 0.0684811 0.0397615 0.0894534
9 0.173831 0.429294 0.0166106 0.0315756 0.0874525
2 0.398809 0.480129 0.0221192 0.0334122 0.0873169
2 0.850379 0.684878 0.0222507 0.0204185 0.0844516
2 0.813123 0.702687 0.0252754 0.019577 0.0834693
0 0.616086 0.488468 0.0243322 0.0594509 0.0776769
0 0.620545 0.488485 0.0264214 0.052364 0.0754706
0 0.23585 0.530385 0.0240665 0.0395849 0.0691129
0 0.234822 0.521064 0.0245106 0.0585454 0.0670553
0 0.177285 0.508672 0.0232355 0.0729536 0.0666376
0 0.23955 0.528315 0.0156306 0.0478764 0.0662725
0 0.187663 0.514135 0.0365123 0.0848246 0.0661586
0 0.197187 0.524547 0.0211465 0.067754 0.0648692
2 0.849817 0.686155 0.0222668 0.0191029 0.0632855
0 0.225984 0.509908 0.016968 0.0393419 0.0624928
2 0.397715 0.479219 0.0192062 0.0302124 0.0570979
2 0.850048 0.685288 0.0222458 0.0200302 0.0570187
9 0.360527 0.416017 0.0113614 0.0170553 0.0538638
2 0.267946 0.501168 0.0999147 0.0742933 0.0537213
2 0.880775 0.666557 0.0174528 0.0165886 0.0534278
2 0.699791 0.768943 0.0246445 0.0218159 0.0533641
2 0.398312 0.480855 0.0221769 0.033031 0.0522902
2 0.287135 0.649276 0.129729 0.0992662 0.0500829
2 0.780509 0.724433 0.0233522 0.0205364 0.0499658
2 0.39775 0.481282 0.0240637 0.0332055 0.0492132
0 0.228159 0.506696 0.02103 0.0444443 0.0491884
0 0.444371 0.470222 0.0126059 0.0301914 0.0487975
2 0.397881 0.480397 0.0206421 0.0321127 0.0478276
0 0.930882 0.407676 0.0148666 0.0273943 0.0457712
0 0.501702 0.493028 0.0199539 0.045178 0.045419
2 0.652712 0.794364 0.0215649 0.0217572 0.0451927
0 0.498799 0.491757 0.0200336 0.0444931 0.0451773
0 0.609873 0.488497 0.0217993 0.0610497 0.0442611
2 0.914858 0.653364 0.0188942 0.0167032 0.0441768
0 0.500681 0.491433 0.0217197 0.0460358 0.0438539
9 0.173894 0.429516 0.0163466 0.0314049 0.0426303
2 0.813775 0.701117 0.0252625 0.0216763 0.041399
9 0.553247 0.446775 0.0123509 0.0278578 0.0400366
2 0.286307 0.648773 0.12941 0.0992668 0.0400029
2 0.270651 0.505215 0.0985541 0.074962 0.0399003
0 0.229163 0.504063 0.0186116 0.040382 0.0396174
0 0.495039 0.491051 0.0134693 0.0422617 0.0394357
2 0.81271 0.709736 0.0306042 0.0324926 0.039153
2 0.397485 0.481609 0.024001 0.0338675 0.037223
2 0.849437 0.686869 0.0218628 0.0187363 0.0362652
0 0.532771 0.476318 0.0113464 0.0415366 0.0358956
2 0.110102 0.506337 0.0514174 0.0352415 0.0354339
2 0.10744 0.503697 0.0562464 0.0400338 0.0351065
0 0.930809 0.407966 0.0166866 0.028077 0.0342226
0 0.501107 0.493272 0.0218942 0.0446835 0.0341922
0 0.235394 0.506498 0.0241074 0.0501773 0.0330234
1 0.187278 0.53503 0.0360804 0.0490775 0.0330125
2 0.114612 0.507499 0.0415726 0.0328541 0.0328775
2 0.781312 0.723674 0.0220513 0.0198169 0.032332
2 0.113901 0.505756 0.0420726 0.0346144 0.0321401
2 0.417992 0.944767 0.0273088 0.0211287 0.0316373
2 0.340235 0.492639 0.0251513 0.0334678 0.0313348
0 0.53132 0.475572 0.0146018 0.0431305 0.0306214
0 0.197408 0.514678 0.0207301 0.0482443 0.0298308
2 0.115843 0.506791 0.0383987 0.0332987 0.0297685
0 0.44327 0.488552 0.0121576 0.0612023 0.0291499
2 0.702862 0.770797 0.0325125 0.0250685 0.0289242
2 0.109783 0.507531 0.0512298 0.0343002 0.0284726
2 0.925325 0.646843 0.0340153 0.027776 0.0274214
2 0.280855 0.47864 0.0639751 0.0306429 0.02705
0 0.367557 0.494591 0.0157709 0.0558071 0.0268418
9 0.171927 0.429413 0.0213814 0.0326354 0.0263806
2 0.546052 0.860371 0.0266819 0.019297 0.0257444
2 0.746116 0.746118 0.0268366 0.0221525 0.0256748
2 0.545832 0.860845 0.0270191 0.0192934 0.0256609
0 0.178807 0.49277 0.0179852 0.0433914 0.0255583
2 0.846766 0.498904 0.0449551 0.0264091 0.0244642
0 0.236639 0.524802 0.0213958 0.0554157 0.0243098
9 0.173986 0.429681 0.0173275 0.0331482 0.0241875
0 0.587151 0.477047 0.0150466 0.0378612 0.0241585
2 0.93946 0.63965 0.024931 0.0229822 0.0241126
9 0.358961 0.420199 0.00976181 0.0262703 0.0236894
2 0.103157 0.504361 0.0656388 0.0404214 0.0236269
9 0.367487 0.394987 0.0234914 0.0308821 0.0233488
0 0.501656 0.493188 0.0215084 0.0435707 0.0227476
2 0.931679 0.643784 0.0343735 0.0296791 0.0225516
2 0.991188 0.611125 0.0168533 0.0234812 0.0224985
2 0.277994 0.477203 0.0608207 0.0271342 0.0223131
2 0.702707 0.770542 0.0338562 0.0258043 0.0222077
0 0.363369 0.508839 0.0196519 0.0651506 0.0220655
2 0.748438 0.747972 0.0305033 0.0283638 0.0219108
0 0.602423 0.475977 0.0157619 0.0401426 0.0216699
2 0.0996983 0.502682 0.0737345 0.0441124 0.0209843
0 0.932695 0.408002 0.0163994 0.0251987 0.0209264
2 0.894708 0.662872 0.0440781 0.0269661 0.020626
9 0.405831 0.402137 0.00805044 0.0286442 0.0205878
2 0.790189 0.720431 0.0391787 0.028821 0.020551
2 0.890649 0.664601 0.0374569 0.0253719 0.0204005
0 0.653297 0.789727 0.0218576 0.0297257 0.0202675
2 0.105088 0.504573 0.0624701 0.0390684 0.0199711
2 0.97156 0.535318 0.0464893 0.0233364 0.0195427
2 0.99259 0.609384 0.0139675 0.0219166 0.0194691
2 0.286973 0.479201 0.0554186 0.0284526 0.0188616
2 0.339215 0.491637 0.0229809 0.0327482 0.0187387
2 0.603782 0.825122 0.024123 0.020048 0.0183854
2 0.101142 0.501056 0.0702889 0.0437277 0.0180102
0 0.443245 0.489462 0.0124365 0.0610786 0.0179725
2 0.787271 0.724075 0.0366068 0.0274989 0.017963
2 0.848609 0.498816 0.0461834 0.0262962 0.0179202
0 0.197348 0.53088 0.0220644 0.0586431 0.017428
2 0.545931 0.861092 0.0261017 0.0192379 0.0174122
2 0.104446 0.506944 0.0625635 0.0375458 0.0170671
2 0.971137 0.534779 0.0452677 0.0226691 0.0170011
2 0.925827 0.648466 0.0358803 0.0247746 0.0169319
9 0.412573 0.395208 0.0106609 0.0253897 0.0167664
2 0.546277 0.8609 0.0255962 0.0190273 0.016705
0 0.564746 0.490312 0.0325621 0.0813437 0.0165889
2 0.971442 0.534747 0.0463913 0.0220528 0.0164474
2 0.651192 0.793682 0.0246876 0.0236885 0.016305
2 0.862602 0.679332 0.0476212 0.0322259 0.0155272
2 0.944301 0.637056 0.0233551 0.0211369 0.0151138
2 0.813579 0.701014 0.0249954 0.0225719 0.0151023
2 0.484792 0.899432 0.0272556 0.0217369 0.0150003
2 0.895686 0.661936 0.0463249 0.0283813 0.0148644
2 0.751153 0.749314 0.0305914 0.0290246 0.0148479
0 0.0127709 0.523561 0.0253854 0.0518414 0.0148153
2 0.985117 0.613403 0.0286018 0.0278467 0.0145255
2 0.136335 0.506232 0.0648959 0.0376617 0.0142366
2 0.798942 0.714966 0.0499495 0.035669 0.014234
2 0.123737 0.508202 0.0267071 0.0323938 0.0141331
2 0.858333 0.680805 0.0344099 0.035043 0.0141043
2 0.122453 0.507825 0.0258686 0.0330225 0.0140401
0 0.930227 0.406256 0.0170706 0.0293237 0.0139467
2 0.79901 0.711443 0.048512 0.0349886 0.0139435
2 0.145864 0.507877 0.0434382 0.0352631 0.013793
2 0.911005 0.656976 0.0205582 0.0191603 0.0137322
0 0.305114 0.4827 0.0240436 0.0267549 0.013677
0 0.53357 0.478845 0.0117971 0.0359659 0.0136119
2 0.310701 0.48954 0.027518 0.0351351 0.0135378
2 0.814827 0.70855 0.0290638 0.0308485 0.0134852
2 0.973448 0.534565 0.0516027 0.027498 0.0134654
2 0.730028 0.754143 0.064959 0.0402353 0.0134241
2 0.278246 0.476717 0.0615692 0.0262889 0.0133834
2 0.485676 0.899864 0.025293 0.0204063 0.0133534
2 0.864295 0.678609 0.0481812 0.0325079 0.01326
2 0.564865 0.403001 0.0877115 0.0382223 0.0131531
2 0.746209 0.747617 0.0317979 0.0258055 0.0131039
9 0.545374 0.444864 0.0251814 0.0296157 0.0126912
2 0.146399 0.508968 0.0411834 0.0353062 0.0126769
9 0.800373 0.0691867 0.057196 0.137724 0.0123855
2 0.0533588 0.365212 0.0442106 0.0276124 0.0123671
7 0.267932 0.50047 0.101687 0.0730055 0.0123385
0 0.566383 0.490464 0.036767 0.0824556 0.0123261
2 0.865171 0.675324 0.0518745 0.0364435 0.0122283
2 0.887145 0.664383 0.031214 0.0223888 0.0119332
2 0.973446 0.534368 0.0504719 0.0253569 0.0116583
9 0.555491 0.448861 0.0101072 0.0276033 0.0115683
2 0.416597 0.944513 0.0308108 0.0228569 0.0113929
2 0.0514123 0.366153 0.0463503 0.0300578 0.0113357
6 0.496972 0.776599 0.985325 0.446803 0.0113218
2 0.794999 0.719277 0.0479519 0.0406443 0.0113068
2 0.230398 0.497277 0.0213366 0.0385818 0.011268
2 0.964308 0.625207 0.0279772 0.021442 0.0112371
9 0.800311 0.0703457 0.0568771 0.139917 0.0111424
2 0.277485 0.501437 0.0815906 0.0727472 0.0110313
9 0.412546 0.406621 0.0119755 0.0392917 0.0106641
2 0.706795 0.77044 0.0366549 0.0253439 0.0104127
2 0.706626 0.770455 0.040417 0.0280016 0.0103826
6 0.499242 0.772473 0.98831 0.455055 0.0103747
2 0.9702 0.622025 0.0306061 0.0219401 0.0102951
2 0.971339 0.535408 0.0461435 0.0226693 0.0102244
9 0.404225 0.400765 0.00984163 0.0303832 0.0102048
7 0.268994 0.50232 0.0997923 0.0764669 0.0100742
2 0.709699 0.769287 0.0381052 0.0368427 0.0100042
2 0.850665 0.514961 0.0715963 0.0681552 0.0099582
6 0.501845 0.785015 0.989032 0.429969 0.00973666
0 0.3973 0.490538 0.0203545 0.0499724 0.0096887
0 0.361259 0.499589 0.0204958 0.0690258 0.00955269
2 0.155425 0.508969 0.0253573 0.0319185 0.0094834
9 0.146615 0.380537 0.00948205 0.0147295 0.00946104
2 0.98577 0.611326 0.0275013 0.0282286 0.0094156
10 0.821268 0.469772 0.0117767 0.0313507 0.0093986
9 0.801161 0.0713568 0.0563977 0.142052 0.00920588
9 0.414616 0.40469 0.0122931 0.0339891 0.00914416
0 0.0563448 0.491459 0.0160204 0.0299038 0.00911343
13 0.613377 0.626037 0.0667292 0.0600769 0.00908189
9 0.800568 0.0697529 0.0565624 0.139402 0.00906807
13 0.61318 0.626407 0.0664095 0.0618391 0.00878325
2 0.0625585 0.781347 0.0579524 0.0227467 0.00866013
2 0.0614984 0.779646 0.0581998 0.0206144 0.00860724
13 0.613219 0.626961 0.06489 0.0619457 0.00849681
2 0.743174 0.746928 0.0332111 0.0239081 0.00847684
2 0.845912 0.499701 0.0513639 0.0275892 0.0083717
9 0.359396 0.42168 0.010658 0.0296618 0.00833873
6 0.502974 0.784699 0.992011 0.430601 0.00831511
2 0.791683 0.717585 0.0469288 0.0370138 0.00831102
2 0.956408 0.629859 0.0323061 0.0217838 0.00827344
2 0.310294 0.489755 0.0286537 0.0340151 0.00820041
2 0.753341 0.753016 0.034718 0.0425523 0.00809086
9 0.547608 0.438538 0.0251213 0.0405043 0.00799169
0 0.651403 0.789614 0.025811 0.0312325 0.00795147
0 0.192347 0.508179 0.0207313 0.0723489 0.00793315
2 0.824975 0.698146 0.0470642 0.0306395 0.00770923
0 0.0100142 0.523286 0.0198752 0.0520212 0.0076302
0 0.198181 0.509842 0.0204619 0.0410991 0.00753098
9 0.359109 0.419159 0.0103368 0.028516 0.00748486
2 0.785004 0.726433 0.0315684 0.0359586 0.00734483
9 0.370103 0.39401 0.02597 0.0232321 0.00733812
2 0.0595904 0.781441 0.0526 0.0154041 0.00729577
