2 0.230758 0.503874 0.171429 0.0944159 0.853707
2 0.231015 0.504242 0.171367 0.0950247 0.846834
2 0.231085 0.504421 0.171122 0.0939028 0.844111
2 0.230935 0.504318 0.171923 0.0941599 0.831282
2 0.230788 0.504812 0.172104 0.0949876 0.829356
2 0.231041 0.504807 0.171178 0.0936831 0.826055
2 0.230967 0.504062 0.17139 0.0940727 0.824081
2 0.230434 0.504732 0.172101 0.0948416 0.822868
2 0.31571 0.31869 0.0833073 0.0602985 0.812975
2 0.230466 0.5047 0.170924 0.0938923 0.8013
2 0.31644 0.31823 0.0830689 0.0600684 0.798941
2 0.218886 0.339008 0.0917566 0.0559314 0.790011
2 0.316322 0.318176 0.0833265 0.0598947 0.788796
2 0.315785 0.318731 0.0830457 0.0606588 0.787277
2 0.217731 0.339243 0.0929867 0.0561759 0.784541
2 0.218378 0.339072 0.0934001 0.0556211 0.764166
2 0.230897 0.503719 0.171796 0.0948998 0.759369
2 0.0461001 0.350907 0.0907307 0.0600079 0.752792
2 0.316399 0.318313 0.0825898 0.0600893 0.75145
2 0.217725 0.339093 0.0936831 0.0563124 0.738797
2 0.0453071 0.350835 0.0901818 0.0599781 0.738157
2 0.316329 0.318143 0.0829197 0.0597035 0.734909
2 0.0242476 0.520519 0.0484951 0.252258 0.732795
2 0.0456633 0.350693 0.0911314 0.0605176 0.723689
2 0.0458051 0.350732 0.09025 0.0601466 0.722662
2 0.0465596 0.350803 0.0931192 0.0600188 0.716225
2 0.21822 0.339378 0.0930218 0.0565744 0.71356
2 0.0463674 0.350842 0.0922735 0.0593941 0.712929
2 0.316416 0.317845 0.0822431 0.0603769 0.702453
2 0.483497 0.332376 0.106149 0.0664219 0.696638
2 0.483454 0.333584 0.10686 0.0654915 0.692069
2 0.0469416 0.351104 0.0919069 0.0590108 0.690782
2 0.218793 0.339514 0.0933878 0.056731 0.667094
2 0.84681 0.398936 0.117474 0.0753225 0.661898
2 0.48323 0.331291 0.107443 0.0680128 0.661035
2 0.0238536 0.52278 0.0476544 0.246413 0.648727
2 0.0237199 0.522097 0.0473802 0.248379 0.645527
2 0.450399 0.3586 0.0965747 0.046825 0.640127
2 0.846865 0.398884 0.118065 0.0745002 0.635887
2 0.0236287 0.5252 0.0470949 0.246519 0.631721
2 0.483561 0.33193 0.106917 0.0668831 0.630573
2 0.450554 0.359415 0.0974919 0.0474535 0.628491
2 0.0236732 0.523641 0.0472432 0.24735 0.626537
2 0.846873 0.398547 0.118211 0.0751878 0.626386
2 0.218844 0.339042 0.0930758 0.0554129 0.626177
2 0.483022 0.332543 0.107835 0.0656775 0.624692
2 0.846746 0.398988 0.117792 0.0745508 0.623835
2 0.847036 0.398864 0.1184 0.0748591 0.621877
2 0.0235474 0.52436 0.0469633 0.247689 0.618944
2 0.0238393 0.523155 0.0475446 0.247085 0.616876
2 0.315018 0.318167 0.0845047 0.0603957 0.610656
2 0.847025 0.398784 0.117728 0.0754408 0.586814
2 0.846928 0.399261 0.118258 0.0761475 0.571825
2 0.449768 0.356511 0.0959673 0.0441753 0.556489
2 0.0945606 0.908351 0.189121 0.18234 0.552708
2 0.0243201 0.520328 0.0486401 0.25411 0.551827
2 0.217864 0.339115 0.0933636 0.0554754 0.535816
2 0.0458388 0.351316 0.0916775 0.0590068 0.528079
2 0.84668 0.399376 0.118062 0.075379 0.518969
2 0.450076 0.359726 0.0982708 0.0474861 0.508902
2 0.804838 0.291625 0.0481779 0.0664761 0.495766
2 0.450561 0.359504 0.0983873 0.0468254 0.487171
2 0.0236143 0.526332 0.0470798 0.247116 0.485449
2 0.804849 0.290438 0.0482262 0.0669115 0.473943
2 0.0941812 0.90688 0.188304 0.185344 0.451099
2 0.094289 0.906888 0.188578 0.18536 0.436818
2 0.804664 0.291701 0.0485512 0.0646054 0.435575
2 0.0941682 0.906856 0.188336 0.185468 0.433535
2 0.481041 0.333455 0.108787 0.0697544 0.424018
2 0.315473 0.318306 0.0830407 0.0619621 0.409824
2 0.0943653 0.907401 0.188155 0.184375 0.404588
2 0.805116 0.290663 0.0485669 0.0672045 0.399522
2 0.80484 0.291618 0.0488571 0.0647263 0.392464
2 0.089734 0.330795 0.0605026 0.0435458 0.37805
2 0.089494 0.332971 0.0585999 0.0469519 0.377454
2 0.449726 0.359289 0.0971087 0.0471691 0.367174
2 0.0942074 0.906253 0.188379 0.185464 0.361047
2 0.449622 0.35955 0.0962978 0.0470402 0.350522
2 0.0241485 0.524592 0.0482407 0.24814 0.346843
2 0.483698 0.339094 0.105978 0.0552493 0.339336
2 0.804285 0.293974 0.0495537 0.0584068 0.338863
2 0.0943943 0.906825 0.188025 0.185488 0.334651
2 0.449841 0.359713 0.0969139 0.0467536 0.326608
2 0.804783 0.297384 0.0490526 0.0537951 0.324747
2 0.483799 0.337806 0.105422 0.057275 0.31481
2 0.0938338 0.905615 0.187271 0.186921 0.314426
2 0.0903809 0.335121 0.0555493 0.0489598 0.30497
2 0.833503 0.269297 0.0421848 0.0265409 0.290534
2 0.804957 0.290295 0.0485268 0.0682167 0.279251
2 0.0912214 0.334052 0.0580657 0.0469738 0.258746
2 0.477828 0.333339 0.117707 0.0734004 0.254587
2 0.261784 0.774032 0.523047 0.173926 0.250846
2 0.804746 0.290721 0.0494339 0.0674213 0.249559
2 0.847186 0.396903 0.118904 0.0781925 0.248523
2 0.834807 0.268978 0.0467854 0.0275663 0.24081
2 0.0935713 0.906289 0.187143 0.185209 0.23391
0 0.12427 0.651577 0.047175 0.121238 0.232235
2 0.804834 0.297767 0.0486938 0.0529247 0.231178
0 0.124217 0.651784 0.0466918 0.122962 0.228701
0 0.743774 0.307942 0.0190922 0.0420974 0.224788
0 0.743912 0.309564 0.0211323 0.044989 0.224596
2 0.0894739 0.328917 0.0604451 0.0394599 0.223701
2 0.0892704 0.330833 0.0590854 0.0453512 0.219719
2 0.0881678 0.334514 0.0555315 0.0500816 0.212566
2 0.17443 0.324845 0.0350564 0.0462782 0.212079
2 0.804493 0.29019 0.0476782 0.063981 0.208394
0 0.124157 0.652041 0.0462896 0.122303 0.208289
2 0.834027 0.269313 0.0419241 0.0244044 0.206188
2 0.0892236 0.332239 0.060368 0.0430799 0.205437
2 0.177368 0.324207 0.0409914 0.0481731 0.20206
0 0.124328 0.651745 0.0465796 0.121744 0.201173
2 0.0883103 0.331652 0.0566305 0.0478126 0.200983
2 0.175847 0.32429 0.0385006 0.0465418 0.198384
2 0.175815 0.324048 0.0383952 0.0468631 0.194626
2 0.263115 0.77158 0.52578 0.182575 0.194163
2 0.804691 0.297731 0.0488522 0.0515591 0.191974
2 0.0443211 0.350549 0.0864863 0.0592954 0.188261
2 0.490598 0.338686 0.0907049 0.0533521 0.187905
2 0.261724 0.773171 0.522323 0.174701 0.187862
2 0.486738 0.339422 0.0994362 0.05349 0.186631
2 0.0847888 0.337115 0.0455976 0.046653 0.182403
2 0.177795 0.324965 0.0426076 0.0463727 0.177318
2 0.0882599 0.332551 0.0601334 0.0405249 0.17663
2 0.473441 0.335547 0.127546 0.070466 0.170743
2 0.834428 0.271759 0.0444878 0.0320129 0.169207
2 0.48378 0.333171 0.107402 0.0683146 0.167333
2 0.261648 0.774532 0.522953 0.169884 0.161572
2 0.171909 0.325372 0.0297916 0.0443459 0.153405
2 0.26341 0.769523 0.52329 0.184062 0.151928
2 0.263656 0.770634 0.524944 0.195299 0.150891
0 0.124559 0.652235 0.0504229 0.123876 0.150765
0 0.124767 0.652261 0.0489681 0.122761 0.149781
2 0.0853924 0.332186 0.0612411 0.0473461 0.149543
7 0.262009 0.772638 0.523673 0.173985 0.14842
7 0.262083 0.774066 0.524165 0.166246 0.144428
0 0.744342 0.311761 0.02188 0.0484583 0.143484
2 0.835241 0.271191 0.0444515 0.0302443 0.140405
7 0.265026 0.775744 0.530052 0.167019 0.136377
0 0.121087 0.64979 0.0411027 0.11755 0.134559
0 0.12542 0.652043 0.048828 0.121927 0.128409
2 0.184153 0.323414 0.0556218 0.0496623 0.124859
2 0.0240324 0.521623 0.0480081 0.251288 0.119977
2 0.0853493 0.337041 0.0517271 0.0489855 0.115786
2 0.449443 0.35717 0.0953948 0.0424334 0.108431
2 0.0887535 0.32997 0.0629562 0.0449822 0.107294
0 0.743413 0.312686 0.024087 0.0507559 0.104703
2 0.08778 0.330717 0.0621693 0.0458798 0.104076
2 0.449664 0.363127 0.0965889 0.0598981 0.100555
2 0.173196 0.32528 0.0327443 0.0450124 0.0964398
2 0.480272 0.323261 0.0976236 0.04913 0.0963973
9 0.0904619 0.196237 0.01731 0.0275921 0.0955373
2 0.904377 0.254463 0.0228577 0.0170893 0.0935861
2 0.0132228 0.328341 0.0263642 0.035498 0.0915805
2 0.0136769 0.330901 0.0271959 0.0310495 0.091327
28 0.0940261 0.915453 0.187466 0.16863 0.0895816
0 0.121282 0.650308 0.0394744 0.115693 0.0881321
2 0.482227 0.32174 0.104565 0.0471444 0.0848206
2 0.0874888 0.341069 0.0449992 0.0414022 0.0846429
0 0.753242 0.310608 0.0161323 0.0377172 0.0842906
2 0.845334 0.39919 0.11253 0.0742666 0.0835973
2 0.83404 0.269573 0.043265 0.0288715 0.0803234
7 0.262711 0.764435 0.522476 0.193591 0.0791606
0 0.735914 0.306784 0.0182656 0.0411255 0.0766383
2 0.497466 0.339804 0.0777914 0.0527525 0.07605
28 0.0942037 0.922779 0.186954 0.153838 0.0745454
2 0.854398 0.254697 0.03377 0.0214757 0.0741216
2 0.22036 0.339168 0.0953976 0.0563318 0.0740556
2 0.265126 0.777734 0.530253 0.172241 0.074036
2 0.187473 0.326494 0.0521242 0.0463819 0.0730483
0 0.125902 0.651928 0.0493392 0.12131 0.07279
0 0.734078 0.300827 0.0141665 0.0325081 0.0726404
2 0.843967 0.400653 0.123753 0.0732298 0.0719224
2 0.469584 0.318627 0.0762474 0.0401407 0.068807
7 0.265404 0.773811 0.530809 0.164874 0.0683846
2 0.17624 0.324451 0.0391567 0.0468761 0.068128
2 0.476548 0.320629 0.0908333 0.0438517 0.0680382
0 0.747429 0.309287 0.025606 0.0415891 0.0655725
2 0.804638 0.287577 0.0462418 0.0686764 0.0639355
2 0.804815 0.300316 0.0491734 0.0495947 0.06151
0 0.742203 0.312164 0.0238369 0.0495654 0.0614035
2 0.315055 0.318288 0.0837124 0.0606792 0.0606418
2 0.0136612 0.325224 0.0272666 0.0405956 0.0592902
2 0.450351 0.359414 0.0957562 0.0466761 0.0588869
2 0.0139554 0.324049 0.0279108 0.0435691 0.0588534
2 0.475617 0.319398 0.0884909 0.0424294 0.0587116
0 0.755851 0.311654 0.0167526 0.0372061 0.0563667
2 0.479446 0.335 0.113136 0.065373 0.0562041
2 0.473983 0.335245 0.12459 0.06895 0.0555671
0 0.122896 0.666555 0.0421878 0.0908834 0.0548259
2 0.472477 0.318524 0.0829284 0.0398256 0.0545543
0 0.122937 0.653531 0.04421 0.116943 0.0544808
2 0.0232993 0.527488 0.0464322 0.242153 0.0539456
9 0.0413942 0.211216 0.00998979 0.025952 0.0536239
2 0.843216 0.263327 0.0583115 0.0317158 0.0518725
2 0.894723 0.255262 0.0422966 0.019329 0.0514218
9 0.199591 0.0467966 0.0228436 0.0390495 0.0509855
0 0.737111 0.311958 0.0207352 0.0472915 0.0487436
0 0.48205 0.722031 0.0309512 0.143302 0.0482858
2 0.091883 0.338406 0.0558956 0.0425107 0.0474754
0 0.11981 0.648835 0.0365285 0.114969 0.0466863
2 0.454767 0.353085 0.107233 0.0408249 0.0463896
2 0.872885 0.280904 0.0301252 0.0475507 0.0462506
2 0.871864 0.279998 0.0294689 0.0455441 0.0460976
2 0.10654 0.331967 0.0289118 0.0396253 0.0459998
2 0.0239119 0.525609 0.047771 0.250195 0.0451543
0 0.120517 0.649082 0.0413108 0.116916 0.0437384
2 0.199378 0.31796 0.0236678 0.0393523 0.0429341
9 0.0358948 0.225549 0.0142686 0.0350817 0.0419219
2 0.17321 0.324684 0.0361694 0.0453492 0.0413902
0 0.481713 0.728796 0.0274145 0.137729 0.0412156
9 0.19997 0.0481167 0.0207635 0.036719 0.041076
0 0.43179 0.616825 0.0151203 0.0626373 0.0409556
9 0.200796 0.03979 0.0277151 0.0563343 0.0389949
0 0.48246 0.714638 0.0306894 0.123021 0.0383489
0 0.772023 0.313714 0.0239347 0.0309093 0.0381894
9 0.0388081 0.218498 0.0138705 0.0361504 0.0373333
0 0.124504 0.663553 0.0437979 0.103013 0.0370794
2 0.866285 0.282731 0.0443993 0.0527082 0.0364884
9 0.0908353 0.195425 0.0192833 0.0289282 0.0363403
2 0.805005 0.289492 0.04821 0.0689939 0.0363173
2 0.471069 0.319937 0.0818256 0.0421733 0.036006
0 0.168489 0.208039 0.0123552 0.0306704 0.0358777
9 0.200017 0.0458692 0.0241151 0.0420786 0.0358571
2 0.218793 0.339588 0.0940433 0.055964 0.0356884
9 0.131085 0.235252 0.0122933 0.0321218 0.0344221
9 0.485972 0.677819 0.0252295 0.0467266 0.0334795
0 0.122381 0.652341 0.0441726 0.116378 0.0333463
2 0.834513 0.268077 0.0468294 0.0304849 0.0330614
0 0.731932 0.28307 0.0147907 0.0422856 0.0329818
0 0.738962 0.302056 0.0217669 0.0401177 0.032925
2 0.891457 0.279793 0.0737686 0.048206 0.0321818
2 0.0942523 0.925041 0.188066 0.14898 0.0319295
2 0.981768 0.284479 0.035885 0.0599424 0.0317572
0 0.482777 0.680639 0.0319541 0.0525244 0.0314773
2 0.168901 0.324625 0.0247249 0.0467408 0.0310358
0 0.482349 0.722614 0.0309722 0.14283 0.0310133
2 0.0944231 0.334742 0.0531471 0.0439014 0.030934
2 0.453345 0.350765 0.0880792 0.031525 0.0308569
2 0.264865 0.773391 0.522775 0.208521 0.0307609
0 0.483475 0.710019 0.0288647 0.114222 0.0306979
2 0.905207 0.252041 0.0227425 0.0204251 0.0305706
2 0.0141007 0.322436 0.0282014 0.0417891 0.0304576
2 0.229981 0.504958 0.171013 0.0940681 0.0301375
2 0.0942442 0.926888 0.187555 0.145327 0.0299593
2 0.264768 0.771123 0.520211 0.196482 0.0299038
2 0.855298 0.272596 0.0606403 0.0403609 0.0285488
2 0.992226 0.266534 0.0147726 0.0297503 0.0284195
0 0.742179 0.315101 0.0220415 0.0520322 0.0269024
0 0.125479 0.673335 0.0411839 0.0837059 0.0265073
2 0.890949 0.277571 0.0689846 0.0445482 0.0264649
2 0.844456 0.399345 0.112529 0.0715985 0.0262687
9 0.0892697 0.194668 0.0200221 0.0327543 0.0260228
2 0.871246 0.27908 0.0303558 0.0446135 0.0260211
2 0.863749 0.2794 0.0471107 0.049117 0.0259929
0 0.245674 0.294883 0.0132466 0.0266336 0.0258943
0 0.73673 0.313756 0.0199147 0.0480659 0.0258506
0 0.482057 0.720877 0.0331982 0.133879 0.0257659
2 0.880092 0.280955 0.0575157 0.0498502 0.024843
2 0.864686 0.28543 0.0456795 0.0525206 0.0244534
0 0.481258 0.735212 0.0247149 0.125865 0.0243961
2 0.854898 0.250052 0.0315632 0.0183005 0.0238054
2 0.0491259 0.34783 0.0982517 0.0613119 0.0237502
9 0.0897252 0.193746 0.0197093 0.0331521 0.0237164
0 0.120606 0.64869 0.0358347 0.114429 0.0234652
2 0.467104 0.316742 0.0700925 0.0370631 0.0231394
9 0.0364209 0.22225 0.0153131 0.0371925 0.0230144
2 0.493283 0.339756 0.0863857 0.0523596 0.0229869
2 0.91101 0.277446 0.0889481 0.0422245 0.0229425
2 0.873203 0.27727 0.0331112 0.0425935 0.0226932
9 0.432205 0.611328 0.0152397 0.0486601 0.0226424
2 0.329866 0.303572 0.0550019 0.0326439 0.0224998
9 0.485857 0.678725 0.0250568 0.0479719 0.0222716
2 0.482875 0.325839 0.105674 0.0557172 0.0220921
0 0.485087 0.678793 0.0262315 0.0481321 0.0219789
28 0.0936277 0.928398 0.187255 0.142658 0.0216574
9 0.432069 0.612587 0.0152594 0.0521395 0.0215137
0 0.169079 0.208701 0.0140084 0.0304908 0.0214745
2 0.979827 0.28365 0.039543 0.0643674 0.0211719
9 0.199997 0.0454798 0.0235806 0.0425214 0.0210969
24 0.0937285 0.908185 0.187457 0.18161 0.020831
0 0.431856 0.616468 0.0152207 0.0598077 0.0207988
2 0.316021 0.318031 0.0830094 0.0612254 0.0207081
0 0.481023 0.72364 0.033293 0.139806 0.0206338
2 0.0129433 0.311549 0.0257418 0.0305586 0.0206146
9 0.131021 0.234484 0.011736 0.0304187 0.0204689
0 0.771914 0.314922 0.0246888 0.0311099 0.0203181
0 0.732506 0.275663 0.0165743 0.0467297 0.0202587
2 0.0111042 0.305221 0.0221716 0.0247652 0.0200451
2 0.983489 0.280871 0.032383 0.058116 0.0198696
9 0.332649 0.157793 0.021471 0.0261464 0.0198514
0 0.483934 0.678468 0.0297768 0.0466606 0.0197288
2 0.773753 0.317477 0.0239575 0.0268913 0.019542
2 0.847299 0.400847 0.116572 0.0786751 0.0194915
2 0.83341 0.267483 0.0444735 0.0297483 0.0192862
0 0.483654 0.731039 0.0286732 0.135061 0.0192215
2 0.881278 0.280886 0.067621 0.0469677 0.0190842
0 0.163341 0.207941 0.0135995 0.0279011 0.0189914
9 0.459014 0.0252406 0.102459 0.0504811 0.0189747
2 0.871645 0.27675 0.0293316 0.0397938 0.0187869
2 0.80832 0.301551 0.0412302 0.048302 0.0186445
