5 0.704583 0.308409 0.254449 0.268833 0.918307
5 0.704157 0.308497 0.254738 0.267355 0.916545
5 0.704346 0.30861 0.255692 0.267921 0.91287
5 0.70405 0.308371 0.255065 0.268193 0.907045
5 0.704107 0.309281 0.255323 0.268588 0.892588
5 0.703556 0.308746 0.255001 0.267877 0.888105
5 0.703465 0.308203 0.254193 0.267694 0.887689
5 0.704222 0.308134 0.254357 0.267719 0.887488
5 0.704386 0.308149 0.256233 0.267997 0.884337
2 0.368599 0.328891 0.0900094 0.0941286 0.859546
2 0.368108 0.328773 0.0902431 0.0931725 0.852961
5 0.388314 0.161041 0.228924 0.166206 0.84958
5 0.703224 0.308465 0.254776 0.267046 0.8388
2 0.368344 0.329395 0.0908521 0.0951592 0.826539
5 0.388683 0.160729 0.228609 0.165259 0.826368
2 0.368195 0.329113 0.0905101 0.094832 0.825887
2 0.368598 0.329481 0.0894181 0.0952929 0.825552
2 0.368348 0.329063 0.0894038 0.0945898 0.824226
5 0.388341 0.160757 0.22951 0.167851 0.81628
5 0.388703 0.159903 0.229316 0.168555 0.813586
2 0.368223 0.328604 0.0900841 0.0942547 0.809714
5 0.388544 0.160298 0.229618 0.167496 0.804335
2 0.854232 0.288082 0.0869804 0.095817 0.80275
5 0.579558 0.0845283 0.0448076 0.0835769 0.800994
2 0.854351 0.287813 0.0875582 0.0946494 0.793382
2 0.551118 0.382646 0.110221 0.10706 0.783715
2 0.368724 0.329223 0.0899075 0.0953585 0.783369
2 0.381356 0.248841 0.0803548 0.0799328 0.774996
2 0.85408 0.287782 0.0869144 0.0950682 0.772829
2 0.368514 0.329259 0.0904284 0.0941631 0.77256
2 0.381807 0.249073 0.0800069 0.0812059 0.76384
2 0.550943 0.383232 0.109358 0.108217 0.763349
2 0.904349 0.758645 0.189011 0.209731 0.757726
2 0.381265 0.249364 0.0802959 0.0796749 0.754386
5 0.388353 0.160766 0.229999 0.165804 0.749286
2 0.550955 0.382872 0.110182 0.107817 0.749022
2 0.904241 0.757852 0.188717 0.210563 0.746592
5 0.388556 0.160584 0.228916 0.165629 0.744443
2 0.854177 0.287797 0.0875204 0.0970524 0.744322
2 0.90394 0.759062 0.18933 0.208287 0.740251
2 0.853981 0.288021 0.0876291 0.0955624 0.739248
2 0.854303 0.287746 0.0882565 0.0945881 0.736343
2 0.904207 0.758624 0.188924 0.209152 0.734849
2 0.854169 0.287823 0.0864059 0.096263 0.733171
2 0.904336 0.758539 0.188808 0.209174 0.727383
2 0.38148 0.249845 0.0802464 0.0819998 0.72628
2 0.38132 0.249061 0.0808954 0.0802648 0.725567
2 0.854325 0.287808 0.0873032 0.0946259 0.723668
2 0.904041 0.759577 0.189497 0.208914 0.72327
2 0.903904 0.758421 0.18929 0.209275 0.712775
2 0.550829 0.382873 0.109393 0.107617 0.711945
2 0.381364 0.24901 0.0814896 0.0809252 0.710716
2 0.454904 0.420533 0.102687 0.121274 0.709592
2 0.550762 0.382753 0.109454 0.107847 0.701879
2 0.853725 0.288023 0.0874371 0.095538 0.698025
2 0.189145 0.209605 0.0652054 0.0692709 0.697451
5 0.579218 0.0846697 0.0444014 0.0838782 0.697255
5 0.388489 0.161051 0.229441 0.16628 0.689165
2 0.381249 0.250439 0.0805741 0.0828541 0.68838
2 0.55088 0.382708 0.109573 0.107179 0.68556
2 0.90492 0.758903 0.188807 0.209558 0.683644
2 0.381354 0.24924 0.0799248 0.0787567 0.68275
2 0.454695 0.420624 0.102936 0.121362 0.675569
2 0.18988 0.210062 0.066308 0.0686865 0.67538
2 0.716726 0.551739 0.141115 0.146358 0.669799
2 0.18959 0.209622 0.064388 0.0697153 0.660922
2 0.550969 0.382778 0.109512 0.107487 0.660071
2 0.454776 0.420871 0.103 0.120837 0.659122
2 0.904676 0.759076 0.189537 0.209393 0.65849
2 0.189586 0.209497 0.0647444 0.0701572 0.654485
2 0.636727 0.651021 0.144726 0.172683 0.651318
2 0.637174 0.651605 0.144222 0.171699 0.646926
5 0.579375 0.0852634 0.045187 0.0845514 0.641325
5 0.190228 0.129243 0.146353 0.147043 0.63938
2 0.454621 0.420687 0.103045 0.121633 0.638102
0 0.254756 0.488356 0.0488744 0.102546 0.637207
2 0.550825 0.383161 0.109962 0.107997 0.636731
2 0.454739 0.420725 0.103064 0.121028 0.635911
5 0.189486 0.129738 0.148049 0.148297 0.631392
2 0.71698 0.55176 0.140847 0.146255 0.629361
2 0.454701 0.420597 0.104023 0.120476 0.618285
2 0.550848 0.383007 0.109701 0.108353 0.617079
2 0.454798 0.420058 0.102295 0.122055 0.608226
2 0.189648 0.210084 0.065517 0.0688271 0.607376
2 0.454686 0.420844 0.10313 0.121348 0.604057
2 0.637561 0.651646 0.144346 0.17226 0.602083
5 0.579737 0.0840479 0.046299 0.0844372 0.600455
2 0.717134 0.552088 0.140951 0.146933 0.595457
2 0.381497 0.248788 0.080719 0.0788131 0.594598
2 0.550959 0.382932 0.109388 0.108384 0.585646
2 0.189573 0.209525 0.0650988 0.0689277 0.585463
5 0.191228 0.129751 0.14293 0.148974 0.581986
3 0.067498 0.418149 0.0588491 0.0674657 0.580792
0 0.255254 0.488522 0.049296 0.105064 0.580769
0 0.256151 0.486844 0.0512643 0.100346 0.579342
2 0.189102 0.209713 0.0650609 0.0693302 0.576879
2 0.381525 0.24895 0.0799409 0.0778352 0.575613
2 0.613216 0.156356 0.0441999 0.0476964 0.575467
2 0.637465 0.651133 0.144797 0.1729 0.572413
0 0.255053 0.487616 0.0483834 0.101926 0.56683
5 0.189445 0.129787 0.146418 0.149562 0.566703
2 0.716949 0.551668 0.140209 0.146032 0.566301
5 0.3886 0.161746 0.229263 0.168552 0.557989
2 0.903913 0.759204 0.191023 0.209776 0.557951
0 0.0636626 0.387081 0.0299793 0.0877723 0.556791
5 0.5793 0.0842958 0.0449739 0.0844254 0.555596
2 0.724329 0.194272 0.0622854 0.0551541 0.554935
2 0.637366 0.652372 0.143559 0.16997 0.551682
0 0.063218 0.387421 0.0292481 0.0882804 0.548173
2 0.189703 0.210552 0.0658011 0.0691563 0.54484
2 0.613229 0.156776 0.0441482 0.0477801 0.543076
5 0.190204 0.129731 0.145938 0.148495 0.542758
2 0.716762 0.551655 0.140253 0.146023 0.542047
3 0.147591 0.428601 0.0550144 0.0656417 0.538862
5 0.579052 0.0845577 0.04501 0.0837765 0.536292
2 0.723698 0.193966 0.0622597 0.0544829 0.535994
3 0.0675498 0.419875 0.0608195 0.0641632 0.531014
3 0.0672337 0.420421 0.0605408 0.0652778 0.530445
3 0.259228 0.512807 0.0627146 0.0708139 0.523774
2 0.637678 0.651613 0.144836 0.172098 0.510597
0 0.0628578 0.386043 0.028777 0.0856965 0.508028
5 0.190144 0.128349 0.147597 0.144385 0.507195
0 0.0633927 0.385898 0.029693 0.0854308 0.50358
0 0.0638809 0.380775 0.0303794 0.0744431 0.503217
2 0.613794 0.156349 0.0447855 0.0475102 0.501897
2 0.637501 0.651484 0.144841 0.172137 0.501523
2 0.95393 0.434631 0.0912588 0.144447 0.499351
2 0.716744 0.551559 0.142197 0.14554 0.498384
5 0.190831 0.129426 0.143035 0.149904 0.497436
3 0.147216 0.428218 0.054768 0.0664455 0.491121
2 0.954003 0.436382 0.0910831 0.143163 0.488869
0 0.0508536 0.218153 0.0244538 0.0636516 0.488524
5 0.579916 0.0843703 0.046554 0.083414 0.486525
2 0.61296 0.156328 0.0441491 0.0477566 0.471399
0 0.25459 0.487359 0.050752 0.10325 0.471042
2 0.613557 0.156608 0.0445381 0.0480415 0.46952
2 0.716978 0.55178 0.1405 0.146345 0.467753
2 0.723978 0.193627 0.0620424 0.0544296 0.466239
2 0.854547 0.286766 0.0889162 0.0936987 0.46577
2 0.723577 0.194151 0.0622053 0.0545581 0.465646
2 0.962838 0.352874 0.0736023 0.0619267 0.460028
2 0.9541 0.434284 0.0909515 0.14528 0.455524
0 0.25603 0.486498 0.049308 0.0992006 0.455005
0 0.254315 0.487688 0.0469401 0.102382 0.454145
3 0.258725 0.515602 0.0628329 0.0717033 0.452437
2 0.45456 0.420945 0.103478 0.120704 0.45181
2 0.716469 0.551711 0.141108 0.145771 0.450302
2 0.95412 0.433715 0.0912603 0.145969 0.447553
3 0.0676058 0.420345 0.0587793 0.0689641 0.446667
3 0.013043 0.28124 0.0260489 0.0448447 0.445839
0 0.258109 0.487377 0.0439219 0.100981 0.44402
0 0.150413 0.393429 0.0327357 0.077309 0.443414
2 0.637341 0.652079 0.144078 0.171195 0.442164
2 0.954151 0.434432 0.091255 0.143874 0.437488
0 0.150434 0.392522 0.0342091 0.0770133 0.430917
2 0.962409 0.352441 0.0742138 0.0625789 0.430618
0 0.0629642 0.386438 0.03307 0.0855681 0.429727
0 0.149635 0.394181 0.0323431 0.0787417 0.427521
3 0.147565 0.424584 0.0549665 0.0662743 0.42358
5 0.648642 0.125134 0.0496568 0.0545135 0.419856
2 0.724117 0.194652 0.0629297 0.054256 0.419464
2 0.454938 0.420975 0.1032 0.120986 0.418468
0 0.147761 0.397228 0.0320856 0.0849762 0.417951
0 0.0509417 0.216912 0.0228831 0.0623189 0.417244
0 0.545913 0.226583 0.0240768 0.0791626 0.416615
2 0.954178 0.436585 0.0907713 0.141863 0.415947
2 0.288586 0.253465 0.0961726 0.11279 0.414974
3 0.258108 0.515368 0.0628025 0.0722324 0.410551
0 0.254348 0.490112 0.0476408 0.107535 0.407573
0 0.546703 0.228951 0.0256521 0.0856491 0.406973
2 0.953839 0.435534 0.0913948 0.14265 0.406765
3 0.0670191 0.417021 0.0600595 0.0638148 0.404736
0 0.0512654 0.217316 0.0243232 0.0616084 0.403394
2 0.369264 0.328355 0.0899285 0.093616 0.402183
3 0.0131184 0.273903 0.0260965 0.0582558 0.396847
5 0.189525 0.12889 0.147144 0.142558 0.394951
2 0.00897437 0.157848 0.0177378 0.0660479 0.392675
0 0.254902 0.486865 0.048966 0.100786 0.392531
2 0.962478 0.353121 0.0740162 0.0624158 0.388411
2 0.953724 0.436503 0.091538 0.141271 0.387864
2 0.954136 0.433924 0.0912813 0.145505 0.387733
3 0.147969 0.426547 0.0537456 0.0644713 0.386946
2 0.288504 0.253286 0.0964712 0.112382 0.386338
1 0.0672446 0.422771 0.058903 0.0657102 0.384759
0 0.0652897 0.385737 0.0332434 0.0861085 0.384631
5 0.192876 0.130449 0.140659 0.148176 0.383989
2 0.00852088 0.157342 0.0170418 0.0661556 0.383583
0 0.150698 0.395134 0.0314658 0.0816212 0.377891
3 0.25709 0.511695 0.0584183 0.0707438 0.376874
0 0.0512244 0.215089 0.0230738 0.0569958 0.373083
2 0.00899923 0.15752 0.0177699 0.066193 0.368155
5 0.441836 0.176694 0.120366 0.139739 0.367836
2 0.288416 0.253398 0.095856 0.11195 0.366383
0 0.0629074 0.384505 0.0292228 0.0845012 0.366217
2 0.637302 0.649834 0.145083 0.172781 0.364205
2 0.637521 0.65218 0.14458 0.170618 0.364134
2 0.962386 0.352755 0.0746899 0.0637785 0.36396
2 0.716679 0.551327 0.140269 0.146404 0.361505
0 0.150182 0.394619 0.032795 0.0817416 0.361025
2 0.288277 0.253428 0.0959651 0.111348 0.359426
0 0.546965 0.217786 0.0231072 0.0791149 0.35631
2 0.725805 0.19464 0.0587069 0.0538494 0.356156
5 0.647144 0.125119 0.0509357 0.0549049 0.35418
2 0.962194 0.353303 0.0750496 0.0635555 0.3498
0 0.263048 0.485718 0.0346756 0.0972679 0.341357
2 0.962462 0.353435 0.0737644 0.0618304 0.338107
0 0.150774 0.394876 0.0321409 0.0824483 0.337279
3 0.0669748 0.421147 0.0583918 0.0670978 0.333792
0 0.0627494 0.378524 0.0291888 0.0706382 0.323337
2 0.613415 0.156203 0.0451387 0.0468072 0.322402
3 0.00856894 0.575279 0.0171127 0.077071 0.320708
2 0.454811 0.420737 0.103608 0.12124 0.320503
2 0.68263 0.14953 0.0438032 0.0564318 0.319801
0 0.0511553 0.21925 0.0246433 0.0658796 0.319551
3 0.256838 0.515843 0.0554542 0.0693125 0.314652
5 0.441809 0.176184 0.122499 0.140142 0.312802
2 0.613027 0.156516 0.0446924 0.0470852 0.306451
2 0.724946 0.194613 0.0593834 0.0534099 0.303015
2 0.288816 0.253709 0.0960757 0.112337 0.302074
0 0.151839 0.392439 0.0323315 0.0766087 0.301039
5 0.442037 0.175763 0.122527 0.138623 0.292121
2 0.612855 0.156422 0.044451 0.0490843 0.291651
5 0.579237 0.0827815 0.044962 0.0819311 0.291312
2 0.189397 0.21095 0.0656674 0.0683036 0.290879
2 0.954494 0.415091 0.090382 0.185322 0.290541
5 0.441762 0.176455 0.122533 0.139649 0.288323
3 0.0125287 0.28177 0.0249481 0.0440086 0.287244
0 0.54715 0.222489 0.0263896 0.0714274 0.284049
3 0.148081 0.426034 0.0587748 0.0648677 0.283859
2 0.166394 0.171028 0.0845189 0.042507 0.281289
2 0.00876221 0.158078 0.0175244 0.068082 0.278717
2 0.00873591 0.159086 0.0172547 0.0702433 0.269646
2 0.954161 0.41534 0.0904549 0.184477 0.269596
0 0.546928 0.227698 0.0277849 0.0844189 0.265573
2 0.288711 0.254009 0.0967647 0.113168 0.264521
0 0.150296 0.392223 0.0292627 0.0770257 0.262043
3 0.0132955 0.267288 0.0265911 0.0695143 0.259075
3 0.256977 0.514569 0.0540332 0.0718426 0.258687
3 0.0679311 0.421637 0.0581463 0.060953 0.257387
2 0.776437 0.229903 0.0663473 0.0606815 0.257148
0 0.0511121 0.20961 0.0223619 0.0472126 0.251913
2 0.95436 0.417293 0.0907738 0.17786 0.250422
3 0.052269 0.234099 0.0206033 0.0383451 0.250389
0 0.151677 0.395785 0.0352446 0.0814928 0.248836
5 0.579614 0.0843564 0.045499 0.0835053 0.24598
2 0.00875167 0.157839 0.0175033 0.0656131 0.245873
2 0.723605 0.194329 0.062846 0.0541697 0.243949
3 0.144049 0.430491 0.0472232 0.0637347 0.241817
0 0.0506011 0.207849 0.0217946 0.0449928 0.241455
2 0.166202 0.171459 0.0823716 0.041764 0.24057
3 0.00883487 0.573313 0.0176697 0.0750298 0.236928
2 0.954658 0.414075 0.0902309 0.185696 0.231075
0 0.0164715 0.520955 0.0329037 0.0860947 0.231005
3 0.010808 0.569776 0.021614 0.0867843 0.229626
2 0.716426 0.551279 0.141171 0.147093 0.229146
0 0.260427 0.487759 0.0396474 0.102589 0.227813
2 0.479963 0.0881212 0.0335919 0.0466501 0.227584
5 0.648183 0.125501 0.0492445 0.0552711 0.226752
2 0.683323 0.149631 0.0431789 0.0561661 0.22664
2 0.683235 0.149977 0.0444654 0.0535082 0.225862
3 0.14734 0.427983 0.0581078 0.0654232 0.222737
2 0.683432 0.149025 0.0415654 0.0561203 0.222683
0 0.546703 0.223055 0.0268943 0.0987985 0.2193
3 0.0129698 0.271012 0.025929 0.0636982 0.218772
3 0.00810653 0.583492 0.0160952 0.0660027 0.218211
3 0.0107994 0.572993 0.0215047 0.0852726 0.217797
5 0.441623 0.176068 0.123114 0.139527 0.21611
5 0.647533 0.12512 0.0503369 0.0550736 0.215847
2 0.723701 0.194447 0.0649023 0.0554345 0.21507
2 0.681663 0.149374 0.0454086 0.0552919 0.210541
2 0.288661 0.248723 0.0969413 0.102487 0.209706
2 0.288952 0.253983 0.0965106 0.112163 0.209622
2 0.289244 0.254741 0.0968059 0.112664 0.209313
3 0.0092503 0.571172 0.0184387 0.0884333 0.201771
3 0.009101 0.576272 0.0180929 0.0874484 0.194781
5 0.441881 0.176243 0.12164 0.139906 0.194519
2 0.96151 0.354616 0.0714794 0.0592692 0.192535
3 0.0681131 0.420288 0.058899 0.0661918 0.192343
2 0.777678 0.229066 0.066243 0.0618701 0.191337
3 0.0092517 0.571888 0.0184499 0.0803395 0.190335
3 0.143981 0.431137 0.0461901 0.0637783 0.188395
2 0.162972 0.171542 0.0762222 0.0414862 0.187824
3 0.253647 0.518423 0.0474753 0.0629016 0.187348
3 0.0136521 0.26838 0.0272719 0.0683722 0.183862
0 0.546897 0.206605 0.0220701 0.0851229 0.183767
2 0.0084999 0.154037 0.0168165 0.0593176 0.183425
2 0.775983 0.230432 0.0651985 0.0626275 0.182826
0 0.546609 0.223588 0.0264034 0.101487 0.182728
2 0.612421 0.0567463 0.0286741 0.0390751 0.181361
5 0.441984 0.17564 0.121905 0.140417 0.178602
2 0.681915 0.149212 0.0446988 0.0560552 0.176905
0 0.0171308 0.524319 0.0340925 0.0902383 0.175641
2 0.954669 0.413877 0.0905888 0.184424 0.174324
2 0.478953 0.0962528 0.032841 0.0312661 0.174313
2 0.962404 0.354383 0.0724388 0.057375 0.17382
2 0.160952 0.170655 0.07098 0.0403502 0.170302
0 0.546818 0.218446 0.0264082 0.105504 0.168938
2 0.159373 0.17166 0.069327 0.0413803 0.166899
2 0.612624 0.0562621 0.0285566 0.0381354 0.159412
2 0.478849 0.0982964 0.0321211 0.0289795 0.157942
