5 0.21919 0.171097 0.161504 0.207741 0.856342
5 0.219088 0.171804 0.162187 0.205338 0.800968
5 0.0795983 0.403437 0.158815 0.41122 0.800829
5 0.218827 0.17173 0.161582 0.206059 0.797287
5 0.219414 0.171503 0.161716 0.205197 0.796164
5 0.218792 0.171261 0.162196 0.205424 0.794217
5 0.218784 0.171665 0.162267 0.204959 0.788206
5 0.0791727 0.403795 0.157693 0.409431 0.775913
5 0.0791907 0.403643 0.158111 0.411507 0.75747
5 0.0784802 0.402008 0.15696 0.40878 0.751376
5 0.0791012 0.404572 0.158202 0.414636 0.743461
5 0.0787386 0.402956 0.157252 0.410036 0.736197
5 0.0796586 0.40767 0.159187 0.418014 0.735264
5 0.0787631 0.403244 0.157526 0.410258 0.717088
5 0.728663 0.130793 0.141391 0.198943 0.704091
5 0.0789591 0.403201 0.157357 0.410291 0.69959
5 0.730619 0.132717 0.136947 0.200916 0.661231
5 0.218737 0.171235 0.163129 0.206144 0.660236
5 0.078589 0.401874 0.156876 0.408308 0.658137
2 0.475776 0.172871 0.0545338 0.074951 0.636525
2 0.476123 0.173591 0.0536844 0.0749034 0.631745
2 0.475897 0.173768 0.0531073 0.0747748 0.605629
5 0.219727 0.170761 0.161638 0.206298 0.603967
5 0.739288 0.137063 0.120294 0.190126 0.593106
5 0.73193 0.133223 0.13558 0.197122 0.591518
5 0.728499 0.131975 0.141344 0.199026 0.581805
2 0.475626 0.173384 0.0547836 0.0738988 0.578093
2 0.475761 0.173457 0.0542253 0.074589 0.575602
5 0.73019 0.1319 0.137406 0.199608 0.568008
2 0.475807 0.173348 0.0531336 0.0746308 0.543046
2 0.476117 0.173203 0.053374 0.0745029 0.524666
2 0.475544 0.173333 0.0548939 0.073558 0.523363
2 0.573744 0.238205 0.0673855 0.11443 0.52149
2 0.57392 0.238522 0.0677654 0.11393 0.519121
5 0.652815 0.488596 0.104926 0.1863 0.508467
5 0.652699 0.488636 0.104726 0.186876 0.475608
5 0.741586 0.139781 0.116829 0.181963 0.474482
5 0.218587 0.171196 0.162228 0.205206 0.466865
2 0.573762 0.237783 0.0676584 0.114055 0.462457
2 0.573876 0.238933 0.0674223 0.112995 0.44604
5 0.218333 0.171095 0.162938 0.206402 0.442321
2 0.573626 0.238293 0.0676939 0.113933 0.437688
2 0.573819 0.23852 0.0670366 0.113507 0.437438
2 0.573497 0.238741 0.0677394 0.115265 0.428214
5 0.728753 0.131718 0.140203 0.202577 0.409792
5 0.761824 0.428643 0.119728 0.166646 0.409239
5 0.652718 0.488341 0.104133 0.186557 0.378015
5 0.761668 0.428507 0.118834 0.166389 0.377683
5 0.653228 0.488611 0.10374 0.186435 0.372735
5 0.644278 0.136244 0.100909 0.194288 0.371103
5 0.761672 0.428646 0.119076 0.166072 0.36664
2 0.573974 0.239272 0.0673216 0.112321 0.35347
5 0.745614 0.142236 0.107698 0.177781 0.351946
7 0.652399 0.487253 0.104262 0.183356 0.332707
5 0.743291 0.141388 0.11192 0.180956 0.332562
5 0.644293 0.135808 0.100793 0.194786 0.320873
5 0.644193 0.135452 0.100636 0.197711 0.307241
2 0.413511 0.0759951 0.0301681 0.0440742 0.306475
2 0.47615 0.173462 0.0533547 0.0753032 0.305814
2 0.761658 0.427275 0.117918 0.162508 0.305049
2 0.922611 0.853357 0.153703 0.291796 0.293675
2 0.573896 0.239942 0.0666199 0.111892 0.293644
2 0.761775 0.427965 0.11837 0.165255 0.292429
5 0.644563 0.135972 0.100339 0.19664 0.289453
5 0.644148 0.135355 0.100388 0.195632 0.280576
2 0.476123 0.173263 0.0540617 0.0753717 0.27738
5 0.653346 0.487444 0.102985 0.184789 0.274911
2 0.923831 0.852512 0.151922 0.292839 0.274431
2 0.413699 0.0754464 0.0305251 0.0431734 0.273945
5 0.761767 0.428303 0.118586 0.16584 0.266622
2 0.413576 0.0756192 0.0302978 0.0429577 0.259279
7 0.652515 0.487328 0.103572 0.183017 0.257892
5 0.745893 0.143908 0.10681 0.17409 0.254559
5 0.76186 0.428325 0.11925 0.16444 0.250854
5 0.761894 0.428146 0.118715 0.16597 0.244743
0 0.96386 0.148565 0.0249298 0.0500657 0.242816
2 0.413579 0.0763949 0.0304535 0.0450966 0.240928
5 0.644316 0.13601 0.100597 0.195169 0.240307
0 0.963693 0.14921 0.0250782 0.0502031 0.239905
0 0.963976 0.148114 0.0230473 0.0504631 0.236777
2 0.761909 0.428522 0.118193 0.165481 0.236529
5 0.644468 0.137908 0.100257 0.194805 0.224638
2 0.923587 0.853089 0.151835 0.292113 0.224082
2 0.985257 0.103716 0.0286856 0.0395537 0.222764
2 0.573637 0.238052 0.0674308 0.114296 0.217949
3 0.36169 0.171383 0.0471382 0.0689028 0.214744
3 0.36116 0.188144 0.0462762 0.0639411 0.208614
5 0.644761 0.137699 0.099943 0.194089 0.204364
5 0.745426 0.145763 0.108317 0.170265 0.202956
5 0.761794 0.428396 0.118598 0.165761 0.195928
2 0.92316 0.854032 0.152463 0.291035 0.188688
2 0.985294 0.103826 0.0287712 0.0387173 0.184139
2 0.922898 0.853372 0.153135 0.291263 0.18186
2 0.923531 0.853638 0.152193 0.291494 0.178789
2 0.322385 0.0950743 0.0446301 0.0351609 0.174979
3 0.361423 0.181176 0.045552 0.0496049 0.174315
2 0.652014 0.490593 0.105399 0.189549 0.159957
5 0.468493 0.0343946 0.0572786 0.0687892 0.154275
0 0.96282 0.14815 0.0265282 0.0491631 0.150044
0 0.962515 0.14867 0.0258636 0.0494998 0.149011
2 0.985622 0.104864 0.0278595 0.0398877 0.148458
2 0.4679 0.0965112 0.0356666 0.036789 0.147526
3 0.361365 0.179745 0.0475 0.0712624 0.145734
0 0.963303 0.148805 0.0241158 0.0500806 0.144742
2 0.467758 0.0667391 0.0423272 0.0424902 0.139749
5 0.643664 0.130965 0.101008 0.206432 0.139713
5 0.746603 0.146056 0.105215 0.171077 0.135905
5 0.746024 0.145608 0.106742 0.171865 0.132987
5 0.470185 0.0350192 0.0599026 0.0700384 0.130263
2 0.322052 0.0973323 0.044385 0.0367397 0.128675
2 0.46654 0.0955367 0.0404251 0.0377405 0.127402
2 0.54659 0.0199357 0.0230369 0.0314916 0.126518
5 0.644041 0.133714 0.101658 0.19969 0.126503
2 0.466652 0.0664912 0.0443936 0.0456691 0.126221
3 0.362362 0.168503 0.0483206 0.0735513 0.125362
0 0.963366 0.150776 0.0241119 0.0490524 0.123653
5 0.644215 0.13637 0.100246 0.194014 0.121139
2 0.465528 0.0794283 0.0472332 0.0662163 0.119003
3 0.362622 0.175753 0.0513063 0.0885753 0.118172
2 0.467327 0.0975238 0.0337582 0.0340133 0.118062
2 0.923189 0.853442 0.152327 0.291605 0.11736
3 0.352924 0.190328 0.0279787 0.0629043 0.116491
2 0.984824 0.103708 0.0297623 0.0411825 0.116342
2 0.546729 0.0192992 0.0228285 0.0316984 0.115541
2 0.985324 0.104366 0.0287302 0.0395298 0.114421
5 0.729134 0.130878 0.141011 0.200184 0.11414
2 0.476257 0.172976 0.0537367 0.0733014 0.112594
0 0.962937 0.147748 0.0273634 0.0513464 0.11113
2 0.466615 0.0950969 0.0391305 0.0383074 0.11044
0 0.967391 0.139566 0.0161528 0.0366027 0.109651
2 0.325163 0.0960351 0.0512562 0.0365109 0.107454
2 0.41338 0.0819037 0.0306093 0.0562938 0.103933
2 0.36285 0.169865 0.0501737 0.0829462 0.103676
2 0.413746 0.0813868 0.030659 0.0544789 0.103136
2 0.560403 0.0711465 0.0310617 0.0510135 0.100678
2 0.467509 0.0634914 0.0418915 0.0365607 0.0991813
2 0.571684 0.197896 0.0510075 0.0345596 0.0986516
2 0.413112 0.0839245 0.0322653 0.0596101 0.0986026
2 0.923736 0.853123 0.151745 0.292241 0.097205
5 0.654045 0.487553 0.102032 0.184765 0.096661
2 0.466089 0.07961 0.0455421 0.0662664 0.0964534
2 0.465586 0.0953006 0.0407911 0.0390324 0.0939247
2 0.333935 0.147212 0.0313396 0.0440641 0.0921361
2 0.32122 0.0945951 0.0414306 0.0307285 0.0914462
5 0.473592 0.0330026 0.0664714 0.0655664 0.0913689
2 0.412994 0.0782959 0.0309181 0.0506656 0.0893341
2 0.404795 0.0400328 0.027698 0.0401836 0.0879588
0 0.806948 0.0637005 0.0119736 0.0270227 0.0872486
3 0.361455 0.171771 0.0481115 0.0676391 0.0871967
2 0.466111 0.0788808 0.0466785 0.0682133 0.0843619
0 0.806394 0.0633323 0.0126423 0.0280849 0.084331
5 0.651465 0.489272 0.105465 0.186317 0.0830536
2 0.560189 0.0624059 0.026532 0.0336739 0.0824756
9 0.935187 0.0115768 0.0171448 0.0231536 0.0816117
0 0.363065 0.171047 0.0506786 0.0832428 0.08077
2 0.413054 0.0744158 0.0306378 0.0431112 0.0803916
0 0.962437 0.151994 0.0252586 0.045502 0.080139
69 0.923403 0.853257 0.152045 0.292121 0.0800332
2 0.336918 0.143386 0.0359378 0.0506299 0.07982
9 0.932518 0.00989602 0.0121761 0.019792 0.0797175
0 0.932832 0.102496 0.0164078 0.0548623 0.0797058
3 0.362314 0.175574 0.0509014 0.0918697 0.0788393
0 0.834706 0.0726947 0.0130898 0.0438407 0.0768001
2 0.560438 0.0704856 0.0300498 0.0492955 0.0760029
2 0.319361 0.0962315 0.0407139 0.0323719 0.0755127
2 0.465703 0.0965206 0.0370359 0.0371777 0.0754238
69 0.923825 0.853114 0.151645 0.292295 0.0742199
5 0.729934 0.130091 0.139605 0.201505 0.0721631
9 0.157272 0.0418149 0.012525 0.0249865 0.0720097
0 0.932533 0.102842 0.0163952 0.0566494 0.0713598
9 0.39409 0.446055 0.0330816 0.0575293 0.0705758
9 0.156967 0.0392003 0.0124536 0.0255647 0.0696426
9 0.393965 0.446061 0.0324657 0.057305 0.0686996
2 0.595257 0.019097 0.0205437 0.035351 0.0678751
0 0.931758 0.102868 0.0176373 0.0562795 0.0669802
2 0.335597 0.141924 0.0362807 0.054345 0.0665908
0 0.932965 0.103086 0.0163483 0.0558171 0.0663456
2 0.335044 0.145241 0.0344728 0.0463456 0.0662926
2 0.466959 0.0606578 0.0426323 0.0310872 0.0654178
0 0.362861 0.164827 0.0459819 0.0685915 0.0653997
2 0.466459 0.0979216 0.0413737 0.0370692 0.0646961
2 0.547184 0.0194044 0.0229569 0.0326897 0.0644703
9 0.393941 0.445597 0.033118 0.0572254 0.0641486
5 0.324469 0.0296227 0.0546377 0.0438301 0.0631962
0 0.350538 0.189208 0.0266255 0.0616336 0.0622354
0 0.881379 0.0744954 0.0137398 0.046838 0.0617873
2 0.561005 0.0625854 0.0269257 0.0345292 0.0615439
5 0.334756 0.0410205 0.0743293 0.0800675 0.0611786
5 0.465825 0.0390331 0.0483503 0.0766683 0.0608219
0 0.359386 0.186691 0.044525 0.0636372 0.0607239
0 0.931367 0.103297 0.0178791 0.0557373 0.0591173
2 0.465707 0.0840855 0.0458181 0.0630054 0.0591071
2 0.394254 0.445621 0.0324741 0.056016 0.0586547
2 0.414067 0.0850662 0.0305801 0.0642561 0.0586026
2 0.403418 0.0417282 0.0253967 0.036853 0.0583641
5 0.63565 0.0235007 0.0844608 0.0470014 0.056838
2 0.467582 0.0517472 0.0444971 0.0436409 0.0564549
5 0.639911 0.0241566 0.0962193 0.0483007 0.0563365
0 0.746464 0.0458046 0.0112852 0.0225783 0.0557317
0 0.0925419 0.118638 0.0135716 0.0353794 0.0553211
0 0.361589 0.165623 0.0441581 0.0690763 0.0551546
7 0.472237 0.035891 0.0629921 0.0712351 0.0550625
0 0.886718 0.180486 0.0312689 0.0577576 0.0544142
2 0.413494 0.086029 0.0294595 0.0600428 0.0539645
2 0.546584 0.0183339 0.0244339 0.0330031 0.0533306
0 0.886116 0.179449 0.0280266 0.0523228 0.0520733
9 0.394143 0.445886 0.0323903 0.057408 0.0518316
2 0.984567 0.101447 0.0302732 0.0432738 0.0514545
2 0.336562 0.146443 0.0366559 0.0454611 0.0512018
0 0.881769 0.0754182 0.0140312 0.0490531 0.051087
2 0.573437 0.193975 0.0437469 0.0258314 0.049813
7 0.464337 0.0373046 0.0468592 0.074136 0.0495337
3 0.360387 0.187172 0.0444952 0.0611271 0.0488018
2 0.459984 0.0763824 0.0588581 0.0597847 0.0487033
5 0.637057 0.0234335 0.089163 0.0468669 0.0482008
5 0.473302 0.0314107 0.0636629 0.0620583 0.0480615
2 0.467829 0.0604848 0.0424683 0.0321489 0.0477167
0 0.887737 0.196274 0.0244402 0.0495491 0.0469413
5 0.474843 0.0328557 0.0649446 0.0657114 0.0468272
5 0.634644 0.0232557 0.0879179 0.0465115 0.0465868
2 0.413264 0.0869307 0.0288997 0.0597186 0.0464782
2 0.40787 0.00937184 0.0209396 0.0187437 0.045914
5 0.467499 0.0407886 0.0518213 0.0694593 0.0458549
0 0.868806 0.17183 0.0212236 0.0534991 0.045798
0 0.867903 0.164539 0.0210594 0.0464633 0.0455616
3 0.362338 0.169215 0.0497306 0.0727376 0.0446897
0 0.00854507 0.141119 0.0170504 0.0683673 0.044312
2 0.574762 0.192694 0.0410421 0.0228838 0.0442151
5 0.636059 0.0246568 0.0841895 0.0493135 0.0442071
0 0.866849 0.167057 0.0190569 0.0484622 0.0440661
2 0.560786 0.0676127 0.0263704 0.0418696 0.0438578
2 0.595462 0.0186074 0.0198568 0.0366083 0.0437303
5 0.644288 0.135327 0.101041 0.196931 0.0436826
5 0.394146 0.445717 0.0332243 0.0568204 0.0434082
2 0.326616 0.100111 0.0532616 0.0413663 0.0428876
9 0.393862 0.445631 0.0317711 0.0569068 0.0428231
2 0.417286 0.0784449 0.0374704 0.0508488 0.0425864
2 0.54674 0.0196467 0.0237518 0.0322441 0.0425417
0 0.887376 0.174153 0.0308575 0.0476129 0.0424663
0 0.364693 0.154368 0.0415285 0.0487579 0.0418447
2 0.493036 0.0461056 0.0255034 0.0334585 0.0417822
0 0.00836997 0.144726 0.0166782 0.0628087 0.0417321
0 0.932354 0.100756 0.0157055 0.0530642 0.0410595
5 0.218604 0.171168 0.162257 0.205138 0.0406928
5 0.636958 0.0259813 0.0880878 0.0517709 0.0394562
2 0.326902 0.09496 0.0530721 0.0378569 0.0393825
2 0.335362 0.139638 0.036981 0.0554522 0.039138
0 0.904589 0.0737291 0.0130501 0.045921 0.0387473
0 0.0927547 0.119535 0.0153104 0.0368211 0.0386945
9 0.394244 0.445551 0.0320215 0.0570793 0.0381887
3 0.559585 0.0690783 0.0281355 0.044008 0.0380685
5 0.637699 0.0237964 0.0786882 0.0472245 0.0379491
0 0.835049 0.0732529 0.0129171 0.0439595 0.0371857
2 0.409812 0.0819119 0.039607 0.0596795 0.0369808
3 0.361673 0.173465 0.0534864 0.0933363 0.0369418
5 0.492971 0.0302754 0.0293603 0.0598721 0.036574
5 0.334529 0.037672 0.0747692 0.0746031 0.0362522
5 0.394058 0.445706 0.0328958 0.0567934 0.0362143
2 0.323759 0.0959195 0.0476829 0.038144 0.036057
2 0.985645 0.105312 0.0280106 0.040144 0.036
2 0.478199 0.0450679 0.0455821 0.0456085 0.0358782
7 0.574596 0.240367 0.068385 0.110355 0.0358204
0 0.904007 0.0752697 0.0122972 0.0442132 0.0354076
2 0.322486 0.0860958 0.0459138 0.0495027 0.0353707
2 0.0131315 0.531923 0.026235 0.161045 0.0351598
2 0.396918 0.0395384 0.0396754 0.0429294 0.0348268
5 0.637362 0.0226965 0.080233 0.045393 0.0346393
2 0.927782 0.854922 0.143259 0.290156 0.0344981
0 0.363559 0.166839 0.0494383 0.0732579 0.0343236
3 0.350637 0.201851 0.0218745 0.042039 0.0340151
0 0.886498 0.186236 0.0310867 0.0600483 0.0338929
2 0.336446 0.136445 0.0381443 0.0635047 0.0338508
0 0.883297 0.164292 0.0275131 0.0451019 0.0336514
7 0.471406 0.0319578 0.0620314 0.0639157 0.033393
3 0.349049 0.192975 0.0216051 0.0561899 0.0329816
2 0.461255 0.0785023 0.0494891 0.0635124 0.0328735
5 0.324126 0.0317867 0.0507924 0.0392539 0.0328213
5 0.651348 0.488442 0.104864 0.186248 0.0328125
5 0.394009 0.444167 0.0326274 0.0624825 0.0319837
2 0.559365 0.0842476 0.0284542 0.0275464 0.0318203
2 0.403438 0.0441498 0.0250305 0.0352743 0.0314815
0 0.884363 0.170121 0.0244541 0.0352239 0.0314743
2 0.992186 0.108889 0.0150013 0.0325104 0.0314471
0 0.837249 0.072893 0.0142466 0.0440836 0.0308669
0 0.888192 0.186176 0.0309902 0.059148 0.0307708
0 0.871516 0.162267 0.0306061 0.0471118 0.030082
5 0.333991 0.0400329 0.0750561 0.0798535 0.0300582
9 0.154666 0.0460647 0.0188731 0.0302866 0.0299517
0 0.368261 0.161675 0.0402284 0.0628915 0.0298984
5 0.334433 0.0467951 0.0736764 0.0904274 0.0298914
0 0.835405 0.0712641 0.0153437 0.0425035 0.0298341
2 0.559668 0.0725622 0.028577 0.0481638 0.0297452
2 0.931625 0.740351 0.128902 0.0648432 0.0296901
0 0.359688 0.177933 0.0456939 0.0553777 0.0296048
0 0.874056 0.207533 0.0300356 0.0498667 0.0294963
3 0.365675 0.180537 0.0408224 0.0508591 0.0294809
0 0.62734 0.517378 0.0194174 0.037281 0.0294487
0 0.874236 0.199751 0.029311 0.054395 0.0293647
0 0.872469 0.184758 0.0308712 0.0651078 0.0292965
0 0.0923075 0.116779 0.0155699 0.0373523 0.0290631
