2 0.654223 0.287939 0.11156 0.135773 0.820788
2 0.65381 0.287637 0.111435 0.135899 0.812774
2 0.272846 0.206884 0.104178 0.0898042 0.807914
2 0.654134 0.287414 0.112119 0.13534 0.806745
2 0.654398 0.287949 0.111825 0.134208 0.796538
2 0.272945 0.206587 0.103854 0.0894106 0.796529
2 0.733896 0.377496 0.128918 0.147832 0.784701
2 0.272651 0.20658 0.104264 0.0901644 0.783709
2 0.733083 0.377723 0.127407 0.147596 0.778946
2 0.272782 0.206826 0.104622 0.0898818 0.776169
2 0.654018 0.288155 0.112037 0.134829 0.77596
2 0.272632 0.206864 0.104262 0.0900072 0.773202
2 0.734521 0.377454 0.130082 0.148452 0.771835
2 0.272897 0.206865 0.104064 0.0905861 0.765807
2 0.272997 0.206975 0.104846 0.090517 0.758802
2 0.734262 0.377437 0.129047 0.148902 0.754356
2 0.65378 0.287362 0.111039 0.135195 0.750885
2 0.27245 0.207395 0.105494 0.0896876 0.750254
2 0.272463 0.207483 0.104499 0.0896159 0.739789
0 0.187524 0.429716 0.0341809 0.131139 0.738752
0 0.187508 0.428682 0.033921 0.139565 0.735602
2 0.737491 0.376896 0.135905 0.147692 0.73294
2 0.737955 0.37702 0.136591 0.147747 0.732788
2 0.272814 0.206702 0.104889 0.0904158 0.726456
2 0.734407 0.377172 0.130939 0.148117 0.722738
2 0.735106 0.377318 0.131313 0.147672 0.71849
0 0.187487 0.428399 0.034804 0.13925 0.716149
2 0.653903 0.287355 0.112475 0.13503 0.71348
0 0.341388 0.434872 0.0363524 0.156302 0.711525
2 0.732733 0.376789 0.127472 0.148805 0.702064
0 0.34105 0.435033 0.036623 0.156394 0.696865
2 0.654278 0.287517 0.112566 0.134925 0.696595
2 0.654049 0.287299 0.111985 0.13475 0.693858
0 0.187517 0.42806 0.0335796 0.139254 0.693572
0 0.133071 0.523548 0.0404608 0.162474 0.688887
0 0.34125 0.434899 0.0364435 0.156413 0.681839
0 0.187357 0.428617 0.0352494 0.137605 0.678051
0 0.133087 0.522372 0.041 0.160657 0.669751
0 0.132697 0.52288 0.0412568 0.160607 0.667177
0 0.18702 0.429041 0.0362418 0.138392 0.662909
0 0.132956 0.522874 0.0407707 0.161689 0.662111
0 0.340896 0.43572 0.0364038 0.153661 0.642645
0 0.186692 0.430407 0.0332744 0.130909 0.626932
0 0.133025 0.522317 0.0417849 0.160057 0.604694
0 0.13205 0.52419 0.0400101 0.155254 0.574868
0 0.187501 0.429615 0.0350863 0.133859 0.567868
2 0.287884 0.138532 0.109459 0.062556 0.558702
2 0.653816 0.287736 0.111994 0.133964 0.554429
0 0.34014 0.435645 0.0366046 0.153912 0.548417
2 0.287305 0.138301 0.111229 0.0616626 0.536026
2 0.733708 0.376418 0.124895 0.14632 0.531481
2 0.287916 0.138439 0.11165 0.0633733 0.489661
0 0.187886 0.428733 0.0352882 0.141496 0.470622
0 0.340597 0.43393 0.0367197 0.155342 0.438252
2 0.28496 0.138251 0.113065 0.0631544 0.434067
5 0.977047 0.0610735 0.0448639 0.0917404 0.424744
2 0.287228 0.138951 0.110776 0.0633691 0.407194
0 0.183837 0.241257 0.0201883 0.0592739 0.404775
2 0.288013 0.138393 0.112061 0.0635927 0.390911
0 0.183711 0.240202 0.0199107 0.0582636 0.386983
2 0.288492 0.139067 0.108091 0.0612401 0.351965
2 0.288325 0.139638 0.109664 0.0635483 0.346773
5 0.212064 0.0958 0.108928 0.144444 0.339207
5 0.976468 0.0622951 0.0444546 0.089085 0.333258
0 0.13258 0.523153 0.0399493 0.151998 0.326586
5 0.977052 0.0617528 0.0451153 0.0886666 0.320235
0 0.183949 0.243702 0.0211876 0.0635582 0.314927
5 0.212471 0.096815 0.108355 0.141871 0.310013
1 0.188934 0.283281 0.0441791 0.0625273 0.308881
0 0.186994 0.430268 0.0348342 0.13339 0.286149
1 0.189963 0.277163 0.0436297 0.0743054 0.284829
5 0.212255 0.108009 0.106923 0.119587 0.284748
5 0.976025 0.0631328 0.0444294 0.0863447 0.28427
0 0.186232 0.427428 0.0314752 0.133725 0.280422
0 0.131705 0.522975 0.0431319 0.162135 0.275107
2 0.287156 0.137731 0.111929 0.061376 0.269974
0 0.131542 0.522292 0.0438714 0.161325 0.266694
0 0.0350538 0.253592 0.0250856 0.0830735 0.266411
0 0.340967 0.434258 0.0345883 0.14802 0.261682
5 0.977294 0.0617093 0.0449165 0.0885301 0.26072
1 0.190137 0.275837 0.0418091 0.0751666 0.259716
0 0.185134 0.241903 0.0259218 0.0627067 0.258018
2 0.288192 0.138305 0.112411 0.0610136 0.256655
5 0.211999 0.0967606 0.108503 0.147243 0.254029
0 0.183705 0.240313 0.0206094 0.0591003 0.253713
0 0.348689 0.10105 0.0174076 0.0651964 0.251058
2 0.285764 0.139331 0.106798 0.0641998 0.250491
1 0.189622 0.277618 0.0425796 0.0728768 0.25012
5 0.97701 0.0616352 0.045306 0.0886752 0.248416
0 0.34136 0.435656 0.0338916 0.1472 0.24124
0 0.1316 0.523032 0.043351 0.16183 0.236317
5 0.976743 0.0620476 0.04534 0.0881388 0.236285
0 0.106769 0.2759 0.0259029 0.0974807 0.23479
0 0.348854 0.100955 0.0164414 0.0634492 0.234461
5 0.212801 0.106041 0.108118 0.122942 0.229359
5 0.211921 0.095533 0.109538 0.144806 0.227362
0 0.190852 0.245249 0.0317945 0.0608503 0.214896
0 0.0144145 0.253302 0.0266526 0.0939817 0.211255
0 0.185366 0.24202 0.0248997 0.0625993 0.202563
5 0.977413 0.0612928 0.0445822 0.0893311 0.201346
5 0.213029 0.106973 0.107153 0.119546 0.200592
0 0.034469 0.254796 0.0241119 0.07966 0.199423
0 0.0974052 0.267485 0.0440445 0.113912 0.198113
5 0.212377 0.11023 0.107729 0.115218 0.193361
5 0.212905 0.109663 0.105757 0.116292 0.193073
2 0.293449 0.138219 0.099366 0.0612918 0.19257
0 0.348937 0.100354 0.016959 0.0626567 0.191595
0 0.0966603 0.267942 0.0431014 0.113028 0.187786
0 0.10431 0.27878 0.0285331 0.0947098 0.187385
2 0.286115 0.139349 0.107324 0.0620107 0.185781
1 0.189069 0.280124 0.0438862 0.0666022 0.183124
0 0.131303 0.523106 0.0434433 0.162375 0.181028
0 0.0349091 0.251372 0.0261331 0.0848788 0.178969
0 0.0886889 0.282157 0.0252401 0.0808509 0.178005
17 0.517838 0.137882 0.0368792 0.0751528 0.174282
0 0.0976739 0.269538 0.0431285 0.117139 0.171037
2 0.617394 0.128371 0.0794291 0.0733988 0.168024
0 0.133684 0.524198 0.039612 0.167397 0.165001
0 0.015015 0.250563 0.0275827 0.101246 0.164066
0 0.340617 0.430272 0.0345362 0.129275 0.163596
0 0.0146087 0.25328 0.0255437 0.0911922 0.162578
2 0.0843931 0.209696 0.0967249 0.0883733 0.161679
2 0.617034 0.129407 0.0791361 0.0707139 0.161299
5 0.976799 0.0638335 0.0454266 0.0844365 0.160858
17 0.517753 0.13786 0.0371958 0.07614 0.160144
0 0.0968778 0.269125 0.0429447 0.113136 0.159824
0 0.107912 0.275309 0.0214671 0.0821937 0.157415
0 0.349198 0.0996905 0.0179295 0.0635301 0.155581
2 0.617166 0.129505 0.0787447 0.0714055 0.152545
5 0.21188 0.0922282 0.10926 0.155992 0.149522
2 0.617289 0.12828 0.0798737 0.0734892 0.149148
0 0.0961454 0.262634 0.0417109 0.109033 0.149071
2 0.287091 0.138104 0.112467 0.0630023 0.14143
0 0.0976758 0.277745 0.0430275 0.118332 0.136638
0 0.0927909 0.270866 0.0336287 0.102777 0.136374
5 0.976116 0.065029 0.0449472 0.0821301 0.131891
1 0.186921 0.28832 0.0390588 0.0532114 0.131665
0 0.167577 0.140552 0.0200351 0.0642899 0.13124
5 0.976538 0.0619929 0.0452293 0.0897807 0.129852
0 0.0345127 0.253669 0.0256392 0.0776799 0.128904
0 0.340931 0.433383 0.0343028 0.129224 0.126841
2 0.808147 0.353866 0.0202024 0.0470073 0.126202
2 0.616936 0.130244 0.0785341 0.0724884 0.125335
0 0.166693 0.142173 0.0202379 0.0680695 0.120914
2 0.0917878 0.207457 0.0894987 0.0877403 0.119837
0 0.349291 0.0999001 0.0170258 0.0618852 0.116799
5 0.212469 0.109042 0.107573 0.118152 0.116546
0 0.0128135 0.255528 0.0248614 0.0924879 0.112338
0 0.0959664 0.28102 0.039687 0.0837419 0.111896
0 0.0952572 0.282854 0.0382375 0.0834807 0.110966
0 0.0109313 0.239718 0.0218305 0.0987722 0.108761
0 0.184547 0.240641 0.0236211 0.0598735 0.108267
0 0.0881034 0.28124 0.0240829 0.0777121 0.108043
0 0.0078004 0.251709 0.0156008 0.100349 0.106967
2 0.296687 0.138121 0.0919649 0.0595889 0.105693
0 0.346643 0.104047 0.0195504 0.0714412 0.104356
2 0.606974 0.136406 0.0577661 0.0569343 0.102662
0 0.0116649 0.245089 0.0233299 0.107362 0.10142
2 0.919051 0.126629 0.0989628 0.0999961 0.100782
0 0.0984633 0.281854 0.0433932 0.128488 0.100319
0 0.168069 0.138726 0.0186882 0.0605831 0.0971126
0 0.00967999 0.248211 0.01936 0.10587 0.0955674
1 0.189701 0.2848 0.0426044 0.0600491 0.0940163
0 0.193704 0.274367 0.0345246 0.0712058 0.093647
0 0.034878 0.251762 0.0279392 0.0810927 0.092049
0 0.0144282 0.248345 0.0260871 0.0847358 0.0909273
0 0.0117018 0.257407 0.022957 0.0936613 0.0897458
2 0.617872 0.135342 0.0763404 0.0571413 0.0888123
2 0.80818 0.351719 0.0195009 0.0425217 0.0881464
0 0.194325 0.273862 0.0339365 0.0729442 0.0878227
0 0.0908858 0.283395 0.0291226 0.084193 0.0865922
0 0.0892233 0.276988 0.027339 0.0846412 0.0838765
0 0.0347024 0.25183 0.0272775 0.080593 0.083798
0 0.184856 0.240968 0.0261554 0.064286 0.0828261
2 0.617001 0.126967 0.0802174 0.0715839 0.0814505
0 0.0115167 0.234664 0.0230273 0.0969012 0.0813521
0 0.0148385 0.255717 0.0251664 0.0918086 0.0813454
2 0.738722 0.108769 0.0327137 0.0305131 0.0791492
2 0.904679 0.339181 0.0600397 0.0216825 0.0788495
17 0.520347 0.137008 0.0431808 0.0777367 0.078059
17 0.514341 0.13924 0.0310599 0.0738685 0.0779392
2 0.904678 0.339035 0.060141 0.0226397 0.0773301
17 0.519606 0.136921 0.0420357 0.0789937 0.0772585
2 0.0843428 0.207751 0.0946301 0.0899717 0.0771761
2 0.0839741 0.212338 0.0958995 0.0924545 0.0764401
17 0.522539 0.131475 0.0459689 0.0730186 0.0759429
0 0.0126865 0.250514 0.0252314 0.0996514 0.0753419
0 0.0333586 0.254848 0.0297928 0.0882806 0.0738262
1 0.193225 0.278252 0.0371748 0.0704415 0.0737409
2 0.0931362 0.206888 0.0802486 0.0883081 0.0717566
0 0.194646 0.266742 0.028164 0.0595564 0.0716297
2 0.062777 0.231659 0.0424078 0.0574296 0.0713149
1 0.18966 0.278427 0.0445685 0.0782524 0.0711012
2 0.0628889 0.21613 0.0494704 0.0874742 0.0709325
0 0.0347722 0.254074 0.026433 0.0858417 0.0699554
0 0.131721 0.520001 0.0377317 0.153839 0.0697672
1 0.193019 0.275369 0.0372391 0.0748318 0.0687689
0 0.0316633 0.25586 0.030796 0.0878519 0.0684581
2 0.0858983 0.213016 0.0963249 0.0908018 0.0684135
2 0.2284 0.14808 0.0768268 0.0469551 0.0676231
0 0.348843 0.100347 0.0200898 0.0650404 0.0676059
2 0.919547 0.12382 0.100509 0.104644 0.0674313
0 0.00685487 0.257666 0.0137097 0.0912497 0.067125
0 0.349299 0.0973384 0.0172158 0.0560777 0.0660077
0 0.101305 0.226729 0.0252947 0.0386293 0.0655132
0 0.305089 0.0901593 0.016176 0.0375069 0.0648311
0 0.101409 0.229458 0.0284761 0.0443326 0.0647652
2 0.616939 0.129811 0.0784472 0.0730814 0.0647646
2 0.738333 0.108319 0.0326506 0.0316616 0.0642597
2 0.0634084 0.230861 0.042782 0.0584338 0.0638519
9 0.453698 0.0129803 0.0258276 0.0257468 0.0635772
2 0.807916 0.359052 0.021632 0.0583714 0.0620193
0 0.304309 0.089479 0.0162597 0.0370532 0.0611275
2 0.919631 0.119899 0.0992905 0.108898 0.0609465
2 0.919426 0.123866 0.100518 0.10511 0.060695
0 0.96025 0.152305 0.0195385 0.0480841 0.0605105
2 0.0842297 0.210755 0.0974851 0.0962066 0.0601432
17 0.511019 0.139116 0.0245294 0.0738975 0.0588466
2 0.919025 0.122776 0.0983414 0.103327 0.0582626
2 0.893428 0.133152 0.0484989 0.0784879 0.0580755
2 0.0624661 0.23004 0.0431944 0.0590871 0.0569441
9 0.451703 0.014188 0.0203599 0.023455 0.0559769
7 0.919384 0.119052 0.0999302 0.109314 0.0557875
0 0.165129 0.142209 0.0233667 0.0673935 0.055402
0 0.181254 0.246745 0.031435 0.0713626 0.0551604
2 0.808062 0.362864 0.0200985 0.0644128 0.0540685
2 0.106506 0.212273 0.0616674 0.0791333 0.0539666
0 0.100024 0.285994 0.0443882 0.13399 0.0536863
0 0.579252 0.123788 0.0131857 0.0520358 0.0536371
17 0.518905 0.135659 0.0371734 0.0703679 0.0533779
2 0.891289 0.146757 0.044228 0.0527733 0.0529735
2 0.736541 0.1095 0.0293566 0.0293291 0.0524263
2 0.102325 0.209563 0.0621744 0.0801547 0.0515904
2 0.733514 0.110199 0.0223284 0.0272469 0.051309
0 0.0102943 0.230625 0.0205886 0.111336 0.0512349
7 0.919022 0.118985 0.0982534 0.110238 0.0511492
0 0.509346 0.139598 0.0229721 0.0732458 0.0504519
5 0.219109 0.11236 0.0890377 0.114744 0.0496617
0 0.332539 0.435718 0.0496146 0.158575 0.048462
1 0.177296 0.28808 0.0256332 0.0515422 0.0480698
0 0.0982648 0.234502 0.0317098 0.0510939 0.0479173
17 0.52167 0.129561 0.0432556 0.064576 0.0474584
2 0.208929 0.14927 0.0425358 0.0416862 0.0471743
2 0.628355 0.134879 0.0530214 0.0480062 0.0466444
0 0.0988656 0.153189 0.0188976 0.038353 0.0465155
2 0.227763 0.134455 0.0805195 0.0736737 0.0458873
0 0.102566 0.241223 0.0296094 0.0671548 0.0458132
17 0.522987 0.130402 0.0501622 0.0766848 0.0446824
2 0.209656 0.148968 0.0421265 0.042135 0.0445225
17 0.520576 0.135404 0.0442005 0.0788723 0.0444875
0 0.580744 0.117419 0.013098 0.0440058 0.0440914
0 0.107574 0.278985 0.0274777 0.0962501 0.0438535
2 0.614755 0.128211 0.0776905 0.0716451 0.0437946
0 0.0609522 0.213369 0.0485827 0.0859608 0.0437117
2 0.208647 0.148671 0.0417511 0.0394898 0.0436068
0 0.0623198 0.156244 0.0199156 0.0311034 0.0432252
1 0.134665 0.564447 0.0342171 0.0790105 0.0430669
0 0.100937 0.226644 0.0263732 0.038844 0.0427615
2 0.829482 0.167187 0.0899328 0.0914456 0.0423301
2 0.904393 0.338798 0.0596466 0.0208719 0.0422946
2 0.831713 0.179433 0.0848635 0.0688163 0.0417724
2 0.903778 0.338456 0.0590307 0.0247861 0.0417249
0 0.16601 0.144732 0.0202513 0.0679031 0.0414065
0 0.165852 0.141192 0.0242208 0.0668816 0.0411956
2 0.904769 0.338716 0.0600136 0.0221766 0.0405085
0 0.0571089 0.208021 0.048096 0.0722903 0.0404893
0 0.761451 0.148369 0.0175226 0.0604814 0.0403815
0 0.563906 0.121891 0.0213753 0.0684927 0.0402636
2 0.807969 0.354118 0.021693 0.0527534 0.0402122
0 0.0892138 0.267467 0.0287524 0.0937964 0.0398158
1 0.0983275 0.298968 0.0336989 0.0755115 0.0397224
0 0.107295 0.28142 0.0286178 0.0961445 0.0394284
2 0.637396 0.132798 0.0359696 0.0486017 0.0393324
0 0.0606989 0.222939 0.047135 0.0719227 0.0385259
0 0.100486 0.289736 0.0437567 0.13327 0.0382172
3 0.126593 0.227751 0.0222601 0.0512743 0.0382036
2 0.891575 0.146509 0.0441355 0.050584 0.0381516
0 0.011663 0.230603 0.0231431 0.120341 0.0381407
9 0.456081 0.0155499 0.0236658 0.0232066 0.038113
0 0.517204 0.138341 0.0374405 0.0749009 0.0379578
2 0.903919 0.338917 0.0597925 0.0244888 0.0378615
0 0.0600241 0.213518 0.0491186 0.0847061 0.0376696
1 0.105032 0.304213 0.0217812 0.0502067 0.037619
0 0.100235 0.231886 0.0277813 0.0473485 0.0374275
2 0.0634676 0.229722 0.0417684 0.0594498 0.0373107
0 0.761926 0.140174 0.0174285 0.0765693 0.0372947
0 0.0959461 0.286208 0.0361683 0.0798189 0.0370566
2 0.0654595 0.214961 0.0574296 0.0904518 0.0367499
2 0.209722 0.147804 0.0431578 0.042525 0.0365848
2 0.740061 0.105883 0.0360905 0.0347267 0.036573
19 0.557114 0.122153 0.0329056 0.0704033 0.0364623
2 0.904575 0.338672 0.0599581 0.0224077 0.0363849
0 0.167799 0.135363 0.0186501 0.0573351 0.0363548
0 0.0275055 0.256472 0.0386438 0.0912388 0.0356283
5 0.917222 0.118144 0.0942827 0.109593 0.0355366
2 0.833325 0.180168 0.0827805 0.0663418 0.0348695
1 0.103425 0.31506 0.0293596 0.0779092 0.0348113
0 0.0139345 0.242113 0.026965 0.0926033 0.034708
1 0.0997964 0.31315 0.0363554 0.0792208 0.0345341
2 0.809337 0.355009 0.0216784 0.0502341 0.0334203
