2 0.0759815 0.341877 0.0930452 0.0539917 0.586997
2 0.0765409 0.342808 0.0913121 0.0538544 0.566739
2 0.51576 0.368038 0.141932 0.0633362 0.563887
2 0.516053 0.368421 0.142079 0.0630097 0.555481
2 0.0762526 0.342205 0.0940209 0.0541572 0.541039
2 0.0771884 0.341943 0.0950844 0.0542134 0.535975
2 0.0759559 0.342598 0.0907094 0.0540528 0.513168
2 0.0770209 0.342583 0.0947749 0.0539645 0.504239
2 0.960967 0.389179 0.0768303 0.0686193 0.461566
2 0.961169 0.389664 0.0765705 0.068263 0.458736
2 0.961197 0.389481 0.0768936 0.0685882 0.451657
2 0.5197 0.375326 0.133118 0.0525035 0.448976
2 0.826254 0.277126 0.053533 0.027507 0.424604
2 0.826009 0.276491 0.052969 0.0278695 0.407125
2 0.0753448 0.342757 0.0905784 0.0545615 0.396085
2 0.531065 0.37876 0.110993 0.0466524 0.395709
2 0.0743272 0.342599 0.0869169 0.0536711 0.393147
2 0.960826 0.390375 0.0772045 0.0694902 0.392088
2 0.960807 0.389742 0.0776606 0.0685207 0.391656
2 0.96136 0.389778 0.0772796 0.0676126 0.391602
2 0.825749 0.275928 0.0527021 0.0292001 0.383853
2 0.515745 0.368538 0.140096 0.0611662 0.380316
2 0.961157 0.389902 0.0771442 0.0686029 0.363449
2 0.074827 0.342981 0.0896203 0.0539525 0.357161
2 0.514751 0.366937 0.139178 0.0608104 0.356621
2 0.826394 0.277093 0.0538889 0.0278134 0.351333
2 0.961036 0.389405 0.0773712 0.069382 0.338439
2 0.111956 0.33175 0.0454026 0.0466667 0.3303
2 0.826122 0.276259 0.0526196 0.0297343 0.322796
2 0.515519 0.368122 0.140451 0.0623029 0.320113
2 0.515948 0.370521 0.140904 0.0601804 0.296372
2 0.531953 0.380393 0.111369 0.0428678 0.294158
2 0.491509 0.366675 0.0930609 0.0591369 0.292829
2 0.530575 0.37804 0.111307 0.0462358 0.292526
2 0.961664 0.390253 0.0766713 0.068088 0.290487
2 0.0154669 0.338481 0.0305183 0.0513751 0.275383
2 0.520481 0.37597 0.131172 0.0498006 0.273837
0 0.937522 0.329638 0.027207 0.0422572 0.266676
2 0.0150274 0.337876 0.029837 0.0503163 0.26346
2 0.0151274 0.336362 0.0301286 0.0531688 0.25898
2 0.826478 0.27538 0.0540073 0.0292375 0.256914
2 0.826308 0.276061 0.0538071 0.0276779 0.256731
2 0.115607 0.332103 0.0396767 0.044522 0.254715
2 0.96056 0.390676 0.0783587 0.0699918 0.246374
0 0.937815 0.327905 0.0271084 0.0414823 0.232664
7 0.283926 0.32583 0.144227 0.110269 0.230817
2 0.507305 0.367698 0.124359 0.059422 0.225922
2 0.826075 0.277228 0.0545704 0.0287527 0.21668
0 0.772164 0.325426 0.0186945 0.0358544 0.21465
2 0.516039 0.368899 0.141488 0.0635944 0.210596
2 0.529565 0.380332 0.112918 0.0434428 0.20556
2 0.0147126 0.337138 0.0294182 0.0514823 0.204284
2 0.96135 0.389137 0.0769592 0.0678703 0.201666
2 0.0142974 0.339131 0.0285233 0.0478641 0.199973
2 0.113618 0.333623 0.0406001 0.0450038 0.198885
7 0.284222 0.325324 0.145457 0.111237 0.196406
2 0.895635 0.283624 0.0867832 0.0518324 0.191276
7 0.283688 0.326491 0.141752 0.108372 0.189114
2 0.532407 0.379715 0.110794 0.0408251 0.188787
2 0.826101 0.276707 0.0533659 0.0285344 0.185969
2 0.532209 0.380285 0.111147 0.0425317 0.185382
2 0.900186 0.283162 0.0958569 0.0519992 0.174774
7 0.284178 0.326642 0.143623 0.109094 0.174645
0 0.730251 0.320457 0.018372 0.0354542 0.173424
2 0.49355 0.366937 0.0956087 0.0586652 0.171163
7 0.283688 0.325615 0.143583 0.109867 0.170416
2 0.954245 0.391608 0.063916 0.0651425 0.166841
2 0.943148 0.399735 0.0421228 0.0471021 0.166516
2 0.111404 0.330045 0.0464098 0.0490405 0.165163
0 0.745515 0.324401 0.0170551 0.0413454 0.164891
0 0.10801 0.258958 0.0108647 0.0308143 0.163477
7 0.284479 0.32619 0.144582 0.109784 0.163352
2 0.826017 0.274316 0.0549049 0.0316536 0.160915
2 0.943567 0.399098 0.0422024 0.0470464 0.156007
0 0.773102 0.325797 0.0203058 0.0373473 0.15422
7 0.284165 0.326697 0.142596 0.108867 0.151723
2 0.0119547 0.343331 0.0237914 0.0403886 0.147762
2 0.888471 0.283701 0.0700451 0.0517244 0.147726
2 0.491613 0.365965 0.0926497 0.0565775 0.147355
2 0.943665 0.398609 0.0431374 0.0510621 0.144748
2 0.0780117 0.342417 0.0952291 0.0549066 0.144685
2 0.826143 0.274898 0.0544226 0.0327582 0.140483
2 0.491808 0.366278 0.0936653 0.0570724 0.137687
7 0.284496 0.32515 0.146667 0.112037 0.137594
2 0.943353 0.399247 0.0419886 0.0476289 0.136507
7 0.283565 0.299357 0.148166 0.162497 0.135465
5 0.112512 0.118366 0.225024 0.236158 0.135297
2 0.530842 0.379088 0.110914 0.0409035 0.133619
0 0.753433 0.326056 0.0153876 0.0362857 0.129398
2 0.0157195 0.340567 0.0308726 0.0507046 0.127351
2 0.115674 0.330084 0.039041 0.0482488 0.126754
0 0.747216 0.326357 0.0177612 0.0431891 0.126703
7 0.263766 0.742809 0.526567 0.285653 0.125079
0 0.108163 0.259064 0.0125507 0.0299931 0.123852
7 0.263975 0.741658 0.52537 0.290533 0.120407
2 0.826015 0.274355 0.0536777 0.033078 0.117951
0 0.937226 0.32777 0.027684 0.0390778 0.117596
2 0.0728197 0.34291 0.0870546 0.0547665 0.117297
2 0.0156916 0.334508 0.0313833 0.0549023 0.117276
2 0.108481 0.330399 0.0541867 0.0499343 0.116813
2 0.110283 0.333813 0.0475264 0.0441386 0.115053
7 0.283484 0.291981 0.148831 0.179805 0.113559
5 0.283437 0.285103 0.148963 0.188493 0.113168
2 0.115869 0.334053 0.0389225 0.0426436 0.108767
0 0.754223 0.326498 0.0189564 0.0379389 0.104602
2 0.0145899 0.340859 0.0291798 0.0453159 0.103646
2 0.494516 0.366174 0.0979352 0.0583962 0.102791
2 0.88644 0.279261 0.0607849 0.046924 0.102493
2 0.90168 0.284449 0.097814 0.0525559 0.101183
2 0.894632 0.284591 0.0848995 0.051366 0.101074
2 0.961552 0.386596 0.0768332 0.0622157 0.100466
2 0.0805141 0.339617 0.102818 0.0532198 0.0931685
5 0.113259 0.118603 0.225888 0.236791 0.0927676
0 0.747888 0.327257 0.0207239 0.0438886 0.0920025
5 0.113356 0.118924 0.225848 0.237332 0.090932
5 0.11257 0.119072 0.224784 0.236609 0.0908841
0 0.774032 0.325133 0.0201685 0.0362711 0.0885392
0 0.731054 0.325296 0.01994 0.0421967 0.0883568
2 0.902423 0.284127 0.0991337 0.0557392 0.0865156
7 0.28353 0.308006 0.146627 0.14598 0.0864573
2 0.902391 0.283504 0.0997385 0.0529399 0.0864543
2 0.90157 0.284824 0.0974705 0.0541182 0.08499
2 0.961775 0.392932 0.0764404 0.0625675 0.0846821
0 0.937502 0.328097 0.0280399 0.0393706 0.0789371
7 0.263587 0.737122 0.525771 0.285783 0.0787192
5 0.113074 0.118788 0.225552 0.236345 0.0783936
12 0.480987 0.7182 0.0277433 0.0806709 0.0779553
2 0.887558 0.286334 0.0683319 0.0520544 0.0776917
2 0.527813 0.379143 0.0986634 0.0412595 0.0775639
7 0.281686 0.291623 0.15156 0.180027 0.0771349
2 0.887496 0.285377 0.0696745 0.0502991 0.075467
7 0.263421 0.744183 0.522575 0.289693 0.0742018
5 0.283687 0.320594 0.145975 0.119651 0.0736989
2 0.0141105 0.333582 0.028221 0.0585907 0.0727198
0 0.107356 0.25735 0.0117666 0.0334316 0.0707828
2 0.71781 0.259863 0.0150234 0.0251177 0.0695551
5 0.161788 0.153551 0.126394 0.154092 0.0692809
0 0.74519 0.32205 0.0171854 0.0401277 0.0691706
0 0.936938 0.327915 0.0275597 0.0379678 0.0685296
2 0.532058 0.379836 0.108647 0.0409122 0.0685035
5 0.112942 0.120637 0.225208 0.24078 0.0684221
5 0.166113 0.152618 0.11725 0.151789 0.068268
2 0.079516 0.340591 0.0917451 0.0519233 0.0668525
2 0.943309 0.397549 0.0422773 0.0510677 0.0667048
2 0.894241 0.284762 0.0831894 0.050115 0.0656571
2 0.960523 0.390016 0.0781473 0.0681069 0.0647618
0 0.0179572 0.295048 0.0173074 0.0324636 0.0629241
0 0.731665 0.315697 0.0157597 0.0305486 0.0627131
2 0.943294 0.399708 0.0415173 0.0457176 0.0625976
7 0.262315 0.738644 0.524625 0.280303 0.0584026
2 0.0152184 0.333264 0.0303468 0.0606707 0.0581723
5 0.162521 0.153206 0.124592 0.152568 0.0577738
2 0.532373 0.377741 0.108323 0.0372758 0.0574328
5 0.283506 0.288826 0.146924 0.181179 0.0568959
5 0.172466 0.152186 0.105153 0.150844 0.0567975
0 0.0439712 0.291014 0.0164111 0.0610513 0.0564557
7 0.262172 0.744541 0.524055 0.240671 0.0559719
5 0.112712 0.122598 0.224361 0.243904 0.0558229
7 0.263362 0.75421 0.523056 0.260972 0.0548374
0 0.0436036 0.282014 0.0169194 0.059093 0.0544237
0 0.0433479 0.276113 0.0154583 0.0468539 0.0543334
0 0.936599 0.329133 0.0278236 0.0381528 0.0540897
0 0.0430399 0.29927 0.0152637 0.0443564 0.053388
0 0.936662 0.328478 0.0275246 0.0375604 0.0521771
0 0.772116 0.323064 0.0192385 0.0380536 0.052007
2 0.493575 0.365989 0.0898022 0.0566543 0.0517712
2 0.493316 0.36288 0.091038 0.0484861 0.0502382
12 0.479358 0.714276 0.0307091 0.089192 0.0501978
0 0.774278 0.325758 0.0207985 0.0367604 0.0501107
2 0.961315 0.391734 0.0773705 0.0660103 0.0498568
7 0.282842 0.289229 0.148824 0.184961 0.0497463
5 0.282415 0.288647 0.152779 0.187284 0.049535
2 0.943481 0.398637 0.0419577 0.0470438 0.0479767
0 0.937104 0.328644 0.0279726 0.0381462 0.0479332
0 0.346574 0.318938 0.0188257 0.0507129 0.0467552
0 0.0641103 0.286301 0.0132612 0.0369719 0.0467123
2 0.902973 0.282612 0.096603 0.0551002 0.0460112
13 0.257374 0.786321 0.513695 0.16329 0.045058
2 0.0168868 0.334095 0.0332696 0.0585164 0.0450527
7 0.264138 0.742416 0.523727 0.292784 0.0445752
9 0.0898171 0.204814 0.0142033 0.0234071 0.0442872
5 0.282956 0.286194 0.149121 0.19262 0.0439386
0 0.0175109 0.294219 0.0163823 0.0332208 0.043789
7 0.2623 0.743452 0.523585 0.291673 0.0437503
2 0.493045 0.365136 0.095848 0.0559163 0.0434917
13 0.259978 0.780244 0.518638 0.180232 0.0416587
0 0.0635042 0.288273 0.0167558 0.039392 0.041215
0 0.00771987 0.296791 0.014865 0.0328822 0.0409658
5 0.112918 0.119509 0.224729 0.237696 0.0404065
2 0.110776 0.327759 0.0475498 0.0406276 0.0403607
0 0.752717 0.32672 0.0255071 0.0414082 0.0403569
2 0.530025 0.390043 0.113483 0.0694103 0.039378
2 0.717968 0.260297 0.0158489 0.0247634 0.0393399
13 0.260184 0.778564 0.519765 0.177409 0.0392227
5 0.168415 0.153382 0.112448 0.151736 0.0385017
5 0.171662 0.153773 0.105281 0.153284 0.038118
0 0.109282 0.258911 0.0130044 0.0269527 0.03788
2 0.94454 0.394862 0.0440205 0.0552896 0.0375225
12 0.478312 0.713937 0.0338829 0.0890366 0.0374001
2 0.106863 0.335429 0.0374413 0.0420378 0.0349281
2 0.530882 0.379812 0.110325 0.0422346 0.0344671
5 0.164045 0.153166 0.121224 0.154773 0.0340537
0 0.738204 0.326025 0.0187634 0.0446701 0.0339978
9 0.0538768 0.22286 0.00973577 0.0232915 0.0334934
7 0.266681 0.741476 0.530852 0.292819 0.033442
0 0.0408123 0.286914 0.0157362 0.0625605 0.0332574
2 0.532628 0.377424 0.1073 0.0396301 0.0330722
0 0.0447007 0.268312 0.0132809 0.0352884 0.0329344
0 0.0183252 0.298653 0.0229443 0.0398994 0.0328653
2 0.887085 0.275624 0.0619585 0.0376297 0.0328346
9 0.200641 0.0585102 0.0199428 0.037294 0.0326856
2 0.106397 0.334124 0.0554649 0.0508384 0.0325746
7 0.283127 0.230747 0.148943 0.303073 0.0319977
0 0.751569 0.322903 0.0179741 0.0393727 0.0317344
7 0.261627 0.771493 0.523253 0.211069 0.0315816
7 0.282718 0.23928 0.149405 0.285097 0.0309529
13 0.258575 0.78402 0.516363 0.160138 0.0309328
12 0.482497 0.726807 0.0262409 0.0659192 0.030899
5 0.163428 0.152313 0.122513 0.152813 0.0304604
7 0.282488 0.286918 0.149019 0.189702 0.0304375
0 0.346736 0.320397 0.0187572 0.0477656 0.0302554
2 0.886458 0.287255 0.0688473 0.0508184 0.0302528
2 0.970088 0.373873 0.0595757 0.0378492 0.0299898
0 0.766861 0.324525 0.0235295 0.0378213 0.0298822
0 0.0603581 0.286606 0.0165725 0.0401823 0.0297025
9 0.458667 0.0307244 0.100644 0.0614487 0.0286769
0 0.0418992 0.286028 0.0172349 0.0665319 0.0285629
2 0.222751 0.320747 0.0244503 0.0348496 0.027974
0 0.735763 0.322977 0.0194032 0.0427125 0.0277884
5 0.112565 0.164058 0.225131 0.294654 0.0276685
9 0.201035 0.0579242 0.020031 0.0389486 0.027567
5 0.1136 0.188577 0.0286827 0.0336413 0.0274236
13 0.247648 0.785307 0.494136 0.158437 0.0273741
1 0.763385 0.32641 0.0340637 0.0394177 0.0269544
2 0.825442 0.271578 0.0501774 0.0387188 0.0267179
0 0.774028 0.322936 0.0203102 0.0370564 0.0266228
0 0.732737 0.327323 0.0199005 0.0426096 0.0265614
0 0.0627964 0.284895 0.0124325 0.0347648 0.026361
5 0.114337 0.190897 0.0306743 0.0392418 0.0252736
2 0.0174076 0.337363 0.0345098 0.0537055 0.0248211
7 0.283007 0.32683 0.139147 0.108527 0.0246721
7 0.415676 0.674362 0.828001 0.465186 0.0245686
2 0.943553 0.39975 0.0437738 0.0493547 0.024504
7 0.378756 0.677193 0.756503 0.467801 0.0243444
0 0.772706 0.326658 0.0205154 0.0397255 0.0241433
9 0.130164 0.247057 0.0123584 0.0299092 0.0237069
0 0.0287525 0.300584 0.0157796 0.0348306 0.0236632
0 0.0127083 0.296891 0.0199196 0.0378687 0.0233939
5 0.113264 0.152219 0.226048 0.299871 0.0231834
2 0.852449 0.264751 0.0219139 0.0232736 0.0230696
5 0.161739 0.154074 0.12907 0.154612 0.0230126
5 0.282672 0.255174 0.152416 0.257967 0.0229184
2 0.0125007 0.533333 0.0248709 0.05963 0.0223864
7 0.267999 0.666891 0.53374 0.431669 0.0222936
0 0.936048 0.335538 0.027961 0.0507858 0.0222758
2 0.513352 0.365952 0.138062 0.0616651 0.0222239
2 0.975387 0.393247 0.0484203 0.0595068 0.0221934
2 0.975425 0.375857 0.0482857 0.0346624 0.0218536
9 0.458461 0.0298443 0.101701 0.0596887 0.0217392
0 0.0604583 0.287871 0.0183393 0.0411073 0.0213307
5 0.283313 0.296502 0.148957 0.166409 0.0211599
2 0.966644 0.394559 0.0663868 0.0607263 0.0209121
5 0.280905 0.277253 0.147621 0.118087 0.0208569
9 0.436796 0.0268995 0.0606545 0.0537991 0.0206625
9 0.457516 0.0299364 0.103801 0.0597133 0.0206271
2 0.904359 0.263316 0.0226074 0.0180473 0.0204796
9 0.437058 0.0272111 0.0620399 0.0541253 0.0204703
2 0.8987 0.26498 0.0336159 0.0175387 0.0204154
2 0.908581 0.28478 0.115037 0.0553312 0.0198211
2 0.978246 0.371214 0.0426062 0.0328173 0.0197432
1 0.727279 0.324606 0.0302871 0.0406446 0.0196903
2 0.0783362 0.339138 0.0999169 0.0602327 0.0196149
0 0.129539 0.247932 0.0132775 0.0313233 0.0195284
2 0.0667967 0.339561 0.128077 0.0529343 0.0186719
2 0.0999827 0.34166 0.0457908 0.0494284 0.0183964
9 0.439631 0.0271742 0.0623316 0.0539231 0.0183649
9 0.0536041 0.226068 0.0101217 0.0254945 0.0181337
2 0.942498 0.39726 0.0395203 0.0449695 0.0180007
0 0.0263207 0.302112 0.0273759 0.0407693 0.0177852
5 0.113873 0.188794 0.028235 0.0333976 0.0175264
2 0.528983 0.388638 0.115142 0.0675686 0.017515
9 0.439474 0.0272511 0.0598618 0.0538812 0.0174017
2 0.903297 0.284213 0.101074 0.0473924 0.0172036
2 0.220143 0.322575 0.0219328 0.0321073 0.0171011
2 0.505741 0.357639 0.0653899 0.0379 0.0167414
5 0.173094 0.153148 0.103208 0.15108 0.0166071
2 0.468878 0.367959 0.0464034 0.0513668 0.0164606
9 0.436716 0.0271235 0.0601847 0.0536799 0.0164246
5 0.168913 0.152313 0.109487 0.148996 0.0163982
9 0.455347 0.029618 0.108085 0.0592361 0.0161977
9 0.457075 0.0306255 0.103181 0.0609121 0.0161262
2 0.531317 0.378442 0.108452 0.0403869 0.0161176
0 0.886944 0.458425 0.0152897 0.0228588 0.0161161
5 0.113278 0.160686 0.225426 0.314267 0.0160319
2 0.985709 0.304772 0.0279034 0.0406216 0.0158999
2 0.0119326 0.531618 0.0237378 0.0613302 0.0156997
9 0.20041 0.0561928 0.0232746 0.0434661 0.015611
2 0.530161 0.392188 0.114031 0.0675701 0.0155988
2 0.527774 0.392432 0.115873 0.0685998 0.0154842
9 0.454066 0.0297431 0.112064 0.0593868 0.0154444
