2 0.675236 0.316091 0.0910706 0.112728 0.776342
2 0.675346 0.316239 0.0906841 0.112758 0.7578
2 0.675091 0.316147 0.0910434 0.112736 0.737537
2 0.675348 0.316102 0.0908745 0.112358 0.736056
2 0.675445 0.315791 0.090847 0.111447 0.722229
2 0.67487 0.316015 0.0911428 0.111954 0.701777
2 0.67501 0.316009 0.0925054 0.113012 0.695272
2 0.675128 0.315941 0.0907263 0.111784 0.690287
2 0.675532 0.315775 0.0902906 0.111797 0.647952
2 0.67533 0.315586 0.0910505 0.110904 0.646095
0 0.0418463 0.308716 0.0403069 0.101155 0.629828
2 0.178502 0.250779 0.121228 0.0828765 0.617885
2 0.178179 0.250768 0.120889 0.0827625 0.609245
0 0.0418571 0.308999 0.0403673 0.1006 0.596139
2 0.178863 0.251213 0.122221 0.0841 0.585037
2 0.178559 0.251226 0.121898 0.0831089 0.583697
2 0.178566 0.251069 0.121338 0.0831811 0.567676
0 0.0417528 0.309408 0.0398503 0.100622 0.544492
2 0.179192 0.250904 0.122944 0.083602 0.516105
2 0.17892 0.251523 0.121785 0.0839985 0.42358
0 0.299963 0.144341 0.0198629 0.0665177 0.421298
0 0.300494 0.14462 0.02047 0.0665137 0.413985
0 0.0416764 0.309791 0.0393621 0.0990094 0.370993
2 0.177447 0.251272 0.121024 0.0812104 0.365768
0 0.300235 0.144571 0.0209966 0.0670775 0.344237
0 0.30099 0.144578 0.0210822 0.0664436 0.339366
2 0.178574 0.248418 0.120891 0.0875401 0.3238
0 0.300393 0.144579 0.0216703 0.0680437 0.321888
0 0.0709183 0.276013 0.0288814 0.102031 0.301274
0 0.0713341 0.271983 0.0291773 0.0946818 0.279065
0 0.0418755 0.309223 0.0398038 0.0972162 0.276007
1 0.14169 0.286546 0.0319355 0.0543786 0.269701
0 0.300312 0.143988 0.0194217 0.0673625 0.262383
5 0.87524 0.125694 0.0606949 0.149085 0.259093
0 0.0414888 0.309369 0.0387245 0.0998639 0.257625
1 0.136991 0.287259 0.0316752 0.056624 0.253148
2 0.177847 0.253702 0.123254 0.0836234 0.242696
0 0.069557 0.26879 0.0267036 0.0876097 0.239857
1 0.141743 0.287717 0.0326792 0.0532242 0.232533
0 0.0706061 0.270551 0.0300823 0.0926531 0.230125
1 0.136241 0.283057 0.0313414 0.0632341 0.229694
5 0.874608 0.127781 0.0623833 0.153333 0.221705
0 0.0416261 0.308705 0.0391526 0.0983011 0.217481
5 0.875351 0.127892 0.0611263 0.153956 0.202005
0 0.0413889 0.313087 0.0402145 0.0925004 0.200724
1 0.0827448 0.299123 0.0354687 0.0633842 0.200319
0 0.299855 0.144333 0.0189235 0.0676164 0.193784
5 0.875495 0.126797 0.0620522 0.15199 0.171906
5 0.875173 0.124787 0.0607788 0.147165 0.170841
1 0.0832026 0.300204 0.033657 0.0601684 0.150541
1 0.0832788 0.301789 0.0325215 0.0588409 0.149705
0 0.0699698 0.256568 0.0262241 0.0626948 0.145194
0 0.0832657 0.294363 0.0318767 0.0673924 0.14404
5 0.87571 0.12361 0.0616085 0.145735 0.141453
0 0.0433297 0.307647 0.0422839 0.104425 0.133693
5 0.2084 0.150558 0.101423 0.107716 0.133267
0 0.381018 0.161579 0.019474 0.0544613 0.124488
2 0.182114 0.251444 0.11173 0.0826361 0.111698
0 0.04209 0.311957 0.0382127 0.0909534 0.111449
1 0.142367 0.283531 0.0303427 0.0601995 0.110809
1 0.134096 0.2729 0.0310428 0.0820044 0.109894
5 0.87547 0.12489 0.0603083 0.149215 0.10882
0 0.0698236 0.253308 0.0255976 0.0563071 0.10687
1 0.0835417 0.298753 0.0333574 0.0606971 0.105779
0 0.380697 0.16031 0.0191639 0.0577 0.102913
0 0.30121 0.141906 0.0208803 0.0620282 0.102561
0 0.0729557 0.283535 0.0302221 0.091191 0.102372
1 0.0829202 0.305528 0.0300626 0.0554293 0.10084
0 0.0435743 0.307774 0.0375653 0.0960095 0.0846181
5 0.855916 0.131862 0.104983 0.224809 0.0837149
2 0.16583 0.2411 0.0880948 0.063922 0.0835344
9 0.46216 0.060799 0.0132519 0.0281754 0.082923
0 0.0694365 0.251623 0.0250052 0.0537665 0.0797951
9 0.459767 0.0577366 0.00980053 0.0206892 0.0783509
2 0.164664 0.239624 0.0902168 0.0590178 0.0770394
7 0.984118 0.107447 0.0312418 0.0870436 0.074898
0 0.0855799 0.297903 0.0299683 0.06238 0.0746925
0 0.300434 0.143007 0.0220218 0.0653301 0.0741153
2 0.164182 0.238944 0.0881343 0.0562123 0.0703521
1 0.0845683 0.301287 0.0310941 0.0597031 0.0693443
5 0.221861 0.151213 0.0759055 0.101206 0.065265
0 0.04101 0.308725 0.0381541 0.0980732 0.0642548
1 0.0738303 0.304632 0.0256974 0.0521354 0.0635633
0 0.0708662 0.252811 0.0270357 0.0543876 0.0626226
2 0.211367 0.255889 0.0490548 0.0717834 0.0600763
1 0.133489 0.271643 0.0333403 0.0832201 0.0591182
0 0.0711052 0.252917 0.028109 0.0551888 0.0581283
2 0.179378 0.246949 0.114138 0.0853279 0.0563012
5 0.848322 0.157742 0.110645 0.269378 0.0562786
5 0.215071 0.15144 0.0870079 0.103185 0.055893
0 0.381722 0.159358 0.02225 0.060111 0.0555658
1 0.0838074 0.300189 0.0329638 0.0609914 0.0548177
2 0.841673 0.187691 0.0706696 0.0966552 0.0512298
0 0.241394 0.184666 0.0179197 0.0335813 0.0507082
0 0.946886 0.1705 0.0393522 0.0881336 0.0504894
0 0.946114 0.171005 0.0382685 0.0854283 0.0504276
0 0.0672449 0.272403 0.0323704 0.0927631 0.0493156
2 0.213687 0.18803 0.0367323 0.0397635 0.0493076
5 0.877679 0.102366 0.0746174 0.204731 0.0482091
9 0.953824 0.12622 0.0147226 0.0259546 0.0475608
5 0.861159 0.141071 0.0835194 0.183013 0.0471156
0 0.0816584 0.297806 0.0379549 0.0637724 0.0469993
5 0.224011 0.151415 0.0770445 0.102776 0.0465273
9 0.0109568 0.00949137 0.0211939 0.0188977 0.0448345
5 0.848499 0.141364 0.10991 0.235492 0.0442967
0 0.0757848 0.27655 0.0403478 0.101955 0.0439851
2 0.161912 0.240027 0.0846541 0.0570162 0.0420606
1 0.0748719 0.301888 0.0269027 0.0556103 0.0419403
0 0.945451 0.169739 0.0353153 0.0781804 0.041862
0 0.0677139 0.266055 0.0300614 0.0807689 0.0405018
5 0.217128 0.152386 0.0729539 0.105508 0.0403676
2 0.212291 0.188307 0.0388625 0.0391397 0.0402539
2 0.192151 0.25319 0.0915559 0.0790069 0.0401156
2 0.84239 0.187449 0.0744087 0.1016 0.0400244
2 0.208026 0.25479 0.0606938 0.072351 0.0399744
0 0.0783197 0.282275 0.025191 0.0747636 0.039809
5 0.866723 0.107894 0.0863461 0.206046 0.039608
5 0.965432 0.138082 0.0687922 0.152394 0.039558
5 0.207492 0.149239 0.102435 0.108612 0.0391114
9 0.464392 0.0575637 0.0122431 0.0206373 0.0389515
2 0.962066 0.180607 0.0726276 0.0730773 0.038864
0 0.0709118 0.251084 0.0275428 0.053098 0.0387155
5 0.964619 0.137489 0.0702785 0.149175 0.0386182
0 0.544355 0.180047 0.0129607 0.0344291 0.0382459
2 0.176739 0.200437 0.0580111 0.0278001 0.038176
2 0.958187 0.178622 0.0623953 0.0762138 0.0375064
5 0.866155 0.124 0.119482 0.235157 0.0371435
2 0.844528 0.186742 0.0705462 0.102184 0.0370935
5 0.853511 0.154676 0.105518 0.257343 0.0368669
7 0.96594 0.140833 0.0676506 0.154102 0.0365993
5 0.223994 0.150096 0.0616648 0.0971899 0.036275
2 0.858758 0.201967 0.0245558 0.0676057 0.0355244
2 0.201599 0.253027 0.0732688 0.0755839 0.0353563
5 0.227907 0.147683 0.0605435 0.0938895 0.0349181
1 0.131971 0.256663 0.0303095 0.0540782 0.034882
0 0.242409 0.185544 0.0158187 0.0338381 0.034314
0 0.0735877 0.277215 0.0402591 0.102746 0.0333009
2 0.814791 0.268839 0.0280014 0.0350323 0.0330431
2 0.816251 0.266783 0.0226828 0.0282853 0.0326903
5 0.221175 0.151463 0.074066 0.102494 0.0321348
2 0.863828 0.190037 0.0352825 0.093243 0.0320264
2 0.213882 0.189505 0.0412233 0.0385621 0.0318528
2 0.960724 0.180958 0.06854 0.0730435 0.0317955
1 0.136329 0.27935 0.0382665 0.0675652 0.0313013
5 0.210244 0.15102 0.0917902 0.103658 0.0310706
2 0.164149 0.225768 0.0832039 0.0331958 0.0306191
0 0.955185 0.122041 0.0144474 0.0304719 0.0306121
2 0.178248 0.253393 0.123476 0.0845191 0.0305864
2 0.864211 0.205053 0.0351685 0.0634951 0.0300436
2 0.217659 0.260505 0.0370525 0.0615363 0.0296654
7 0.962064 0.14088 0.0746654 0.152167 0.0294977
5 0.234363 0.141993 0.0638568 0.0833455 0.0291722
5 0.855637 0.138312 0.101601 0.178767 0.029142
2 0.162547 0.245148 0.0849922 0.0683214 0.0285113
0 0.946737 0.162242 0.0366356 0.0952308 0.0283971
5 0.856461 0.126366 0.101663 0.152884 0.0283159
0 0.0870293 0.295517 0.0254374 0.0612693 0.0282831
0 0.946017 0.176884 0.0381433 0.0736453 0.0282574
2 0.988315 0.10799 0.022765 0.0829074 0.0281744
0 0.890583 0.169177 0.0215981 0.0596253 0.0281631
5 0.961492 0.144436 0.0761642 0.142911 0.0279889
2 0.213813 0.255733 0.0482708 0.0689869 0.0277169
0 0.871807 0.156889 0.0167709 0.0391369 0.0276718
2 0.958755 0.174376 0.0654348 0.0833277 0.0273099
5 0.209168 0.150441 0.0951267 0.103219 0.0272215
5 0.853695 0.1433 0.107702 0.185389 0.0270857
2 0.840754 0.187663 0.0761467 0.101769 0.0270312
9 0.00960242 0.00840074 0.0191289 0.0166697 0.0263322
1 0.146552 0.276508 0.0206838 0.0732937 0.0261599
0 0.950735 0.138731 0.0208019 0.0437606 0.0260502
2 0.864756 0.20581 0.0360306 0.062899 0.0259839
2 0.858006 0.207019 0.0219566 0.0584034 0.0259825
1 0.0843725 0.305738 0.0309916 0.0549098 0.0257938
2 0.213444 0.189469 0.0360847 0.0404929 0.0254083
2 0.991093 0.0857673 0.0170286 0.038701 0.0251365
0 0.0427141 0.313274 0.0351403 0.0881963 0.0244438
2 0.840636 0.189745 0.0762993 0.0925708 0.024162
2 0.843044 0.184469 0.0644634 0.0928886 0.0240496
2 0.179579 0.20142 0.0480388 0.0266496 0.0238272
2 0.167788 0.249815 0.0874462 0.0780906 0.0235964
0 0.302316 0.144945 0.0248555 0.0669025 0.0234319
2 0.181845 0.252206 0.126642 0.0798278 0.0233953
0 0.383198 0.154865 0.0211678 0.0534407 0.0233221
7 0.964258 0.1418 0.0709423 0.153359 0.0232646
1 0.129777 0.284436 0.028878 0.060729 0.0230355
2 0.217011 0.267275 0.0339968 0.0491118 0.0228855
0 0.0678284 0.253507 0.0274456 0.0556441 0.0223134
0 0.207984 0.19981 0.0189817 0.0274045 0.0221988
9 0.126556 0.0574326 0.0158511 0.0449565 0.0220717
0 0.949581 0.178637 0.045129 0.07324 0.0219453
0 0.130961 0.24922 0.0290792 0.0409676 0.0218142
2 0.861979 0.187208 0.0326511 0.0982156 0.0217989
2 0.213269 0.184726 0.0379326 0.0418191 0.0216793
0 0.54306 0.175506 0.0188269 0.0442354 0.0214483
9 0.126315 0.0575788 0.0155217 0.0462799 0.0214109
0 0.404231 0.125793 0.0135008 0.0278978 0.0212831
1 0.945826 0.186086 0.0368896 0.0576031 0.0211346
5 0.201011 0.146391 0.111451 0.114798 0.0210993
9 0.460243 0.0613091 0.0143421 0.0277689 0.0210217
7 0.212442 0.184385 0.0396582 0.0443715 0.0206326
2 0.177105 0.199648 0.0516378 0.0242633 0.0204167
0 0.403892 0.128134 0.0126283 0.028916 0.0202996
2 0.990003 0.0887378 0.0192562 0.0435251 0.0200898
5 0.987185 0.106295 0.024976 0.081592 0.0200815
0 0.0750295 0.2739 0.0406937 0.0993319 0.0199974
0 0.947175 0.149663 0.0274765 0.0536112 0.0198479
2 0.814389 0.264571 0.0281456 0.0367785 0.0196621
2 0.170563 0.204049 0.0666953 0.0340612 0.0196158
2 0.838827 0.186776 0.077356 0.103206 0.0194676
9 0.986628 0.127129 0.0253954 0.0417799 0.0192765
5 0.962669 0.138955 0.0738648 0.152697 0.0189377
7 0.981398 0.107307 0.0367603 0.0845316 0.0187427
9 0.123151 0.0941243 0.0152251 0.0327793 0.0187052
2 0.163966 0.226334 0.0809353 0.0332348 0.0186657
5 0.87454 0.151262 0.0597855 0.0902621 0.0185991
5 0.230388 0.143988 0.0607883 0.0872889 0.0185605
0 0.132012 0.271898 0.0328923 0.081116 0.0184965
5 0.985392 0.107817 0.0286058 0.08349 0.0175914
9 0.192774 0.143849 0.0110846 0.0267871 0.0174171
9 0.7792 0.1186 0.0225381 0.0743386 0.0171565
0 0.544809 0.181684 0.0134449 0.0307619 0.0171499
5 0.850011 0.126217 0.111758 0.237773 0.0166189
2 0.815166 0.270708 0.0300064 0.0375996 0.0163552
2 0.184808 0.197912 0.031087 0.0242347 0.0162936
0 0.943808 0.173698 0.0372379 0.0741343 0.0162729
5 0.233726 0.145869 0.0623745 0.0914823 0.0161486
9 0.464284 0.0658675 0.0154686 0.0349691 0.0158981
5 0.874252 0.11788 0.0582413 0.131901 0.015897
2 0.210434 0.186273 0.0433606 0.0355654 0.0157802
2 0.994531 0.225578 0.0102821 0.0530318 0.0157101
1 0.144305 0.287317 0.0301804 0.0534338 0.0155457
2 0.815106 0.265691 0.025317 0.0314285 0.015371
2 0.23022 0.261393 0.0285546 0.0526063 0.0152501
5 0.977325 0.138566 0.0449234 0.149387 0.0151622
2 0.227935 0.264632 0.0307628 0.0483643 0.015143
5 0.961901 0.160271 0.0742708 0.111336 0.0148231
1 0.0726064 0.305825 0.0237487 0.0576682 0.0147798
5 0.874096 0.11279 0.0592474 0.127983 0.0146667
5 0.235104 0.138645 0.0628045 0.0769526 0.0146544
2 0.815361 0.269798 0.0279158 0.0352861 0.0144201
2 0.97405 0.117884 0.0196056 0.0406424 0.014391
1 0.146187 0.286864 0.025071 0.0530093 0.0142791
0 0.0635219 0.296394 0.0284773 0.0569697 0.0141806
1 0.131761 0.273981 0.0317758 0.0817592 0.0140677
0 0.125955 0.246528 0.0208589 0.0349366 0.0137877
2 0.165199 0.222536 0.0783557 0.0357512 0.0137239
2 0.238439 0.257244 0.0174097 0.0364524 0.013657
2 0.159588 0.238021 0.080995 0.0530058 0.0136012
2 0.238021 0.2615 0.0195658 0.0438936 0.0135106
0 0.95238 0.126576 0.0216873 0.0370111 0.0135084
1 0.945512 0.191351 0.0348831 0.0480587 0.0134312
5 0.208219 0.152035 0.0873109 0.107296 0.0129697
6 0.981359 0.110124 0.0367958 0.09045 0.0128401
0 0.129993 0.25778 0.0293179 0.0564727 0.0128099
0 0.952644 0.137771 0.0208607 0.0457026 0.012789
2 0.234901 0.256908 0.0225804 0.0478512 0.0126438
9 0.126293 0.0520711 0.0137925 0.0344616 0.0126188
0 0.872448 0.16075 0.0170021 0.0467602 0.0125973
5 0.204907 0.14788 0.0996025 0.106565 0.0125349
0 0.945043 0.178239 0.0375187 0.070021 0.0125006
5 0.235893 0.137132 0.0620173 0.0740268 0.01242
5 0.846966 0.158923 0.111596 0.279326 0.0123929
0 0.958808 0.115151 0.011714 0.0243718 0.0122486
2 0.208277 0.267771 0.0356428 0.0494753 0.0120541
2 0.212755 0.190973 0.0331088 0.0410082 0.0117627
2 0.821728 0.238902 0.0458838 0.103448 0.0116759
0 0.889848 0.16873 0.0232704 0.0610438 0.0116583
6 0.980262 0.122591 0.0390308 0.115139 0.0116176
2 0.857233 0.208641 0.0206715 0.0612147 0.0116064
5 0.919137 0.0988103 0.161725 0.197621 0.0115986
2 0.69472 0.0767322 0.0146273 0.0178209 0.0115862
1 0.137563 0.281063 0.0391996 0.072299 0.011461
0 0.569385 0.171641 0.0136385 0.0386148 0.0111614
0 0.137442 0.254589 0.0324095 0.0420131 0.0111117
0 0.569259 0.170765 0.0144236 0.0405911 0.0109673
2 0.2158 0.254618 0.0457338 0.0692502 0.0109269
0 0.381698 0.15905 0.0224721 0.0569486 0.0109094
13 0.408068 0.161781 0.0685694 0.0459536 0.0109041
0 0.377544 0.16066 0.0261041 0.0580547 0.0108939
0 0.779747 0.148458 0.0127747 0.0260604 0.0106871
0 0.385224 0.160208 0.0281373 0.0572299 0.0106831
0 0.177807 0.261754 0.0240461 0.0557281 0.0106362
0 0.302058 0.144315 0.0241564 0.0666888 0.0103187
0 0.98068 0.12061 0.0386396 0.0634303 0.0102589
0 0.198121 0.256154 0.0272115 0.072416 0.0102491
0 0.780221 0.150024 0.0107544 0.0235502 0.0102381
0 0.964835 0.130679 0.021419 0.0467057 0.0101225
2 0.218525 0.184655 0.0444444 0.0355512 0.0100154
2 0.991722 0.08145 0.0157974 0.0330214 0.00986178
5 0.87449 0.154024 0.0586376 0.0907361 0.0097823
0 0.864538 0.185449 0.034557 0.10175 0.00972178
2 0.238162 0.2513 0.0180624 0.0286612 0.00971422
2 0.839386 0.202913 0.0751556 0.070715 0.0096034
2 0.994242 0.222603 0.0108494 0.050754 0.00958039
2 0.177268 0.197714 0.0348063 0.0250497 0.00957264
0 0.147983 0.286021 0.0214355 0.0520699 0.00940591
9 0.778806 0.0945116 0.0161676 0.0258546 0.00935253
1 0.95047 0.189094 0.0459223 0.0541966 0.00934603
0 0.0442307 0.183691 0.0156538 0.0392747 0.00933671
2 0.819618 0.239115 0.0414352 0.102678 0.00931708
