5 0.680294 0.106043 0.0896052 0.136648 0.883521
5 0.680342 0.105449 0.0891069 0.136841 0.837931
5 0.680382 0.106025 0.0893818 0.136754 0.830559
5 0.680515 0.105786 0.0897692 0.137526 0.801237
5 0.68057 0.105615 0.0895826 0.136709 0.789984
5 0.68042 0.105464 0.0905188 0.136959 0.783537
5 0.680565 0.10537 0.0901336 0.137125 0.770043
5 0.679888 0.105505 0.0891951 0.13643 0.737543
5 0.680552 0.105161 0.0901953 0.136619 0.716398
5 0.275903 0.213826 0.153883 0.234628 0.708947
5 0.275387 0.212273 0.154102 0.238539 0.707951
5 0.2764 0.214146 0.150983 0.233683 0.62464
5 0.27617 0.211891 0.152008 0.23857 0.621387
5 0.275852 0.208476 0.154324 0.245123 0.612868
5 0.276909 0.214937 0.151099 0.232706 0.606783
2 0.552547 0.129586 0.0386209 0.0490554 0.596724
2 0.105246 0.254757 0.0972024 0.120062 0.59242
5 0.679757 0.105474 0.0885087 0.137093 0.578021
5 0.276896 0.212648 0.151813 0.237375 0.571747
2 0.105576 0.255186 0.0971463 0.119702 0.569828
2 0.10545 0.255109 0.0965886 0.118892 0.55486
2 0.552722 0.13002 0.038275 0.0488953 0.549955
2 0.594103 0.32261 0.0820957 0.118163 0.546525
5 0.27649 0.206109 0.151791 0.24891 0.542661
2 0.552282 0.128463 0.0402366 0.0486951 0.541162
2 0.105399 0.254902 0.0962843 0.120297 0.537684
2 0.105504 0.254743 0.0967736 0.118553 0.537359
2 0.594493 0.322659 0.08167 0.117794 0.534344
2 0.105154 0.254502 0.0970066 0.119836 0.53423
2 0.105164 0.254562 0.096512 0.121091 0.526494
2 0.594542 0.322397 0.0822317 0.117987 0.525203
2 0.594048 0.322834 0.0816359 0.118042 0.52252
2 0.552084 0.129357 0.0395611 0.0489405 0.518014
2 0.1055 0.254854 0.0969733 0.120776 0.507417
2 0.552912 0.130637 0.0380133 0.0483435 0.505883
2 0.594132 0.322738 0.082101 0.117897 0.504315
2 0.484081 0.209312 0.0547861 0.0824433 0.499451
2 0.483905 0.20903 0.0558287 0.0816069 0.499096
2 0.105406 0.254951 0.0964392 0.119847 0.499077
2 0.552763 0.130175 0.0377548 0.0492859 0.484655
2 0.593595 0.322318 0.0831793 0.118533 0.481186
2 0.551501 0.128366 0.0396866 0.0486094 0.479754
5 0.692124 0.268482 0.0676027 0.10161 0.473828
2 0.105572 0.254872 0.0967596 0.119588 0.464013
2 0.594194 0.322601 0.0816067 0.117875 0.459399
2 0.594554 0.32251 0.0823744 0.118094 0.458889
2 0.552121 0.130626 0.0397673 0.0487088 0.453487
2 0.484332 0.209124 0.0564529 0.0828506 0.443313
5 0.277189 0.204348 0.152235 0.253402 0.435168
2 0.593457 0.322296 0.0833382 0.118729 0.422745
2 0.594684 0.32236 0.0815948 0.118077 0.417656
2 0.483553 0.209125 0.0570881 0.0818155 0.416876
2 0.483125 0.209283 0.0567212 0.0818763 0.40477
39 0.727407 0.842408 0.188353 0.314311 0.390912
5 0.692318 0.268418 0.0674418 0.101167 0.390371
2 0.48373 0.209384 0.0578413 0.0826105 0.387431
2 0.483847 0.209262 0.0568289 0.0820741 0.380707
2 0.483944 0.2092 0.057328 0.0818057 0.377323
5 0.692366 0.268298 0.0674253 0.101161 0.375709
5 0.691376 0.269015 0.0685389 0.101618 0.360356
2 0.692119 0.268768 0.0677349 0.100843 0.35851
5 0.888835 0.372447 0.221115 0.360494 0.354857
5 0.692066 0.2686 0.0681847 0.101071 0.351324
2 0.552837 0.1297 0.0387484 0.0506472 0.350875
5 0.888629 0.372513 0.22106 0.358979 0.346162
5 0.888866 0.372924 0.220614 0.361562 0.345876
5 0.888983 0.3756 0.221669 0.367442 0.332683
5 0.692158 0.268766 0.0673828 0.101002 0.328302
2 0.483581 0.209333 0.0576077 0.0820566 0.327793
5 0.692394 0.268757 0.0676975 0.100803 0.308318
2 0.398544 0.160808 0.042812 0.0822676 0.296125
39 0.727198 0.842048 0.189326 0.314486 0.291347
2 0.184887 0.172269 0.053159 0.0632265 0.289192
39 0.726733 0.842413 0.188826 0.314247 0.274553
39 0.727265 0.842596 0.190661 0.313947 0.273119
2 0.00798348 0.267193 0.0158402 0.0855353 0.261054
40 0.726839 0.84299 0.190707 0.313215 0.252755
2 0.483577 0.209202 0.0567569 0.0812632 0.250749
5 0.889348 0.371889 0.221279 0.359175 0.244894
5 0.691252 0.269235 0.0684827 0.101435 0.240911
39 0.727578 0.842649 0.190099 0.314074 0.237856
2 0.398654 0.161033 0.0434695 0.08208 0.230369
39 0.727067 0.842632 0.190596 0.313928 0.230077
5 0.888697 0.372536 0.220866 0.35902 0.227285
5 0.889201 0.372116 0.22044 0.359266 0.219699
5 0.692422 0.268761 0.0684751 0.101068 0.213421
39 0.727598 0.842971 0.191922 0.313366 0.202694
2 0.182924 0.172108 0.0529412 0.0627995 0.198511
39 0.727311 0.84213 0.187692 0.31405 0.195625
2 0.00809882 0.266223 0.0160264 0.0873953 0.194932
5 0.886877 0.576549 0.224837 0.846053 0.1838
39 0.72671 0.842509 0.190922 0.31374 0.18379
2 0.39886 0.161757 0.0442126 0.083648 0.182381
5 0.276108 0.212985 0.150423 0.226688 0.18157
2 0.00657578 0.266204 0.0131516 0.0849574 0.178797
5 0.457064 0.0894229 0.0379677 0.0539758 0.1765
2 0.398847 0.161118 0.0432383 0.0829344 0.174273
2 0.006215 0.267302 0.0123891 0.0836522 0.17327
2 0.553592 0.130636 0.0383639 0.0482646 0.170511
2 0.48435 0.209002 0.0547087 0.0823639 0.163529
2 0.18483 0.173028 0.0535255 0.0640989 0.163062
2 0.00691643 0.264774 0.0136988 0.0858335 0.162461
2 0.185208 0.173069 0.0512004 0.0641688 0.160738
5 0.457426 0.0886051 0.037772 0.0529254 0.16069
5 0.887677 0.58502 0.22322 0.820917 0.158942
5 0.278552 0.185872 0.151159 0.294001 0.157718
5 0.888229 0.58692 0.222852 0.826161 0.157543
5 0.888849 0.373643 0.221909 0.361898 0.155078
5 0.277319 0.215399 0.151332 0.23522 0.154782
5 0.888926 0.589425 0.220769 0.798388 0.151005
2 0.185295 0.172497 0.0522746 0.0634427 0.147761
2 0.398447 0.160918 0.0431228 0.0817635 0.145443
5 0.888342 0.586513 0.22238 0.814754 0.141644
5 0.456668 0.0891427 0.0388667 0.0528005 0.134058
5 0.275417 0.202221 0.149787 0.200987 0.129218
2 0.39863 0.161403 0.0426795 0.0811283 0.124887
5 0.888337 0.593386 0.221614 0.807753 0.124146
2 0.00614247 0.268639 0.0121426 0.0803953 0.122329
2 0.394385 0.467087 0.0312421 0.0553242 0.118954
2 0.398699 0.161266 0.0433426 0.0810613 0.118757
2 0.604925 0.0984106 0.0305432 0.0499854 0.117038
5 0.605057 0.0971565 0.0303372 0.0512954 0.116266
5 0.887967 0.593417 0.223405 0.809866 0.114981
2 0.562447 0.0891717 0.0261719 0.0416396 0.113364
2 0.562996 0.0898855 0.0260681 0.0423734 0.113221
5 0.887474 0.58081 0.223873 0.83238 0.112963
2 0.605259 0.0978986 0.0300284 0.0510512 0.110073
2 0.184646 0.172501 0.0502652 0.0633259 0.1097
2 0.562586 0.0891495 0.0264437 0.0421438 0.109509
2 0.617823 0.212752 0.0352648 0.0172233 0.108098
2 0.398837 0.16306 0.0426876 0.0787678 0.103573
2 0.268127 0.105956 0.0470574 0.0238353 0.0977786
2 0.551575 0.12999 0.0405704 0.0491157 0.0972002
2 0.605412 0.09773 0.030287 0.0511923 0.0971635
2 0.549661 0.128799 0.0447331 0.0493682 0.0970462
2 0.185397 0.173633 0.0519816 0.064981 0.097025
5 0.888863 0.374187 0.220918 0.363485 0.0965675
2 0.39864 0.16149 0.0442427 0.0815509 0.0954397
2 0.605027 0.0978747 0.0308091 0.0508713 0.0944788
2 0.563296 0.0117777 0.0197886 0.0227409 0.0936794
5 0.8885 0.378203 0.222421 0.372703 0.0900518
2 0.398779 0.161303 0.0424432 0.0809899 0.0899733
2 0.229521 0.11791 0.0319296 0.0394159 0.0897919
2 0.180584 0.170964 0.0463902 0.0600347 0.0885276
2 0.269877 0.105307 0.0445502 0.0242571 0.0864265
0 0.987886 0.160058 0.0236645 0.0706087 0.0861347
2 0.398629 0.163368 0.0439027 0.0795975 0.0855306
2 0.269544 0.10516 0.0413596 0.0210365 0.0832486
2 0.228241 0.119883 0.0301269 0.0366998 0.0831565
2 0.183614 0.172311 0.0474981 0.0627204 0.0830416
2 0.229978 0.116329 0.033839 0.041411 0.0816075
5 0.889068 0.371506 0.221864 0.359189 0.0813154
5 0.887463 0.576116 0.224832 0.846598 0.0807317
5 0.286026 0.0897302 0.075605 0.0488157 0.078963
2 0.225659 0.124529 0.025198 0.0307963 0.0777377
0 0.986689 0.162082 0.0212391 0.0638568 0.0766921
2 0.564053 0.0118847 0.0181851 0.0228924 0.0764866
2 0.605192 0.096189 0.0307921 0.0515185 0.0761048
5 0.456877 0.0884453 0.0382843 0.0520415 0.0760851
2 0.604988 0.0983746 0.0310621 0.0504609 0.0759822
5 0.27912 0.183021 0.149156 0.298454 0.0752509
2 0.60518 0.09694 0.0312608 0.0522679 0.0749177
2 0.229772 0.117302 0.0346915 0.0421819 0.0746424
2 0.228488 0.120382 0.0307389 0.037366 0.0733767
0 0.00580362 0.272161 0.0114396 0.0755912 0.0718149
5 0.290587 0.088637 0.0677669 0.0487195 0.0715559
0 0.98663 0.14432 0.0239185 0.0580544 0.0708931
2 0.399124 0.159568 0.0416998 0.0782095 0.0693847
2 0.584443 0.0528319 0.0246664 0.0340437 0.0675446
2 0.457565 0.0884214 0.0381693 0.0536297 0.065853
2 0.605121 0.097468 0.0317209 0.0508415 0.0656533
2 0.449256 0.102503 0.0235579 0.0301804 0.0646612
2 0.457694 0.0909115 0.037985 0.0566035 0.0646362
2 0.617723 0.212376 0.0355515 0.0179468 0.0645499
2 0.186669 0.17278 0.0510144 0.06419 0.06438
2 0.560861 0.0890139 0.0269127 0.0411453 0.0639021
5 0.457476 0.0894688 0.0382693 0.0542492 0.0635009
2 0.186465 0.173075 0.0501841 0.0630887 0.0628252
2 0.398262 0.162103 0.0446726 0.0804057 0.0621018
2 0.0120154 0.263789 0.0240308 0.0878277 0.0612062
2 0.562006 0.0895371 0.0259957 0.0408535 0.0607965
2 0.456901 0.0909953 0.0392636 0.053806 0.0607558
2 0.484099 0.2101 0.0565193 0.0804697 0.0602093
0 0.761267 0.0758686 0.0185093 0.0412853 0.0586913
2 0.229317 0.11706 0.0360474 0.0422624 0.0570175
0 0.563831 0.0112798 0.0168877 0.0225596 0.0560468
2 0.394237 0.46663 0.0303188 0.0569481 0.0550405
2 0.00892613 0.256113 0.0177821 0.112759 0.0543842
5 0.292037 0.0889544 0.0638255 0.0486496 0.0541822
0 0.988049 0.161489 0.0231081 0.0709556 0.0526598
5 0.290413 0.0889276 0.0672902 0.048226 0.0523973
0 0.984189 0.152583 0.0172627 0.0388826 0.0520621
2 0.618245 0.212724 0.036561 0.017456 0.0495367
2 0.483419 0.209201 0.0575783 0.0816059 0.0482247
0 0.987258 0.163663 0.021867 0.066901 0.0482177
0 0.98744 0.149951 0.0245844 0.0745612 0.0473255
2 0.0115358 0.264915 0.0230715 0.0859369 0.0469951
0 0.00564877 0.270713 0.0111219 0.0808489 0.046478
2 0.552496 0.132937 0.0371248 0.0528809 0.0463132
2 0.552847 0.130911 0.0379968 0.0501799 0.0454972
2 0.617495 0.212384 0.034877 0.0187533 0.0441171
2 0.398566 0.165265 0.044383 0.0757739 0.0435396
0 0.988322 0.150928 0.0226347 0.0516916 0.043533
0 0.988508 0.162423 0.0222862 0.0658103 0.0434526
5 0.471686 0.0484193 0.0811212 0.0968386 0.0432732
5 0.354594 0.0881553 0.0382663 0.0637301 0.0429998
2 0.457476 0.0902449 0.037772 0.0549683 0.0425807
5 0.266576 0.116668 0.0522725 0.0447374 0.0422672
2 0.56312 0.0111981 0.0188141 0.0223961 0.0421205
2 0.00734566 0.234779 0.0144508 0.145599 0.041961
5 0.454966 0.0584065 0.0480516 0.113974 0.0418979
0 0.989575 0.15518 0.020155 0.0497887 0.041328
0 0.920629 0.124237 0.0176228 0.0472238 0.0406217
0 0.921433 0.12495 0.0185957 0.0469399 0.0405208
7 0.457178 0.0845879 0.0362253 0.0442294 0.0404856
0 0.832817 0.280636 0.0142757 0.0258819 0.0402256
2 0.391089 0.0953796 0.0314604 0.0430632 0.0400578
0 0.919442 0.105769 0.0163328 0.069436 0.0397479
2 0.605057 0.0968332 0.0305912 0.0517484 0.0394663
2 0.563957 0.0119009 0.0185444 0.0238017 0.0386658
0 0.918444 0.0955944 0.0149868 0.0516379 0.0382847
0 0.11876 0.105488 0.0163779 0.039451 0.0381317
0 0.918357 0.0992239 0.0161642 0.0575312 0.0367991
0 0.988203 0.182484 0.0230568 0.11692 0.0366119
5 0.342233 0.0879559 0.0369112 0.0645799 0.0366079
2 0.986886 0.123278 0.025391 0.0339742 0.0365497
2 0.177696 0.172088 0.0414081 0.061272 0.036517
0 0.76631 0.0752547 0.0138172 0.0431899 0.0364875
5 0.9085 0.76264 0.181704 0.472971 0.0356086
2 0.562395 0.0926711 0.0260294 0.041244 0.0353201
2 0.726645 0.0515106 0.019125 0.0286469 0.0351018
5 0.279306 0.0944694 0.0698089 0.0507215 0.0349389
2 0.605845 0.0339492 0.0183496 0.0248204 0.0349135
2 0.1854 0.17422 0.0511134 0.0645619 0.0348096
0 0.921083 0.119376 0.0176085 0.0552759 0.0346291
2 0.186387 0.173135 0.050614 0.0638352 0.0345931
5 0.308955 0.155702 0.0825083 0.104435 0.0344531
5 0.339427 0.089693 0.0316439 0.0618285 0.0339225
0 0.807024 0.0883599 0.0120022 0.0309834 0.0332856
2 0.617354 0.213061 0.0353617 0.0166038 0.0331031
0 0.767898 0.0761913 0.0112682 0.0440142 0.0313822
0 0.745895 0.075339 0.0140224 0.0347732 0.0312254
2 0.178695 0.176681 0.0354373 0.0595832 0.0310602
2 0.177139 0.17183 0.0424213 0.0602673 0.0308358
2 0.605551 0.035299 0.0208729 0.0286892 0.0306214
0 0.80618 0.0875999 0.0116871 0.0317755 0.0303351
0 0.9243 0.123494 0.0186718 0.0475174 0.0296116
0 0.993461 0.25552 0.0123158 0.0792945 0.0289315
5 0.471217 0.0537692 0.0925186 0.106609 0.0287523
2 0.61747 0.211991 0.0353689 0.0193522 0.0287288
5 0.500214 0.0420678 0.035355 0.0841355 0.0283966
2 0.563022 0.0882717 0.026111 0.0423794 0.0282141
2 0.552832 0.133555 0.0372397 0.0539216 0.0281539
5 0.27652 0.217158 0.15018 0.225628 0.027884
5 0.276259 0.197105 0.150981 0.192079 0.0278714
7 0.456975 0.0879079 0.0367622 0.0505731 0.0274836
5 0.892573 0.598141 0.21367 0.795123 0.0272095
0 0.916935 0.123554 0.0185478 0.0461155 0.0271592
5 0.680106 0.106215 0.0905947 0.137779 0.0271356
2 0.398858 0.178889 0.0418947 0.0494509 0.0262834
5 0.888237 0.578959 0.223297 0.769616 0.0259753
5 0.908397 0.764587 0.182325 0.468549 0.0252485
2 0.390896 0.0969458 0.0338785 0.0448248 0.0251357
5 0.267077 0.11241 0.0513616 0.035477 0.0247514
5 0.457398 0.0860864 0.0353958 0.0482112 0.0247321
2 0.257038 0.299554 0.091424 0.0635452 0.0246411
2 0.618338 0.212039 0.0372359 0.0182997 0.0242974
2 0.604849 0.0981534 0.031179 0.0510725 0.0242352
2 0.397099 0.185624 0.0398242 0.0356181 0.0236159
2 0.605258 0.0969833 0.0307823 0.0519892 0.023469
5 0.889411 0.373008 0.221179 0.357783 0.0234659
2 0.361152 0.142543 0.0272477 0.0409888 0.0231898
5 0.457653 0.0559134 0.0425481 0.0833514 0.0227495
0 0.756649 0.0765966 0.0167891 0.0380378 0.0224568
2 0.359938 0.143358 0.0268905 0.039868 0.0223677
0 0.986906 0.167082 0.0218224 0.0638207 0.0223078
2 0.244722 0.111221 0.0159732 0.0331435 0.0222639
0 0.120312 0.0993525 0.0128473 0.0298666 0.022142
2 0.399007 0.183667 0.0399255 0.0400704 0.0220688
2 0.987319 0.125437 0.0244862 0.0310335 0.0220175
5 0.680254 0.080216 0.0873655 0.0825616 0.0215562
0 0.756542 0.0783783 0.0139668 0.0341938 0.0213915
2 0.390701 0.0958707 0.0324102 0.042929 0.0212782
2 0.360247 0.127593 0.0278737 0.0504201 0.021234
2 0.583492 0.0504979 0.019492 0.0333722 0.0211258
2 0.230981 0.116696 0.0345963 0.0418096 0.0210733
2 0.549621 0.12848 0.0449396 0.0485666 0.0207011
2 0.585465 0.0511827 0.0234293 0.0386375 0.0206081
5 0.90929 0.763718 0.180127 0.470064 0.0205036
2 0.360114 0.13732 0.0259541 0.0355819 0.0205012
0 0.916735 0.111797 0.0207722 0.0646855 0.0204927
5 0.334828 0.0846982 0.0259348 0.0400605 0.0203454
0 0.746909 0.0751598 0.0142565 0.0352621 0.0202905
2 0.0125723 0.263775 0.0251447 0.0871102 0.0202147
0 0.342056 0.204883 0.0144144 0.0348845 0.0201422
2 0.72613 0.0528425 0.0217159 0.0300051 0.0198299
0 0.987146 0.124099 0.0251968 0.037349 0.0197655
0 0.770688 0.0800866 0.011858 0.0404183 0.0195666
5 0.886662 0.584597 0.226157 0.805909 0.0194502
2 0.399147 0.159821 0.0408158 0.077904 0.0194239
