2 0.247728 0.251515 0.0472858 0.0529888 0.72264
0 0.917534 0.712824 0.0372396 0.12185 0.718396
0 0.91748 0.712986 0.0370649 0.121988 0.718315
0 0.917841 0.715413 0.0384106 0.119241 0.716539
0 0.917558 0.712683 0.037488 0.121864 0.706221
0 0.918407 0.715814 0.0410919 0.119107 0.691474
0 0.917835 0.712621 0.0371878 0.122231 0.680019
0 0.91846 0.713943 0.0393452 0.1216 0.671926
2 0.247976 0.250732 0.0478039 0.0529179 0.656884
0 0.91759 0.716295 0.0368607 0.117048 0.64876
0 0.917491 0.713349 0.0377972 0.122118 0.642636
2 0.389661 0.251988 0.0374448 0.0550919 0.63813
2 0.332441 0.208844 0.0419722 0.0471952 0.625128
2 0.332387 0.209296 0.0414824 0.0463521 0.615019
2 0.180781 0.31091 0.0573919 0.0649885 0.611612
2 0.180633 0.31142 0.0569343 0.065265 0.610336
2 0.332262 0.20922 0.0420282 0.0468629 0.606941
2 0.24732 0.251547 0.0476501 0.0530754 0.604151
2 0.461339 0.264507 0.0354917 0.0557252 0.596032
2 0.389602 0.25169 0.0380196 0.0555189 0.592405
2 0.333266 0.208926 0.0430779 0.0468366 0.589188
2 0.247997 0.250755 0.0473043 0.051694 0.582242
2 0.461159 0.264718 0.035857 0.0561758 0.580951
2 0.389361 0.251594 0.0379129 0.0551741 0.580184
2 0.180653 0.311206 0.0578457 0.0653956 0.569707
0 0.917654 0.717057 0.035313 0.115971 0.568184
2 0.247378 0.250816 0.0476465 0.0528587 0.565252
2 0.180868 0.310523 0.0570084 0.0660777 0.564585
2 0.180862 0.311947 0.0571216 0.0656028 0.561739
2 0.461238 0.264283 0.0353952 0.0569577 0.560784
2 0.389719 0.252272 0.0369325 0.0548149 0.552686
2 0.247521 0.251467 0.0471696 0.0521348 0.549517
0 0.917092 0.714349 0.0358181 0.121696 0.539512
2 0.461024 0.264493 0.0356509 0.0556301 0.535562
2 0.460886 0.264232 0.0349695 0.0545186 0.534187
2 0.332516 0.209229 0.0418624 0.0461892 0.52317
2 0.181039 0.312276 0.05807 0.0667615 0.51529
2 0.247909 0.25088 0.0476313 0.0514268 0.514804
2 0.180454 0.314386 0.0564005 0.0610587 0.508729
2 0.456206 0.199669 0.0329791 0.0444221 0.507102
2 0.389593 0.251246 0.0375241 0.0554203 0.503889
2 0.333005 0.209067 0.0421297 0.0466014 0.503154
2 0.180606 0.31187 0.0570678 0.065721 0.494495
2 0.18091 0.311381 0.0567546 0.0658868 0.482532
2 0.389517 0.251686 0.0376042 0.0553345 0.479497
2 0.783707 0.169814 0.037047 0.0315416 0.471805
2 0.332228 0.209601 0.0435589 0.0460515 0.46884
2 0.180437 0.311831 0.0578731 0.0662521 0.468624
2 0.461241 0.263766 0.0347861 0.0554486 0.467327
2 0.784116 0.169473 0.0377806 0.0326379 0.465653
2 0.180633 0.312944 0.0570921 0.0632359 0.464796
5 0.541098 0.106026 0.0299778 0.062926 0.464025
0 0.0327306 0.281029 0.0126599 0.0371282 0.462843
2 0.247167 0.251381 0.0467675 0.0527589 0.446036
2 0.389607 0.25118 0.0386818 0.0573949 0.443111
2 0.783733 0.170806 0.036323 0.0299479 0.440885
0 0.0325056 0.281384 0.0135239 0.037405 0.430857
2 0.24849 0.25083 0.0481642 0.0507155 0.430448
2 0.248143 0.250529 0.0479352 0.0517756 0.428682
2 0.46092 0.264404 0.0359378 0.0567565 0.423931
5 0.541341 0.10648 0.0292234 0.0621168 0.415459
2 0.783529 0.16967 0.0373478 0.0312486 0.412142
2 0.331551 0.208492 0.0423308 0.0452141 0.404913
0 0.0324007 0.280406 0.0133678 0.0365783 0.396955
0 0.896732 0.209961 0.0137342 0.0428807 0.391352
2 0.246502 0.251269 0.0457626 0.0532763 0.383183
2 0.461109 0.264073 0.0355338 0.0562408 0.380823
2 0.37555 0.359087 0.0474741 0.0787289 0.375944
2 0.38896 0.251291 0.0382951 0.0563293 0.365928
2 0.375736 0.359185 0.0473643 0.0789114 0.35473
2 0.375235 0.35928 0.0484018 0.0787129 0.349034
7 0.0302807 0.463648 0.060477 0.0993016 0.344127
2 0.399961 0.15605 0.0272587 0.0263289 0.341967
2 0.375397 0.35896 0.0473861 0.0790124 0.339747
2 0.364627 0.178559 0.0360113 0.0383856 0.333785
2 0.456235 0.199573 0.0335646 0.0443234 0.33324
2 0.456029 0.200527 0.0321613 0.0445211 0.33252
5 0.541301 0.105127 0.0296389 0.0639126 0.329257
7 0.0302414 0.463481 0.060354 0.0985189 0.324492
2 0.436191 0.151783 0.0246236 0.0233036 0.320522
2 0.783929 0.170796 0.0367035 0.0287902 0.320144
2 0.994205 0.253709 0.0106716 0.046953 0.319306
0 0.896152 0.210815 0.0132526 0.0437574 0.313223
7 0.0305242 0.463667 0.0608638 0.0997719 0.308333
2 0.400161 0.15671 0.0270221 0.0245145 0.306131
7 0.0302521 0.463511 0.0602921 0.0996304 0.303556
2 0.375716 0.359588 0.0472293 0.0786022 0.302773
2 0.0305778 0.463682 0.061071 0.0991584 0.301954
7 0.0303476 0.464811 0.0606952 0.0936678 0.299481
2 0.461244 0.264186 0.0350164 0.0551139 0.289964
2 0.375366 0.359022 0.0479906 0.0789181 0.287703
5 0.541579 0.106184 0.0297609 0.0627453 0.285042
2 0.030556 0.463361 0.0611076 0.0985365 0.281204
5 0.541653 0.106512 0.0296932 0.0621854 0.257887
2 0.390113 0.25177 0.0384765 0.0566683 0.253809
2 0.375246 0.359563 0.047616 0.0796598 0.240323
2 0.783418 0.168668 0.0380411 0.0314345 0.240073
2 0.455769 0.200241 0.0333647 0.0438752 0.239186
2 0.36423 0.177985 0.0357471 0.0378163 0.237605
2 0.456001 0.201087 0.031246 0.0443605 0.234012
0 0.8967 0.203456 0.0135523 0.0327109 0.232248
2 0.375462 0.359438 0.0472499 0.078737 0.231886
2 0.292092 0.197019 0.0416894 0.0412106 0.22083
2 0.361712 0.177332 0.0397393 0.0374908 0.220327
2 0.399548 0.157715 0.0279433 0.0249891 0.2201
2 0.994346 0.254187 0.0106735 0.0446537 0.217668
2 0.291687 0.19752 0.041094 0.0401281 0.214017
2 0.363878 0.17857 0.0367004 0.0383485 0.208016
2 0.456507 0.200458 0.0328182 0.0414567 0.20556
2 0.364159 0.177395 0.0351453 0.0380517 0.204655
2 0.375078 0.359633 0.0474421 0.0791446 0.202203
2 0.178792 0.316636 0.0531551 0.0557888 0.200512
2 0.223344 0.164009 0.0334706 0.034035 0.19668
2 0.223193 0.163979 0.0354653 0.0342324 0.196302
2 0.0306668 0.465008 0.0608454 0.0950398 0.182544
2 0.456085 0.201379 0.0315136 0.045192 0.180589
2 0.223285 0.163692 0.0364322 0.0347556 0.172235
2 0.399635 0.157296 0.0277083 0.0255033 0.17112
2 0.783375 0.169961 0.0386744 0.0296125 0.16816
2 0.994728 0.25243 0.0097578 0.0475823 0.167927
2 0.456096 0.200776 0.0328205 0.0451134 0.167877
2 0.783789 0.168481 0.0377445 0.0340391 0.165669
2 0.289557 0.198327 0.0371691 0.0377706 0.163266
2 0.292343 0.197902 0.0435081 0.0378976 0.161013
5 0.541603 0.10666 0.0284456 0.0609385 0.159775
2 0.36426 0.179038 0.0368269 0.0388964 0.158856
2 0.363698 0.177946 0.0369787 0.0374467 0.158198
2 0.222655 0.163755 0.0358462 0.0340733 0.155156
2 0.355469 0.176591 0.053757 0.0370542 0.151881
5 0.541323 0.107907 0.0290789 0.060703 0.148534
2 0.78343 0.16867 0.0381128 0.0333958 0.148001
5 0.270486 0.134006 0.028956 0.0356449 0.145361
0 0.0334347 0.281096 0.013099 0.0392602 0.142892
5 0.541413 0.105278 0.0295893 0.0629995 0.138116
2 0.363438 0.177367 0.0370769 0.036674 0.136845
5 0.432117 0.0763561 0.033452 0.0417144 0.135433
2 0.457274 0.199615 0.0312033 0.0433074 0.134042
2 0.248507 0.250259 0.0471865 0.0503631 0.132631
5 0.269133 0.133945 0.0285941 0.0360441 0.132181
2 0.331787 0.218288 0.0388166 0.0302788 0.128914
0 0.896629 0.214125 0.0129732 0.0386054 0.125842
2 0.436404 0.146359 0.0262867 0.0329231 0.119338
2 0.291164 0.196664 0.040732 0.0407287 0.119086
0 0.931095 0.174586 0.0113691 0.0217822 0.118817
2 0.291331 0.198461 0.0399111 0.037558 0.115861
5 0.432919 0.0761379 0.0343437 0.042017 0.115226
2 0.030734 0.462688 0.0613847 0.0942021 0.114646
0 0.931418 0.173239 0.0127956 0.0229495 0.110957
2 0.291343 0.196652 0.0398351 0.0404385 0.105696
67 0.41322 0.88819 0.116972 0.211907 0.105258
0 0.902463 0.176982 0.0117302 0.0200676 0.105216
2 0.220185 0.16451 0.0402237 0.0350003 0.103371
67 0.413088 0.887983 0.116875 0.211069 0.103338
2 0.374991 0.359563 0.0477871 0.079924 0.102926
2 0.992457 0.253785 0.0145073 0.0490812 0.10109
0 0.113968 0.235734 0.0125872 0.0319551 0.097639
0 0.11517 0.237099 0.0121171 0.0304691 0.0972337
5 0.431897 0.077197 0.0326189 0.0416537 0.0967922
5 0.541615 0.106596 0.0288895 0.0623471 0.0948423
7 0.030494 0.465277 0.0605594 0.103244 0.0936508
67 0.413952 0.887694 0.113454 0.212052 0.0912561
5 0.267878 0.134684 0.0254327 0.0356511 0.0909791
5 0.433274 0.0758825 0.0322422 0.0417508 0.0905782
5 0.270886 0.133403 0.0334442 0.0379004 0.090075
2 0.180907 0.312037 0.0578593 0.0664464 0.0896201
2 0.390111 0.255804 0.0376981 0.0480826 0.0891205
2 0.435849 0.149872 0.0240191 0.0280584 0.0890954
2 0.436507 0.144649 0.0261087 0.0368373 0.0873671
2 0.180478 0.314954 0.0564331 0.0597419 0.0860967
0 0.903448 0.174139 0.0117579 0.0157775 0.0859191
0 0.114668 0.232927 0.0137402 0.0381359 0.0849046
2 0.78311 0.167364 0.0382669 0.0340582 0.0845212
2 0.245507 0.252096 0.0443348 0.0518067 0.0831368
2 0.18123 0.310695 0.056374 0.0651978 0.0824752
67 0.414274 0.886876 0.11336 0.210737 0.0820122
5 0.432558 0.076475 0.0340537 0.0427932 0.0790846
2 0.472722 0.0803528 0.0168394 0.0155322 0.0778607
67 0.413858 0.888017 0.113327 0.212805 0.0773693
2 0.472061 0.0788065 0.0221268 0.0189103 0.075854
2 0.46977 0.13893 0.0254007 0.0332621 0.0754418
0 0.117642 0.218251 0.0137114 0.026917 0.0750114
2 0.220147 0.164433 0.0404311 0.0351125 0.0743758
2 0.43973 0.134618 0.026932 0.0252977 0.0729392
2 0.246074 0.2504 0.0453702 0.0527613 0.0725991
0 0.994936 0.249139 0.00934391 0.0512437 0.0708262
2 0.364932 0.178511 0.0374208 0.0381109 0.070511
2 0.29207 0.199155 0.0434283 0.0356418 0.0684664
5 0.39711 0.105255 0.0364511 0.0546222 0.0679809
5 0.583574 0.054054 0.0346136 0.0462906 0.067863
2 0.665412 0.113568 0.0153584 0.0250306 0.0670935
2 0.40016 0.153556 0.0287422 0.0310571 0.0670402
5 0.583124 0.0564538 0.0318455 0.0445279 0.066896
2 0.666045 0.155094 0.0260582 0.035226 0.0667449
5 0.269954 0.132944 0.0300775 0.0377677 0.0662394
5 0.433393 0.0747092 0.0339495 0.0439715 0.0660407
67 0.415 0.885968 0.110902 0.207596 0.0658822
2 0.467649 0.168897 0.0263843 0.0269766 0.0657164
0 0.520367 0.295364 0.0113965 0.0242714 0.0652879
0 0.256722 0.192836 0.0107473 0.034408 0.0631765
0 0.0324799 0.286313 0.0155007 0.0474748 0.0629309
2 0.400184 0.153896 0.0281543 0.0295209 0.061222
0 0.918853 0.718099 0.034 0.111372 0.0610807
2 0.666324 0.150101 0.0268042 0.0429031 0.0600869
2 0.220606 0.163938 0.0414152 0.0343413 0.0594397
2 0.222286 0.163148 0.0404984 0.0345287 0.0577114
0 0.919967 0.717051 0.0440556 0.129638 0.0569017
0 0.644929 0.129343 0.0153618 0.0218637 0.0565989
2 0.4007 0.15686 0.0317047 0.0217296 0.0565678
5 0.433364 0.0748062 0.0322914 0.0427325 0.0558674
9 0.819216 0.0955902 0.0130726 0.036009 0.0557755
67 0.414373 0.886475 0.111762 0.208894 0.0556501
5 0.584148 0.0562344 0.0356382 0.047597 0.0556031
2 0.466618 0.162158 0.0319822 0.03952 0.0541248
9 0.302609 0.0602703 0.0301607 0.046974 0.0541008
2 0.183561 0.303479 0.0519061 0.0508428 0.0538552
0 0.878353 0.179029 0.0114223 0.0157765 0.0531044
2 0.456482 0.199659 0.0340331 0.0453887 0.0523519
5 0.62711 0.0738062 0.0303986 0.0447342 0.0522787
5 0.399313 0.103349 0.0405469 0.0573577 0.051969
5 0.268191 0.133416 0.032731 0.0386452 0.0514794
36 0.916543 0.768582 0.0324158 0.0130282 0.0512088
9 0.819207 0.0946407 0.0133705 0.0353308 0.0510059
0 0.646721 0.118021 0.0188372 0.0418682 0.0508166
2 0.0307331 0.46162 0.0611383 0.0919486 0.0504359
2 0.355334 0.176639 0.0542715 0.0391241 0.0500066
5 0.583283 0.056689 0.0317712 0.0443958 0.0498225
2 0.28875 0.195622 0.0346632 0.0413487 0.0494083
5 0.268558 0.134015 0.030062 0.0387354 0.0492952
2 0.288125 0.19472 0.0333975 0.0406546 0.0479064
5 0.467665 0.159167 0.0296751 0.0435682 0.0476698
2 0.992425 0.252831 0.014505 0.0497592 0.0469371
67 0.413938 0.886548 0.112163 0.210265 0.0464027
0 0.66554 0.11381 0.016617 0.0277247 0.0463484
0 0.894266 0.20925 0.0165287 0.0446813 0.0463327
2 0.0301702 0.465313 0.0599913 0.104306 0.0462172
9 0.302942 0.0603946 0.0306791 0.0463688 0.0453911
0 0.919902 0.712406 0.0430672 0.123147 0.0451383
5 0.583272 0.0582351 0.0315493 0.0416904 0.0448421
5 0.541478 0.106382 0.0320356 0.0633545 0.0440296
67 0.414431 0.884378 0.110852 0.205228 0.0438468
2 0.374963 0.358659 0.0469535 0.0776852 0.0437589
9 0.474666 0.0421304 0.0173959 0.0291253 0.0428907
2 0.388588 0.249891 0.0367959 0.0543637 0.0428784
5 0.432276 0.0763386 0.0331871 0.041766 0.0417304
9 0.819345 0.0939164 0.0145271 0.035487 0.0416185
2 0.665518 0.114613 0.0157087 0.0238883 0.0413448
0 0.0662437 0.231898 0.0138365 0.0414615 0.0412934
2 0.22042 0.16471 0.0388284 0.0354936 0.0404874
2 0.349455 0.173708 0.0420753 0.0334651 0.040391
2 0.347049 0.177837 0.0388595 0.0357667 0.0391685
2 0.493423 0.0659292 0.0160859 0.0189977 0.0388463
5 0.584105 0.0585861 0.0330856 0.0440251 0.038746
2 0.460913 0.26374 0.0345129 0.0544682 0.0378438
2 0.728897 0.232515 0.027705 0.0266575 0.0378396
0 0.0656271 0.230977 0.0133387 0.0416226 0.0377099
2 0.120485 0.195294 0.0202113 0.0138677 0.0376318
0 0.755531 0.134726 0.0116859 0.015374 0.037049
5 0.302449 0.0608998 0.0318887 0.0471027 0.036966
2 0.6663 0.14896 0.0273904 0.0438509 0.0361774
0 0.11233 0.230975 0.0155521 0.0419104 0.0356216
0 0.112299 0.228066 0.0155638 0.043119 0.0354334
5 0.468028 0.153569 0.0319866 0.0578553 0.0350232
2 0.466954 0.165407 0.029801 0.0346537 0.0349917
5 0.632347 0.074375 0.0442289 0.0477014 0.0347335
5 0.432004 0.0777976 0.0326002 0.0412295 0.0346124
2 0.440224 0.129813 0.0266461 0.0290324 0.0343403
5 0.271236 0.132776 0.0328815 0.0390998 0.0340588
2 0.388892 0.249711 0.0364425 0.0544607 0.0338866
9 0.474154 0.0420884 0.0180549 0.0299039 0.0337739
5 0.271159 0.134034 0.0343349 0.037618 0.0332909
2 0.329861 0.221532 0.035506 0.0240269 0.0325421
2 0.703589 0.2829 0.0383507 0.032178 0.0324525
67 0.411909 0.888232 0.118242 0.21358 0.0316802
2 0.225535 0.161943 0.0433966 0.0341705 0.0312974
5 0.46742 0.0689314 0.0333886 0.037421 0.0309985
0 0.257033 0.194442 0.010972 0.0312144 0.0303714
2 0.455365 0.198916 0.0339798 0.0442106 0.0303037
5 0.541424 0.103026 0.029299 0.0628579 0.0302274
2 0.6651 0.157488 0.0239811 0.029288 0.0298866
30 0.917002 0.76557 0.0358391 0.0186728 0.0294154
5 0.632154 0.0720715 0.0455317 0.0438937 0.0293823
5 0.584137 0.05419 0.0357668 0.0471728 0.0293546
9 0.184 0.058428 0.0158492 0.0367654 0.0291397
0 0.114817 0.224225 0.0156549 0.0399185 0.0288378
0 0.294049 0.164755 0.0161149 0.0274844 0.0284723
2 0.666191 0.158964 0.0261076 0.0296855 0.0273949
5 0.469841 0.142494 0.0283158 0.0389151 0.0273771
2 0.121212 0.211547 0.0210372 0.0391274 0.0273144
2 0.332939 0.206927 0.0432016 0.041838 0.0272431
9 0.183339 0.0609519 0.0158318 0.0411366 0.0271571
0 0.256822 0.188071 0.0123878 0.037568 0.0264793
2 0.469499 0.141199 0.0269722 0.0364363 0.0262993
2 0.461031 0.264373 0.038352 0.0568259 0.0261298
0 0.646476 0.107038 0.0173952 0.0277529 0.0260367
5 0.57619 0.0567405 0.0220313 0.0414566 0.0258421
9 0.302349 0.0600615 0.0299389 0.0461389 0.0258037
5 0.634724 0.072105 0.0412846 0.0434602 0.025399
9 0.302616 0.0605128 0.0298244 0.0459098 0.0253922
0 0.0329039 0.279733 0.0167471 0.040745 0.0253917
9 0.474648 0.0395882 0.0175882 0.027855 0.0252196
