2 0.608246 0.158378 0.0469122 0.0522013 0.818574
2 0.863388 0.108729 0.0322002 0.0424964 0.815354
2 0.607899 0.158108 0.0462106 0.0512024 0.719076
5 0.830564 0.474798 0.0851625 0.14691 0.717952
5 0.830514 0.474852 0.0852613 0.146369 0.717621
2 0.863377 0.108808 0.0311918 0.0424943 0.703752
2 0.687219 0.484812 0.106398 0.14114 0.700745
2 0.60806 0.158358 0.0467291 0.0513794 0.700692
5 0.830681 0.474876 0.0856212 0.145838 0.677443
2 0.687406 0.484472 0.106345 0.14127 0.666555
5 0.830341 0.475149 0.0852409 0.146786 0.659818
2 0.608222 0.157938 0.0468615 0.0512262 0.654039
5 0.830692 0.475323 0.0854965 0.147096 0.654021
2 0.68681 0.484668 0.106395 0.141424 0.650296
2 0.686952 0.484296 0.106072 0.140501 0.642025
2 0.863087 0.108939 0.0313606 0.0428159 0.639489
5 0.830838 0.474866 0.0858742 0.146714 0.586506
2 0.607594 0.158465 0.047065 0.0522948 0.58352
2 0.816608 0.186397 0.0473717 0.0657442 0.578821
2 0.687064 0.484284 0.105357 0.140991 0.578503
2 0.687388 0.484418 0.106603 0.141391 0.577799
2 0.687253 0.484524 0.10645 0.141744 0.57455
2 0.687254 0.484612 0.106597 0.141394 0.573698
5 0.830406 0.475231 0.0856039 0.147348 0.566012
2 0.816846 0.185598 0.0468367 0.0660148 0.564686
2 0.607904 0.158841 0.0468941 0.0517799 0.556488
2 0.607641 0.158655 0.0470684 0.0510489 0.55455
2 0.86325 0.109363 0.0309639 0.0429102 0.55023
5 0.830672 0.475167 0.0861687 0.147672 0.53789
2 0.86329 0.109844 0.0304642 0.0425616 0.533608
2 0.60767 0.158092 0.0467747 0.0526525 0.525907
2 0.863236 0.109633 0.0307922 0.0425676 0.514257
2 0.816002 0.186384 0.0465885 0.0665068 0.507981
2 0.607702 0.158249 0.0462106 0.0504401 0.50027
2 0.687005 0.483921 0.106255 0.140601 0.499844
2 0.500447 0.228414 0.066378 0.084356 0.474562
2 0.719519 0.222161 0.0652555 0.0971929 0.474485
2 0.500677 0.230044 0.0651197 0.0844577 0.473836
5 0.83074 0.475204 0.0862049 0.147692 0.470377
2 0.500562 0.229087 0.0662165 0.0835121 0.463569
2 0.544432 0.140282 0.0421154 0.0359916 0.460833
2 0.500746 0.229336 0.0651915 0.0839666 0.457875
2 0.719581 0.222046 0.065328 0.0968155 0.448943
2 0.719328 0.221998 0.0645139 0.0968176 0.448454
2 0.686939 0.484499 0.107314 0.140608 0.447256
2 0.32773 0.278979 0.0824198 0.0726141 0.435676
2 0.531198 0.174773 0.0531967 0.047273 0.434957
2 0.890137 0.0650641 0.0241787 0.0374284 0.432117
2 0.816235 0.186211 0.0473589 0.0673279 0.425955
2 0.607654 0.15952 0.0467051 0.053433 0.421073
2 0.328951 0.27861 0.0817458 0.0733453 0.419808
2 0.500606 0.228735 0.0656261 0.0855007 0.418206
2 0.816611 0.18666 0.0466444 0.0666706 0.416864
2 0.53192 0.174521 0.0506048 0.046924 0.405208
2 0.500509 0.229688 0.0655619 0.0846072 0.399911
2 0.863316 0.109813 0.0308502 0.0412052 0.398206
2 0.500389 0.229439 0.0665964 0.0851173 0.397598
2 0.719521 0.222004 0.0647999 0.0966014 0.394683
2 0.531422 0.175216 0.0531843 0.0478912 0.390708
2 0.530116 0.17491 0.0544849 0.0478799 0.384585
2 0.327877 0.278862 0.0829699 0.0735546 0.383205
2 0.327966 0.279033 0.0829274 0.0735396 0.382821
2 0.900477 0.176121 0.0383194 0.0578129 0.373361
2 0.328411 0.278894 0.0841633 0.074435 0.373296
5 0.256546 0.41207 0.11271 0.159624 0.370366
2 0.816047 0.186442 0.0457435 0.0665466 0.369188
2 0.54534 0.141561 0.0419252 0.0371525 0.356247
2 0.327887 0.279218 0.0817947 0.0735271 0.355956
2 0.816534 0.18591 0.0471039 0.0663115 0.354332
2 0.815929 0.186277 0.0460669 0.0670049 0.350454
2 0.900466 0.17547 0.0387966 0.0581069 0.35004
2 0.900818 0.175016 0.0375023 0.0577367 0.346689
2 0.815982 0.185304 0.0459185 0.066615 0.346206
2 0.719265 0.222795 0.0635531 0.0990802 0.339102
2 0.545913 0.14129 0.0417996 0.0359471 0.336642
2 0.816486 0.183493 0.046199 0.0612099 0.331246
2 0.533755 0.176495 0.0526083 0.0474666 0.323176
2 0.719572 0.222182 0.0654623 0.0980391 0.322024
2 0.545295 0.140742 0.0408562 0.0348667 0.317542
2 0.532922 0.174568 0.0495113 0.0482519 0.316953
2 0.900609 0.175041 0.0377937 0.0584854 0.316417
2 0.719157 0.222929 0.0632959 0.0974864 0.308036
2 0.557803 0.244686 0.0666531 0.0740838 0.292497
2 0.900663 0.175214 0.038599 0.0587909 0.29242
2 0.53192 0.174342 0.0518908 0.0481073 0.286621
2 0.900517 0.175162 0.0378981 0.0582299 0.282411
5 0.256381 0.412947 0.112894 0.158772 0.280209
5 0.256667 0.41234 0.112554 0.158162 0.279869
7 0.500815 0.229074 0.0649853 0.0840541 0.278589
2 0.86333 0.111121 0.0301718 0.0428312 0.278515
2 0.608069 0.15851 0.0469702 0.0518482 0.272291
5 0.256305 0.411751 0.11289 0.15829 0.265094
2 0.72001 0.222484 0.064538 0.0980722 0.263358
6 0.174792 0.401821 0.14153 0.164197 0.260767
2 0.53187 0.175056 0.0524869 0.048196 0.259643
2 0.81709 0.186409 0.0480984 0.0650454 0.257931
2 0.328456 0.279279 0.0825494 0.0730712 0.25549
2 0.71911 0.223331 0.0626234 0.0941739 0.251027
2 0.54566 0.14171 0.0410138 0.0361922 0.250959
5 0.256632 0.412258 0.112543 0.159324 0.249199
2 0.544572 0.141134 0.0425142 0.0350866 0.244931
5 0.256756 0.410734 0.112935 0.155421 0.244895
2 0.60752 0.159302 0.0457033 0.0515402 0.243377
2 0.925443 0.0409044 0.0194893 0.0276432 0.241996
2 0.327912 0.279661 0.0850729 0.0751526 0.239286
2 0.963812 0.0462743 0.0222445 0.0336564 0.239264
2 0.962502 0.0478311 0.0207895 0.0330208 0.235947
2 0.7188 0.223182 0.0629325 0.0956902 0.235612
6 0.175609 0.40169 0.141158 0.16656 0.230313
2 0.963488 0.0474395 0.0203074 0.0325586 0.229604
6 0.175661 0.401373 0.142009 0.166578 0.227823
6 0.175209 0.402524 0.1413 0.164082 0.227611
6 0.175408 0.399977 0.140178 0.168387 0.225998
5 0.256791 0.412313 0.112841 0.159303 0.221844
2 0.500435 0.229557 0.0655513 0.0839733 0.221449
2 0.328532 0.278556 0.0833627 0.0730747 0.219577
2 0.543714 0.141336 0.0417512 0.0356163 0.218991
2 0.544764 0.141298 0.0409069 0.0355234 0.216469
6 0.174295 0.401971 0.140868 0.16433 0.215821
2 0.719506 0.222115 0.0630884 0.093568 0.21496
5 0.174036 0.404085 0.137352 0.164202 0.210946
5 0.830133 0.475015 0.0859299 0.146349 0.207681
2 0.559718 0.243732 0.0683285 0.0756723 0.207304
2 0.698801 0.0553626 0.0209024 0.0288902 0.205501
6 0.174442 0.402433 0.14017 0.163749 0.200209
5 0.256416 0.41198 0.112736 0.159043 0.198904
2 0.900353 0.175125 0.0385323 0.0600214 0.198244
6 0.173635 0.402861 0.139803 0.163979 0.19809
5 0.257175 0.412976 0.112591 0.159547 0.193219
2 0.900723 0.175284 0.0366577 0.0581083 0.188947
2 0.500348 0.229347 0.0666855 0.0827765 0.188315
2 0.889628 0.0656938 0.0228622 0.0361303 0.188292
2 0.702119 0.05358 0.0272459 0.0320737 0.182073
2 0.558176 0.243902 0.0670169 0.0730546 0.181723
2 0.900604 0.175677 0.0372032 0.0582435 0.180616
2 0.890044 0.0651903 0.0236521 0.0370953 0.180132
5 0.256595 0.412367 0.111877 0.159101 0.17948
2 0.329904 0.279081 0.0786915 0.0735777 0.175959
2 0.890045 0.0658555 0.0235165 0.0362701 0.172567
2 0.536215 0.17483 0.0518051 0.0521145 0.166407
2 0.531671 0.174615 0.0493118 0.0480433 0.161533
6 0.174003 0.402862 0.138959 0.1649 0.157571
2 0.962733 0.0465797 0.0212721 0.0331908 0.156686
2 0.889566 0.0658033 0.0234722 0.0364175 0.152836
2 0.719338 0.222276 0.0637846 0.0947247 0.146849
2 0.863386 0.111221 0.0304508 0.0423538 0.144152
2 0.900305 0.175045 0.0378181 0.0587973 0.14149
2 0.900112 0.17614 0.0383228 0.0584641 0.135092
2 0.731466 0.0335563 0.0226704 0.024277 0.128802
2 0.559208 0.24429 0.0681669 0.0735395 0.123762
2 0.558351 0.245371 0.066769 0.0740519 0.109316
2 0.699583 0.0539244 0.0224499 0.0314803 0.108767
2 0.724153 0.0768784 0.0262573 0.028065 0.108584
2 0.559084 0.243438 0.067101 0.07206 0.107239
2 0.686951 0.484691 0.106215 0.14145 0.107074
2 0.716603 0.0567812 0.0293621 0.0296594 0.104735
2 0.328855 0.279034 0.0833569 0.0726651 0.104593
2 0.721162 0.0707598 0.0310458 0.0291689 0.100283
2 0.545716 0.142962 0.0377352 0.0365905 0.0989082
2 0.698435 0.0567271 0.0200774 0.0275651 0.0975865
2 0.719093 0.0572808 0.0285608 0.0285887 0.0955171
2 0.88996 0.0661335 0.0243139 0.0361882 0.0933743
2 0.926695 0.0381996 0.0231823 0.032552 0.091208
2 0.701461 0.0547389 0.0268095 0.0310818 0.0884904
2 0.890595 0.0662962 0.0236958 0.0341144 0.0862999
2 0.557087 0.240808 0.0660769 0.0671006 0.0855053
2 0.814636 0.18995 0.0442326 0.0620142 0.0853403
2 0.925092 0.0407958 0.0198055 0.0269979 0.0844475
2 0.720095 0.108334 0.0243608 0.0289507 0.0788629
2 0.809679 0.0207404 0.0197369 0.0234199 0.075004
2 0.724849 0.078372 0.024996 0.02895 0.0735585
2 0.55974 0.242639 0.0657661 0.0749957 0.0727981
2 0.816086 0.181239 0.0468529 0.0585555 0.0683232
2 0.327983 0.279664 0.0834216 0.074681 0.0675945
6 0.228068 0.378073 0.250707 0.217892 0.0668622
2 0.557866 0.242668 0.0654879 0.0683582 0.0666783
2 0.558058 0.241256 0.0663271 0.0680799 0.0665935
6 0.230518 0.369104 0.254361 0.231272 0.0657037
6 0.23144 0.368851 0.257242 0.234732 0.0630884
6 0.228163 0.373299 0.248659 0.228088 0.0626151
2 0.722972 0.0745201 0.0306016 0.0376946 0.0614491
2 0.551802 0.248436 0.0554457 0.0660625 0.0591048
2 0.863633 0.106757 0.0313805 0.0451081 0.0587995
2 0.784588 0.0478105 0.0264866 0.0339191 0.0569712
2 0.782131 0.0534512 0.0216213 0.0255826 0.0563835
7 0.760678 0.0267511 0.0237961 0.0373496 0.0540492
2 0.697031 0.0550371 0.0246487 0.0270204 0.0529877
5 0.897638 0.0181386 0.0362255 0.0362772 0.051966
2 0.718171 0.0536572 0.0341297 0.0307462 0.0495991
2 0.717532 0.111304 0.0188133 0.0241514 0.0468263
2 0.865884 0.109387 0.0354855 0.042712 0.0466691
2 0.897124 0.0159007 0.0327925 0.0316102 0.045679
2 0.543157 0.258007 0.0372304 0.036965 0.0448339
5 0.964293 0.0468539 0.0209576 0.0343652 0.0425308
7 0.76027 0.027325 0.0232332 0.036932 0.0415995
5 0.760903 0.0265712 0.0229337 0.0358694 0.041585
2 0.722861 0.0922205 0.029526 0.0579017 0.0413629
2 0.729575 0.034806 0.0215921 0.0238986 0.0405696
2 0.55779 0.237801 0.0653564 0.0639254 0.0399518
2 0.327013 0.279539 0.0818379 0.0711642 0.0394988
2 0.718401 0.107904 0.0221512 0.0332815 0.0391792
2 0.897189 0.0170162 0.0286819 0.0301009 0.0384951
7 0.760759 0.0266446 0.0234301 0.0374498 0.0379023
2 0.715685 0.0591162 0.0255514 0.0308807 0.0363643
7 0.760461 0.0269244 0.0234493 0.0376858 0.0353559
5 0.899274 0.0227983 0.0356747 0.0455966 0.0352942
2 0.559668 0.243884 0.069183 0.0718137 0.0333115
2 0.538527 0.14471 0.0492563 0.0396671 0.033301
5 0.760907 0.0257388 0.025728 0.0408676 0.0332341
2 0.760089 0.0294175 0.021277 0.032967 0.0308992
6 0.232453 0.367344 0.258121 0.237242 0.0304343
2 0.879109 0.0176091 0.0223087 0.0305703 0.0290848
6 0.23241 0.363872 0.257075 0.242069 0.0278873
2 0.718381 0.225391 0.0619923 0.0891775 0.0270648
2 0.964283 0.0472614 0.0205751 0.0349484 0.026751
2 0.524888 0.173096 0.0714214 0.05431 0.0264844
2 0.559655 0.242509 0.069304 0.0722117 0.0262144
2 0.904307 0.0175652 0.0207111 0.0288654 0.0255093
7 0.900137 0.175593 0.0382767 0.0584679 0.0233264
2 0.865887 0.109232 0.0363998 0.0439948 0.0229903
2 0.898461 0.0164988 0.0330929 0.0317473 0.0227924
2 0.722897 0.086609 0.029089 0.0471667 0.0227521
2 0.813308 0.0188963 0.0281487 0.0330763 0.0225567
2 0.32608 0.280203 0.0790683 0.0708446 0.0211875
2 0.7213 0.101644 0.0282761 0.0431003 0.0207622
5 0.255782 0.412856 0.112175 0.160046 0.0207613
2 0.500139 0.228805 0.0660154 0.0832762 0.0207022
5 0.174145 0.403192 0.137588 0.165987 0.0206887
2 0.731321 0.0310431 0.0239851 0.0275796 0.0204951
5 0.920738 0.466033 0.0312176 0.127665 0.0202137
2 0.536857 0.170561 0.0485277 0.0490387 0.020001
2 0.539882 0.144095 0.0448343 0.0391164 0.0199583
2 0.718255 0.227424 0.0620472 0.085246 0.0197041
2 0.783019 0.0377602 0.0249708 0.0298463 0.0195099
6 0.280284 0.363469 0.353696 0.248531 0.018512
2 0.963789 0.0453181 0.0220772 0.0351424 0.0181577
2 0.721246 0.0584193 0.0321398 0.0279374 0.0174885
2 0.812076 0.0151668 0.0234896 0.0287121 0.0160808
7 0.963422 0.0445539 0.0223774 0.0347892 0.0160016
2 0.727309 0.326809 0.0451019 0.0730116 0.0159389
2 0.877542 0.018817 0.0219273 0.0306212 0.0157532
2 0.925746 0.0389634 0.0227829 0.0295228 0.0157491
2 0.893268 0.0657469 0.0314548 0.0383503 0.0156153
2 0.810061 0.0225355 0.0207644 0.0275578 0.0153691
5 0.920086 0.466549 0.0319462 0.128603 0.0153088
2 0.818821 0.00774851 0.0280306 0.01469 0.0151158
2 0.71231 0.0497753 0.040531 0.0359353 0.0149725
2 0.719212 0.218039 0.0646239 0.0860069 0.0149081
2 0.533624 0.173912 0.0499339 0.0485878 0.0148348
2 0.549513 0.141978 0.0419945 0.0358082 0.0148265
6 0.331374 0.274005 0.457571 0.429567 0.0144448
5 0.920995 0.465959 0.0312809 0.128243 0.0140475
2 0.528091 0.174937 0.059976 0.0524799 0.0134352
5 0.920422 0.466247 0.0319283 0.127697 0.0133955
2 0.727547 0.32685 0.0448087 0.0721189 0.0132898
2 0.727839 0.327084 0.0446712 0.072914 0.0130307
2 0.328701 0.278987 0.0799032 0.0721384 0.0130138
2 0.785548 0.0452087 0.0272935 0.0360766 0.0129892
2 0.55666 0.241162 0.0642124 0.0624345 0.0129532
2 0.543582 0.261323 0.0381166 0.0423505 0.0129458
2 0.81781 0.179977 0.0463736 0.0532407 0.0128583
2 0.734947 0.0331936 0.0296543 0.0267814 0.0127745
2 0.81074 0.0222362 0.0225666 0.0340611 0.0127657
2 0.720759 0.0723678 0.0333414 0.0316363 0.0121415
2 0.540929 0.262243 0.0327839 0.0413642 0.0115933
5 0.965676 0.0326952 0.023667 0.0630859 0.0112242
2 0.534605 0.174171 0.049955 0.0491986 0.0110264
2 0.760294 0.0278733 0.0235809 0.0362112 0.0108519
5 0.892685 0.0162962 0.0437126 0.0325924 0.0108229
2 0.71836 0.231313 0.0608379 0.0749883 0.0107153
7 0.900933 0.17514 0.0402618 0.059757 0.0102149
2 0.557024 0.234612 0.0607557 0.0555391 0.0098017
2 0.735429 0.0334043 0.0290033 0.0277541 0.00965703
0 0.935612 0.27194 0.0144749 0.0553995 0.00959497
9 0.179863 0.669028 0.0248563 0.0813049 0.00930851
9 0.180104 0.670881 0.0236514 0.0786705 0.00910087
9 0.179167 0.669334 0.0275504 0.081974 0.00888555
7 0.749092 0.0277754 0.0512281 0.0384054 0.00886571
0 0.721964 0.0916171 0.0303932 0.0656134 0.0088223
2 0.556624 0.226882 0.0571117 0.0400285 0.00853135
2 0.554311 0.141361 0.0334333 0.036032 0.00847752
2 0.73245 0.0314742 0.0248674 0.0286528 0.0080584
5 0.92873 0.037866 0.026561 0.0341639 0.00795148
5 0.219215 0.379399 0.235672 0.222384 0.00783453
2 0.78728 0.0479571 0.0310928 0.0394555 0.00781295
5 0.859559 0.021224 0.0498009 0.0424481 0.00778993
0 0.881684 0.0897083 0.0367603 0.0766975 0.00774554
6 0.295173 0.457933 0.131972 0.0895287 0.00749412
7 0.500584 0.229421 0.0651665 0.0834554 0.00732409
0 0.224966 0.457402 0.0474415 0.067103 0.00727664
9 0.178838 0.66885 0.0237654 0.0810616 0.00711267
2 0.817007 0.186083 0.0480402 0.0653201 0.00709566
0 0.938246 0.0161534 0.0155209 0.0235322 0.00708981
2 0.520347 0.172804 0.071452 0.0545855 0.0070693
6 0.332527 0.285286 0.471772 0.426113 0.00689198
2 0.93422 0.0191792 0.0171471 0.0231912 0.00687314
2 0.874212 0.0199536 0.0210991 0.0314571 0.00685913
9 0.179383 0.669439 0.0251857 0.0824363 0.00638842
9 0.179569 0.669018 0.0244678 0.0820902 0.00635923
5 0.209278 0.370356 0.218529 0.240342 0.00628229
