0 0.638421 0.473287 0.025109 0.0540807 0.687155
2 0.257434 0.500668 0.114671 0.0727687 0.663466
0 0.638484 0.47397 0.0248764 0.0534735 0.659589
0 0.638373 0.473944 0.024126 0.0540716 0.652287
2 0.257759 0.500569 0.115555 0.0719553 0.650872
0 0.638352 0.473649 0.0247143 0.0533713 0.646304
2 0.814477 0.743837 0.114116 0.134993 0.634087
0 0.638707 0.473901 0.0254591 0.0542011 0.633096
2 0.969516 0.757641 0.059943 0.126327 0.62948
2 0.814464 0.743798 0.116 0.135189 0.626052
2 0.969257 0.752429 0.0605648 0.135361 0.624961
0 0.638109 0.473832 0.0241528 0.0536186 0.619482
2 0.814653 0.743931 0.115183 0.13458 0.614231
2 0.969339 0.758059 0.0603218 0.124323 0.613245
2 0.814773 0.743909 0.115351 0.135151 0.611593
2 0.258632 0.500679 0.117974 0.0718888 0.61111
0 0.638647 0.47383 0.0239128 0.054639 0.606536
2 0.969557 0.756028 0.0602695 0.12994 0.592445
2 0.258226 0.500518 0.117056 0.0722883 0.591667
2 0.969461 0.751086 0.0606087 0.138465 0.584598
2 0.969377 0.751381 0.0603281 0.137994 0.58355
2 0.969377 0.750775 0.0607292 0.139338 0.56927
2 0.814537 0.744491 0.115532 0.134629 0.561397
2 0.25815 0.500642 0.116995 0.0721672 0.558408
0 0.638555 0.474255 0.0236292 0.0546698 0.556614
2 0.257248 0.500241 0.115083 0.0717065 0.555471
0 0.638108 0.473386 0.0245138 0.0537994 0.551098
2 0.814568 0.744285 0.115509 0.134582 0.547571
2 0.969462 0.757139 0.0605606 0.125966 0.542358
2 0.969468 0.746543 0.0601139 0.148337 0.538392
2 0.969326 0.745991 0.0608006 0.149579 0.537198
0 0.637453 0.473532 0.0238857 0.0531158 0.526632
2 0.256879 0.500522 0.114397 0.0716624 0.519437
1 0.314105 0.535246 0.0395216 0.0472383 0.51615
2 0.814473 0.744004 0.116024 0.134962 0.51411
2 0.259207 0.500573 0.118728 0.0721884 0.495966
0 0.574579 0.47919 0.0200781 0.0645563 0.478533
2 0.0703775 0.962274 0.138631 0.0746687 0.472622
1 0.314543 0.534954 0.0395937 0.0469278 0.463546
1 0.314483 0.536424 0.0402673 0.048135 0.448568
2 0.0708453 0.962829 0.139723 0.073201 0.431398
2 0.0706178 0.962864 0.139566 0.0736311 0.426438
2 0.0708924 0.962931 0.140082 0.073542 0.425943
0 0.576118 0.479637 0.0181278 0.0640396 0.400905
2 0.254272 0.499899 0.114617 0.0725849 0.398406
1 0.314236 0.536248 0.0397887 0.0482522 0.381633
2 0.070414 0.962945 0.139236 0.0730494 0.377644
2 0.0696136 0.962607 0.13869 0.0742092 0.376083
0 0.573804 0.480307 0.0196431 0.0635408 0.34927
1 0.314333 0.535977 0.0418288 0.0473979 0.326188
0 0.574914 0.480449 0.0192617 0.0627857 0.316842
2 0.0698433 0.963109 0.139051 0.0727304 0.316518
0 0.573506 0.478852 0.0202555 0.0661137 0.308226
0 0.0173671 0.520104 0.0187872 0.0673971 0.301876
0 0.0181129 0.518871 0.0172504 0.0633785 0.301659
0 0.0189152 0.518264 0.0170368 0.0625113 0.296461
2 0.814431 0.745503 0.115727 0.132862 0.288952
0 0.575883 0.479006 0.016704 0.0637854 0.285361
2 0.070096 0.962952 0.13898 0.0734402 0.284603
2 0.814387 0.745577 0.116437 0.133173 0.276905
2 0.814612 0.743636 0.114188 0.134658 0.255247
1 0.314052 0.533496 0.0391375 0.0470869 0.244057
0 0.605827 0.469215 0.0127817 0.0561686 0.228261
2 0.278536 0.891894 0.194975 0.156278 0.22772
9 0.15492 0.428798 0.0123292 0.0298964 0.215332
0 0.606447 0.46906 0.013114 0.0555889 0.212099
9 0.154794 0.428221 0.0132139 0.0295334 0.212078
2 0.278497 0.893358 0.195598 0.157915 0.193853
0 0.0158727 0.520778 0.0229755 0.0739269 0.186611
0 0.577123 0.477709 0.0152212 0.0596798 0.165635
0 0.573081 0.480927 0.0197828 0.0624165 0.161871
1 0.313144 0.533499 0.0385524 0.0442873 0.155818
2 0.968933 0.759631 0.0613485 0.118952 0.154818
1 0.314812 0.538067 0.0425892 0.0469034 0.15436
2 0.0702162 0.962594 0.138944 0.0734943 0.148566
6 0.277769 0.894549 0.196895 0.164069 0.143498
2 0.278306 0.893279 0.195396 0.158664 0.135349
1 0.315473 0.534378 0.0418427 0.0487066 0.128327
2 0.278388 0.894026 0.194989 0.158728 0.125834
0 0.606652 0.468365 0.0135446 0.0534254 0.122389
0 0.575122 0.481077 0.0184337 0.0611996 0.121624
2 0.380811 0.478683 0.0167391 0.0307007 0.114539
0 0.0162535 0.521443 0.0239234 0.067251 0.111667
0 0.572527 0.477152 0.02372 0.0660351 0.105657
2 0.278466 0.890566 0.195914 0.154846 0.101698
2 0.0696685 0.963332 0.138075 0.072249 0.0960668
0 0.0162421 0.522051 0.0244144 0.0712338 0.092672
0 0.0194441 0.516997 0.015099 0.060568 0.0923516
2 0.381131 0.479427 0.0169061 0.0322737 0.085622
1 0.315397 0.534303 0.0443252 0.051268 0.08285
6 0.277605 0.894275 0.193408 0.157832 0.0813977
6 0.277938 0.893761 0.197385 0.160478 0.0796937
2 0.969984 0.745379 0.0591358 0.144052 0.0763616
2 0.2786 0.893931 0.195733 0.160054 0.0712984
2 0.124432 0.507408 0.0805043 0.043692 0.0706816
6 0.571203 0.767579 0.834489 0.464842 0.0700828
6 0.574155 0.772541 0.812643 0.454919 0.0695728
2 0.255365 0.500119 0.114456 0.0721085 0.0654744
9 0.155278 0.429897 0.012771 0.0332467 0.0631941
9 0.340708 0.417826 0.0114219 0.0245657 0.0622266
6 0.582902 0.776346 0.810736 0.447309 0.0563364
2 0.681939 0.767329 0.0238821 0.0233431 0.055651
6 0.277998 0.888973 0.197716 0.151608 0.0551478
0 0.0120877 0.521574 0.0241753 0.0709721 0.0548266
2 0.973526 0.697502 0.0520771 0.0535246 0.0540308
6 0.580428 0.777352 0.804028 0.444719 0.0535794
0 0.559963 0.479595 0.0153789 0.0685814 0.0530316
1 0.31184 0.535071 0.041367 0.0491056 0.0526722
2 0.128458 0.509358 0.0647565 0.039967 0.0520057
0 0.548609 0.485093 0.0330252 0.0941277 0.0517697
2 0.127205 0.508349 0.064362 0.0406661 0.0502965
2 0.466716 0.900481 0.0304487 0.0203915 0.0472861
0 0.585723 0.476484 0.0158953 0.0545174 0.0465257
2 0.0703245 0.96281 0.140045 0.0739594 0.0460739
0 0.606026 0.470995 0.0190192 0.0521771 0.0459502
0 0.605774 0.470344 0.0137225 0.0548216 0.0455542
0 0.548412 0.48374 0.0351348 0.0968245 0.0449456
6 0.558346 0.768829 0.847633 0.462342 0.044236
2 0.128018 0.508996 0.0658169 0.0401919 0.0426254
2 0.277525 0.893816 0.193953 0.15659 0.0421446
0 0.0137167 0.5212 0.0274335 0.0686302 0.0417407
2 0.118832 0.506769 0.0874895 0.0444781 0.0416417
2 0.384621 0.480635 0.024558 0.0345436 0.0400326
6 0.552167 0.756696 0.883469 0.486608 0.0395599
0 0.560186 0.477577 0.0141763 0.05108 0.0392494
0 0.382164 0.48124 0.0173074 0.0342003 0.0388873
0 0.563589 0.479297 0.013623 0.0638772 0.0382063
2 0.127816 0.508755 0.0640603 0.0416745 0.0369235
2 0.384544 0.479952 0.0254375 0.0351846 0.0360109
0 0.583047 0.479239 0.0193508 0.0577868 0.0359468
0 0.831598 0.42487 0.015863 0.0412241 0.0350071
0 0.550075 0.483051 0.0360804 0.0890932 0.0334271
2 0.381642 0.481707 0.021312 0.0349576 0.0329195
2 0.134582 0.508117 0.0696764 0.0411144 0.0323838
6 0.277744 0.895986 0.199737 0.161731 0.031572
0 0.570095 0.477735 0.0254604 0.071254 0.0314924
1 0.315624 0.53715 0.0452665 0.057778 0.030478
0 0.550604 0.484396 0.0305601 0.0905382 0.0291387
2 0.070194 0.962201 0.138547 0.0746521 0.0290123
2 0.988718 0.702762 0.0217289 0.0216919 0.0289083
1 0.325613 0.497203 0.0297702 0.0340252 0.0280353
2 0.974348 0.699091 0.0513033 0.0590826 0.0276105
2 0.929716 0.63695 0.0356113 0.0233553 0.0265228
0 0.832376 0.425908 0.0186943 0.0413548 0.026486
0 0.00917278 0.521392 0.0183456 0.0743458 0.0264805
1 0.316509 0.517821 0.0317995 0.0669711 0.0262055
0 0.31985 0.49648 0.0181528 0.032296 0.0259501
0 0.511587 0.476735 0.0169934 0.041198 0.0259075
0 0.594884 0.473123 0.012985 0.04755 0.025847
0 0.834539 0.426641 0.0235535 0.042826 0.0252024
6 0.564562 0.765332 0.845566 0.469335 0.0251247
2 0.124045 0.507389 0.0687013 0.0440113 0.0245485
0 0.560649 0.473427 0.0144523 0.0550749 0.0242639
2 0.867981 0.664548 0.029117 0.0281275 0.0237292
0 0.765528 0.442382 0.0131525 0.0255985 0.0235428
0 0.606505 0.472079 0.0191081 0.0528727 0.0230971
13 0.595513 0.622567 0.0626305 0.0609992 0.0225876
0 0.0137164 0.520314 0.0274328 0.0660286 0.0225625
2 0.927474 0.637076 0.039777 0.0226803 0.0224431
2 0.0705482 0.963133 0.139813 0.072776 0.0223439
9 0.155889 0.428397 0.0162899 0.0329023 0.0221028
2 0.969716 0.74559 0.0600113 0.149774 0.0212207
0 0.510134 0.479435 0.0153753 0.0347614 0.021121
0 0.606252 0.467697 0.0152552 0.0534046 0.0207721
1 0.32631 0.495867 0.0293126 0.0331315 0.0206779
1 0.320453 0.517388 0.0382088 0.072941 0.0206387
6 0.544872 0.750096 0.898857 0.499809 0.0203233
2 0.378811 0.480597 0.024811 0.0361362 0.0200463
13 0.595207 0.625407 0.0645299 0.0633461 0.0197938
2 0.384978 0.481069 0.0240982 0.0349481 0.0197091
0 0.592332 0.471125 0.0132484 0.04998 0.0194661
2 0.466121 0.900102 0.0307945 0.0214691 0.0194215
2 0.982441 0.6074 0.0336365 0.0270093 0.0194003
2 0.907972 0.645309 0.038777 0.0301813 0.0190589
6 0.191799 0.904922 0.381575 0.188168 0.0188828
2 0.68001 0.767908 0.0284119 0.0230999 0.0187739
2 0.96923 0.761726 0.0604008 0.113746 0.0187247
2 0.122906 0.507305 0.0618891 0.0365978 0.0185507
2 0.932146 0.635571 0.034919 0.023814 0.0184822
0 0.515627 0.476792 0.0212246 0.0412663 0.0181028
2 0.124617 0.506751 0.0687388 0.0380572 0.0180764
2 0.584387 0.824517 0.0240408 0.021788 0.017955
0 0.513735 0.479551 0.0135677 0.0340311 0.0179395
6 0.27382 0.896658 0.205547 0.181723 0.0177274
2 0.531873 0.859358 0.0191946 0.0195633 0.0174546
6 0.189645 0.902965 0.376061 0.185132 0.0172283
2 0.683286 0.768502 0.0271589 0.0258242 0.0170801
0 0.51352 0.47641 0.0152994 0.0414446 0.0167973
2 0.905768 0.647957 0.0455427 0.0278549 0.0165214
2 0.129211 0.507926 0.0617029 0.0416803 0.0165092
0 0.158295 0.512134 0.0135511 0.0297027 0.0164529
0 0.516493 0.477261 0.0204929 0.0402057 0.0161048
6 0.278776 0.880979 0.195249 0.191376 0.0160961
0 0.561882 0.472066 0.0169891 0.0580052 0.0159088
0 0.596742 0.475353 0.0160284 0.043544 0.0158589
2 0.111543 0.505362 0.0759716 0.0411174 0.0155897
2 0.931574 0.634463 0.0390873 0.029924 0.0155833
1 0.317026 0.545788 0.0471022 0.0656158 0.0154791
2 0.546314 0.40232 0.0856478 0.0365895 0.0154698
6 0.19195 0.902538 0.379706 0.185322 0.0153391
2 0.0886685 0.507469 0.048526 0.0340536 0.0153276
2 0.0878715 0.505775 0.0475334 0.034369 0.015299
2 0.994227 0.600602 0.0107857 0.0226198 0.0152879
1 0.317704 0.535217 0.0472107 0.0535805 0.0152765
2 0.254601 0.50082 0.127431 0.0723162 0.0152266
2 0.917691 0.63994 0.0325336 0.0239405 0.0150298
6 0.285042 0.882545 0.183352 0.138307 0.0149472
2 0.54757 0.402521 0.0816257 0.035165 0.0149099
2 0.545719 0.401648 0.086787 0.0367084 0.0149036
6 0.192751 0.90414 0.382396 0.191631 0.0145805
2 0.908076 0.645169 0.0433607 0.0336898 0.0145305
2 0.974066 0.698281 0.0518671 0.0567398 0.0143611
2 0.935719 0.633982 0.0338375 0.0249547 0.0139753
0 0.549072 0.482123 0.0330576 0.0834924 0.0139733
2 0.975601 0.610228 0.0458809 0.0286867 0.0139465
0 0.320395 0.498531 0.0219249 0.0354132 0.0137298
0 0.766238 0.440894 0.0112757 0.0283497 0.0136209
2 0.545678 0.401882 0.0955777 0.0377387 0.0133669
0 0.444535 0.481613 0.00902576 0.0143405 0.0130812
2 0.279809 0.866033 0.191663 0.103653 0.0130615
2 0.351994 0.488499 0.0207731 0.0301538 0.0128384
2 0.377948 0.481758 0.0250399 0.0360596 0.0128178
2 0.466653 0.899994 0.0315216 0.0220745 0.0127549
0 0.0153311 0.517725 0.0272242 0.0713428 0.0126585
0 0.548774 0.4847 0.0334269 0.0908701 0.0124098
1 0.311118 0.525587 0.0377756 0.0498905 0.0124044
13 0.595981 0.624339 0.0655567 0.0612192 0.0123517
2 0.905858 0.647133 0.0412346 0.0321321 0.0123032
2 0.140073 0.510154 0.0521709 0.0389004 0.0122754
2 0.979235 0.69995 0.0404703 0.0483676 0.0119056
0 0.158018 0.513045 0.0142544 0.0307693 0.0118398
13 0.595532 0.623382 0.0624336 0.0593805 0.0118091
1 0.308935 0.529196 0.0370912 0.0420757 0.0117515
2 0.818231 0.705083 0.0966795 0.05725 0.0116996
2 0.585389 0.825694 0.0234816 0.0206936 0.0116398
1 0.351101 0.490973 0.0216124 0.0270926 0.0115332
2 0.331411 0.493772 0.0396984 0.0343149 0.0114984
2 0.463453 0.447556 0.0259016 0.0159132 0.0114838
0 0.518311 0.479271 0.0210104 0.0359734 0.0113748
13 0.596048 0.62415 0.0652365 0.0610147 0.0113671
2 0.330756 0.491087 0.03501 0.0329639 0.0111522
2 0.988878 0.695993 0.0214062 0.0393412 0.0110752
6 0.532614 0.748034 0.934164 0.503931 0.0109357
2 0.88867 0.651091 0.0727482 0.0527399 0.010846
9 0.393134 0.400606 0.0107757 0.0294575 0.0108329
2 0.107256 0.504619 0.119668 0.0472889 0.0107038
2 0.36098 0.484636 0.0521553 0.0364668 0.0105134
5 0.549256 0.430603 0.0975435 0.0918445 0.0104786
2 0.530488 0.859958 0.0228827 0.0203506 0.0104078
7 0.252621 0.500305 0.129478 0.0731768 0.0103762
2 0.981587 0.609861 0.0318954 0.0260635 0.0102005
2 0.0886178 0.507859 0.0516204 0.0322639 0.0100881
2 0.759144 0.443056 0.0258162 0.0268624 0.00996026
2 0.682778 0.766801 0.0268631 0.03096 0.00995003
2 0.139418 0.509382 0.0509792 0.0392971 0.00994395
2 0.0705851 0.9626 0.139502 0.0741978 0.00989301
2 0.463079 0.447359 0.0243749 0.0146526 0.00948614
2 0.0881732 0.506008 0.0498537 0.0325171 0.00947921
2 0.351122 0.48941 0.0243206 0.0301352 0.00941586
2 0.107531 0.505541 0.098797 0.0445476 0.00938244
2 0.817394 0.705023 0.0914959 0.0561552 0.00934363
0 0.831232 0.422127 0.0145977 0.0409225 0.00915772
2 0.972915 0.697465 0.0533522 0.0532402 0.00912145
13 0.595946 0.625647 0.0649964 0.0612391 0.00898768
0 0.592751 0.468135 0.0150043 0.053091 0.00893941
0 0.567481 0.461927 0.0267145 0.0826439 0.00888723
2 0.635572 0.794519 0.0219765 0.0209103 0.0088479
2 0.863726 0.668804 0.0183386 0.0176323 0.00884779
2 0.994868 0.597459 0.00946159 0.0229727 0.00880926
2 0.682012 0.765813 0.0237774 0.024884 0.00875333
2 0.37382 0.483379 0.0323073 0.0378525 0.00861506
2 0.818488 0.704113 0.0936377 0.0543884 0.00857779
6 0.192098 0.903107 0.381542 0.193229 0.00850769
0 0.351947 0.489941 0.0201711 0.0277637 0.00849357
2 0.467559 0.900673 0.0321854 0.0217369 0.00823672
13 0.596182 0.628867 0.0629997 0.056042 0.00806991
13 0.596237 0.625459 0.06506 0.0616955 0.00795778
0 0.580363 0.459761 0.0143784 0.0790165 0.00795558
1 0.340137 0.493398 0.0315156 0.0320948 0.00794107
1 0.312369 0.536718 0.0417161 0.0482057 0.00793086
5 0.549738 0.437775 0.0941912 0.10696 0.00790212
9 0.393345 0.429507 0.0145879 0.0227819 0.00785052
6 0.532486 0.73926 0.928186 0.52148 0.00775081
2 0.0511047 0.964962 0.100699 0.0693996 0.00774412
2 0.966275 0.390812 0.0223843 0.0213232 0.00774116
2 0.544315 0.401801 0.0892776 0.0361972 0.00766357
9 0.341601 0.418856 0.0131585 0.0290045 0.00754801
2 0.0910865 0.502961 0.058721 0.0382818 0.00752511
9 0.510071 0.404928 0.0115625 0.0165411 0.0074897
9 0.39346 0.399111 0.00975623 0.0302376 0.00747348
5 0.547622 0.43639 0.099599 0.102957 0.00743494
7 0.814441 0.746313 0.115038 0.131802 0.00736204
0 0.32208 0.493089 0.0202287 0.0287798 0.00735036
2 0.089342 0.501765 0.0554685 0.0371105 0.00733972
2 0.817445 0.706934 0.100359 0.0619923 0.00732787
1 0.314465 0.543145 0.0405581 0.0591321 0.00709405
0 0.836649 0.426366 0.0283623 0.0436956 0.00706777
2 0.972198 0.611851 0.0464645 0.0286219 0.00704641
2 0.893909 0.653283 0.0189621 0.0181061 0.00697767
2 0.876973 0.663778 0.0489729 0.02873 0.00697465
