2 0.814141 0.0571185 0.0876593 0.0549449 0.781065
2 0.813841 0.0565277 0.0869467 0.0540524 0.738422
2 0.489189 0.366389 0.080937 0.153983 0.712943
2 0.489498 0.366732 0.0807529 0.154503 0.703146
2 0.814296 0.0566122 0.0867537 0.0550567 0.694514
5 0.241536 0.115923 0.117943 0.186962 0.669318
5 0.242901 0.115732 0.117166 0.187442 0.665328
5 0.242914 0.115372 0.117524 0.187534 0.665097
5 0.241185 0.115764 0.119022 0.187995 0.657642
5 0.241676 0.115379 0.117955 0.185981 0.651387
2 0.814714 0.0564347 0.0861763 0.0555148 0.650013
2 0.489173 0.366333 0.0811073 0.15395 0.648207
2 0.814464 0.0565597 0.088192 0.0538508 0.646696
2 0.814739 0.0567213 0.0869574 0.0553135 0.639901
2 0.489545 0.366158 0.0812252 0.154865 0.629429
2 0.489675 0.36696 0.0812702 0.153597 0.624902
2 0.489679 0.366834 0.0811217 0.154844 0.598508
5 0.242784 0.115231 0.116608 0.185636 0.588726
2 0.814735 0.0563131 0.0860527 0.0555534 0.58107
2 0.489213 0.366891 0.0815666 0.15344 0.580929
5 0.240891 0.115562 0.118187 0.185032 0.577215
2 0.814416 0.0567404 0.0860575 0.0549509 0.577119
2 0.368465 0.104768 0.0442421 0.0724789 0.548868
2 0.6191 0.0263562 0.0604214 0.0527124 0.536084
2 0.464007 0.145709 0.0574835 0.0747608 0.526842
2 0.618989 0.0273585 0.0593756 0.0532496 0.503728
2 0.978312 0.121065 0.0428366 0.0646755 0.500254
2 0.61921 0.025267 0.0603015 0.050534 0.500114
5 0.241172 0.115466 0.118684 0.184294 0.499889
2 0.464104 0.145683 0.0582272 0.0745397 0.489258
2 0.463376 0.1462 0.05672 0.0747263 0.489113
2 0.368791 0.104127 0.044425 0.0730266 0.483281
0 0.720546 0.135075 0.0323072 0.0732952 0.480332
2 0.464061 0.14629 0.0577258 0.0750146 0.478331
2 0.978183 0.120866 0.0430218 0.0659646 0.474371
2 0.463837 0.145358 0.0572625 0.0748534 0.472556
0 0.720677 0.136254 0.0322264 0.0744356 0.465817
0 0.81484 0.163009 0.0218561 0.0907114 0.46239
2 0.618723 0.0270329 0.0605809 0.0521835 0.459543
0 0.721209 0.135207 0.0316368 0.0729399 0.458681
5 0.24235 0.115438 0.115851 0.185319 0.4586
2 0.619499 0.0276355 0.0600899 0.054378 0.44239
0 0.814689 0.162544 0.0215771 0.089321 0.441357
5 0.242514 0.115345 0.11656 0.184418 0.438681
2 0.97872 0.120285 0.041729 0.0659463 0.436324
0 0.720761 0.136329 0.0328663 0.0743923 0.435274
2 0.463513 0.145656 0.0578651 0.0742839 0.435041
0 0.815015 0.162659 0.023465 0.0924942 0.429632
2 0.978659 0.121103 0.041938 0.0684288 0.423635
0 0.815016 0.161843 0.020887 0.0911856 0.415337
2 0.951025 0.196496 0.071423 0.0968943 0.410037
2 0.618458 0.0279799 0.0588867 0.0528792 0.405282
2 0.464477 0.145652 0.0565125 0.0752435 0.398848
2 0.619075 0.026415 0.0611071 0.050452 0.396694
2 0.978854 0.120505 0.0417187 0.0676356 0.392891
2 0.950998 0.196372 0.0711702 0.0971533 0.390767
0 0.814489 0.161924 0.0229832 0.0907254 0.383103
2 0.580919 0.10302 0.0532251 0.0677389 0.369173
2 0.369302 0.103906 0.0410352 0.0711747 0.367866
2 0.489645 0.366629 0.0814155 0.15519 0.358061
2 0.951086 0.19607 0.0716682 0.0969317 0.357574
2 0.950984 0.19642 0.0711418 0.0969345 0.354563
2 0.951057 0.196027 0.0712006 0.0972707 0.354161
0 0.814693 0.163024 0.0221333 0.0899086 0.350977
2 0.978496 0.120199 0.042235 0.0658811 0.349494
0 0.814722 0.163147 0.0216831 0.0892111 0.348508
2 0.619021 0.0221619 0.0606597 0.0440674 0.34444
2 0.951256 0.195999 0.0720921 0.0964949 0.340849
2 0.367922 0.104885 0.0439306 0.0731166 0.339113
2 0.617316 0.0249291 0.0597139 0.0476888 0.335916
2 0.489988 0.366964 0.0812418 0.154183 0.335232
0 0.720485 0.135962 0.0326679 0.0740886 0.325716
0 0.867819 0.179938 0.016251 0.0850348 0.324332
2 0.58072 0.102919 0.0533727 0.0680903 0.317192
2 0.580574 0.10261 0.0533199 0.0690833 0.313405
0 0.813955 0.163643 0.0213165 0.0889092 0.307608
2 0.369032 0.103983 0.0448378 0.0741828 0.304299
0 0.720907 0.136362 0.0341825 0.0743178 0.300734
2 0.581137 0.102616 0.0532882 0.0682279 0.298936
2 0.497928 0.551619 0.108346 0.232798 0.291021
2 0.498033 0.548777 0.108268 0.226814 0.289921
2 0.950669 0.196445 0.0717804 0.0972971 0.289017
0 0.840156 0.178934 0.0243584 0.103074 0.288331
2 0.498351 0.548957 0.107353 0.227079 0.288085
0 0.814704 0.161617 0.0237246 0.0924449 0.280227
0 0.837472 0.186269 0.0314129 0.119573 0.27354
0 0.72176 0.13625 0.032163 0.0752277 0.272348
2 0.368843 0.104527 0.0445753 0.0730035 0.271552
2 0.975319 0.0431515 0.0488201 0.0504879 0.271276
2 0.368355 0.103553 0.0429706 0.0710921 0.270139
5 0.241385 0.0984056 0.117615 0.151131 0.266973
2 0.813844 0.0567265 0.087138 0.0546375 0.266583
2 0.814774 0.0569631 0.0880726 0.0543422 0.264831
67 0.497761 0.549362 0.108806 0.230144 0.254776
0 0.720537 0.136715 0.0343566 0.0742156 0.254065
2 0.950993 0.196437 0.0721292 0.0971525 0.253697
0 0.867838 0.178146 0.0163319 0.0896137 0.252779
2 0.497953 0.548311 0.108518 0.229363 0.244108
2 0.6174 0.027541 0.0576879 0.0524107 0.230025
2 0.975235 0.0427469 0.0488358 0.0510856 0.221628
2 0.498233 0.548308 0.107789 0.229336 0.221246
67 0.49818 0.549479 0.108723 0.230275 0.220476
2 0.975357 0.0452942 0.0492862 0.0461712 0.219918
2 0.974723 0.0440644 0.0497681 0.0505184 0.218695
2 0.978543 0.120471 0.0429135 0.0659081 0.214982
0 0.842549 0.175255 0.0210056 0.0976519 0.211592
2 0.459354 0.0166731 0.039252 0.0333463 0.209871
2 0.369054 0.103343 0.0417109 0.0703943 0.209244
2 0.369271 0.103479 0.0429515 0.0699958 0.202914
5 0.241551 0.114706 0.116212 0.183783 0.20194
0 0.839044 0.181151 0.0294397 0.116815 0.199684
2 0.978902 0.120575 0.0421955 0.0666549 0.196009
0 0.836926 0.186352 0.027487 0.112112 0.195269
2 0.369287 0.103963 0.0422857 0.0708322 0.195032
2 0.975302 0.0412803 0.0483931 0.0542876 0.191788
0 0.835578 0.187941 0.0269791 0.119097 0.190504
0 0.833249 0.198404 0.0231426 0.10014 0.188942
2 0.463709 0.146342 0.0585979 0.0746221 0.185601
2 0.459947 0.0167717 0.040387 0.0335434 0.185478
2 0.458785 0.017086 0.0403095 0.0340442 0.183764
0 0.832524 0.224558 0.0178329 0.0480298 0.182723
2 0.489709 0.367037 0.0817406 0.153996 0.178037
2 0.97526 0.0422508 0.04948 0.0516519 0.170687
2 0.464213 0.152867 0.0577137 0.0617856 0.17016
2 0.458997 0.0167457 0.0413435 0.0334914 0.1692
2 0.459665 0.0171833 0.0392048 0.0339608 0.168734
0 0.834067 0.199014 0.0259724 0.0959788 0.167846
2 0.978789 0.121129 0.0417212 0.0689931 0.164216
2 0.459788 0.0169595 0.037645 0.0335655 0.163764
0 0.843346 0.165966 0.0192488 0.0817165 0.16353
5 0.497956 0.548125 0.107294 0.22985 0.160379
0 0.867845 0.176979 0.0170177 0.0890839 0.159621
0 0.868162 0.178648 0.019228 0.0889195 0.156033
0 0.867933 0.177562 0.0167484 0.0883917 0.151902
2 0.976539 0.0424815 0.0462311 0.0521495 0.149128
0 0.719949 0.136247 0.0331597 0.0735832 0.148817
0 0.868152 0.177109 0.0199034 0.0888164 0.144599
0 0.832492 0.224315 0.018705 0.0474728 0.14424
2 0.458923 0.0172027 0.0390629 0.0343957 0.14268
2 0.460259 0.0167904 0.0434872 0.0335807 0.141671
5 0.240593 0.110622 0.118019 0.17714 0.133242
0 0.814869 0.1617 0.0209923 0.0897737 0.13204
9 0.106979 0.0950235 0.0109274 0.020166 0.123645
0 0.867739 0.183953 0.0147167 0.0770499 0.123331
0 0.721178 0.132244 0.0319654 0.0676319 0.123245
2 0.976154 0.0486107 0.0476912 0.0408541 0.113692
0 0.843595 0.163569 0.0187977 0.0780853 0.113387
0 0.833421 0.187318 0.0236618 0.12051 0.112346
2 0.977669 0.0471118 0.0438477 0.043424 0.111722
2 0.368338 0.109414 0.0421132 0.0622244 0.111196
0 0.83478 0.195793 0.0248516 0.104348 0.109985
61 0.498279 0.980614 0.161753 0.0381863 0.109478
2 0.9753 0.0435625 0.0488253 0.0488958 0.108763
2 0.81438 0.0566346 0.0873398 0.0544807 0.108189
0 0.835135 0.193379 0.0289669 0.0939889 0.107843
2 0.976479 0.0477937 0.046347 0.0423859 0.107626
2 0.97891 0.119431 0.0414139 0.0647644 0.107431
5 0.497918 0.548041 0.109736 0.229138 0.106909
0 0.720455 0.139308 0.0315195 0.0685058 0.105787
0 0.815832 0.154021 0.0197399 0.0789433 0.104663
3 0.581033 0.102852 0.0514629 0.066146 0.103786
2 0.634489 0.0193405 0.0293575 0.0368541 0.102865
2 0.459471 0.0175604 0.039853 0.0342403 0.102779
61 0.499405 0.980306 0.166813 0.0386183 0.101123
2 0.0410496 0.121602 0.0164443 0.0291964 0.100181
2 0.00578561 0.235555 0.0114896 0.0673472 0.098
3 0.581121 0.102669 0.0522387 0.0641806 0.0948182
2 0.0163328 0.125853 0.0326656 0.0426692 0.0936895
2 0.00783152 0.235418 0.0155902 0.0704531 0.0925122
2 0.612371 0.0281065 0.0471953 0.0531319 0.0922826
0 0.813765 0.164304 0.0199806 0.0889675 0.0920956
0 0.867788 0.177696 0.0198162 0.0906939 0.0908177
2 0.464492 0.145727 0.0565674 0.0756457 0.0863383
0 0.832154 0.225513 0.0171177 0.0476191 0.0859971
0 0.726193 0.123093 0.0203687 0.0485389 0.0838921
0 0.719529 0.134709 0.0317944 0.0701458 0.0838345
2 0.640812 0.0208409 0.0151477 0.0332028 0.0836144
2 0.976307 0.0408717 0.0465683 0.0536651 0.0821528
2 0.465908 0.0747503 0.0504158 0.0760785 0.0801902
5 0.241406 0.0795342 0.114122 0.114756 0.0752952
0 0.869072 0.147367 0.0133814 0.0301247 0.0751207
2 0.0415596 0.121679 0.0199851 0.0345875 0.0739686
0 0.954257 0.101036 0.0237396 0.0755223 0.071378
0 0.71974 0.141131 0.0333221 0.0637106 0.0704071
2 0.58115 0.103261 0.0516329 0.065124 0.0686395
2 0.367757 0.112779 0.040796 0.0547335 0.0680622
2 0.160851 0.120959 0.0426937 0.0606947 0.0680273
2 0.559173 0.00409319 0.0340872 0.00818639 0.0662885
2 0.00756792 0.235196 0.0150542 0.0703784 0.0644415
2 0.983761 0.109618 0.0317902 0.0455115 0.0619444
2 0.00514009 0.236403 0.0102802 0.0695611 0.0595878
5 0.240809 0.0934116 0.115964 0.142465 0.0592016
61 0.498452 0.9796 0.162018 0.0396854 0.0588401
5 0.950718 0.195538 0.0730566 0.0947361 0.0585615
2 0.458667 0.0176893 0.0417005 0.0353785 0.057361
0 0.464385 0.0721259 0.0496136 0.0719342 0.056135
2 0.97934 0.119523 0.040583 0.0643464 0.0557558
2 0.970888 0.0493589 0.0412296 0.0371229 0.0547481
5 0.242471 0.115527 0.115355 0.183703 0.0533796
2 0.465485 0.0736785 0.0497849 0.0760554 0.0531447
0 0.465146 0.0723482 0.0475914 0.0705319 0.0524735
0 0.464179 0.0725869 0.0500469 0.0732966 0.0523482
2 0.369454 0.103811 0.0417695 0.0711536 0.0521342
0 0.954111 0.100669 0.0245163 0.0764478 0.0510052
9 0.129211 0.0287199 0.0113975 0.0251915 0.0508225
5 0.242626 0.0812657 0.111878 0.117183 0.050748
0 0.464398 0.0716698 0.0464044 0.0699105 0.0507424
2 0.00752522 0.23643 0.0149651 0.0732123 0.0501791
3 0.720578 0.145644 0.0355384 0.0592895 0.0500335
2 0.0418405 0.119174 0.0186311 0.0337415 0.0485992
0 0.72266 0.136484 0.0348452 0.0753344 0.0483254
0 0.843543 0.146693 0.0174763 0.0465815 0.0480783
0 0.81996 0.171666 0.0320957 0.0792246 0.0473391
7 0.210978 0.123368 0.0649414 0.076392 0.0471737
0 0.591909 0.0915498 0.0231916 0.0401876 0.0471735
5 0.95151 0.196864 0.0718582 0.0955115 0.0469102
2 0.580988 0.104963 0.0531059 0.0723173 0.0468981
3 0.727045 0.154627 0.0256283 0.0431183 0.0462581
0 0.841825 0.171831 0.0259361 0.101191 0.0455982
3 0.721555 0.152948 0.0281982 0.0438541 0.0454734
2 0.978612 0.121406 0.0420528 0.0680027 0.0450828
0 0.465075 0.0747665 0.0366261 0.0719426 0.044909
61 0.498187 0.980404 0.164274 0.0386494 0.0446505
2 0.015112 0.126127 0.0302239 0.0427136 0.0446494
0 0.592195 0.0926501 0.024932 0.039831 0.0441015
0 0.371423 0.103895 0.039394 0.0706569 0.0440352
0 0.105877 0.0988405 0.0124185 0.0262391 0.0439948
2 0.161341 0.121683 0.0446048 0.0598435 0.0437092
2 0.559837 0.00397182 0.0337465 0.00794364 0.0432508
2 0.581156 0.104627 0.0507414 0.0613501 0.0427697
2 0.466861 0.076539 0.050522 0.0754715 0.0424333
2 0.974256 0.0443492 0.0505606 0.0535796 0.0422457
0 0.465074 0.0732642 0.0477448 0.0720574 0.0418556
2 0.464137 0.15582 0.0561953 0.055245 0.0417846
2 0.0633751 0.113684 0.0627274 0.0485091 0.0412862
5 0.239965 0.0924881 0.118046 0.140188 0.0405728
61 0.499044 0.980836 0.160824 0.0376427 0.0395593
2 0.98203 0.109628 0.0351019 0.0463604 0.0394919
9 0.132696 0.0232955 0.00987024 0.0275897 0.03932
2 0.36912 0.103908 0.0412707 0.0700735 0.0392567
0 0.734313 0.0429945 0.0205559 0.0333018 0.0390906
0 0.718348 0.1491 0.0309757 0.0481546 0.038755
2 0.00477724 0.23691 0.00955449 0.0684952 0.0385153
5 0.241333 0.10343 0.115869 0.161443 0.038273
2 0.157551 0.122953 0.0409071 0.0609416 0.0376467
7 0.212383 0.125392 0.0638776 0.0782969 0.0373952
5 0.242239 0.0681841 0.111309 0.093643 0.0368026
3 0.581457 0.0994401 0.0476997 0.0578571 0.036722
0 0.00470094 0.237192 0.00931262 0.0692401 0.0364421
0 0.833957 0.17932 0.0252396 0.0803383 0.0362029
2 0.0158402 0.125696 0.0315578 0.0421396 0.0360492
0 0.727803 0.153348 0.0213951 0.0427423 0.0351598
2 0.464898 0.139245 0.0491215 0.0603108 0.0349831
2 0.466675 0.0727781 0.0487864 0.068728 0.0345969
2 0.041271 0.122116 0.0189455 0.0316345 0.0345469
0 0.721817 0.136905 0.0365343 0.0756461 0.0344093
2 0.0153091 0.125871 0.0303033 0.0405666 0.034171
0 0.36699 0.101252 0.0311359 0.066355 0.0339439
67 0.497773 0.549463 0.109275 0.229893 0.0336377
0 0.733143 0.0404072 0.0218219 0.0370426 0.0335863
2 0.581326 0.107207 0.0515224 0.0573253 0.0327321
2 0.466369 0.0752034 0.0505529 0.0762857 0.0324253
2 0.159637 0.121611 0.0360996 0.0609304 0.0321003
12 0.378731 0.417957 0.0324626 0.0557236 0.0316883
3 0.57804 0.0973097 0.0444761 0.0503093 0.0316395
2 0.449448 0.0175034 0.0624006 0.0350068 0.0311308
2 0.464659 0.145182 0.053974 0.0725391 0.0310097
12 0.378676 0.418505 0.0337137 0.057961 0.0309393
67 0.378366 0.417559 0.0338151 0.0571549 0.0309193
2 0.0633526 0.111067 0.0619156 0.0496696 0.0307029
2 0.00618375 0.232204 0.0121556 0.0667136 0.0306998
0 0.95485 0.0976741 0.0257019 0.0787739 0.0302253
45 0.500021 0.981058 0.161788 0.0372477 0.0299555
2 0.0652772 0.108244 0.0601738 0.0506359 0.0299199
45 0.496859 0.980961 0.159543 0.0374397 0.0295454
2 0.448661 0.0177144 0.0617121 0.0354288 0.0293165
0 0.721626 0.140405 0.0422816 0.0755084 0.0292461
0 0.826544 0.199225 0.0345003 0.0966886 0.0285618
3 0.582129 0.103623 0.0482106 0.0635097 0.0285344
2 0.0633569 0.112251 0.0599055 0.0479769 0.0277982
0 0.468244 0.0761186 0.0308765 0.0670662 0.0275613
0 0.382982 0.0832986 0.0135952 0.0279814 0.0274863
0 0.381733 0.0801694 0.0134277 0.0273718 0.0274692
2 0.558366 0.00476327 0.0374746 0.00938587 0.0270531
2 0.161757 0.121077 0.039729 0.059741 0.0269557
2 0.463642 0.141721 0.0531418 0.066483 0.0262979
0 0.36489 0.0997347 0.0298731 0.0636728 0.0259757
2 0.144483 0.136516 0.0146388 0.0323148 0.0258898
0 0.954502 0.101743 0.0254318 0.0742137 0.0256067
0 0.953594 0.101768 0.0245159 0.0721651 0.0250762
2 0.963765 0.0530971 0.0273684 0.0315996 0.0249114
2 0.0493722 0.117328 0.034186 0.0441922 0.0248869
0 0.953729 0.101191 0.0226406 0.0731124 0.0248474
2 0.951443 0.195297 0.0726799 0.0945556 0.0244603
3 0.722369 0.148523 0.0366934 0.0560222 0.0241812
2 0.457017 0.0175365 0.0500993 0.035073 0.0240315
0 0.583606 0.0879898 0.035821 0.0377332 0.0240247
0 0.734344 0.0405325 0.0244965 0.0390154 0.023962
67 0.378257 0.417242 0.0343801 0.0551573 0.0237343
5 0.243205 0.0636461 0.110365 0.0848881 0.0233462
