5 0.365132 0.554873 0.412958 0.40733 0.917964
5 0.364311 0.554022 0.414335 0.410478 0.905751
5 0.365247 0.554392 0.413365 0.409114 0.897843
5 0.364447 0.555436 0.413678 0.408189 0.895756
5 0.365594 0.552809 0.414276 0.411961 0.891414
5 0.801347 0.787728 0.393147 0.422418 0.888836
5 0.802038 0.787264 0.392348 0.420147 0.887125
5 0.365058 0.554372 0.412967 0.406602 0.878049
5 0.291567 0.332118 0.179942 0.141579 0.876559
5 0.801891 0.786831 0.394987 0.425963 0.876414
5 0.365393 0.552308 0.413501 0.408542 0.875182
5 0.365555 0.553922 0.412521 0.408162 0.870213
5 0.801531 0.786758 0.395759 0.42394 0.864812
5 0.800771 0.788104 0.395746 0.42352 0.857682
5 0.801816 0.786641 0.394653 0.420451 0.856542
5 0.802291 0.784767 0.393844 0.42939 0.851664
2 0.591383 0.465837 0.130171 0.104752 0.843828
5 0.909322 0.463509 0.180507 0.225571 0.842063
5 0.291797 0.331629 0.180103 0.142037 0.841187
5 0.908387 0.462812 0.181714 0.223994 0.839635
5 0.29142 0.331984 0.180301 0.141294 0.835832
5 0.908711 0.463138 0.181336 0.224233 0.830674
2 0.591455 0.466274 0.130063 0.105818 0.816598
5 0.364951 0.553587 0.413416 0.409894 0.815904
5 0.291053 0.332164 0.179525 0.141446 0.810653
2 0.591071 0.465869 0.129824 0.104318 0.8101
2 0.591405 0.466309 0.130519 0.104743 0.808022
2 0.590844 0.466368 0.12961 0.104183 0.807951
2 0.591262 0.466093 0.129804 0.10425 0.807897
2 0.68125 0.918999 0.257642 0.161288 0.807016
5 0.908603 0.463066 0.181707 0.225679 0.802719
5 0.908468 0.463015 0.181573 0.225611 0.796154
5 0.291767 0.33154 0.178231 0.141103 0.795421
2 0.590968 0.467228 0.128647 0.104675 0.794397
2 0.682739 0.91942 0.261357 0.160275 0.792376
5 0.365037 0.552355 0.411824 0.405376 0.790834
5 0.291157 0.331981 0.178257 0.142336 0.790388
5 0.291449 0.331623 0.180109 0.141828 0.789374
2 0.678458 0.919078 0.252633 0.161687 0.787667
2 0.591025 0.466273 0.129779 0.104517 0.786846
5 0.909181 0.463381 0.181352 0.224954 0.783817
5 0.909163 0.463502 0.180902 0.22446 0.783208
2 0.591074 0.4665 0.129116 0.104357 0.783164
5 0.800848 0.785292 0.396898 0.428951 0.781846
2 0.680058 0.919195 0.255986 0.160822 0.779268
2 0.295918 0.665156 0.145705 0.1694 0.773217
2 0.680725 0.919188 0.256094 0.161096 0.767627
5 0.909039 0.463816 0.181657 0.224938 0.762733
2 0.29615 0.66416 0.143872 0.169816 0.75561
5 0.801079 0.785926 0.396983 0.425505 0.754632
2 0.296213 0.664436 0.145466 0.169477 0.753269
2 0.771056 0.529357 0.159023 0.128618 0.752258
2 0.771375 0.529235 0.158242 0.128908 0.743575
5 0.909182 0.463137 0.181363 0.226808 0.742191
5 0.292385 0.331437 0.176367 0.14101 0.742136
2 0.15788 0.541248 0.0974062 0.11857 0.741634
2 0.508635 0.385583 0.0910449 0.0774254 0.741041
2 0.296267 0.665025 0.144529 0.16875 0.733812
2 0.296121 0.664265 0.145793 0.170366 0.733168
2 0.445728 0.411282 0.0993259 0.0818046 0.732733
2 0.682164 0.919474 0.257869 0.160954 0.730656
2 0.296662 0.664432 0.146389 0.170222 0.724876
2 0.668524 0.438795 0.12711 0.0951347 0.719279
2 0.770933 0.52946 0.158494 0.129221 0.717672
2 0.295835 0.665035 0.143536 0.169239 0.716465
2 0.158094 0.541423 0.0975478 0.118643 0.713328
2 0.669177 0.437838 0.127513 0.097219 0.710237
2 0.158135 0.540904 0.0975199 0.119313 0.70947
2 0.668581 0.438183 0.127004 0.0942635 0.70324
2 0.770985 0.529525 0.158004 0.129692 0.700515
2 0.507862 0.384491 0.0904978 0.0765219 0.698996
2 0.158157 0.541002 0.0976775 0.119433 0.698648
2 0.508049 0.384118 0.0903513 0.077088 0.698505
5 0.375934 0.319477 0.179408 0.134599 0.697005
2 0.158247 0.541373 0.0971683 0.118423 0.695087
2 0.296195 0.664541 0.146069 0.169958 0.687905
2 0.668791 0.438735 0.126739 0.0944699 0.684446
2 0.157934 0.541305 0.0979385 0.118447 0.683373
5 0.293912 0.331356 0.175398 0.141356 0.679418
2 0.679213 0.918837 0.255274 0.161723 0.677837
2 0.668458 0.438758 0.127176 0.0954303 0.673191
2 0.445667 0.412103 0.0996276 0.0821059 0.672188
2 0.683436 0.919397 0.260345 0.160489 0.671816
2 0.50911 0.385345 0.0901838 0.0778762 0.66179
2 0.44608 0.411458 0.0995377 0.0820692 0.660803
2 0.66863 0.438401 0.126452 0.0950186 0.660704
2 0.445495 0.412235 0.0996423 0.0815575 0.659102
2 0.296617 0.664718 0.145276 0.168095 0.659004
5 0.071052 0.363123 0.142104 0.146624 0.656159
5 0.294188 0.331211 0.172068 0.140533 0.650179
2 0.508217 0.384945 0.0899886 0.0772712 0.649561
2 0.679516 0.919773 0.257067 0.159212 0.639467
2 0.158254 0.541271 0.0973756 0.11869 0.635721
5 0.374805 0.319048 0.182993 0.136616 0.635011
5 0.0708501 0.363504 0.1417 0.146878 0.634489
2 0.669059 0.43877 0.128293 0.0953953 0.634118
2 0.0884259 0.483566 0.0787284 0.0945202 0.633306
2 0.445956 0.411312 0.0987612 0.0823308 0.63252
2 0.445642 0.411755 0.0982393 0.0821181 0.629527
2 0.668344 0.438918 0.126972 0.0947233 0.627643
2 0.508535 0.38475 0.089744 0.0778973 0.625162
2 0.771253 0.529435 0.157733 0.129149 0.624682
2 0.158146 0.541288 0.0980284 0.120483 0.624421
2 0.771241 0.529699 0.158583 0.129554 0.616348
2 0.0888141 0.483764 0.0783817 0.0968899 0.613774
5 0.0709234 0.364055 0.141847 0.147615 0.612511
2 0.158187 0.54094 0.0981401 0.119433 0.610063
2 0.771207 0.529154 0.158343 0.129459 0.608176
5 0.071052 0.362357 0.142104 0.145776 0.596956
2 0.0885564 0.483618 0.0777841 0.0961754 0.596734
2 0.771269 0.53005 0.15789 0.128224 0.596659
2 0.771834 0.529837 0.158745 0.130969 0.596644
5 0.0710025 0.364054 0.142005 0.147998 0.590972
2 0.668904 0.438139 0.126885 0.0943231 0.582815
2 0.771025 0.530132 0.158537 0.12947 0.573892
2 0.508681 0.384819 0.0897314 0.0783744 0.56815
2 0.088842 0.483505 0.0789343 0.0954504 0.561878
2 0.668907 0.438162 0.12834 0.0935581 0.560094
5 0.37454 0.319182 0.181994 0.135472 0.550079
2 0.445963 0.412414 0.100654 0.0822439 0.544641
5 0.376449 0.318894 0.179494 0.137445 0.538522
5 0.0706538 0.363983 0.140697 0.148061 0.536815
2 0.50938 0.385017 0.0889059 0.0766903 0.532612
5 0.801008 0.785198 0.396931 0.423565 0.526357
2 0.95033 0.602883 0.0983521 0.116612 0.524939
5 0.375897 0.318396 0.180511 0.135276 0.524899
5 0.0703951 0.363246 0.14079 0.145264 0.520303
2 0.0885633 0.483932 0.0786527 0.0975343 0.486474
2 0.0888887 0.483202 0.0784309 0.0969328 0.48152
5 0.3774 0.319502 0.178446 0.138115 0.479537
2 0.508938 0.384927 0.0893909 0.078383 0.471648
5 0.0703542 0.364912 0.140292 0.149863 0.470913
2 0.950357 0.602144 0.0983547 0.118717 0.468589
5 0.375626 0.319722 0.180344 0.137173 0.462019
2 0.508939 0.385401 0.0893003 0.0774354 0.46014
2 0.950291 0.602719 0.0984844 0.118764 0.4419
2 0.516094 0.203988 0.047611 0.0330001 0.441069
2 0.0884599 0.483651 0.0780613 0.096312 0.433448
2 0.548855 0.221136 0.0492008 0.0331333 0.422823
2 0.549074 0.221834 0.0500772 0.0340147 0.421643
5 0.377732 0.319837 0.178342 0.138732 0.421008
5 0.0717753 0.376651 0.14317 0.167337 0.417337
2 0.950225 0.60271 0.0990725 0.118182 0.405101
2 0.950154 0.60352 0.0991425 0.118121 0.404877
2 0.548863 0.220931 0.0491844 0.0335719 0.391555
2 0.516367 0.204401 0.0490021 0.03275 0.388337
2 0.95037 0.603107 0.098217 0.118746 0.386396
2 0.51721 0.204601 0.046497 0.0322937 0.381293
2 0.682723 0.919142 0.259669 0.160905 0.378287
2 0.54879 0.220899 0.0499765 0.0335572 0.355266
2 0.548822 0.221336 0.0495505 0.0322222 0.35448
2 0.950292 0.602752 0.0989885 0.118176 0.350785
5 0.0700491 0.362812 0.140098 0.145161 0.349625
2 0.157948 0.541421 0.0973119 0.119168 0.336838
2 0.950249 0.603206 0.0986141 0.11752 0.334723
2 0.365591 0.185277 0.0373986 0.0225159 0.334133
5 0.375516 0.320452 0.18288 0.138562 0.33265
2 0.445611 0.41269 0.100869 0.0803165 0.332619
2 0.950269 0.60367 0.0984777 0.11616 0.320984
2 0.508794 0.38502 0.0899218 0.077911 0.312063
2 0.516515 0.20446 0.0471231 0.0323868 0.311884
2 0.5148 0.204613 0.0447462 0.0332967 0.311011
5 0.909149 0.463677 0.180634 0.225043 0.296721
2 0.549544 0.220694 0.0484159 0.033083 0.293952
2 0.687725 0.918998 0.252158 0.161053 0.287185
2 0.445502 0.407746 0.0985393 0.0780876 0.281679
2 0.446163 0.411491 0.0992607 0.0789212 0.275187
2 0.0889729 0.483227 0.079279 0.0964588 0.264582
2 0.50918 0.385006 0.0888627 0.0773099 0.260337
2 0.517313 0.205167 0.0460304 0.0316867 0.254089
2 0.0893794 0.483591 0.0798415 0.096824 0.246711
2 0.512242 0.203248 0.0426023 0.0306819 0.244997
0 0.0976304 0.672278 0.0358262 0.107776 0.244156
2 0.687342 0.919328 0.241711 0.160252 0.24414
2 0.364936 0.184916 0.0373821 0.0223824 0.243162
2 0.365164 0.185314 0.0390837 0.0231268 0.240435
2 0.365689 0.185548 0.0384008 0.0221689 0.237947
5 0.377353 0.320511 0.177158 0.130267 0.231122
2 0.549013 0.222563 0.0504051 0.0349998 0.229834
2 0.549364 0.221138 0.048649 0.032526 0.220974
0 0.0979685 0.673131 0.0367897 0.112225 0.215722
5 0.379998 0.320375 0.171285 0.133642 0.207144
2 0.364807 0.185529 0.0378223 0.0221679 0.206099
2 0.132429 0.438341 0.0693126 0.0990666 0.205954
5 0.414498 0.326169 0.0991552 0.119852 0.204603
5 0.0707873 0.369035 0.140757 0.157365 0.200158
0 0.0968421 0.670791 0.0339454 0.102384 0.199347
2 0.44543 0.411943 0.100476 0.0787014 0.195748
5 0.0749918 0.379229 0.148044 0.177422 0.193792
2 0.548573 0.222294 0.0501417 0.0354443 0.189863
2 0.0889457 0.484047 0.0778191 0.0965303 0.183903
2 0.366549 0.185635 0.0379306 0.0226852 0.183265
5 0.375062 0.316948 0.181286 0.135796 0.178337
7 0.950339 0.603352 0.0985422 0.116927 0.17587
0 0.0977829 0.674598 0.0382398 0.115407 0.170068
2 0.134828 0.437208 0.0676506 0.0948716 0.166216
0 0.097867 0.675372 0.0383669 0.115791 0.161833
2 0.500673 0.204572 0.0201171 0.0276099 0.154303
0 0.0982404 0.67486 0.0370033 0.11397 0.153735
2 0.1352 0.438393 0.0665668 0.095129 0.149942
2 0.516406 0.205698 0.047706 0.0331535 0.145865
2 0.0892631 0.484106 0.078898 0.0969503 0.139545
2 0.0369981 0.433288 0.0643393 0.0962673 0.139102
0 0.678518 0.262789 0.0264978 0.0377049 0.138389
2 0.51581 0.205449 0.0467243 0.0331664 0.136974
0 0.0982254 0.675007 0.0373224 0.112598 0.136537
2 0.134408 0.439513 0.065522 0.091501 0.127627
2 0.680585 0.919216 0.266718 0.160327 0.127099
2 0.549002 0.220388 0.0503252 0.0344199 0.123996
2 0.516808 0.205074 0.0475201 0.0312874 0.121806
2 0.127495 0.43602 0.0801707 0.0996643 0.120389
2 0.366201 0.185351 0.0390374 0.0226371 0.119528
2 0.668855 0.439228 0.127726 0.0945317 0.118064
0 0.0981185 0.678527 0.0365473 0.105559 0.11736
2 0.279435 0.179574 0.0384096 0.0394854 0.108641
2 0.0459426 0.433424 0.0807835 0.0978483 0.107535
2 0.548449 0.222722 0.0494147 0.0290911 0.107197
0 0.678428 0.263465 0.0278591 0.0384127 0.106745
2 0.133798 0.439113 0.0673712 0.0899865 0.105452
2 0.516574 0.202523 0.0475811 0.0352659 0.102247
2 0.451543 0.198455 0.0357604 0.0280978 0.101483
2 0.451167 0.199229 0.0342426 0.0268677 0.0989466
2 0.130449 0.431439 0.0734589 0.110201 0.0982995
2 0.444436 0.410913 0.0968145 0.0789087 0.0980928
0 0.678888 0.264257 0.0294839 0.0395065 0.0963243
5 0.132405 0.437398 0.0687985 0.101325 0.0955909
2 0.678055 0.919328 0.250879 0.160578 0.0948252
2 0.455878 0.198155 0.0279203 0.0278797 0.0931285
2 0.738705 0.631195 0.0643813 0.0468485 0.0904949
2 0.464526 0.422702 0.0611854 0.0555979 0.0898346
0 0.0976264 0.673144 0.0387944 0.118443 0.0867487
2 0.738238 0.631549 0.0644333 0.0464382 0.0833773
2 0.036616 0.438349 0.0601714 0.0859045 0.0831637
2 0.456334 0.198345 0.0308216 0.0270382 0.0816843
0 0.0972801 0.668744 0.036505 0.103615 0.0805104
2 0.452943 0.198162 0.0350558 0.0280675 0.0771431
2 0.133062 0.437152 0.0685383 0.0988469 0.0754555
5 0.071843 0.346612 0.143356 0.213583 0.0741055
2 0.439717 0.395845 0.0855816 0.0480594 0.0737709
0 0.00693141 0.387343 0.0135979 0.067426 0.0735252
2 0.0367079 0.433582 0.0648774 0.0971588 0.0732217
0 0.0196105 0.410042 0.022009 0.0589967 0.0722228
2 0.91425 0.722403 0.170897 0.164336 0.0713079
0 0.00667553 0.395515 0.0131415 0.0687081 0.0703506
2 0.0124162 0.793772 0.0247152 0.0582394 0.0696085
2 0.0115489 0.793751 0.0229289 0.057187 0.0695095
2 0.0390688 0.436809 0.0571151 0.0869392 0.0689708
2 0.914434 0.719673 0.170314 0.156432 0.0680304
2 0.548856 0.221035 0.0506887 0.0340794 0.0680179
2 0.738385 0.631784 0.0644198 0.0467205 0.066116
0 0.74285 0.223433 0.0164236 0.0508399 0.0654394
2 0.0118975 0.794355 0.0235642 0.0558183 0.0648617
2 0.244542 0.177359 0.108276 0.0416098 0.064732
2 0.125602 0.431107 0.0842517 0.107274 0.064312
5 0.417495 0.323804 0.0966865 0.124025 0.0641918
2 0.461064 0.424184 0.0673174 0.0565218 0.0639341
0 0.678373 0.264135 0.026993 0.0384792 0.0628108
2 0.280312 0.182347 0.0357264 0.0340701 0.0627747
2 0.914357 0.722149 0.169573 0.165255 0.0626717
2 0.280482 0.181108 0.0354402 0.0363567 0.0624286
2 0.739079 0.632515 0.0628739 0.0458797 0.0619102
3 0.678495 0.264051 0.027572 0.0384117 0.061413
2 0.296495 0.66513 0.146569 0.168349 0.0600317
2 0.0373689 0.432114 0.0638652 0.0980025 0.0598713
0 0.00651179 0.377793 0.01288 0.0542277 0.0576241
0 0.0198996 0.407077 0.0229062 0.0579715 0.0574465
2 0.0121021 0.792916 0.0242042 0.0555573 0.0558962
2 0.738826 0.631899 0.0637646 0.0459377 0.0556251
0 0.714976 0.223135 0.01609 0.0457926 0.0552157
2 0.0113385 0.790521 0.0225611 0.0493282 0.0539195
0 0.0960607 0.657249 0.031322 0.0733365 0.0538586
2 0.280182 0.18003 0.0370088 0.0376012 0.0487138
5 0.245095 0.177061 0.108065 0.0446444 0.0485536
3 0.678267 0.265605 0.0285477 0.0388615 0.0480933
0 0.0989892 0.678712 0.0396533 0.120863 0.0479461
2 0.455203 0.411543 0.0803612 0.0782785 0.0472089
2 0.914014 0.722228 0.171198 0.16302 0.0471806
5 0.244635 0.177262 0.108811 0.0441493 0.0469782
2 0.0370061 0.430285 0.0582912 0.101732 0.0462183
0 0.0985609 0.681996 0.0357616 0.102698 0.0460746
10 0.940315 0.302808 0.0320032 0.0419603 0.0459097
0 0.730262 0.227391 0.012857 0.0487463 0.0455892
0 0.0971787 0.670075 0.0336883 0.101813 0.0455557
9 0.702513 0.127713 0.0168329 0.0297081 0.0453443
0 0.730066 0.22517 0.0129364 0.0510274 0.0450714
2 0.280712 0.181728 0.0356304 0.0345897 0.0445491
3 0.940428 0.301831 0.0329269 0.0434699 0.0436087
2 0.274113 0.179254 0.0497688 0.0414876 0.0425413
2 0.914207 0.721043 0.171055 0.158669 0.0425217
0 0.0100399 0.403602 0.0198993 0.0995243 0.042389
0 0.917716 0.22798 0.0202724 0.0329916 0.0420218
0 0.918386 0.229244 0.0223404 0.0329237 0.0418297
2 0.452709 0.197489 0.0362322 0.0294784 0.0413283
2 0.13468 0.438941 0.0650965 0.0924963 0.0409626
10 0.94056 0.302798 0.0324619 0.0412015 0.0406836
0 0.741537 0.225143 0.0149654 0.0500461 0.0405855
2 0.0121243 0.793062 0.0242061 0.0545207 0.0403302
0 0.714101 0.226195 0.0173944 0.050006 0.0400761
2 0.450112 0.200044 0.0342754 0.0308513 0.0400524
3 0.678222 0.26592 0.0277742 0.0381663 0.0395461
