2 0.0981019 0.679267 0.195946 0.240214 0.920265
2 0.0980533 0.679329 0.195902 0.240587 0.918525
2 0.0980502 0.679826 0.195873 0.238085 0.893639
2 0.0982531 0.680389 0.196272 0.240338 0.886972
2 0.0979566 0.680279 0.195887 0.240204 0.886886
2 0.0981679 0.679429 0.196336 0.239181 0.882131
5 0.18987 0.305788 0.378386 0.319059 0.873991
5 0.189685 0.306321 0.377757 0.320903 0.872156
5 0.543514 0.224589 0.313564 0.256181 0.870429
2 0.0982075 0.67926 0.196415 0.240751 0.865188
5 0.189791 0.305431 0.377304 0.320117 0.863583
5 0.544025 0.224116 0.312481 0.257334 0.86296
5 0.189049 0.305569 0.378086 0.321932 0.862606
2 0.0979522 0.680005 0.195126 0.239662 0.855474
5 0.543897 0.224474 0.311605 0.257504 0.852561
5 0.542481 0.223852 0.309194 0.256123 0.849477
5 0.189619 0.305151 0.377885 0.319955 0.847334
5 0.544243 0.225156 0.311348 0.255636 0.840931
5 0.54347 0.224143 0.311826 0.255049 0.839397
2 0.516106 0.598367 0.221576 0.206297 0.838281
2 0.516432 0.59814 0.221861 0.205943 0.83504
2 0.515969 0.597578 0.220939 0.206219 0.833338
5 0.189196 0.305665 0.378077 0.320548 0.831782
5 0.543981 0.224357 0.313408 0.255882 0.831556
5 0.543381 0.224966 0.311628 0.254517 0.829974
2 0.515661 0.598697 0.222184 0.207368 0.827854
2 0.515608 0.598508 0.221692 0.207838 0.824036
5 0.189322 0.305517 0.378058 0.32017 0.819254
5 0.18938 0.30514 0.378425 0.321228 0.814909
5 0.543639 0.224421 0.309817 0.254477 0.813252
5 0.543189 0.225571 0.309947 0.2535 0.810653
5 0.189929 0.305967 0.377575 0.320857 0.809853
2 0.515828 0.597545 0.221615 0.20683 0.802167
2 0.0981537 0.680972 0.196307 0.241649 0.801422
2 0.516484 0.597435 0.22054 0.207191 0.798989
2 0.515766 0.597766 0.221005 0.206247 0.79675
5 0.189992 0.304597 0.379361 0.322391 0.796243
2 0.675401 0.307021 0.0915072 0.13579 0.784798
2 0.515936 0.598108 0.222314 0.205436 0.781654
2 0.675208 0.307435 0.091399 0.135075 0.763852
2 0.516077 0.59806 0.221401 0.209294 0.762103
2 0.675315 0.306888 0.0914286 0.135854 0.74278
2 0.0975671 0.680384 0.195134 0.240505 0.742602
2 0.675274 0.307073 0.091556 0.135623 0.730978
2 0.675024 0.307293 0.0925285 0.13488 0.708857
2 0.67488 0.307515 0.09172 0.13425 0.704268
2 0.675124 0.307472 0.0915094 0.134476 0.692343
2 0.675262 0.306559 0.0915967 0.135086 0.682677
2 0.675465 0.307168 0.090786 0.135929 0.649172
2 0.674995 0.307001 0.0921263 0.134332 0.621512
2 0.0980928 0.679999 0.195672 0.240851 0.602339
2 0.972033 0.262941 0.0548655 0.114463 0.536757
2 0.972242 0.262581 0.0550028 0.115095 0.532426
2 0.972335 0.262328 0.0547932 0.115553 0.518546
2 0.971879 0.263231 0.0551281 0.112693 0.504975
2 0.97247 0.262794 0.0540798 0.115097 0.484537
2 0.0983334 0.679211 0.196667 0.240073 0.482097
2 0.972139 0.263078 0.0551857 0.113443 0.478298
5 0.89478 0.0904779 0.103615 0.177955 0.395507
2 0.972252 0.263787 0.0549305 0.113142 0.386611
5 0.894224 0.0913005 0.101278 0.175749 0.385284
2 0.972101 0.264354 0.0546986 0.111938 0.368434
5 0.874705 0.0910344 0.144186 0.180841 0.341787
5 0.877639 0.0983321 0.068491 0.164007 0.338627
5 0.891234 0.0937783 0.0945057 0.170438 0.337308
2 0.824433 0.418909 0.136224 0.128676 0.301233
2 0.824183 0.418488 0.136239 0.127433 0.300229
5 0.895291 0.0885694 0.102621 0.17541 0.297083
2 0.972106 0.26527 0.0551647 0.107691 0.295451
5 0.874448 0.0903339 0.148556 0.180668 0.295252
2 0.824479 0.419984 0.136806 0.128833 0.291876
2 0.823991 0.417619 0.136897 0.126 0.281389
2 0.82383 0.418731 0.137676 0.127918 0.27868
2 0.823878 0.419217 0.13655 0.127692 0.259868
5 0.857578 0.0942709 0.112013 0.172946 0.251607
2 0.823975 0.418022 0.136411 0.127415 0.244177
2 0.824599 0.420331 0.136801 0.130254 0.242766
0 0.956964 0.139093 0.0227329 0.091828 0.240964
5 0.889409 0.0939779 0.0906975 0.167577 0.239727
5 0.877306 0.103323 0.0669708 0.155452 0.218053
5 0.894554 0.0858591 0.109979 0.170533 0.217765
2 0.0981702 0.680244 0.19634 0.241601 0.21685
2 0.823787 0.41761 0.136988 0.127655 0.213696
0 0.956608 0.139071 0.0211514 0.0939607 0.210313
5 0.870127 0.0969853 0.0828278 0.167512 0.209986
5 0.854223 0.0990141 0.115347 0.169697 0.20237
0 0.958098 0.136075 0.0292002 0.0906834 0.187865
0 0.95765 0.137933 0.0248688 0.0906497 0.169789
5 0.885661 0.0911481 0.125974 0.181287 0.167837
5 0.87443 0.100026 0.0735344 0.164458 0.163261
5 0.886017 0.090022 0.136058 0.180044 0.163192
0 0.989128 0.128844 0.021022 0.0760871 0.154937
5 0.854432 0.097333 0.115136 0.16483 0.149148
0 0.989179 0.130451 0.0209942 0.0770971 0.143905
2 0.823131 0.41671 0.138315 0.12606 0.1434
5 0.896937 0.0851333 0.10501 0.169807 0.141239
0 0.778806 0.122635 0.0236698 0.0811076 0.13952
0 0.989527 0.130513 0.0203556 0.0777069 0.137477
2 0.840622 0.182395 0.0776989 0.103167 0.133424
5 0.873455 0.086966 0.147508 0.16771 0.122451
5 0.840652 0.120215 0.124809 0.232546 0.113412
2 0.841522 0.183455 0.0779053 0.103125 0.111576
2 0.825323 0.427311 0.133488 0.121767 0.106988
5 0.871028 0.101082 0.0786102 0.16149 0.103397
0 0.956364 0.137073 0.0257742 0.091712 0.103023
5 0.885193 0.0919487 0.127952 0.18361 0.101987
5 0.852937 0.102776 0.113964 0.16636 0.0971977
2 0.839841 0.183031 0.078352 0.103042 0.0926742
2 0.839922 0.182744 0.0772186 0.102796 0.0924346
0 0.77888 0.121707 0.0238505 0.0817268 0.091994
0 0.969541 0.118023 0.0175171 0.0493539 0.0903284
9 0.460921 0.0609905 0.0129084 0.0227877 0.0894544
0 0.958817 0.136494 0.0330414 0.0952046 0.0883668
0 0.955962 0.144552 0.0174541 0.0867875 0.0879503
0 0.98808 0.130056 0.0233276 0.0801673 0.0878635
0 0.990549 0.124504 0.0181023 0.0705259 0.085933
0 0.987235 0.13011 0.0250196 0.0873798 0.083155
5 0.863612 0.0912207 0.160156 0.181546 0.0819989
5 0.862465 0.104489 0.160505 0.205484 0.0801157
2 0.824165 0.418588 0.136871 0.126506 0.0794129
0 0.478039 0.562182 0.0526461 0.040926 0.0793983
0 0.986496 0.129622 0.0262161 0.0735318 0.0791231
0 0.778085 0.122274 0.0241486 0.081145 0.0778301
0 0.969545 0.109334 0.0183506 0.0449299 0.0749161
0 0.470705 0.56387 0.0398142 0.0350939 0.0742388
0 0.470572 0.564715 0.0385294 0.0337518 0.0725027
0 0.962501 0.137038 0.0341137 0.0980401 0.0692244
0 0.968929 0.125692 0.0194366 0.0625339 0.0691214
9 0.462567 0.0623451 0.0133301 0.0273668 0.0650252
2 0.972901 0.25361 0.0541979 0.0861945 0.0641246
0 0.978367 0.105336 0.018663 0.0418258 0.0614955
2 0.972136 0.259191 0.0551003 0.101269 0.0612808
0 0.932476 0.120048 0.0165203 0.0564325 0.0611409
5 0.827945 0.114918 0.137069 0.218095 0.0609482
0 0.478245 0.564454 0.0525806 0.0391792 0.0606973
0 0.992894 0.152748 0.013464 0.0321845 0.060458
5 0.86802 0.102534 0.154033 0.203187 0.0596405
2 0.839471 0.178759 0.0791089 0.110972 0.0594397
5 0.856028 0.120384 0.138988 0.233714 0.056739
2 0.972446 0.26587 0.0543682 0.106683 0.0566048
0 0.778601 0.120879 0.0244055 0.0835246 0.0564114
0 0.483817 0.562466 0.0444984 0.0445687 0.0560366
2 0.973074 0.227251 0.0533169 0.189517 0.0554474
0 0.778958 0.118206 0.0248447 0.0870903 0.0523832
2 0.972005 0.211204 0.055578 0.219015 0.0522145
9 0.464075 0.0601046 0.0130463 0.0218662 0.0521656
5 0.852458 0.115266 0.148828 0.225382 0.0494909
5 0.876208 0.10724 0.0635582 0.117376 0.0486657
9 0.460083 0.0644813 0.013767 0.0283673 0.0484844
0 0.985795 0.124338 0.0242348 0.0713224 0.0478474
2 0.864063 0.186577 0.0364601 0.0941957 0.047334
0 0.985654 0.145126 0.0252441 0.0420914 0.0472964
2 0.972737 0.264582 0.0545268 0.106721 0.0463373
2 0.822562 0.420677 0.135541 0.134206 0.0458955
2 0.838589 0.183676 0.0782548 0.101687 0.0449224
0 0.859944 0.0790562 0.0281031 0.0366007 0.0427575
5 0.905862 0.0703366 0.0855354 0.140521 0.0420018
0 0.482615 0.560827 0.045191 0.0454361 0.0404938
5 0.856134 0.0920593 0.117324 0.15504 0.0402657
0 0.957414 0.127255 0.0319382 0.0825411 0.0401505
0 0.866996 0.0763828 0.0420582 0.0437457 0.0395496
0 0.85856 0.186243 0.0251062 0.0929023 0.0391295
0 0.948274 0.140423 0.0252979 0.080699 0.0374004
0 0.915066 0.136022 0.0188839 0.0606286 0.0373845
0 0.932562 0.111249 0.0169451 0.0597691 0.0369953
2 0.863875 0.185286 0.0368242 0.0970563 0.0368825
5 0.831076 0.107899 0.146539 0.20921 0.0361354
0 0.780167 0.125523 0.0185259 0.0749614 0.0356037
0 0.916039 0.136389 0.0191242 0.0596009 0.0352026
2 0.972957 0.222077 0.0531347 0.199428 0.0350076
0 0.931861 0.124939 0.0157709 0.0517757 0.0349673
5 0.835063 0.127811 0.130332 0.241849 0.0342665
9 0.123213 0.103718 0.0177906 0.0422948 0.0337054
0 0.166249 0.174371 0.0193013 0.0355076 0.0334274
0 0.466343 0.561972 0.0397111 0.0334225 0.0330618
5 0.971716 0.034152 0.0565681 0.0683039 0.0327962
0 0.77834 0.117328 0.0251254 0.0900511 0.0326917
2 0.0127674 0.233111 0.0253 0.0483123 0.0325591
0 0.566939 0.201292 0.0194761 0.0272814 0.0324935
0 0.553493 0.215269 0.0243633 0.036513 0.0323956
2 0.841123 0.184549 0.0686604 0.0974997 0.0323946
2 0.987792 0.198222 0.0236748 0.0454034 0.0320985
2 0.103401 0.860566 0.109636 0.0584566 0.031735
2 0.0146533 0.232763 0.0292756 0.0413386 0.0308311
0 0.5541 0.207758 0.0221966 0.0317107 0.0304733
0 0.986443 0.14196 0.0255163 0.0468433 0.0304608
0 0.857843 0.194592 0.0220295 0.0786142 0.0296922
0 0.986123 0.1532 0.0272961 0.13633 0.0295357
0 0.778513 0.112105 0.0220345 0.0982408 0.0291312
2 0.103783 0.860838 0.109329 0.0598696 0.0291082
2 0.838639 0.185752 0.0718044 0.0934108 0.0289823
0 0.978595 0.100841 0.0259569 0.0466971 0.0287643
0 0.981583 0.161884 0.0352924 0.103893 0.0287423
2 0.103467 0.860884 0.109935 0.0594378 0.0283785
5 0.876419 0.110156 0.0616291 0.122642 0.0283203
9 0.463287 0.0615717 0.0162863 0.0240596 0.0281536
2 0.0125977 0.235387 0.0250247 0.0509901 0.0280158
2 0.0153549 0.233274 0.0307097 0.044363 0.0280103
2 0.103666 0.860975 0.109656 0.0589024 0.0279216
2 0.795477 0.454789 0.0722181 0.0551249 0.0276794
2 0.00762333 0.241176 0.0152467 0.059043 0.027655
0 0.993436 0.0950367 0.012393 0.031847 0.0274183
2 0.82273 0.436355 0.132852 0.167488 0.0270071
0 0.949213 0.138504 0.0235161 0.0773677 0.0267873
2 0.597278 0.0806984 0.103406 0.0243601 0.0263068
0 0.166113 0.174369 0.0197458 0.0350638 0.0262181
2 0.957363 0.0967596 0.0335217 0.0335299 0.026042
2 0.0150011 0.239603 0.0299334 0.0610915 0.0257078
5 0.958938 0.0862489 0.0364628 0.0515655 0.0253372
2 0.823711 0.426227 0.133795 0.146878 0.0252973
0 0.979211 0.135294 0.0333296 0.0768582 0.0251434
2 0.864034 0.188217 0.0348362 0.0924205 0.0250883
2 0.987019 0.193682 0.0249733 0.0567297 0.0248371
2 0.794846 0.452556 0.0745174 0.0552227 0.0247965
5 0.896788 0.082196 0.107991 0.164392 0.0247162
0 0.473122 0.558262 0.0455219 0.0413861 0.024683
2 0.817247 0.26732 0.0185278 0.029243 0.0240934
0 0.99195 0.162496 0.0153038 0.0502023 0.0239137
5 0.898506 0.081393 0.104338 0.162786 0.0237721
8 0.973092 0.285642 0.0535807 0.0673113 0.0237327
2 0.0145821 0.232059 0.0291642 0.0429414 0.023353
2 0.982988 0.218879 0.0333454 0.0717519 0.0232616
7 0.822882 0.404142 0.13648 0.164815 0.0228518
7 0.822696 0.412609 0.135625 0.148106 0.0225572
2 0.104353 0.860755 0.10919 0.0591557 0.0224939
2 0.97151 0.102991 0.0275822 0.0483907 0.0221087
0 0.465721 0.563565 0.0374935 0.031122 0.0220952
5 0.972159 0.0268949 0.0556824 0.0537899 0.0220761
0 0.776974 0.123773 0.0224449 0.0775212 0.0220486
5 0.927451 0.0702446 0.142887 0.1401 0.0220385
0 0.970985 0.127241 0.0172688 0.0658159 0.0219984
2 0.834688 0.166253 0.0862692 0.135742 0.021865
2 0.972304 0.20716 0.0549665 0.227909 0.0217913
2 0.815326 0.268859 0.0255318 0.0348706 0.0214668
0 0.481613 0.565281 0.0449627 0.0403578 0.0213975
9 0.123344 0.103798 0.0188581 0.0432772 0.021329
0 0.862458 0.0762032 0.0319294 0.0427706 0.0212735
8 0.972751 0.281706 0.053764 0.0765702 0.0211974
0 0.984103 0.167776 0.0309567 0.111327 0.021142
0 0.477434 0.559199 0.0550321 0.0453417 0.0209329
2 0.00659106 0.244328 0.0130746 0.0626711 0.0204441
0 0.948651 0.131818 0.0237946 0.0672669 0.0202821
5 0.825805 0.123006 0.145798 0.23501 0.0202581
0 0.916652 0.134459 0.0179638 0.0533001 0.0200498
5 0.969003 0.0520983 0.0607822 0.102242 0.0199096
2 0.860463 0.18465 0.0289577 0.0974542 0.0194778
2 0.841195 0.181751 0.0686668 0.0948411 0.0193742
0 0.569318 0.19802 0.0192449 0.0274534 0.0193688
2 0.84345 0.414999 0.0967588 0.106961 0.0192176
0 0.99445 0.0439841 0.0103264 0.0308473 0.0189577
2 0.143528 0.915696 0.286471 0.167761 0.0187967
5 0.961143 0.0897905 0.07686 0.179393 0.0187407
2 0.988172 0.186155 0.0229931 0.0709628 0.018618
5 0.959576 0.0816652 0.0322926 0.0445532 0.0185595
0 0.53666 0.565667 0.0251944 0.0376757 0.0185279
0 0.979724 0.155663 0.0366817 0.0922435 0.0184849
2 0.775092 0.453726 0.032707 0.0518861 0.0184431
5 0.971955 0.0297287 0.0553249 0.0594575 0.0183276
2 0.773657 0.447891 0.0314588 0.0614599 0.0183242
2 0.0158021 0.238625 0.0315861 0.0637123 0.0183214
5 0.846462 0.126842 0.108432 0.215173 0.017945
0 0.861171 0.0804191 0.0329792 0.045238 0.0178976
2 0.977707 0.226557 0.043784 0.0563157 0.0178456
2 0.142657 0.914391 0.284787 0.169241 0.0178206
0 0.861222 0.183384 0.0298016 0.0915504 0.0175637
2 0.776811 0.451434 0.0385342 0.0556393 0.0174051
0 0.948183 0.144638 0.02551 0.0817878 0.0173443
2 0.986392 0.219304 0.026576 0.0568647 0.0172193
2 0.815293 0.269958 0.0265051 0.0358071 0.0170808
2 0.775458 0.454277 0.0321445 0.0497607 0.0170393
2 0.142125 0.915729 0.283013 0.167929 0.0170201
0 0.9335 0.103049 0.0163157 0.0560802 0.0163255
2 0.139384 0.915391 0.27876 0.168148 0.0162653
0 0.869588 0.083151 0.0481388 0.06099 0.0161462
0 0.557366 0.199503 0.0164457 0.0251132 0.016118
2 0.141747 0.914604 0.28209 0.169265 0.0159864
2 0.972905 0.273678 0.0541893 0.0887644 0.0159234
2 0.967251 0.106433 0.0521448 0.0878662 0.01588
0 0.785648 0.111903 0.0339495 0.104087 0.0158684
2 0.654235 0.0777662 0.0652269 0.025164 0.0158101
0 0.783304 0.116564 0.0281507 0.0930243 0.0157059
5 0.919226 0.0897289 0.161548 0.179458 0.0155924
0 0.546941 0.217558 0.0276604 0.0351395 0.0155515
5 0.877059 0.11035 0.061805 0.128146 0.0155503
2 0.10391 0.86027 0.109056 0.0606962 0.0155126
5 0.971519 0.0832684 0.0540253 0.0682548 0.0154617
2 0.991683 0.0791179 0.0158068 0.0353727 0.0153569
5 0.827521 0.0983583 0.138487 0.145369 0.01533
2 0.816224 0.0563467 0.0333975 0.0544391 0.015266
2 0.985223 0.0879611 0.0281551 0.0548698 0.015217
0 0.538786 0.562645 0.0256006 0.0338275 0.0151041
0 0.576975 0.19161 0.020155 0.0257166 0.0148702
2 0.141858 0.915807 0.2818 0.168065 0.0147328
2 0.142202 0.915435 0.283723 0.167802 0.0145687
2 0.816197 0.269308 0.0235058 0.0332491 0.0143966
0 0.474329 0.56574 0.0409843 0.0360498 0.0143747
8 0.97342 0.286777 0.0529232 0.0659272 0.0141585
0 0.537294 0.563221 0.0268865 0.0407658 0.0141107
0 0.870186 0.0754297 0.0471806 0.0465129 0.0140324
0 0.946448 0.123841 0.0283196 0.0698024 0.0140191
