5 0.520961 0.240782 0.334794 0.121733 0.901743
5 0.520263 0.240245 0.334837 0.122164 0.899134
5 0.520852 0.240924 0.334495 0.124195 0.893736
5 0.520399 0.241111 0.334574 0.123956 0.866496
5 0.520994 0.240566 0.335155 0.122492 0.807356
2 0.31936 0.241743 0.0840679 0.0620513 0.803352
5 0.520905 0.241263 0.333817 0.122665 0.798657
5 0.520983 0.241313 0.333734 0.123929 0.79308
5 0.520994 0.241171 0.33558 0.122803 0.779903
2 0.319298 0.241454 0.0853282 0.0618169 0.777159
2 0.319864 0.241999 0.084761 0.0623299 0.766671
2 0.319457 0.241621 0.0851273 0.0611781 0.737145
2 0.732354 0.271858 0.0979852 0.0564487 0.736421
0 0.0789366 0.575184 0.0358536 0.13001 0.733284
2 0.319249 0.241715 0.0852693 0.0616304 0.725101
0 0.0785 0.575555 0.0389862 0.128149 0.724162
0 0.0785578 0.57456 0.0356377 0.129728 0.723002
0 0.078338 0.574622 0.0349444 0.129636 0.722679
2 0.732635 0.272596 0.0986027 0.0583774 0.694135
2 0.732575 0.2717 0.09858 0.0571026 0.691512
2 0.319267 0.242 0.0846555 0.0626397 0.685646
2 0.732399 0.272418 0.0983854 0.0578772 0.676981
0 0.0779895 0.574604 0.0347956 0.129726 0.661443
0 0.0768367 0.575094 0.0355539 0.130759 0.650867
2 0.732197 0.2713 0.0999454 0.0580351 0.65072
0 0.0780907 0.57651 0.037547 0.128749 0.650123
5 0.521326 0.241434 0.334076 0.122949 0.631052
0 0.399798 0.574905 0.0346708 0.110367 0.628263
5 0.520683 0.241693 0.333644 0.121698 0.623555
2 0.732182 0.272729 0.0995518 0.0595703 0.608604
0 0.399699 0.57379 0.0356335 0.112352 0.607773
0 0.400036 0.576284 0.0346529 0.107844 0.597155
0 0.400866 0.57246 0.0369369 0.109287 0.590586
0 0.400915 0.572567 0.0365829 0.109979 0.584344
2 0.319287 0.241862 0.0848474 0.0620888 0.56708
0 0.39976 0.579275 0.0352184 0.099453 0.553606
0 0.400105 0.580144 0.0350677 0.0978238 0.545737
0 0.132981 0.601703 0.0312551 0.0781406 0.534322
0 0.133394 0.601137 0.0305795 0.0785363 0.52493
0 0.0777614 0.574544 0.0359834 0.130793 0.514276
0 0.159486 0.590954 0.0295939 0.123951 0.493294
0 0.40014 0.572494 0.0358776 0.110342 0.486648
2 0.0830357 0.283423 0.119314 0.0567401 0.486257
0 0.400368 0.572477 0.0363918 0.110934 0.478887
2 0.0852109 0.283681 0.114184 0.0546849 0.477046
0 0.159478 0.590502 0.0287019 0.122911 0.473759
0 0.132995 0.600532 0.0300576 0.076263 0.453139
0 0.0781964 0.575784 0.0378636 0.128087 0.452401
0 0.133413 0.601497 0.0303679 0.0769423 0.44314
0 0.160975 0.595107 0.0283524 0.116935 0.417455
2 0.888638 0.277548 0.0985558 0.0533645 0.407009
0 0.159061 0.587162 0.0299624 0.116263 0.405064
2 0.105378 0.283761 0.0756137 0.0545508 0.400381
2 0.0820335 0.283607 0.120929 0.0567981 0.398573
0 0.159927 0.591165 0.0302519 0.126702 0.397645
0 0.077728 0.574527 0.035489 0.129915 0.394041
2 0.973424 0.254482 0.0531528 0.0638365 0.392047
2 0.836074 0.163592 0.0551228 0.0272663 0.381406
2 0.905606 0.216699 0.0759422 0.0465936 0.380406
2 0.0930773 0.284232 0.0992217 0.0535266 0.379817
0 0.399422 0.573698 0.0339664 0.110928 0.377874
0 0.133265 0.600134 0.0299289 0.0757 0.376833
2 0.083642 0.282738 0.116514 0.0563293 0.375773
0 0.159805 0.587382 0.0276055 0.11914 0.372488
2 0.835961 0.163643 0.0540012 0.0275469 0.369068
0 0.19658 0.26449 0.017882 0.0636498 0.36492
0 0.196982 0.2646 0.0186129 0.0680931 0.360577
2 0.906498 0.216908 0.077116 0.0478273 0.356928
2 0.90687 0.21836 0.0736378 0.049994 0.352824
2 0.0446677 0.305595 0.0887283 0.0520419 0.346201
0 0.195687 0.26117 0.0183829 0.0617169 0.343558
2 0.835847 0.163241 0.0534008 0.0268128 0.338281
0 0.133874 0.601692 0.0309301 0.0765155 0.334436
2 0.905088 0.217873 0.0756424 0.0474153 0.328988
2 0.973229 0.254712 0.0527981 0.0665812 0.328132
2 0.0445495 0.307678 0.0888854 0.0551231 0.328066
0 0.158922 0.583107 0.0294662 0.106911 0.32219
2 0.836157 0.161945 0.0539057 0.0312925 0.318315
0 0.133663 0.605452 0.0309486 0.0699948 0.31608
0 0.132982 0.599538 0.0293588 0.0741899 0.315919
2 0.734 0.269422 0.0956297 0.0504115 0.314059
2 0.0440939 0.307689 0.0868859 0.0534845 0.304751
2 0.836197 0.16289 0.0555836 0.0286914 0.304098
2 0.836293 0.161187 0.0559116 0.0326304 0.300898
0 0.754674 0.212478 0.0201901 0.0479757 0.298912
2 0.0440533 0.30677 0.0881066 0.0506547 0.298806
2 0.0823805 0.282339 0.122171 0.058953 0.298671
2 0.907446 0.218433 0.0761889 0.0480971 0.293004
2 0.888274 0.274884 0.0977892 0.0499151 0.287964
2 0.733346 0.268321 0.0980612 0.048888 0.287487
2 0.319093 0.241806 0.0843893 0.0619273 0.282301
2 0.888517 0.282745 0.0993664 0.0645498 0.28194
2 0.0811868 0.28311 0.122596 0.0569244 0.281379
2 0.733198 0.268809 0.0976788 0.0496635 0.278276
0 0.133647 0.602111 0.0309726 0.0755545 0.276468
2 0.90479 0.217371 0.077297 0.04675 0.276241
2 0.835422 0.162277 0.0535233 0.0298891 0.273004
2 0.887986 0.282489 0.0980804 0.0641619 0.265309
0 0.754169 0.213381 0.0201704 0.0484378 0.263804
2 0.888448 0.277667 0.098127 0.0547674 0.261513
2 0.733432 0.270628 0.09629 0.0505008 0.261049
0 0.439242 0.559672 0.0219247 0.116627 0.260878
2 0.973292 0.25745 0.0534159 0.0606726 0.25987
2 0.974063 0.253864 0.0512506 0.0688965 0.258411
2 0.887871 0.282726 0.0987406 0.0647766 0.2565
0 0.133184 0.601869 0.0316129 0.0803293 0.255108
0 0.754337 0.212747 0.0197451 0.0478535 0.252243
0 0.162551 0.602574 0.0258481 0.102351 0.236339
2 0.927177 0.218617 0.11096 0.0514713 0.22907
2 0.973228 0.254469 0.0530327 0.0696776 0.228725
2 0.0815525 0.28525 0.124469 0.0536692 0.227284
2 0.973137 0.254597 0.0531231 0.0683354 0.226687
0 0.13241 0.600259 0.0309463 0.0757385 0.225189
0 0.754957 0.211602 0.021165 0.0484334 0.22057
0 0.203335 0.263005 0.0314194 0.0665726 0.220231
2 0.905136 0.217283 0.0778198 0.0460346 0.216551
0 0.196158 0.259132 0.0199962 0.0602056 0.212294
2 0.904728 0.215569 0.0762627 0.0437488 0.212014
0 0.161277 0.597375 0.0262496 0.114985 0.209721
0 0.159558 0.581987 0.0293046 0.106143 0.209548
0 0.15962 0.590218 0.0288756 0.119029 0.206889
2 0.0440269 0.307264 0.0875604 0.0509683 0.203991
0 0.439711 0.559964 0.0211046 0.116325 0.202194
2 0.905397 0.217219 0.0764284 0.0473135 0.196883
2 0.0436821 0.307617 0.0871962 0.0538725 0.195419
2 0.9035 0.267882 0.0608843 0.0284796 0.191699
2 0.908084 0.217483 0.0714424 0.0480225 0.188646
0 0.160179 0.59083 0.0312128 0.133527 0.188403
2 0.0524123 0.298572 0.104081 0.050507 0.187337
0 0.159558 0.585623 0.0292397 0.110721 0.187255
2 0.972877 0.254511 0.0533409 0.0677683 0.183485
0 0.162327 0.601577 0.0253954 0.10642 0.181488
2 0.973016 0.253859 0.0534657 0.0718863 0.178712
2 0.914362 0.218199 0.0901897 0.0508261 0.178287
2 0.972916 0.25154 0.0534596 0.0710289 0.174886
0 0.805406 0.183454 0.0149734 0.0378797 0.172888
2 0.0161905 0.270097 0.0323447 0.0509174 0.165138
0 0.630446 0.277089 0.0220505 0.038471 0.162149
2 0.888327 0.274617 0.0973188 0.0471888 0.160184
2 0.916716 0.219098 0.0925554 0.0517539 0.159516
0 0.200437 0.261762 0.0276374 0.0659831 0.155303
0 0.439509 0.559654 0.0222679 0.115132 0.153926
0 0.132005 0.599884 0.0295378 0.0750015 0.151284
2 0.973306 0.258354 0.0533887 0.0519348 0.150401
0 0.204347 0.262127 0.0367361 0.0710145 0.146962
2 0.319256 0.241643 0.082878 0.0623185 0.145417
2 0.0437606 0.306635 0.0875212 0.0499271 0.144613
5 0.520685 0.241144 0.336771 0.124258 0.143722
2 0.904727 0.267239 0.0599516 0.0279665 0.143681
0 0.972763 0.254433 0.053648 0.0710121 0.141056
2 0.0440196 0.308643 0.0856895 0.0532024 0.140017
2 0.97307 0.253235 0.05386 0.065434 0.139713
0 0.0787627 0.575626 0.0362197 0.131241 0.138859
2 0.89153 0.269877 0.0871613 0.0344763 0.137866
2 0.731047 0.273474 0.102031 0.0614282 0.135038
2 0.888231 0.274331 0.0964077 0.0425383 0.129914
2 0.102499 0.283407 0.0797205 0.0549801 0.126957
2 0.318887 0.241364 0.0827185 0.062076 0.12572
2 0.10521 0.283784 0.0752713 0.0552422 0.124381
2 0.10592 0.285797 0.0744038 0.0506477 0.121476
2 0.727965 0.271251 0.108955 0.0580688 0.118677
2 0.899031 0.271682 0.0743525 0.0357357 0.117788
2 0.0160484 0.270409 0.0320776 0.0516994 0.112777
0 0.202184 0.262741 0.0336058 0.0696753 0.111377
0 0.80641 0.185914 0.0121027 0.0319366 0.109264
5 0.115052 0.117727 0.228792 0.235252 0.108672
0 0.21105 0.266171 0.0222475 0.0617799 0.108237
2 0.0447274 0.308087 0.0875022 0.0498866 0.108173
0 0.0540922 0.216264 0.0178818 0.0532631 0.108116
2 0.893214 0.271769 0.0847248 0.0359193 0.107756
0 0.20075 0.262736 0.0299746 0.0690691 0.107308
2 0.888675 0.271218 0.0953602 0.039787 0.105634
2 0.887663 0.284792 0.0987925 0.069432 0.104103
0 0.204365 0.263392 0.0317268 0.0681759 0.103321
0 0.162806 0.606876 0.0251113 0.100272 0.101785
0 0.755509 0.211916 0.0199658 0.0462348 0.100107
2 0.904757 0.21581 0.0786823 0.0479143 0.0996545
0 0.630846 0.277786 0.0222429 0.0400598 0.0975474
0 0.777932 0.214512 0.0212956 0.0368713 0.0958158
2 0.978224 0.260841 0.042811 0.0578086 0.0955829
2 0.10504 0.28459 0.0748704 0.0521687 0.0932308
2 0.836463 0.163839 0.0544979 0.0280692 0.0928938
0 0.19989 0.262552 0.029697 0.0683808 0.0918745
0 0.0537148 0.215915 0.0177309 0.0542502 0.0916919
0 0.0959602 0.216116 0.0147926 0.0421353 0.0911594
0 0.0532199 0.214951 0.0163455 0.0528007 0.091088
2 0.0715738 0.281675 0.138293 0.0589859 0.0909144
0 0.771524 0.212884 0.019049 0.0410273 0.0905196
0 0.7794 0.21543 0.0178858 0.0351744 0.0903619
0 0.438162 0.559463 0.0243294 0.116371 0.0885888
0 0.399944 0.580765 0.0354477 0.0925623 0.0875838
0 0.160007 0.584012 0.0292682 0.108807 0.0872111
0 0.095984 0.219179 0.0178825 0.0482051 0.083106
0 0.197201 0.268503 0.018445 0.0613042 0.0826696
0 0.0954174 0.225577 0.0201409 0.0620324 0.0822828
0 0.772928 0.214131 0.0192835 0.0385098 0.0813966
2 0.732582 0.269196 0.0959226 0.0532866 0.0798274
2 0.920088 0.219674 0.0950785 0.0523397 0.0793843
2 0.0710243 0.282651 0.140641 0.0582025 0.0783223
2 0.0851508 0.284663 0.115628 0.0539863 0.0778904
2 0.973217 0.265727 0.0534512 0.0492662 0.0770923
2 0.733166 0.267715 0.0968514 0.0480995 0.0769418
0 0.400175 0.584684 0.0365268 0.105568 0.0754597
0 0.217109 0.23557 0.0164146 0.0367601 0.0742425
2 0.319206 0.241379 0.0842776 0.0628243 0.0740231
2 0.887422 0.283394 0.0999702 0.0632231 0.0731604
2 0.903612 0.215902 0.0774107 0.0418232 0.0727011
2 0.0457318 0.305239 0.0847809 0.0480011 0.0703795
0 0.880362 0.191591 0.0351055 0.084289 0.0699563
2 0.920337 0.189524 0.112555 0.0864545 0.0696392
2 0.0155057 0.27027 0.0309711 0.0485899 0.0674199
2 0.0147682 0.273017 0.0295363 0.0457544 0.0668516
2 0.885801 0.271046 0.0908051 0.0414312 0.0662342
2 0.988454 0.27161 0.0222923 0.0418704 0.0658105
2 0.0439289 0.311185 0.0864956 0.0592261 0.0654605
2 0.917411 0.188128 0.108044 0.0842805 0.0652373
2 0.836556 0.159011 0.0553375 0.0362732 0.0652298
2 0.897552 0.177001 0.0697306 0.0646887 0.0650713
5 0.115688 0.116928 0.230642 0.233212 0.0648592
2 0.974198 0.251179 0.0508938 0.0701361 0.0624928
0 0.220992 0.23299 0.0211226 0.0453906 0.0614002
5 0.114372 0.126898 0.228087 0.252298 0.059694
0 0.0768108 0.216104 0.0156025 0.0499649 0.0596769
2 0.888228 0.284927 0.0995827 0.0692534 0.059669
2 0.887326 0.284889 0.0978363 0.0616842 0.0588914
0 0.254839 0.223925 0.00896959 0.0317626 0.0579273
7 0.922978 0.188239 0.1205 0.0949269 0.057661
0 0.052883 0.214278 0.0155488 0.0521861 0.0567282
5 0.444474 0.242305 0.183922 0.122148 0.0566905
2 0.901092 0.174236 0.0779264 0.0590578 0.0559326
0 0.0762275 0.214825 0.0144379 0.0475028 0.0556456
2 0.838342 0.161985 0.0546791 0.0314396 0.0556317
0 0.631075 0.278534 0.0225992 0.0408901 0.0554951
2 0.904244 0.266971 0.0626545 0.0285919 0.055105
0 0.132618 0.6016 0.0309152 0.0759662 0.054554
5 0.114362 0.118645 0.228724 0.236399 0.0545302
0 0.752202 0.213718 0.0236094 0.0462591 0.0540273
2 0.319207 0.241802 0.0830423 0.0627451 0.0535473
2 0.31797 0.241777 0.0822197 0.0629113 0.052783
5 0.114648 0.12359 0.226846 0.246449 0.0523088
2 0.0157839 0.265958 0.031523 0.0553462 0.0522999
0 0.983543 0.272692 0.0315052 0.0495449 0.0519452
5 0.115163 0.12368 0.229392 0.246364 0.051912
5 0.113907 0.118798 0.227814 0.237596 0.0514281
0 0.880376 0.192931 0.0332705 0.0818276 0.0510319
0 0.0747197 0.21513 0.0158062 0.0489984 0.0509722
2 0.0745958 0.281991 0.143449 0.0629992 0.0504967
2 0.0691903 0.283585 0.138381 0.0606485 0.050047
0 0.771336 0.20724 0.0197191 0.050476 0.0500199
0 0.773652 0.214379 0.0196262 0.0407739 0.0499903
0 0.0780813 0.575683 0.0380948 0.127135 0.0499013
2 0.0162513 0.267188 0.0324188 0.0538229 0.0498935
0 0.786982 0.186108 0.0108732 0.0353143 0.0494163
0 0.7887 0.183657 0.014314 0.0371092 0.0491524
0 0.245793 0.221876 0.0137031 0.0374263 0.049044
0 0.131277 0.59612 0.0254385 0.0679379 0.0490307
7 0.924339 0.192588 0.117669 0.088121 0.0486499
2 0.896595 0.190951 0.0683983 0.0846694 0.0485463
2 0.976264 0.264679 0.0468689 0.0562597 0.0482361
0 0.781394 0.216176 0.0199181 0.0358215 0.0480164
2 0.906919 0.19036 0.0875156 0.0848769 0.0471721
2 0.897725 0.171694 0.06539 0.0584445 0.0468953
2 0.0474549 0.27825 0.0528867 0.026843 0.046874
5 0.114988 0.134192 0.228825 0.266334 0.0463474
5 0.114649 0.124367 0.226999 0.248203 0.0457309
0 0.255859 0.224369 0.0101228 0.0310821 0.0456277
0 0.744024 0.212542 0.0147883 0.0441231 0.045445
0 0.0784559 0.217324 0.0157038 0.0504505 0.0454181
0 0.759148 0.207419 0.0161876 0.0462393 0.0448751
2 0.0423174 0.312694 0.0828089 0.0579442 0.0445219
2 0.973281 0.256841 0.052953 0.0730979 0.0439834
0 0.782723 0.216019 0.0185551 0.0324474 0.0437264
2 0.0512841 0.27716 0.0617326 0.032377 0.0433791
7 0.92147 0.188154 0.117957 0.0952021 0.043372
0 0.789812 0.184319 0.0156265 0.0375384 0.0431757
0 0.0942918 0.238456 0.0179323 0.0439327 0.043129
2 0.735447 0.269202 0.0918926 0.0505204 0.0431153
0 0.752683 0.215317 0.023911 0.0485187 0.0429989
2 0.879409 0.181582 0.0336061 0.0637643 0.0424884
2 0.897408 0.190831 0.06931 0.0853986 0.0424296
0 0.510807 0.278633 0.0240868 0.0385542 0.0420129
0 0.783217 0.203398 0.0170979 0.0578636 0.0415449
2 0.966651 0.266196 0.0407894 0.0390492 0.0415061
2 0.918913 0.187435 0.110619 0.0848715 0.0411247
9 0.333146 0.086316 0.0284526 0.045583 0.0410201
0 0.0931598 0.225232 0.0224678 0.0497879 0.0404367
2 0.0531985 0.279719 0.0654467 0.0344456 0.0403881
0 0.247036 0.224068 0.0142164 0.0369108 0.0401976
0 0.0494012 0.215084 0.0167532 0.0527414 0.0399053
2 0.903963 0.194393 0.0810947 0.0860616 0.0383891
2 0.0552585 0.274859 0.068624 0.0362555 0.0383649
2 0.887924 0.288475 0.100785 0.0766591 0.0383515
0 0.0953122 0.254446 0.0205781 0.0379247 0.0380477
0 0.0497312 0.215494 0.0173913 0.0524135 0.0379743
0 0.21942 0.23104 0.018759 0.0424923 0.0379544
9 0.332317 0.0805504 0.0242001 0.032695 0.0373123
0 0.880998 0.192599 0.0339447 0.0821254 0.0371858
0 0.197658 0.255497 0.0220457 0.0539192 0.0371671
2 0.836217 0.159111 0.0556612 0.0360096 0.0371552
5 0.444683 0.242194 0.182786 0.122335 0.0361229
