2 0.258913 0.847465 0.175089 0.16345 0.875725
2 0.259326 0.847511 0.175155 0.162137 0.84429
2 0.685154 0.52456 0.0890681 0.0632753 0.823317
2 0.259782 0.847539 0.176515 0.1626 0.821642
2 0.259373 0.847544 0.175699 0.162452 0.820831
2 0.684253 0.523781 0.090632 0.0626479 0.815226
2 0.654086 0.581158 0.0958667 0.077499 0.803992
2 0.684196 0.523995 0.0892363 0.0622543 0.791886
2 0.685276 0.524363 0.0886725 0.0635801 0.789755
2 0.684031 0.524518 0.0892619 0.064629 0.785936
2 0.259754 0.847209 0.17604 0.163395 0.770538
2 0.684074 0.524206 0.0900942 0.0626384 0.769913
2 0.653751 0.581167 0.0968118 0.0768066 0.76963
2 0.259515 0.847166 0.176169 0.163001 0.767499
2 0.684285 0.524444 0.08983 0.0620283 0.749109
2 0.653675 0.580595 0.0972289 0.0752088 0.716062
2 0.653911 0.581436 0.0981787 0.0781068 0.711389
2 0.685289 0.524451 0.0898468 0.0628407 0.707152
2 0.654356 0.581104 0.0974009 0.0775181 0.693279
2 0.259882 0.846811 0.1768 0.1602 0.683292
2 0.653281 0.580297 0.0973644 0.0765671 0.64214
2 0.653898 0.581507 0.0975681 0.0780128 0.625322
2 0.387987 0.637703 0.122399 0.091778 0.622762
2 0.387943 0.6377 0.122501 0.090779 0.617285
2 0.388102 0.637157 0.122795 0.0938263 0.603307
2 0.387239 0.637121 0.123209 0.0912557 0.595462
2 0.65403 0.58141 0.0972534 0.076972 0.591226
2 0.688383 0.686182 0.111023 0.076826 0.573721
2 0.687062 0.524274 0.0850229 0.0631952 0.570937
0 0.821764 0.485428 0.0195747 0.0545732 0.567995
2 0.388054 0.637717 0.122487 0.0921272 0.566244
2 0.387717 0.637371 0.122321 0.0920826 0.560275
2 0.388021 0.637951 0.122388 0.0907772 0.558014
2 0.654049 0.581977 0.0981653 0.0770932 0.549652
2 0.387833 0.637297 0.122483 0.0928555 0.547214
2 0.387747 0.637351 0.122204 0.091749 0.543956
0 0.821426 0.486303 0.0198368 0.0558529 0.542756
2 0.688488 0.686622 0.111002 0.0769926 0.542484
2 0.273824 0.51068 0.108923 0.0728478 0.528515
2 0.259637 0.847271 0.176185 0.162151 0.51778
2 0.387745 0.63676 0.122302 0.0931828 0.514078
2 0.274397 0.511156 0.109036 0.0735455 0.500653
2 0.688603 0.687015 0.111987 0.0784618 0.490126
2 0.688343 0.685864 0.110157 0.0779126 0.485455
0 0.821194 0.486804 0.018655 0.0553089 0.475013
2 0.274757 0.510915 0.110328 0.073737 0.468298
0 0.822327 0.4823 0.0191807 0.0486761 0.466831
2 0.274545 0.511106 0.109857 0.0737679 0.463608
2 0.274467 0.510938 0.109648 0.0737397 0.460011
2 0.686809 0.524459 0.0854809 0.0642497 0.438251
0 0.696892 0.467735 0.0157179 0.0459065 0.437797
0 0.696816 0.468315 0.0144255 0.0456509 0.420807
2 0.654403 0.581252 0.0971607 0.0766487 0.417471
2 0.274935 0.511292 0.109755 0.0741673 0.41314
2 0.688354 0.686257 0.111338 0.0777407 0.41216
2 0.688926 0.68693 0.11174 0.078473 0.410601
2 0.27515 0.511191 0.110523 0.0739272 0.408482
2 0.275742 0.511111 0.111648 0.0737902 0.383767
2 0.275848 0.511325 0.110963 0.0737511 0.377071
2 0.683327 0.524355 0.0889919 0.0643824 0.358507
2 0.68509 0.523952 0.0895852 0.0638252 0.34924
2 0.25947 0.847931 0.175278 0.162384 0.347491
2 0.65429 0.581414 0.0973866 0.0783878 0.342009
2 0.688378 0.68688 0.111326 0.0780111 0.325626
0 0.697016 0.467996 0.0153273 0.0448608 0.290412
0 0.721289 0.465168 0.0129662 0.0354435 0.264199
0 0.721643 0.465974 0.0138083 0.0363173 0.251577
0 0.822586 0.4818 0.0208351 0.0489494 0.24003
0 0.748419 0.466571 0.0157621 0.0574978 0.224952
2 0.688468 0.686702 0.11135 0.0781355 0.213854
0 0.822567 0.475852 0.0206562 0.0372463 0.211676
2 0.688725 0.686532 0.112254 0.0783955 0.199515
2 0.653469 0.58063 0.0996072 0.0742973 0.195974
2 0.275994 0.511026 0.112233 0.0744113 0.180489
0 0.822753 0.48583 0.021615 0.056376 0.173089
0 0.33082 0.510044 0.0148957 0.0443303 0.16198
6 0.544515 0.744078 0.90931 0.508498 0.154542
0 0.0162442 0.540974 0.0181636 0.0358486 0.149448
0 0.748326 0.454972 0.0135441 0.0338356 0.14864
2 0.0779842 0.511834 0.0529577 0.0421324 0.147256
2 0.686048 0.687157 0.113216 0.0794525 0.144302
0 0.721008 0.466676 0.0158737 0.0391152 0.141802
2 0.0776782 0.510543 0.0537536 0.0428078 0.141083
9 0.175959 0.439016 0.0133978 0.0277214 0.135969
2 0.658251 0.802761 0.0241442 0.0201286 0.134654
2 0.147289 0.518818 0.0778937 0.046227 0.125816
6 0.544921 0.746035 0.910159 0.494439 0.124093
0 0.748465 0.466714 0.0158434 0.0575689 0.11597
0 0.822047 0.484478 0.0222828 0.0538795 0.11519
0 0.0142659 0.540421 0.0224712 0.0369532 0.109964
0 0.330152 0.514307 0.0157698 0.0538792 0.107678
2 0.142475 0.517965 0.0863907 0.0476246 0.101933
2 0.150542 0.519881 0.0739289 0.0461021 0.101625
2 0.149681 0.520006 0.0702828 0.0458927 0.0949165
2 0.0795114 0.51112 0.0511197 0.0403002 0.0943848
2 0.684238 0.687175 0.103495 0.0772205 0.0940534
2 0.150441 0.519899 0.0685138 0.0442071 0.0907075
2 0.420299 0.952101 0.0277778 0.0234154 0.0905125
0 0.331352 0.506317 0.0148408 0.0390491 0.0902801
2 0.0773899 0.510605 0.0559218 0.043708 0.0864275
6 0.541788 0.745214 0.916424 0.504978 0.0858865
9 0.176002 0.439364 0.0133842 0.0284412 0.0854037
2 0.151616 0.520853 0.0696575 0.0432108 0.0847315
12 0.401997 0.488085 0.0161378 0.0310702 0.0807905
0 0.698083 0.467988 0.0187153 0.0441689 0.0801059
2 0.273584 0.511364 0.109281 0.0741287 0.0759615
5 0.572129 0.451764 0.102453 0.1105 0.0754655
2 0.0776299 0.51103 0.0557954 0.0416819 0.0754516
2 0.153028 0.520769 0.067138 0.0428853 0.074563
0 0.821789 0.483177 0.0230659 0.0527101 0.073238
0 0.0155656 0.540895 0.0212403 0.0366627 0.0730233
5 0.572029 0.450866 0.101364 0.108467 0.072813
2 0.146792 0.519227 0.0786027 0.0465198 0.0721119
6 0.563322 0.737044 0.870041 0.510246 0.0709548
0 0.823969 0.486182 0.023378 0.0569902 0.0701676
2 0.0785246 0.512047 0.0570828 0.0465868 0.066047
0 0.0112358 0.540463 0.0224716 0.0364365 0.0636111
2 0.745723 0.752601 0.0268145 0.0219696 0.0634942
0 0.748213 0.454288 0.0141019 0.0333427 0.0614083
0 0.779268 0.457286 0.0119406 0.027423 0.0608204
9 0.41246 0.439416 0.0128801 0.021026 0.0581407
0 0.012371 0.539863 0.0246173 0.0380726 0.0575502
2 0.260013 0.847396 0.176019 0.162127 0.0572607
6 0.536151 0.74552 0.920529 0.508959 0.0568775
2 0.148553 0.519307 0.0678741 0.0458649 0.0562779
0 0.0141442 0.54002 0.0255267 0.0397424 0.0553344
2 0.0753032 0.509243 0.0609077 0.0484081 0.0544123
0 0.330289 0.517234 0.0159297 0.0594959 0.0536019
0 0.698505 0.468438 0.0200174 0.0458212 0.0523057
2 0.0771768 0.508869 0.0563508 0.0432724 0.0522479
0 0.749075 0.466793 0.0176435 0.0581694 0.0513444
2 0.111032 0.516882 0.052759 0.0408669 0.0493687
0 0.696149 0.466224 0.0217216 0.0424412 0.0487187
0 0.697228 0.466035 0.0163692 0.0477426 0.0475213
2 0.0885115 0.513564 0.031865 0.0364267 0.0463093
9 0.361146 0.431716 0.0107139 0.0282103 0.0458531
2 0.419736 0.95226 0.0280355 0.0242886 0.0435723
0 0.822318 0.475103 0.0195843 0.0419867 0.0423249
5 0.572945 0.449768 0.1039 0.108978 0.0420078
2 0.259887 0.847432 0.175255 0.162128 0.0419569
2 0.111979 0.517834 0.0502033 0.0399982 0.0414824
2 0.109221 0.514216 0.0609242 0.0444673 0.0407965
2 0.0791994 0.51395 0.0571371 0.0434528 0.0405465
9 0.175087 0.439567 0.0148841 0.0296019 0.0403886
0 0.749704 0.466415 0.0184606 0.0575645 0.0398985
0 0.716765 0.465777 0.0150068 0.0404177 0.0398892
6 0.579221 0.756028 0.839982 0.487944 0.0384732
0 0.698249 0.468726 0.0185932 0.0449572 0.0383948
2 0.0915641 0.516498 0.0402595 0.0383884 0.0380003
9 0.175428 0.439237 0.0149507 0.0291434 0.0365273
2 0.140141 0.518092 0.0858618 0.0421942 0.0356737
2 0.112143 0.516374 0.053679 0.0420097 0.0348755
2 0.108563 0.517145 0.0567054 0.041231 0.0345564
2 0.74733 0.755332 0.0287156 0.0279903 0.0323822
2 0.588274 0.486017 0.0276742 0.0404989 0.0317353
5 0.573262 0.450541 0.102521 0.11136 0.031602
2 0.488712 0.908565 0.0273901 0.0199036 0.0305477
5 0.573146 0.449881 0.103244 0.109721 0.0300971
0 0.343811 0.505789 0.0238327 0.0326104 0.0299328
5 0.573987 0.449623 0.101191 0.109676 0.0298877
2 0.152268 0.520357 0.0659318 0.0433916 0.0297923
9 0.547409 0.485062 0.0246983 0.039584 0.0297758
2 0.141793 0.517323 0.0698438 0.0429565 0.0296611
2 0.401501 0.488884 0.0202681 0.033029 0.0276207
2 0.658979 0.802987 0.0255254 0.0217431 0.0274894
2 0.0734843 0.507944 0.0633947 0.0460496 0.0274793
0 0.342581 0.504624 0.0270737 0.0338632 0.027116
2 0.109134 0.515452 0.0579533 0.0424561 0.0269417
2 0.143871 0.439948 0.0762171 0.0282133 0.0265976
5 0.572719 0.450255 0.103122 0.108976 0.0262128
6 0.567786 0.755556 0.864429 0.485909 0.0260346
9 0.547833 0.485804 0.0246264 0.0384769 0.0254856
2 0.368788 0.496381 0.0240711 0.0303705 0.0252172
0 0.0121021 0.541116 0.0242043 0.036936 0.0244842
2 0.588352 0.486068 0.0272114 0.0395863 0.024375
2 0.549785 0.868082 0.0213758 0.0197418 0.0236644
2 0.143758 0.518355 0.0694397 0.0411268 0.023445
0 0.821171 0.487026 0.0230494 0.0607794 0.0231462
5 0.577818 0.449868 0.0920996 0.108577 0.0228442
12 0.401697 0.488675 0.0164453 0.0313123 0.0228189
0 0.749248 0.455792 0.0165819 0.0361948 0.0226507
9 0.546934 0.485134 0.0262921 0.038607 0.0226319
2 0.654171 0.581426 0.0977156 0.0751955 0.022238
2 0.128967 0.515926 0.0922866 0.048855 0.0218086
0 0.778842 0.45988 0.0150788 0.0324171 0.0217913
0 0.723722 0.463226 0.0184586 0.0318859 0.0217733
2 0.154104 0.518812 0.0895351 0.0467251 0.0210317
0 0.723677 0.463832 0.018922 0.0323393 0.020971
9 0.360001 0.428498 0.0101514 0.023316 0.0202431
6 0.573942 0.754206 0.852117 0.487588 0.0197471
2 0.521037 0.491119 0.0182709 0.0228287 0.0194488
9 0.547183 0.48411 0.0257777 0.040551 0.0193741
0 0.823764 0.473479 0.0209812 0.0407555 0.0192208
2 0.487887 0.907805 0.0284836 0.0211233 0.0185076
2 0.420343 0.951539 0.0283551 0.0249783 0.0183995
2 0.548769 0.867416 0.0241409 0.0209816 0.0183789
5 0.572042 0.450097 0.106054 0.109969 0.0182503
2 0.683044 0.687113 0.106658 0.0769281 0.0181077
2 0.0800055 0.509888 0.0594384 0.0425228 0.0168167
2 0.819279 0.708356 0.0171698 0.0158918 0.016751
2 0.141559 0.44017 0.0836777 0.0322706 0.016504
9 0.801868 0.0747805 0.0562534 0.147068 0.0162173
2 0.703029 0.775982 0.0216709 0.0166044 0.0158514
0 0.748609 0.46939 0.015658 0.0540094 0.0156252
2 0.369964 0.496066 0.0218748 0.0333668 0.0155375
0 0.324434 0.51141 0.0251065 0.0598607 0.015537
2 0.259319 0.847616 0.175843 0.162059 0.0153828
2 0.13776 0.440815 0.0696605 0.0269376 0.0153733
2 0.149508 0.439689 0.0661521 0.0289894 0.015332
2 0.158227 0.521528 0.0593394 0.0427094 0.0151226
2 0.587595 0.486353 0.0262152 0.0394473 0.0149268
9 0.547192 0.485931 0.0260237 0.0376615 0.0148347
2 0.587894 0.48642 0.0265296 0.0391037 0.014777
5 0.572774 0.451174 0.100697 0.111666 0.0147625
5 0.569392 0.451354 0.110251 0.11183 0.0147508
0 0.323843 0.508608 0.0261523 0.0524283 0.014335
2 0.114178 0.518438 0.065348 0.04684 0.014221
9 0.600428 0.630959 0.0326292 0.0463961 0.0140704
9 0.175758 0.440926 0.0156624 0.0334555 0.0139137
9 0.547486 0.480827 0.0248144 0.0469223 0.0138971
5 0.569874 0.451188 0.108321 0.110296 0.0138806
2 0.0761153 0.507866 0.0567379 0.036215 0.0138687
2 0.60667 0.831933 0.0247206 0.0201736 0.0138456
6 0.566015 0.76424 0.864017 0.470631 0.0137376
2 0.419025 0.952668 0.0313192 0.0247322 0.01367
2 0.145052 0.439295 0.0732055 0.028614 0.0135964
2 0.994273 0.39139 0.0107296 0.026839 0.0135063
9 0.307063 0.0932563 0.0292488 0.0561036 0.0130093
2 0.370239 0.497795 0.0216252 0.0310348 0.0129588
2 0.689417 0.687244 0.112995 0.0790379 0.0128912
2 0.13846 0.439878 0.0692521 0.0281833 0.012841
0 0.344194 0.50672 0.0256193 0.0342417 0.0128233
3 0.370317 0.498535 0.0224021 0.0297867 0.0126451
5 0.57251 0.450092 0.103335 0.109402 0.0125185
9 0.802693 0.0753045 0.0564322 0.147967 0.0122229
9 0.310542 0.0942546 0.0224243 0.0548724 0.0122001
2 0.145008 0.439591 0.0783695 0.0319751 0.0121253
0 0.494131 0.489885 0.00982323 0.0229498 0.01198
6 0.546167 0.739809 0.900807 0.517562 0.0119313
2 0.150583 0.438457 0.0587375 0.0288868 0.0119081
2 0.751331 0.7567 0.0343435 0.0288656 0.0118623
9 0.801754 0.0738282 0.0577243 0.147356 0.0117509
2 0.158756 0.521603 0.0559596 0.0419855 0.0116634
2 0.658462 0.80138 0.0248264 0.0226158 0.0115811
0 0.749376 0.454265 0.015949 0.032892 0.0115399
2 0.655407 0.803789 0.029681 0.0203518 0.0111358
2 0.349857 0.498347 0.0453091 0.0349888 0.010987
2 0.397561 0.594751 0.0449024 0.0364067 0.0109267
0 0.37987 0.613447 0.0300178 0.031113 0.0108379
2 0.676795 0.688162 0.088241 0.0736896 0.0107779
2 0.394427 0.587727 0.036791 0.0199305 0.0107739
0 0.323118 0.511385 0.0271446 0.0632752 0.0102442
2 0.0780264 0.514366 0.0592085 0.0458546 0.00993207
2 0.566768 0.410129 0.0872044 0.0340722 0.00986641
1 0.330546 0.521985 0.0147603 0.0551214 0.00968939
2 0.673911 0.688759 0.0820372 0.0743017 0.00960382
9 0.30705 0.0932579 0.0291139 0.0572203 0.00960045
1 0.343941 0.508038 0.0304495 0.0392527 0.00956122
2 0.0612556 0.506743 0.0282944 0.0337952 0.00930043
2 0.521232 0.488937 0.0170437 0.0279716 0.00924664
2 0.401073 0.488916 0.0203869 0.0316515 0.00912123
2 0.741909 0.758094 0.0466616 0.0340828 0.00905798
2 0.371478 0.497344 0.0240568 0.0313602 0.00901962
9 0.547938 0.452393 0.0217447 0.0287292 0.00897118
2 0.994186 0.389491 0.0108135 0.0292991 0.0089462
2 0.566068 0.411746 0.0850887 0.0331834 0.00894553
9 0.59998 0.630582 0.0322666 0.0466857 0.00890125
2 0.0100855 0.535423 0.0200902 0.047661 0.0087438
2 0.728472 0.763662 0.0714349 0.0446496 0.00870655
9 0.360491 0.427436 0.0114012 0.0227188 0.00853747
9 0.550102 0.45342 0.0176358 0.0266699 0.0083887
2 0.915879 0.658309 0.0153885 0.0152319 0.00828133
2 0.419991 0.95151 0.0280275 0.025544 0.00824273
2 0.394481 0.584848 0.0331277 0.0207232 0.00814259
2 0.568081 0.411483 0.079143 0.0315026 0.00813666
2 0.746255 0.751949 0.0275673 0.0232075 0.00804845
6 0.535904 0.769427 0.922212 0.461147 0.0078304
2 0.0631513 0.794531 0.0585911 0.015486 0.00782184
9 0.800382 0.0728094 0.0612595 0.145216 0.00778335
9 0.309576 0.0939794 0.0242741 0.055426 0.0077827
9 0.57929 0.448554 0.0117626 0.035376 0.0077281
0 0.387283 0.60848 0.0554761 0.0435761 0.00769218
9 0.307608 0.0928726 0.025797 0.0567765 0.0076234
2 0.0620455 0.793966 0.0576329 0.0160662 0.00762063
9 0.802778 0.0742059 0.0569006 0.148127 0.00762059
0 0.493032 0.48725 0.0105024 0.0262854 0.00759011
9 0.307189 0.0930133 0.0280211 0.057049 0.00751572
2 0.0132946 0.535353 0.0265517 0.0491823 0.00748423
6 0.835216 0.647801 0.329568 0.20471 0.00724887
1 0.340533 0.51623 0.0339247 0.0529739 0.00710075
7 0.572504 0.450178 0.102221 0.110364 0.0070936
2 0.468678 0.490839 0.00925426 0.0144506 0.0070763
2 0.66037 0.814255 0.0279299 0.0385386 0.00697956
9 0.800731 0.113336 0.0398933 0.0397219 0.00696409
0 0.634744 0.605874 0.0278031 0.0277508 0.0069578
9 0.310255 0.0934496 0.0231357 0.055712 0.00690958
9 0.175172 0.440716 0.0162472 0.0333466 0.00682982
0 0.615809 0.596024 0.020155 0.0282652 0.00680718
2 0.162741 0.521165 0.0533955 0.0427809 0.00677901
2 0.398429 0.491422 0.0281314 0.036825 0.00659751
