5 0.391025 0.252188 0.346629 0.283766 0.903595
5 0.390611 0.250369 0.345807 0.285164 0.903259
5 0.390486 0.251782 0.348022 0.285064 0.902974
5 0.390675 0.251438 0.346786 0.283648 0.887957
5 0.39045 0.252593 0.34667 0.284522 0.885835
5 0.390625 0.250433 0.346026 0.28503 0.880231
5 0.390144 0.252495 0.346413 0.286099 0.864029
5 0.390793 0.250932 0.346361 0.284404 0.863076
5 0.390995 0.25104 0.346761 0.285859 0.860827
5 0.390161 0.25161 0.3478 0.287991 0.83783
2 0.674475 0.314871 0.0908416 0.101535 0.807425
2 0.674748 0.314883 0.0909432 0.101414 0.79529
2 0.674449 0.314794 0.0907196 0.101838 0.761091
2 0.674595 0.314544 0.0906225 0.101139 0.74547
5 0.836585 0.485797 0.326186 0.593369 0.73488
2 0.674445 0.314737 0.0910563 0.100621 0.730096
2 0.674768 0.315183 0.0917699 0.103446 0.718405
2 0.674779 0.314592 0.0909513 0.0997612 0.717074
2 0.674452 0.314744 0.0910927 0.10108 0.713782
5 0.836938 0.484518 0.326124 0.591204 0.711962
2 0.674658 0.314731 0.0911116 0.100357 0.710487
2 0.674353 0.314186 0.0909344 0.101356 0.686635
5 0.836638 0.476275 0.326051 0.596556 0.652738
5 0.837267 0.490443 0.325357 0.566693 0.652721
5 0.836075 0.487572 0.326834 0.596071 0.635807
2 0.0865651 0.703554 0.172839 0.190878 0.634059
2 0.0863364 0.700371 0.172471 0.186085 0.604731
5 0.836389 0.477424 0.326438 0.60114 0.603981
2 0.655497 0.201102 0.0992313 0.0900022 0.587467
5 0.837221 0.504235 0.325292 0.537001 0.585242
2 0.655895 0.200885 0.0989299 0.0899068 0.58153
2 0.0870555 0.702206 0.173946 0.18949 0.554833
2 0.0869501 0.707309 0.173466 0.198596 0.552769
2 0.655271 0.201096 0.0997717 0.090673 0.543052
5 0.836704 0.499839 0.325932 0.547715 0.537406
2 0.655523 0.201419 0.0993149 0.0906662 0.535192
2 0.656115 0.201485 0.0982422 0.0901084 0.521373
2 0.0870904 0.706722 0.174181 0.19641 0.520994
2 0.0866481 0.714748 0.17313 0.213783 0.503086
2 0.249725 0.89398 0.39314 0.211191 0.49794
5 0.836732 0.526882 0.325527 0.491088 0.48839
2 0.224254 0.887845 0.444869 0.223339 0.478015
0 0.0449858 0.312195 0.0303849 0.0925775 0.465849
0 0.0463142 0.312009 0.0269684 0.0908848 0.451203
0 0.0449959 0.312336 0.030457 0.0940557 0.448941
0 0.0453251 0.312146 0.0316818 0.0929487 0.437496
0 0.0463047 0.31166 0.0277591 0.0922193 0.427813
2 0.0868886 0.708559 0.173709 0.201214 0.426393
2 0.655634 0.201738 0.100072 0.0900177 0.424015
2 0.233433 0.893358 0.426378 0.211999 0.415223
2 0.655657 0.201938 0.101245 0.0903402 0.394537
2 0.22438 0.890781 0.445283 0.217409 0.375708
0 0.954158 0.148336 0.0257204 0.0759968 0.373562
2 0.225906 0.889122 0.442632 0.220583 0.369736
5 0.836502 0.500569 0.326098 0.547809 0.359719
2 0.656397 0.201425 0.0979515 0.0903722 0.359233
2 0.0869219 0.70188 0.173844 0.189946 0.35188
0 0.0463493 0.312719 0.0289539 0.0916832 0.344022
0 0.954046 0.148585 0.0260004 0.0728176 0.34263
2 0.656816 0.200933 0.0976382 0.0916139 0.336811
0 0.0462314 0.312288 0.0273896 0.0913608 0.330226
2 0.087375 0.726708 0.17475 0.235933 0.318581
2 0.67397 0.314448 0.0889338 0.098662 0.317293
2 0.086029 0.701897 0.171986 0.185947 0.299082
2 0.0860321 0.70153 0.172064 0.183452 0.295871
2 0.260259 0.894357 0.371823 0.21042 0.289022
0 0.953444 0.147284 0.0255623 0.0705389 0.280513
2 0.278847 0.895165 0.334066 0.209085 0.260222
0 0.954387 0.149778 0.0253174 0.07627 0.257361
0 0.954852 0.146718 0.0275959 0.0714005 0.246519
2 0.223001 0.892462 0.446002 0.214353 0.242412
0 0.954652 0.146115 0.0285313 0.0699368 0.242345
2 0.276062 0.895838 0.340391 0.207178 0.232129
0 0.0468995 0.310819 0.0270693 0.0901819 0.23031
2 0.224149 0.884917 0.446084 0.229202 0.213003
0 0.954739 0.149826 0.0276464 0.075797 0.209222
2 0.0877335 0.747375 0.175467 0.278968 0.208179
2 0.278476 0.89491 0.334457 0.209093 0.207877
2 0.0862396 0.698887 0.172479 0.180539 0.205577
2 0.0859653 0.699036 0.171653 0.180819 0.202905
0 0.0465375 0.311036 0.026296 0.0896791 0.200171
2 0.224855 0.8924 0.44424 0.213916 0.18733
2 0.223795 0.889879 0.444981 0.219418 0.180363
0 0.094803 0.30574 0.0206617 0.0594955 0.162866
5 0.865803 0.0883844 0.120741 0.171431 0.158423
0 0.0951281 0.305116 0.0196706 0.0584437 0.158276
0 0.0949413 0.304138 0.0195765 0.0583332 0.158226
0 0.0740625 0.312406 0.0192827 0.0680752 0.156373
5 0.881853 0.0877703 0.113065 0.170176 0.148641
2 0.654591 0.212907 0.0972826 0.068912 0.145441
5 0.836735 0.494263 0.326171 0.619995 0.144571
2 0.841516 0.178047 0.0838606 0.0894596 0.143149
2 0.17168 0.335994 0.0517502 0.0598801 0.137616
2 0.655063 0.201277 0.101018 0.0908512 0.137393
0 0.954386 0.150122 0.0269592 0.0729345 0.137142
9 0.462935 0.0642026 0.0143623 0.0285009 0.13685
2 0.226352 0.885787 0.450987 0.227501 0.134567
5 0.874566 0.0873966 0.131562 0.172465 0.133025
0 0.0465967 0.316964 0.0267717 0.0838401 0.132673
2 0.840944 0.178249 0.0829182 0.09157 0.132509
2 0.68501 0.176299 0.0381472 0.0391552 0.131185
2 0.173651 0.336112 0.0570701 0.0608863 0.128986
0 0.954317 0.151691 0.026178 0.0771161 0.125532
5 0.870852 0.0907876 0.130032 0.179035 0.124272
2 0.277679 0.897109 0.336886 0.205668 0.123104
0 0.0785468 0.296204 0.0205493 0.0760452 0.118342
2 0.841018 0.17867 0.0821005 0.0909673 0.117862
2 0.238861 0.894296 0.413995 0.209988 0.116028
0 0.0956461 0.306641 0.0209941 0.0619539 0.114741
2 0.840249 0.253857 0.0872349 0.0726811 0.114336
2 0.22293 0.807642 0.44586 0.383225 0.1083
0 0.0748775 0.312975 0.0187454 0.0647007 0.108268
2 0.842453 0.254177 0.0881966 0.0789901 0.108025
2 0.84257 0.254108 0.0901566 0.076638 0.107711
2 0.685435 0.175882 0.038932 0.0381533 0.106658
2 0.171488 0.336518 0.0529592 0.0593807 0.106305
0 0.0770781 0.301753 0.0189448 0.0685178 0.106229
2 0.842252 0.254678 0.0915375 0.0755623 0.104029
2 0.087615 0.748891 0.17499 0.282857 0.10368
0 0.0766244 0.299897 0.0210854 0.0773086 0.102946
2 0.183279 0.336006 0.0758811 0.0644118 0.101437
5 0.859809 0.0890629 0.119707 0.172028 0.0995653
2 0.1736 0.331168 0.0575635 0.070963 0.0975491
0 0.0415522 0.31365 0.0265146 0.0886869 0.0972306
9 0.460628 0.0613324 0.0120281 0.0220106 0.0967894
2 0.84251 0.253538 0.0893406 0.0758016 0.095868
2 0.121779 0.885766 0.243559 0.228468 0.0954286
2 0.273974 0.897219 0.344439 0.205347 0.0944725
0 0.0761829 0.312913 0.0172952 0.061145 0.0941262
5 0.872101 0.0890289 0.100862 0.167381 0.0941058
2 0.663259 0.197399 0.0836254 0.0817909 0.0936957
2 0.171954 0.335551 0.054676 0.0624245 0.0922606
0 0.13418 0.275682 0.0227737 0.0820525 0.0915089
2 0.842128 0.255726 0.0898132 0.0798203 0.0904763
0 0.0762176 0.299177 0.0204897 0.080015 0.0898316
2 0.838865 0.179419 0.0778523 0.085125 0.0893173
0 0.0761101 0.307287 0.0195924 0.0710003 0.0882225
2 0.841412 0.178672 0.0829691 0.091539 0.0881918
0 0.076529 0.311629 0.0180705 0.0603948 0.0876935
2 0.838552 0.181404 0.075943 0.083751 0.0868404
0 0.134615 0.275031 0.0222178 0.0794206 0.0866962
2 0.68511 0.178218 0.0393661 0.0421577 0.0821709
5 0.877494 0.134409 0.0673683 0.0857124 0.0816809
0 0.0492433 0.311793 0.0237974 0.087675 0.0815345
2 0.670751 0.176902 0.0659552 0.0427779 0.0806799
2 0.841998 0.25486 0.0894659 0.078312 0.0793845
2 0.664473 0.189019 0.0812803 0.0660866 0.079323
5 0.886511 0.0851717 0.0993332 0.165612 0.0783617
2 0.838323 0.178222 0.0774771 0.0869473 0.0782854
2 0.840832 0.177838 0.0813068 0.0920798 0.0777878
2 0.11214 0.885686 0.223556 0.227518 0.0761507
5 0.861897 0.0906021 0.109469 0.167979 0.075764
2 0.223341 0.804383 0.445837 0.38967 0.0755271
2 0.862143 0.179265 0.0332752 0.0825416 0.0746402
0 0.078341 0.293078 0.01926 0.0778157 0.074237
2 0.877282 0.132912 0.0665041 0.0842753 0.0735191
2 0.685239 0.179773 0.0395398 0.0450809 0.073363
2 0.188041 0.33611 0.0862865 0.0648833 0.0732216
5 0.884116 0.0833446 0.137979 0.164848 0.0723594
0 0.0949167 0.303521 0.020158 0.0599806 0.0714824
0 0.428103 0.20709 0.0207111 0.0355507 0.0705896
2 0.861696 0.252276 0.0488449 0.0682968 0.0700513
2 0.839192 0.257597 0.0868324 0.0752796 0.0696286
2 0.841346 0.178226 0.0820747 0.0929934 0.068902
2 0.864819 0.180622 0.0372284 0.0836085 0.0681454
2 0.841482 0.250569 0.0846149 0.068133 0.0681072
0 0.173671 0.325886 0.0551472 0.0815436 0.0680249
5 0.842207 0.0858107 0.187007 0.169998 0.067975
2 0.634766 0.217176 0.060327 0.0589107 0.0674848
0 0.427151 0.212851 0.0230288 0.0462549 0.0657332
2 0.662098 0.19375 0.0849328 0.0757429 0.0652253
2 0.843541 0.250886 0.0861137 0.0661137 0.06503
2 0.644221 0.215161 0.0797898 0.0634756 0.0650074
9 0.463178 0.0746992 0.0161114 0.0488171 0.0649163
5 0.878288 0.133224 0.069092 0.083403 0.0645143
2 0.84046 0.255438 0.0858364 0.0762551 0.06331
0 0.0896956 0.30637 0.0216755 0.0623118 0.0625575
2 0.678531 0.181918 0.0506207 0.0513145 0.0608724
2 0.877359 0.133747 0.0681381 0.0810373 0.0596338
2 0.674908 0.312938 0.0889125 0.0958691 0.0594836
5 0.86056 0.0960559 0.11336 0.167671 0.058707
2 0.656066 0.201662 0.0974685 0.0881573 0.0583068
2 0.841537 0.251118 0.0866701 0.0683434 0.0576928
2 0.101565 0.799189 0.202418 0.381224 0.057577
2 0.18877 0.33319 0.0869626 0.0698029 0.0567694
0 0.040371 0.3124 0.0234369 0.0896106 0.0563234
0 0.426233 0.214304 0.0241955 0.0508137 0.0560451
5 0.879161 0.0874759 0.142553 0.174189 0.055436
2 0.659806 0.187811 0.0722047 0.0604852 0.0547075
2 0.865217 0.181198 0.0365646 0.0817493 0.0546579
2 0.939125 0.115336 0.0210365 0.0200651 0.0540058
0 0.0736955 0.313509 0.0196565 0.0675512 0.0538222
2 0.63478 0.216482 0.0602141 0.0621911 0.0535523
2 0.878028 0.134576 0.065276 0.0822907 0.052728
5 0.886503 0.0860601 0.098241 0.162154 0.0526436
5 0.859438 0.08565 0.176655 0.1713 0.0522389
5 0.869758 0.0864557 0.13721 0.170954 0.0518784
0 0.423972 0.217724 0.0241748 0.0536325 0.0507319
0 0.984621 0.133739 0.0302141 0.0648147 0.049865
2 0.837656 0.173313 0.0779226 0.0834871 0.0491234
0 0.0478499 0.311616 0.0235348 0.0898024 0.0487673
2 0.171873 0.335679 0.0548147 0.0627841 0.0481215
7 0.877676 0.133491 0.067297 0.0834303 0.0468076
0 0.134513 0.275017 0.021675 0.0795458 0.0465999
2 0.869326 0.249608 0.0488148 0.0615383 0.0444511
2 0.227877 0.88716 0.453647 0.224931 0.0432678
2 0.634115 0.218059 0.059309 0.0568512 0.0429714
0 0.955244 0.15255 0.0244646 0.0741671 0.0429281
0 0.857574 0.180892 0.0232756 0.0796043 0.0427803
2 0.167759 0.336136 0.0470304 0.05809 0.0426001
9 0.459659 0.0646697 0.0148726 0.0278129 0.0424565
2 0.175037 0.337073 0.0538822 0.0606378 0.0422731
7 0.877801 0.13408 0.0643898 0.0784067 0.0418745
2 0.656344 0.200951 0.0980879 0.0916115 0.0415564
2 0.837948 0.181054 0.0757769 0.0878946 0.0413128
2 0.222624 0.804687 0.444862 0.390626 0.0411809
0 0.0884553 0.303191 0.0244495 0.0637435 0.0408515
0 0.987264 0.142318 0.02481 0.0477154 0.0408436
2 0.186069 0.322429 0.0820806 0.0911313 0.0407059
0 0.0782443 0.278825 0.0174501 0.0531713 0.0404284
5 0.882044 0.0857779 0.137122 0.170144 0.0402346
2 0.166199 0.334266 0.0483386 0.0615825 0.0400928
9 0.463744 0.060846 0.0139069 0.0226794 0.0395745
2 0.184916 0.325262 0.0812165 0.0843677 0.0394646
2 0.211912 0.895961 0.18248 0.207031 0.0392737
2 0.866164 0.250757 0.0428547 0.0622652 0.0392727
5 0.843072 0.0828177 0.209136 0.165423 0.0390709
5 0.763845 0.06357 0.0466249 0.0601036 0.0388636
2 0.941321 0.106488 0.0308325 0.0396377 0.0379206
2 0.83892 0.263455 0.0878048 0.0649182 0.0376742
2 0.868156 0.248137 0.046471 0.0616124 0.0372283
2 0.837642 0.174331 0.0737621 0.0795692 0.036655
2 0.218801 0.803823 0.437126 0.389311 0.0364952
2 0.842063 0.257954 0.0972836 0.0830448 0.0354563
5 0.86153 0.128442 0.102663 0.0905027 0.0348679
5 0.866974 0.108608 0.0927528 0.131212 0.0347981
0 0.182181 0.296186 0.0160358 0.025453 0.0344745
2 0.845196 0.254396 0.0991642 0.0775085 0.0343081
2 0.836834 0.259147 0.105934 0.0874033 0.0340783
2 0.63482 0.216988 0.0604368 0.0607057 0.0340107
0 0.876811 0.487363 0.0347548 0.0625479 0.033971
5 0.87771 0.130219 0.0624956 0.0697019 0.0332828
0 0.134917 0.283815 0.0249 0.0972158 0.0329318
2 0.180635 0.336609 0.0680319 0.0624686 0.032826
2 0.838804 0.162545 0.0789505 0.0683726 0.0327226
5 0.842571 0.0936141 0.159789 0.184166 0.0327113
2 0.875282 0.133893 0.0733805 0.0832746 0.0327078
0 0.988153 0.130296 0.0229187 0.06269 0.0325368
2 0.170735 0.338117 0.0458435 0.0574422 0.0324838
0 0.0451623 0.320177 0.0262687 0.078969 0.0323862
0 0.171905 0.329364 0.0511842 0.0736432 0.0322966
2 0.665091 0.17378 0.063338 0.0367489 0.0322667
2 0.866118 0.250106 0.0430458 0.0647537 0.032241
5 0.949694 0.0932485 0.0440121 0.0604846 0.0318739
2 0.191731 0.321509 0.0942768 0.103229 0.0315544
2 0.672466 0.172765 0.0544264 0.0400097 0.0315334
0 0.075914 0.294139 0.0195107 0.0736236 0.0312952
2 0.22413 0.8789 0.447206 0.240335 0.0311468
2 0.845134 0.252226 0.0977057 0.083337 0.0306436
0 0.133555 0.278466 0.0212645 0.0773912 0.0306096
2 0.862844 0.18032 0.0353851 0.0832749 0.0305005
2 0.842647 0.249047 0.0865928 0.0650765 0.0304863
2 0.837449 0.18894 0.073708 0.0786932 0.0304693
0 0.197769 0.291024 0.0269773 0.0411696 0.0304546
2 0.118758 0.88523 0.237516 0.22954 0.0301727
0 0.857482 0.192173 0.0211868 0.0577252 0.0298593
2 0.866154 0.248198 0.0418995 0.0625108 0.0298043
2 0.983605 0.0996616 0.0314354 0.0475791 0.0295384
2 0.105303 0.887356 0.210607 0.223861 0.0293329
0 0.983936 0.133303 0.0309227 0.0571424 0.0290244
0 0.984696 0.115584 0.0295977 0.0754061 0.0288092
2 0.684862 0.183402 0.042639 0.0521684 0.0287942
2 0.189317 0.317782 0.0852437 0.0997367 0.0285987
0 0.0369621 0.315271 0.0167899 0.0827695 0.0285904
0 0.0987242 0.307358 0.0205196 0.0620172 0.02848
0 0.947623 0.132975 0.0227522 0.0448225 0.0284638
0 0.969523 0.143423 0.0179802 0.052529 0.0283623
2 0.104035 0.803633 0.207702 0.389057 0.028293
2 0.697888 0.0770484 0.0181688 0.0186183 0.0282926
0 0.0364134 0.318348 0.0170347 0.0783098 0.0280363
0 0.13576 0.28146 0.0224191 0.0920599 0.0280059
0 0.513999 0.191364 0.0189862 0.0305662 0.0279879
0 0.20177 0.289268 0.0390757 0.046111 0.0276655
0 0.513875 0.183577 0.0192668 0.0337407 0.0276134
2 0.0955563 0.801052 0.191113 0.384488 0.0275192
5 0.945059 0.0950481 0.0390575 0.0586607 0.0271352
0 0.428808 0.202409 0.0190845 0.0299328 0.0269632
0 0.983415 0.118121 0.0327208 0.0935601 0.0269378
2 0.843167 0.212957 0.0892009 0.158336 0.0268945
0 0.496067 0.192047 0.0163403 0.0327167 0.0265918
2 0.838161 0.191804 0.0753025 0.0750591 0.0263854
0 0.0499255 0.316156 0.0220501 0.0786803 0.026334
0 0.955507 0.153479 0.0308165 0.0889402 0.0263142
0 0.987365 0.123268 0.0245398 0.0779304 0.0261393
2 0.634519 0.216936 0.0589169 0.060936 0.0260507
0 0.49284 0.181762 0.0171452 0.0414451 0.0258196
0 0.0516315 0.309476 0.0299165 0.0896569 0.0254858
9 0.448294 0.0717734 0.0159319 0.0216357 0.0254214
5 0.885942 0.100917 0.0862797 0.140003 0.0253002
0 0.0911677 0.205234 0.0208541 0.0755758 0.0252983
