5 0.880458 0.389239 0.23798 0.552352 0.845285
5 0.879779 0.395545 0.239869 0.572685 0.842962
5 0.881141 0.391612 0.23712 0.561718 0.827223
5 0.880916 0.38923 0.237757 0.555416 0.804189
5 0.879843 0.393733 0.239105 0.566422 0.791967
5 0.88054 0.387674 0.237663 0.552069 0.786094
2 0.704885 0.742695 0.179436 0.436291 0.783437
5 0.879878 0.394192 0.239449 0.565943 0.780721
5 0.881445 0.390867 0.236007 0.560342 0.756945
2 0.705071 0.741062 0.178671 0.434077 0.749573
2 0.736974 0.0702521 0.0956759 0.0667094 0.727061
2 0.737439 0.0706882 0.0967333 0.0659346 0.723869
2 0.736997 0.0706028 0.0961191 0.0666173 0.723771
2 0.736898 0.0703164 0.0957912 0.0667229 0.720794
2 0.0651071 0.465821 0.129948 0.138138 0.715076
2 0.704617 0.741512 0.179339 0.434759 0.714478
2 0.0651498 0.463267 0.13002 0.132406 0.702453
2 0.737524 0.0706881 0.0957535 0.0660404 0.701275
2 0.0650243 0.460795 0.129315 0.127442 0.692673
2 0.705264 0.740922 0.179713 0.436481 0.691761
2 0.0654546 0.460829 0.130909 0.126592 0.681805
2 0.0648598 0.460588 0.12871 0.12654 0.674505
2 0.737578 0.0710699 0.0951357 0.0653528 0.672353
2 0.737659 0.0708668 0.0948814 0.0645077 0.670922
2 0.0649338 0.462097 0.129607 0.130111 0.662704
2 0.705465 0.742795 0.179187 0.436485 0.661072
5 0.882115 0.39247 0.235386 0.563754 0.658253
2 0.737361 0.0707329 0.0960073 0.0664031 0.657158
5 0.881692 0.381825 0.235668 0.542108 0.65461
2 0.704973 0.740722 0.179154 0.436648 0.617954
2 0.704615 0.742852 0.179916 0.436645 0.613761
2 0.945066 0.0757597 0.106808 0.0593908 0.611727
2 0.94524 0.0760651 0.106919 0.059757 0.605801
2 0.0643533 0.46195 0.128707 0.129444 0.559789
2 0.0643155 0.46199 0.128343 0.131618 0.552563
2 0.0919138 0.136769 0.0848319 0.0709248 0.551018
2 0.0919778 0.137136 0.0847189 0.0698734 0.53433
2 0.945094 0.0771725 0.106757 0.0609756 0.527304
2 0.94503 0.0772118 0.106788 0.060699 0.519903
2 0.0921487 0.137077 0.0849595 0.0696999 0.502085
2 0.0923324 0.136924 0.0849199 0.0693898 0.500252
2 0.704809 0.741044 0.180425 0.435546 0.49901
2 0.092123 0.136969 0.0853823 0.070462 0.482227
2 0.0920959 0.137146 0.0853464 0.0699714 0.470926
2 0.737432 0.0709883 0.094712 0.0651848 0.44974
2 0.705203 0.741565 0.180168 0.436951 0.431009
2 0.092252 0.137205 0.08533 0.0703188 0.430466
2 0.628016 0.335058 0.0944946 0.141985 0.410558
2 0.628093 0.335059 0.0940868 0.142598 0.40577
5 0.745563 0.328461 0.115205 0.151218 0.391827
2 0.627944 0.335293 0.094121 0.14192 0.366226
2 0.0923848 0.13735 0.0862665 0.071595 0.361065
2 0.0937096 0.137064 0.0820653 0.0704884 0.360688
2 0.627683 0.334937 0.0932125 0.142656 0.358041
5 0.745745 0.32783 0.115241 0.15213 0.355398
2 0.0926293 0.13735 0.0864219 0.0698087 0.354915
2 0.0657708 0.473055 0.131542 0.1575 0.349805
2 0.627936 0.334974 0.0929302 0.142331 0.340922
0 0.84099 0.0267852 0.0186954 0.0493567 0.335612
2 0.482288 0.273914 0.0766212 0.127057 0.329194
2 0.628027 0.335453 0.0934153 0.142174 0.318834
2 0.627882 0.334918 0.0933821 0.142904 0.317849
2 0.628181 0.33493 0.0934459 0.143011 0.316331
2 0.945349 0.0788211 0.108225 0.0662624 0.309951
2 0.945191 0.0791221 0.107991 0.0658982 0.30619
5 0.745347 0.328443 0.115409 0.150245 0.294255
2 0.482402 0.273887 0.0771164 0.126665 0.293334
2 0.627933 0.33556 0.0939958 0.14227 0.291601
5 0.745198 0.329105 0.114666 0.150469 0.289259
5 0.745752 0.327544 0.115084 0.152132 0.285409
2 0.0932638 0.136386 0.0832893 0.0689886 0.262157
0 0.841182 0.0278215 0.0182701 0.0483275 0.258591
2 0.482247 0.273862 0.0777379 0.126302 0.258476
2 0.482326 0.273961 0.0774174 0.126842 0.254952
5 0.745705 0.327844 0.115287 0.153239 0.253791
0 0.84042 0.0249461 0.0196713 0.0497276 0.244118
5 0.745391 0.327701 0.115684 0.152725 0.239148
2 0.92289 0.0756463 0.0639702 0.0594134 0.236009
2 0.922852 0.0758729 0.0635162 0.0589129 0.234445
2 0.944967 0.0809878 0.106911 0.075185 0.231912
39 0.509581 0.965137 0.155275 0.0685892 0.225557
39 0.509649 0.965122 0.154579 0.068742 0.216597
0 0.233498 0.0607231 0.0173046 0.0467377 0.214359
2 0.924107 0.074915 0.0647495 0.0591968 0.211408
0 0.83991 0.0272248 0.0202881 0.0498052 0.208505
2 0.482364 0.273865 0.0765907 0.128663 0.206302
0 0.84011 0.0251814 0.0195869 0.0503627 0.202613
2 0.925468 0.0755456 0.0683968 0.0593486 0.20247
2 0.923353 0.0755643 0.0643587 0.0585202 0.202058
39 0.509836 0.965153 0.155251 0.0686382 0.196169
0 0.841776 0.0292201 0.0174179 0.0471971 0.19391
2 0.733613 0.0709626 0.0875637 0.0649885 0.192015
39 0.508867 0.965338 0.15631 0.0680967 0.184934
39 0.509444 0.964782 0.154532 0.0696941 0.182524
2 0.744628 0.326861 0.112701 0.151802 0.180495
2 0.704879 0.742781 0.179608 0.436692 0.1777
2 0.923021 0.0757286 0.0621508 0.0596784 0.176123
5 0.745791 0.327702 0.114624 0.153206 0.173931
2 0.745398 0.327422 0.115068 0.153661 0.171959
2 0.482318 0.273963 0.0771099 0.128036 0.16658
39 0.509248 0.964961 0.155518 0.0694214 0.164542
39 0.509501 0.964883 0.155099 0.0694275 0.164281
0 0.990157 0.058402 0.0188164 0.106463 0.1607
39 0.50988 0.965044 0.15568 0.0692533 0.157642
39 0.508739 0.965379 0.153878 0.0680019 0.156285
39 0.509156 0.965036 0.156094 0.0693584 0.153852
0 0.992204 0.0613771 0.0147823 0.105069 0.152141
0 0.838976 0.0262562 0.0227974 0.0493418 0.150499
0 0.585323 0.0137508 0.0195101 0.0275015 0.149264
0 0.585479 0.01377 0.0205256 0.0269663 0.149227
0 0.585268 0.0130422 0.0206331 0.0260843 0.139629
0 0.233683 0.0615139 0.0172231 0.0471517 0.138671
2 0.482024 0.273152 0.0781019 0.125022 0.134995
0 0.838241 0.0271705 0.0243221 0.0480037 0.134381
2 0.482234 0.273279 0.076856 0.126216 0.133659
0 0.58607 0.0137716 0.0209789 0.0275432 0.133079
0 0.347607 0.229032 0.0209682 0.0594517 0.130065
0 0.0561701 0.193314 0.0310223 0.0908992 0.126835
2 0.0932908 0.135694 0.0803713 0.0691026 0.125091
2 0.0105625 0.419335 0.0210672 0.0446174 0.124313
0 0.0536956 0.198594 0.03612 0.0806603 0.122755
2 0.0114413 0.417361 0.0228661 0.0431766 0.122355
0 0.0878472 0.0526113 0.0150931 0.0409742 0.120217
0 0.989771 0.0574484 0.019836 0.10133 0.119836
2 0.094965 0.134572 0.0762127 0.0637663 0.1167
2 0.227117 0.203849 0.0271002 0.0941419 0.113655
2 0.0113229 0.419344 0.0226153 0.0459699 0.113352
7 0.482321 0.273427 0.0791965 0.126818 0.113073
0 0.319571 0.0897597 0.0181271 0.0492217 0.110934
0 0.233569 0.0629451 0.0180593 0.0490677 0.103545
2 0.0103547 0.421456 0.0205949 0.0487532 0.10185
0 0.0873091 0.0531131 0.0164372 0.0421125 0.101332
0 0.0871199 0.0530909 0.0169081 0.0427147 0.100271
2 0.946463 0.0810624 0.103445 0.0840435 0.0990356
0 0.348238 0.238455 0.0217583 0.0401217 0.0981851
0 0.307095 0.094259 0.0149614 0.054302 0.0977957
0 0.802126 0.0191297 0.0142204 0.0374124 0.0967293
2 0.947824 0.0785053 0.101593 0.0772192 0.0965916
0 0.802063 0.0189955 0.0147956 0.0366728 0.0945154
0 0.0870705 0.0535978 0.0173286 0.0433873 0.0939247
28 0.487173 0.447636 0.115052 0.235126 0.0930687
0 0.586263 0.013957 0.0222307 0.0274141 0.091768
0 0.993685 0.0802194 0.0119917 0.0622831 0.0912636
2 0.0111604 0.420129 0.0222956 0.0469834 0.089924
2 0.0104419 0.416878 0.0208556 0.0415895 0.0867268
0 0.0520732 0.195417 0.0413867 0.0989699 0.086575
9 0.129541 0.0092735 0.0209069 0.018547 0.0861762
28 0.486492 0.445579 0.115461 0.232377 0.0856133
0 0.317795 0.0871321 0.0175667 0.0466083 0.0841574
0 0.0300407 0.213741 0.0324286 0.0768487 0.08306
2 0.740938 0.00689012 0.0296471 0.0137758 0.0815983
28 0.486257 0.444791 0.114444 0.228275 0.0814157
0 0.0874235 0.053464 0.017194 0.043094 0.0811633
0 0.972442 0.0777876 0.0423971 0.0950196 0.0798435
2 0.227152 0.20452 0.0270155 0.095394 0.0795888
2 0.064942 0.472434 0.129574 0.152601 0.0795124
0 0.994057 0.0829646 0.0112921 0.0553865 0.079176
0 0.226851 0.204328 0.024858 0.0934368 0.0776877
0 0.99383 0.0819769 0.0117283 0.0580412 0.0765556
0 0.990006 0.0326449 0.0194237 0.053617 0.0759174
0 0.310211 0.0914965 0.0154052 0.053069 0.0752952
2 0.0917567 0.137219 0.083913 0.0723112 0.0744668
0 0.226779 0.204979 0.0252052 0.0905235 0.0744247
0 0.970233 0.0676163 0.0422123 0.0969795 0.0735568
0 0.801852 0.0190148 0.0157213 0.0378555 0.0727242
9 0.131118 0.0115891 0.0254102 0.0230154 0.0720163
0 0.227331 0.204034 0.0281184 0.0934421 0.0719325
0 0.0559865 0.191054 0.0299485 0.0899605 0.0717089
2 0.480247 0.24289 0.0607468 0.0634675 0.0692899
2 0.925373 0.0752714 0.0610128 0.0597636 0.0691023
0 0.319309 0.0957289 0.0212572 0.0567216 0.0688384
0 0.233218 0.0597773 0.0165849 0.0464129 0.0686455
0 0.6742 0.0166997 0.0129257 0.0250567 0.0669436
2 0.0741302 0.152242 0.0491454 0.0389014 0.0668999
0 0.839008 0.024306 0.0217896 0.0482582 0.066514
0 0.0879209 0.0527453 0.0160633 0.0420813 0.0658551
0 0.226549 0.203736 0.026075 0.0935158 0.0656218
0 0.837949 0.0294699 0.024369 0.0449708 0.0652009
0 0.97131 0.0719628 0.0454361 0.104597 0.0639362
0 0.971136 0.0709631 0.0450464 0.103901 0.0637582
2 0.164132 0.659306 0.171407 0.0959763 0.0634983
0 0.227002 0.205256 0.0249321 0.0896026 0.0628711
2 0.0796122 0.144006 0.0602336 0.0574809 0.0626407
0 0.086567 0.052922 0.0191319 0.0437829 0.0625312
0 0.86536 0.0210603 0.0111496 0.0309666 0.0624616
0 0.227 0.204207 0.025363 0.0917906 0.0603125
2 0.0118062 0.423922 0.0235249 0.0553803 0.0597007
0 0.226512 0.210026 0.0247177 0.0803972 0.0596702
0 0.0510464 0.1936 0.0400125 0.0979043 0.0592492
0 0.226954 0.209367 0.0247821 0.0815709 0.0588744
0 0.0320974 0.0834926 0.0172632 0.035814 0.0577778
0 0.309547 0.0960756 0.0231232 0.0581818 0.0576305
2 0.743053 0.293403 0.0857046 0.0743238 0.0576008
0 0.0288759 0.207576 0.0209196 0.0633404 0.0570894
28 0.486448 0.44694 0.114924 0.235006 0.0570199
0 0.317689 0.082225 0.0148891 0.0382356 0.0568876
28 0.486725 0.444551 0.114338 0.229945 0.0567912
0 0.866295 0.0208881 0.0124269 0.0303904 0.0565698
2 0.0742893 0.152764 0.0492955 0.038606 0.0558916
28 0.486347 0.444519 0.113096 0.227858 0.055575
2 0.946419 0.0765403 0.106652 0.0860336 0.0553127
28 0.48723 0.448511 0.114717 0.237298 0.0550825
0 0.0322651 0.0847856 0.0190693 0.0401358 0.0546224
2 0.0724414 0.150857 0.0470176 0.0426905 0.0545611
0 0.348696 0.239253 0.0240982 0.040302 0.0545065
0 0.0864142 0.0541653 0.0183069 0.0437951 0.0537302
2 0.164333 0.660215 0.170852 0.0977068 0.0535775
0 0.0569887 0.199736 0.0315878 0.0751527 0.0533152
2 0.0737399 0.152769 0.0489291 0.0407856 0.0529383
9 0.127929 0.00941818 0.023315 0.0188364 0.0528396
2 0.162899 0.660123 0.173331 0.0976156 0.0519464
0 0.057602 0.191859 0.0310766 0.0898724 0.0514333
0 0.226664 0.203549 0.0257339 0.0920211 0.051178
0 0.954902 0.064657 0.0896633 0.104972 0.0508165
0 0.989369 0.0607913 0.0207359 0.10891 0.0507544
0 0.03142 0.215109 0.037398 0.0774981 0.0502048
2 0.163995 0.659644 0.170584 0.0950104 0.0501892
0 0.348696 0.231891 0.0240777 0.0547852 0.0494742
0 0.0291033 0.215675 0.0341596 0.0789203 0.0493434
2 0.165008 0.659796 0.171986 0.097733 0.048629
2 0.12505 0.661872 0.249397 0.098348 0.0479721
0 0.0322142 0.0820598 0.0174446 0.0360909 0.0470607
0 0.0264684 0.217051 0.0294273 0.0806782 0.0461477
0 0.957499 0.0869412 0.0171448 0.0744736 0.0457336
2 0.164555 0.658686 0.172402 0.0968494 0.0448887
0 0.799622 0.018811 0.0168767 0.0374721 0.0446049
0 0.990206 0.0297449 0.0188091 0.0520109 0.0436539
28 0.486 0.445067 0.113819 0.228541 0.0434853
0 0.79995 0.0188485 0.0178907 0.0375506 0.0434564
0 0.347 0.213624 0.0220466 0.0887808 0.0432824
2 0.0965965 0.412468 0.0643464 0.0674052 0.043217
0 0.0260828 0.215351 0.027363 0.0763475 0.0424736
5 0.486489 0.385837 0.115673 0.359266 0.0424133
0 0.347378 0.213341 0.0224957 0.0882574 0.0423278
2 0.0928002 0.415913 0.0585 0.066643 0.042282
0 0.974488 0.0886262 0.034127 0.07306 0.0414913
2 0.163857 0.659293 0.173613 0.0976635 0.0414602
2 0.744157 0.293208 0.0849468 0.0787264 0.0408528
2 0.738372 0.00689643 0.0311172 0.0137393 0.0408387
0 0.788039 0.0116946 0.0112267 0.0233891 0.0408303
0 0.0312699 0.216281 0.0378791 0.0791977 0.0408171
2 0.103282 0.684374 0.0474238 0.045763 0.0403137
0 0.346092 0.213793 0.0200708 0.0891349 0.0401573
2 0.225173 0.203012 0.0296225 0.0937788 0.0401192
39 0.50868 0.965166 0.156692 0.0691818 0.0400452
7 0.884395 0.176018 0.224532 0.126258 0.0398625
39 0.509152 0.96496 0.155207 0.0696093 0.0396332
2 0.0754248 0.154222 0.0516656 0.0390796 0.0394444
2 0.0968718 0.417955 0.0664998 0.0750424 0.0388107
2 0.0902074 0.410496 0.0530492 0.0703958 0.0387912
0 0.820249 0.201078 0.0136986 0.028093 0.0386485
0 0.972047 0.072856 0.041436 0.0945009 0.0379656
2 0.480364 0.242294 0.0595484 0.0632349 0.037675
2 0.10318 0.684264 0.0474492 0.0447636 0.0375857
2 0.0741431 0.154744 0.0516705 0.0413451 0.0373074
5 0.884843 0.174658 0.22349 0.12557 0.0372869
2 0.63899 0.00430711 0.0309366 0.00857686 0.0368046
2 0.0107515 0.441696 0.021423 0.0895922 0.0363451
0 0.957526 0.0863352 0.0179596 0.0734138 0.0360192
2 0.480109 0.242889 0.0606181 0.0637169 0.0356643
0 0.0876876 0.403556 0.0443607 0.0556265 0.0356422
0 0.0865135 0.402361 0.0430151 0.0538768 0.0355884
0 0.971425 0.0697361 0.0523994 0.0918757 0.0353701
0 0.313343 0.0883228 0.0197805 0.0514205 0.0353617
2 0.479894 0.242872 0.0593786 0.062941 0.0351576
2 0.0916955 0.136659 0.0852993 0.0712602 0.0341617
2 0.0411305 0.201756 0.05896 0.0980674 0.0340628
0 0.0234759 0.202548 0.0215127 0.0501906 0.0335733
28 0.487227 0.445482 0.114734 0.228812 0.0335463
2 0.479976 0.243038 0.0601072 0.0629558 0.0333952
0 0.820046 0.199284 0.0135002 0.0314041 0.0327289
7 0.882972 0.174788 0.227223 0.12572 0.0322117
7 0.481908 0.273182 0.0800895 0.126788 0.0320818
2 0.0204423 0.114114 0.0408216 0.0431916 0.0320571
2 0.480789 0.242677 0.0591587 0.0638917 0.0319485
2 0.738545 0.268692 0.0431032 0.035115 0.0318606
0 0.327958 0.0958697 0.0108748 0.0225727 0.0316763
0 0.347388 0.213484 0.024622 0.0902029 0.0309974
0 0.799179 0.0184584 0.0179104 0.0369167 0.0308027
0 0.347398 0.212982 0.0246897 0.088165 0.0307698
2 0.0931712 0.138072 0.080717 0.0658846 0.0306473
0 0.0438567 0.204698 0.0575047 0.0823445 0.0304689
0 0.972665 0.0821542 0.0397553 0.0804312 0.0303427
2 0.163266 0.66072 0.169932 0.0936266 0.0300813
0 0.748826 0.00719204 0.0218716 0.0143042 0.0300196
0 0.234105 0.0625243 0.0164089 0.0504266 0.0292937
0 0.970713 0.0743362 0.0438272 0.0928024 0.0290655
2 0.922428 0.0754706 0.0631836 0.0586928 0.0288196
0 0.409083 0.182929 0.0199569 0.0849853 0.0287312
2 0.0882707 0.406663 0.0472404 0.0620929 0.0284392
5 0.486312 0.387195 0.11256 0.360842 0.028434
0 0.782747 0.00845214 0.012373 0.0168406 0.0273897
0 0.675898 0.0172364 0.0136248 0.0263864 0.0272395
0 0.970387 0.0334064 0.0195698 0.0321582 0.0271824
2 0.48112 0.241687 0.0577845 0.0618434 0.0269695
0 0.348687 0.239662 0.0231006 0.0406788 0.0265214
0 0.682915 0.170605 0.015132 0.0471649 0.0264939
0 0.974645 0.0836163 0.0364166 0.0796974 0.0264589
0 0.68258 0.171652 0.015394 0.0471509 0.0263509
2 0.0915871 0.412027 0.0549251 0.0716899 0.026191
