2 0.703772 0.354828 0.171069 0.113535 0.889311
2 0.703108 0.354875 0.171817 0.114002 0.87653
2 0.703037 0.354421 0.171673 0.114387 0.869746
2 0.703059 0.354605 0.170604 0.11442 0.862213
2 0.703174 0.354925 0.171116 0.114107 0.857443
2 0.703067 0.354511 0.17131 0.114353 0.855759
2 0.494409 0.342983 0.156734 0.10557 0.851921
2 0.703252 0.35482 0.171041 0.11418 0.844029
2 0.494586 0.342973 0.157528 0.105736 0.84108
2 0.70287 0.354876 0.171135 0.114363 0.838493
2 0.703021 0.354637 0.1717 0.114065 0.835224
2 0.494713 0.342575 0.156469 0.104445 0.815249
2 0.494552 0.34275 0.156454 0.105316 0.812123
2 0.791133 0.771048 0.289583 0.272303 0.807795
2 0.494248 0.342856 0.157774 0.105325 0.795323
2 0.494405 0.343366 0.156906 0.104884 0.793264
2 0.494442 0.343175 0.157371 0.10478 0.792871
2 0.402528 0.469891 0.205585 0.144034 0.767487
2 0.791708 0.770362 0.28958 0.271534 0.762635
2 0.494943 0.343273 0.156925 0.105868 0.753247
2 0.791159 0.770195 0.288739 0.271374 0.747491
2 0.702769 0.354557 0.169998 0.114844 0.744538
2 0.792022 0.76997 0.288945 0.27148 0.737319
2 0.494795 0.342849 0.157084 0.105193 0.732068
2 0.791079 0.770817 0.288994 0.272824 0.721363
2 0.79143 0.77049 0.288739 0.272497 0.704527
2 0.792077 0.77099 0.28874 0.272546 0.698779
2 0.403388 0.468143 0.207008 0.142243 0.696688
2 0.791975 0.770532 0.289054 0.271626 0.689651
2 0.791643 0.770577 0.288955 0.272875 0.678828
2 0.403175 0.468398 0.20704 0.143191 0.666798
2 0.402893 0.470335 0.206947 0.143752 0.645737
2 0.402608 0.469729 0.206166 0.141959 0.630568
2 0.402562 0.469357 0.207351 0.144004 0.628705
2 0.494582 0.343323 0.15701 0.104879 0.594708
2 0.402141 0.470621 0.207341 0.14452 0.591784
2 0.7923 0.770323 0.288673 0.272588 0.578628
2 0.403197 0.469427 0.20658 0.140524 0.555764
2 0.401944 0.470919 0.208106 0.141566 0.476981
2 0.703429 0.354444 0.171434 0.112746 0.47031
2 0.402751 0.467686 0.206074 0.143956 0.131643
9 0.189647 0.60047 0.0229999 0.0399689 0.0431206
0 0.188136 0.601117 0.0262153 0.0412108 0.0318201
2 0.797056 0.723511 0.27142 0.176348 0.0285078
9 0.187936 0.601647 0.0268995 0.0426752 0.0275124
9 0.189022 0.600807 0.0246848 0.0401266 0.0215071
2 0.494499 0.343202 0.157088 0.105861 0.0213432
9 0.187928 0.601861 0.0270379 0.0419261 0.0203474
0 0.189555 0.601237 0.0250222 0.0440731 0.0198361
0 0.189708 0.59915 0.0236934 0.040316 0.0161918
2 0.494512 0.342696 0.15664 0.104108 0.0157653
9 0.187826 0.601716 0.0269733 0.0417518 0.0144257
2 0.785497 0.721298 0.268534 0.172485 0.0108103
36 0.949103 0.949672 0.101269 0.100323 0.0104832
0 0.188917 0.600749 0.0255621 0.0431201 0.00993028
36 0.949071 0.949735 0.101327 0.100185 0.00912411
36 0.949499 0.949865 0.100012 0.0997847 0.00769551
36 0.949259 0.949897 0.099942 0.0997368 0.00629187
2 0.460484 0.49379 0.025532 0.0354092 0.00577551
0 0.188154 0.613112 0.0273044 0.0666553 0.00547868
2 0.402419 0.406243 0.0462686 0.0287583 0.00521527
0 0.493558 0.325283 0.0249575 0.0244041 0.00509133
0 0.993848 0.677115 0.0116507 0.0922901 0.00501498
2 0.78314 0.713269 0.241482 0.154608 0.00498457
36 0.949155 0.950005 0.0999123 0.0994186 0.00491003
2 0.411714 0.409903 0.0804724 0.0354526 0.00485099
0 0.994995 0.677631 0.00930901 0.0694387 0.00476434
0 0.993449 0.684079 0.0123825 0.0874777 0.00475967
2 0.461122 0.496478 0.0259741 0.0292883 0.00470223
0 0.403682 0.406841 0.0502566 0.0291347 0.00423089
2 0.776157 0.712818 0.245195 0.156279 0.00422315
34 0.948951 0.949756 0.100008 0.0993734 0.00409776
0 0.187937 0.600104 0.0287375 0.0428001 0.00382982
0 0.995667 0.661245 0.00785427 0.0255695 0.00336893
0 0.405219 0.405587 0.0440406 0.0296679 0.00333487
2 0.787575 0.820324 0.264749 0.168205 0.00326632
36 0.949639 0.949906 0.100283 0.099369 0.00314664
0 0.718404 0.336887 0.0204608 0.023601 0.00300052
2 0.413773 0.410927 0.0866543 0.0383217 0.00275375
36 0.949347 0.949573 0.100226 0.0998241 0.00270884
2 0.403259 0.409401 0.0621727 0.0338983 0.0026418
9 0.183417 0.602628 0.0363521 0.043081 0.00259707
2 0.77997 0.716024 0.255774 0.162282 0.00253824
2 0.404499 0.404933 0.0433209 0.0254372 0.0024794
0 0.497739 0.31708 0.0613309 0.040959 0.00242544
2 0.461497 0.49482 0.0279758 0.0338086 0.00229774
2 0.773217 0.712569 0.240874 0.156087 0.00224582
2 0.40012 0.41016 0.0583483 0.0364038 0.00212528
0 0.461646 0.493014 0.0281294 0.037781 0.0020738
0 0.708319 0.33955 0.0200483 0.0213739 0.00205855
34 0.949007 0.950162 0.0999138 0.0991329 0.00203154
0 0.692839 0.822771 0.0871462 0.101058 0.00190128
58 0.60474 0.480502 0.0774311 0.11961 0.00184829
36 0.94939 0.949608 0.100291 0.0996075 0.00179592
2 0.901618 0.744762 0.0698128 0.0489213 0.00172114
0 0.991647 0.681159 0.0163631 0.106395 0.00166209
2 0.794806 0.817629 0.259328 0.17285 0.00162625
0 0.723628 0.335527 0.0274833 0.0251306 0.00161718
2 0.427577 0.461315 0.162082 0.101558 0.00161002
0 0.991724 0.668671 0.0161901 0.118329 0.00159794
2 0.795869 0.713447 0.274781 0.15274 0.00153041
58 0.60598 0.48042 0.0868828 0.118968 0.00151983
2 0.901684 0.743682 0.0694897 0.0488588 0.00141539
2 0.7667 0.710347 0.227306 0.150687 0.00141056
2 0.774325 0.712975 0.243492 0.155362 0.00140005
0 0.694599 0.823121 0.0844044 0.0983235 0.00135116
0 0.706898 0.835103 0.0586807 0.0733543 0.00130965
0 0.728925 0.33237 0.0303124 0.0216432 0.0012569
0 0.467495 0.318573 0.0272366 0.0320855 0.00125344
2 0.782007 0.82424 0.259914 0.160176 0.00124362
2 0.680802 0.798442 0.0615798 0.0475229 0.00121575
0 0.703803 0.83647 0.0668381 0.0791397 0.00120722
0 0.995275 0.646097 0.0087492 0.0672507 0.00120574
0 0.709834 0.84416 0.0756538 0.0969479 0.00120151
2 0.680717 0.798605 0.0617043 0.0485506 0.00116805
2 0.899101 0.744995 0.0745987 0.051782 0.00116312
0 0.700256 0.827444 0.0722736 0.066905 0.00115712
0 0.405524 0.403876 0.0399169 0.0261276 0.00115583
0 0.693146 0.813178 0.0883843 0.0840877 0.00115271
2 0.689842 0.816707 0.0811287 0.0868992 0.00114296
0 0.714345 0.825274 0.0442066 0.0516354 0.00112723
2 0.432659 0.44209 0.146206 0.0652097 0.00111912
58 0.602767 0.482152 0.0778214 0.123872 0.00111759
0 0.713923 0.825727 0.0464993 0.053809 0.00111336
0 0.484148 0.321927 0.0388456 0.0326166 0.0011098
9 0.18313 0.602707 0.0360951 0.0434744 0.00110458
36 0.950186 0.950618 0.0979462 0.0977375 0.00109175
0 0.994548 0.612018 0.0102388 0.137859 0.00108828
0 0.494976 0.316398 0.0662815 0.0424417 0.00106592
0 0.993686 0.688421 0.0118637 0.0774176 0.0010438
58 0.604937 0.481661 0.0840631 0.118521 0.00102536
