2 0.385201 0.598136 0.117165 0.094517 0.895815
2 0.384972 0.598358 0.117069 0.0947195 0.876325
2 0.385421 0.598425 0.1177 0.094854 0.867383
2 0.385221 0.598304 0.117585 0.0942946 0.862854
2 0.385217 0.598171 0.117398 0.0949694 0.861658
5 0.891358 0.479972 0.183871 0.141447 0.855828
2 0.385046 0.598134 0.117264 0.094862 0.85043
5 0.0851268 0.534108 0.169995 0.189266 0.842128
5 0.0851242 0.534019 0.16999 0.1886 0.838303
2 0.385008 0.59867 0.116873 0.0946489 0.836211
2 0.385224 0.598195 0.117823 0.0950558 0.835287
5 0.0855313 0.533775 0.17066 0.189178 0.830819
5 0.891165 0.479112 0.184142 0.142615 0.82487
5 0.891443 0.478244 0.185606 0.143833 0.823937
5 0.0851738 0.534231 0.170348 0.189504 0.82323
5 0.0854227 0.533943 0.170484 0.188832 0.816646
5 0.0850492 0.534159 0.170098 0.189049 0.812467
2 0.385315 0.598462 0.11782 0.0959951 0.810152
5 0.0855587 0.533924 0.171117 0.18973 0.806205
5 0.890815 0.476789 0.185108 0.145641 0.794562
5 0.0855095 0.534163 0.170474 0.189441 0.789385
5 0.0851933 0.533001 0.170075 0.188499 0.788953
5 0.890935 0.477059 0.185427 0.144897 0.786293
5 0.89129 0.479101 0.184831 0.141826 0.784954
5 0.891082 0.478542 0.184591 0.143233 0.773194
5 0.891217 0.477742 0.1845 0.144433 0.773183
2 0.0542756 0.70947 0.10825 0.126348 0.737782
2 0.385524 0.598179 0.117629 0.0955348 0.73673
2 0.0540165 0.70992 0.107797 0.125679 0.718732
2 0.241263 0.490735 0.109254 0.0718642 0.715103
2 0.241551 0.490939 0.109026 0.073167 0.712142
2 0.054192 0.709825 0.108242 0.127008 0.69546
2 0.0541901 0.70934 0.108048 0.127145 0.694273
5 0.891254 0.478326 0.185071 0.143139 0.683531
5 0.891227 0.478036 0.184822 0.142699 0.672446
2 0.0543631 0.709707 0.107994 0.1268 0.669067
2 0.0542482 0.709553 0.108189 0.126254 0.655743
2 0.241631 0.490404 0.108671 0.0716394 0.654144
2 0.0542097 0.709559 0.107945 0.126902 0.638405
2 0.241446 0.490804 0.109113 0.0732599 0.622293
2 0.053902 0.709809 0.107497 0.125898 0.621957
2 0.0540356 0.709504 0.108071 0.127358 0.621506
2 0.156271 0.923942 0.230556 0.151929 0.605484
2 0.4175 0.794388 0.158107 0.141479 0.60053
2 0.241149 0.490993 0.109102 0.0720566 0.593197
2 0.155906 0.923927 0.231598 0.152003 0.591835
2 0.417966 0.794174 0.158682 0.140607 0.588727
2 0.241334 0.490584 0.109275 0.0721911 0.584079
2 0.417971 0.794618 0.159169 0.14152 0.580956
2 0.58699 0.701253 0.121091 0.0937729 0.57606
2 0.053875 0.709733 0.10775 0.126602 0.574894
2 0.156523 0.923521 0.229822 0.152849 0.569634
2 0.15631 0.923619 0.230792 0.152115 0.559297
2 0.156085 0.923779 0.230315 0.151949 0.554998
2 0.239235 0.490134 0.109075 0.0713615 0.544194
2 0.24128 0.490821 0.109608 0.0742908 0.536519
2 0.15601 0.923551 0.229888 0.151963 0.536242
2 0.155974 0.923579 0.229691 0.152045 0.532296
2 0.156088 0.923235 0.230322 0.152765 0.524818
2 0.240979 0.490481 0.109027 0.073131 0.523991
2 0.586965 0.700891 0.121207 0.0933096 0.519455
2 0.241079 0.490974 0.109082 0.0726886 0.516901
2 0.418038 0.79477 0.158772 0.142562 0.507605
2 0.157065 0.923854 0.22704 0.152292 0.498434
2 0.155976 0.924392 0.230797 0.151216 0.486309
2 0.58694 0.700664 0.121381 0.0934748 0.476556
2 0.587492 0.701471 0.122237 0.0945171 0.46719
2 0.587318 0.700911 0.121726 0.0938736 0.447858
2 0.417371 0.795002 0.158034 0.143238 0.435369
2 0.417952 0.794585 0.157299 0.14065 0.405203
0 0.366169 0.483977 0.0272872 0.0655974 0.385483
2 0.418544 0.794883 0.158898 0.144365 0.375626
2 0.586942 0.701214 0.120931 0.0930828 0.372506
2 0.587076 0.701165 0.120793 0.0941481 0.340888
2 0.241701 0.49157 0.110276 0.0749758 0.339463
0 0.368324 0.484998 0.030893 0.0691502 0.329084
2 0.417379 0.794236 0.158409 0.1411 0.32356
2 0.586928 0.70089 0.121634 0.0941774 0.308083
0 0.366466 0.485148 0.0285067 0.068638 0.305874
2 0.156853 0.923283 0.23042 0.152717 0.290972
0 0.368172 0.486498 0.031342 0.0680931 0.290145
2 0.417568 0.795009 0.158256 0.144697 0.28426
11 0.142116 0.415857 0.0126049 0.0260778 0.270069
0 0.366231 0.484965 0.0285693 0.0637262 0.267417
2 0.239555 0.489925 0.10801 0.0719687 0.267144
2 0.546857 0.550627 0.100003 0.0957521 0.237092
2 0.417578 0.79393 0.157797 0.140563 0.237036
2 0.546837 0.550089 0.0990897 0.0965889 0.232853
0 0.368557 0.485203 0.0289304 0.0687176 0.229539
2 0.524997 0.553934 0.0559743 0.0897499 0.222596
0 0.365968 0.482775 0.0281843 0.0631118 0.192415
0 0.36873 0.485143 0.0314135 0.0713034 0.191323
2 0.586973 0.700603 0.120724 0.0928789 0.18827
2 0.0154621 0.454285 0.0306049 0.0182773 0.182875
2 0.418163 0.79491 0.159092 0.142711 0.170572
2 0.524942 0.553159 0.0557507 0.0907464 0.169055
9 0.141661 0.41512 0.0131106 0.0264668 0.159456
2 0.52409 0.552994 0.0556941 0.0919311 0.156712
2 0.545731 0.549224 0.0979392 0.0982316 0.150604
2 0.0919714 0.445525 0.0290288 0.0121839 0.150381
2 0.587088 0.700601 0.120879 0.0938276 0.138787
5 0.0850857 0.533741 0.169557 0.188858 0.133099
0 0.142133 0.42079 0.0147231 0.0375784 0.130778
2 0.525515 0.553722 0.0563014 0.0891828 0.125805
2 0.41783 0.796527 0.155751 0.144132 0.123041
2 0.546535 0.549989 0.0980131 0.0978066 0.110369
2 0.546615 0.550059 0.0988742 0.0981128 0.107986
6 0.655604 0.698656 0.685971 0.375454 0.102029
5 0.891423 0.480551 0.184026 0.138942 0.100538
2 0.0155434 0.454144 0.0307327 0.0199492 0.0955785
0 0.368737 0.486452 0.0325174 0.0719398 0.0943635
9 0.114027 0.364597 0.0130066 0.0225789 0.0931149
5 0.546132 0.549844 0.0991935 0.0989405 0.0889027
5 0.545929 0.549764 0.0988849 0.0988832 0.0883775
1 0.369301 0.501443 0.0317358 0.0426661 0.0865231
0 0.366626 0.479308 0.0233492 0.0562873 0.0831765
0 0.365442 0.490099 0.0268367 0.054361 0.0786119
6 0.651071 0.695808 0.693661 0.388668 0.0738295
0 0.368704 0.486842 0.0329822 0.0716246 0.0698372
0 0.765326 0.445001 0.0191724 0.0517548 0.0677917
6 0.641897 0.719375 0.716207 0.421338 0.0656226
0 0.501705 0.467543 0.0162659 0.0427169 0.063553
0 0.501949 0.467757 0.0157657 0.0428917 0.0630754
2 0.547224 0.549989 0.100549 0.0982858 0.0612743
0 0.75961 0.44448 0.0213861 0.0525408 0.0595369
2 0.0921769 0.445242 0.0286557 0.0132415 0.058627
5 0.545292 0.549742 0.0984646 0.0989578 0.0581629
0 0.501837 0.46707 0.0160444 0.0424229 0.0551574
0 0.369812 0.498526 0.0316617 0.0485786 0.0544334
6 0.660077 0.699671 0.662697 0.351835 0.0540857
9 0.113774 0.363803 0.013461 0.0218261 0.0525662
0 0.0821221 0.52366 0.0224395 0.0541013 0.0472013
0 0.0764276 0.5233 0.0309344 0.0612646 0.0458803
0 0.767212 0.446075 0.0126974 0.0499451 0.045506
0 0.286328 0.497368 0.0242862 0.0713119 0.0449493
0 0.365568 0.481813 0.0259478 0.061405 0.0448464
7 0.544982 0.549195 0.0982587 0.098843 0.0443069
6 0.62836 0.729232 0.74328 0.456699 0.0431389
0 0.0813515 0.522804 0.0239772 0.0566548 0.0423194
0 0.080112 0.525422 0.0273195 0.0540733 0.0412133
0 0.0805935 0.52424 0.0269073 0.0537601 0.0410366
0 0.498992 0.467353 0.014887 0.0419166 0.0403878
0 0.758351 0.445089 0.0175555 0.0520782 0.0400445
0 0.286977 0.501096 0.0243534 0.0652004 0.037392
9 0.142151 0.414525 0.0143048 0.0265456 0.0367095
2 0.418644 0.795161 0.156379 0.143742 0.0365102
7 0.537749 0.433255 0.105107 0.110271 0.0353014
0 0.2609 0.899152 0.0184197 0.0443985 0.0347818
0 0.0766421 0.524543 0.0328446 0.0596771 0.0342501
9 0.114203 0.363437 0.0130669 0.0223798 0.0339056
0 0.894196 0.478656 0.0140242 0.0241194 0.0331582
0 0.499787 0.466598 0.0179493 0.0440924 0.0329841
0 0.87012 0.404157 0.0106075 0.0308257 0.0326573
0 0.498584 0.46915 0.0144784 0.0379147 0.0317793
6 0.66232 0.702722 0.659223 0.349916 0.0305481
0 0.132661 0.517626 0.0222387 0.0326277 0.0302845
0 0.285916 0.507595 0.0239547 0.0516402 0.0290924
7 0.537805 0.43412 0.104161 0.110328 0.0283594
1 0.373281 0.504444 0.0254648 0.0375525 0.0280033
2 0.546012 0.549091 0.0978521 0.0984766 0.0278921
0 0.766729 0.438555 0.0172575 0.0372631 0.0272416
1 0.365932 0.501056 0.0270534 0.0417649 0.0264413
0 0.769649 0.449938 0.0118431 0.0444892 0.0261578
0 0.760856 0.442586 0.022249 0.0496964 0.0258593
0 0.0742439 0.525784 0.0277713 0.052434 0.025688
0 0.00853107 0.622424 0.0170621 0.0690504 0.025344
2 0.0155228 0.452164 0.0309935 0.0229088 0.0250077
6 0.659852 0.708345 0.644273 0.334727 0.0248746
1 0.337203 0.479682 0.0216175 0.0296808 0.0245292
0 0.286282 0.503947 0.0243793 0.0590817 0.0245066
2 0.0101096 0.556931 0.0201307 0.0427956 0.0245009
0 0.263486 0.90029 0.0158429 0.0421362 0.0243105
0 0.106882 0.52591 0.0204018 0.0246759 0.0242948
2 0.00514301 0.617456 0.010286 0.0622431 0.0237017
0 0.0991135 0.522914 0.0202474 0.0421314 0.0235805
0 0.261169 0.897163 0.0186492 0.0426476 0.02337
6 0.655096 0.704977 0.653984 0.350718 0.023197
0 0.762632 0.447955 0.0174772 0.0446054 0.0228774
0 0.0146462 0.629929 0.0242511 0.0412457 0.0226885
0 0.130977 0.516514 0.0256195 0.0359119 0.0223952
0 0.0091888 0.550883 0.0183776 0.0462787 0.0221889
0 0.00652209 0.61806 0.0130168 0.0657846 0.0221745
2 0.0156782 0.451911 0.0311677 0.0241877 0.0218484
0 0.337132 0.477251 0.0156627 0.0345167 0.0217778
0 0.0100774 0.554259 0.0201266 0.0450802 0.0212718
0 0.367063 0.468916 0.0212131 0.0359718 0.0207591
0 0.0145568 0.626654 0.0230826 0.0515238 0.0205725
2 0.525307 0.555136 0.0553473 0.0861689 0.0204698
2 0.434595 0.989811 0.1182 0.0194916 0.0201977
0 0.895443 0.474078 0.0146193 0.0325564 0.0198325
0 0.759161 0.446125 0.019056 0.052161 0.0196764
2 0.0922129 0.445919 0.0322589 0.01293 0.0193737
6 0.750415 0.634623 0.496474 0.228118 0.018898
2 0.58685 0.701338 0.120786 0.0945022 0.0188352
0 0.0725835 0.533144 0.0258091 0.0382787 0.018596
6 0.762149 0.637259 0.473802 0.238499 0.0182613
0 0.014578 0.628703 0.0237198 0.0410844 0.0182434
0 0.0910049 0.528436 0.0275745 0.0470853 0.0181984
0 0.0983634 0.520559 0.0208406 0.0453734 0.0180133
9 0.112458 0.364672 0.0149217 0.0211708 0.0177863
6 0.761325 0.639315 0.474514 0.230809 0.0177595
0 0.108358 0.519497 0.0215105 0.0369886 0.0176836
2 0.430984 0.988713 0.110533 0.0216127 0.0176244
9 0.515121 0.432123 0.0264013 0.046945 0.0173805
0 0.289166 0.486761 0.0181319 0.0378802 0.0167209
9 0.515301 0.434005 0.0266161 0.0442198 0.0165901
0 0.285092 0.48721 0.0244337 0.0529474 0.0165146
0 0.112071 0.520022 0.0190622 0.0330936 0.016437
9 0.518761 0.436661 0.0200247 0.0364784 0.016411
0 0.00834202 0.541514 0.0165381 0.062249 0.0161714
0 0.263269 0.903439 0.0176265 0.0502777 0.0160413
0 0.789918 0.460695 0.0130649 0.032394 0.0159289
2 0.0137973 0.61592 0.0275945 0.0668325 0.0152031
0 0.260657 0.904909 0.0179757 0.0535881 0.0151923
0 0.869942 0.400322 0.0144897 0.0384596 0.014864
0 0.0112562 0.552778 0.0225125 0.0484385 0.0148147
2 0.0174913 0.455636 0.0331348 0.0226822 0.014247
0 0.130734 0.517942 0.0266338 0.0349005 0.0142191
0 0.805196 0.441859 0.0118855 0.0192408 0.0140485
0 0.113154 0.518997 0.0165158 0.0327555 0.0139085
2 0.450793 0.446042 0.0270937 0.0264723 0.0135676
0 0.0110851 0.553436 0.0221702 0.0461533 0.0132879
1 0.336873 0.479797 0.0218494 0.0291983 0.0131308
0 0.284841 0.482431 0.0240037 0.043677 0.0131066
0 0.55496 0.439908 0.020771 0.0423819 0.0127639
6 0.662624 0.713384 0.643141 0.322939 0.0125072
0 0.263475 0.89803 0.014796 0.0383053 0.0124916
2 0.238933 0.490763 0.108147 0.0722879 0.0123972
0 0.0114961 0.546378 0.0227658 0.0602346 0.0122167
0 0.0994459 0.516614 0.0191741 0.0522852 0.0121982
0 0.102563 0.516564 0.0227626 0.039937 0.0121697
2 0.832632 0.443582 0.0462261 0.028653 0.0120856
0 0.113498 0.516433 0.0173042 0.0363762 0.011973
0 0.369317 0.485645 0.0304636 0.0695532 0.0118596
0 0.0105501 0.619587 0.0211001 0.0707827 0.0118485
9 0.764112 0.101378 0.0278357 0.0396357 0.0115563
9 0.763442 0.101071 0.0262224 0.0402309 0.0115473
9 0.367726 0.0735387 0.0274284 0.040455 0.0115378
6 0.648831 0.723517 0.688743 0.45421 0.0113924
0 0.909005 0.472262 0.0144796 0.0343983 0.011382
1 0.338297 0.480583 0.0234033 0.0297705 0.0113017
2 0.0170912 0.461584 0.0340976 0.0314061 0.0111956
9 0.516568 0.423635 0.0250933 0.0306858 0.0111877
9 0.360158 0.0730475 0.013192 0.0383154 0.0110102
2 0.01244 0.622138 0.0244411 0.0664228 0.010984
0 0.908469 0.471182 0.016423 0.0334312 0.0109428
2 0.00604082 0.61295 0.0120816 0.0716671 0.0108862
9 0.765575 0.10177 0.0307624 0.0400384 0.010876
2 0.55819 0.396543 0.0421 0.0352994 0.0104844
6 0.763022 0.635696 0.473957 0.239031 0.0102966
0 0.555768 0.46007 0.0251194 0.0558131 0.0102463
5 0.0178149 0.514851 0.0355545 0.140511 0.0102108
2 0.587072 0.701941 0.121545 0.0960089 0.0102013
0 0.914489 0.470766 0.0157219 0.0298384 0.00994659
9 0.379929 0.392568 0.0109909 0.0270175 0.00975486
0 0.553231 0.454048 0.0268206 0.0704321 0.00970609
2 0.429693 0.757944 0.128911 0.0693151 0.00959466
2 0.0129983 0.621816 0.0258116 0.0658644 0.00958659
9 0.36847 0.0736496 0.0263704 0.0401845 0.00953637
6 0.761869 0.644836 0.476262 0.257274 0.00948686
9 0.360317 0.0726428 0.0136408 0.0381882 0.00943568
0 0.803607 0.458026 0.0142641 0.0486178 0.00925403
5 0.0150307 0.465875 0.0299356 0.0447662 0.00910808
7 0.538006 0.433353 0.103051 0.111283 0.009108
7 0.537477 0.434012 0.102722 0.111271 0.00889449
1 0.33711 0.47891 0.0220746 0.0312332 0.00879123
7 0.538369 0.434118 0.103075 0.109159 0.00878535
5 0.891239 0.481031 0.183865 0.138683 0.00878385
0 0.337327 0.479482 0.0225819 0.0314667 0.00876456
0 0.00815203 0.529365 0.0161102 0.0527054 0.00875034
0 0.548638 0.439686 0.0157071 0.0454636 0.00874734
9 0.328445 0.410111 0.0102089 0.0267648 0.00863953
2 0.450042 0.444575 0.0275837 0.0230877 0.00856663
2 0.829717 0.439943 0.0505522 0.0293534 0.00845947
9 0.112993 0.363681 0.0160083 0.0225604 0.00845623
5 0.0216823 0.512313 0.0433645 0.133258 0.00837598
0 0.366301 0.475514 0.0246541 0.0500713 0.00831135
2 0.288928 0.985101 0.0657306 0.0291744 0.00824784
2 0.557256 0.394845 0.0392124 0.0316961 0.00822386
0 0.952735 0.503508 0.0164486 0.0384088 0.00817863
2 0.525399 0.555098 0.0556688 0.0870432 0.00805181
2 0.247333 0.464211 0.061058 0.0225847 0.00793428
2 0.432534 0.987508 0.113777 0.0239788 0.0079174
7 0.538077 0.435123 0.0980335 0.108443 0.00788616
2 0.557652 0.394767 0.0402779 0.0317067 0.00783996
2 0.155956 0.923688 0.229616 0.151968 0.00770591
2 0.0157293 0.462257 0.0312432 0.0338385 0.00768305
9 0.514819 0.431346 0.0324127 0.0495165 0.00761092
2 0.246976 0.468942 0.0676592 0.0338247 0.00754216
2 0.451587 0.455814 0.0223209 0.0389914 0.00751003
0 0.289813 0.486507 0.0162821 0.0365465 0.00749584
5 0.537251 0.432745 0.103376 0.110325 0.00724228
2 0.431761 0.988768 0.109768 0.0216003 0.0071145
0 0.0990197 0.499381 0.016742 0.0264894 0.00704982
2 0.288897 0.984861 0.0642321 0.0294941 0.0069881
9 0.369559 0.0740324 0.0240414 0.0405808 0.00690552
2 0.429241 0.990625 0.104647 0.0179176 0.00687698
2 0.0286217 0.464117 0.0563928 0.0387381 0.00685565
2 0.288514 0.985249 0.0664235 0.0288574 0.00683265
2 0.587221 0.702025 0.124108 0.0982294 0.0067625
