2 0.784221 0.498062 0.148343 0.112545 0.841192
2 0.658993 0.333935 0.0903588 0.0524585 0.82478
2 0.395866 0.324846 0.0900517 0.0571535 0.823174
2 0.274428 0.347779 0.115458 0.0685215 0.821746
2 0.658016 0.334405 0.0920233 0.05277 0.815436
2 0.784151 0.498017 0.148586 0.111791 0.808391
2 0.396335 0.324969 0.0906973 0.05645 0.806592
2 0.396253 0.324527 0.0900887 0.0567381 0.805799
2 0.659138 0.334021 0.0903353 0.0523397 0.803883
2 0.784195 0.497575 0.148413 0.111523 0.803798
2 0.395604 0.325028 0.0902246 0.0568064 0.802289
2 0.659711 0.334256 0.0914692 0.0529145 0.800195
2 0.784095 0.498083 0.148039 0.110662 0.800154
2 0.396081 0.324896 0.0904645 0.0570724 0.799538
2 0.396258 0.325003 0.0894198 0.0565708 0.795366
2 0.275165 0.347477 0.115153 0.0681067 0.794788
2 0.658182 0.334093 0.0921717 0.0526308 0.777722
2 0.396324 0.325065 0.0907104 0.0572358 0.775688
2 0.274433 0.347762 0.11598 0.0689246 0.768784
2 0.396288 0.324938 0.0895034 0.0574152 0.766106
2 0.142228 0.323146 0.0663596 0.0520113 0.764259
2 0.659202 0.33395 0.0906118 0.0520683 0.760491
2 0.65898 0.333835 0.0902729 0.0521707 0.759821
2 0.274282 0.347153 0.115569 0.0687926 0.752859
2 0.274808 0.347929 0.115261 0.0685143 0.75266
2 0.784002 0.497742 0.1484 0.110718 0.747303
2 0.274081 0.347537 0.116334 0.0687989 0.740944
2 0.783853 0.497682 0.148102 0.110414 0.732274
2 0.659428 0.334064 0.0913708 0.0529021 0.732093
2 0.783914 0.498162 0.147856 0.111202 0.730759
2 0.783564 0.497916 0.148335 0.112362 0.725442
2 0.274832 0.348034 0.115092 0.0672994 0.724736
2 0.783656 0.498325 0.148509 0.111488 0.714382
2 0.274594 0.347691 0.115667 0.0682091 0.702015
2 0.78404 0.498191 0.148387 0.111881 0.700383
2 0.142299 0.32337 0.0672849 0.0522941 0.69946
2 0.0705328 0.330498 0.086864 0.0518122 0.696147
2 0.071268 0.330643 0.0876576 0.0512828 0.686538
2 0.394873 0.32586 0.0909583 0.0566367 0.686261
2 0.0713515 0.330529 0.0869707 0.0515763 0.676668
2 0.396172 0.325375 0.0915628 0.0578372 0.664117
2 0.0204066 0.525317 0.0408132 0.232114 0.657799
2 0.0712002 0.330486 0.0882211 0.0519338 0.657717
2 0.0701249 0.330506 0.0882864 0.0516804 0.656758
2 0.895881 0.822196 0.207785 0.199427 0.655886
2 0.142698 0.322912 0.0661716 0.0533382 0.652278
2 0.142438 0.323452 0.0671746 0.052158 0.648065
2 0.142686 0.323356 0.0665289 0.0532441 0.644225
2 0.142551 0.323232 0.0668671 0.0535887 0.638097
2 0.0196775 0.524772 0.0392096 0.231264 0.63169
2 0.896071 0.821433 0.207425 0.200014 0.631642
2 0.0710274 0.330249 0.0856475 0.0510509 0.620344
2 0.0203215 0.524936 0.040643 0.232453 0.606027
2 0.142495 0.32335 0.0674123 0.0530111 0.595707
2 0.0193996 0.524323 0.0386778 0.233913 0.595039
2 0.895777 0.821518 0.207748 0.200444 0.593798
2 0.895351 0.821519 0.208778 0.200476 0.593059
2 0.142366 0.32354 0.0666678 0.0536242 0.591465
2 0.896052 0.82169 0.207468 0.200095 0.587859
2 0.0194152 0.525611 0.0386356 0.234242 0.581297
2 0.142532 0.323435 0.0665893 0.0539929 0.565993
2 0.069935 0.330604 0.0889634 0.0516617 0.552844
2 0.0693362 0.330607 0.0847683 0.0517324 0.54709
0 0.824458 0.939007 0.0417217 0.120922 0.545543
2 0.0200473 0.523975 0.0399832 0.229831 0.523063
2 0.895819 0.8219 0.207548 0.201375 0.52174
2 0.895827 0.821822 0.20763 0.201285 0.510802
2 0.895529 0.822197 0.208417 0.201084 0.503425
2 0.89551 0.821953 0.208316 0.200521 0.500506
2 0.0710054 0.330643 0.0859215 0.051486 0.492898
0 0.824671 0.938391 0.0433035 0.122446 0.470183
2 0.894997 0.822844 0.210007 0.199261 0.465688
0 0.824668 0.93876 0.0423748 0.121786 0.455745
0 0.824684 0.938515 0.0438503 0.122336 0.453417
0 0.824539 0.93887 0.041884 0.121793 0.423584
0 0.744314 0.297111 0.021397 0.0506879 0.405355
0 0.824397 0.938568 0.0434034 0.12204 0.395502
0 0.744857 0.296812 0.0223635 0.0523351 0.35268
2 0.659023 0.33377 0.0905121 0.0524515 0.350435
2 0.0195329 0.526801 0.0388376 0.239886 0.349582
0 0.744624 0.297261 0.0212412 0.0498311 0.338974
2 0.142907 0.32335 0.0668593 0.0529395 0.328828
2 0.822122 0.254354 0.057675 0.0282697 0.324592
2 0.0203169 0.521233 0.0404889 0.22676 0.31962
0 0.823289 0.9376 0.0417542 0.119093 0.312627
2 0.822071 0.254716 0.0586422 0.0282413 0.311187
2 0.821595 0.255014 0.0601439 0.0285451 0.305964
2 0.0198017 0.523533 0.0395457 0.234764 0.287141
0 0.786668 0.297908 0.0161798 0.0482305 0.274403
2 0.822015 0.253513 0.060416 0.0304107 0.263498
0 0.787403 0.298296 0.0162638 0.0485625 0.262965
0 0.787271 0.297611 0.017304 0.0485415 0.254738
0 0.786665 0.298633 0.0161322 0.0475697 0.23396
0 0.787416 0.298124 0.0154939 0.0491379 0.233794
2 0.821352 0.253214 0.0600449 0.0315897 0.228946
2 0.0200175 0.524208 0.0398988 0.230718 0.226219
0 0.787485 0.29818 0.0171989 0.0482734 0.224857
0 0.787575 0.298703 0.0160507 0.0475735 0.224317
2 0.82146 0.253354 0.059638 0.0307023 0.220511
0 0.743893 0.297654 0.0221036 0.0511351 0.210688
2 0.0703941 0.330526 0.0858728 0.051776 0.210226
2 0.3211 0.310273 0.0600737 0.0525215 0.205621
0 0.823487 0.937195 0.0413589 0.118493 0.189582
0 0.78727 0.298629 0.0156186 0.0474219 0.188203
0 0.977107 0.305033 0.0232618 0.0492449 0.184673
2 0.395502 0.32459 0.0899602 0.0563686 0.169236
0 0.840799 0.299207 0.0187565 0.0461631 0.16668
0 0.727431 0.299891 0.0147475 0.0442921 0.162678
7 0.262452 0.733208 0.524904 0.272882 0.161143
7 0.262397 0.745615 0.524474 0.29193 0.153652
2 0.0135858 0.322875 0.0271504 0.0590435 0.149204
2 0.321337 0.31021 0.059836 0.0523826 0.147495
0 0.212639 0.306199 0.014323 0.0320218 0.14652
2 0.321166 0.311939 0.0606536 0.0582942 0.145975
2 0.0134317 0.325066 0.0268634 0.056552 0.142907
7 0.263202 0.739541 0.526404 0.324491 0.141602
0 0.976755 0.304553 0.0230461 0.048329 0.141598
0 0.823616 0.937906 0.0416725 0.120948 0.141263
0 0.823594 0.938406 0.0421734 0.118785 0.139907
0 0.0796854 0.207737 0.0180292 0.0440022 0.138718
2 0.819823 0.253477 0.0594738 0.0289479 0.135404
0 0.0412411 0.274034 0.0126079 0.044773 0.134434
0 0.787714 0.299242 0.016897 0.0463456 0.1328
0 0.744273 0.298073 0.0258029 0.0525642 0.130115
2 0.0122182 0.3287 0.0244137 0.0499954 0.128481
2 0.0137986 0.32715 0.0275493 0.0567722 0.123617
2 0.0200639 0.5264 0.0401278 0.233494 0.123417
0 0.0807854 0.20223 0.0173746 0.0402052 0.121895
0 0.727937 0.301639 0.0148087 0.0452006 0.121189
2 0.013037 0.322632 0.026038 0.0604115 0.119098
0 0.839613 0.299352 0.0161018 0.0458735 0.117534
0 0.742932 0.299467 0.0234385 0.0525754 0.115321
0 0.97637 0.302579 0.023867 0.0487514 0.114374
9 0.714339 0.238045 0.0163266 0.0286781 0.113719
2 0.32134 0.314138 0.0626718 0.0607431 0.111202
0 0.0808363 0.207376 0.0193182 0.0465535 0.109271
2 0.321379 0.303563 0.0581644 0.0386978 0.108294
7 0.261297 0.783168 0.522594 0.182154 0.106286
2 0.0141748 0.322205 0.0282005 0.0577555 0.105746
0 0.975141 0.305724 0.0225792 0.0501524 0.10567
0 0.0800055 0.209897 0.0177769 0.0457208 0.104987
2 0.820364 0.254869 0.0613993 0.0262572 0.10091
0 0.839556 0.301124 0.0178722 0.0470073 0.098052
0 0.743844 0.993543 0.0219713 0.0119711 0.0969925
7 0.261815 0.787985 0.522968 0.205576 0.0949731
2 0.321659 0.306697 0.0587232 0.0460534 0.0940328
2 0.323857 0.313138 0.0630402 0.0572138 0.0926237
0 0.838879 0.301179 0.0171333 0.0435732 0.0918859
0 0.823819 0.941524 0.0423914 0.116243 0.0915183
2 0.321548 0.311041 0.0615236 0.0563743 0.0895676
0 0.729834 0.304473 0.0144808 0.0449355 0.08876
0 0.975245 0.3041 0.0250885 0.0526692 0.0883031
2 0.256864 0.77816 0.513036 0.17059 0.0877023
2 0.0100884 0.331758 0.0201291 0.0456142 0.0864376
0 0.0411601 0.274629 0.0138839 0.0458151 0.0840761
2 0.819304 0.253689 0.065879 0.0282942 0.082361
0 0.0342533 0.212068 0.0123396 0.0326519 0.0823029
2 0.068037 0.330689 0.0932016 0.0521793 0.0789997
0 0.865195 0.772035 0.0430565 0.059085 0.0766585
2 0.321391 0.304967 0.0586154 0.042509 0.076413
2 0.320961 0.30811 0.0583025 0.0490034 0.0757764
9 0.208382 0.156011 0.0111056 0.0219826 0.074282
7 0.262137 0.79041 0.524273 0.216767 0.0699523
9 0.714434 0.238059 0.0161053 0.0283196 0.0691927
0 0.840635 0.29854 0.021594 0.0501492 0.0685104
9 0.714176 0.235233 0.0180025 0.0353108 0.0665498
2 0.320789 0.312233 0.0613497 0.0579217 0.0661747
2 0.322186 0.304696 0.0561884 0.0421531 0.0654427
0 0.840313 0.297648 0.0288805 0.0492124 0.065131
0 0.0348496 0.212865 0.0121636 0.0351749 0.0645969
13 0.262335 0.793512 0.523706 0.207917 0.0643277
0 0.864262 0.772571 0.0393446 0.0528117 0.0642073
0 0.785955 0.299712 0.0163219 0.0451214 0.0641992
2 0.0137535 0.320091 0.027507 0.0622619 0.0631123
0 0.867051 0.773693 0.0466068 0.0616622 0.0612153
13 0.261148 0.791403 0.521415 0.200879 0.0607772
0 0.0796105 0.210835 0.0178941 0.0471068 0.0606395
0 0.727994 0.296621 0.0139721 0.044117 0.0595879
0 0.0410546 0.266111 0.011438 0.0286363 0.0576561
7 0.264425 0.730511 0.528507 0.289517 0.0547621
2 0.0131704 0.327487 0.0256658 0.0535583 0.0541926
0 0.0368177 0.211804 0.0140186 0.0294618 0.0537442
13 0.261919 0.794276 0.523838 0.211833 0.0524883
0 0.973574 0.295328 0.0266365 0.0461252 0.0502864
0 0.865829 0.77375 0.0440147 0.0602773 0.0499162
0 0.789275 0.940911 0.108535 0.117387 0.0497727
7 0.259407 0.726391 0.518426 0.264448 0.0490938
2 0.819513 0.249742 0.0608966 0.0378412 0.0487666
0 0.0405944 0.265772 0.0134272 0.0287558 0.0487078
0 0.242816 0.291325 0.0113018 0.0242739 0.0468737
2 0.830638 0.258824 0.0414866 0.0232398 0.0456176
0 0.0774057 0.209475 0.0200153 0.0469118 0.0453097
0 0.823635 0.937865 0.0420879 0.119387 0.0449455
0 0.88289 0.43919 0.0134186 0.032764 0.0445899
2 0.88347 0.252284 0.0635769 0.0256563 0.0444178
2 0.27483 0.349017 0.115937 0.0674965 0.0427304
2 0.899629 0.242716 0.0271503 0.016878 0.0422558
9 0.714036 0.235371 0.0181543 0.0358575 0.0415568
0 0.916093 0.801422 0.0497307 0.0479836 0.0409826
0 0.747243 0.29602 0.0225348 0.050176 0.040534
0 0.867341 0.776213 0.0489285 0.0682552 0.0401225
0 0.0773632 0.208041 0.0198008 0.0461209 0.0396987
2 0.0689226 0.330575 0.0849514 0.0519006 0.0396332
2 0.0108419 0.314646 0.0216053 0.0612736 0.0395533
2 0.260758 0.726945 0.520959 0.273404 0.0382494
2 0.32149 0.316275 0.0647941 0.0666326 0.0379329
0 0.867385 0.777344 0.0500126 0.0709831 0.0379162
2 0.883762 0.249416 0.0590939 0.0236208 0.0375892
0 0.908606 0.803544 0.0426777 0.046859 0.0375797
0 0.862097 0.769042 0.0335693 0.0454687 0.0374869
2 0.816354 0.250014 0.0655203 0.0324617 0.0364334
2 0.0729255 0.330093 0.0841026 0.0509022 0.0360254
2 0.896873 0.244947 0.0317257 0.0165125 0.0345522
2 0.883994 0.257517 0.0615158 0.0337157 0.0342941
2 0.243774 0.778139 0.487206 0.174508 0.0339315
0 0.86175 0.767866 0.0338547 0.046026 0.0335751
0 0.82338 0.296601 0.0203396 0.0561807 0.0334079
0 0.173884 0.209341 0.0127136 0.0216497 0.0330624
9 0.717223 0.229089 0.0245247 0.0485649 0.0330165
13 0.256922 0.78904 0.512475 0.195222 0.0326939
2 0.749363 0.462109 0.0692994 0.0380631 0.0318376
0 0.919116 0.801452 0.0434811 0.0468231 0.0313476
0 0.883084 0.438517 0.0134212 0.033696 0.0306766
9 0.715278 0.235513 0.0181032 0.035069 0.0306352
9 0.420359 0.191943 0.0134644 0.0277606 0.0305479
0 0.748335 0.297742 0.0228822 0.0489699 0.0301807
0 0.747465 0.296766 0.0225504 0.050185 0.0301176
0 0.212357 0.302641 0.0168913 0.0401152 0.0292691
0 0.214054 0.307564 0.0176067 0.0337287 0.0287865
0 0.91954 0.800435 0.0427151 0.0473328 0.027107
0 0.787674 0.895514 0.112505 0.208694 0.0270971
0 0.0813416 0.199867 0.0181332 0.0424257 0.0270759
0 0.213426 0.304732 0.0176656 0.0388429 0.0269605
0 0.725597 0.300739 0.0166124 0.0380643 0.0269572
2 0.822078 0.256691 0.0586205 0.0288855 0.026926
2 0.883104 0.247011 0.0537518 0.0191577 0.0268375
0 0.498573 0.280353 0.0137502 0.0362846 0.0267421
0 0.787891 0.938019 0.112358 0.123181 0.0265013
0 0.823896 0.938674 0.0419216 0.12163 0.0260258
0 0.837486 0.304436 0.0168697 0.0414349 0.0259955
0 0.242391 0.289883 0.0120884 0.0256465 0.0259812
2 0.142295 0.323353 0.0671269 0.0522257 0.0255217
2 0.320773 0.310532 0.0624022 0.0546882 0.0253253
0 0.768219 0.308429 0.0205269 0.0279244 0.0250146
0 0.213857 0.305605 0.0172205 0.0370993 0.0248165
2 0.883752 0.259766 0.0643448 0.0394343 0.0245173
0 0.823877 0.941716 0.0417789 0.115621 0.024404
0 0.915989 0.802582 0.0481888 0.0470996 0.0243634
0 0.814749 0.832755 0.0554379 0.124485 0.0238155
2 0.019011 0.324575 0.0378839 0.0580137 0.0237594
0 0.814624 0.883649 0.0602951 0.2301 0.0236642
9 0.209119 0.15896 0.0146923 0.0325927 0.0234172
0 0.868357 0.773242 0.0480198 0.0578291 0.0233906
0 0.0780152 0.205206 0.0215446 0.0458324 0.0227968
9 0.713718 0.230563 0.0196481 0.0458766 0.0226039
0 0.0768741 0.209755 0.0195981 0.0499178 0.0224467
0 0.045849 0.654418 0.0902124 0.126378 0.0223936
2 0.882026 0.261026 0.0600626 0.0392492 0.022311
0 0.0819311 0.204199 0.0200886 0.0475237 0.0222126
0 0.914647 0.801693 0.0498341 0.0483403 0.0219207
2 0.373251 0.6678 0.744491 0.493313 0.0218897
9 0.222297 0.155964 0.0165585 0.0384792 0.0218248
2 0.819951 0.249662 0.064336 0.0367626 0.0212621
0 0.901279 0.804635 0.0313593 0.0443356 0.0211507
0 0.919833 0.800874 0.0440998 0.0477518 0.0209434
0 0.725345 0.304322 0.0179506 0.0412487 0.0207918
0 0.867799 0.775193 0.0507755 0.0598742 0.0205247
13 0.262104 0.803895 0.523697 0.230145 0.0203951
0 0.91917 0.799781 0.0419807 0.0493948 0.0201194
0 0.902266 0.815407 0.0263699 0.022913 0.0200569
0 0.837875 0.304104 0.0181582 0.041082 0.0199249
2 0.00616965 0.34411 0.01222 0.0552273 0.0195099
2 0.397619 0.323981 0.0868434 0.0565987 0.0193808
5 0.156024 0.139809 0.127289 0.157487 0.0191463
0 0.7639 0.302096 0.0164054 0.0421249 0.0191281
2 0.902865 0.236401 0.0212044 0.018225 0.0191043
9 0.221436 0.157729 0.01464 0.0353407 0.0190863
0 0.745794 0.993489 0.0259158 0.0121239 0.0184461
2 0.370382 0.664842 0.73872 0.480383 0.0184088
2 0.821533 0.256636 0.0592192 0.0305364 0.0183774
2 0.237011 0.726285 0.473237 0.270744 0.0183368
0 0.0457618 0.652017 0.0889513 0.121751 0.0182647
0 0.822672 0.294326 0.0202797 0.0596198 0.0181687
0 0.173685 0.210328 0.0136776 0.0236764 0.018093
0 0.787436 0.93902 0.119088 0.1217 0.0179276
2 0.659415 0.333737 0.0899616 0.0520168 0.0177738
0 0.901625 0.814752 0.0250885 0.0239092 0.0175558
2 0.249324 0.725426 0.498648 0.270179 0.0173347
2 0.318648 0.555902 0.620661 0.241172 0.017317
2 0.833942 0.261015 0.0346695 0.0242249 0.0173166
0 0.913616 0.794078 0.0597067 0.0634619 0.0172177
0 0.00472193 0.287742 0.00940096 0.0352374 0.0171259
0 0.807867 0.823396 0.0420422 0.110083 0.0168233
5 0.167367 0.140194 0.101932 0.153644 0.0167606
0 0.765181 0.303743 0.0225432 0.035756 0.0167333
0 0.176467 0.208567 0.0129248 0.0211912 0.0167302
0 0.213581 0.308267 0.018343 0.0323383 0.0165923
2 0.24959 0.725912 0.498858 0.267588 0.0165864
0 0.742666 0.993187 0.0284093 0.0127562 0.0165473
0 0.213723 0.303747 0.0175278 0.0392039 0.016253
