2 0.525508 0.805126 0.255186 0.303123 0.852179
2 0.525868 0.80444 0.255617 0.303014 0.850009
2 0.525607 0.80457 0.255166 0.303211 0.841452
2 0.525631 0.804572 0.25616 0.303277 0.835886
2 0.525229 0.804637 0.255908 0.30335 0.835437
2 0.526111 0.805018 0.255964 0.303405 0.828035
2 0.525696 0.80463 0.255567 0.302679 0.819728
2 0.525692 0.804702 0.25581 0.303483 0.809787
2 0.526618 0.805478 0.256234 0.304737 0.807542
2 0.887341 0.295488 0.109496 0.0598837 0.797737
2 0.887137 0.295214 0.10896 0.0589149 0.784793
2 0.886388 0.295935 0.112528 0.0582258 0.784566
2 0.887245 0.295485 0.109196 0.0594783 0.767013
2 0.887792 0.295166 0.109782 0.0601759 0.764171
2 0.3157 0.2592 0.0491929 0.0437518 0.76341
5 0.850994 0.236412 0.296178 0.134756 0.760307
2 0.887116 0.29562 0.109017 0.0611586 0.758566
2 0.887297 0.29579 0.109593 0.0601392 0.756291
5 0.851161 0.235519 0.296212 0.136803 0.739158
2 0.525689 0.804635 0.256283 0.303894 0.729056
2 0.439919 0.223472 0.0560729 0.0336065 0.714568
2 0.315838 0.259537 0.0490322 0.043272 0.698184
2 0.315856 0.259111 0.0504024 0.0435153 0.696503
5 0.850232 0.236349 0.297889 0.139123 0.691059
5 0.851376 0.236425 0.295653 0.134675 0.678163
2 0.112581 0.384401 0.0474731 0.0665406 0.675663
5 0.850306 0.236412 0.297405 0.136829 0.667449
2 0.316186 0.259805 0.0499057 0.043129 0.663528
5 0.851585 0.235311 0.296831 0.13236 0.65038
2 0.112388 0.384767 0.0474782 0.0656604 0.649327
2 0.119011 0.482898 0.0789727 0.0924246 0.647665
2 0.112607 0.38424 0.0473884 0.0669577 0.647014
5 0.85163 0.234579 0.296524 0.133112 0.63318
2 0.31552 0.259174 0.0518545 0.0435177 0.630389
2 0.119036 0.482639 0.0789879 0.0922309 0.627168
2 0.549836 0.198252 0.0491468 0.0319019 0.624913
2 0.439655 0.22344 0.055756 0.0340455 0.619309
2 0.440217 0.223422 0.0570402 0.0334936 0.609793
5 0.851242 0.233265 0.296791 0.129863 0.609581
2 0.31556 0.259944 0.0513987 0.0430199 0.606377
2 0.119275 0.482719 0.0787645 0.0919773 0.581186
2 0.549666 0.198036 0.0494013 0.0327372 0.579229
2 0.316038 0.259695 0.0509912 0.0426575 0.573908
2 0.439511 0.223533 0.0573378 0.0348041 0.571221
5 0.851086 0.235387 0.296642 0.135764 0.570928
2 0.112456 0.38417 0.0474771 0.0666212 0.568278
2 0.439341 0.22287 0.0569441 0.03458 0.557653
2 0.119323 0.48273 0.0781617 0.0929705 0.555134
2 0.549939 0.198167 0.0496815 0.0311351 0.550582
2 0.119121 0.484487 0.0788077 0.0951691 0.54863
2 0.439467 0.222625 0.0587154 0.034463 0.542146
2 0.148566 0.31668 0.047001 0.0497776 0.539641
2 0.54986 0.198194 0.0502462 0.0323811 0.539163
2 0.118997 0.483042 0.0789899 0.0938353 0.529626
2 0.315637 0.258957 0.050936 0.0425874 0.528396
2 0.439249 0.222617 0.0568184 0.035325 0.518996
2 0.119295 0.483913 0.0795388 0.0946466 0.514144
2 0.14834 0.316123 0.0471624 0.0513984 0.509794
2 0.11191 0.384027 0.0482827 0.066665 0.508784
2 0.438764 0.223471 0.0578108 0.036181 0.505579
2 0.148227 0.312429 0.0472821 0.0574665 0.499905
2 0.439312 0.22407 0.0569498 0.0341738 0.492207
2 0.148739 0.312238 0.0475085 0.0572968 0.491035
2 0.148484 0.314072 0.0474004 0.0548572 0.478896
5 0.851721 0.236346 0.295823 0.13965 0.471013
5 0.786713 0.226391 0.165525 0.114831 0.467705
2 0.315942 0.260243 0.0508283 0.042146 0.46198
2 0.55042 0.198308 0.0484224 0.0331175 0.451694
2 0.113077 0.383795 0.0478013 0.0687046 0.439955
2 0.0424924 0.363217 0.0549781 0.060171 0.4382
2 0.886482 0.296746 0.10997 0.0587823 0.438095
2 0.148342 0.313335 0.0476075 0.0543806 0.436737
5 0.851447 0.236246 0.295817 0.133709 0.431571
2 0.113126 0.385065 0.047848 0.06658 0.422011
2 0.550054 0.198856 0.0493229 0.0330245 0.415819
2 0.148274 0.313433 0.0474394 0.0539667 0.41533
2 0.118779 0.483066 0.0773146 0.0909866 0.41317
2 0.366216 0.168328 0.0355367 0.0229894 0.409711
2 0.550612 0.197437 0.0489311 0.0327446 0.405291
2 0.148284 0.314042 0.0469413 0.0539351 0.399753
2 0.549454 0.198939 0.049023 0.0324964 0.398172
2 0.0423639 0.363541 0.0533161 0.0610432 0.396653
2 0.550646 0.197789 0.048671 0.0322982 0.393651
2 0.0424838 0.363252 0.0553407 0.0605612 0.391141
2 0.365618 0.168348 0.0344421 0.0228304 0.37771
2 0.0429346 0.363451 0.0536333 0.0593733 0.354694
2 0.111972 0.384311 0.0484505 0.0676165 0.347732
5 0.78574 0.225774 0.162668 0.113145 0.328956
2 0.439475 0.224111 0.0571704 0.0345993 0.309678
5 0.851261 0.227651 0.297477 0.118042 0.304721
5 0.787118 0.226401 0.165613 0.115366 0.302841
5 0.787782 0.226994 0.16866 0.115039 0.298935
2 0.0420496 0.360882 0.0516987 0.0560739 0.294931
2 0.315889 0.258859 0.0505645 0.0430222 0.293241
5 0.787983 0.226788 0.169165 0.115322 0.283675
2 0.111923 0.383674 0.0478021 0.0646817 0.275195
2 0.0474906 0.26243 0.0303939 0.0357588 0.273295
2 0.407654 0.206262 0.0439579 0.0365461 0.267074
2 0.408333 0.205235 0.0446265 0.0380161 0.266744
2 0.0415489 0.358035 0.0524838 0.0514575 0.265238
2 0.111884 0.38324 0.046539 0.0648973 0.264935
2 0.0419982 0.362712 0.0521859 0.0594141 0.259628
2 0.407501 0.209937 0.0457226 0.0321938 0.258105
2 0.440013 0.221521 0.0573914 0.0327169 0.254993
2 0.54862 0.198415 0.0481348 0.0282691 0.25474
2 0.549045 0.199007 0.048806 0.0288988 0.247934
5 0.788582 0.226586 0.170985 0.115223 0.247449
2 0.366375 0.16825 0.0355072 0.0242295 0.247168
2 0.0418107 0.363456 0.054466 0.0628028 0.246146
2 0.0481503 0.262195 0.0320541 0.036051 0.245989
2 0.505259 0.184694 0.0299453 0.0277479 0.235676
2 0.0856847 0.221775 0.0268579 0.0272666 0.232531
2 0.0857982 0.221316 0.0274331 0.0280628 0.228771
2 0.148743 0.314541 0.0480629 0.0537717 0.220959
5 0.78713 0.226854 0.167745 0.114545 0.217309
2 0.367062 0.168304 0.0358363 0.0215089 0.216892
2 0.0478915 0.261797 0.031325 0.0361738 0.213449
2 0.943436 0.278838 0.113129 0.0577684 0.212633
2 0.0854413 0.221356 0.0274915 0.0287168 0.212463
2 0.0419596 0.35479 0.0492125 0.0447381 0.209477
2 0.0854343 0.221674 0.0269991 0.0281218 0.200265
5 0.851659 0.229787 0.296682 0.119941 0.185773
2 0.504376 0.185595 0.0278675 0.0270777 0.177712
2 0.505645 0.183534 0.033972 0.0301453 0.177689
2 0.443734 0.182252 0.01707 0.020569 0.176598
5 0.940836 0.246959 0.117386 0.122416 0.176509
2 0.940115 0.27686 0.118526 0.0630981 0.166922
5 0.848444 0.231978 0.300841 0.123705 0.165427
2 0.501801 0.185084 0.0244349 0.0255361 0.163674
2 0.0475603 0.261338 0.0300347 0.034764 0.160035
2 0.0419359 0.354842 0.0488877 0.0449005 0.15987
2 0.40571 0.20819 0.047256 0.0332846 0.1568
5 0.940684 0.245383 0.117864 0.123247 0.153146
2 0.00972051 0.410589 0.0192482 0.0282337 0.151906
2 0.11268 0.383643 0.0485099 0.0672484 0.151061
2 0.24852 0.197753 0.0257093 0.022905 0.150297
2 0.248503 0.197792 0.0246849 0.0220986 0.147909
2 0.940355 0.276841 0.118205 0.0626788 0.143345
2 0.940699 0.277617 0.118069 0.0625517 0.143199
2 0.40832 0.209922 0.0441608 0.0298702 0.141847
2 0.408665 0.208798 0.0467088 0.0323492 0.141634
2 0.0852681 0.221817 0.02722 0.0282506 0.1404
2 0.940419 0.277305 0.118 0.0621582 0.139921
2 0.00939525 0.41012 0.0187062 0.0272874 0.138322
2 0.11853 0.481744 0.0773026 0.0900728 0.136019
2 0.407406 0.205191 0.0422207 0.0383944 0.133289
2 0.315508 0.258786 0.0496495 0.044715 0.131423
2 0.409629 0.208057 0.047061 0.0334423 0.130199
2 0.118688 0.481725 0.0777493 0.0886124 0.127067
2 0.549677 0.198331 0.0490828 0.031612 0.122691
5 0.789191 0.226789 0.171699 0.115698 0.12122
2 0.248716 0.197883 0.0245661 0.0229944 0.120973
2 0.119044 0.482149 0.0785093 0.0927788 0.119764
2 0.0469656 0.364086 0.045927 0.0600025 0.119361
2 0.520147 0.183409 0.0435983 0.031294 0.118656
5 0.844591 0.226727 0.285346 0.116209 0.114662
2 0.409397 0.204812 0.0400787 0.036692 0.113021
2 0.315533 0.258899 0.0520786 0.0429928 0.110757
5 0.787361 0.226696 0.168517 0.115642 0.108701
2 0.366271 0.167704 0.0365719 0.0243181 0.108257
2 0.043021 0.363397 0.0540399 0.0607265 0.107305
2 0.408179 0.200443 0.0335939 0.0288784 0.105996
2 0.0458269 0.263577 0.0350237 0.0388431 0.103666
2 0.455671 0.178914 0.0287319 0.0254426 0.100129
2 0.528138 0.182295 0.0273193 0.0264861 0.0986921
2 0.943557 0.276817 0.112464 0.0630727 0.0976722
5 0.825195 0.227079 0.244281 0.116374 0.0938691
2 0.0529652 0.262537 0.0423849 0.040664 0.0855482
2 0.148557 0.314777 0.046892 0.0531066 0.0839269
2 0.518895 0.181891 0.0434812 0.031412 0.0835783
5 0.940306 0.245449 0.118906 0.123703 0.0826675
5 0.940627 0.243923 0.118274 0.125105 0.0816295
2 0.0465767 0.363444 0.0503136 0.0598379 0.0802984
5 0.851638 0.235943 0.29589 0.139495 0.079017
5 0.941007 0.246845 0.117316 0.123103 0.0784222
2 0.409058 0.203112 0.046229 0.0375354 0.0779237
2 0.0476875 0.264858 0.0313571 0.0411193 0.0771641
2 0.248501 0.197777 0.0259282 0.0234263 0.0760915
2 0.457694 0.177276 0.024641 0.0261677 0.0733326
2 0.515871 0.182542 0.0485677 0.0335366 0.0733254
2 0.0513592 0.364383 0.0377236 0.0598056 0.0719563
2 0.514355 0.184361 0.0445825 0.0315773 0.0718129
2 0.0537963 0.259283 0.0413684 0.0379633 0.0715731
2 0.422476 0.214563 0.0263397 0.0256862 0.0708651
2 0.501986 0.185754 0.0252255 0.0253918 0.0705487
2 0.0505919 0.261554 0.0414157 0.0390045 0.0691898
2 0.112849 0.383966 0.048689 0.06648 0.0679131
2 0.0262919 0.326421 0.0364015 0.0489944 0.0667788
2 0.047593 0.265168 0.0320136 0.0402307 0.0644924
2 0.0251011 0.326987 0.0389164 0.0497626 0.0637034
2 0.112351 0.384281 0.047795 0.0680468 0.0601985
5 0.940763 0.24711 0.11771 0.121469 0.0591072
0 0.793948 0.213567 0.0163794 0.029114 0.0579204
2 0.0855816 0.220488 0.0284315 0.030816 0.0557288
2 0.244369 0.197914 0.0337494 0.0214018 0.0548595
0 0.793426 0.212673 0.0196632 0.0310553 0.0546714
2 0.0257588 0.325102 0.0374857 0.0495988 0.0543767
2 0.0449583 0.260793 0.0375764 0.041285 0.0541915
2 0.0855736 0.220218 0.0282028 0.030129 0.0533252
0 0.0237435 0.814641 0.0400271 0.105069 0.0533196
0 0.318519 0.173144 0.0121704 0.0264773 0.0510826
0 0.82633 0.271832 0.0169674 0.0282392 0.0508165
2 0.940636 0.273804 0.118215 0.068518 0.0477164
2 0.452371 0.179273 0.0349802 0.027253 0.0475715
0 0.769478 0.212316 0.0135741 0.0247495 0.0475293
2 0.458698 0.177843 0.0263058 0.0241077 0.0470268
5 0.787124 0.227357 0.168619 0.115572 0.0461935
2 0.453588 0.179547 0.0306705 0.0280838 0.046113
2 0.366026 0.167733 0.0370915 0.0246957 0.0457038
2 0.458058 0.17766 0.0265696 0.0252252 0.045537
2 0.0107449 0.410424 0.0212878 0.0305462 0.0438524
9 0.116137 0.137253 0.0111925 0.0199252 0.0432681
2 0.0410461 0.352909 0.0503713 0.0401487 0.0430343
2 0.0109997 0.397806 0.0218874 0.0549012 0.0428078
2 0.118594 0.482752 0.0770392 0.0879192 0.0408318
2 0.0105516 0.408718 0.0210013 0.0312057 0.0395719
2 0.0244045 0.326706 0.0402037 0.0507492 0.0374488
0 0.766811 0.2117 0.0136566 0.0245284 0.037351
0 0.318486 0.174062 0.0119997 0.0241844 0.036601
2 0.0637184 0.240288 0.0236436 0.0213032 0.0364724
5 0.0474257 0.261574 0.0365123 0.0394707 0.0346612
2 0.0619314 0.232253 0.0266469 0.0315923 0.034287
9 0.116368 0.139689 0.0110942 0.0238012 0.0335499
2 0.906213 0.281548 0.0819225 0.0516482 0.0335202
2 0.420222 0.214266 0.0321409 0.0259723 0.0316292
9 0.703323 0.0990395 0.0203102 0.0309692 0.0306845
5 0.0136979 0.224413 0.0273957 0.219027 0.030612
5 0.0120975 0.366189 0.024195 0.115442 0.030257
2 0.14817 0.310305 0.0475327 0.0597511 0.0302181
2 0.890369 0.281157 0.115815 0.0500896 0.0277611
2 0.887498 0.294491 0.110487 0.0592899 0.0276189
2 0.0246661 0.32405 0.0359109 0.0507339 0.0271818
0 0.926074 0.230097 0.0182005 0.0258296 0.0264788
0 0.783644 0.214251 0.012887 0.0251014 0.0263365
9 0.703338 0.10039 0.0200117 0.0319207 0.0263193
0 0.960409 0.237854 0.0213696 0.0280457 0.0260886
0 0.0435864 0.161921 0.0131496 0.0402273 0.0258806
0 0.804266 0.21413 0.016613 0.0286414 0.0249662
2 0.148571 0.313802 0.0485112 0.0547528 0.0245506
5 0.0431981 0.366832 0.0528029 0.0613914 0.02414
2 0.304777 0.209202 0.0261277 0.0176549 0.0236896
2 0.0384622 0.353231 0.049334 0.0615105 0.0235757
0 0.0442498 0.161233 0.015066 0.0390401 0.0233286
5 0.0167788 0.284896 0.0335575 0.0818348 0.0231099
2 0.149675 0.358918 0.020183 0.0212358 0.0223185
2 0.118662 0.484893 0.076187 0.0919873 0.0222403
2 0.939255 0.275851 0.12149 0.0633297 0.0222282
0 0.95854 0.238668 0.0186203 0.0259672 0.0218816
0 0.808125 0.215994 0.0179146 0.0264006 0.0215793
0 0.756255 0.212291 0.0168826 0.025151 0.0215145
2 0.0415345 0.363763 0.0549555 0.0628017 0.021441
0 0.754831 0.211435 0.020405 0.0257452 0.0211296
5 0.0177683 0.284966 0.0354667 0.0737322 0.0199094
9 0.406749 0.149432 0.012299 0.0234803 0.0198518
9 0.702795 0.0995453 0.0217052 0.0326091 0.0192603
5 0.0459235 0.247361 0.0410342 0.0648293 0.0189519
0 0.0254523 0.814923 0.0471994 0.112793 0.0183227
0 0.579543 0.172895 0.0123228 0.0266046 0.0182391
0 0.827161 0.271751 0.0173416 0.0307885 0.0181896
2 0.366862 0.1701 0.0373767 0.0267781 0.0178398
2 0.52359 0.181621 0.0366784 0.0297762 0.0175292
0 0.825677 0.271033 0.0196968 0.0278792 0.0173944
2 0.952178 0.27927 0.0953346 0.0587238 0.0170367
10 0.0248127 0.815519 0.0415621 0.104203 0.0169933
5 0.0126387 0.254084 0.0251959 0.259279 0.0167923
2 0.439013 0.221575 0.0589165 0.037007 0.0166927
5 0.0114533 0.18802 0.0226355 0.10184 0.0166477
9 0.834363 0.112724 0.0168787 0.0196506 0.0166389
2 0.940611 0.273891 0.11826 0.0688134 0.0166225
2 0.504795 0.180816 0.0331278 0.0313326 0.01651
0 0.788817 0.213186 0.0269533 0.0294679 0.0164659
2 0.366452 0.167387 0.0377159 0.0252413 0.0162282
2 0.0190753 0.788337 0.0295235 0.0464427 0.015728
0 0.506546 0.795175 0.0293414 0.0556793 0.0156078
2 0.884076 0.295486 0.114226 0.0604732 0.0155604
5 0.0145105 0.360547 0.0285926 0.12338 0.0155476
2 0.948601 0.277584 0.102797 0.0616401 0.0154914
2 0.0538566 0.254055 0.0425805 0.0471197 0.0154821
9 0.702969 0.100758 0.0215933 0.0353623 0.0152912
2 0.0209108 0.799641 0.0342125 0.0707175 0.0150652
2 0.0101794 0.398152 0.0203523 0.0508924 0.0148207
5 0.0155763 0.226338 0.0311526 0.196406 0.0147479
5 0.849454 0.239936 0.298356 0.127531 0.0145909
0 0.924233 0.22831 0.0237629 0.0342813 0.0145357
2 0.887383 0.296766 0.11189 0.0559944 0.014374
0 0.816115 0.212818 0.0161364 0.0264822 0.0143659
9 0.494103 0.110624 0.0121696 0.0206618 0.0142485
0 0.967391 0.238355 0.0364632 0.0349946 0.0140343
9 0.704484 0.100108 0.02363 0.0364872 0.0140151
2 0.44416 0.184016 0.0182102 0.0253961 0.0138817
9 0.353274 0.0381137 0.0169153 0.0213359 0.013538
9 0.543462 0.0994161 0.0172417 0.02639 0.0133607
5 0.0147408 0.362369 0.0292638 0.121972 0.0133491
0 0.982332 0.238211 0.0294027 0.0362119 0.0133443
2 0.365822 0.169435 0.0358399 0.0257296 0.013335
5 0.0113056 0.226449 0.0224849 0.194466 0.0133171
7 0.017209 0.284139 0.0343134 0.068335 0.0132318
0 0.966154 0.238993 0.0337477 0.036262 0.0131391
2 0.0185854 0.783331 0.0285107 0.0397091 0.0131158
2 0.0583453 0.229901 0.0322485 0.0324919 0.0130365
