5 0.893722 0.440588 0.212012 0.575875 0.886486
5 0.893979 0.439374 0.21059 0.573782 0.871231
5 0.893955 0.441129 0.211193 0.576667 0.866201
5 0.894026 0.445422 0.21137 0.585918 0.840491
5 0.89404 0.445157 0.210522 0.584718 0.823532
5 0.894032 0.442224 0.21097 0.579239 0.811458
5 0.893376 0.441931 0.212616 0.592152 0.76941
2 0.542012 0.136933 0.110663 0.0839099 0.76031
5 0.893728 0.442698 0.211618 0.590036 0.752533
2 0.542154 0.136764 0.11014 0.0841069 0.75113
2 0.542151 0.137193 0.111002 0.0853657 0.72631
2 0.54203 0.136826 0.110672 0.0850189 0.708319
2 0.542358 0.137066 0.111367 0.0843169 0.697228
2 0.542553 0.136752 0.111081 0.0841487 0.667099
2 0.542783 0.136847 0.110406 0.085142 0.663254
2 0.54233 0.136665 0.110255 0.0844091 0.659426
5 0.893798 0.44233 0.212024 0.596604 0.656482
2 0.542105 0.13693 0.109948 0.08447 0.626981
2 0.542664 0.137204 0.111298 0.0848929 0.608715
2 0.882162 0.749444 0.234186 0.360099 0.597956
0 0.780598 0.091103 0.019723 0.0626445 0.505704
0 0.781095 0.0898767 0.0193787 0.0598587 0.47548
2 0.882182 0.750137 0.234604 0.361284 0.469942
5 0.893974 0.428623 0.210881 0.550296 0.468118
2 0.697613 0.0389913 0.0695007 0.0468179 0.464057
2 0.623681 0.364408 0.0888132 0.147533 0.457423
2 0.623854 0.364423 0.0887515 0.14818 0.453763
2 0.487993 0.373334 0.078491 0.155073 0.43859
2 0.882331 0.749058 0.234963 0.36173 0.433464
2 0.62472 0.363761 0.0879024 0.147853 0.426021
2 0.48857 0.374016 0.0779564 0.157141 0.425718
67 0.524433 0.736171 0.132127 0.324845 0.415519
2 0.488254 0.374345 0.078054 0.1564 0.414688
2 0.698229 0.0374985 0.0704729 0.0460806 0.407459
0 0.780791 0.0912949 0.0194057 0.0614902 0.403213
2 0.624511 0.364193 0.0878319 0.147567 0.390582
5 0.893276 0.437715 0.212597 0.600631 0.390019
0 0.780872 0.0919831 0.0206835 0.0649488 0.38794
2 0.975647 0.0487134 0.0481056 0.0475982 0.386271
0 0.780824 0.0913674 0.0209009 0.064455 0.376399
2 0.696478 0.0383595 0.0685572 0.0449513 0.375276
2 0.488043 0.374269 0.0790489 0.156456 0.367866
2 0.975542 0.0470491 0.04832 0.0498137 0.360118
67 0.524785 0.735239 0.132678 0.322334 0.360056
5 0.894038 0.425663 0.211427 0.544376 0.358526
0 0.163655 0.166318 0.0167605 0.0514712 0.353879
67 0.882005 0.749252 0.234591 0.36204 0.348668
2 0.882338 0.749672 0.235125 0.359972 0.346329
2 0.623814 0.364519 0.0890511 0.147332 0.338939
2 0.697638 0.0387526 0.0722801 0.0471198 0.338891
2 0.745477 0.398756 0.117418 0.183998 0.326608
2 0.975968 0.0473637 0.0474754 0.0492226 0.325117
2 0.69747 0.0386341 0.0720664 0.04603 0.319834
67 0.524336 0.734857 0.133088 0.321368 0.304312
2 0.882326 0.748941 0.233857 0.361206 0.30367
2 0.976875 0.0482051 0.0455404 0.0476822 0.296431
67 0.52449 0.735023 0.134254 0.321285 0.289255
2 0.624781 0.363954 0.088077 0.147503 0.286695
0 0.781032 0.0905647 0.021311 0.0652038 0.285044
2 0.975708 0.0460262 0.0485842 0.0503632 0.283812
2 0.698219 0.0382098 0.0717854 0.0479007 0.280519
0 0.780535 0.0913776 0.0192931 0.0624181 0.274947
67 0.882608 0.749119 0.233509 0.360994 0.272608
2 0.975049 0.0460744 0.0486282 0.0518084 0.270132
2 0.708016 0.0371973 0.0523689 0.0459209 0.26627
2 0.710812 0.0353395 0.0482943 0.0447922 0.261374
2 0.625135 0.363916 0.0860429 0.147966 0.255941
2 0.745475 0.398927 0.118008 0.184706 0.255511
0 0.163373 0.165128 0.0173189 0.0501993 0.25453
2 0.745538 0.399157 0.117835 0.184185 0.251947
2 0.5419 0.137524 0.111233 0.0836069 0.250986
2 0.882272 0.750026 0.235456 0.361462 0.249742
5 0.488517 0.374317 0.0792521 0.15809 0.246894
2 0.975005 0.0479287 0.0488956 0.0489846 0.243105
67 0.524152 0.734877 0.132874 0.319863 0.228197
2 0.88181 0.749791 0.234835 0.362096 0.227659
2 0.976835 0.0496413 0.0456009 0.045592 0.226958
2 0.976638 0.0479886 0.0460598 0.0497199 0.222916
2 0.488637 0.374422 0.0782688 0.158019 0.218933
2 0.488412 0.37446 0.0782923 0.157521 0.204841
2 0.692014 0.0384043 0.0590005 0.041264 0.197216
2 0.745193 0.399455 0.11917 0.18489 0.193571
2 0.977959 0.0487345 0.0440817 0.0456491 0.192322
0 0.163782 0.167593 0.0152955 0.0507377 0.185748
2 0.623166 0.365459 0.0914938 0.149356 0.18365
2 0.623055 0.365229 0.0911919 0.149603 0.183425
67 0.377398 0.419993 0.0323749 0.0586101 0.17506
2 0.625503 0.36403 0.085499 0.147163 0.172823
67 0.882544 0.749468 0.233163 0.361215 0.172046
67 0.52325 0.734166 0.134188 0.320763 0.171433
2 0.745202 0.399937 0.118248 0.184096 0.169738
67 0.524368 0.73542 0.134124 0.319247 0.167452
0 0.163105 0.166388 0.0188412 0.0535767 0.166619
2 0.745342 0.399334 0.118703 0.183993 0.16563
2 0.671907 0.551819 0.110819 0.193974 0.159562
39 0.523668 0.734938 0.133794 0.319392 0.153862
0 0.163631 0.166159 0.0173566 0.0512043 0.152319
0 0.940204 0.0341952 0.0141941 0.0459446 0.146181
67 0.524056 0.742263 0.132602 0.319367 0.145477
0 0.163025 0.164594 0.0183353 0.0504322 0.140368
67 0.377344 0.420357 0.033697 0.05947 0.139863
67 0.524125 0.735842 0.133198 0.319828 0.137828
2 0.671415 0.551737 0.111154 0.194403 0.136649
5 0.745138 0.399831 0.119284 0.18312 0.133425
2 0.624799 0.363674 0.0877373 0.14599 0.132944
2 0.696493 0.0401017 0.0682255 0.0465024 0.131659
0 0.163412 0.16821 0.0171711 0.0530593 0.127777
5 0.488364 0.374619 0.0786751 0.157236 0.12473
2 0.671673 0.552004 0.111349 0.197613 0.12305
2 0.488651 0.374713 0.0791113 0.156795 0.122002
2 0.708765 0.0372293 0.0511171 0.047069 0.121909
2 0.671466 0.552635 0.110326 0.1946 0.121707
0 0.879768 0.0439339 0.0155777 0.0455522 0.12013
2 0.671791 0.552336 0.111467 0.197039 0.114234
39 0.523431 0.734383 0.135765 0.318201 0.113579
5 0.488828 0.375479 0.0791653 0.158065 0.113571
0 0.779868 0.0922188 0.0193626 0.061826 0.113474
2 0.671953 0.552733 0.109981 0.194176 0.111385
67 0.524357 0.741142 0.133225 0.320538 0.10937
2 0.744827 0.400758 0.119329 0.181215 0.106307
0 0.8792 0.0376974 0.0157581 0.0455565 0.10359
26 0.756453 0.89534 0.224549 0.208528 0.0994989
0 0.939601 0.0347204 0.0155323 0.0457986 0.0993771
2 0.97713 0.0531095 0.0449463 0.0394618 0.0945695
0 0.91735 0.0330929 0.0153919 0.0452475 0.09309
67 0.37789 0.420536 0.0337634 0.0579349 0.0919722
26 0.758012 0.895308 0.226993 0.208937 0.0918248
2 0.745275 0.400467 0.119191 0.181477 0.0905167
67 0.377497 0.420359 0.0333241 0.0593615 0.086962
26 0.757651 0.89527 0.225501 0.209025 0.0855206
0 0.779226 0.0912146 0.022541 0.061572 0.0832465
0 0.778993 0.0900789 0.0225033 0.0641404 0.0827727
67 0.376735 0.420554 0.0348496 0.05857 0.0818892
26 0.758544 0.895449 0.223681 0.208173 0.07884
67 0.377576 0.420557 0.0339544 0.0590508 0.0770863
0 0.917172 0.034316 0.0143204 0.0432602 0.0721542
0 0.163141 0.162725 0.018145 0.0467018 0.0688485
0 0.877581 0.0308964 0.0172701 0.0488868 0.0676045
0 0.875624 0.0283916 0.017942 0.0508891 0.0663493
0 0.163155 0.167586 0.0186601 0.055593 0.0647489
26 0.75662 0.895863 0.221609 0.207405 0.0645645
0 0.91795 0.0314889 0.0145542 0.0469435 0.0634387
67 0.377632 0.420198 0.0330198 0.0590066 0.0625379
2 0.720234 0.0351804 0.0306348 0.0391501 0.0619378
26 0.75406 0.895599 0.224015 0.20827 0.0616896
2 0.709763 0.0355648 0.049627 0.045676 0.0612085
2 0.974816 0.0446267 0.0496655 0.052148 0.0602754
0 0.940709 0.0324438 0.0134293 0.0440578 0.0598769
7 0.745292 0.401419 0.118754 0.181367 0.0588385
0 0.445 0.0229225 0.025437 0.0457004 0.0587947
28 0.753633 0.895925 0.201574 0.207197 0.0582799
28 0.671231 0.552438 0.110406 0.195042 0.0581471
0 0.876791 0.0282322 0.0175438 0.0514876 0.0580287
2 0.975081 0.0449285 0.0490486 0.0535781 0.0576939
0 0.876075 0.0276398 0.0186573 0.0520113 0.0569434
2 0.670835 0.548463 0.107579 0.185625 0.0549892
2 0.67121 0.551322 0.109611 0.192519 0.0544126
0 0.162831 0.161222 0.018664 0.0444113 0.0529044
67 0.377148 0.419811 0.0346133 0.0590519 0.0499133
28 0.671272 0.551955 0.111743 0.195994 0.0498737
0 0.875707 0.0296955 0.0184914 0.0502558 0.0478987
26 0.757512 0.894835 0.225887 0.209727 0.0459415
7 0.0993497 0.219316 0.0503662 0.0868241 0.045664
0 0.93969 0.0338214 0.014871 0.0421773 0.0438595
7 0.0997559 0.220291 0.0506111 0.0848704 0.0427718
2 0.488462 0.373502 0.0779083 0.155924 0.0426472
39 0.754565 0.894998 0.224344 0.209286 0.0421667
0 0.44495 0.0226494 0.0261353 0.0452302 0.0421441
3 0.709971 0.0437294 0.031159 0.0383153 0.0421294
0 0.445603 0.0237524 0.0265572 0.0469414 0.0421064
0 0.0867222 0.220504 0.0235145 0.0842191 0.0413
26 0.756804 0.895182 0.226462 0.209013 0.0404434
0 0.113777 0.111105 0.0168906 0.0407561 0.039823
2 0.283875 0.0590309 0.0287654 0.0240879 0.0396707
2 0.706798 0.035379 0.0554845 0.0448423 0.0389448
2 0.710824 0.0345093 0.0491074 0.0426902 0.0387244
67 0.37768 0.42054 0.0334538 0.0577302 0.0384275
2 0.696363 0.039077 0.0716958 0.0441899 0.0381329
2 0.284762 0.057912 0.0307381 0.0255319 0.0379435
67 0.377974 0.419955 0.0348508 0.0605103 0.0370589
0 0.916254 0.0340046 0.0143692 0.0462698 0.0369338
0 0.915896 0.0362604 0.0166615 0.0438405 0.033656
0 0.728049 0.0378833 0.0140738 0.0343677 0.033498
2 0.285824 0.0589204 0.0311702 0.0249331 0.0330024
0 0.584135 0.147376 0.0208936 0.0499591 0.0329711
0 0.624114 0.0458676 0.0186893 0.0757992 0.0315653
2 0.696831 0.040008 0.0724174 0.0504555 0.0315223
0 0.876809 0.0377748 0.0199745 0.0528094 0.030289
0 0.0892533 0.231612 0.0281471 0.0595715 0.0294641
0 0.0980553 0.219817 0.0467154 0.0854179 0.0285994
0 0.783412 0.0912172 0.0244543 0.0625472 0.0285869
2 0.980649 0.0539769 0.0378572 0.0366874 0.0285415
0 0.584448 0.146126 0.021063 0.0498656 0.0269483
2 0.670866 0.547683 0.108825 0.183648 0.026796
2 0.285413 0.0585492 0.0339501 0.0273253 0.0267877
2 0.978323 0.0547536 0.0427143 0.0353691 0.0255692
2 0.206221 0.0726147 0.0460186 0.0525898 0.025213
0 0.582839 0.163519 0.0240051 0.0860106 0.0249616
7 0.0992354 0.219189 0.0494048 0.0863779 0.0238559
67 0.524755 0.740903 0.132896 0.307982 0.0235479
0 0.0957911 0.220006 0.040496 0.0833444 0.0235046
2 0.285211 0.0593628 0.0331231 0.0252746 0.0233695
7 0.484081 0.62519 0.864051 0.738172 0.0233287
0 0.0557962 0.0785185 0.0132573 0.020992 0.0227527
0 0.105174 0.225401 0.023352 0.031516 0.022029
2 0.202292 0.0791054 0.0368536 0.0428487 0.0218775
7 0.485676 0.613342 0.886441 0.768308 0.0214115
0 0.58362 0.157392 0.0224093 0.0751413 0.0205391
0 0.113964 0.110455 0.0163489 0.0387636 0.0203627
0 0.357631 0.0406603 0.0208805 0.047048 0.0200515
0 0.6246 0.0473076 0.0192751 0.0728644 0.0199404
2 0.697137 0.0402989 0.0723452 0.0497859 0.0198186
0 0.163961 0.182999 0.0155143 0.0315227 0.0197301
2 0.404553 0.036477 0.0272368 0.0496445 0.0197229
0 0.0929246 0.23713 0.0327867 0.047233 0.0191788
0 0.623539 0.0520214 0.0178452 0.0645218 0.0188983
0 0.102688 0.235369 0.0422797 0.0512451 0.01826
67 0.377646 0.419792 0.0331558 0.05906 0.0179073
0 0.446205 0.0228584 0.027867 0.0454804 0.0177769
7 0.0990194 0.219897 0.0498276 0.0871339 0.0172171
2 0.539679 0.137504 0.10624 0.0818846 0.0170362
3 0.717013 0.0480934 0.023024 0.0298201 0.0169814
2 0.204746 0.0813975 0.0385571 0.0320229 0.0169297
0 0.881228 0.0373208 0.0166492 0.0476919 0.0169283
0 0.87893 0.0454714 0.0166969 0.0499404 0.0168156
0 0.734136 0.0137881 0.0188775 0.0275762 0.0167614
0 0.440157 0.0251946 0.0144048 0.0481295 0.0167348
2 0.195914 0.0808889 0.02114 0.0269698 0.0164774
0 0.786578 0.0143987 0.0120996 0.0281896 0.0164115
0 0.446847 0.02179 0.0285727 0.0434547 0.0162231
5 0.487082 0.358767 0.069731 0.119833 0.0161656
0 0.0989466 0.21942 0.0489054 0.0850355 0.0159913
9 0.127542 0.0204865 0.0112406 0.0184243 0.0154938
28 0.754498 0.90069 0.199129 0.197341 0.015471
39 0.754122 0.896338 0.220965 0.205722 0.01543
2 0.98338 0.0461133 0.0324331 0.0493358 0.0153847
0 0.114249 0.111142 0.0152775 0.0389468 0.0151417
0 0.623853 0.0422736 0.0173517 0.0783144 0.0151331
0 0.2203 0.0678365 0.0151147 0.0253142 0.015094
0 0.98645 0.0206452 0.026063 0.0404735 0.0149513
28 0.757456 0.896326 0.204713 0.206548 0.0148872
0 0.355035 0.00860914 0.0179084 0.0172183 0.0145645
67 0.37812 0.4202 0.0348536 0.0606282 0.014273
2 0.967857 0.0496581 0.0338272 0.0396123 0.0139901
7 0.530116 0.624974 0.819662 0.747817 0.0139657
2 0.209968 0.0697247 0.0390976 0.0521324 0.0136558
28 0.200255 0.668764 0.0898615 0.0850722 0.0135656
0 0.778731 0.0891814 0.0229297 0.0591517 0.0133362
0 0.623153 0.062958 0.016394 0.0439325 0.0133243
0 0.624143 0.0495467 0.0186559 0.0684146 0.0133189
0 0.446441 0.0245202 0.0282069 0.0484707 0.0131077
2 0.675542 0.0383762 0.0273363 0.0331194 0.0130422
0 0.988163 0.0167302 0.0217632 0.0334543 0.0128081
0 0.0889966 0.218108 0.0283505 0.0797393 0.0125877
2 0.207132 0.0844564 0.0449227 0.0333825 0.012572
0 0.313227 0.0597606 0.0130299 0.0245303 0.0124628
0 0.584912 0.143638 0.0214642 0.0504713 0.0124138
28 0.670663 0.550648 0.107872 0.190781 0.0121692
0 0.876903 0.0279226 0.0187153 0.0558452 0.0121383
0 0.0845562 0.202393 0.018525 0.0477323 0.0121368
0 0.938212 0.0344529 0.0192188 0.0469863 0.0118902
0 0.738959 0.0142264 0.0229065 0.0284529 0.0118171
0 0.0839538 0.200639 0.0168805 0.0463688 0.0117681
0 0.739291 0.0129566 0.0186815 0.0259132 0.011419
28 0.756889 0.902 0.202075 0.195025 0.011212
0 0.0972939 0.238953 0.0412113 0.0451656 0.0109154
0 0.77905 0.0917194 0.0226248 0.0620301 0.0108782
0 0.446768 0.0241105 0.0282936 0.048221 0.0108771
2 0.328507 0.0549095 0.0234432 0.0287274 0.0108534
2 0.217512 0.0471014 0.0144592 0.0154913 0.0108209
0 0.73488 0.0125037 0.0201204 0.0249799 0.0107794
2 0.404186 0.0317335 0.0299579 0.0585248 0.0107553
2 0.196977 0.0783067 0.0222321 0.0303227 0.0106074
2 0.601154 0.152458 0.0276091 0.0192975 0.0104635
0 0.783252 0.0917196 0.0245317 0.0627749 0.0104209
0 0.217928 0.0596137 0.0159293 0.0348459 0.0103147
7 0.51653 0.63592 0.893004 0.721796 0.0102523
2 0.970355 0.0524854 0.03937 0.0377276 0.0102319
0 0.783691 0.0898343 0.0241922 0.0588241 0.0102043
0 0.362036 0.0392275 0.0268216 0.0442404 0.0100873
2 0.114727 0.248276 0.0184726 0.0245048 0.0100391
7 0.0997439 0.229973 0.0506465 0.0717508 0.00971112
0 0.404388 0.031262 0.0272546 0.0544678 0.00968478
0 0.103 0.240231 0.0417737 0.0423985 0.00959588
0 0.93813 0.0343345 0.0198689 0.0462962 0.00956767
0 0.624004 0.0235649 0.0167748 0.0453332 0.00956033
0 0.989306 0.0136632 0.0201616 0.0273264 0.00943486
0 0.113458 0.109616 0.0191315 0.0402972 0.00942438
0 0.162284 0.180951 0.0173444 0.0382049 0.00938349
9 0.128221 0.0257318 0.0109684 0.0218121 0.00937279
7 0.0995741 0.224362 0.050299 0.0843083 0.00934512
2 0.287265 0.0519645 0.0346089 0.0362119 0.00930152
0 0.437303 0.0204595 0.0214413 0.0408034 0.00927974
0 0.913219 0.0352178 0.0171707 0.0439278 0.00926037
2 0.403739 0.0380744 0.029591 0.0503964 0.00921555
2 0.220458 0.0637173 0.0535957 0.0514738 0.00918479
0 0.989026 0.0198474 0.0210522 0.0389054 0.00913155
0 0.623134 0.0646213 0.0162521 0.0420242 0.00912555
0 0.919319 0.0261044 0.0127483 0.0522087 0.00901611
2 0.210708 0.0704324 0.0559518 0.0571499 0.00899413
