2 0.675556 0.20152 0.0691872 0.0990189 0.695132
2 0.130154 0.200304 0.0923909 0.101843 0.676589
2 0.67584 0.201609 0.0696989 0.0981668 0.666437
2 0.129875 0.200199 0.0923411 0.102328 0.665031
2 0.485255 0.209753 0.076078 0.106075 0.656489
2 0.675978 0.201229 0.0697668 0.0977603 0.652737
2 0.130102 0.200034 0.0917661 0.10185 0.652408
2 0.675573 0.201216 0.0691364 0.0990234 0.643673
2 0.129928 0.200497 0.0923202 0.102732 0.640074
2 0.675611 0.201471 0.0692753 0.0980978 0.639009
2 0.485229 0.209405 0.0758622 0.10646 0.63896
2 0.485032 0.209718 0.0755297 0.106575 0.6283
2 0.675715 0.201333 0.0695957 0.0980798 0.623078
2 0.129318 0.200294 0.0933082 0.102673 0.619771
2 0.130235 0.200489 0.0921445 0.102632 0.596057
2 0.484708 0.209706 0.075736 0.106031 0.586989
2 0.129447 0.200827 0.0930937 0.103669 0.564374
2 0.129243 0.200418 0.0933208 0.103181 0.556053
2 0.485257 0.209498 0.0755161 0.105751 0.549445
2 0.129592 0.200642 0.0928792 0.103426 0.5323
2 0.485137 0.209997 0.0768328 0.105753 0.532137
2 0.629182 0.0815794 0.0469975 0.0697824 0.531732
2 0.675973 0.201588 0.0702363 0.0984916 0.507322
2 0.675797 0.201477 0.0702612 0.0982985 0.495505
2 0.629195 0.0813746 0.0466213 0.069426 0.481115
2 0.629294 0.0812115 0.0473921 0.0700152 0.478954
2 0.484716 0.20921 0.0779216 0.106248 0.473691
2 0.628895 0.0808909 0.047666 0.0709847 0.46968
2 0.485218 0.209701 0.0757544 0.105473 0.459189
2 0.0270699 0.185483 0.0540055 0.0622645 0.44422
2 0.485303 0.209761 0.075992 0.105459 0.442325
2 0.0269012 0.184511 0.0536173 0.0626899 0.43906
2 0.0265656 0.185415 0.0530247 0.0624112 0.426111
2 0.466813 0.141499 0.0507561 0.0695442 0.421562
2 0.466621 0.140467 0.0508062 0.0681942 0.412552
2 0.0266512 0.185143 0.0531403 0.0626267 0.411754
2 0.0272201 0.183799 0.0542191 0.0631122 0.403465
2 0.129014 0.200933 0.0938934 0.103882 0.392314
2 0.0269525 0.18371 0.0539051 0.0623466 0.384491
2 0.026885 0.184021 0.0536513 0.0633255 0.374673
2 0.607741 0.00810499 0.0447395 0.01621 0.36137
2 0.629379 0.080489 0.0473294 0.0695482 0.358502
2 0.629848 0.081197 0.0464874 0.0698324 0.35738
2 0.0272851 0.185172 0.0543147 0.0623168 0.346808
2 0.466893 0.136238 0.051087 0.0588463 0.345949
5 0.55154 0.0493369 0.0538338 0.0966552 0.343519
2 0.0271499 0.181958 0.0542997 0.0602262 0.322178
2 0.467112 0.141149 0.0513596 0.0697958 0.293817
2 0.0261551 0.18417 0.0521778 0.0639746 0.293581
2 0.629424 0.081038 0.0476338 0.0713928 0.293368
5 0.551718 0.0491393 0.0538521 0.0968806 0.287611
2 0.466046 0.134247 0.04917 0.0554654 0.284398
0 0.748541 0.0967022 0.0192274 0.0576142 0.284373
2 0.629318 0.0806693 0.0465473 0.0695353 0.282437
2 0.466127 0.134851 0.0488323 0.0566947 0.282189
2 0.629994 0.0810754 0.0462408 0.0697899 0.279115
2 0.607867 0.00830459 0.0456982 0.0165431 0.269724
2 0.607933 0.00817192 0.0454149 0.0163363 0.268498
2 0.026508 0.185231 0.0528371 0.0634389 0.264715
0 0.748355 0.0973957 0.0194769 0.0575643 0.255132
5 0.551163 0.0485883 0.0554821 0.0971765 0.242299
2 0.467016 0.143445 0.0514183 0.0728762 0.236671
2 0.0266487 0.184082 0.0532975 0.0610988 0.236439
7 0.551853 0.0491215 0.0545831 0.0966851 0.234732
2 0.466163 0.133784 0.0491456 0.0545918 0.231107
2 0.607711 0.00811298 0.0484125 0.016226 0.227831
0 0.748419 0.0967054 0.0199853 0.0587232 0.227378
0 0.748947 0.096047 0.0192837 0.0584178 0.223417
7 0.551638 0.0491587 0.054737 0.0969337 0.222749
5 0.551375 0.0483606 0.0546703 0.0967212 0.219341
2 0.468057 0.144287 0.0537544 0.0747377 0.213977
2 0.0274525 0.185379 0.0543138 0.0631449 0.213949
0 0.936349 0.0916653 0.0164415 0.0302127 0.211809
0 0.936891 0.0911098 0.0176304 0.0314234 0.201879
2 0.629348 0.0811566 0.0470659 0.0686457 0.201545
2 0.0193877 0.184743 0.0385424 0.061709 0.196184
2 0.693792 0.0108216 0.0226315 0.0216357 0.195831
2 0.694052 0.0109344 0.0227032 0.0215766 0.195803
7 0.551709 0.0499031 0.0536531 0.0979801 0.195556
2 0.46692 0.143509 0.052656 0.0747794 0.194669
0 0.748829 0.0965949 0.018527 0.0576108 0.194287
2 0.467943 0.124421 0.0437576 0.0364322 0.189074
2 0.693948 0.010535 0.0247301 0.02107 0.174659
7 0.551529 0.0497381 0.0531689 0.0975327 0.169414
2 0.473706 0.169557 0.049106 0.0398003 0.169184
2 0.465716 0.132478 0.0482167 0.0524291 0.168573
2 0.468917 0.14528 0.0551006 0.0765173 0.165973
0 0.936553 0.0915607 0.0175438 0.0310634 0.159814
0 0.749313 0.0962149 0.0186858 0.0583211 0.157918
2 0.467349 0.124291 0.0450668 0.0364483 0.154477
0 0.748055 0.0976052 0.0208505 0.0582177 0.145446
2 0.981441 0.0559402 0.0363468 0.0483149 0.14299
2 0.484687 0.210405 0.0787247 0.10225 0.142625
5 0.461046 0.0371495 0.0539234 0.0731317 0.137403
2 0.981396 0.0564788 0.0362181 0.0472921 0.135867
2 0.981166 0.0556822 0.0369694 0.0493265 0.132072
7 0.845521 0.0511039 0.133138 0.0917964 0.127211
2 0.465797 0.135602 0.0497926 0.0581823 0.125389
9 0.144659 0.0116577 0.0132782 0.0233154 0.125162
7 0.845284 0.05445 0.133208 0.0854651 0.124082
7 0.8448 0.0537507 0.1318 0.0856711 0.121079
0 0.746517 0.0981384 0.0241184 0.0576454 0.118996
2 0.473407 0.164573 0.0461563 0.0402525 0.117897
2 0.467971 0.144034 0.0521521 0.0775831 0.117232
5 0.461812 0.0369464 0.0549772 0.0735615 0.117049
0 0.937016 0.0906618 0.0176765 0.0325152 0.115114
2 0.471211 0.147197 0.0507092 0.0734423 0.111945
7 0.844484 0.0492527 0.13312 0.0941308 0.11101
0 0.820267 0.0987389 0.0178154 0.045425 0.110053
7 0.551512 0.0493811 0.0527771 0.0954854 0.109516
2 0.981624 0.0551655 0.036009 0.049583 0.104894
0 0.936846 0.091145 0.0166985 0.0319106 0.101312
0 0.81932 0.100101 0.0151379 0.0427989 0.0996846
9 0.146639 0.0137922 0.0113265 0.0242336 0.0989821
0 0.747281 0.097517 0.0192968 0.0565699 0.0980335
0 0.839546 0.095718 0.0181278 0.043806 0.0977756
2 0.629057 0.08063 0.0444611 0.0697476 0.0966849
2 0.631003 0.0938535 0.0435523 0.0455371 0.0956164
2 0.474358 0.162833 0.0469071 0.0429007 0.0946188
2 0.456557 0.0417937 0.041851 0.0644384 0.0940692
7 0.551154 0.0493507 0.0535515 0.0953772 0.0927092
0 0.839301 0.094893 0.0170696 0.0409033 0.0901334
5 0.462029 0.0368994 0.0553444 0.073463 0.0891609
0 0.819543 0.101945 0.0136181 0.0409951 0.0891589
2 0.0134232 0.183453 0.0266448 0.0616626 0.0877841
2 0.631147 0.0911636 0.0436941 0.050542 0.0876568
2 0.981697 0.058693 0.0355839 0.0436668 0.0876424
2 0.628322 0.0799474 0.0463094 0.0684053 0.0858362
0 0.746772 0.0972674 0.0239292 0.0578498 0.0839913
9 0.388432 0.419014 0.0332205 0.0573706 0.0766886
0 0.738278 0.0120884 0.0102036 0.0241767 0.07663
2 0.980578 0.0555827 0.0383635 0.0471229 0.0766163
7 0.843471 0.0551758 0.12987 0.0832924 0.0762108
2 0.130711 0.199934 0.0906728 0.101969 0.0761318
2 0.47122 0.159929 0.0492014 0.0519083 0.0754024
2 0.456556 0.0426442 0.0417388 0.0632228 0.0752219
9 0.388565 0.419023 0.0330092 0.0574785 0.0738572
5 0.462292 0.0364857 0.0571568 0.0729714 0.0715897
2 0.484998 0.210234 0.0800665 0.102449 0.0713073
2 0.981826 0.057332 0.0363472 0.0437376 0.0710297
9 0.388447 0.419293 0.0328616 0.0575887 0.0709435
5 0.551568 0.0481758 0.0530289 0.0954493 0.0696446
2 0.230758 0.0778399 0.0272069 0.0230378 0.0681573
5 0.459112 0.0346136 0.0484789 0.0685352 0.0665514
0 0.821263 0.0970929 0.0201868 0.0469998 0.0665456
0 0.859119 0.108015 0.0161833 0.0306328 0.065534
2 0.989003 0.0656919 0.0213602 0.0293402 0.0616627
5 0.457678 0.0395516 0.0450764 0.0665263 0.0606697
2 0.472386 0.168924 0.0478544 0.0420974 0.0602437
0 0.839496 0.0953631 0.0169334 0.0395825 0.0597129
5 0.457185 0.0412569 0.0442965 0.0642093 0.0594367
5 0.798439 0.0547792 0.0402378 0.0817943 0.0588955
2 0.136058 0.197948 0.0802866 0.0975526 0.0579648
0 0.85904 0.108851 0.0183136 0.0318241 0.0570419
2 0.225446 0.0796137 0.0405502 0.033268 0.0559306
0 0.826109 0.0959938 0.0201588 0.0449117 0.0526905
2 0.457614 0.0598113 0.0350649 0.030277 0.0505069
5 0.845607 0.05096 0.134043 0.0974947 0.0502398
0 0.858642 0.10084 0.0204321 0.0454043 0.0500359
5 0.551311 0.0485235 0.0536604 0.0958851 0.0494001
2 0.692801 0.0110678 0.0257862 0.0220361 0.0489244
0 0.936273 0.110595 0.0190804 0.0661093 0.0483653
5 0.461091 0.0371782 0.0534285 0.0743565 0.0475073
2 0.551071 0.0787759 0.0493944 0.0409606 0.0467434
9 0.388725 0.419367 0.0331014 0.0575596 0.0462011
7 0.845988 0.0489293 0.135527 0.0960309 0.0457147
2 0.0194674 0.185355 0.0389349 0.0622802 0.0456451
7 0.84452 0.0545405 0.132197 0.081993 0.0448159
2 0.981593 0.0569402 0.0368145 0.0453388 0.044534
0 0.736285 0.013501 0.0129702 0.026963 0.0437275
2 0.551564 0.0786681 0.0490655 0.0405565 0.0436532
0 0.757129 0.0184976 0.0132633 0.0362313 0.0416053
0 0.816101 0.0987834 0.0138149 0.0461621 0.0408434
0 0.858309 0.11342 0.0147053 0.0220201 0.0401637
9 0.135842 0.00962707 0.0188794 0.0192541 0.0401244
2 0.677819 0.202343 0.0740751 0.0971623 0.0399402
2 0.692811 0.0107229 0.0259306 0.021402 0.0389723
2 0.230806 0.0766509 0.0283524 0.0261905 0.0389371
2 0.981685 0.0584117 0.0366307 0.0418281 0.0387333
5 0.463993 0.0362664 0.0596714 0.0717093 0.0386819
5 0.460848 0.0283538 0.0520636 0.0567077 0.0385581
0 0.826787 0.0960432 0.0159042 0.0430689 0.0380418
0 0.936419 0.102961 0.017696 0.0538827 0.0379901
0 0.837169 0.0971785 0.0178951 0.0482508 0.0379017
2 0.220642 0.0747842 0.049806 0.0349006 0.0378698
5 0.456406 0.0365146 0.0427641 0.0628118 0.0378601
0 0.73565 0.0137151 0.0126169 0.0272111 0.037728
2 0.980626 0.0539858 0.0381565 0.0491817 0.0374653
2 0.695694 0.0112162 0.0271201 0.0224324 0.0374635
0 0.740389 0.014565 0.0139004 0.0290984 0.0354157
2 0.456542 0.042969 0.0428831 0.0646489 0.0353834
7 0.845863 0.0505957 0.133415 0.0966665 0.0352602
5 0.462522 0.0270669 0.0562719 0.0538711 0.0347504
9 0.388403 0.418656 0.0332424 0.0566953 0.0339147
67 0.38853 0.419128 0.0327514 0.0562889 0.0324303
2 0.131604 0.200814 0.0878622 0.100594 0.0322146
0 0.834606 0.0953222 0.0162548 0.0405824 0.0321657
0 0.932684 0.116518 0.0237598 0.0474898 0.0316777
5 0.455995 0.0308601 0.0427161 0.0528693 0.0315796
0 0.936717 0.106704 0.0175369 0.0623804 0.0301393
0 0.935272 0.108481 0.0199413 0.064731 0.0300115
2 0.466756 0.139316 0.0514831 0.066086 0.0286215
7 0.845641 0.0495016 0.132934 0.0979365 0.0283593
5 0.798503 0.0552589 0.0396349 0.0806508 0.0279004
2 0.978473 0.0541486 0.0425167 0.0491959 0.0277831
7 0.55158 0.0411404 0.0537398 0.0814173 0.0277084
7 0.845882 0.0489902 0.133878 0.0968872 0.0273073
0 0.755817 0.020742 0.0147854 0.0343616 0.0272679
2 0.0350376 0.180319 0.0388771 0.036221 0.0270681
7 0.456832 0.0415298 0.044169 0.0642291 0.0270635
0 0.198262 0.0906492 0.0254012 0.0485063 0.0269126
2 0.474626 0.162341 0.0552232 0.0442309 0.0264663
67 0.388551 0.419338 0.0323703 0.0572063 0.0262247
2 0.968776 0.453476 0.0615221 0.152319 0.0260467
2 0.631737 0.0639834 0.037932 0.0341588 0.0258242
7 0.551633 0.0396429 0.0530901 0.0791224 0.0248733
5 0.457787 0.0243488 0.045483 0.0482727 0.0241929
2 0.456979 0.0593641 0.0370585 0.0323284 0.0240099
2 0.607006 0.00876236 0.0480383 0.0175247 0.0236389
0 0.7536 0.0298069 0.0181602 0.0482303 0.0233845
0 0.937316 0.117199 0.0173677 0.0552591 0.0232753
2 0.551217 0.0785971 0.0504463 0.041166 0.022965
0 0.75641 0.0143383 0.0111846 0.0286272 0.0229597
0 0.198103 0.0911289 0.0259822 0.0484857 0.0226996
28 0.211254 0.662053 0.0908777 0.0875147 0.0223402
0 0.860653 0.105734 0.0207008 0.0355505 0.0219724
5 0.462443 0.0367563 0.0603459 0.0735125 0.0217671
5 0.798589 0.0554596 0.0400255 0.0832049 0.021225
9 0.38843 0.41945 0.0334177 0.0576262 0.0210727
2 0.695988 0.0107495 0.0264336 0.0213949 0.0199684
5 0.388719 0.419134 0.0334422 0.0565874 0.019883
7 0.844982 0.0476056 0.134124 0.0949747 0.0198578
2 0.968726 0.452045 0.0620464 0.148491 0.0195522
2 0.551645 0.0774748 0.0495066 0.0424012 0.0193922
2 0.968783 0.452053 0.0615112 0.150553 0.0193741
7 0.84561 0.048647 0.13476 0.0931751 0.0192782
5 0.46438 0.0278256 0.0605389 0.0556513 0.0190701
2 0.614525 0.00862904 0.0602001 0.0172581 0.0188904
0 0.92654 0.120908 0.021228 0.0344599 0.0188129
0 0.0257864 0.0921472 0.0161082 0.0460476 0.0184712
2 0.630634 0.0879052 0.0442127 0.0565184 0.0184677
9 0.13888 0.0125219 0.0242491 0.0246972 0.0183647
0 0.0263327 0.0884682 0.0143196 0.0362204 0.0183576
0 0.749579 0.0910102 0.0196413 0.0651438 0.018237
0 0.740314 0.0123964 0.0137292 0.0247929 0.0182246
2 0.225119 0.0833024 0.0426414 0.0404768 0.0178425
2 0.023014 0.190671 0.0460281 0.0478875 0.0178372
2 0.00499541 0.0820161 0.00979835 0.056308 0.0174507
2 0.217516 0.0866106 0.0596191 0.0466849 0.0173145
2 0.477664 0.0199868 0.0332464 0.0399736 0.0169781
7 0.84628 0.0606229 0.133659 0.0661005 0.0168782
2 0.474051 0.177727 0.0551712 0.0491862 0.0167021
2 0.480228 0.16709 0.0596413 0.0475836 0.0165052
2 0.231635 0.0798679 0.0315707 0.0308288 0.0164838
2 0.464404 0.0405276 0.0539191 0.0656247 0.0162492
0 0.861969 0.100287 0.0232727 0.041992 0.016218
0 0.931827 0.122317 0.0238766 0.0545716 0.0160531
5 0.463818 0.0358137 0.0620934 0.0712414 0.015262
2 0.196766 0.0913113 0.0265833 0.0477982 0.0149587
9 0.146336 0.0204312 0.0133018 0.0338934 0.0148721
7 0.800761 0.0563268 0.0446758 0.0826817 0.0146761
2 0.968348 0.4538 0.0623487 0.153486 0.0146661
2 0.00547233 0.0851444 0.0107981 0.0645151 0.0145784
0 0.806411 0.0883733 0.0190407 0.0338638 0.0143845
2 0.617306 0.00923778 0.0685636 0.0184756 0.0142423
0 0.861202 0.11309 0.0206135 0.0223914 0.0138833
0 0.746743 0.0251376 0.0142941 0.0482147 0.0137233
2 0.631072 0.0947422 0.0432386 0.0434703 0.0137093
2 0.00524559 0.0735978 0.0103246 0.0501564 0.0137046
2 0.0110549 0.186296 0.0219664 0.0583652 0.0136231
2 0.0350185 0.187492 0.0391479 0.0433512 0.0135049
28 0.210098 0.662898 0.0920663 0.087546 0.0135007
2 0.0192926 0.0928986 0.027065 0.0495027 0.0133591
2 0.455932 0.0562538 0.0398543 0.0416873 0.0132042
9 0.00461656 0.0134504 0.00908878 0.0269009 0.0130948
7 0.798833 0.0555489 0.0401771 0.0824711 0.0130275
5 0.464404 0.0209314 0.0614775 0.0418602 0.0128508
0 0.0927406 0.0716899 0.0115278 0.0264196 0.0128236
5 0.798343 0.0544848 0.0367867 0.0812267 0.0127991
0 0.383345 0.0209573 0.0151452 0.0385226 0.0126943
5 0.463415 0.0218321 0.060457 0.0436643 0.012637
9 0.388599 0.41923 0.03413 0.0567431 0.0126043
0 0.833692 0.100646 0.0215969 0.0486628 0.0123373
2 0.551201 0.0777684 0.0501033 0.04252 0.0123299
0 0.198974 0.0899882 0.0244785 0.0479759 0.0121918
0 0.88996 0.0282641 0.016946 0.0479391 0.012129
2 0.0310146 0.178162 0.0482227 0.0428106 0.0119506
2 0.383351 0.0256546 0.0148607 0.0348528 0.0119227
0 0.848983 0.0997941 0.0247368 0.0486346 0.011689
0 0.83971 0.0932402 0.037611 0.0443244 0.0116645
28 0.21101 0.662412 0.0896789 0.0864124 0.0114773
2 0.0332588 0.191257 0.0410731 0.0431107 0.011445
2 0.199298 0.0820287 0.0229263 0.0359476 0.0113646
2 0.46351 0.146266 0.0447374 0.0678897 0.011345
2 0.229423 0.083593 0.0354195 0.0350545 0.0113132
0 0.891586 0.0310866 0.0152382 0.044844 0.0111727
9 0.00433285 0.0180909 0.00857337 0.0353865 0.0108953
2 0.016716 0.0858169 0.0330389 0.0577138 0.0108083
2 0.677284 0.201371 0.0730631 0.0996154 0.0107837
2 0.466617 0.141481 0.0512259 0.0707225 0.0107465
