2 0.694407 0.428871 0.148418 0.155415 0.9219
2 0.087199 0.736694 0.174217 0.257743 0.914513
2 0.0872282 0.737862 0.174456 0.258734 0.906857
2 0.694853 0.428944 0.149962 0.155434 0.903432
2 0.0869502 0.737043 0.1739 0.257805 0.89716
2 0.694495 0.42922 0.148105 0.154484 0.887844
2 0.694693 0.428919 0.149205 0.154816 0.886036
2 0.0872058 0.737 0.173789 0.25829 0.885385
2 0.0873104 0.737642 0.174221 0.258543 0.883922
2 0.0871338 0.73822 0.173469 0.259472 0.88248
2 0.694321 0.429291 0.148269 0.154887 0.877786
2 0.694234 0.429207 0.148048 0.154644 0.874164
2 0.0872431 0.737697 0.174061 0.257781 0.873895
2 0.654214 0.830705 0.270161 0.329083 0.870109
2 0.0867598 0.737092 0.173241 0.257786 0.862692
2 0.0868797 0.737644 0.173759 0.25773 0.862653
2 0.694395 0.428843 0.148623 0.154488 0.860733
5 0.124035 0.381099 0.247586 0.326371 0.858422
5 0.124165 0.382229 0.247586 0.326111 0.852332
2 0.0872295 0.737734 0.174006 0.260264 0.851146
2 0.694822 0.428529 0.149318 0.15471 0.850876
2 0.653958 0.830627 0.269916 0.328645 0.846364
5 0.124392 0.382067 0.24841 0.326974 0.830344
5 0.124329 0.380987 0.248333 0.327158 0.827461
2 0.655054 0.830682 0.270018 0.327999 0.823965
5 0.123967 0.383027 0.247637 0.324965 0.821582
2 0.654871 0.8306 0.270673 0.328038 0.820009
2 0.654543 0.830756 0.270501 0.328237 0.813377
2 0.65451 0.830773 0.270131 0.329686 0.80331
2 0.653961 0.830927 0.269582 0.329208 0.8031
5 0.124351 0.382523 0.248095 0.32753 0.800638
2 0.654384 0.830899 0.269448 0.328536 0.796073
5 0.124411 0.381283 0.248407 0.327179 0.795741
2 0.655506 0.830534 0.271282 0.328727 0.781535
2 0.69472 0.429204 0.149007 0.153575 0.779067
2 0.654806 0.830842 0.269953 0.328692 0.736256
2 0.694489 0.429075 0.150035 0.154653 0.719714
5 0.669986 0.141771 0.136052 0.102055 0.696697
5 0.669928 0.141908 0.135739 0.101194 0.682784
5 0.124029 0.383573 0.247762 0.325796 0.662325
2 0.675783 0.316626 0.0908975 0.112577 0.661852
2 0.675904 0.316557 0.0910808 0.112026 0.645443
5 0.124251 0.384035 0.248502 0.328063 0.616309
2 0.675932 0.316269 0.0903616 0.111439 0.613645
2 0.676089 0.316249 0.0908064 0.111211 0.611387
5 0.669583 0.142342 0.136662 0.102191 0.609188
2 0.675552 0.315635 0.0908476 0.110879 0.56513
2 0.428567 0.298227 0.140473 0.117064 0.56104
5 0.669373 0.142145 0.13497 0.102023 0.557333
2 0.675628 0.31701 0.0924211 0.113118 0.553715
2 0.676088 0.315143 0.0897962 0.109036 0.551688
2 0.428278 0.298652 0.139797 0.116449 0.550521
5 0.669111 0.142606 0.134876 0.101609 0.545177
2 0.675729 0.316229 0.0914866 0.111921 0.540311
2 0.427636 0.29849 0.139571 0.11704 0.537859
5 0.669744 0.14184 0.135756 0.102186 0.537033
2 0.862894 0.410384 0.124991 0.148558 0.531055
5 0.669652 0.14226 0.134304 0.101765 0.528334
2 0.862782 0.411067 0.125004 0.150144 0.523068
2 0.427837 0.298539 0.141129 0.117975 0.521045
5 0.669906 0.142753 0.136074 0.101046 0.516084
2 0.428202 0.298647 0.140036 0.115742 0.513333
2 0.862654 0.411088 0.124057 0.149942 0.509298
2 0.862865 0.409926 0.124732 0.148419 0.48479
5 0.124248 0.381703 0.248344 0.324537 0.463544
2 0.862786 0.411475 0.125188 0.149841 0.45469
2 0.427923 0.298465 0.142157 0.11665 0.43942
2 0.676333 0.314946 0.0897783 0.1084 0.436956
5 0.66924 0.142398 0.134942 0.101558 0.436684
2 0.427843 0.299168 0.137578 0.116751 0.434045
2 0.863036 0.407286 0.124647 0.142699 0.434035
2 0.862385 0.412575 0.125437 0.153033 0.427463
5 0.671619 0.142029 0.13839 0.1019 0.424441
2 0.427271 0.297802 0.141661 0.117223 0.424093
2 0.67666 0.315073 0.0896122 0.109084 0.41852
0 0.379944 0.165563 0.0184888 0.0527569 0.379511
2 0.427754 0.298323 0.142037 0.11701 0.336323
0 0.380184 0.165963 0.0184871 0.0513189 0.330471
2 0.863263 0.402196 0.124058 0.131548 0.306543
2 0.862831 0.409762 0.125156 0.148117 0.279147
0 0.380329 0.16585 0.0202064 0.0520469 0.277873
2 0.863223 0.395921 0.123856 0.119915 0.269188
5 0.976295 0.337292 0.0463001 0.216728 0.262791
2 0.131314 0.968127 0.260376 0.0629482 0.236175
5 0.693862 0.059366 0.176053 0.063208 0.231145
5 0.66916 0.143449 0.134532 0.100498 0.226193
2 0.131995 0.967867 0.261315 0.063644 0.21593
2 0.86217 0.413135 0.124479 0.152003 0.213197
5 0.976351 0.333375 0.0467907 0.223542 0.209673
0 0.380683 0.165382 0.0192925 0.0554439 0.202275
5 0.976111 0.320494 0.0472658 0.252009 0.201103
5 0.693225 0.0598352 0.174901 0.0620863 0.195077
5 0.697169 0.0592548 0.180025 0.0635917 0.191741
0 0.5641 0.16926 0.0166899 0.0448071 0.188775
5 0.976154 0.329093 0.0465584 0.233581 0.183536
0 0.564015 0.165731 0.0166461 0.0523094 0.175231
5 0.694225 0.059354 0.176243 0.0617686 0.169136
5 0.975855 0.319965 0.0477657 0.255212 0.165735
5 0.698209 0.130871 0.191516 0.123891 0.15904
2 0.863721 0.39014 0.122646 0.107426 0.154034
5 0.609573 0.135688 0.283882 0.11609 0.149135
5 0.696124 0.0592333 0.178207 0.0627568 0.14238
2 0.130705 0.968092 0.259473 0.0632807 0.119999
5 0.87528 0.102487 0.0643427 0.143149 0.117956
0 0.380482 0.165569 0.0197618 0.0541235 0.116249
5 0.69722 0.0595451 0.178558 0.0624105 0.110892
5 0.875738 0.104061 0.0631618 0.140512 0.109759
0 0.380013 0.162805 0.0213472 0.059633 0.108184
7 0.975035 0.319918 0.0495125 0.250325 0.106341
5 0.976404 0.352868 0.0459831 0.185611 0.10586
2 0.13122 0.967974 0.262439 0.0628498 0.101449
5 0.8755 0.130082 0.0601833 0.0683206 0.0995758
2 0.131989 0.967789 0.263978 0.063858 0.0991111
2 0.400981 0.329701 0.0675053 0.0519691 0.0958105
2 0.945898 0.292843 0.0290678 0.0569737 0.0914198
0 0.563162 0.157148 0.0201009 0.0703318 0.0911468
9 0.461383 0.0652502 0.0152092 0.0341221 0.09054
0 0.377693 0.164965 0.0224312 0.0530691 0.0877981
0 0.378442 0.164885 0.0230068 0.0532013 0.0824316
2 0.741715 0.158689 0.0244505 0.0281722 0.081778
2 0.953274 0.272211 0.0442844 0.0957376 0.0814472
2 0.132572 0.968208 0.262933 0.06306 0.0802151
5 0.875471 0.102271 0.065657 0.131758 0.077565
5 0.976475 0.348837 0.0465353 0.19364 0.0766487
2 0.815311 0.267218 0.0267345 0.0349602 0.0762674
5 0.874596 0.131327 0.0610477 0.0711363 0.0756978
2 0.13136 0.967929 0.259358 0.0630932 0.0750588
5 0.973459 0.327664 0.0519367 0.238048 0.0746715
7 0.973136 0.305895 0.0533764 0.279685 0.0746308
2 0.133952 0.968173 0.25774 0.0625088 0.0709459
9 0.46001 0.061439 0.0110966 0.0249335 0.0705822
2 0.96537 0.267409 0.0692594 0.108816 0.070348
2 0.863171 0.395952 0.12452 0.120423 0.0699751
5 0.871846 0.104187 0.0712704 0.141445 0.0684807
2 0.965388 0.269492 0.0692139 0.104491 0.0683949
2 0.817424 0.266944 0.0199921 0.0302347 0.0675322
7 0.976057 0.321253 0.0473497 0.246386 0.0672217
2 0.776257 0.16501 0.0263099 0.0179597 0.0658253
5 0.976506 0.369121 0.0458113 0.154225 0.0657906
5 0.697127 0.0593079 0.167498 0.0604117 0.0654412
2 0.839035 0.423463 0.0810965 0.112806 0.0639522
2 0.838049 0.421837 0.0773762 0.111084 0.0628945
2 0.965995 0.26836 0.0668194 0.107677 0.0616404
2 0.143797 0.968249 0.240929 0.0624439 0.060734
5 0.698193 0.0594343 0.182801 0.0641558 0.0605095
2 0.96372 0.270622 0.0656853 0.101583 0.0605028
2 0.9656 0.270042 0.0686609 0.102632 0.0604497
5 0.976734 0.3628 0.0459841 0.16692 0.0601571
2 0.963051 0.269377 0.0638672 0.106044 0.0601299
5 0.869825 0.0989821 0.0762459 0.139179 0.0581834
5 0.694039 0.0595025 0.175499 0.0609995 0.0578334
0 0.379054 0.165159 0.0239632 0.0546455 0.055687
5 0.874822 0.12967 0.0614185 0.0703382 0.0552389
2 0.131607 0.967108 0.26216 0.0653572 0.0536474
2 0.946748 0.276216 0.0309258 0.0880178 0.0532092
0 0.563638 0.164597 0.0192274 0.0531314 0.0531646
2 0.815325 0.268372 0.0279545 0.0352046 0.0519814
2 0.459279 0.288905 0.0765629 0.0933593 0.0518504
2 0.67563 0.317493 0.0924993 0.113402 0.0514998
2 0.83841 0.433053 0.0778185 0.0884164 0.0500079
5 0.606636 0.135622 0.275337 0.11499 0.0499877
2 0.399539 0.330409 0.0593202 0.051599 0.0495011
2 0.136488 0.968241 0.258639 0.0629345 0.0491035
5 0.603005 0.13667 0.280454 0.109727 0.0488436
2 0.814765 0.265236 0.0275486 0.0353682 0.0487362
2 0.402917 0.329709 0.0680879 0.0538037 0.04864
2 0.946411 0.291861 0.0297134 0.0584754 0.0485482
5 0.68551 0.0630705 0.151842 0.0543786 0.0481914
2 0.427726 0.298561 0.138378 0.118108 0.0478734
0 0.490929 0.273009 0.0163897 0.036954 0.0477543
5 0.867917 0.104873 0.0775875 0.141372 0.0469135
2 0.855259 0.416044 0.112435 0.152483 0.0458316
5 0.875181 0.131929 0.0611618 0.069674 0.045169
5 0.974489 0.329845 0.0505585 0.24161 0.044592
2 0.945407 0.294109 0.0285007 0.0609998 0.0442393
2 0.772781 0.164668 0.032145 0.0175335 0.0437666
5 0.604669 0.136044 0.273387 0.114444 0.0433818
5 0.692658 0.0597706 0.156654 0.0594819 0.0428423
0 0.565059 0.170223 0.0146086 0.0429239 0.042792
5 0.689203 0.0608773 0.157356 0.0579582 0.0426168
5 0.704937 0.0587919 0.168818 0.0601036 0.0423165
5 0.604221 0.136449 0.285346 0.113071 0.0420554
2 0.753727 0.15658 0.0437021 0.0298454 0.0419818
2 0.741451 0.162677 0.0237674 0.0248063 0.0411226
2 0.678477 0.311521 0.084856 0.100699 0.0411078
2 0.160619 0.968235 0.206506 0.0624901 0.0398112
2 0.763192 0.159296 0.0443975 0.0254396 0.039042
2 0.98462 0.200678 0.0298744 0.0416141 0.0389692
2 0.983053 0.225751 0.033419 0.0811572 0.0384704
2 0.982377 0.259968 0.034536 0.0791932 0.0380924
2 0.456498 0.288628 0.0779327 0.093927 0.0373552
7 0.970648 0.267708 0.0585051 0.355853 0.0373489
5 0.619419 0.135015 0.273912 0.116437 0.0371459
2 0.839754 0.424126 0.0809408 0.134084 0.0367879
2 0.96669 0.268791 0.0652897 0.107014 0.0367705
2 0.404549 0.329312 0.0305023 0.0496725 0.0362412
5 0.87548 0.132264 0.0609114 0.0703502 0.0360305
2 0.863121 0.398901 0.12326 0.127302 0.0359696
2 0.343962 0.339565 0.061654 0.0469607 0.0357255
2 0.981857 0.228493 0.0358326 0.0738459 0.035553
2 0.76002 0.159738 0.047475 0.0291465 0.0351269
2 0.454185 0.291539 0.087611 0.102901 0.0351269
2 0.816291 0.268428 0.0244286 0.0323494 0.0350449
0 0.405405 0.12979 0.0149616 0.0344656 0.0348874
2 0.153599 0.968017 0.220683 0.0634075 0.0341731
5 0.855298 0.0886014 0.10863 0.164576 0.0341237
0 0.504242 0.135258 0.0149881 0.0511317 0.0337885
2 0.397073 0.329914 0.0558203 0.049753 0.033775
2 0.946845 0.29282 0.030262 0.0592034 0.0334745
2 0.365298 0.317938 0.0148778 0.0240622 0.0328883
2 0.13674 0.968461 0.271609 0.0621895 0.0326324
2 0.948548 0.286844 0.0340115 0.0691354 0.0324384
5 0.875128 0.130357 0.0619585 0.0674924 0.0324277
5 0.872083 0.0937341 0.0759037 0.147819 0.0322183
2 0.982678 0.226567 0.0340794 0.075092 0.0312519
9 0.464272 0.060251 0.0125168 0.0251892 0.0311749
5 0.851048 0.0977876 0.115646 0.152007 0.0310466
2 0.986699 0.144332 0.025219 0.0344504 0.0308846
0 0.563494 0.163044 0.019046 0.0562715 0.0306595
9 0.450107 0.0679282 0.0173092 0.0232948 0.0305716
5 0.81695 0.0947924 0.187618 0.149185 0.0305673
0 0.208556 0.204354 0.0182448 0.0259197 0.0304522
0 0.190416 0.202429 0.022835 0.0354705 0.030408
2 0.460283 0.286829 0.0766092 0.0879654 0.0303853
2 0.439018 0.270327 0.105977 0.0592962 0.0292644
2 0.989658 0.27393 0.0198748 0.0345948 0.0289109
5 0.875149 0.113864 0.0611679 0.0985719 0.0288037
0 0.504715 0.137336 0.014267 0.0476152 0.0287223
2 0.816174 0.265949 0.0233738 0.0321214 0.0285636
2 0.343357 0.341716 0.0618971 0.051289 0.0283114
2 0.98643 0.142977 0.0259169 0.0345737 0.0283112
2 0.947501 0.272302 0.0329868 0.0973832 0.0280045
2 0.396212 0.330583 0.0571592 0.0496621 0.0279124
2 0.46208 0.267707 0.0666161 0.050806 0.0274718
2 0.443657 0.268162 0.101799 0.0533465 0.0274414
2 0.0112052 0.241785 0.0223489 0.0495472 0.0271914
2 0.462233 0.267996 0.066298 0.0490404 0.0268871
7 0.968384 0.26316 0.0629423 0.362665 0.0268814
2 0.392742 0.328989 0.0591587 0.0515264 0.0266264
0 0.563345 0.1608 0.0198677 0.0606254 0.0261617
2 0.403283 0.330402 0.059181 0.0530678 0.0254776
2 0.405729 0.328998 0.062378 0.0540186 0.0252925
2 0.987859 0.144977 0.0231247 0.0304841 0.0252751
2 0.452985 0.288438 0.0915031 0.0983216 0.0247654
2 0.839709 0.410643 0.0801163 0.133125 0.0247578
2 0.984881 0.268044 0.0295628 0.0514141 0.0247484
0 0.484486 0.276275 0.0271149 0.0354551 0.0246772
0 0.485242 0.292993 0.0242731 0.0683457 0.0246129
2 0.343502 0.340493 0.0615352 0.0477687 0.0244655
2 0.814842 0.264533 0.0288303 0.0356812 0.0241004
0 0.48872 0.276474 0.0208139 0.0433237 0.0240529
2 0.974769 0.265246 0.0504623 0.0936505 0.0240409
2 0.760279 0.160441 0.0598021 0.0303509 0.0240316
2 0.857586 0.203633 0.0213873 0.0525178 0.0238321
5 0.72523 0.0582707 0.233629 0.0632644 0.0238142
9 0.454225 0.064321 0.015764 0.0266182 0.0237129
5 0.874432 0.105579 0.0629242 0.129289 0.0236547
2 0.343857 0.340131 0.0624107 0.0464266 0.0236037
2 0.949479 0.270606 0.0386898 0.0974995 0.0235553
5 0.689367 0.0663033 0.142682 0.0480024 0.0235208
5 0.817246 0.101652 0.186531 0.153279 0.0234589
0 0.190274 0.203417 0.0263533 0.0365907 0.0231439
5 0.608957 0.141665 0.278688 0.105043 0.0230412
2 0.988686 0.276083 0.0217751 0.0298062 0.0229388
2 0.463799 0.268291 0.0693439 0.0509394 0.0228595
9 0.46342 0.0646291 0.0164123 0.0314465 0.0228195
2 0.981437 0.231223 0.036665 0.0668675 0.0227158
2 0.838728 0.441772 0.0797957 0.0757603 0.0224291
2 0.966165 0.255561 0.0665554 0.133104 0.0222401
2 0.343161 0.340532 0.06173 0.0454594 0.0220566
5 0.759226 0.0649367 0.0493087 0.0250653 0.0219434
2 0.344413 0.340586 0.0589211 0.0478982 0.0215851
2 0.0117097 0.495907 0.0232926 0.0998311 0.0214439
5 0.560136 0.147779 0.098365 0.0611546 0.0211568
2 0.985286 0.20209 0.0286358 0.0391276 0.0210778
2 0.877095 0.392011 0.0946671 0.102217 0.0209919
2 0.83802 0.185389 0.0716099 0.0887922 0.0209559
2 0.748209 0.162085 0.0331223 0.0330234 0.0209506
0 0.505563 0.137673 0.0151221 0.0513125 0.0209381
0 0.475204 0.270738 0.0467489 0.0424811 0.0207937
0 0.130111 0.968375 0.259581 0.0629698 0.0207934
5 0.669293 0.141995 0.132545 0.102434 0.0207123
5 0.857539 0.124146 0.109575 0.222246 0.0207026
2 0.861296 0.379184 0.124876 0.0776312 0.0205036
2 0.857466 0.205632 0.0204596 0.0531611 0.0203672
2 0.98403 0.225677 0.0312805 0.077708 0.0203136
2 0.984592 0.19641 0.0299915 0.0509488 0.0202655
2 0.428086 0.299705 0.137821 0.115768 0.0200588
0 0.168453 0.196419 0.019398 0.0550995 0.0197729
2 0.86913 0.386835 0.108905 0.0926672 0.0197445
0 0.482154 0.306114 0.0170811 0.0420032 0.0195953
0 0.190765 0.203569 0.0261375 0.037955 0.0194731
0 0.378969 0.164327 0.0238176 0.0555061 0.0192827
2 0.457097 0.302098 0.0699953 0.076956 0.0190346
2 0.754185 0.154539 0.0446351 0.0291447 0.0189564
2 0.0115743 0.241577 0.0228772 0.0479203 0.0188331
2 0.852393 0.378466 0.099118 0.0753615 0.0185851
0 0.0809665 0.985696 0.161933 0.0280308 0.0184703
2 0.987468 0.143382 0.0244299 0.0344055 0.0183083
2 0.981443 0.229986 0.0365147 0.0721706 0.0179791
