2 0.659508 0.481896 0.157131 0.107714 0.864856
2 0.659732 0.481932 0.15721 0.1073 0.858349
2 0.31317 0.30225 0.0860056 0.0597244 0.855627
2 0.659667 0.481946 0.157585 0.106795 0.8498
2 0.471776 0.30589 0.0871414 0.0521932 0.844815
2 0.312941 0.301953 0.0861541 0.060082 0.83616
2 0.312973 0.302048 0.0857924 0.0603455 0.835879
2 0.659647 0.48166 0.157216 0.107153 0.833495
2 0.923196 0.336146 0.0912468 0.0547141 0.833479
2 0.659728 0.481686 0.157582 0.107116 0.833051
2 0.313497 0.302291 0.0860262 0.0601454 0.830579
2 0.659857 0.481691 0.157026 0.106609 0.828401
2 0.659676 0.481947 0.157426 0.107312 0.827778
2 0.659447 0.481918 0.157567 0.107467 0.826426
2 0.313028 0.302329 0.0853438 0.0608442 0.822124
2 0.313403 0.302184 0.0857874 0.0608614 0.818732
2 0.190382 0.322634 0.0955178 0.0600345 0.818558
2 0.313662 0.302124 0.0859858 0.0607349 0.813755
2 0.47249 0.305665 0.0889228 0.0526382 0.809539
2 0.659615 0.481768 0.15749 0.107143 0.802834
2 0.471968 0.305723 0.0882896 0.0526138 0.799477
2 0.923216 0.33623 0.0911503 0.0549127 0.799196
2 0.472162 0.305662 0.0886001 0.0529857 0.79546
2 0.472464 0.305891 0.0888357 0.0529835 0.792801
2 0.472514 0.306444 0.088883 0.0530831 0.788315
2 0.189935 0.323118 0.0959867 0.0584079 0.787297
2 0.190097 0.322815 0.0957774 0.0584495 0.783333
2 0.189615 0.322822 0.0950263 0.0585188 0.777529
2 0.19023 0.323112 0.0954828 0.0592925 0.777129
2 0.18964 0.322965 0.0962462 0.0582133 0.752028
2 0.471958 0.305895 0.0872347 0.0524191 0.7512
2 0.313583 0.301964 0.0866918 0.059869 0.747855
2 0.923263 0.335946 0.0907475 0.0540007 0.744866
0 0.228021 0.640509 0.0330616 0.120036 0.7438
2 0.31392 0.302138 0.0864024 0.0604795 0.739753
2 0.923153 0.336292 0.0922382 0.0540497 0.736946
2 0.189989 0.323032 0.095677 0.0600709 0.732078
2 0.190207 0.322672 0.0965712 0.059205 0.725513
2 0.923137 0.336274 0.0911396 0.0556302 0.720545
0 0.228238 0.639573 0.0329362 0.122926 0.71078
2 0.0237144 0.509677 0.0474288 0.255821 0.709467
0 0.228373 0.639716 0.0327582 0.123145 0.708885
2 0.924191 0.336639 0.0920906 0.0551494 0.706878
2 0.923212 0.335996 0.0917383 0.054708 0.703971
0 0.228172 0.639433 0.032825 0.122312 0.698681
2 0.471786 0.306367 0.0885149 0.0514638 0.696715
2 0.92324 0.335807 0.0906418 0.0534212 0.675652
2 0.923528 0.336134 0.0916939 0.0558725 0.674438
2 0.0233425 0.512592 0.0466463 0.242364 0.651651
2 0.923552 0.336361 0.0901409 0.054735 0.638918
2 0.471934 0.305642 0.0876106 0.052954 0.633478
2 0.0773242 0.321597 0.0849728 0.0513754 0.633217
2 0.0763599 0.32118 0.0790535 0.051084 0.613346
0 0.227368 0.641409 0.0327313 0.118003 0.597405
0 0.227571 0.639104 0.0327305 0.122083 0.570728
2 0.0754545 0.32195 0.0807805 0.0518704 0.568525
2 0.0230895 0.511268 0.0460272 0.245876 0.551058
2 0.0230349 0.51388 0.0460039 0.241769 0.549087
2 0.190289 0.322645 0.093865 0.0591265 0.544735
0 0.228156 0.641464 0.0329619 0.116613 0.532279
2 0.0237509 0.506525 0.0475018 0.260803 0.530174
0 0.227337 0.641927 0.0330376 0.115949 0.527057
2 0.0231534 0.518437 0.0461234 0.239318 0.522843
2 0.0774404 0.321457 0.085757 0.0501138 0.512815
0 0.22755 0.639637 0.0326375 0.118408 0.510449
2 0.0235391 0.51115 0.0469754 0.254123 0.492202
2 0.023114 0.513826 0.0460669 0.242045 0.480233
2 0.0777009 0.321369 0.0848723 0.0516471 0.473782
2 0.0810892 0.416593 0.158895 0.0919732 0.445821
2 0.0771717 0.321984 0.0814757 0.0505837 0.438047
2 0.0781569 0.416723 0.152682 0.0922537 0.437919
2 0.0777368 0.321755 0.0851099 0.0515867 0.418187
2 0.0682615 0.417022 0.132572 0.0916744 0.39601
2 0.0804819 0.417104 0.157923 0.0927839 0.391747
2 0.0720525 0.41694 0.142448 0.0934492 0.387018
2 0.0830143 0.416497 0.161051 0.0928839 0.386656
0 0.227341 0.639478 0.0342116 0.12329 0.373782
2 0.0231759 0.507618 0.0461987 0.259096 0.356103
2 0.0806452 0.415637 0.159563 0.093064 0.352952
2 0.0766608 0.416404 0.150388 0.0937943 0.35099
0 0.228242 0.641716 0.0326896 0.126813 0.348944
2 0.191816 0.322843 0.100042 0.0602801 0.341519
2 0.313633 0.301669 0.0860947 0.0593373 0.332157
2 0.0752561 0.322778 0.0800939 0.0497026 0.321333
2 0.0769838 0.321684 0.0816661 0.052224 0.319345
2 0.071485 0.415874 0.141329 0.0939521 0.312125
0 0.227466 0.639499 0.0340738 0.123488 0.310242
2 0.0831057 0.417262 0.162206 0.0932321 0.299178
0 0.063164 0.670638 0.0278325 0.0961967 0.256039
9 0.0921719 0.248584 0.013876 0.0390093 0.242271
2 0.922569 0.336324 0.0923895 0.054007 0.241746
2 0.4687 0.305699 0.0826454 0.0519972 0.229894
2 0.022901 0.516621 0.0456586 0.238718 0.210474
2 0.0781955 0.321144 0.0824502 0.0522129 0.193463
2 0.471761 0.305775 0.0874774 0.0518033 0.188453
2 0.922147 0.336625 0.0928284 0.053858 0.187902
2 0.0830437 0.413511 0.16353 0.0898317 0.180535
0 0.0626027 0.670782 0.0290044 0.0958591 0.18015
0 0.227915 0.639662 0.0327209 0.120579 0.178105
0 0.0369287 0.707136 0.0728183 0.17114 0.175376
2 0.014478 0.31846 0.0289378 0.0470478 0.163457
2 0.471849 0.305536 0.0891171 0.0539951 0.163436
2 0.0839832 0.414693 0.162825 0.0936274 0.162412
2 0.0231495 0.519828 0.0462658 0.239715 0.158831
2 0.886191 0.248053 0.0680111 0.0504522 0.156156
2 0.66015 0.481656 0.157671 0.107365 0.147863
2 0.841955 0.24322 0.0202465 0.0229298 0.140862
2 0.0654347 0.420333 0.109741 0.0839426 0.134212
2 0.0147404 0.317759 0.0294058 0.046799 0.130526
2 0.88534 0.248226 0.065295 0.0514815 0.128437
2 0.31275 0.30227 0.0854518 0.0599153 0.127966
2 0.0720274 0.322441 0.0740018 0.0487344 0.127743
2 0.90718 0.2468 0.108698 0.0550965 0.127577
0 0.0370428 0.706976 0.0728244 0.171562 0.127277
0 0.0399677 0.707339 0.0777799 0.170452 0.126455
2 0.0672778 0.419037 0.11633 0.084756 0.123908
2 0.0148046 0.318919 0.0293487 0.0492554 0.116604
0 0.0641359 0.671019 0.0259061 0.095302 0.11341
36 0.10946 0.830741 0.0499507 0.16639 0.113268
2 0.01404 0.319089 0.0280444 0.0466045 0.110074
2 0.266567 0.793087 0.52447 0.232237 0.10995
2 0.274778 0.781444 0.506697 0.209797 0.106559
0 0.0368333 0.706626 0.0720162 0.170005 0.104716
0 0.746461 0.286038 0.017535 0.0427669 0.101789
2 0.90494 0.246544 0.1042 0.0569876 0.101711
0 0.0400898 0.706417 0.0746791 0.169684 0.101253
9 0.0918973 0.250418 0.0141997 0.0416326 0.0998534
0 0.214417 0.293763 0.0152804 0.0282924 0.0993612
0 0.109934 0.320312 0.0267384 0.050088 0.0982102
2 0.891684 0.246684 0.078371 0.0482667 0.0980812
0 0.0628013 0.670263 0.0286445 0.09451 0.0970664
2 0.26682 0.795072 0.523574 0.23845 0.0957795
2 0.904874 0.248715 0.105746 0.0540328 0.0937669
2 0.278986 0.79288 0.500973 0.234351 0.0925357
0 0.753204 0.288556 0.0119947 0.0312189 0.0919138
0 0.0651731 0.673569 0.024476 0.0919785 0.0918964
2 0.283908 0.768731 0.489009 0.184572 0.0908932
0 0.0355712 0.707728 0.0707746 0.168663 0.0903073
2 0.885842 0.250565 0.0674442 0.0523741 0.0902641
2 0.0144226 0.317732 0.0287546 0.047948 0.0895791
9 0.083855 0.182884 0.0142308 0.0305538 0.0885961
0 0.0634921 0.671223 0.0260914 0.0942296 0.0859325
0 0.0640093 0.670409 0.0258397 0.0938038 0.0832629
2 0.90553 0.245591 0.105078 0.060218 0.082949
0 0.0530872 0.669674 0.0481685 0.0945889 0.0827427
0 0.0569361 0.670846 0.04059 0.094879 0.0819035
0 0.227339 0.639656 0.034911 0.123952 0.0804286
2 0.884882 0.238298 0.062858 0.033152 0.0792074
0 0.767718 0.291193 0.0222139 0.0295998 0.0789725
2 0.0856164 0.414892 0.160663 0.0891157 0.0789165
2 0.0150175 0.319187 0.0295857 0.0491886 0.0783769
0 0.244452 0.277804 0.00997105 0.0231027 0.0783752
2 0.285691 0.773829 0.485573 0.197777 0.0777061
0 0.74648 0.289587 0.0180342 0.0481283 0.0774828
2 0.885665 0.230885 0.0588188 0.0201812 0.0771936
2 0.885889 0.251523 0.0666412 0.0524547 0.076283
2 0.269717 0.77688 0.514542 0.197447 0.0739862
2 0.904727 0.248493 0.104903 0.0551034 0.0720222
2 0.888536 0.246858 0.0709146 0.0495271 0.0700635
0 0.745243 0.289991 0.0200901 0.0493641 0.0699709
2 0.0474184 0.38964 0.0939619 0.0429328 0.0689208
0 0.0642355 0.67241 0.0259119 0.0958702 0.0689131
9 0.0912931 0.242034 0.013607 0.0269835 0.068642
2 0.0142025 0.320362 0.0284049 0.0451944 0.068147
36 0.109433 0.830791 0.0499037 0.166203 0.0669467
2 0.0135128 0.321287 0.0269032 0.0436971 0.0665471
2 0.779258 0.221568 0.0175236 0.0282546 0.0663716
36 0.108971 0.831962 0.0512932 0.165009 0.0661779
2 0.280557 0.767826 0.492763 0.182887 0.0659535
0 0.754724 0.291029 0.0143296 0.0353949 0.0647651
2 0.896463 0.249349 0.0901247 0.0525228 0.0631055
2 0.906734 0.246833 0.107874 0.0599568 0.062923
36 0.109103 0.831282 0.0506776 0.165695 0.0620642
0 0.0375528 0.696012 0.0709134 0.147369 0.060979
0 0.0392613 0.670637 0.0691758 0.0988188 0.0592933
2 0.271121 0.778156 0.508876 0.202453 0.0582152
0 0.430609 0.592402 0.0165653 0.050791 0.0581879
0 0.0662049 0.677677 0.0242793 0.0999586 0.0578423
2 0.0719546 0.327938 0.0739854 0.0382414 0.057403
0 0.0539331 0.681296 0.0465164 0.117428 0.0573614
2 0.0687976 0.418555 0.135723 0.0945353 0.056231
0 0.110949 0.320716 0.0257971 0.051432 0.0560721
0 0.111134 0.319965 0.0253919 0.0487264 0.0557146
0 0.109788 0.318962 0.0265233 0.0481434 0.0538516
0 0.745847 0.284078 0.0176287 0.0426417 0.0536678
9 0.718211 0.226121 0.0138116 0.0246686 0.0530005
2 0.0471136 0.389854 0.0928557 0.0435891 0.0528871
0 0.212139 0.2945 0.019632 0.029225 0.052759
0 0.0427136 0.671816 0.0480506 0.0980406 0.0521749
2 0.0240262 0.510586 0.0480523 0.252229 0.0516177
0 0.0138467 0.724513 0.0271314 0.145127 0.0507841
0 0.214623 0.293358 0.0154862 0.0293219 0.0504564
0 0.244154 0.276517 0.0118744 0.0237202 0.0504455
2 0.0699422 0.433478 0.108272 0.0595843 0.0484143
0 0.110036 0.321488 0.0258702 0.0508357 0.0481435
0 0.768091 0.292454 0.0250126 0.0312287 0.0478415
36 0.108919 0.831038 0.0510009 0.165253 0.0472957
9 0.717902 0.22497 0.0146122 0.0276426 0.0466553
0 0.0128581 0.734225 0.0254769 0.12877 0.0462032
0 0.029149 0.707785 0.0580638 0.168675 0.0461623
0 0.0205994 0.709027 0.0409059 0.166268 0.0455459
2 0.899433 0.228138 0.0317772 0.0153493 0.0452711
9 0.717458 0.215358 0.0139944 0.0425269 0.0436617
0 0.0375601 0.70794 0.0751202 0.173471 0.0424512
2 0.0753376 0.417047 0.131513 0.0898465 0.0416278
2 0.123776 0.420398 0.0862852 0.0653307 0.040774
0 0.0148743 0.718102 0.0296113 0.150007 0.0402845
0 0.0130106 0.72679 0.0256734 0.131899 0.039633
0 0.108507 0.831501 0.051306 0.166546 0.0384801
2 0.2667 0.790234 0.517773 0.223466 0.0384555
0 0.969229 0.257165 0.0231873 0.0677758 0.0382165
2 0.0670085 0.419893 0.112308 0.0818955 0.0381388
0 0.0457097 0.671609 0.0580887 0.0973686 0.0379351
0 0.60001 0.263744 0.0265289 0.0496039 0.0376525
2 0.128129 0.425716 0.0777784 0.0581484 0.0365373
2 0.906935 0.247264 0.100616 0.0573514 0.0363289
2 0.471926 0.306076 0.0877617 0.0526295 0.0362551
0 0.0132708 0.719123 0.0265179 0.146646 0.035849
0 0.969166 0.260639 0.0200455 0.0620317 0.0354649
9 0.0804346 0.185867 0.0111069 0.0328902 0.0352832
0 0.0902343 0.245276 0.0127536 0.0305928 0.0331915
2 0.049303 0.390222 0.0913104 0.0432416 0.0326433
9 0.083324 0.179956 0.0167114 0.0348637 0.0319327
2 0.0472185 0.390254 0.0939721 0.0429047 0.031833
0 0.599071 0.264149 0.0264456 0.049221 0.0316346
0 0.73973 0.289473 0.0182666 0.0515458 0.0314037
26 0.230325 0.622222 0.0244565 0.0515635 0.0313828
2 0.842284 0.240305 0.0220924 0.029202 0.0311678
2 0.946385 0.227177 0.0156147 0.020382 0.0309466
2 0.47234 0.305461 0.0867898 0.0521938 0.030721
3 0.771068 0.293771 0.0260267 0.0319062 0.0297407
0 0.727827 0.281455 0.0181562 0.0326491 0.029691
0 0.739092 0.291991 0.0158609 0.048772 0.0294154
0 0.653796 0.466278 0.0235566 0.0240813 0.0293075
0 0.0124965 0.726709 0.0249558 0.130831 0.0292419
2 0.982907 0.258081 0.0335636 0.0530358 0.0291316
2 0.313841 0.301884 0.0848362 0.0605561 0.0290873
36 0.108841 0.831032 0.0514261 0.16618 0.028636
2 0.987267 0.254365 0.0247475 0.0522745 0.0286014
9 0.122118 0.220139 0.0161061 0.030892 0.0284921
0 0.0438867 0.269834 0.0140102 0.0398439 0.0276777
0 0.0434973 0.269013 0.0124963 0.0387873 0.0275524
0 0.0362657 0.706562 0.0725315 0.17433 0.0269724
0 0.598441 0.264067 0.0266966 0.0494093 0.0267689
2 0.0782708 0.32197 0.0885467 0.053609 0.0266773
2 0.0749908 0.320967 0.0787014 0.0512342 0.0266481
2 0.840704 0.242045 0.0246845 0.0253471 0.0263125
2 0.867682 0.250386 0.0308844 0.0438991 0.0258342
0 0.600005 0.263742 0.0228637 0.0498806 0.0251807
0 0.107987 0.831463 0.051148 0.167248 0.0249267
2 0.978645 0.254082 0.0421772 0.0637402 0.0244298
0 0.0126417 0.738505 0.0252834 0.107099 0.024392
0 0.090119 0.24996 0.0136105 0.039288 0.0242223
0 0.967578 0.254332 0.0174458 0.0627188 0.0237241
0 0.430581 0.592049 0.0160194 0.0509014 0.0233064
2 0.836629 0.240924 0.0317562 0.0274112 0.022785
0 0.598127 0.264161 0.0257619 0.0490899 0.0226306
0 0.00770934 0.284631 0.0152477 0.0368846 0.0225333
2 0.885317 0.254052 0.0663975 0.0500783 0.0225012
2 0.979589 0.254658 0.0400669 0.0626685 0.0224952
2 0.904983 0.226032 0.020237 0.0182108 0.0224493
0 0.00527486 0.277483 0.0102972 0.0418829 0.0223837
2 0.0564119 0.390793 0.0947861 0.0447323 0.0221282
0 0.211629 0.29403 0.020754 0.0309048 0.0220651
0 0.00613082 0.278911 0.0119358 0.0438464 0.0217351
2 0.0770847 0.322707 0.0823267 0.0508108 0.0216479
0 0.0428552 0.708369 0.0857104 0.172547 0.0214791
0 0.111546 0.322007 0.0253284 0.0526314 0.0214629
5 0.163535 0.127869 0.11675 0.153885 0.0211892
0 0.968495 0.268804 0.0163227 0.047009 0.0209643
0 0.430777 0.591988 0.0164721 0.0504438 0.0207776
2 0.0838985 0.403003 0.110834 0.0566407 0.0207372
0 0.0670301 0.694656 0.0261417 0.162074 0.020661
2 0.979886 0.257696 0.0395409 0.0606306 0.020651
2 0.016969 0.317135 0.0333735 0.0439076 0.0206352
0 0.730684 0.286992 0.0188099 0.0441773 0.0203952
0 0.0476542 0.67001 0.0532315 0.090918 0.0202439
2 0.982799 0.255622 0.0336945 0.0590369 0.0200626
0 0.0107686 0.738031 0.0215372 0.109269 0.0200537
2 0.513162 0.272079 0.0272923 0.0249806 0.0196479
7 0.915562 0.243573 0.121014 0.0598278 0.0190514
2 0.331176 0.290635 0.0528249 0.0391711 0.0189679
3 0.772388 0.295687 0.0252516 0.0263307 0.0188081
2 0.189702 0.295629 0.0523338 0.0303392 0.0188061
0 0.0130307 0.307695 0.0260509 0.0663375 0.0185755
2 0.124414 0.418407 0.0863046 0.0859026 0.0183337
0 0.495599 0.267057 0.0169125 0.032692 0.0182876
2 0.778824 0.222099 0.0158026 0.0298043 0.0182496
2 0.0170234 0.318956 0.0329999 0.0441194 0.0181084
0 0.257383 0.282391 0.0131655 0.028562 0.0180252
2 0.518576 0.827563 0.0809978 0.0517025 0.0179446
0 0.17119 0.263664 0.0109803 0.0263292 0.0173703
0 0.754335 0.291943 0.0254697 0.0388093 0.0173603
2 0.884532 0.252071 0.0637455 0.0505723 0.0172219
0 0.0957031 0.774861 0.017845 0.0511443 0.017105
2 0.909197 0.244398 0.0934284 0.0522317 0.0167489
2 0.137227 0.432529 0.0608719 0.0508394 0.0166925
2 0.128038 0.418467 0.0747235 0.0392372 0.0165249
2 0.0711055 0.4011 0.12368 0.0535194 0.0162634
0 0.599664 0.264003 0.0257259 0.0498481 0.0161827
