5 0.342327 0.279562 0.622241 0.125443 0.683577
0 0.0666493 0.604648 0.034738 0.132106 0.680598
0 0.066933 0.605251 0.0347303 0.132117 0.672169
5 0.340865 0.279359 0.626382 0.126601 0.670499
5 0.34161 0.279306 0.624789 0.124513 0.663228
0 0.0674334 0.604963 0.0350322 0.130652 0.647699
0 0.06613 0.604649 0.0350989 0.131444 0.641776
0 0.0663582 0.605333 0.036285 0.135654 0.630022
0 0.0673291 0.605147 0.036871 0.131848 0.596865
0 0.0674223 0.608016 0.0362656 0.126311 0.595295
5 0.344289 0.281912 0.621892 0.131136 0.575473
0 0.0669162 0.605525 0.0374373 0.134736 0.565589
5 0.344555 0.281399 0.621442 0.132309 0.558299
5 0.346927 0.282153 0.619683 0.130264 0.54672
5 0.366871 0.282152 0.658845 0.132801 0.530038
0 0.0681358 0.609493 0.036914 0.125027 0.484528
5 0.329663 0.277325 0.646471 0.121886 0.471522
0 0.12485 0.632182 0.0263535 0.0791308 0.455919
0 0.372976 0.621486 0.0272008 0.116734 0.451739
0 0.124747 0.631823 0.0263731 0.0785075 0.451067
5 0.360437 0.283038 0.648682 0.133784 0.448558
0 0.124926 0.632071 0.0267653 0.0798185 0.448351
0 0.372745 0.621129 0.0266973 0.11733 0.444835
0 0.373184 0.613451 0.0263442 0.103291 0.428495
0 0.150754 0.615203 0.0272584 0.0984861 0.41995
0 0.124779 0.631636 0.0266987 0.0806376 0.41148
0 0.150384 0.616014 0.0283323 0.0994637 0.391515
0 0.149493 0.612731 0.0310746 0.106596 0.384578
0 0.372856 0.622921 0.0277833 0.122054 0.38259
0 0.14999 0.611397 0.0293965 0.106707 0.373265
0 0.373104 0.613834 0.0263434 0.104101 0.352645
0 0.150615 0.611918 0.0310127 0.107602 0.345798
0 0.372291 0.624207 0.0288045 0.124323 0.341293
0 0.151764 0.61721 0.0248063 0.0929777 0.340551
0 0.372837 0.624022 0.0275165 0.123433 0.317121
0 0.125299 0.633208 0.0263262 0.0802663 0.315356
0 0.150562 0.612029 0.0291615 0.107945 0.314945
0 0.124606 0.631091 0.0267707 0.0807838 0.304077
0 0.150632 0.612038 0.0297714 0.107608 0.29266
0 0.372067 0.623798 0.0266298 0.125474 0.290081
0 0.373428 0.614412 0.0267826 0.103649 0.289975
2 0.989747 0.271508 0.0198868 0.103478 0.274684
0 0.124753 0.63378 0.0270722 0.0769566 0.257549
2 0.98995 0.271644 0.0194227 0.101452 0.245815
0 0.0960306 0.63456 0.0215305 0.072061 0.238443
0 0.0650209 0.604946 0.032983 0.134215 0.223651
0 0.0972076 0.634637 0.020526 0.0720915 0.219938
0 0.371746 0.624239 0.0311013 0.126272 0.21942
0 0.150046 0.612725 0.0304487 0.108062 0.21682
2 0.989123 0.268994 0.0212097 0.107949 0.215703
0 0.148732 0.612238 0.0312202 0.108263 0.21375
0 0.75443 0.251805 0.0155737 0.043722 0.211486
2 0.98956 0.269952 0.0203655 0.106792 0.207864
0 0.11685 0.6329 0.0433529 0.0803308 0.199095
0 0.150636 0.612335 0.0292297 0.107691 0.197805
0 0.746794 0.252127 0.0217654 0.0457148 0.193492
0 0.0685403 0.608989 0.0358157 0.124417 0.189612
0 0.0675684 0.608266 0.0358999 0.123863 0.18757
0 0.683565 0.251598 0.0150742 0.0417637 0.183469
0 0.746285 0.252057 0.0214355 0.0472171 0.17788
0 0.0650608 0.604088 0.0324438 0.133611 0.162447
0 0.685961 0.254098 0.0156221 0.0453493 0.160314
0 0.754181 0.251783 0.0177205 0.0420505 0.158385
0 0.0980113 0.634907 0.0212797 0.0730667 0.157316
0 0.683913 0.253721 0.0154144 0.0449886 0.150884
0 0.124188 0.62849 0.0267866 0.0770336 0.150366
0 0.373475 0.609837 0.02646 0.0927622 0.149516
0 0.095919 0.630108 0.0198364 0.062211 0.149455
0 0.747238 0.252816 0.0242659 0.047394 0.142913
0 0.684479 0.25434 0.0157579 0.0434459 0.142607
0 0.124834 0.631365 0.0264898 0.0768353 0.14031
2 0.887645 0.207758 0.0656979 0.054089 0.139349
0 0.685488 0.252505 0.0159207 0.0441154 0.137742
0 0.11827 0.631923 0.0400174 0.0811876 0.135989
5 0.355146 0.279242 0.635624 0.130234 0.133286
0 0.989544 0.268852 0.0202366 0.104545 0.131343
0 0.989696 0.271429 0.0199699 0.1028 0.122039
0 0.150556 0.610367 0.029257 0.104246 0.120424
0 0.10055 0.636135 0.0261856 0.073255 0.116935
0 0.149142 0.620643 0.0273662 0.0888132 0.11571
0 0.748611 0.25169 0.024962 0.0488873 0.114509
0 0.752893 0.250546 0.0166174 0.0452069 0.108462
0 0.767727 0.255057 0.0197418 0.0347498 0.106998
0 0.152429 0.619229 0.023216 0.0921617 0.105829
2 0.889018 0.210632 0.0709641 0.053903 0.103085
2 0.904394 0.190021 0.026092 0.0179908 0.101606
5 0.331147 0.277431 0.644455 0.121296 0.100858
2 0.990145 0.285718 0.0190964 0.0750453 0.0990361
5 0.541023 0.277072 0.227052 0.118875 0.0982185
0 0.148183 0.613402 0.0312061 0.110295 0.097161
0 0.991021 0.267463 0.0173019 0.102438 0.0964083
5 0.142226 0.291039 0.209654 0.098312 0.0939567
0 0.101215 0.636441 0.0231322 0.0725983 0.0912411
0 0.753601 0.252384 0.0203362 0.0429711 0.0895749
0 0.103667 0.636289 0.0272813 0.0736239 0.0884229
2 0.989633 0.278667 0.0199698 0.0889473 0.0876706
2 0.890267 0.208273 0.0708422 0.0527524 0.0851124
5 0.142649 0.291189 0.209444 0.0969573 0.0834903
0 0.149953 0.61023 0.0284973 0.103572 0.0810779
0 0.686448 0.252872 0.0179653 0.0473219 0.0800777
2 0.888695 0.212489 0.0681326 0.052538 0.0793457
0 0.727487 0.247501 0.0239568 0.0346678 0.0756826
0 0.770606 0.256605 0.0244917 0.032266 0.0753741
0 0.726948 0.254126 0.025648 0.0401532 0.0739978
0 0.988753 0.265626 0.0220083 0.115523 0.0731536
0 0.687095 0.253916 0.0183208 0.0452758 0.0715818
0 0.684872 0.247336 0.0173241 0.0391773 0.0702681
2 0.826855 0.204078 0.0595791 0.0261789 0.0695272
0 0.00823536 0.722792 0.0164707 0.0891491 0.0693895
0 0.686519 0.253552 0.0179995 0.0461271 0.0684185
5 0.14222 0.290901 0.209407 0.0970346 0.0676975
5 0.143025 0.290931 0.208927 0.0959563 0.0660583
5 0.14234 0.291366 0.209612 0.0988481 0.0657375
0 0.993663 0.260398 0.0119097 0.0850702 0.0652136
2 0.888299 0.214412 0.0676155 0.0514926 0.0639986
0 0.00596704 0.720763 0.0119341 0.0890282 0.0620914
0 0.102431 0.636294 0.0252415 0.0742847 0.0613916
2 0.82943 0.203247 0.0517925 0.0281839 0.0613614
2 0.890615 0.209843 0.0724436 0.0562045 0.0595007
2 0.889477 0.212231 0.0710842 0.0532895 0.0582974
0 0.102769 0.634895 0.0265873 0.0757801 0.0561749
0 0.776399 0.25949 0.0215099 0.0256109 0.0558894
2 0.889243 0.213458 0.0705473 0.0516691 0.0552366
2 0.906816 0.188753 0.025795 0.0194006 0.0527685
2 0.888162 0.214158 0.0701202 0.0496859 0.0522024
0 0.13385 0.628762 0.0262203 0.0842077 0.0514385
2 0.989752 0.290061 0.0196545 0.0669813 0.0509579
0 0.0141194 0.716996 0.0282284 0.100815 0.0497048
2 0.894765 0.208857 0.0805786 0.0571424 0.0471007
0 0.00971652 0.723474 0.019433 0.0896688 0.0467696
0 0.0185615 0.290496 0.0266353 0.0382282 0.0456807
0 0.0135065 0.720064 0.0270129 0.0968157 0.0438861
2 0.830775 0.201526 0.0531454 0.0323102 0.0437436
2 0.830096 0.199552 0.0524025 0.0358797 0.0433302
2 0.870535 0.216703 0.0328625 0.0482798 0.0418253
2 0.827114 0.201835 0.0579166 0.0302362 0.0416468
0 0.772839 0.256781 0.0272039 0.0318877 0.040664
2 0.844813 0.205383 0.021159 0.0237334 0.040107
0 0.686642 0.248756 0.0185422 0.0427303 0.0400976
2 0.872028 0.216842 0.040036 0.0515152 0.0393328
36 0.372309 0.65303 0.0198544 0.067247 0.0389924
0 0.0132777 0.719063 0.0265555 0.0980943 0.0381684
0 0.72858 0.258233 0.0273991 0.044815 0.0377549
2 0.829388 0.202477 0.0535637 0.0289776 0.0376755
36 0.372662 0.656889 0.017986 0.0596361 0.0375643
2 0.559946 0.310722 0.0809353 0.0391933 0.0368612
0 0.0135132 0.720511 0.0270264 0.0960817 0.0362034
0 0.108486 0.674452 0.0363341 0.158854 0.0361464
0 0.0991448 0.633492 0.0239904 0.070946 0.0359825
0 0.150809 0.614767 0.0311006 0.108394 0.034966
0 0.0131723 0.721859 0.0263445 0.0935653 0.0349032
2 0.899714 0.210932 0.0910564 0.0538759 0.0347284
5 0.465477 0.276124 0.375899 0.120088 0.0347156
2 0.907307 0.189717 0.0339767 0.0230427 0.0345917
2 0.831987 0.201989 0.0541027 0.0318392 0.0340223
0 0.0181635 0.290903 0.0316633 0.0371382 0.0325845
2 0.990197 0.302653 0.0188969 0.0449229 0.0312332
0 0.0138758 0.718399 0.0254191 0.0944244 0.03114
0 0.113846 0.645368 0.04272 0.105086 0.031117
0 0.994097 0.245425 0.0111065 0.0633132 0.0306182
2 0.989336 0.270436 0.0203659 0.104294 0.0305748
0 0.771958 0.256178 0.0307063 0.0323647 0.0304518
5 0.142777 0.290541 0.208308 0.0977718 0.0304411
0 0.372392 0.623572 0.0271318 0.124053 0.0300837
0 0.75437 0.252122 0.0290552 0.0433103 0.0299717
0 0.126288 0.6373 0.0261569 0.074404 0.0295716
0 0.740153 0.255281 0.018582 0.0486902 0.0288962
2 0.553049 0.31083 0.0647606 0.0371638 0.0287131
2 0.561368 0.310802 0.0817263 0.0384202 0.0286986
5 0.541203 0.276349 0.227128 0.114518 0.0279608
0 0.76081 0.254569 0.0190018 0.04172 0.0279362
0 0.733329 0.238162 0.0127686 0.0230785 0.0277728
0 0.12752 0.62888 0.0368823 0.0868572 0.0273773
2 0.877214 0.200893 0.0401016 0.0298899 0.026501
2 0.553267 0.310711 0.0653952 0.0377077 0.0262001
0 0.868503 0.180201 0.0198988 0.0235353 0.0258196
0 0.124314 0.636646 0.0266104 0.0755445 0.025215
0 0.462716 0.320961 0.0235081 0.0256576 0.0250479
2 0.564054 0.310971 0.0871221 0.0391671 0.0250201
5 0.142786 0.290332 0.207457 0.0951298 0.0246768
0 0.104975 0.664164 0.0303954 0.135829 0.0246051
2 0.889395 0.214779 0.0725338 0.0509056 0.0245682
0 0.738287 0.251765 0.0145718 0.0472073 0.0240152
2 0.718227 0.189497 0.0162291 0.0270158 0.0238089
0 0.374285 0.622501 0.0314561 0.121218 0.0237831
9 0.0836611 0.157269 0.0126166 0.0297398 0.0234291
2 0.562378 0.31075 0.087592 0.0396293 0.0229569
0 0.462538 0.321118 0.0264961 0.0260842 0.0227853
7 0.438269 0.724743 0.172663 0.157153 0.0227014
0 0.552351 0.270051 0.0168998 0.0380199 0.0223479
0 0.106204 0.676239 0.0369628 0.160509 0.0221865
0 0.148226 0.612301 0.0318969 0.107721 0.0220369
2 0.890542 0.212101 0.0710842 0.0453079 0.0219714
2 0.82591 0.198415 0.0624218 0.0373409 0.0205102
2 0.988846 0.267659 0.0214901 0.10594 0.020216
2 0.989577 0.302636 0.0197594 0.0454508 0.0201318
0 0.583506 0.269039 0.0199333 0.0260148 0.0200444
0 0.725956 0.255 0.0267551 0.0389878 0.0198151
2 0.869676 0.216691 0.030512 0.0457802 0.0195839
0 0.00612842 0.294166 0.0119886 0.0312479 0.0191601
36 0.372484 0.652699 0.0212656 0.0686948 0.0190092
0 0.00833007 0.726597 0.0166601 0.0838066 0.0188365
0 0.552901 0.265883 0.0151503 0.0322415 0.018782
0 0.725644 0.249328 0.0254427 0.0314769 0.0186538
2 0.563608 0.311261 0.0856751 0.0409406 0.0184118
0 0.551455 0.271432 0.0171619 0.0375844 0.0182589
2 0.924957 0.211549 0.143462 0.0572745 0.0182495
2 0.7181 0.188378 0.0159793 0.0281645 0.0181885
9 0.844878 0.0803785 0.0728426 0.0373939 0.0180314
2 0.890936 0.215687 0.0776779 0.0529941 0.0180156
2 0.869918 0.214231 0.0308846 0.0509422 0.0178916
0 0.0102513 0.724731 0.0205027 0.0870063 0.0177463
0 0.0190573 0.312323 0.0378562 0.0799823 0.017664
2 0.90953 0.187487 0.027306 0.024118 0.0170539
0 0.0128115 0.724206 0.0256229 0.0876709 0.0169647
0 0.0954511 0.632912 0.0269738 0.0761522 0.0169475
8 0.263822 0.687271 0.52649 0.294785 0.0168474
0 0.726042 0.257597 0.0276159 0.0401751 0.0163591
2 0.8253 0.195731 0.0627924 0.0437006 0.0163526
0 0.745033 0.25808 0.0296247 0.0519619 0.0160906
2 0.869384 0.216307 0.0305141 0.0465277 0.0153484
0 0.0201155 0.31322 0.0401169 0.0844125 0.01518
2 0.90579 0.207029 0.0978991 0.053865 0.0145593
0 0.0101867 0.715516 0.0202709 0.0956869 0.0144698
0 0.0128362 0.726092 0.0256723 0.0845348 0.0143949
0 0.632993 0.271028 0.0217226 0.0375174 0.014372
2 0.982129 0.220361 0.0350203 0.0649308 0.014228
0 0.150504 0.606777 0.0288344 0.0973941 0.0141682
0 0.990825 0.217227 0.0176739 0.074432 0.0140162
36 0.372877 0.658597 0.0197819 0.0564044 0.0140122
38 0.434017 0.596642 0.0168176 0.114549 0.0139397
0 0.778475 0.260422 0.0198563 0.0228209 0.0138666
0 0.718581 0.194209 0.0161803 0.0460244 0.0136596
0 0.186914 0.311489 0.0221293 0.0365475 0.0135457
2 0.89801 0.189729 0.0437885 0.0213327 0.0133718
0 0.588237 0.268621 0.0223158 0.0299517 0.0132555
0 0.992116 0.194462 0.0149967 0.0450949 0.0131574
38 0.434439 0.59608 0.0180838 0.114072 0.0129775
2 0.988109 0.258998 0.0227768 0.102551 0.0129439
0 0.0103106 0.291827 0.0204652 0.0392003 0.012835
0 0.185628 0.310162 0.0173114 0.03373 0.0128177
9 0.995244 0.133021 0.00885849 0.0336418 0.0127638
0 0.991698 0.206725 0.0158895 0.0465194 0.012722
13 0.6264 0.31616 0.0574932 0.0408579 0.012486
13 0.150212 0.368859 0.182373 0.0631123 0.0124236
0 0.890085 0.387857 0.0146778 0.0329284 0.012325
0 0.188788 0.310791 0.0192961 0.0357692 0.0120633
2 0.919397 0.207416 0.132104 0.0686915 0.0119784
0 0.019862 0.306474 0.038505 0.067632 0.0118608
0 0.0147029 0.70226 0.0229272 0.0641019 0.0117997
2 0.871555 0.200922 0.0262081 0.0268413 0.0117065
8 0.263228 0.735064 0.52502 0.187954 0.011672
0 0.987101 0.214238 0.0253321 0.0802918 0.0115585
0 0.184033 0.16353 0.0120007 0.0271595 0.011522
0 0.0207901 0.292535 0.0327731 0.0335338 0.0114859
2 0.981513 0.225312 0.0355915 0.05524 0.0113911
13 0.626968 0.326064 0.057736 0.026719 0.0111147
0 0.889792 0.387169 0.0138107 0.031854 0.0110939
0 0.72984 0.259583 0.0287848 0.0502849 0.0108815
9 0.990985 0.0336475 0.0175179 0.0638684 0.0108549
2 0.551377 0.310895 0.0614884 0.0370017 0.0108352
0 0.121271 0.601246 0.017202 0.0224875 0.0107636
0 0.613104 0.268307 0.0198723 0.0383818 0.0107241
2 0.551358 0.310903 0.062307 0.0372394 0.0106578
0 0.459957 0.321234 0.0312031 0.0277155 0.0105482
2 0.538616 0.799043 0.0442684 0.0391539 0.0105113
0 0.868238 0.173835 0.0178877 0.0366526 0.0104171
13 0.626275 0.314706 0.0571057 0.0426062 0.0103185
13 0.627211 0.324629 0.0572834 0.0282556 0.0103019
2 0.943274 0.18705 0.021315 0.0252707 0.0102039
0 0.992886 0.190589 0.0134649 0.0537463 0.0100489
5 0.381664 0.2838 0.208103 0.0989045 0.0100448
9 0.84552 0.0806687 0.0726917 0.037229 0.00999883
0 0.728801 0.197942 0.0258459 0.0911535 0.00992257
0 0.150784 0.611546 0.0337434 0.107964 0.00991107
9 0.0831433 0.155363 0.0150355 0.0330445 0.00978408
0 0.102945 0.64498 0.031517 0.0887583 0.00969246
0 0.183642 0.163356 0.0132051 0.0284057 0.00968131
0 0.0845731 0.608597 0.0454284 0.125769 0.00961083
0 0.00787431 0.724014 0.0157486 0.0882217 0.00959277
0 0.15623 0.171582 0.0133184 0.0339817 0.00958426
0 0.0206391 0.290496 0.0351591 0.0386688 0.00957202
2 0.522465 0.312463 0.165466 0.0434229 0.00938078
2 0.537461 0.797459 0.04259 0.0386389 0.0093375
0 0.551074 0.271907 0.0185476 0.0385005 0.00928922
13 0.627337 0.327494 0.0561379 0.0257365 0.00910468
0 0.188724 0.311484 0.0208717 0.036657 0.00908078
0 0.634396 0.271937 0.0255348 0.0375903 0.00906158
0 0.717856 0.190192 0.0172858 0.0429463 0.00904054
0 0.0715129 0.179519 0.0102874 0.0272342 0.00902278
0 0.463051 0.32151 0.0251785 0.0267864 0.00896591
0 0.533909 0.271206 0.0162984 0.0349121 0.0089408
0 0.186962 0.309096 0.020026 0.036366 0.00885537
0 0.46735 0.270088 0.0180133 0.0321602 0.00872806
7 0.435979 0.723181 0.175733 0.158663 0.00865985
7 0.439216 0.725731 0.171586 0.155987 0.0085367
2 0.942579 0.184032 0.0246082 0.0307878 0.00853127
0 0.55096 0.272453 0.0187819 0.039078 0.00848904
7 0.436787 0.723638 0.175331 0.15848 0.00844023
13 0.157826 0.368064 0.166614 0.0618333 0.00842954
