2 0.755624 0.212541 0.0542601 0.0689453 0.782512
2 0.755746 0.212649 0.054332 0.0691191 0.777724
2 0.148241 0.439302 0.148627 0.130014 0.769595
2 0.147873 0.43917 0.148615 0.130065 0.760756
2 0.147456 0.439084 0.149585 0.129626 0.757553
2 0.75598 0.21224 0.0536916 0.0699154 0.756798
2 0.755708 0.212693 0.0537179 0.0676838 0.74537
2 0.755702 0.213314 0.0549076 0.0682502 0.713705
2 0.147956 0.439105 0.148424 0.13017 0.708228
2 0.755634 0.213134 0.0546305 0.0699754 0.695383
2 0.14691 0.438982 0.14907 0.1294 0.692063
2 0.7556 0.212575 0.0549061 0.0692124 0.68889
2 0.147676 0.438998 0.14848 0.129992 0.665335
2 0.147774 0.438913 0.149134 0.130244 0.623893
2 0.146796 0.439167 0.149622 0.129774 0.617602
2 0.147307 0.438684 0.149494 0.129526 0.602169
2 0.755774 0.212652 0.0529919 0.0696717 0.577019
2 0.755474 0.213017 0.0540352 0.0673889 0.571899
2 0.842132 0.0884604 0.0311283 0.0401266 0.569011
2 0.981614 0.350903 0.036227 0.111844 0.531558
2 0.842275 0.0886742 0.0305363 0.0399804 0.52578
2 0.933684 0.0831564 0.0325623 0.0443415 0.508643
2 0.842015 0.0875555 0.031683 0.0400968 0.50684
2 0.755581 0.213292 0.0549792 0.0686947 0.506344
2 0.970464 0.104145 0.0356232 0.0491585 0.483276
2 0.453032 0.261742 0.0757542 0.0921677 0.463861
2 0.84197 0.0900542 0.0306973 0.0396666 0.463789
2 0.892404 0.0620381 0.0249928 0.0359591 0.45527
2 0.453083 0.261742 0.075729 0.0919656 0.440531
2 0.453251 0.261857 0.0751986 0.0921912 0.440123
2 0.9816 0.351018 0.0362658 0.111733 0.427375
2 0.842252 0.0900473 0.0306059 0.0394934 0.425676
2 0.981609 0.350979 0.0362701 0.111661 0.420648
2 0.596282 0.208818 0.0604357 0.0656066 0.420534
2 0.842086 0.087441 0.0330198 0.0406862 0.418381
2 0.596023 0.2087 0.0596314 0.0652945 0.413027
2 0.969903 0.106145 0.0341757 0.0497337 0.410872
2 0.595998 0.209316 0.0598457 0.0651403 0.409698
2 0.596174 0.209064 0.0607306 0.0650619 0.407289
2 0.933742 0.0825039 0.0324795 0.0462271 0.40311
2 0.989466 0.0470922 0.0203016 0.0328703 0.396485
2 0.712826 0.102716 0.0454579 0.0484949 0.395792
2 0.842202 0.0901466 0.0282642 0.0398289 0.39035
2 0.595768 0.209383 0.0592718 0.0664263 0.389735
2 0.892174 0.0624226 0.0248621 0.0354924 0.389693
2 0.892566 0.0626879 0.0254574 0.035043 0.388878
2 0.746398 0.0552176 0.0266493 0.0284303 0.382236
2 0.453387 0.261904 0.075703 0.0919595 0.373723
2 0.672141 0.0940573 0.0400956 0.0672631 0.369985
2 0.453337 0.261958 0.0760836 0.0925051 0.364819
2 0.933988 0.082958 0.0310722 0.045287 0.362808
2 0.982065 0.352561 0.0352163 0.110833 0.360024
2 0.71419 0.103292 0.0445906 0.0477087 0.359897
2 0.970111 0.104384 0.0342884 0.0509765 0.35782
2 0.453222 0.261735 0.0756052 0.0921103 0.357056
2 0.989707 0.0460971 0.0197392 0.0326341 0.355516
2 0.453437 0.261729 0.073452 0.0911791 0.332382
2 0.970666 0.104192 0.0350847 0.049917 0.33163
5 0.671511 0.094643 0.0390703 0.0656724 0.325083
2 0.970221 0.103876 0.0344629 0.0502934 0.324918
2 0.713314 0.103063 0.0457068 0.048029 0.322643
2 0.714973 0.103261 0.0436863 0.047456 0.318452
2 0.981401 0.351514 0.0366713 0.11217 0.318047
2 0.970088 0.103351 0.036001 0.0494824 0.304522
2 0.453227 0.261482 0.0759752 0.0919695 0.303511
2 0.970051 0.10495 0.0349524 0.0515642 0.291584
2 0.595222 0.209075 0.0598768 0.066337 0.2877
2 0.981837 0.351733 0.0356384 0.11113 0.279916
2 0.671347 0.0939383 0.0395745 0.0659867 0.27233
2 0.67199 0.0944828 0.0399811 0.0678671 0.271248
2 0.969639 0.104976 0.0335756 0.0485835 0.26963
5 0.671397 0.0947071 0.0395502 0.0661496 0.268656
2 0.713699 0.101905 0.0443539 0.0484705 0.267592
2 0.982338 0.352941 0.0345592 0.111006 0.266092
2 0.595546 0.209031 0.0602553 0.0650188 0.26119
2 0.970347 0.10454 0.0343105 0.0507667 0.259674
2 0.67265 0.0940973 0.0421976 0.0669658 0.255577
2 0.842265 0.0884898 0.0314165 0.0406003 0.253078
2 0.478105 0.176245 0.0615292 0.0755512 0.247476
2 0.886611 0.0181617 0.0251642 0.03366 0.244705
5 0.671702 0.0941991 0.0392614 0.0656896 0.2437
2 0.892598 0.0618847 0.0252659 0.0364362 0.243014
2 0.595957 0.209112 0.059868 0.0653298 0.240357
2 0.72168 0.0320694 0.0232023 0.027753 0.231569
2 0.713169 0.102585 0.0456687 0.048456 0.22964
5 0.671558 0.0947811 0.0400091 0.0658138 0.228832
2 0.746356 0.0552569 0.0268637 0.0296307 0.222198
2 0.989474 0.0469324 0.0200924 0.0350419 0.217765
2 0.712892 0.102659 0.0452385 0.0479546 0.206478
2 0.478056 0.175722 0.061796 0.0751547 0.204462
2 0.453497 0.261632 0.0758032 0.092076 0.197633
2 0.93381 0.0823702 0.0320633 0.0460758 0.195175
2 0.886875 0.0190828 0.0245178 0.0337068 0.19365
2 0.47851 0.175645 0.0615557 0.0764597 0.192452
2 0.933915 0.0830805 0.0309454 0.0451844 0.190336
2 0.714115 0.102377 0.0456533 0.0482184 0.186798
2 0.720856 0.0324617 0.0233791 0.0275239 0.181962
2 0.74619 0.0545423 0.0281853 0.0294214 0.178353
5 0.671158 0.0940996 0.0389491 0.06599 0.176988
2 0.893714 0.0623254 0.0283743 0.036433 0.173076
2 0.969946 0.103622 0.0360308 0.0490644 0.171092
2 0.84702 0.049799 0.0246365 0.0345305 0.17
2 0.933942 0.0829445 0.0314865 0.0456626 0.164454
2 0.713829 0.10323 0.046937 0.0474851 0.153587
2 0.478385 0.175589 0.061928 0.0759502 0.152028
2 0.746324 0.0574191 0.0259375 0.0256746 0.149338
2 0.478412 0.175773 0.0605489 0.0764201 0.149091
2 0.713565 0.103337 0.0447122 0.0469944 0.148513
2 0.783738 0.0384552 0.026321 0.0329029 0.148304
2 0.846056 0.050859 0.0255032 0.0349641 0.148075
2 0.934082 0.083368 0.0311909 0.0450482 0.147957
2 0.891474 0.0606488 0.0265778 0.0376358 0.147015
2 0.886232 0.0183309 0.0243427 0.0342127 0.145268
2 0.890841 0.0628369 0.0236748 0.0356811 0.142203
2 0.842166 0.0874355 0.0324764 0.0410948 0.138865
2 0.989543 0.0467476 0.0200651 0.0349194 0.133377
2 0.981905 0.352389 0.0354927 0.110734 0.128938
2 0.477982 0.176565 0.0620113 0.0755001 0.12387
2 0.747069 0.0544443 0.0300637 0.0307216 0.123731
2 0.478665 0.175463 0.059613 0.0753104 0.117793
2 0.782068 0.0336509 0.0269056 0.0323908 0.113516
2 0.713811 0.101485 0.042651 0.0475125 0.11243
2 0.982091 0.351147 0.0351366 0.111601 0.109457
2 0.453065 0.262543 0.0744232 0.0921626 0.108087
2 0.846887 0.0506921 0.0250849 0.0371817 0.107396
2 0.886344 0.0180127 0.0254631 0.0345873 0.106118
2 0.748168 0.0557936 0.029952 0.0257091 0.10255
2 0.479163 0.175942 0.0605044 0.0755417 0.100769
2 0.747922 0.0556941 0.0308188 0.0300337 0.0993269
2 0.59529 0.208715 0.0601891 0.0656588 0.0982808
2 0.989718 0.044964 0.0198841 0.0346289 0.0981519
2 0.893616 0.0621697 0.0284525 0.0370102 0.0960714
2 0.783729 0.0387548 0.0270205 0.0381652 0.089619
2 0.755486 0.213034 0.0540199 0.0682524 0.0867262
2 0.88731 0.0189181 0.0238812 0.0334597 0.0853138
2 0.756033 0.210382 0.0535415 0.0660285 0.0837003
5 0.671381 0.0951478 0.0397852 0.0653414 0.0809181
2 0.886274 0.0178097 0.0249912 0.0349507 0.0789167
2 0.586738 0.21067 0.0420263 0.059507 0.0775496
5 0.886859 0.0170102 0.0272369 0.0340204 0.0760103
2 0.595161 0.208452 0.0597467 0.0656837 0.0754531
2 0.77985 0.0527938 0.0142647 0.0143068 0.0695053
2 0.93362 0.0826239 0.0331018 0.0454676 0.0690499
2 0.934562 0.0805603 0.0313116 0.0469619 0.0669427
2 0.842349 0.0895699 0.0318666 0.0398192 0.0666254
2 0.783054 0.035005 0.0279348 0.0407846 0.0628164
2 0.45394 0.261633 0.075391 0.0917947 0.0566729
2 0.755721 0.212292 0.054014 0.0692474 0.0556068
2 0.846062 0.0508401 0.0264299 0.0381454 0.0523756
2 0.721621 0.0319147 0.0237112 0.0289135 0.0513484
5 0.671192 0.0938536 0.0391907 0.0654338 0.0485288
2 0.713597 0.101985 0.0417141 0.0476592 0.0454431
2 0.718412 0.0325279 0.0291211 0.0294851 0.0454325
2 0.755584 0.208753 0.0533071 0.0624842 0.040377
7 0.990323 0.047218 0.018734 0.0324708 0.039698
2 0.753002 0.0541839 0.0413456 0.0301108 0.039152
2 0.745716 0.0554899 0.0323208 0.0307697 0.0385395
2 0.971485 0.101525 0.0331051 0.045609 0.0383415
2 0.580255 0.226534 0.027895 0.0303409 0.0370978
2 0.477803 0.177077 0.0619244 0.0724693 0.0367657
5 0.6701 0.0953391 0.0356565 0.0658503 0.0349984
7 0.477762 0.178118 0.0616472 0.0755929 0.0326191
2 0.590755 0.212562 0.0502001 0.0580059 0.032272
2 0.671272 0.0941086 0.0401447 0.066416 0.0316374
2 0.819769 0.0138351 0.0201283 0.022106 0.0303628
2 0.933715 0.0829942 0.0331064 0.0445945 0.0298481
2 0.215619 0.00594282 0.0350367 0.0118856 0.0293404
2 0.721708 0.0312923 0.0223433 0.0287859 0.0285833
2 0.971682 0.102318 0.0331314 0.0473848 0.0283609
5 0.854654 0.0375607 0.0403461 0.0638429 0.0272352
5 0.842817 0.0860457 0.0320013 0.0421516 0.026961
2 0.780472 0.0346949 0.0255091 0.0337732 0.026756
2 0.671816 0.082349 0.0379627 0.0435041 0.0256431
2 0.193223 0.010655 0.0762209 0.0213099 0.0255484
2 0.782674 0.0232614 0.0263746 0.036592 0.0245969
2 0.172942 0.011719 0.0361453 0.0229771 0.0235597
0 0.173017 0.0119426 0.0372829 0.0238851 0.0233595
2 0.671145 0.0917318 0.0387766 0.061508 0.0233122
2 0.892771 0.0640313 0.0263571 0.0361513 0.0226332
2 0.884676 0.185654 0.0190563 0.0375659 0.0225682
2 0.981694 0.352775 0.0359058 0.112112 0.0223444
2 0.970285 0.104357 0.0358231 0.0495059 0.0220972
2 0.982763 0.351912 0.033803 0.110604 0.0217006
2 0.981954 0.344751 0.0351707 0.102112 0.0216872
2 0.595956 0.206281 0.0581894 0.0603083 0.0215772
5 0.874376 0.0188612 0.0513157 0.0372554 0.0208921
5 0.954604 0.0538485 0.0724728 0.107697 0.0207728
2 0.173318 0.0113967 0.0376047 0.0227934 0.0204415
2 0.226779 0.0125895 0.158049 0.0251791 0.0202892
7 0.989244 0.0450484 0.0205647 0.0370637 0.0198074
2 0.704384 0.107254 0.0254013 0.0418361 0.019559
0 0.142334 0.0141545 0.0254742 0.028309 0.0192938
2 0.209194 0.00807316 0.0477079 0.0161173 0.0192729
5 0.860563 0.0365616 0.0483393 0.0700203 0.0189223
2 0.585392 0.222676 0.0390191 0.0350215 0.0181909
7 0.478721 0.173708 0.0595499 0.0744814 0.0180103
2 0.560579 0.229957 0.0150146 0.015102 0.0178724
2 0.890142 0.0416309 0.0289928 0.0750655 0.0177836
2 0.173261 0.0112581 0.0376556 0.0223977 0.017725
7 0.730177 0.0295038 0.0390278 0.0332394 0.0175827
2 0.933297 0.0818567 0.0331192 0.0455596 0.0173825
0 0.141901 0.014431 0.0247187 0.0280439 0.0173335
2 0.783988 0.0383423 0.0282813 0.0383589 0.0162088
2 0.600144 0.193399 0.0480722 0.0361044 0.0161033
2 0.595875 0.209674 0.0609793 0.0654666 0.0159797
5 0.478225 0.17714 0.0643735 0.0785124 0.0158819
2 0.883144 0.185887 0.0173658 0.0404307 0.0158369
5 0.754197 0.036397 0.0591681 0.066749 0.0156963
7 0.743459 0.0255225 0.066205 0.0495356 0.0156081
2 0.147951 0.438904 0.149419 0.130865 0.0154943
2 0.583054 0.224275 0.0324528 0.0341344 0.0153696
5 0.720438 0.0325128 0.0239479 0.0246197 0.0148891
2 0.791782 0.0182109 0.040567 0.0339715 0.0148669
2 0.597741 0.193243 0.0529259 0.0369739 0.0146709
2 0.803692 0.0125261 0.0334259 0.0250522 0.0144971
5 0.742503 0.0352042 0.0629981 0.065731 0.0144367
2 0.783334 0.0116749 0.0251492 0.0233499 0.0142108
5 0.746357 0.0324472 0.067242 0.0621277 0.0141887
5 0.869638 0.0158968 0.0358547 0.0317935 0.0140707
2 0.598225 0.193217 0.0508204 0.0368352 0.0139967
2 0.209615 0.0125793 0.121319 0.0251586 0.0138771
2 0.820089 0.0122333 0.026437 0.0242931 0.0138644
2 0.463452 0.194998 0.0326448 0.0391605 0.0138236
5 0.865253 0.0204176 0.0399853 0.0408352 0.0135966
0 0.169256 0.0127967 0.0463426 0.0255934 0.0131122
5 0.8677 0.0347973 0.0617554 0.0695946 0.0131086
7 0.981247 0.343139 0.0368351 0.129228 0.0129507
2 0.229313 0.00725549 0.0807367 0.0144922 0.0127448
7 0.79267 0.0131435 0.0413369 0.026287 0.0126629
2 0.802435 0.0148763 0.0217353 0.0237929 0.0126101
2 0.147521 0.438829 0.147754 0.130003 0.0125898
5 0.785162 0.0265954 0.0310573 0.0513242 0.012542
2 0.883628 0.185883 0.0181353 0.0408084 0.0121333
2 0.195785 0.0122997 0.0859113 0.0245993 0.0118422
2 0.225432 0.0130962 0.11353 0.0261924 0.0115712
5 0.841824 0.0852477 0.0330555 0.0450057 0.0111724
5 0.8651 0.0340689 0.0476704 0.0681378 0.0110678
0 0.161869 0.0240586 0.0676588 0.0473892 0.0109501
2 0.892312 0.0638372 0.0263206 0.0362822 0.0109217
2 0.46364 0.183778 0.0333048 0.0578544 0.0106538
2 0.596368 0.207442 0.057207 0.0616892 0.0106249
7 0.988011 0.031691 0.0231323 0.061805 0.0105315
7 0.857478 0.0407524 0.0475506 0.0734234 0.010456
0 0.05104 0.025204 0.039406 0.0499993 0.0102964
2 0.241911 0.0105068 0.10555 0.0210135 0.010189
2 0.712349 0.103265 0.0428918 0.0491105 0.010068
2 0.773194 0.0513579 0.0172876 0.0268006 0.00989784
5 0.851736 0.0370299 0.0408863 0.0669301 0.00977453
2 0.925417 0.0045844 0.0200798 0.0091688 0.00975668
0 0.15647 0.0157546 0.0593839 0.0315092 0.00959498
5 0.847155 0.0472752 0.0261494 0.0378087 0.00942556
9 0.137249 0.717292 0.0264151 0.0824619 0.00919248
7 0.988602 0.0741203 0.0223797 0.0950637 0.00903227
7 0.982738 0.0323962 0.0336004 0.0642553 0.00877596
0 0.171063 0.024059 0.0477969 0.04714 0.00873311
7 0.980552 0.289912 0.0383844 0.237657 0.00871378
2 0.229491 0.012279 0.163354 0.024558 0.00850413
2 0.925308 0.00442592 0.0195953 0.00884155 0.00835943
7 0.990278 0.0480727 0.0184771 0.0354402 0.00813768
0 0.141457 0.014494 0.0296908 0.0289879 0.00805009
5 0.848642 0.0363308 0.0624376 0.0726616 0.00795413
2 0.778481 0.0403745 0.0230841 0.0363355 0.00791231
5 0.747163 0.0390128 0.0518712 0.05798 0.00789678
2 0.71917 0.0872692 0.0330736 0.0236849 0.00776636
5 0.981811 0.0495559 0.0362129 0.0434239 0.00775337
2 0.146593 0.438506 0.14919 0.130013 0.00748302
2 0.240813 0.0138495 0.116197 0.027699 0.00745764
0 0.161966 0.0136213 0.0632233 0.0272427 0.00745502
2 0.719105 0.0319534 0.0295361 0.0298029 0.00732966
0 0.0450129 0.0265103 0.0326987 0.0518109 0.00714444
0 0.173543 0.0259811 0.0422905 0.0519622 0.00702985
7 0.478006 0.17474 0.0600107 0.075684 0.00697163
5 0.957361 0.049889 0.0798985 0.099778 0.00692718
7 0.477823 0.17947 0.0613844 0.0733668 0.00680862
0 0.160169 0.0256191 0.0696544 0.0512382 0.00661454
7 0.989221 0.0690696 0.0209093 0.0764025 0.00656213
2 0.7556 0.214026 0.0534004 0.0674526 0.00645201
2 0.974699 0.106499 0.0458561 0.0501116 0.0062353
5 0.948297 0.0541814 0.0656866 0.10743 0.00593648
2 0.758933 0.160547 0.0238298 0.0259112 0.00584046
0 0.0529034 0.0243526 0.0354637 0.0486807 0.00571971
5 0.743962 0.0287006 0.0627097 0.0564063 0.00555325
0 0.0480096 0.0260917 0.0410087 0.051739 0.00553778
5 0.897848 0.0158788 0.0474436 0.0317575 0.00551375
2 0.581949 0.231025 0.0371632 0.029433 0.00546572
2 0.597805 0.193191 0.0519483 0.036807 0.00541977
5 0.986768 0.0336801 0.0261257 0.0641652 0.00538619
0 0.106852 0.768239 0.0160049 0.0421864 0.0053731
0 0.141313 0.0148165 0.0280245 0.0291204 0.00535761
7 0.780636 0.0267572 0.0260419 0.0383383 0.00528278
2 0.744357 0.308431 0.0458909 0.0746707 0.0052687
2 0.609352 0.193977 0.0293765 0.0351214 0.00523705
0 0.842542 0.103166 0.0298992 0.0679134 0.00517206
5 0.864627 0.012929 0.0320725 0.0258581 0.00515671
0 0.0464232 0.0255652 0.0462713 0.0511303 0.00506229
2 0.240288 0.0141121 0.112629 0.0282243 0.0050276
2 0.857785 0.0588448 0.0451776 0.0524181 0.00496008
2 0.0121818 0.0496789 0.0242159 0.0220022 0.00495341
2 0.984454 0.34477 0.0304806 0.096307 0.00488572
2 0.460811 0.191426 0.0397038 0.0419449 0.00475001
