2 0.248958 0.481151 0.126574 0.124299 0.767134
2 0.248335 0.481021 0.125921 0.123741 0.751689
2 0.248292 0.48167 0.12587 0.124301 0.748443
2 0.248386 0.481548 0.126399 0.125941 0.739519
2 0.248596 0.481676 0.125769 0.125555 0.735086
2 0.248193 0.48167 0.125633 0.125388 0.730401
2 0.247939 0.481533 0.125452 0.125591 0.729047
2 0.611465 0.26226 0.0551269 0.0691781 0.727362
2 0.248884 0.48164 0.126075 0.12488 0.722621
2 0.248791 0.48175 0.126064 0.125255 0.721474
2 0.603646 0.203222 0.0430891 0.044806 0.713807
2 0.729137 0.148471 0.0263203 0.0273216 0.686786
2 0.248714 0.481923 0.12592 0.125575 0.679018
2 0.611674 0.262262 0.0550678 0.0696699 0.67171
2 0.729497 0.147626 0.026885 0.0290707 0.670887
2 0.666452 0.192664 0.0351814 0.0393903 0.669717
2 0.666286 0.193388 0.0342075 0.0382364 0.668753
2 0.666146 0.193785 0.0342375 0.0383118 0.661961
2 0.603601 0.203383 0.0434557 0.0449158 0.653206
2 0.603797 0.203524 0.0434671 0.0449995 0.649461
2 0.666625 0.192326 0.0352574 0.0396214 0.640928
2 0.611547 0.261271 0.0554035 0.0698274 0.638026
2 0.603991 0.203315 0.0440529 0.0435853 0.630844
2 0.767646 0.248818 0.042505 0.0512544 0.627194
2 0.768334 0.248688 0.0427283 0.0513312 0.621764
2 0.767755 0.249462 0.0422593 0.0509813 0.617592
2 0.667462 0.192424 0.0347395 0.0394291 0.614621
2 0.807689 0.707043 0.112302 0.211903 0.60779
2 0.807341 0.70711 0.111942 0.212421 0.597238
2 0.768552 0.24907 0.0435104 0.0518701 0.595218
2 0.667167 0.192116 0.0363133 0.0402617 0.595211
2 0.604144 0.203316 0.0437792 0.0441281 0.595075
2 0.666543 0.192345 0.0357321 0.0397209 0.590948
2 0.767706 0.248488 0.0424751 0.0517612 0.590194
2 0.807501 0.707257 0.111807 0.211574 0.587638
2 0.60408 0.203462 0.0433609 0.0450672 0.587075
2 0.6036 0.203448 0.0433974 0.0447915 0.586198
2 0.666484 0.192067 0.0360928 0.03955 0.585687
2 0.768373 0.249311 0.0432764 0.0513017 0.581969
2 0.604599 0.203894 0.0450691 0.0456175 0.581019
2 0.436275 0.394928 0.10932 0.107519 0.579578
2 0.80758 0.70717 0.112153 0.212052 0.577119
2 0.768476 0.249467 0.0421644 0.0523691 0.569947
2 0.672051 0.152316 0.0279002 0.0336091 0.560833
2 0.610714 0.263105 0.055093 0.0698217 0.559042
2 0.603619 0.203669 0.0437727 0.0437583 0.547225
2 0.436959 0.394677 0.111867 0.106965 0.546988
2 0.672064 0.152541 0.0275685 0.0322109 0.543583
2 0.767759 0.249326 0.0421463 0.0514443 0.542027
2 0.435939 0.394924 0.10892 0.10706 0.541878
2 0.8385 0.157293 0.0301628 0.036366 0.540239
2 0.43599 0.395217 0.109946 0.108702 0.539234
2 0.807191 0.707237 0.111966 0.211691 0.537016
2 0.435744 0.395162 0.109975 0.108365 0.534931
2 0.729667 0.147982 0.0275358 0.0289689 0.533778
2 0.278034 0.374205 0.0965551 0.10613 0.531915
2 0.436001 0.395044 0.109618 0.107856 0.52874
2 0.435801 0.395684 0.10899 0.108507 0.528037
2 0.278098 0.374807 0.0955746 0.10617 0.522969
2 0.806913 0.707555 0.112741 0.21245 0.520638
2 0.838365 0.158878 0.0301603 0.0356719 0.518763
2 0.729307 0.149177 0.0262011 0.0272928 0.516247
2 0.6114 0.262544 0.0564023 0.0687097 0.514882
2 0.76874 0.248842 0.0427699 0.0526716 0.507025
2 0.611388 0.262469 0.0549675 0.070161 0.506352
2 0.603586 0.204311 0.0444757 0.0447693 0.504418
2 0.277851 0.375205 0.0954914 0.106815 0.50053
2 0.671701 0.152743 0.0277742 0.0332948 0.499767
2 0.806757 0.706907 0.11255 0.21144 0.496775
2 0.838348 0.158659 0.029917 0.0363855 0.492721
2 0.806792 0.706735 0.111693 0.212245 0.492488
2 0.611378 0.262282 0.0556087 0.0689045 0.485947
2 0.278008 0.374778 0.095295 0.106386 0.476412
2 0.434691 0.397053 0.111486 0.111141 0.469761
2 0.807285 0.707103 0.112584 0.211468 0.466068
2 0.604846 0.203174 0.0434166 0.0458126 0.457655
2 0.838025 0.158052 0.0295258 0.0365761 0.457015
2 0.838437 0.158017 0.029826 0.0369324 0.453906
2 0.471618 0.308074 0.0803478 0.0770895 0.452873
2 0.471216 0.307487 0.0796747 0.0774031 0.452522
2 0.471211 0.308267 0.0788355 0.0767141 0.450972
2 0.278129 0.37488 0.0959445 0.106297 0.445544
2 0.278548 0.373972 0.0963884 0.106241 0.424727
2 0.0849561 0.0926188 0.0695495 0.0313934 0.422102
2 0.671754 0.152648 0.0279413 0.0342281 0.419696
2 0.837934 0.156757 0.0303347 0.036665 0.417226
2 0.610155 0.261685 0.0531628 0.0691077 0.415824
2 0.27822 0.375372 0.095982 0.105998 0.412361
2 0.768254 0.249977 0.0417773 0.0509319 0.411608
2 0.471237 0.308406 0.0808348 0.0757236 0.408004
2 0.27813 0.37411 0.0965575 0.105423 0.39842
2 0.278571 0.373889 0.0959318 0.105632 0.395709
2 0.611768 0.261477 0.0556799 0.0691396 0.386178
2 0.471197 0.307532 0.0804359 0.0773182 0.377717
2 0.471449 0.255853 0.0500594 0.0543475 0.373655
2 0.879402 0.163495 0.0272373 0.0402336 0.373647
2 0.0867368 0.0910072 0.065824 0.0290092 0.35702
2 0.0846812 0.0923148 0.0695554 0.0310377 0.354307
2 0.666654 0.191817 0.0360403 0.0408898 0.346813
2 0.729609 0.147643 0.0281076 0.0323216 0.342066
2 0.831715 0.258667 0.0419119 0.0594994 0.323075
2 0.471352 0.308692 0.0813526 0.0777268 0.323039
2 0.434631 0.399171 0.110918 0.115762 0.320921
2 0.965228 0.101708 0.0188412 0.0263956 0.315907
5 0.83172 0.258516 0.0418257 0.059651 0.304269
2 0.470968 0.308163 0.0812618 0.0776307 0.297392
2 0.879359 0.163805 0.027887 0.0398958 0.293268
2 0.472296 0.255676 0.0492995 0.0547513 0.292743
2 0.0835463 0.0919633 0.0730437 0.0323964 0.275855
67 0.806545 0.707208 0.112371 0.21112 0.268094
2 0.762021 0.117509 0.0442575 0.0252651 0.267943
2 0.879242 0.163108 0.0278282 0.0404362 0.266387
2 0.277591 0.380784 0.0950875 0.0971849 0.263187
2 0.47014 0.255449 0.0514605 0.0533383 0.260521
2 0.838459 0.158064 0.0296879 0.0349384 0.260037
2 0.831828 0.258639 0.042326 0.0606421 0.246354
2 0.279137 0.386881 0.0915843 0.0780736 0.239236
5 0.831222 0.257724 0.0416311 0.0596753 0.22917
5 0.832155 0.258024 0.0417934 0.059993 0.225149
2 0.470632 0.256282 0.0537031 0.0535442 0.21579
2 0.770532 0.118177 0.0259687 0.0234668 0.213431
2 0.729455 0.147809 0.0281698 0.0341971 0.212341
2 0.0823475 0.0919118 0.0743843 0.0327544 0.21125
2 0.0854281 0.0901706 0.0679532 0.0289438 0.208889
2 0.87933 0.164483 0.0288425 0.0398095 0.208183
7 0.831605 0.257458 0.0414192 0.0588366 0.207738
2 0.879407 0.164617 0.0278013 0.039447 0.207003
2 0.749046 0.117076 0.0207253 0.0238382 0.205532
2 0.87955 0.165217 0.0280203 0.037836 0.204281
2 0.470441 0.256589 0.0513413 0.0529472 0.199503
2 0.278447 0.388186 0.0928287 0.0801019 0.197962
2 0.4718 0.255398 0.0463512 0.0522155 0.190774
2 0.0825395 0.092683 0.0698635 0.032733 0.189551
2 0.879553 0.163925 0.0275543 0.0401553 0.188338
2 0.471264 0.255936 0.0504203 0.0540789 0.187598
2 0.469158 0.256043 0.0518119 0.0529188 0.187237
2 0.730946 0.14733 0.0302758 0.0287516 0.185048
2 0.0811578 0.0936748 0.0759175 0.0356495 0.183248
2 0.793357 0.120945 0.0200389 0.0211694 0.182465
2 0.831269 0.258648 0.0417126 0.0597236 0.177262
2 0.0818184 0.093991 0.0763258 0.0364554 0.174122
2 0.964972 0.102299 0.0200054 0.0248918 0.172922
2 0.471484 0.307821 0.0811421 0.0782536 0.168355
2 0.611528 0.260835 0.0548156 0.0705329 0.165721
2 0.468177 0.255509 0.0527392 0.0517801 0.15341
2 0.768553 0.250691 0.0420006 0.0509695 0.151093
2 0.288447 0.340576 0.0710539 0.0383332 0.14565
2 0.830916 0.257768 0.041362 0.0604434 0.144631
2 0.287156 0.341097 0.0729544 0.0388605 0.14009
2 0.450475 0.0344984 0.0317768 0.0193855 0.137614
2 0.791486 0.119044 0.0205912 0.0237383 0.135929
2 0.47147 0.308083 0.0799742 0.0771683 0.131288
2 0.87917 0.162882 0.0277164 0.0425485 0.130212
2 0.471034 0.255863 0.0547129 0.0539225 0.127262
2 0.0758316 0.0952751 0.0894761 0.0379979 0.12285
2 0.73066 0.147093 0.0305746 0.0294964 0.121753
2 0.288704 0.340732 0.070603 0.0381701 0.118945
2 0.469601 0.259046 0.0502213 0.0488502 0.11726
7 0.832516 0.258016 0.0419575 0.0592988 0.116779
2 0.471433 0.256553 0.0508862 0.0545212 0.116304
2 0.0844029 0.0950924 0.0721844 0.0375453 0.113481
2 0.831598 0.0682139 0.0303455 0.0245877 0.110794
2 0.450248 0.0342557 0.0311922 0.0207697 0.110715
2 0.471681 0.307862 0.0794136 0.0786051 0.108409
2 0.288745 0.340461 0.0700136 0.0382967 0.105424
2 0.749857 0.116032 0.0224336 0.026475 0.105016
2 0.749839 0.11688 0.022155 0.0258734 0.0993317
2 0.471757 0.307761 0.0810534 0.0770631 0.0989658
2 0.670539 0.153075 0.0308608 0.0328724 0.0950389
2 0.757041 0.152225 0.0236682 0.0236278 0.0941449
2 0.769415 0.118939 0.0290813 0.0278009 0.0911849
2 0.768006 0.251847 0.0416124 0.0472031 0.0910952
2 0.761756 0.116976 0.0459267 0.0267472 0.0908333
2 0.611419 0.263111 0.0550453 0.0672965 0.0903232
2 0.277343 0.378546 0.0938775 0.0991215 0.089472
2 0.96541 0.100235 0.0188406 0.0279775 0.0878842
2 0.472241 0.249738 0.0457651 0.0410961 0.0872354
2 0.832341 0.0681302 0.0284946 0.0240453 0.087075
0 0.53383 0.0242114 0.0182746 0.0232919 0.0844423
2 0.278981 0.36262 0.091447 0.0822321 0.0812703
2 0.437297 0.394805 0.112671 0.108659 0.0795121
2 0.833347 0.0661691 0.0260304 0.0239401 0.0794974
2 0.768709 0.248591 0.0436756 0.0531957 0.0774363
2 0.83091 0.258893 0.0415602 0.0594408 0.077219
2 0.278265 0.389998 0.0939787 0.0812749 0.0771993
2 0.670414 0.153454 0.030998 0.0341124 0.0759048
2 0.880685 0.16406 0.030755 0.0413046 0.0747185
2 0.278935 0.363624 0.0915882 0.0822605 0.0744843
2 0.450055 0.0347452 0.0343203 0.0216156 0.0742371
2 0.822379 0.069738 0.0151253 0.018777 0.0737632
2 0.749295 0.115584 0.0216106 0.0257908 0.0717275
2 0.666037 0.193974 0.0351597 0.0403841 0.0705733
2 0.449675 0.0349478 0.0335952 0.0216185 0.0699356
2 0.333428 0.0523327 0.0379087 0.0208495 0.069802
2 0.837984 0.0694343 0.025098 0.0238172 0.0695625
2 0.432959 0.396093 0.103114 0.101942 0.0688284
2 0.0665634 0.0957111 0.105471 0.0393644 0.0678411
2 0.288719 0.340809 0.0711247 0.0393229 0.0635989
2 0.0863356 0.0955607 0.0691592 0.0382159 0.0632026
2 0.472572 0.255745 0.0499506 0.0537428 0.0618186
2 0.00985325 0.0992979 0.0196234 0.0316271 0.0594263
2 0.93024 0.0567769 0.0165981 0.0160805 0.0592644
2 0.289397 0.339956 0.071891 0.0372503 0.059081
2 0.476486 0.240785 0.0360918 0.0235432 0.0580419
2 0.880619 0.163417 0.030562 0.0416824 0.056331
2 0.912927 0.0918867 0.0143797 0.019682 0.0560254
2 0.289361 0.34054 0.07067 0.0386978 0.0558216
2 0.333556 0.0531001 0.0406546 0.0221895 0.0558005
2 0.831124 0.261083 0.0400259 0.0553659 0.0549209
2 0.280572 0.360748 0.0971264 0.0781981 0.0548095
2 0.277382 0.381303 0.0956269 0.0966837 0.0537092
2 0.768333 0.248619 0.042758 0.0509049 0.0535254
5 0.392103 0.0319984 0.162541 0.0639967 0.0532556
2 0.33394 0.0518633 0.039646 0.0210659 0.0511975
2 0.611615 0.261644 0.0541153 0.065618 0.0497046
0 0.533884 0.0249116 0.018325 0.0216408 0.0489203
0 0.0617478 0.0676335 0.0401756 0.0843902 0.0483491
2 0.603988 0.203305 0.043758 0.0448348 0.0482438
0 0.0654298 0.0543152 0.0287675 0.0607362 0.048067
0 0.00934396 0.0990388 0.0186043 0.0292029 0.0479822
2 0.288462 0.340081 0.0667356 0.0367947 0.0468127
5 0.364482 0.0312916 0.107001 0.0617218 0.0467203
2 0.278299 0.388959 0.0929331 0.0760724 0.0462433
2 0.761726 0.120941 0.0455423 0.0298343 0.0461181
5 0.831812 0.259264 0.0416306 0.0615102 0.0460955
2 0.61116 0.262549 0.0551955 0.0678242 0.0458223
2 0.282364 0.364218 0.0870183 0.0848621 0.0450637
2 0.801584 0.0990805 0.0158508 0.019947 0.0446848
5 0.381848 0.0314015 0.142771 0.0626089 0.0441441
7 0.419519 0.0239161 0.109685 0.0477963 0.0432655
0 0.0654378 0.0538792 0.031207 0.0595185 0.0425434
2 0.280271 0.372896 0.0893422 0.0675463 0.0417169
2 0.280188 0.387144 0.0902381 0.0776399 0.0413091
2 0.857972 0.0576492 0.0163971 0.0180068 0.0412241
5 0.965265 0.100141 0.019083 0.0299087 0.0411007
2 0.770246 0.122199 0.0492483 0.0329103 0.0406678
2 0.671158 0.153657 0.0286956 0.0346492 0.0401556
0 0.0639782 0.0534163 0.0275059 0.0543304 0.0394341
2 0.666366 0.1931 0.0351498 0.0375399 0.0387427
0 0.0641334 0.0543408 0.0305134 0.0574386 0.0385465
2 0.758246 0.148513 0.0262892 0.0221958 0.0385456
2 0.279736 0.363447 0.095941 0.0789614 0.0380781
5 0.363768 0.0323431 0.104901 0.0602735 0.0373386
2 0.670176 0.152887 0.0312019 0.0320961 0.0362525
2 0.262879 0.448896 0.094449 0.0556791 0.0352819
5 0.39065 0.030405 0.162038 0.06081 0.034617
7 0.0409507 0.070992 0.08172 0.0882496 0.0341667
2 0.475854 0.254327 0.0423156 0.0508017 0.0340832
0 0.407144 0.0281162 0.0183966 0.0435498 0.0336053
2 0.879647 0.162095 0.0274828 0.0420652 0.03277
2 0.671186 0.153496 0.0289753 0.0348852 0.0326153
2 0.475573 0.242209 0.0381149 0.0263691 0.0310581
2 0.0602848 0.101796 0.119666 0.0519066 0.0309178
2 0.83527 0.0661672 0.0303675 0.0254278 0.0305741
7 0.422405 0.0232994 0.104174 0.0465988 0.0301154
5 0.363297 0.0320065 0.105711 0.0604668 0.0291003
0 0.0661985 0.0533704 0.032267 0.0615783 0.0290575
2 0.730107 0.145802 0.0283075 0.032852 0.0275138
7 0.0518033 0.070384 0.1033 0.0897377 0.0270894
2 0.160174 0.0834559 0.0490135 0.0152128 0.0263089
2 0.912787 0.0918393 0.0155954 0.0204799 0.0262618
2 0.074593 0.0939318 0.0812171 0.035159 0.0260453
2 0.0884159 0.0939898 0.0662551 0.0352721 0.0260199
2 0.792748 0.123819 0.0178904 0.0207235 0.0259575
2 0.163395 0.0832323 0.0513258 0.0140194 0.0255931
0 0.0667515 0.0530601 0.0318237 0.0644565 0.0252201
7 0.83039 0.256663 0.0414577 0.0587352 0.025213
2 0.965305 0.0999935 0.0216682 0.0282186 0.025121
2 0.437612 0.394261 0.110237 0.10559 0.0246019
2 0.730159 0.145835 0.0282339 0.0330466 0.0245413
0 0.534701 0.0246575 0.0215326 0.0229654 0.0242249
0 0.263107 0.413682 0.0624626 0.0375834 0.0242148
2 0.0602258 0.0970674 0.117253 0.0416704 0.0241846
0 0.0158839 0.0833856 0.0222872 0.0415183 0.0241328
2 0.947955 0.0815355 0.0134108 0.0171308 0.023889
2 0.262033 0.448447 0.0931627 0.0577626 0.0238749
7 0.0416856 0.0716589 0.0828391 0.0895114 0.0237526
7 0.042334 0.0648194 0.084668 0.0735846 0.0236957
5 0.422578 0.0244619 0.0986287 0.0489238 0.0235659
5 0.379773 0.0314345 0.138251 0.0614723 0.0235173
0 0.0354931 0.0952749 0.0219242 0.0324266 0.0235031
2 0.833672 0.0702472 0.0292854 0.0247766 0.0228239
2 0.270173 0.0622927 0.026474 0.0154312 0.0224255
2 0.839256 0.154781 0.0322807 0.0417534 0.0224148
2 0.076317 0.0914955 0.0816526 0.0343016 0.0223247
2 0.279115 0.3773 0.0917562 0.0614398 0.022151
2 0.433794 0.394212 0.10539 0.104191 0.0219569
7 0.0590729 0.0730803 0.117869 0.094363 0.0219071
2 0.261829 0.448586 0.086638 0.0525003 0.0217461
0 0.914599 0.0905963 0.0131737 0.0187848 0.0216372
2 0.881241 0.16506 0.0319576 0.0392875 0.0211049
0 0.257081 0.413421 0.0491668 0.0366355 0.0207632
79 0.890957 0.969642 0.0189457 0.0597162 0.0205064
0 0.408149 0.0283846 0.0162773 0.0424165 0.0204752
7 0.344267 0.0360505 0.0667681 0.0537105 0.0202808
7 0.0412588 0.062334 0.0821273 0.0705006 0.0201892
2 0.764157 0.136109 0.0449856 0.0418047 0.0200617
0 0.405338 0.0267252 0.0204575 0.0459828 0.0197058
2 0.430469 0.411518 0.129684 0.138751 0.0194807
2 0.0601549 0.102937 0.119491 0.052875 0.0193416
