2 0.127584 0.51746 0.152239 0.106011 0.84933
2 0.128062 0.517214 0.152178 0.106884 0.835077
2 0.283986 0.439851 0.117779 0.089293 0.827514
2 0.127675 0.51779 0.15221 0.105956 0.82076
2 0.12856 0.517317 0.152314 0.106207 0.819697
2 0.127416 0.517487 0.151706 0.105867 0.817442
2 0.284285 0.439317 0.11638 0.0901684 0.800285
2 0.127825 0.517343 0.15165 0.105821 0.786808
2 0.284349 0.439793 0.117619 0.0893297 0.779857
2 0.128029 0.517701 0.150335 0.106043 0.776985
2 0.284493 0.439524 0.118479 0.0888928 0.770362
2 0.28421 0.439754 0.117116 0.0889464 0.762319
2 0.284233 0.439821 0.117374 0.0885023 0.753913
2 0.30956 0.211268 0.0683531 0.0403102 0.747356
2 0.28448 0.439501 0.118915 0.0904029 0.746211
2 0.284202 0.439896 0.117792 0.0897342 0.73618
2 0.0877845 0.469812 0.144371 0.108528 0.735243
2 0.0870705 0.469981 0.142771 0.108521 0.728477
2 0.126271 0.517113 0.152869 0.105475 0.727811
2 0.087963 0.470598 0.143785 0.107684 0.723895
2 0.0874197 0.469877 0.144257 0.108313 0.718568
5 0.524556 0.164598 0.132783 0.0868769 0.713516
2 0.127541 0.518152 0.152362 0.105499 0.706541
2 0.0871186 0.470396 0.141931 0.108605 0.693758
2 0.0875339 0.469815 0.144457 0.109414 0.686018
2 0.309593 0.211273 0.0673582 0.040312 0.685418
2 0.0879937 0.469144 0.14444 0.107634 0.681174
2 0.704229 0.297635 0.0624037 0.0658682 0.678097
2 0.704163 0.297512 0.061553 0.0645601 0.677223
2 0.436477 0.203758 0.0592333 0.0395286 0.676864
2 0.437086 0.203252 0.0597033 0.039385 0.676437
2 0.436727 0.203573 0.0598533 0.0395128 0.670784
2 0.247124 0.399938 0.110416 0.0803152 0.665381
5 0.52484 0.164833 0.132767 0.0875575 0.665212
2 0.0880434 0.469397 0.143717 0.107729 0.655743
2 0.0872492 0.470453 0.145013 0.108799 0.648979
2 0.246273 0.400055 0.109026 0.0799883 0.642
5 0.524493 0.16392 0.132524 0.0880774 0.631545
2 0.704307 0.297451 0.0618947 0.0657555 0.630876
2 0.704483 0.297478 0.0625839 0.0658157 0.617266
2 0.704512 0.297445 0.062193 0.0659885 0.615803
2 0.436426 0.203483 0.0580145 0.0401151 0.61239
2 0.24618 0.399295 0.108813 0.0798619 0.605847
2 0.246961 0.399464 0.109469 0.0788284 0.605261
5 0.524858 0.164685 0.132453 0.0891086 0.605105
2 0.437481 0.203116 0.0598043 0.0400259 0.602968
2 0.309067 0.211022 0.0687597 0.0418774 0.60044
2 0.245707 0.399074 0.10708 0.079914 0.587125
2 0.720435 0.192235 0.0557623 0.0432404 0.586431
2 0.523402 0.296104 0.0734066 0.0587862 0.584135
2 0.704105 0.297952 0.0623936 0.0666126 0.575722
0 0.234213 0.737094 0.0403854 0.100064 0.57458
2 0.704492 0.297332 0.0616347 0.0660576 0.572853
2 0.309285 0.212138 0.069124 0.0405072 0.571774
2 0.771224 0.183647 0.0533722 0.0434363 0.569542
2 0.436683 0.203585 0.06001 0.0400099 0.567882
5 0.52462 0.164183 0.130901 0.0851767 0.563897
2 0.395296 0.295448 0.0620825 0.0516842 0.559998
5 0.524614 0.16572 0.132306 0.0890557 0.555843
3 0.238043 0.767074 0.0772197 0.0711294 0.55096
5 0.525373 0.165377 0.132981 0.0904172 0.548162
2 0.522798 0.295899 0.0717686 0.057861 0.548161
2 0.436865 0.203274 0.0591804 0.0395637 0.546946
2 0.308952 0.21124 0.0689919 0.0416057 0.54148
2 0.890596 0.170998 0.0536348 0.0323286 0.540978
2 0.523183 0.295429 0.0721729 0.0590711 0.536654
2 0.246338 0.400403 0.108615 0.0806478 0.53557
2 0.89018 0.171158 0.0550186 0.0336482 0.530494
2 0.771251 0.182857 0.0544792 0.0432964 0.528731
2 0.719643 0.19205 0.0548029 0.0428604 0.52154
3 0.238238 0.768805 0.0765186 0.0691696 0.520963
2 0.771305 0.183412 0.0537438 0.0433731 0.51965
2 0.5238 0.295196 0.0751657 0.0593889 0.516893
2 0.525977 0.296112 0.0780561 0.0606313 0.516069
2 0.523593 0.296154 0.0726542 0.057966 0.514828
0 0.235315 0.73808 0.0399068 0.0989746 0.506394
0 0.233837 0.737572 0.0415061 0.0994551 0.50374
2 0.771084 0.183254 0.0539036 0.043631 0.497705
2 0.436491 0.203565 0.059206 0.039562 0.493615
0 0.235204 0.737565 0.0431405 0.100611 0.486636
2 0.130109 0.214449 0.0420441 0.0393132 0.478529
2 0.309211 0.210848 0.0677291 0.0411316 0.475219
0 0.234939 0.737336 0.0404575 0.0985647 0.472282
2 0.771351 0.182798 0.0548161 0.0436218 0.471891
2 0.719424 0.191156 0.0541081 0.0408689 0.470362
2 0.719381 0.191508 0.0554977 0.0424177 0.46856
0 0.469359 0.379294 0.0275093 0.0614488 0.467111
2 0.206762 0.217612 0.0587116 0.0439266 0.459946
3 0.469854 0.385004 0.0268692 0.0599376 0.45702
2 0.591826 0.257467 0.056465 0.0521335 0.456946
5 0.524742 0.164726 0.132014 0.0908832 0.45471
2 0.309163 0.212161 0.0676394 0.0419413 0.453194
2 0.207604 0.218521 0.0608267 0.0444411 0.447371
2 0.890539 0.171085 0.0548595 0.0328023 0.446912
2 0.77127 0.183026 0.0537884 0.0442324 0.444971
3 0.237774 0.76931 0.0765847 0.0677221 0.443869
2 0.951513 0.236508 0.0311069 0.0484587 0.442523
2 0.309072 0.211295 0.0682659 0.0422664 0.442246
2 0.395442 0.296434 0.06149 0.052834 0.439684
2 0.343323 0.19233 0.0717585 0.0410286 0.439343
2 0.591878 0.257953 0.0569785 0.0523716 0.43581
2 0.704259 0.29742 0.0627637 0.0668436 0.434003
2 0.240281 0.399452 0.0960609 0.0793076 0.4297
2 0.592015 0.257813 0.0557674 0.0523102 0.427129
2 0.395367 0.295256 0.0613234 0.0511168 0.426125
2 0.34341 0.191656 0.0712899 0.0433527 0.425108
5 0.524741 0.163062 0.131697 0.0893518 0.424596
2 0.890207 0.171238 0.0534826 0.0326348 0.422258
2 0.890323 0.171218 0.0550507 0.0329881 0.419912
2 0.131783 0.215449 0.0391513 0.0368606 0.419386
2 0.719394 0.192243 0.05396 0.0427894 0.41931
2 0.436792 0.203475 0.0584549 0.0399479 0.417652
2 0.379773 0.378781 0.0967497 0.0743822 0.416964
2 0.591659 0.257747 0.0563428 0.0526712 0.410431
2 0.720486 0.191575 0.0556573 0.0429959 0.407629
2 0.890812 0.170865 0.0555517 0.033152 0.406872
2 0.380335 0.378566 0.0971382 0.0755462 0.405862
2 0.976845 0.317183 0.0452555 0.114222 0.404207
2 0.591989 0.257593 0.0560751 0.051956 0.402621
2 0.636552 0.195692 0.0575237 0.036428 0.401923
2 0.718512 0.191631 0.0553923 0.0432164 0.398604
2 0.126147 0.213481 0.0545177 0.041371 0.397774
2 0.128265 0.214723 0.045707 0.0409818 0.391026
2 0.464787 0.329456 0.0784288 0.0758893 0.390612
2 0.379815 0.378201 0.0965984 0.0758263 0.387309
0 0.229518 0.736475 0.0337677 0.0973491 0.385455
2 0.395591 0.296497 0.0608836 0.0531109 0.385261
2 0.395266 0.295744 0.0608959 0.0520335 0.385061
2 0.591466 0.257985 0.0566597 0.053107 0.385049
3 0.239004 0.766791 0.0739094 0.0684987 0.381684
0 0.470062 0.380193 0.028576 0.0628497 0.380282
2 0.770926 0.183193 0.0546114 0.0441933 0.37981
2 0.523676 0.295899 0.0729102 0.0583684 0.377857
2 0.436826 0.203655 0.0579207 0.0390221 0.377448
2 0.128069 0.214553 0.047835 0.0415261 0.377054
2 0.771443 0.183258 0.0551994 0.0442119 0.371057
2 0.205685 0.218645 0.0581725 0.043877 0.369734
0 0.231555 0.736228 0.0367047 0.0982454 0.368724
2 0.380163 0.377761 0.096642 0.0771263 0.364526
2 0.24497 0.39978 0.103521 0.0780989 0.361375
2 0.951657 0.236615 0.0328856 0.0453695 0.358981
2 0.718871 0.191651 0.0552843 0.0426907 0.358055
2 0.592212 0.257521 0.0563347 0.0502979 0.356732
2 0.206529 0.218191 0.0575042 0.0453348 0.3561
2 0.704019 0.297655 0.0614333 0.0643099 0.355172
2 0.129611 0.213555 0.0455054 0.0409175 0.3548
2 0.504748 0.261678 0.0675599 0.0517939 0.353641
2 0.395619 0.295848 0.0616581 0.0530329 0.349515
2 0.972238 0.176302 0.0547724 0.034037 0.346776
2 0.131415 0.214515 0.0425698 0.0382298 0.34504
2 0.951817 0.236347 0.0330654 0.0466283 0.344997
2 0.973048 0.177093 0.0526451 0.0320303 0.344195
2 0.704701 0.29739 0.0628225 0.0661748 0.342868
2 0.247348 0.402123 0.109439 0.079427 0.342515
2 0.524001 0.296078 0.0756313 0.0603232 0.340637
5 0.525249 0.165781 0.132958 0.0923353 0.340636
2 0.247459 0.399339 0.110199 0.0818686 0.335383
2 0.636985 0.194462 0.0564606 0.0372783 0.33288
2 0.891698 0.170221 0.0559185 0.0340209 0.32968
2 0.343894 0.187716 0.0728486 0.0503069 0.328749
2 0.343384 0.186337 0.0716241 0.0525739 0.326074
2 0.977242 0.315788 0.0449688 0.117607 0.326064
2 0.950902 0.236075 0.0304012 0.0469663 0.322225
2 0.636689 0.195633 0.0582836 0.0365534 0.32081
2 0.437562 0.203575 0.0598225 0.0398329 0.320587
2 0.976845 0.314498 0.0453613 0.118232 0.318971
2 0.0925293 0.471009 0.154693 0.110533 0.318248
3 0.238862 0.770165 0.0745928 0.063824 0.316646
2 0.522647 0.295981 0.0712981 0.0582408 0.314646
2 0.521708 0.295955 0.0722706 0.0583261 0.312845
2 0.395268 0.297435 0.0620594 0.0564736 0.310641
2 0.463966 0.329276 0.0776875 0.0749938 0.310148
2 0.977547 0.322412 0.0443216 0.106331 0.30744
2 0.205535 0.218323 0.0575543 0.0437698 0.306895
2 0.245707 0.399431 0.105201 0.0794639 0.304647
2 0.379612 0.367188 0.0985217 0.0987409 0.297943
3 0.238838 0.775609 0.0742774 0.0565197 0.297107
0 0.23667 0.744915 0.0383902 0.085324 0.296651
2 0.719913 0.189925 0.0556719 0.0402629 0.296011
2 0.951391 0.236225 0.0320408 0.0463073 0.29309
2 0.343444 0.189065 0.0717152 0.0473502 0.292001
2 0.463571 0.328132 0.0776616 0.0745906 0.289892
2 0.704341 0.29776 0.0618759 0.0640008 0.287544
2 0.592237 0.257376 0.0546643 0.0522161 0.284772
2 0.636729 0.195896 0.0584327 0.0373113 0.283791
2 0.342864 0.194417 0.0714383 0.0380625 0.278781
2 0.637541 0.194789 0.058502 0.0340545 0.277837
2 0.130854 0.216239 0.0382666 0.0375162 0.277627
0 0.237124 0.745705 0.0370976 0.0836172 0.2762
2 0.718805 0.191858 0.0526989 0.0431864 0.274452
2 0.637337 0.195322 0.0582535 0.035409 0.2711
2 0.972807 0.177169 0.0542194 0.0319802 0.270549
0 0.23765 0.746287 0.0379523 0.08218 0.264375
2 0.977154 0.313698 0.0451403 0.120259 0.259189
3 0.238391 0.775745 0.0757483 0.0569027 0.255012
2 0.636197 0.196234 0.0570904 0.0370968 0.254088
2 0.206337 0.218527 0.0573176 0.0437775 0.253824
2 0.464084 0.328265 0.0793907 0.0817724 0.250128
2 0.971022 0.177671 0.0549072 0.030038 0.246645
0 0.469159 0.380055 0.0298899 0.0628273 0.24584
2 0.52325 0.295915 0.0735455 0.0586865 0.245502
3 0.239405 0.765047 0.0726597 0.0680033 0.244076
2 0.636259 0.195905 0.0563396 0.0359708 0.24325
2 0.637304 0.195102 0.0567358 0.0341888 0.24286
2 0.97146 0.178133 0.0527256 0.0302853 0.24212
0 0.227469 0.734614 0.0288825 0.0934417 0.241612
2 0.972408 0.176988 0.0544388 0.0331095 0.240317
0 0.470297 0.38131 0.0282728 0.06417 0.239076
2 0.125606 0.213923 0.0504755 0.0413573 0.234815
2 0.506733 0.260469 0.0642268 0.0503752 0.234401
2 0.463445 0.328322 0.0779778 0.0765914 0.233385
2 0.770783 0.182835 0.0540376 0.0438261 0.231899
2 0.976994 0.319585 0.0452145 0.107051 0.231656
2 0.395031 0.294548 0.0600979 0.0487855 0.22541
3 0.469954 0.383356 0.0284914 0.0653084 0.223117
2 0.344383 0.191144 0.0699837 0.0425539 0.222236
2 0.207582 0.217028 0.0576653 0.0438851 0.219744
2 0.771466 0.182871 0.0544056 0.0440601 0.218628
9 0.619967 0.0512456 0.0138136 0.0172103 0.217659
2 0.380308 0.37733 0.0962196 0.0775813 0.217266
7 0.0629219 0.18759 0.0678717 0.0550596 0.216496
2 0.395191 0.296561 0.0612442 0.0553302 0.216056
2 0.308574 0.211513 0.0695622 0.0394539 0.215886
2 0.506891 0.261825 0.0657875 0.0523782 0.214187
2 0.976919 0.323582 0.0450321 0.104433 0.21172
2 0.977096 0.325967 0.045002 0.0985271 0.211424
2 0.506986 0.260678 0.065625 0.0510013 0.209711
2 0.770397 0.183481 0.0533319 0.043241 0.209468
2 0.272286 0.198275 0.0470638 0.0358325 0.209425
2 0.952511 0.236706 0.033403 0.0471068 0.209263
2 0.676003 0.185556 0.035051 0.0345615 0.207948
9 0.508217 0.0522878 0.0137493 0.0185184 0.201623
2 0.464061 0.329252 0.0798031 0.0759246 0.201277
0 0.468758 0.379626 0.0284283 0.0585605 0.200038
2 0.438117 0.203073 0.0601025 0.0389889 0.198736
3 0.239258 0.765048 0.0756522 0.0706671 0.197338
7 0.0669811 0.187929 0.0771496 0.0564701 0.197281
3 0.470571 0.381951 0.0288671 0.0629644 0.195695
3 0.630665 0.244485 0.0388496 0.0549729 0.194684
2 0.344354 0.188231 0.0710121 0.0466061 0.19175
2 0.977193 0.31393 0.0448601 0.10407 0.190847
2 0.983723 0.20507 0.0318356 0.0602612 0.187415
2 0.971777 0.177274 0.0545311 0.0322358 0.1874
0 0.163312 0.226513 0.0198641 0.0554933 0.187267
2 0.394768 0.297679 0.061484 0.0564981 0.186839
2 0.345234 0.194409 0.0711141 0.0385415 0.184677
3 0.470622 0.387807 0.0281324 0.0536836 0.184646
2 0.130845 0.21795 0.0426141 0.0413552 0.183591
2 0.976915 0.323536 0.0450274 0.0915912 0.182405
7 0.0678906 0.187451 0.0765964 0.055521 0.182065
0 0.470529 0.379865 0.0299266 0.0633504 0.181958
2 0.395565 0.297206 0.0621998 0.0575237 0.179297
2 0.378666 0.364284 0.0988962 0.102657 0.178739
2 0.120703 0.213532 0.0620142 0.0429942 0.178129
3 0.237698 0.761949 0.0745121 0.0764397 0.176011
0 0.163153 0.225186 0.0186273 0.0584496 0.174878
2 0.505961 0.26049 0.0652596 0.0495814 0.173985
0 0.470562 0.38213 0.0278048 0.0652508 0.173634
2 0.772352 0.182867 0.0530478 0.0431059 0.173613
0 0.162315 0.22632 0.0187248 0.0564231 0.173407
7 0.0632079 0.187165 0.0696682 0.0556862 0.173017
2 0.131492 0.217019 0.0378319 0.0354294 0.172068
2 0.463793 0.328535 0.0779005 0.0788432 0.169801
7 0.06349 0.187327 0.0720532 0.0557162 0.168968
2 0.441265 0.299533 0.0555613 0.051839 0.165944
2 0.377665 0.362028 0.100564 0.111351 0.164011
2 0.162445 0.977171 0.121031 0.0445698 0.163233
2 0.592418 0.257732 0.0550312 0.0519064 0.162576
0 0.470853 0.373606 0.0289549 0.0520374 0.161386
2 0.674761 0.185137 0.0344301 0.0348309 0.16119
0 0.84699 0.196898 0.0159502 0.0537262 0.160746
2 0.976965 0.318264 0.0454844 0.108073 0.160389
2 0.272374 0.19822 0.0469101 0.0356354 0.159311
2 0.162945 0.977011 0.121254 0.0447983 0.157194
3 0.630619 0.244551 0.0398453 0.0613184 0.156935
0 0.161463 0.225262 0.0188849 0.0581337 0.156622
2 0.676076 0.185258 0.0338718 0.0347534 0.155308
0 0.243167 0.747066 0.0285183 0.0829615 0.154606
2 0.506344 0.260338 0.0644957 0.0492145 0.154472
2 0.772099 0.182652 0.0543716 0.0434607 0.153921
2 0.378153 0.361218 0.100888 0.109233 0.153207
2 0.376649 0.359574 0.100638 0.106796 0.153099
0 0.159815 0.224546 0.0240426 0.0584046 0.153043
2 0.381084 0.376042 0.0958866 0.0804592 0.152113
2 0.892013 0.170279 0.0577847 0.0338609 0.151877
2 0.344789 0.193387 0.0700477 0.0405003 0.150426
3 0.238358 0.770451 0.0756632 0.0617952 0.149524
7 0.065545 0.188017 0.0759825 0.0561763 0.146959
2 0.676285 0.186274 0.0336596 0.0342435 0.146768
0 0.232263 0.735921 0.0433517 0.0956528 0.146749
2 0.204159 0.218826 0.0545605 0.0430196 0.14637
2 0.377711 0.360924 0.0990819 0.10848 0.144667
0 0.84697 0.203739 0.0159828 0.0479447 0.144034
2 0.720658 0.202632 0.0565044 0.0634091 0.143702
2 0.208658 0.215897 0.0507372 0.0415347 0.143036
2 0.161941 0.977673 0.120547 0.0440445 0.139329
2 0.272391 0.198357 0.0483036 0.0361094 0.138861
3 0.23943 0.77721 0.0720599 0.0511696 0.135496
9 0.574478 0.0903225 0.0167408 0.0300723 0.135016
2 0.162701 0.977555 0.121135 0.0444252 0.134231
