2 0.0979789 0.680189 0.195496 0.239317 0.911977
2 0.0979119 0.680469 0.195733 0.239897 0.911492
2 0.0980052 0.67972 0.19568 0.239271 0.902422
2 0.0978953 0.681338 0.195578 0.238881 0.897233
2 0.098141 0.681523 0.196098 0.239663 0.89334
2 0.0981072 0.679955 0.196034 0.240715 0.880408
2 0.0981424 0.680167 0.196285 0.24114 0.872125
2 0.0811048 0.495535 0.16221 0.176634 0.84836
2 0.097774 0.6808 0.194823 0.238529 0.846441
2 0.0809327 0.495228 0.160824 0.175774 0.845535
2 0.146433 0.352483 0.118209 0.119175 0.832889
2 0.0807741 0.495434 0.161072 0.176596 0.826152
2 0.521157 0.263011 0.105817 0.0999519 0.825902
2 0.146283 0.351902 0.118538 0.119314 0.82536
2 0.908351 0.289835 0.104824 0.106805 0.824826
2 0.146369 0.352013 0.118084 0.119135 0.81548
2 0.908376 0.28966 0.10518 0.107229 0.807455
2 0.677102 0.322472 0.0907796 0.113215 0.80671
2 0.521151 0.263171 0.105947 0.100135 0.799462
2 0.0809724 0.495491 0.161596 0.176866 0.798167
2 0.90868 0.289108 0.106076 0.106204 0.794786
2 0.521248 0.26316 0.105659 0.099791 0.791222
2 0.908003 0.289856 0.106136 0.106724 0.789396
2 0.52122 0.262868 0.105848 0.0999065 0.783946
2 0.908238 0.289696 0.106167 0.10703 0.781752
2 0.908424 0.289821 0.104996 0.107372 0.779583
2 0.521192 0.262958 0.105782 0.100096 0.777725
2 0.521181 0.262962 0.105883 0.099909 0.777587
2 0.675848 0.323052 0.0896214 0.113052 0.777495
2 0.908078 0.289735 0.104736 0.106475 0.774294
2 0.677214 0.322471 0.0905735 0.112903 0.77327
2 0.676929 0.322509 0.0900217 0.112215 0.772918
2 0.146476 0.352485 0.118612 0.119233 0.772867
2 0.675982 0.322965 0.0906181 0.112735 0.769756
2 0.908405 0.28979 0.105971 0.107092 0.769068
2 0.908207 0.28929 0.105759 0.106558 0.76753
2 0.52134 0.263285 0.105739 0.100351 0.765283
2 0.521127 0.262451 0.106054 0.100023 0.756163
2 0.521001 0.263471 0.105872 0.100015 0.754101
2 0.677353 0.321927 0.0900607 0.112068 0.747053
2 0.146376 0.352464 0.118611 0.119551 0.744971
2 0.677176 0.322443 0.0894432 0.112308 0.743766
2 0.0812504 0.496545 0.160898 0.17565 0.737506
2 0.0808351 0.494968 0.160907 0.176058 0.733697
2 0.52127 0.263189 0.104944 0.0991343 0.729662
2 0.0809427 0.49606 0.161461 0.175846 0.728237
2 0.0810261 0.495366 0.16168 0.174992 0.725616
2 0.081099 0.495983 0.160548 0.174362 0.723589
2 0.669279 0.230964 0.0893452 0.0961444 0.719222
2 0.146027 0.352413 0.118262 0.119604 0.716375
2 0.669265 0.230831 0.09019 0.0968383 0.71475
2 0.0975065 0.680473 0.194708 0.239075 0.706239
2 0.0983436 0.681821 0.196687 0.242213 0.705779
2 0.677415 0.321671 0.0896029 0.112865 0.703227
2 0.146578 0.352496 0.118893 0.11903 0.695826
2 0.66937 0.2325 0.0891047 0.0985632 0.692361
2 0.146219 0.352506 0.117899 0.120066 0.690842
2 0.668725 0.230458 0.0898543 0.0968306 0.688996
2 0.669539 0.231103 0.0901811 0.0981033 0.684712
2 0.668916 0.23115 0.0897567 0.0982434 0.678323
2 0.146346 0.352417 0.117711 0.119347 0.673279
2 0.676916 0.322039 0.0898231 0.113402 0.67021
2 0.669218 0.23123 0.0895405 0.0976766 0.643294
2 0.146688 0.352602 0.118053 0.119004 0.632656
2 0.668854 0.231004 0.0896977 0.0976807 0.624979
2 0.0809074 0.49613 0.161057 0.175222 0.610939
2 0.669399 0.232286 0.0891552 0.0986329 0.605705
2 0.669445 0.231823 0.0892857 0.0984214 0.563698
0 0.0441624 0.31729 0.0295893 0.0977681 0.54498
2 0.0980178 0.680406 0.195536 0.241219 0.538543
0 0.044447 0.316952 0.0294848 0.0983661 0.513777
0 0.044414 0.315093 0.0282294 0.0943166 0.512154
0 0.0440924 0.315801 0.0276094 0.0965176 0.483886
2 0.908202 0.29076 0.104649 0.109262 0.468197
0 0.0444641 0.317281 0.0287874 0.0995783 0.456036
2 0.521154 0.263281 0.105651 0.0996607 0.42729
2 0.521303 0.263618 0.105614 0.101336 0.419266
0 0.0442552 0.315863 0.0283979 0.0963395 0.407229
5 0.866043 0.127558 0.0827492 0.148784 0.390009
2 0.0982 0.681493 0.196128 0.240167 0.366635
0 0.0444648 0.315332 0.0280771 0.0939889 0.366602
0 0.0435919 0.316276 0.0282036 0.0978449 0.363876
5 0.864315 0.128029 0.0858532 0.147689 0.359086
5 0.871338 0.127019 0.0710938 0.146402 0.352599
5 0.86623 0.126263 0.0828291 0.146853 0.33686
5 0.872224 0.126137 0.0695038 0.14578 0.322596
2 0.676799 0.32214 0.0899126 0.113908 0.309826
0 0.0932821 0.306241 0.0200198 0.0587319 0.308221
0 0.0435473 0.315237 0.0291605 0.095324 0.286436
0 0.0444078 0.316844 0.0278652 0.102157 0.244449
0 0.0934146 0.30574 0.0205046 0.058763 0.240795
5 0.873971 0.124905 0.067725 0.144175 0.231066
0 0.0932138 0.305239 0.0204208 0.0579659 0.22236
9 0.463618 0.065542 0.0174555 0.0314364 0.219558
5 0.856643 0.128725 0.103603 0.153335 0.20208
5 0.861682 0.127741 0.101428 0.202241 0.191817
2 0.818447 0.146591 0.0315907 0.0433301 0.180657
9 0.463278 0.065632 0.0181752 0.0300644 0.17143
0 0.0929305 0.305972 0.0234677 0.0610266 0.170107
9 0.464398 0.0622483 0.0154247 0.0241305 0.158388
5 0.859943 0.126423 0.0970343 0.148488 0.157971
0 0.0473734 0.190199 0.0185817 0.0538955 0.148377
0 0.0923491 0.307322 0.0275874 0.0596389 0.147689
0 0.046524 0.190308 0.0184767 0.05395 0.143717
2 0.817854 0.146695 0.029784 0.0420377 0.141868
2 0.818318 0.145261 0.0325672 0.0419065 0.136065
2 0.817909 0.147576 0.0303337 0.0415805 0.135742
2 0.0980131 0.680263 0.196026 0.24176 0.13512
5 0.860177 0.141405 0.105238 0.194205 0.126997
0 0.0474106 0.191135 0.0188666 0.0532021 0.126814
2 0.146477 0.352937 0.116891 0.118815 0.123959
2 0.990536 0.151746 0.0179201 0.0248092 0.114719
5 0.855003 0.13724 0.106642 0.166764 0.113298
2 0.818149 0.146424 0.0327164 0.0431784 0.109981
0 0.0754816 0.313611 0.0164716 0.0607191 0.109593
0 0.0444494 0.317949 0.0265975 0.0939073 0.103055
0 0.0764807 0.311696 0.0156507 0.0610209 0.101302
5 0.873431 0.126465 0.066465 0.145469 0.0960363
2 0.818304 0.146566 0.0312357 0.0419366 0.0949216
0 0.0504188 0.190305 0.0189954 0.0534348 0.0947939
0 0.566391 0.172339 0.0157156 0.0451686 0.0915699
2 0.99036 0.141423 0.0184757 0.0437005 0.0908362
2 0.988935 0.150215 0.0208237 0.0285721 0.090096
2 0.908602 0.289891 0.106037 0.107719 0.0897718
0 0.567021 0.174557 0.0146517 0.0404182 0.0857229
2 0.145681 0.371171 0.112788 0.0813161 0.084617
9 0.464104 0.0638172 0.0166742 0.0271671 0.0843661
2 0.81821 0.149162 0.0321606 0.0476201 0.083701
5 0.86421 0.119849 0.103502 0.160526 0.0824332
0 0.050257 0.190724 0.0201287 0.053543 0.0792616
2 0.145459 0.373016 0.111888 0.0770132 0.0790569
5 0.985559 0.117745 0.0284315 0.0963007 0.078775
2 0.699737 0.0775823 0.0208415 0.0204016 0.0784163
0 0.0465701 0.190202 0.0175407 0.0545959 0.0756419
0 0.0504402 0.190422 0.0185043 0.0534308 0.0754297
0 0.076638 0.310798 0.0174783 0.0573609 0.0742296
5 0.982602 0.116163 0.0343824 0.0984111 0.0713681
5 0.85501 0.136811 0.108198 0.188482 0.0700646
0 0.0900335 0.30608 0.0299288 0.0621107 0.0688972
0 0.0757735 0.313862 0.01706 0.0587311 0.0678341
0 0.0766066 0.311697 0.0166527 0.0597125 0.0673595
2 0.818251 0.14772 0.0308113 0.0429623 0.0671638
2 0.699597 0.076676 0.0219536 0.0220428 0.0621133
9 0.461304 0.0672918 0.0183489 0.0323219 0.0608574
5 0.983319 0.11685 0.0329336 0.097583 0.0595378
9 0.464109 0.0745824 0.0220041 0.0494645 0.0585281
2 0.862925 0.198462 0.0318848 0.0709332 0.0575578
5 0.87172 0.0985612 0.0919991 0.195726 0.0540346
0 0.0758593 0.312482 0.0173288 0.0586331 0.0539446
2 0.843412 0.185244 0.0639976 0.100168 0.0526519
5 0.874692 0.113204 0.0623915 0.120709 0.0524779
2 0.864025 0.205795 0.0338333 0.0589102 0.0504096
5 0.882327 0.122573 0.0813 0.143774 0.0498081
0 0.0935205 0.3028 0.0192624 0.0564815 0.0495792
2 0.858973 0.206752 0.0228203 0.0546946 0.0485291
2 0.144751 0.186378 0.0318834 0.0379067 0.0477259
2 0.669177 0.231766 0.0893682 0.0985137 0.0475909
2 0.841617 0.18588 0.0695076 0.100338 0.0469734
2 0.144725 0.181606 0.0253565 0.0294745 0.046905
5 0.854111 0.146076 0.108343 0.196183 0.0469042
0 0.0772752 0.306352 0.0190599 0.0604753 0.0466207
2 0.700196 0.0771887 0.0219404 0.0207285 0.0451762
0 0.382529 0.166619 0.0185481 0.057012 0.044373
2 0.817963 0.145381 0.0317604 0.0411496 0.0441511
2 0.862474 0.20654 0.0307987 0.0597319 0.0438868
0 0.0754132 0.306564 0.0179903 0.0668097 0.0437697
0 0.0455443 0.190023 0.0219468 0.0550749 0.0432533
5 0.983344 0.103638 0.0324661 0.0560581 0.042782
2 0.989981 0.132568 0.0192772 0.057955 0.0426391
0 0.0452534 0.314975 0.0280062 0.0949621 0.0422017
2 0.699949 0.0765685 0.021943 0.0220279 0.0417442
5 0.882786 0.122523 0.0757725 0.144565 0.0414763
2 0.08079 0.495116 0.16158 0.176992 0.0395016
5 0.874656 0.0851599 0.0546886 0.061801 0.0385224
2 0.859429 0.203593 0.0235638 0.0559648 0.037903
0 0.95634 0.134346 0.0207249 0.0575279 0.0374098
2 0.817914 0.267843 0.020229 0.0284658 0.0368324
5 0.8842 0.118893 0.080599 0.141213 0.0365881
5 0.87451 0.154611 0.0613762 0.0916409 0.0364693
5 0.875768 0.148631 0.0623573 0.0804646 0.0363134
2 0.988722 0.140184 0.0216404 0.0446521 0.0356813
5 0.856513 0.141524 0.0882639 0.171891 0.035476
5 0.862754 0.113538 0.102792 0.219779 0.035459
0 0.137268 0.271741 0.0256999 0.0642342 0.0346434
0 0.95544 0.131844 0.0199188 0.0522793 0.0345283
2 0.978456 0.131621 0.02257 0.0462583 0.0341039
2 0.818062 0.270045 0.0315411 0.0393218 0.0340238
5 0.876204 0.149572 0.0614246 0.0802485 0.033809
5 0.982778 0.114671 0.0337509 0.0867988 0.0337026
0 0.383408 0.163113 0.0205593 0.063218 0.0335545
0 0.214459 0.201153 0.0197603 0.0362483 0.0332692
2 0.145872 0.179428 0.0280186 0.0305361 0.0328947
9 0.45128 0.0690286 0.0181705 0.0296523 0.0322074
2 0.858599 0.207291 0.023362 0.0571672 0.0321603
2 0.387836 0.14583 0.0272959 0.034303 0.0317627
5 0.874942 0.153369 0.0604326 0.0932445 0.0313194
2 0.0832499 0.451468 0.153601 0.0851314 0.0311434
2 0.815709 0.269787 0.0266083 0.0347794 0.031036
2 0.817832 0.145734 0.0335197 0.0433661 0.0302522
2 0.0640325 0.450364 0.115804 0.0803625 0.0299794
2 0.150549 0.180441 0.0380721 0.0324137 0.0297175
0 0.151852 0.282349 0.0183455 0.0299923 0.0297085
2 0.970404 0.117596 0.0146009 0.0259777 0.0295615
9 0.423249 0.125021 0.0161506 0.028892 0.0294812
9 0.12769 0.0535455 0.0131238 0.0292812 0.0293775
2 0.988035 0.118855 0.0232067 0.0879506 0.029368
0 0.0058279 0.217602 0.0114995 0.124148 0.0288086
0 0.956585 0.141863 0.0216042 0.0742877 0.028767
9 0.454014 0.0672673 0.0243504 0.0328728 0.0287047
2 0.841668 0.18463 0.069997 0.10158 0.028391
2 0.971301 0.125862 0.020813 0.0425148 0.0283098
2 0.818146 0.151044 0.0305382 0.0456638 0.0282644
0 0.136834 0.272063 0.0259175 0.066917 0.0278326
2 0.989536 0.139494 0.0202826 0.0547971 0.0278067
2 0.816777 0.267611 0.0240711 0.0309384 0.0264589
5 0.975418 0.115595 0.048378 0.0981851 0.0255791
5 0.983233 0.0978105 0.028828 0.0409135 0.0255741
5 0.875406 0.124573 0.059605 0.110298 0.0254272
2 0.982591 0.109932 0.0322834 0.0717419 0.0247391
0 0.075466 0.300251 0.0180194 0.0796714 0.0242108
0 0.21189 0.200784 0.0193616 0.036685 0.0240692
9 0.194693 0.140359 0.0106354 0.0268385 0.0240135
5 0.874486 0.112995 0.0586472 0.118722 0.0234858
9 0.463838 0.0714726 0.0195526 0.0419774 0.0232777
0 0.0458408 0.189742 0.0236516 0.0570399 0.0231648
0 0.00485098 0.226759 0.00962386 0.101964 0.0231386
5 0.840415 0.183857 0.0712572 0.101701 0.023071
2 0.151233 0.178228 0.0388819 0.0344304 0.0229301
0 0.0782676 0.184089 0.0132172 0.0348923 0.022842
5 0.882567 0.095691 0.0856922 0.182431 0.0223356
2 0.860782 0.187055 0.0311802 0.0923641 0.0222178
2 0.983945 0.0962003 0.0314846 0.0503239 0.0221119
0 0.138483 0.273554 0.027432 0.0638445 0.0219639
2 0.842393 0.182984 0.0656616 0.0888941 0.0219219
2 0.960375 0.132921 0.026943 0.0630009 0.0215723
0 0.145844 0.283973 0.0259089 0.0343196 0.0213021
0 0.385732 0.155723 0.0256087 0.0491386 0.0210291
2 0.388484 0.146561 0.0279321 0.0327514 0.0209661
2 0.843248 0.186133 0.0650265 0.0946652 0.0209063
0 0.0789545 0.184913 0.0129556 0.0344537 0.0202051
2 0.818979 0.157918 0.0319826 0.0628572 0.0201183
0 0.00596874 0.217928 0.0117597 0.114497 0.0198273
0 0.385228 0.159144 0.0239206 0.0560315 0.0195561
9 0.207301 0.139183 0.0157151 0.0267601 0.01948
0 0.0422102 0.317061 0.0284235 0.0968476 0.019264
5 0.875223 0.0917918 0.0986431 0.182954 0.0192137
3 0.213223 0.203892 0.022073 0.0379212 0.0189898
0 0.422603 0.128543 0.017345 0.0337909 0.0188442
0 0.543386 0.235863 0.0213493 0.0301824 0.0188155
2 0.144206 0.185086 0.0291365 0.0357298 0.0182253
0 0.182734 0.340754 0.0439342 0.0822432 0.0182192
2 0.817724 0.152564 0.0304062 0.0481671 0.0181357
0 0.134951 0.271245 0.0213356 0.0665914 0.0181355
0 0.386202 0.165591 0.0259908 0.0601234 0.0175503
2 0.972723 0.108209 0.0160847 0.0399553 0.0175259
9 0.19394 0.148926 0.0109703 0.0377766 0.0175231
0 0.0501167 0.189272 0.0175996 0.0551309 0.0174336
0 0.141018 0.270957 0.0329739 0.0626472 0.0171951
2 0.816983 0.270536 0.0253166 0.0346196 0.0171724
5 0.8739 0.08529 0.0477192 0.0486945 0.0170371
0 0.211977 0.203808 0.0210299 0.0394192 0.0168986
2 0.149516 0.182129 0.037723 0.03354 0.0168619
0 0.146654 0.281878 0.022841 0.036575 0.0168047
2 0.143581 0.186161 0.0314358 0.0385912 0.0167879
5 0.959861 0.0262975 0.0802784 0.052595 0.0165069
2 0.863343 0.187764 0.0364119 0.0935872 0.0163831
9 0.127623 0.0519416 0.0131521 0.0293112 0.0161951
9 0.460048 0.0685409 0.0219542 0.0336615 0.015971
5 0.876392 0.100525 0.0639355 0.0975757 0.0156986
5 0.875759 0.146324 0.0578831 0.0730483 0.0156064
0 0.0775647 0.272348 0.0164047 0.0361869 0.0154055
2 0.146328 0.352446 0.117862 0.119182 0.0153982
0 0.0042669 0.245706 0.0084793 0.0637744 0.0153938
0 0.566629 0.159321 0.0229996 0.0713449 0.0149928
5 0.856559 0.116599 0.112998 0.131242 0.0148709
9 0.127719 0.0615637 0.0142989 0.0461804 0.0147128
0 0.0769189 0.278768 0.0176969 0.0483404 0.0145804
0 0.14609 0.603774 0.021903 0.0282406 0.0144273
0 0.42246 0.130844 0.0176319 0.0369565 0.0144113
0 0.38817 0.158545 0.0286893 0.0579355 0.0142773
0 0.969113 0.133489 0.0248829 0.0561385 0.014184
0 0.0455876 0.314051 0.0269149 0.0927667 0.0141836
0 0.094789 0.306664 0.026559 0.0606267 0.0141406
0 0.153182 0.283295 0.0256541 0.0309468 0.0139225
2 0.815762 0.267813 0.0265209 0.0317724 0.0138522
2 0.147235 0.182861 0.0357514 0.0349694 0.0136532
2 0.840737 0.14889 0.0819937 0.0644758 0.0135564
2 0.819043 0.148761 0.0327389 0.0445895 0.0135349
0 0.956669 0.129498 0.0173813 0.0491944 0.01353
5 0.974796 0.117173 0.0497828 0.0959558 0.0135268
0 0.567659 0.175222 0.0146145 0.040395 0.0134322
0 0.174348 0.328192 0.0353624 0.0491066 0.013172
9 0.452706 0.0688542 0.0210787 0.0313122 0.0129642
2 0.982763 0.10121 0.0339043 0.0524207 0.0129381
2 0.875757 0.155053 0.0577915 0.0921471 0.0128036
0 0.0041985 0.250014 0.00830957 0.054837 0.0127831
0 0.0742769 0.315134 0.0162434 0.0629549 0.012281
0 0.383791 0.166749 0.0212639 0.0582732 0.0119201
0 0.0712566 0.179851 0.0129519 0.0334001 0.0116715
2 0.67791 0.319789 0.09058 0.105366 0.0116293
