2 0.555007 0.713731 0.23202 0.25193 0.911422
2 0.554146 0.713897 0.233521 0.25189 0.897293
2 0.555382 0.714083 0.229629 0.249508 0.89671
2 0.305494 0.89812 0.337773 0.20319 0.885718
2 0.161678 0.856707 0.323356 0.274688 0.877879
2 0.161671 0.857114 0.323328 0.276966 0.872654
2 0.161429 0.857303 0.322858 0.274463 0.872315
2 0.554645 0.714945 0.23238 0.251861 0.871881
2 0.554561 0.713811 0.232866 0.251938 0.870595
2 0.554228 0.713611 0.232356 0.251166 0.868064
2 0.305845 0.899403 0.334496 0.200092 0.866389
2 0.306351 0.898419 0.335112 0.202084 0.865851
2 0.55501 0.714689 0.232397 0.253533 0.864102
2 0.305377 0.898401 0.33784 0.202809 0.863981
2 0.308105 0.898134 0.331853 0.202791 0.86107
2 0.446115 0.625441 0.222534 0.20794 0.852427
2 0.304999 0.898577 0.3383 0.201969 0.849867
2 0.446238 0.625745 0.224215 0.205996 0.8481
2 0.16168 0.856899 0.323359 0.273656 0.847863
2 0.304589 0.898665 0.339612 0.201788 0.846476
2 0.16154 0.857246 0.323081 0.274272 0.844669
2 0.445446 0.625768 0.225686 0.205919 0.841752
2 0.555118 0.713764 0.232567 0.251661 0.839755
2 0.445311 0.624945 0.223845 0.208484 0.833356
2 0.162003 0.856769 0.324006 0.274627 0.828732
2 0.162391 0.856208 0.324699 0.27368 0.819701
2 0.162618 0.856079 0.325236 0.275475 0.818729
2 0.446473 0.626715 0.224814 0.204633 0.81409
2 0.303248 0.897748 0.339649 0.203626 0.812217
2 0.303356 0.897565 0.341383 0.204477 0.794917
2 0.555567 0.715237 0.232089 0.249879 0.788603
2 0.163267 0.856253 0.326535 0.276699 0.783609
2 0.162881 0.85614 0.32563 0.272617 0.781139
2 0.44633 0.624885 0.225572 0.20973 0.778131
2 0.445958 0.624605 0.224608 0.21047 0.771198
2 0.445676 0.624465 0.22461 0.210092 0.747016
2 0.778514 0.748214 0.231587 0.286583 0.633799
1 0.274814 0.415674 0.0651819 0.0735469 0.624842
1 0.274119 0.41503 0.0632004 0.0718153 0.613702
0 0.739658 0.317284 0.0279375 0.124024 0.607225
2 0.778348 0.748326 0.231584 0.286197 0.602468
1 0.274631 0.415485 0.0644936 0.0734619 0.601999
0 0.0837336 0.335967 0.0265686 0.0966486 0.59074
1 0.272892 0.414373 0.0643768 0.0733102 0.585695
0 0.411491 0.341825 0.0377758 0.129564 0.580574
2 0.929969 0.146585 0.0633461 0.0724211 0.556029
0 0.41145 0.341384 0.038994 0.129631 0.553371
2 0.778381 0.748469 0.231814 0.287427 0.55111
2 0.778465 0.74771 0.23174 0.285213 0.545339
2 0.930866 0.145982 0.0638924 0.0723088 0.543531
2 0.929517 0.146736 0.0636051 0.0736942 0.541877
0 0.737178 0.318955 0.0356448 0.126899 0.540858
2 0.930596 0.146348 0.0642458 0.07263 0.539723
0 0.0835519 0.335221 0.0271071 0.0981676 0.536742
0 0.41153 0.341248 0.0397063 0.129545 0.536595
0 0.737562 0.317969 0.0353611 0.125716 0.5345
0 0.411292 0.342361 0.0381689 0.129219 0.520642
0 0.0838915 0.336194 0.026129 0.09689 0.519818
2 0.929966 0.146223 0.0628273 0.0715206 0.512385
0 0.0835695 0.33575 0.026659 0.0990615 0.510762
0 0.737115 0.318298 0.0357576 0.126779 0.507739
0 0.738754 0.317236 0.0309978 0.124803 0.506959
0 0.0837023 0.335247 0.0268247 0.097749 0.506014
0 0.0842669 0.335959 0.0255279 0.0971312 0.500244
0 0.0436586 0.337186 0.0261567 0.108419 0.499988
1 0.276189 0.415501 0.0633399 0.0735417 0.499981
0 0.737854 0.317942 0.0343893 0.125264 0.498314
0 0.0441503 0.337502 0.0272303 0.109124 0.486534
0 0.27072 0.173186 0.0193935 0.0553132 0.484415
0 0.0840974 0.33543 0.0259493 0.0970683 0.479829
0 0.270126 0.173073 0.0187786 0.0562498 0.474233
0 0.043744 0.336317 0.0266141 0.108424 0.471948
2 0.929614 0.146827 0.0641399 0.0719449 0.468244
0 0.281327 0.391743 0.0408777 0.0994557 0.459241
0 0.0419908 0.33699 0.0283104 0.107 0.45769
0 0.0841323 0.335302 0.025755 0.0970476 0.451981
2 0.778274 0.745655 0.232426 0.28908 0.450629
1 0.276373 0.413578 0.059387 0.0758681 0.439986
2 0.448318 0.631114 0.224858 0.197079 0.434996
2 0.92898 0.147186 0.0625271 0.0712445 0.434294
0 0.736265 0.320885 0.03592 0.118644 0.433721
0 0.269999 0.173022 0.0200214 0.0584809 0.432502
0 0.73689 0.324791 0.0358416 0.11179 0.431878
0 0.0422852 0.336341 0.0279907 0.10754 0.42765
2 0.446481 0.629397 0.223117 0.199432 0.422088
0 0.737114 0.32209 0.0354724 0.118947 0.412185
0 0.0833778 0.337759 0.0276343 0.0949572 0.411264
2 0.930397 0.146171 0.0641434 0.0717141 0.41099
0 0.0422592 0.336176 0.0280108 0.107264 0.394296
2 0.778207 0.745073 0.231671 0.28754 0.386398
0 0.736718 0.324781 0.0356533 0.109961 0.384494
2 0.716291 0.155522 0.0720898 0.0689811 0.380734
2 0.778236 0.745732 0.231489 0.286713 0.372736
2 0.93102 0.145366 0.0640274 0.0711833 0.367185
0 0.250543 0.368902 0.0405953 0.121996 0.365808
0 0.0424739 0.337117 0.0279301 0.106749 0.36154
2 0.931159 0.145652 0.0624165 0.0716116 0.350459
2 0.930871 0.146289 0.0644262 0.0721454 0.347231
0 0.281929 0.386626 0.0374315 0.112535 0.346419
2 0.716295 0.155303 0.0722168 0.0686711 0.338662
0 0.0420237 0.337129 0.0272513 0.106941 0.337218
0 0.281528 0.384589 0.0393959 0.122067 0.333891
0 0.250707 0.356757 0.0406852 0.0902596 0.330763
5 0.716587 0.155552 0.0736814 0.0697097 0.326399
2 0.777587 0.74866 0.231184 0.287053 0.325061
0 0.252181 0.368988 0.0430477 0.121849 0.321929
0 0.250805 0.367084 0.0396473 0.117574 0.314268
0 0.269778 0.172499 0.0203938 0.0596996 0.308878
5 0.71672 0.155508 0.073271 0.0693789 0.303956
0 0.410897 0.34066 0.037329 0.130402 0.300573
0 0.279614 0.381614 0.0419994 0.132946 0.29986
0 0.262004 0.374338 0.0628164 0.132701 0.297281
0 0.280971 0.381906 0.0385396 0.124683 0.29331
0 0.263642 0.375262 0.0641054 0.134859 0.288609
5 0.71684 0.154933 0.0730429 0.0693502 0.283682
2 0.35957 0.200636 0.0962533 0.0670426 0.283289
0 0.0423049 0.339542 0.0289354 0.102564 0.281557
0 0.0425311 0.336175 0.0308813 0.108424 0.2789
0 0.256555 0.372629 0.0505002 0.128636 0.278379
2 0.716536 0.154767 0.0725275 0.0679852 0.272432
2 0.716444 0.155764 0.0720874 0.0693368 0.270343
0 0.0439136 0.337456 0.0275999 0.109744 0.267865
0 0.250072 0.357052 0.037543 0.0871287 0.264089
0 0.412097 0.340495 0.0338079 0.124894 0.258175
0 0.282109 0.390756 0.0371755 0.116033 0.258069
0 0.38091 0.288415 0.0188906 0.0918198 0.248097
0 0.666715 0.345491 0.0256792 0.125888 0.24371
0 0.250842 0.354475 0.0418432 0.0893009 0.242523
1 0.283143 0.414561 0.0455894 0.0738671 0.242201
0 0.489822 0.169354 0.0205612 0.0650651 0.241859
0 0.0849748 0.335348 0.0250602 0.0964149 0.237765
2 0.715948 0.155177 0.0720358 0.0701633 0.230388
0 0.740526 0.317277 0.0234056 0.122942 0.228224
1 0.27697 0.41843 0.0616743 0.068058 0.227064
0 0.41791 0.1723 0.0216442 0.0635591 0.225313
5 0.623816 0.14041 0.0335337 0.0416669 0.216947
0 0.279781 0.386948 0.0420756 0.113747 0.213909
0 0.418008 0.172961 0.019412 0.0635662 0.213761
0 0.4886 0.168825 0.0228383 0.0665147 0.213463
0 0.667058 0.349317 0.0265482 0.12558 0.213038
0 0.740396 0.30318 0.0205187 0.09445 0.211813
5 0.671317 0.147532 0.0656151 0.0696731 0.211653
2 0.716642 0.15496 0.0727406 0.0689306 0.210912
3 0.581539 0.210101 0.0356936 0.0512983 0.206716
0 0.418424 0.173804 0.0172347 0.0635525 0.203944
1 0.274206 0.416693 0.0637692 0.0703911 0.203851
0 0.282196 0.396016 0.0378703 0.0970726 0.202878
0 0.416779 0.342287 0.025368 0.12158 0.202166
0 0.0841527 0.33836 0.0263837 0.0941502 0.196879
0 0.410354 0.341999 0.0361838 0.125059 0.195702
5 0.716425 0.155625 0.0723234 0.0702648 0.195695
2 0.778227 0.745512 0.233416 0.294701 0.195258
0 0.666309 0.348949 0.0271702 0.129218 0.189546
0 0.250163 0.360077 0.0396312 0.0931539 0.186536
0 0.665821 0.348166 0.024372 0.131246 0.184278
0 0.00806785 0.313494 0.0161357 0.136198 0.183605
1 0.277629 0.416197 0.0599505 0.0722701 0.182671
5 0.624547 0.139559 0.0344923 0.0442029 0.182471
0 0.00712501 0.32531 0.0142017 0.111523 0.17804
0 0.489422 0.168819 0.0204983 0.0647537 0.177446
0 0.488371 0.168081 0.0227676 0.066951 0.176726
2 0.360312 0.202228 0.0956242 0.0642471 0.173959
2 0.359544 0.202288 0.094935 0.0650611 0.172312
5 0.668185 0.148135 0.0611729 0.0692339 0.171896
5 0.668449 0.147572 0.0589603 0.068951 0.170936
0 0.740258 0.317495 0.0244052 0.123058 0.170821
0 0.0606839 0.334494 0.0232637 0.0667627 0.170176
0 0.00818395 0.31667 0.0160834 0.141911 0.169009
2 0.907534 0.0791451 0.033983 0.0223752 0.16784
0 0.249373 0.367731 0.0380266 0.110384 0.167184
3 0.581519 0.213274 0.0369331 0.0453279 0.166844
0 0.489976 0.168956 0.0217399 0.0654671 0.16335
5 0.664787 0.147819 0.0532392 0.0690695 0.16155
0 0.410806 0.343071 0.0361831 0.12524 0.157858
0 0.00819832 0.32454 0.0161088 0.124492 0.155192
2 0.359126 0.201388 0.094783 0.0673874 0.153475
2 0.358238 0.202467 0.0962736 0.0661208 0.150296
0 0.666476 0.348108 0.0268928 0.130768 0.150261
0 0.380985 0.284258 0.0176034 0.0996108 0.145558
0 0.582023 0.199643 0.0288088 0.0483951 0.145375
0 0.666189 0.343879 0.0274115 0.126021 0.145328
0 0.0418884 0.33711 0.0276235 0.109283 0.144845
0 0.00683903 0.321675 0.0135543 0.123933 0.144172
5 0.665047 0.146947 0.0499593 0.0695315 0.141647
5 0.62415 0.139545 0.0337017 0.0455099 0.141491
0 0.666857 0.366721 0.0267204 0.0926337 0.139817
2 0.975621 0.137384 0.025156 0.0415298 0.138198
0 0.666327 0.347688 0.0280757 0.128772 0.136711
0 0.490006 0.169486 0.0227335 0.0643781 0.136391
3 0.581305 0.214646 0.0348659 0.0417933 0.134246
2 0.925565 0.368149 0.147482 0.135378 0.130849
2 0.663334 0.149867 0.0516333 0.0652792 0.129923
5 0.716899 0.155724 0.071349 0.0679015 0.12966
0 0.489747 0.170348 0.0202792 0.0631158 0.12624
0 0.00879173 0.323961 0.0174988 0.12968 0.125725
0 0.184192 0.199689 0.0196332 0.0603931 0.125407
0 0.192496 0.199684 0.0235967 0.0607381 0.124316
0 0.740019 0.302807 0.0216433 0.0936845 0.122926
5 0.62331 0.14394 0.0322676 0.0365542 0.122325
2 0.926742 0.1483 0.0568245 0.0704425 0.121581
5 0.668837 0.147835 0.0607537 0.0699639 0.121495
0 0.741083 0.317505 0.0275465 0.126307 0.120517
3 0.581191 0.218752 0.0368759 0.0361012 0.120192
0 0.00714289 0.330762 0.0142672 0.101283 0.118381
1 0.274423 0.420891 0.0641615 0.0629321 0.11748
0 0.193029 0.199449 0.0211644 0.0593674 0.117284
0 0.381574 0.29249 0.0186541 0.0837451 0.115357
3 0.580977 0.218316 0.0358969 0.0373436 0.113565
5 0.670756 0.148719 0.065715 0.0681404 0.113322
0 0.282444 0.393649 0.036005 0.0991092 0.11315
0 0.192882 0.198607 0.0213599 0.0591853 0.113008
0 0.271736 0.173465 0.0224925 0.0544829 0.112419
0 0.737269 0.335038 0.0358316 0.0939569 0.111508
0 0.338759 0.164044 0.0137343 0.0354873 0.109451
0 0.0421523 0.33528 0.024711 0.102521 0.107556
2 0.777504 0.742662 0.233463 0.300185 0.10739
0 0.418597 0.171826 0.0238073 0.0632317 0.10623
0 0.0604919 0.334827 0.0251491 0.0716264 0.104749
3 0.581112 0.220277 0.0362381 0.0336903 0.102803
0 0.268581 0.17288 0.020275 0.0550647 0.10123
0 0.581847 0.208389 0.0351799 0.0531411 0.101209
0 0.462934 0.59462 0.0322819 0.044735 0.0998492
0 0.27118 0.17274 0.0228575 0.0568491 0.0997812
0 0.0613746 0.334572 0.022682 0.0900956 0.0987875
2 0.87384 0.145592 0.0332609 0.0392272 0.0978073
0 0.666345 0.347843 0.0274338 0.131052 0.0969244
2 0.661379 0.15193 0.0465083 0.0610554 0.0957716
2 0.926433 0.368839 0.145964 0.136345 0.0956565
2 0.910463 0.0794459 0.0399963 0.0246085 0.0953469
2 0.875422 0.143529 0.0335018 0.0403813 0.0948611
2 0.832217 0.151746 0.0648232 0.0596407 0.0940984
3 0.358719 0.19972 0.0949356 0.0719955 0.0934132
0 0.00837741 0.314451 0.0167548 0.141512 0.0929846
0 0.0623759 0.326326 0.0237418 0.0637451 0.0919299
0 0.338581 0.164751 0.0145638 0.0357974 0.0911499
0 0.0617516 0.331646 0.0240254 0.0749784 0.0895736
0 0.583548 0.198545 0.0306555 0.0563978 0.0884904
3 0.58217 0.208853 0.036103 0.0526056 0.0873646
0 0.0083231 0.318302 0.0164395 0.145335 0.0872974
0 0.191944 0.198108 0.0224013 0.0596272 0.0868848
0 0.666295 0.346524 0.0245998 0.124653 0.0867872
2 0.936653 0.095746 0.0325619 0.0276392 0.0863436
0 0.380584 0.282267 0.0169649 0.102334 0.0863034
0 0.414061 0.340734 0.0271872 0.127326 0.086052
2 0.666122 0.147499 0.0576175 0.0697057 0.0853858
0 0.0611409 0.333001 0.023344 0.0649315 0.0847984
0 0.410389 0.336337 0.0455995 0.143284 0.0841182
0 0.187469 0.197777 0.0204253 0.0563619 0.0837857
0 0.578575 0.200781 0.025535 0.0507872 0.0833316
0 0.581838 0.205059 0.0326712 0.0497206 0.0831995
0 0.582555 0.206711 0.033415 0.0518701 0.0827961
0 0.007348 0.327123 0.014696 0.103297 0.0824376
0 0.26665 0.376582 0.0653825 0.136605 0.0816616
0 0.418087 0.173802 0.0208174 0.0625018 0.0801173
0 0.488419 0.16982 0.0222402 0.0642622 0.0791845
3 0.359378 0.201112 0.0915792 0.0635912 0.0775752
0 0.666431 0.36254 0.0281145 0.101132 0.0768416
2 0.875349 0.137169 0.0363541 0.0511338 0.0768303
0 0.666723 0.374529 0.0274668 0.0752962 0.0760175
5 0.622911 0.144568 0.039088 0.0570841 0.0757392
0 0.124037 0.193953 0.0204428 0.0615469 0.0755806
0 0.255607 0.366829 0.0471074 0.121747 0.0752785
2 0.934203 0.0985688 0.0367893 0.0282032 0.0751371
2 0.902277 0.390988 0.100476 0.0952818 0.0747792
0 0.380556 0.283432 0.0197218 0.105645 0.0745186
2 0.822771 0.173651 0.0389183 0.0323476 0.0744418
0 0.402934 0.197113 0.0158951 0.0430444 0.0740423
2 0.360168 0.193623 0.102472 0.0812363 0.0738904
2 0.925896 0.370602 0.146984 0.136407 0.0733769
26 0.280314 0.362549 0.0317639 0.0530202 0.0733398
0 0.0638328 0.316371 0.0242898 0.0657031 0.0726745
0 0.18745 0.199488 0.0192222 0.057092 0.0724671
0 0.662715 0.294167 0.0128092 0.0224437 0.072409
2 0.974992 0.148644 0.0240353 0.0208587 0.0721764
2 0.934241 0.0985977 0.0369221 0.0287326 0.0717748
1 0.269825 0.421804 0.0579924 0.0586291 0.0716104
2 0.871613 0.13356 0.0441805 0.0609554 0.0716048
0 0.545488 0.188218 0.0163401 0.0470599 0.0712367
0 0.0616443 0.338658 0.0241192 0.0833844 0.0712084
1 0.273298 0.412944 0.060918 0.0758873 0.0703997
0 0.484383 0.579648 0.0695217 0.0667852 0.068845
2 0.97526 0.138562 0.0249805 0.0397904 0.0687429
0 0.485674 0.578096 0.0660656 0.0617373 0.0687425
0 0.418138 0.174164 0.0159513 0.0634948 0.0687309
1 0.286412 0.420802 0.0422777 0.0633475 0.0687264
0 0.462456 0.59182 0.0316095 0.047805 0.0683258
0 0.468388 0.586698 0.0408816 0.0526703 0.0677167
0 0.0620571 0.334423 0.0232291 0.0958364 0.0676476
0 0.665519 0.345207 0.025222 0.124736 0.0674806
2 0.872834 0.131976 0.0416801 0.0603841 0.0673039
2 0.902473 0.388771 0.101147 0.0977543 0.0663217
0 0.400806 0.198787 0.0164684 0.0472336 0.0660293
2 0.830174 0.152034 0.0654495 0.0672912 0.0651733
0 0.266677 0.174927 0.016733 0.0533861 0.0649348
5 0.672492 0.147438 0.0573402 0.0649685 0.0646605
2 0.925412 0.370233 0.147834 0.135367 0.0644096
0 0.122462 0.194814 0.0202467 0.0614137 0.0642323
9 0.451171 0.0734221 0.0141365 0.0243531 0.0641545
0 0.270908 0.17275 0.024008 0.0588413 0.0638504
2 0.935908 0.0970039 0.0355318 0.0272428 0.0638376
