2 0.399281 0.343121 0.104945 0.0554065 0.828373
2 0.398499 0.343362 0.106256 0.055688 0.82583
2 0.399003 0.343802 0.104825 0.0556564 0.825317
2 0.328685 0.305351 0.086315 0.0602466 0.814956
2 0.669643 0.45289 0.153212 0.0945252 0.806779
2 0.669119 0.452965 0.151687 0.0950176 0.800874
2 0.398748 0.343956 0.10515 0.056156 0.799423
2 0.668146 0.452784 0.152901 0.0950418 0.790358
2 0.399548 0.343118 0.104306 0.0553926 0.789802
2 0.668336 0.452878 0.152527 0.0951937 0.789765
2 0.668432 0.453129 0.152796 0.0943649 0.783122
2 0.668115 0.453248 0.151812 0.0939734 0.765523
2 0.668529 0.453601 0.149541 0.0938507 0.738326
2 0.398428 0.343973 0.104968 0.0575329 0.737213
2 0.668019 0.453323 0.151001 0.0944021 0.735403
2 0.399462 0.343588 0.104735 0.0559719 0.731378
2 0.398444 0.344017 0.105232 0.0544082 0.727729
2 0.328428 0.305157 0.085866 0.059715 0.712904
2 0.327965 0.305153 0.0853568 0.0606585 0.705986
2 0.398321 0.344064 0.10632 0.0544804 0.700957
2 0.328426 0.305173 0.0855448 0.0603074 0.683447
2 0.328692 0.305378 0.0848598 0.0597293 0.665188
2 0.0925014 0.320424 0.088782 0.0540563 0.661009
3 0.754276 0.316374 0.0756334 0.0532999 0.656804
2 0.328585 0.305058 0.0857115 0.060458 0.655641
2 0.0237392 0.318356 0.0464476 0.0496093 0.636225
2 0.667296 0.453099 0.151173 0.0946198 0.630239
2 0.0240999 0.319494 0.0481918 0.0466229 0.629349
3 0.753849 0.316044 0.0747971 0.052634 0.628315
2 0.328418 0.305201 0.0854871 0.0600074 0.61833
2 0.0934055 0.319994 0.0868154 0.0525871 0.607748
2 0.0234686 0.318647 0.0469372 0.0489521 0.605672
3 0.754455 0.316083 0.0753796 0.0533049 0.598
2 0.0983154 0.377772 0.115152 0.0629586 0.595643
2 0.329289 0.305077 0.0855758 0.0601573 0.592463
0 0.128754 0.645783 0.0371541 0.0830933 0.577388
2 0.327461 0.305037 0.0876925 0.0599231 0.561388
2 0.0239071 0.319864 0.0475122 0.0454735 0.553401
2 0.0920627 0.319562 0.0901402 0.0505574 0.55243
2 0.328502 0.304993 0.085894 0.061162 0.55216
2 0.0239257 0.317176 0.047676 0.0525897 0.546973
2 0.0241421 0.319404 0.0482842 0.0467632 0.543844
0 0.130375 0.645498 0.0363072 0.0827602 0.541653
3 0.753838 0.315851 0.0740048 0.0531606 0.532755
2 0.842358 0.245541 0.0564587 0.0315657 0.52679
2 0.0993965 0.377127 0.114802 0.062816 0.509664
0 0.129056 0.646586 0.038039 0.0847055 0.504222
2 0.091951 0.320372 0.0883482 0.051871 0.495209
0 0.0807229 0.634843 0.0299614 0.119045 0.49196
3 0.754281 0.315621 0.0772239 0.0546506 0.488098
0 0.129601 0.645249 0.0366094 0.0821788 0.474004
2 0.842238 0.246099 0.0575846 0.0312107 0.473333
3 0.754571 0.314964 0.0766781 0.0553914 0.470718
0 0.129955 0.645169 0.0367469 0.0831479 0.454798
0 0.130893 0.645496 0.0353502 0.0821824 0.453701
2 0.023175 0.321168 0.0463501 0.0443522 0.447827
2 0.098501 0.378035 0.118085 0.0656718 0.440055
3 0.753024 0.316376 0.0746057 0.052797 0.438026
2 0.101157 0.377179 0.114167 0.0639248 0.432806
2 0.0921966 0.32044 0.087575 0.0514813 0.431443
2 0.0985606 0.378349 0.116737 0.0661882 0.428515
2 0.0237309 0.321363 0.0454052 0.0439762 0.417638
2 0.841922 0.246542 0.0579914 0.0294573 0.41646
3 0.754226 0.315485 0.0770552 0.0542858 0.415132
2 0.0991706 0.377722 0.117492 0.0651016 0.412726
0 0.128701 0.646436 0.0344294 0.0843216 0.405022
2 0.0920479 0.32007 0.0884296 0.0514617 0.402524
2 0.0243124 0.316752 0.0486249 0.0523991 0.391549
0 0.129288 0.647308 0.0373132 0.0821414 0.384798
0 0.0804336 0.632362 0.0292082 0.121654 0.384727
0 0.131641 0.64525 0.0349614 0.0820513 0.383644
2 0.842558 0.245334 0.0558445 0.0322612 0.369675
2 0.0234427 0.320625 0.0468161 0.0463647 0.366754
3 0.754335 0.315005 0.0768936 0.0551803 0.363667
2 0.111477 0.378445 0.0942377 0.0656686 0.356872
2 0.0937852 0.320869 0.0855353 0.050912 0.35669
0 0.0798637 0.63926 0.0302615 0.108853 0.324554
0 0.0804835 0.633627 0.0292385 0.122009 0.323905
2 0.843576 0.244965 0.0590958 0.0334453 0.322642
2 0.0931683 0.32135 0.0863552 0.0519809 0.303695
2 0.669468 0.453189 0.151429 0.0932608 0.295699
2 0.113982 0.367744 0.0866781 0.0463541 0.293288
2 0.842465 0.246845 0.0556175 0.0293743 0.288064
2 0.098509 0.379432 0.117673 0.0671018 0.286939
2 0.094756 0.320377 0.0826864 0.0496539 0.283011
0 0.079736 0.638693 0.0299687 0.109894 0.280935
2 0.397283 0.344003 0.103226 0.0540138 0.276126
2 0.842797 0.245274 0.0566223 0.0327488 0.265285
2 0.113461 0.365508 0.0860632 0.0403174 0.245455
0 0.104875 0.256361 0.0155142 0.0390178 0.245277
2 0.0226463 0.323492 0.0451449 0.0408987 0.224844
0 0.13126 0.644688 0.0358018 0.0793664 0.219438
0 0.0798172 0.639759 0.0305207 0.10664 0.210701
2 0.0237385 0.316199 0.0473745 0.053523 0.209209
2 0.729803 0.458219 0.0398876 0.0558039 0.207273
2 0.104197 0.379115 0.112215 0.0647985 0.207056
3 0.807122 0.304397 0.0246477 0.0416173 0.188994
0 0.105143 0.256854 0.0159335 0.0384891 0.181066
0 0.0796473 0.640923 0.0302961 0.103777 0.179144
0 0.0806874 0.631953 0.0283655 0.122173 0.161401
0 0.804775 0.300696 0.0221807 0.0437047 0.154547
0 0.104666 0.256052 0.0161213 0.038546 0.152431
2 0.0952016 0.321366 0.0809507 0.0484887 0.149693
2 0.0987526 0.379879 0.118107 0.0645923 0.147049
2 0.668875 0.452379 0.152231 0.0943781 0.145546
2 0.0922974 0.319295 0.0879794 0.0527898 0.144261
2 0.268049 0.764835 0.536097 0.171995 0.142079
0 0.125043 0.647769 0.028864 0.0825514 0.138616
2 0.328384 0.305291 0.0860189 0.0601191 0.138131
2 0.841241 0.245936 0.0550343 0.028978 0.136953
0 0.126013 0.652694 0.0311767 0.0728292 0.134488
0 0.0795716 0.634302 0.0278953 0.100776 0.133701
2 0.0249431 0.319401 0.0489143 0.0482592 0.130812
0 0.128115 0.645798 0.0295047 0.0825573 0.130769
9 0.104853 0.185628 0.0145423 0.027189 0.1218
3 0.753976 0.315643 0.0739276 0.0545596 0.121001
0 0.808646 0.299973 0.0270428 0.0494644 0.118976
2 0.670423 0.452964 0.152683 0.0919662 0.118741
3 0.754402 0.315065 0.0774042 0.0518612 0.117943
2 0.398018 0.343535 0.104397 0.0577813 0.115732
2 0.0923396 0.320631 0.0911615 0.0499795 0.113766
3 0.753801 0.317058 0.0730944 0.051264 0.111424
2 0.268093 0.764609 0.535331 0.170076 0.111048
2 0.114731 0.362787 0.0813401 0.0377607 0.110006
2 0.0919429 0.379404 0.103934 0.0655684 0.107985
3 0.807896 0.301799 0.0297859 0.0489154 0.107086
2 0.842104 0.244094 0.0547688 0.0349721 0.104338
2 0.268375 0.765184 0.535647 0.170862 0.101949
2 0.116023 0.362271 0.0842024 0.0344912 0.101716
0 0.80585 0.302158 0.0251209 0.0434822 0.101518
2 0.723608 0.457579 0.0517906 0.055876 0.10028
0 0.796685 0.30274 0.0134586 0.0338518 0.0984556
0 0.257945 0.281009 0.0134289 0.0254897 0.0937735
0 0.0824667 0.633988 0.0305053 0.121632 0.0929209
2 0.267453 0.763529 0.534905 0.165399 0.0902362
2 0.267668 0.764934 0.535337 0.168452 0.087643
2 0.84395 0.245824 0.0592323 0.032901 0.0865575
2 0.727532 0.457575 0.04471 0.0557823 0.0844884
3 0.799715 0.304555 0.0204582 0.0361731 0.0843484
3 0.752759 0.316607 0.0737946 0.0523198 0.0834329
0 0.881049 0.221655 0.0150509 0.0319944 0.081335
0 0.808105 0.299329 0.0221012 0.0460635 0.080064
0 0.133266 0.645175 0.0319139 0.0778062 0.0796788
0 0.0801462 0.634722 0.0278922 0.0996298 0.0782696
2 0.401139 0.343258 0.100323 0.0534753 0.0738246
2 0.111523 0.376066 0.091253 0.062018 0.0729497
2 0.0885176 0.319658 0.081088 0.0526633 0.0717359
2 0.732937 0.459211 0.0326398 0.0564899 0.0694276
0 0.810645 0.300652 0.0229601 0.0491837 0.0694194
12 0.0796998 0.617049 0.0262103 0.0562164 0.0672244
12 0.0798404 0.616098 0.0274651 0.0550764 0.0671351
2 0.841953 0.243091 0.052282 0.0348477 0.0665347
0 0.258544 0.282758 0.0144058 0.0293534 0.0619467
3 0.755008 0.315103 0.0764458 0.0541762 0.0614962
2 0.113936 0.360584 0.0815608 0.0331199 0.0613267
2 0.268222 0.764428 0.535779 0.172989 0.0611889
0 0.23287 0.299807 0.0173407 0.0277869 0.061117
3 0.811324 0.304801 0.0205574 0.0439671 0.0595626
12 0.0798314 0.617468 0.0257741 0.0529861 0.0593938
3 0.795956 0.305874 0.0200348 0.03578 0.0579717
2 0.842029 0.246213 0.0559032 0.0284911 0.0578027
0 0.882414 0.222789 0.0160385 0.0326662 0.0573972
9 0.0675282 0.198794 0.010537 0.0261347 0.0547648
0 0.27994 0.280944 0.0110252 0.0333316 0.0541323
12 0.0796585 0.616506 0.0275473 0.0559432 0.0511105
2 0.0897971 0.385628 0.0994445 0.0608452 0.050695
2 0.0901208 0.380134 0.0987196 0.0633579 0.0503774
2 0.0954902 0.386186 0.109729 0.0623649 0.0500041
2 0.100872 0.383486 0.116475 0.0672117 0.0499039
0 0.1319 0.64439 0.0350244 0.0797186 0.0494359
0 0.233128 0.300769 0.0154394 0.0244485 0.0478576
2 0.7223 0.457117 0.0540242 0.0556303 0.0477119
2 0.845601 0.244211 0.0582493 0.0343724 0.046893
9 0.040621 0.22858 0.00957189 0.0235764 0.0429299
0 0.26097 0.281687 0.012234 0.0264987 0.0427325
0 0.128333 0.647869 0.0383327 0.0877837 0.0407754
2 0.116369 0.322237 0.0398326 0.0412333 0.037422
2 0.0218383 0.308052 0.0435199 0.0387269 0.0363999
2 0.106779 0.382831 0.0970302 0.0726213 0.0356413
0 0.25868 0.280054 0.0150413 0.0286119 0.0356264
0 0.27888 0.280097 0.0114862 0.0348264 0.0354233
0 0.811179 0.298805 0.0223387 0.0469838 0.0352534
2 0.268043 0.765914 0.536087 0.171579 0.0339461
2 0.723165 0.456479 0.0530215 0.0550917 0.0336316
0 0.809856 0.301546 0.0239355 0.0484263 0.0325944
9 0.0680189 0.200595 0.0100037 0.0274032 0.0315449
2 0.11537 0.361197 0.0811759 0.0322747 0.0312502
0 0.220417 0.276178 0.0149619 0.0326385 0.0305591
2 0.727784 0.456293 0.0455712 0.054446 0.0300258
2 0.0977499 0.378341 0.112643 0.0678269 0.0297009
0 0.966007 0.242717 0.012714 0.0279078 0.0291647
2 0.113985 0.360034 0.0795374 0.0324674 0.0290841
0 0.96522 0.239598 0.0133461 0.0255016 0.0283317
0 0.886711 0.223205 0.0228809 0.0311165 0.0280991
0 0.880816 0.220144 0.0143497 0.0333727 0.0275987
2 0.843024 0.247648 0.0581358 0.0333691 0.0274409
0 0.747574 0.283848 0.0177313 0.0250732 0.0268632
9 0.104954 0.185932 0.0176314 0.0314943 0.0264484
0 0.0733052 0.25843 0.0133157 0.0495423 0.026421
2 0.268618 0.766086 0.537236 0.172449 0.0263257
0 0.106928 0.255031 0.0146042 0.0381444 0.0261294
2 0.268383 0.764986 0.536275 0.175252 0.0249653
0 0.886581 0.260166 0.0292692 0.0476827 0.0242988
2 0.397015 0.343717 0.102387 0.0542399 0.0242037
0 0.745597 0.298332 0.030066 0.0329971 0.0238538
0 0.232557 0.301615 0.0186093 0.0280503 0.0236015
0 0.759789 0.298534 0.0543472 0.0352092 0.0231904
2 0.270776 0.763853 0.541435 0.166723 0.0225116
0 0.755269 0.287449 0.0307686 0.0306501 0.0221725
0 0.96607 0.240916 0.0139984 0.0276834 0.0220258
0 0.265937 0.282578 0.0104273 0.0297157 0.0218476
0 0.233038 0.293902 0.0194861 0.0329653 0.0217565
3 0.767207 0.317553 0.0512808 0.0462684 0.0216789
2 0.116241 0.323138 0.0398167 0.0391881 0.0208412
3 0.754654 0.3115 0.0756996 0.0629983 0.020424
2 0.220752 0.275306 0.016691 0.0346167 0.0203872
9 0.145254 0.221064 0.010187 0.026963 0.0201508
0 0.130215 0.644787 0.0298832 0.0829829 0.019998
2 0.0106061 0.297672 0.0209572 0.0182689 0.0192995
0 0.270005 0.283564 0.0111422 0.0300811 0.0192644
0 0.885416 0.22158 0.0190376 0.0304779 0.01905
0 0.280097 0.282127 0.0120719 0.0351528 0.0188365
0 0.91903 0.238332 0.016205 0.0204832 0.0186391
2 0.0246704 0.299636 0.0405722 0.0203622 0.01836
2 0.11599 0.313694 0.0406734 0.0567324 0.0180089
2 0.401492 0.343704 0.100405 0.0529606 0.0179073
0 0.76577 0.285266 0.0194021 0.0239744 0.0176086
2 0.0822908 0.391854 0.0821748 0.0488567 0.0175146
0 0.0736266 0.259982 0.0143471 0.0518571 0.0175121
0 0.967068 0.254709 0.0125191 0.0523172 0.017283
10 0.885926 0.261555 0.02952 0.0510871 0.0169809
2 0.926972 0.234742 0.0178209 0.0257503 0.0166538
0 0.767787 0.302187 0.0528738 0.0400539 0.0163891
2 0.919715 0.236546 0.0169735 0.022391 0.0163069
9 0.212881 0.0337876 0.0201309 0.0394966 0.0160614
0 0.444577 0.608167 0.0172571 0.0696665 0.0156629
9 0.0399477 0.223868 0.0105393 0.0319786 0.0155537
9 0.212121 0.0329287 0.0217931 0.0411645 0.0153965
3 0.754837 0.310665 0.0765036 0.0631263 0.0153065
0 0.073237 0.254961 0.0132248 0.0423896 0.0151687
9 0.145026 0.221556 0.0112802 0.0285997 0.0151487
0 0.444512 0.628583 0.0212255 0.111365 0.0151386
0 0.410926 0.306247 0.0156364 0.0187253 0.0150831
9 0.73187 0.229994 0.0148199 0.0307914 0.0150763
2 0.729537 0.459667 0.0388016 0.0570652 0.0148057
2 0.234665 0.275877 0.0485961 0.0372802 0.0147621
9 0.731837 0.231114 0.0152884 0.0306263 0.014143
34 0.0185985 0.74053 0.0370746 0.0921872 0.0138612
0 0.563209 0.267514 0.0177567 0.0591738 0.0137321
0 0.561361 0.271045 0.0191967 0.0674897 0.0135029
2 0.058303 0.394049 0.0344153 0.041995 0.0134721
2 0.116858 0.358518 0.0737096 0.0300499 0.0130137
0 0.561828 0.267593 0.0176314 0.0600085 0.0129437
2 0.236618 0.279215 0.0548484 0.0460494 0.0124686
0 0.103185 0.255922 0.0212394 0.0407518 0.0124488
0 0.994535 0.30713 0.0101921 0.0517804 0.0124171
2 0.0907932 0.379945 0.100033 0.0654396 0.012301
34 0.0231372 0.739486 0.041132 0.0932745 0.012032
0 0.0749201 0.254853 0.0152842 0.042602 0.0120168
2 0.0759148 0.316402 0.0663821 0.0488466 0.0118903
2 0.918163 0.236758 0.0341633 0.025399 0.0118807
0 0.128083 0.64715 0.0371497 0.086269 0.0117687
0 0.886184 0.260666 0.030171 0.0481188 0.0117353
0 0.103196 0.255966 0.0223485 0.0405558 0.011603
2 0.231433 0.277099 0.0386097 0.0356596 0.0115636
2 0.0756657 0.389345 0.0696301 0.0455059 0.0114834
2 0.482168 0.282063 0.05802 0.0387587 0.0113631
9 0.390767 0.161722 0.0137987 0.0199688 0.0111308
0 0.563469 0.268028 0.0195169 0.0627699 0.0111049
2 0.861125 0.244379 0.0349571 0.0315762 0.0111017
0 0.88916 0.226712 0.0217512 0.0264995 0.0110998
0 0.56391 0.263911 0.0151892 0.0525823 0.0109947
3 0.776565 0.308973 0.0385776 0.0344096 0.0109203
2 0.886857 0.235832 0.0291462 0.016187 0.0108885
0 0.0752058 0.259299 0.0150716 0.0485389 0.0107155
0 0.563009 0.263713 0.0153492 0.0522472 0.0107102
10 0.885368 0.261331 0.0313469 0.0494794 0.0106841
9 0.212391 0.030579 0.0238319 0.0478646 0.0106666
2 0.867365 0.237305 0.0299244 0.0197295 0.0106192
5 0.180577 0.132455 0.11905 0.158504 0.0105279
9 0.888528 0.263732 0.0234312 0.048143 0.0104671
0 0.8037 0.298955 0.0331913 0.0439621 0.0103993
2 0.925579 0.23679 0.0218657 0.0231282 0.0103919
2 0.341355 0.287271 0.0576633 0.0261529 0.0103026
0 0.885987 0.260888 0.0302382 0.0494686 0.0102445
2 0.111978 0.361904 0.0711643 0.0290705 0.0101201
0 0.887251 0.259473 0.0281166 0.0472221 0.0100098
0 0.561884 0.265922 0.0167082 0.0587359 0.00993046
0 0.215125 0.281006 0.0146785 0.0327394 0.00989899
5 0.179979 0.132827 0.121256 0.159101 0.00983977
0 0.444647 0.601679 0.0168488 0.055477 0.00979639
2 0.83183 0.24032 0.0426872 0.0362522 0.00976507
0 0.444673 0.604707 0.0169117 0.0624947 0.00968942
0 0.0747991 0.257613 0.0151363 0.0477555 0.00955337
0 0.231799 0.287019 0.0257965 0.0507898 0.00948002
9 0.356389 0.169089 0.013479 0.01522 0.00932636
2 0.481433 0.284221 0.0585161 0.0430525 0.00919372
2 0.0916223 0.378527 0.104586 0.0624823 0.00901618
2 0.108909 0.362291 0.0700532 0.0296969 0.00901265
0 0.991549 0.270932 0.0161762 0.0589642 0.00892086
