2 0.96465 0.803677 0.0696409 0.121687 0.861713
2 0.964656 0.804045 0.0697041 0.122255 0.858926
2 0.964563 0.803954 0.0699396 0.122496 0.855895
2 0.96431 0.803771 0.070396 0.122324 0.848046
2 0.637225 0.821845 0.147431 0.138791 0.829547
2 0.964435 0.803788 0.0701141 0.122265 0.825485
2 0.9646 0.804184 0.0698624 0.122141 0.822915
2 0.636792 0.822006 0.147383 0.138633 0.819
2 0.964654 0.803726 0.0701818 0.12161 0.81813
2 0.043507 0.771429 0.0865954 0.132293 0.812405
2 0.0436547 0.771832 0.0870715 0.132864 0.811073
2 0.964519 0.803998 0.070435 0.122565 0.806593
2 0.637619 0.822349 0.1472 0.139327 0.804593
2 0.0439521 0.771508 0.087657 0.133503 0.804362
2 0.0437065 0.770709 0.0870729 0.132746 0.803265
2 0.0437094 0.771011 0.0872889 0.133174 0.799092
2 0.637538 0.822034 0.14722 0.138235 0.798882
2 0.043799 0.771172 0.0869892 0.132417 0.796078
2 0.0436617 0.773184 0.0870432 0.130197 0.795086
2 0.964598 0.803889 0.0703506 0.122174 0.793245
2 0.637532 0.821974 0.146921 0.138493 0.787175
2 0.637506 0.82206 0.148134 0.138261 0.785999
2 0.04378 0.771089 0.0873536 0.133813 0.784587
2 0.637272 0.822315 0.146733 0.138435 0.770577
2 0.838541 0.49835 0.0767948 0.0544518 0.766651
2 0.838738 0.498523 0.0772877 0.055621 0.75371
2 0.0431978 0.772654 0.0861289 0.130415 0.747036
2 0.838886 0.498475 0.077187 0.0549766 0.746836
2 0.04355 0.771815 0.0866345 0.132225 0.746234
2 0.0984433 0.534887 0.065191 0.0764576 0.737953
2 0.0986976 0.535233 0.0649193 0.0760097 0.73082
2 0.0985527 0.535099 0.064897 0.0766286 0.726805
2 0.637557 0.822251 0.146969 0.138322 0.724934
2 0.838778 0.499178 0.0770031 0.0548637 0.714685
2 0.839048 0.498973 0.0770645 0.0554943 0.714406
2 0.637699 0.822923 0.146285 0.138217 0.707467
2 0.838655 0.498736 0.0777298 0.0550255 0.70273
2 0.838379 0.498378 0.077566 0.0537117 0.701115
2 0.0989832 0.535015 0.0656061 0.0766753 0.691648
2 0.250554 0.500798 0.0998889 0.072661 0.689607
2 0.838917 0.498476 0.0774637 0.0551387 0.686969
2 0.0699303 0.962139 0.137819 0.0749878 0.682882
2 0.250472 0.501045 0.0990868 0.0734838 0.67453
2 0.098822 0.535518 0.0650727 0.0775427 0.672195
2 0.0698257 0.962494 0.138221 0.073838 0.66486
2 0.0986484 0.534675 0.0650256 0.0772616 0.659678
2 0.250224 0.500902 0.0997659 0.0725694 0.656544
2 0.0994925 0.53563 0.0666197 0.077646 0.653339
2 0.637453 0.82266 0.146904 0.136553 0.65281
2 0.0692912 0.962433 0.138086 0.0745705 0.65134
2 0.0702628 0.96251 0.139017 0.0744043 0.651039
2 0.0989625 0.535105 0.0654696 0.076165 0.650325
2 0.839001 0.498605 0.0779585 0.0554317 0.641416
2 0.250337 0.500995 0.0997165 0.0729046 0.639001
2 0.069863 0.962525 0.138686 0.0743366 0.638287
2 0.250314 0.501089 0.099919 0.0732807 0.619498
2 0.250393 0.500897 0.0999647 0.0728138 0.616388
2 0.0698986 0.962506 0.138212 0.0739288 0.605349
2 0.838993 0.498872 0.0782459 0.0554291 0.600522
2 0.0977374 0.535507 0.0639229 0.0756251 0.590298
2 0.250234 0.500755 0.100024 0.0726975 0.588901
2 0.250336 0.50091 0.0999418 0.0729509 0.58338
2 0.0696431 0.962686 0.138693 0.073564 0.582716
0 0.673711 0.467063 0.0186918 0.0585838 0.575205
2 0.0693403 0.962792 0.137545 0.0734098 0.566608
2 0.278292 0.891994 0.193043 0.159499 0.56636
2 0.0699274 0.962615 0.138843 0.074102 0.563437
2 0.278638 0.891664 0.193804 0.158684 0.563368
0 0.673502 0.466811 0.0196682 0.0598141 0.55693
2 0.278692 0.89124 0.192871 0.158561 0.552389
2 0.250813 0.499769 0.104431 0.0732398 0.524556
2 0.278168 0.892333 0.193285 0.160598 0.50591
2 0.098679 0.535703 0.0674596 0.0765485 0.501574
0 0.674063 0.466873 0.0209412 0.0597048 0.50102
0 0.673798 0.46679 0.0178405 0.058102 0.49805
2 0.964625 0.803786 0.0699253 0.12324 0.494133
2 0.27766 0.891912 0.191406 0.156286 0.477123
0 0.0329313 0.520931 0.0233828 0.0737896 0.440514
0 0.6741 0.467192 0.020999 0.0595246 0.435191
2 0.278624 0.891161 0.193424 0.158442 0.423308
2 0.0696333 0.962794 0.138536 0.0736164 0.395452
0 0.0332174 0.522256 0.0233958 0.0724762 0.382615
0 0.03343 0.522034 0.0246808 0.0724487 0.372382
0 0.768785 0.464052 0.0131559 0.0546059 0.308053
2 0.277626 0.893117 0.195141 0.162152 0.307594
2 0.277684 0.892073 0.192885 0.157402 0.293989
0 0.674511 0.466951 0.0210461 0.0589597 0.285339
0 0.76841 0.4612 0.0134909 0.0505692 0.283081
0 0.0336316 0.522304 0.0250687 0.0748652 0.251166
0 0.673161 0.467497 0.0200759 0.058255 0.250759
9 0.155746 0.428621 0.0115592 0.026985 0.250732
0 0.728245 0.462979 0.0243078 0.049592 0.247504
0 0.0326135 0.526965 0.0231802 0.064575 0.2462
0 0.726561 0.463127 0.0242908 0.0493646 0.244174
0 0.644415 0.46573 0.0118155 0.0474322 0.241893
2 0.277631 0.889793 0.195858 0.156334 0.240793
5 0.55159 0.440888 0.0995256 0.106153 0.240073
0 0.0331765 0.533422 0.0247646 0.0539995 0.236449
2 0.838378 0.498691 0.0786079 0.0544535 0.230079
0 0.644444 0.4641 0.0127026 0.0442827 0.219126
0 0.672764 0.466578 0.0169636 0.0569876 0.214382
0 0.724441 0.462762 0.0217369 0.0482542 0.211565
0 0.726805 0.462644 0.024521 0.0511238 0.211556
2 0.250978 0.500124 0.104183 0.0728642 0.207886
0 0.0340132 0.520301 0.0251765 0.0742178 0.206581
0 0.768877 0.464451 0.012977 0.0550816 0.190337
0 0.723687 0.462304 0.0186029 0.0479498 0.189744
0 0.0328683 0.515035 0.0225734 0.0630396 0.17778
9 0.155204 0.427952 0.0128367 0.0274426 0.174956
3 0.033332 0.538602 0.0226113 0.0438752 0.170372
0 0.725722 0.462513 0.0240807 0.0503473 0.164384
0 0.703337 0.462894 0.0175951 0.0507259 0.155505
0 0.644315 0.467799 0.012654 0.0487606 0.152216
2 0.381083 0.47915 0.0177278 0.0306547 0.146366
0 0.703127 0.463888 0.0184475 0.0523649 0.135684
5 0.55196 0.440804 0.0981739 0.107084 0.133162
3 0.0330346 0.53568 0.0226612 0.0487045 0.129877
0 0.767797 0.458224 0.0131863 0.045087 0.125918
2 0.0998091 0.537296 0.0652368 0.0745825 0.125883
2 0.381155 0.480019 0.0180584 0.0319719 0.107454
0 0.729516 0.462262 0.0196405 0.0488978 0.104621
0 0.64466 0.46429 0.0144712 0.0478997 0.103888
5 0.551396 0.440701 0.0991919 0.105095 0.100838
5 0.551318 0.440558 0.100061 0.104478 0.098941
0 0.702276 0.465002 0.0186037 0.055127 0.0952222
0 0.674516 0.466671 0.0211792 0.0578487 0.0885705
0 0.674023 0.466979 0.0220723 0.0598337 0.0881116
0 0.729282 0.461326 0.0250775 0.0481413 0.0872998
2 0.153456 0.510124 0.0572339 0.0411591 0.0842719
2 0.0997979 0.536568 0.0645776 0.0759399 0.0826416
5 0.551421 0.43827 0.0962214 0.0995881 0.0808654
0 0.719583 0.461302 0.0128351 0.047702 0.0792935
2 0.797429 0.705268 0.0256318 0.0223526 0.0792367
0 0.703132 0.461817 0.0160172 0.0485548 0.0786252
5 0.551721 0.440619 0.098378 0.103573 0.0776901
3 0.0346687 0.53898 0.0235662 0.0416516 0.073343
9 0.340333 0.416931 0.0102912 0.0198431 0.0708757
9 0.15618 0.430353 0.0120002 0.0317678 0.0707236
2 0.79776 0.705865 0.0247849 0.0252281 0.0691249
2 0.837948 0.498243 0.0793315 0.0551702 0.0679424
5 0.552382 0.439998 0.0980505 0.105135 0.0663685
5 0.550843 0.43943 0.0979624 0.102111 0.0654995
2 0.964686 0.804169 0.0700859 0.122697 0.0638508
0 0.0340314 0.533541 0.0242367 0.0513905 0.0637692
2 0.779669 0.715551 0.0604222 0.03944 0.0634926
3 0.0342066 0.536203 0.0240452 0.0470671 0.062267
2 0.278426 0.892434 0.192845 0.158197 0.061914
2 0.381641 0.482633 0.0219173 0.0356058 0.0607601
2 0.139723 0.511977 0.0420128 0.0418941 0.0580561
2 0.137755 0.512663 0.0441235 0.043317 0.0555256
2 0.141426 0.511474 0.0450727 0.0417892 0.0541172
0 0.700413 0.463764 0.0188347 0.0544174 0.0538658
0 0.767989 0.461112 0.015873 0.0503324 0.0538371
0 0.515095 0.476735 0.0177498 0.0427126 0.0534309
2 0.0696722 0.962291 0.138794 0.0741467 0.0506286
0 0.672384 0.466553 0.0237839 0.0596819 0.0501059
5 0.550306 0.438656 0.0957664 0.102933 0.0476312
0 0.700905 0.464312 0.018694 0.0537579 0.0473886
2 0.384412 0.481905 0.0245564 0.0356774 0.0456625
0 0.548926 0.485752 0.0289087 0.0942857 0.0437692
2 0.384178 0.48087 0.0255634 0.0361679 0.0436809
0 0.513027 0.476185 0.0140656 0.0416416 0.0435397
2 0.718113 0.750231 0.0600391 0.0356842 0.042806
0 0.672335 0.466472 0.0253963 0.0595852 0.0420652
2 0.762044 0.725993 0.0247557 0.0198885 0.0418976
2 0.139441 0.50938 0.0511286 0.0414015 0.0408535
0 0.034771 0.509912 0.0237441 0.053084 0.0407457
2 0.780419 0.71431 0.0608536 0.0390265 0.0382441
2 0.382242 0.481719 0.0194996 0.0340927 0.0381107
5 0.550389 0.439631 0.096588 0.103601 0.0376363
5 0.550725 0.441744 0.0926077 0.107278 0.0373796
2 0.138703 0.512489 0.045593 0.0412226 0.0369313
0 0.548993 0.485292 0.0298643 0.0951878 0.0356988
2 0.730137 0.747921 0.0326767 0.025984 0.0351565
0 0.710657 0.461443 0.0150226 0.0489462 0.0338066
0 0.51148 0.475907 0.0155718 0.0430269 0.033193
0 0.517123 0.476973 0.01975 0.0424084 0.032646
0 0.513672 0.476772 0.013606 0.0399367 0.0324391
2 0.384364 0.482149 0.0255852 0.0363173 0.0322397
5 0.552092 0.442098 0.0959748 0.105599 0.0321451
2 0.156054 0.511405 0.0387666 0.0395956 0.0318168
2 0.761184 0.726457 0.025998 0.0215248 0.0311548
2 0.715868 0.750832 0.0704126 0.0435314 0.0306643
0 0.0303789 0.523441 0.0287708 0.0729198 0.0300169
2 0.764726 0.730089 0.0921405 0.0690813 0.0298148
2 0.0691205 0.96282 0.137684 0.0734497 0.0289094
2 0.247758 0.500797 0.106236 0.0734207 0.0284232
2 0.72336 0.750097 0.0486609 0.0315031 0.0279263
13 0.595779 0.628813 0.0647161 0.0576378 0.0275092
2 0.138585 0.513135 0.0409207 0.0428789 0.0270819
0 0.700073 0.464578 0.0176065 0.0533339 0.0269044
2 0.465318 0.901906 0.0302398 0.0209576 0.0268728
0 0.116797 0.661038 0.018141 0.0649603 0.0264724
9 0.156263 0.428798 0.0154915 0.030924 0.0261652
0 0.117551 0.667126 0.018373 0.052325 0.0257739
2 0.0439072 0.771257 0.0867344 0.133199 0.025007
2 0.762312 0.724148 0.0244864 0.0210967 0.0249272
13 0.595727 0.628438 0.0641842 0.0570048 0.0244132
2 0.797996 0.707815 0.028027 0.0285007 0.02427
2 0.762588 0.729705 0.0861809 0.0592217 0.0242309
2 0.748921 0.737858 0.0540683 0.0442997 0.0239266
2 0.789839 0.709476 0.0408119 0.0300596 0.023809
2 0.148979 0.511648 0.0379932 0.0400978 0.0235209
0 0.549314 0.484297 0.0296535 0.0969015 0.0226703
2 0.352294 0.486369 0.0285479 0.0356432 0.0225443
13 0.595523 0.625223 0.0620591 0.0548684 0.0225095
0 0.510661 0.476689 0.0134323 0.0403246 0.0223116
9 0.130389 0.374961 0.00961308 0.0225924 0.0220044
0 0.116389 0.65934 0.0198321 0.0677622 0.0209232
0 0.556138 0.485581 0.0156338 0.0859877 0.0204626
0 0.643441 0.464769 0.0158232 0.0483596 0.0203275
2 0.72761 0.747334 0.0298288 0.025567 0.0201732
2 0.779108 0.718667 0.065049 0.0548298 0.0199951
2 0.76196 0.724896 0.0251835 0.020722 0.0198712
2 0.144493 0.509806 0.0537841 0.0444315 0.019821
2 0.15338 0.509394 0.0575995 0.0422168 0.019797
5 0.553181 0.442104 0.0878498 0.106255 0.0196151
13 0.594947 0.628714 0.06382 0.0609207 0.0196142
0 0.520571 0.477255 0.0231641 0.0412815 0.0194066
0 0.0327801 0.51808 0.0258342 0.0748868 0.0194058
0 0.560871 0.474049 0.0106043 0.0572044 0.0193339
2 0.731369 0.750561 0.0340939 0.0291779 0.0191921
9 0.131314 0.37357 0.0108544 0.0250249 0.01885
2 0.734046 0.746085 0.0388783 0.0349104 0.0186419
2 0.121219 0.51363 0.0741534 0.0447651 0.0179056
2 0.729852 0.750124 0.0347282 0.0291903 0.0179013
2 0.339466 0.488766 0.0467282 0.0336681 0.0177889
2 0.165822 0.511148 0.0368162 0.0380466 0.0177828
0 0.768722 0.470627 0.0131935 0.0695623 0.0177706
2 0.733156 0.741748 0.0653818 0.0488101 0.0172497
2 0.837298 0.498418 0.0744228 0.0565372 0.0171251
5 0.548972 0.43789 0.0924722 0.103469 0.0168442
2 0.830256 0.687251 0.0191132 0.0185713 0.0164578
9 0.393546 0.402758 0.00992079 0.0286288 0.0158944
2 0.714351 0.756047 0.0684301 0.0413611 0.0158589
0 0.0730433 0.514423 0.0172951 0.0445948 0.0156809
0 0.0333332 0.489298 0.0204957 0.0301673 0.0153627
0 0.573104 0.476255 0.0206987 0.0401567 0.0153157
2 0.779707 0.716846 0.0553816 0.0363476 0.0152932
12 0.569466 0.47769 0.0200277 0.0394648 0.0152618
2 0.379455 0.481295 0.0251898 0.0350374 0.014888
0 0.70071 0.463219 0.0187443 0.0506441 0.0148612
3 0.0304341 0.538212 0.0261364 0.0442867 0.0148298
9 0.523478 0.444794 0.017017 0.0274891 0.0146806
13 0.595611 0.629324 0.0639597 0.0587322 0.0142034
9 0.535599 0.289826 0.0206768 0.0475713 0.013984
0 0.00398968 0.532519 0.00774025 0.0399155 0.0137485
2 0.322903 0.486635 0.0212028 0.0172274 0.0136362
2 0.402338 0.944688 0.0214988 0.0217628 0.0135805
3 0.352918 0.490202 0.0219921 0.0288539 0.0132796
2 0.719855 0.750009 0.0758252 0.0476998 0.0130686
2 0.7977 0.703074 0.0268061 0.0243711 0.0129698
2 0.798558 0.702711 0.0261768 0.028404 0.012969
5 0.558955 0.443748 0.0798109 0.104303 0.0129035
2 0.0943655 0.533581 0.0588686 0.0713777 0.0129
13 0.595886 0.629209 0.0641432 0.0588216 0.0128919
2 0.164905 0.511671 0.0392998 0.0391918 0.0128624
2 0.277027 0.892305 0.189949 0.156765 0.0126765
2 0.138373 0.509974 0.0513546 0.0447324 0.0125035
2 0.766337 0.727133 0.0915306 0.0727321 0.0125009
9 0.535481 0.289876 0.020795 0.0468856 0.0124811
2 0.736737 0.742034 0.0420042 0.0355598 0.0123826
0 0.548831 0.49065 0.0289911 0.0841059 0.0120951
0 0.767935 0.462037 0.0175784 0.0552494 0.0118245
2 0.264689 0.479312 0.0601708 0.0289014 0.0117903
2 0.0473783 0.964746 0.0937203 0.0698277 0.0117844
2 0.775101 0.717184 0.053565 0.0401613 0.0117582
2 0.334233 0.492565 0.0441088 0.0319813 0.0116224
0 0.737736 0.46028 0.0153247 0.0413401 0.0116111
0 0.729874 0.465329 0.0251911 0.0566372 0.0112889
2 0.177103 0.646721 0.0202543 0.0156851 0.0111632
0 0.548613 0.486903 0.0335108 0.0963709 0.0109336
2 0.0842272 0.513473 0.0381982 0.0356933 0.0109038
13 0.595459 0.626891 0.0617605 0.0552261 0.0108693
12 0.569793 0.477328 0.0223238 0.0402023 0.0108581
2 0.831151 0.6861 0.0177143 0.0177563 0.0106465
9 0.693249 0.122975 0.0336256 0.0896886 0.0105654
2 0.069907 0.962777 0.139714 0.0738739 0.0104924
9 0.510389 0.402676 0.0123544 0.0216339 0.0104195
9 0.693956 0.123738 0.0349382 0.0907973 0.0103862
0 0.0303175 0.520978 0.0285614 0.0735079 0.010199
0 0.573424 0.47667 0.0207115 0.040902 0.0101407
2 0.463393 0.902425 0.0277779 0.0210804 0.00999792
2 0.0694381 0.961975 0.13765 0.0750635 0.00992028
0 0.591888 0.468151 0.017863 0.0561586 0.00981179
2 0.378284 0.482587 0.0252849 0.0351499 0.00975356
2 0.464845 0.465688 0.0292267 0.0401057 0.00972917
9 0.394193 0.401713 0.0103276 0.0296568 0.00964093
2 0.0903149 0.506008 0.0517285 0.039625 0.00959052
0 0.00380978 0.532113 0.00751735 0.0436107 0.00954258
2 0.149251 0.51275 0.0539001 0.042141 0.00949667
9 0.694202 0.124275 0.0316651 0.0817641 0.00930296
2 0.263023 0.479652 0.0638396 0.032453 0.00923262
0 0.738677 0.451501 0.0130473 0.0251835 0.00912612
0 0.732709 0.463564 0.0262802 0.0478024 0.00911886
2 0.791111 0.709397 0.0693502 0.0510389 0.00896789
0 0.702042 0.467661 0.0174332 0.0563702 0.00877276
1 0.351664 0.490876 0.0239655 0.0277216 0.0087216
12 0.570104 0.477736 0.0200863 0.0401264 0.00868679
2 0.458978 0.467324 0.0390975 0.0403736 0.00867584
