2 0.127501 0.519368 0.149469 0.108538 0.835962
2 0.12836 0.520074 0.149521 0.107253 0.82835
2 0.127718 0.520039 0.148867 0.107411 0.818645
2 0.336514 0.410512 0.11002 0.0884419 0.794515
2 0.12921 0.448797 0.135754 0.0919827 0.794127
2 0.335388 0.410786 0.112543 0.0896574 0.790275
2 0.336443 0.411474 0.110243 0.0867805 0.790081
2 0.127501 0.520029 0.149293 0.10714 0.788109
2 0.128485 0.519315 0.148997 0.10742 0.787673
2 0.129078 0.447336 0.136225 0.0892012 0.784326
2 0.336755 0.411376 0.109657 0.0868445 0.783979
2 0.336791 0.411757 0.10981 0.0873658 0.78273
2 0.129537 0.448079 0.136506 0.0900806 0.780456
2 0.129203 0.44794 0.136148 0.0897462 0.780025
2 0.129591 0.447458 0.136007 0.0900851 0.777835
2 0.127773 0.519087 0.149291 0.107332 0.774795
2 0.127562 0.520419 0.148237 0.105887 0.774116
2 0.129385 0.448148 0.136502 0.0912856 0.772942
2 0.129269 0.448041 0.135479 0.090988 0.767389
2 0.127332 0.519077 0.148701 0.107566 0.767222
2 0.129603 0.447523 0.136471 0.090216 0.766774
2 0.127652 0.519834 0.148124 0.106801 0.760619
2 0.129738 0.447387 0.13629 0.0897581 0.757604
2 0.336864 0.411135 0.109276 0.0881034 0.75693
2 0.336809 0.411707 0.109561 0.0865548 0.754723
2 0.336842 0.411576 0.109868 0.0875385 0.739593
2 0.129931 0.447522 0.136757 0.0907956 0.73392
2 0.30094 0.2156 0.0594379 0.039819 0.729956
2 0.301155 0.215242 0.0600113 0.0392293 0.700174
2 0.629319 0.237939 0.0505466 0.0489167 0.677725
2 0.405317 0.205412 0.0576386 0.0374564 0.64775
2 0.301261 0.21438 0.0592079 0.0382682 0.642322
2 0.301107 0.215163 0.0607282 0.0389935 0.642132
2 0.405232 0.205444 0.0582194 0.0375395 0.639943
2 0.405208 0.205294 0.0569975 0.0373627 0.622838
2 0.629329 0.237741 0.0514343 0.0494859 0.619408
2 0.306947 0.370788 0.093745 0.073141 0.616389
2 0.307913 0.370462 0.0952543 0.0739669 0.614847
2 0.629168 0.238308 0.0508816 0.0490236 0.602612
2 0.629342 0.237559 0.0503091 0.0497618 0.598368
5 0.447057 0.134981 0.153778 0.141966 0.596146
2 0.405028 0.205453 0.0577339 0.0382231 0.593989
2 0.405523 0.205598 0.058136 0.0376973 0.592857
2 0.306944 0.371616 0.0933845 0.0732375 0.571588
2 0.300671 0.215392 0.0594158 0.0400338 0.569673
2 0.307935 0.371036 0.0951953 0.0733922 0.568684
2 0.307622 0.370331 0.0950004 0.0737492 0.562451
2 0.629732 0.237839 0.0503427 0.0486987 0.562238
2 0.521815 0.200082 0.0566696 0.0373698 0.557996
2 0.301842 0.214687 0.0581049 0.0396848 0.552957
2 0.301152 0.21525 0.0591978 0.0398414 0.551362
2 0.300836 0.215357 0.0597933 0.0393991 0.55059
2 0.307824 0.371671 0.0961941 0.074783 0.536682
5 0.438231 0.166572 0.133535 0.0847488 0.530564
2 0.521594 0.200475 0.056083 0.0376864 0.504432
2 0.33697 0.411924 0.109442 0.0856754 0.493693
2 0.521422 0.200433 0.0563763 0.0374566 0.491636
0 0.619054 0.347185 0.0202964 0.0638421 0.484175
2 0.62984 0.238018 0.050268 0.0491787 0.476504
5 0.44758 0.136479 0.155787 0.141052 0.47386
2 0.456207 0.339807 0.0859152 0.0712358 0.46779
2 0.629518 0.237633 0.0513763 0.0491847 0.463463
2 0.566987 0.27982 0.0635731 0.0551637 0.454468
2 0.977393 0.321306 0.044059 0.108336 0.447997
2 0.629452 0.238903 0.0496876 0.0486772 0.441488
2 0.972932 0.248235 0.0530838 0.0883489 0.437776
5 0.446699 0.135896 0.153949 0.142148 0.437484
5 0.438447 0.166176 0.134938 0.086234 0.434237
2 0.30111 0.215799 0.059944 0.0384903 0.431557
5 0.436825 0.165631 0.132376 0.0829754 0.430879
2 0.405513 0.205644 0.0583137 0.0379166 0.429991
2 0.404814 0.205489 0.0586529 0.0388477 0.425763
2 0.301182 0.21543 0.0602333 0.038541 0.424242
2 0.977564 0.31987 0.0438358 0.108597 0.4231
0 0.619884 0.34727 0.0220736 0.0648135 0.421052
2 0.853638 0.236369 0.0451693 0.0519897 0.419635
2 0.307962 0.371882 0.0970326 0.0752917 0.409428
0 0.917553 0.282416 0.0146011 0.053544 0.408341
3 0.473725 0.393495 0.035184 0.0509379 0.40716
0 0.619793 0.347766 0.0212345 0.0652893 0.403719
2 0.686586 0.187733 0.0639204 0.0463881 0.402702
0 0.619183 0.347179 0.0205148 0.0635477 0.39902
0 0.877835 0.269271 0.0239918 0.0621772 0.395067
0 0.619161 0.348033 0.0206488 0.0645465 0.393551
0 0.917929 0.280527 0.0138426 0.0496138 0.393217
5 0.437478 0.165661 0.133917 0.0847445 0.391955
2 0.566647 0.279417 0.0627789 0.0567817 0.391606
2 0.977755 0.321683 0.0439512 0.107754 0.389723
2 0.857401 0.235998 0.0529896 0.0531524 0.385401
0 0.878212 0.26803 0.0250311 0.0602889 0.383445
2 0.977786 0.323094 0.0438755 0.108762 0.383333
2 0.567343 0.279242 0.0630278 0.0558355 0.382351
2 0.0286279 0.214897 0.0543177 0.0355875 0.379939
2 0.521417 0.200108 0.0559281 0.0385961 0.373949
2 0.567009 0.27924 0.0620964 0.0561417 0.372925
2 0.456101 0.339733 0.0850097 0.0703694 0.370814
2 0.521946 0.200546 0.057399 0.0373543 0.370361
5 0.437814 0.164677 0.132239 0.0812556 0.370233
2 0.974095 0.247008 0.0512714 0.0874642 0.369005
3 0.473166 0.393548 0.0332138 0.0512799 0.368644
2 0.566284 0.279776 0.0618368 0.0567581 0.367118
3 0.731081 0.249446 0.0320278 0.0470721 0.362544
2 0.0980311 0.210719 0.0407601 0.0327911 0.358747
2 0.686658 0.192914 0.0633531 0.0538783 0.357483
5 0.447186 0.13754 0.155697 0.140438 0.35659
2 0.977659 0.321148 0.0441698 0.10662 0.35518
5 0.438526 0.14792 0.137937 0.119615 0.354044
2 0.139497 0.213838 0.0384223 0.0352678 0.352223
2 0.628834 0.23924 0.0497765 0.0494385 0.35149
2 0.02923 0.216423 0.0574057 0.0372285 0.346194
2 0.139543 0.213784 0.0395918 0.0334679 0.345021
2 0.973914 0.248243 0.0512835 0.0871754 0.342898
2 0.851303 0.237599 0.0392715 0.0489611 0.337973
5 0.436946 0.16483 0.133402 0.0807584 0.333655
2 0.85498 0.236476 0.0474571 0.0533628 0.329052
2 0.566684 0.27973 0.0618662 0.05519 0.327511
0 0.877586 0.269677 0.0241087 0.0600084 0.326258
2 0.56702 0.279255 0.0620247 0.0565009 0.325171
2 0.85809 0.236188 0.055167 0.0539389 0.32499
2 0.567344 0.279526 0.0633259 0.0562996 0.323091
3 0.73103 0.248604 0.0323458 0.0474829 0.32165
0 0.878003 0.267829 0.0256994 0.0602813 0.320001
2 0.456177 0.273833 0.0664949 0.0525187 0.319712
2 0.854765 0.236729 0.0471016 0.051523 0.3197
2 0.686876 0.188556 0.0634563 0.047587 0.319697
0 0.878148 0.268558 0.0249668 0.0601196 0.318668
2 0.139556 0.213477 0.0397227 0.0345229 0.318241
2 0.968093 0.200772 0.0611519 0.0572815 0.312194
2 0.921532 0.178116 0.0519777 0.0296511 0.311557
2 0.306953 0.371199 0.0943515 0.073351 0.310705
9 0.620852 0.0553888 0.0124502 0.0182267 0.309965
2 0.14105 0.213584 0.0400279 0.0348738 0.307665
2 0.55783 0.182891 0.0426508 0.0323655 0.307645
0 0.917399 0.284024 0.0138191 0.0561718 0.305957
2 0.973458 0.247739 0.049522 0.0832071 0.305153
0 0.619095 0.348245 0.0206295 0.0658617 0.304435
2 0.967613 0.198879 0.0630579 0.0570271 0.303556
2 0.973635 0.247644 0.0521908 0.0887084 0.303505
2 0.973261 0.245375 0.0506294 0.085333 0.303393
2 0.301903 0.215233 0.0577666 0.038049 0.302594
2 0.521361 0.199845 0.055275 0.0379401 0.302549
2 0.977456 0.3199 0.0443161 0.0947517 0.302416
2 0.687577 0.195299 0.0621664 0.0602458 0.301786
2 0.02893 0.215243 0.0540024 0.0362017 0.301767
3 0.473469 0.393116 0.0347974 0.0522141 0.300047
3 0.73085 0.250654 0.0322487 0.0460294 0.298143
2 0.404951 0.20578 0.0588201 0.0385372 0.295998
3 0.473875 0.392707 0.0354471 0.0520983 0.295828
2 0.850289 0.23618 0.0374645 0.0523225 0.295505
2 0.687328 0.198672 0.0628715 0.0664094 0.290472
2 0.520808 0.200172 0.0560379 0.0367315 0.284256
2 0.97422 0.245163 0.0506893 0.085506 0.28129
2 0.45632 0.273718 0.0656712 0.0515823 0.278188
5 0.435965 0.16566 0.133052 0.0817915 0.277955
2 0.0286299 0.214257 0.0520574 0.0353454 0.277409
2 0.974279 0.246465 0.0506453 0.0855468 0.277306
2 0.851263 0.240898 0.03888 0.0434268 0.275138
2 0.973683 0.242693 0.052055 0.0817218 0.273941
2 0.969193 0.195138 0.0609119 0.050449 0.273741
2 0.510855 0.274827 0.0576992 0.0576319 0.272794
2 0.686329 0.186096 0.0639255 0.0447101 0.271962
3 0.732034 0.248875 0.0349434 0.049036 0.265883
2 0.922853 0.178151 0.05634 0.0309633 0.264502
2 0.967986 0.196477 0.0620518 0.0529952 0.264182
2 0.140241 0.213933 0.0408875 0.0342351 0.26334
2 0.968336 0.198062 0.0615555 0.0547303 0.261356
3 0.456174 0.339839 0.0859821 0.0689951 0.260816
3 0.977552 0.315445 0.0442047 0.0923571 0.257275
2 0.0294127 0.216862 0.0582801 0.0399875 0.257085
3 0.682361 0.273163 0.034091 0.0439813 0.253457
5 0.446008 0.135442 0.153603 0.138717 0.252333
2 0.183885 0.217924 0.0310201 0.035104 0.252313
2 0.405487 0.205364 0.0577171 0.03853 0.24858
2 0.0306742 0.213514 0.0501341 0.0343276 0.248116
2 0.972828 0.242699 0.0522751 0.0802405 0.247707
5 0.447774 0.135227 0.155837 0.140511 0.244917
2 0.967471 0.191805 0.0615019 0.0451468 0.243698
2 0.922211 0.178637 0.0525238 0.0282634 0.240419
2 0.0969142 0.212078 0.0389456 0.0327629 0.239359
0 0.917537 0.284127 0.0156845 0.056497 0.23032
2 0.557271 0.182291 0.0439444 0.0331225 0.229281
0 0.91769 0.283304 0.0165077 0.0555267 0.228311
0 0.879053 0.269389 0.0282192 0.0639593 0.228221
2 0.308722 0.371325 0.0960209 0.072797 0.228135
2 0.921845 0.178442 0.0556881 0.0303254 0.227081
2 0.8485 0.244325 0.0331623 0.0359334 0.226669
2 0.0298464 0.217001 0.0592695 0.04157 0.225983
0 0.618703 0.345242 0.0200065 0.0602519 0.225763
2 0.40494 0.205174 0.0576804 0.0376803 0.223862
0 0.777317 0.206292 0.0160866 0.044456 0.222872
2 0.510623 0.275217 0.0578526 0.0560232 0.2212
2 0.509673 0.27392 0.0600826 0.0591234 0.218998
2 0.68743 0.194016 0.0627205 0.0573914 0.217594
3 0.97711 0.314492 0.0448603 0.0868514 0.21594
2 0.522696 0.201082 0.0587586 0.0388214 0.21557
9 0.50856 0.0565922 0.0149325 0.0191567 0.214556
2 0.521624 0.199336 0.0561733 0.037457 0.213926
2 0.691172 0.199424 0.0558539 0.0666654 0.213681
3 0.472763 0.393332 0.0345716 0.0552154 0.213151
2 0.509396 0.275152 0.0619852 0.0585229 0.211519
5 0.441517 0.13859 0.145603 0.133077 0.2092
2 0.521492 0.200776 0.0574959 0.0350166 0.209117
2 0.178832 0.217156 0.0433507 0.0335534 0.208977
2 0.308961 0.371688 0.0974535 0.0741651 0.208272
2 0.456468 0.339683 0.0854666 0.0715386 0.208147
2 0.977404 0.320327 0.0445135 0.0983773 0.205647
2 0.570578 0.235421 0.0596022 0.0467309 0.20553
2 0.177327 0.215872 0.0468879 0.037451 0.204823
3 0.729668 0.250533 0.0298002 0.0469193 0.202759
3 0.73195 0.24674 0.0347852 0.0515703 0.201854
2 0.182455 0.216304 0.0372136 0.0371261 0.200633
2 0.0972667 0.208502 0.0464725 0.0294326 0.200375
2 0.85904 0.236253 0.052631 0.0546411 0.200328
0 0.878732 0.270499 0.0280556 0.0603332 0.199244
2 0.687614 0.194319 0.0626404 0.0561296 0.198788
2 0.566856 0.2798 0.0613665 0.0556929 0.198726
2 0.968032 0.19992 0.0611595 0.0581956 0.196783
2 0.967642 0.205611 0.0609968 0.0497811 0.196232
2 0.688741 0.199648 0.0624537 0.0677128 0.196082
3 0.731244 0.248026 0.0336141 0.0484488 0.194882
2 0.977496 0.324742 0.0442633 0.100161 0.194873
2 0.557998 0.183154 0.0422152 0.0317562 0.194457
2 0.967605 0.205268 0.0588169 0.0473094 0.194215
0 0.794695 0.229828 0.0205463 0.0423636 0.194178
2 0.0981042 0.209196 0.0399584 0.0332796 0.192536
2 0.186309 0.217718 0.0341853 0.0340075 0.191607
3 0.729527 0.252775 0.0294176 0.0434714 0.189585
0 0.876906 0.264744 0.024905 0.0543136 0.187271
2 0.405533 0.204988 0.0576416 0.0386663 0.185832
2 0.557927 0.182627 0.0428453 0.0328532 0.185213
2 0.246545 0.192502 0.0597126 0.0490098 0.183777
3 0.474479 0.392927 0.037335 0.0573923 0.183367
2 0.96952 0.203316 0.0599125 0.0535153 0.182916
5 0.247131 0.191433 0.0582456 0.0491146 0.182253
2 0.976977 0.320035 0.0454761 0.105579 0.182145
2 0.970708 0.190985 0.055966 0.0439568 0.180292
0 0.793983 0.223806 0.0209918 0.051615 0.180285
2 0.509218 0.274261 0.0635935 0.0597836 0.179614
2 0.57119 0.235858 0.0599236 0.046395 0.17855
2 0.323415 0.389518 0.0917583 0.0735647 0.176131
5 0.440475 0.170482 0.13202 0.0915568 0.175036
3 0.682477 0.272429 0.0354257 0.0475484 0.173623
2 0.456015 0.340751 0.0847066 0.072066 0.172013
2 0.141884 0.214217 0.04115 0.0366705 0.171821
3 0.682647 0.274557 0.0333992 0.0416159 0.170267
2 0.6865 0.185637 0.063451 0.045012 0.169061
2 0.558375 0.182399 0.0431658 0.0320242 0.168615
0 0.794738 0.228442 0.0212193 0.0445081 0.167273
3 0.977366 0.314947 0.0446091 0.0930625 0.167265
2 0.85855 0.236322 0.0525929 0.0540971 0.166298
2 0.457153 0.338996 0.0867511 0.0689822 0.164727
2 0.688833 0.199072 0.0616165 0.0682076 0.164222
3 0.682189 0.272018 0.0351104 0.0438142 0.164014
2 0.688269 0.199143 0.0635433 0.0672969 0.162666
2 0.569922 0.235829 0.060502 0.0476102 0.162325
3 0.683093 0.264909 0.0357119 0.0527227 0.162174
2 0.0971002 0.208649 0.0388647 0.0337213 0.161166
3 0.682163 0.27515 0.0354324 0.0437573 0.160979
2 0.0294672 0.218801 0.0573873 0.0436606 0.160765
2 0.921343 0.179017 0.0538189 0.0307225 0.158927
7 0.247492 0.193133 0.0594705 0.04989 0.158628
2 0.86935 0.236822 0.0352524 0.0541178 0.158007
2 0.97399 0.252311 0.0477898 0.082368 0.157265
2 0.557001 0.181577 0.0453775 0.0298992 0.156934
2 0.0297662 0.214014 0.0553502 0.0333346 0.156643
0 0.794661 0.228946 0.0201082 0.0433445 0.155195
0 0.917114 0.286483 0.0133148 0.0606127 0.152063
2 0.249455 0.191438 0.0575072 0.0481266 0.151694
2 0.850117 0.236229 0.0384087 0.0524095 0.151687
0 0.725437 0.21486 0.0187126 0.0434569 0.15165
0 0.162113 0.230181 0.018216 0.050465 0.151206
2 0.923329 0.178262 0.0572338 0.0319585 0.151116
2 0.183775 0.218611 0.0262198 0.0324652 0.150556
0 0.725817 0.211476 0.019775 0.0411392 0.150066
2 0.571281 0.235403 0.0596401 0.0462342 0.149134
2 0.569172 0.235027 0.0623219 0.0441585 0.148743
2 0.24787 0.192074 0.0587347 0.0483745 0.1487
2 0.977272 0.318328 0.0445215 0.086019 0.148628
0 0.777555 0.204471 0.0142786 0.0404997 0.146912
2 0.306211 0.371406 0.0932419 0.0744702 0.146156
2 0.969858 0.196696 0.0596752 0.0530565 0.144335
0 0.726282 0.234292 0.0223341 0.0707398 0.144084
3 0.731109 0.249902 0.0340584 0.046214 0.144038
2 0.691634 0.20691 0.0557167 0.0527581 0.143954
2 0.974847 0.252352 0.0489914 0.0813056 0.143155
2 0.451371 0.340172 0.0754465 0.0657598 0.142647
5 0.205435 0.185665 0.055233 0.0563594 0.139143
2 0.568229 0.233922 0.0624561 0.0431263 0.139063
2 0.0965529 0.212353 0.0436927 0.0374544 0.137995
2 0.456202 0.272181 0.0646591 0.0481549 0.137824
2 0.575377 0.236207 0.0541086 0.0466841 0.136974
2 0.692055 0.198576 0.0546278 0.0686659 0.136454
2 0.0953652 0.209256 0.0453284 0.0373336 0.134592
2 0.249356 0.19221 0.057438 0.0491929 0.134268
2 0.454321 0.274151 0.0642792 0.0537029 0.133852
2 0.455296 0.274138 0.0647039 0.0524529 0.133804
2 0.629348 0.23842 0.0505703 0.0483028 0.133775
2 0.521994 0.199051 0.0570731 0.037114 0.133227
0 0.795558 0.227016 0.0229869 0.0486022 0.130959
2 0.455782 0.332705 0.0836195 0.0832758 0.130504
