2 0.820868 0.640644 0.106511 0.187431 0.743792
2 0.820669 0.640616 0.10612 0.18772 0.695951
2 0.851468 0.135541 0.0219704 0.0271267 0.669497
2 0.625398 0.221487 0.0431576 0.0468516 0.648098
2 0.625283 0.220905 0.0437262 0.0481383 0.63653
2 0.821126 0.640542 0.105882 0.188887 0.631605
2 0.820763 0.640382 0.105796 0.18823 0.630461
2 0.625498 0.221474 0.0427953 0.0472331 0.626081
2 0.851356 0.136964 0.0215631 0.0249231 0.608989
2 0.821316 0.640448 0.104646 0.188726 0.608278
2 0.62491 0.221142 0.0430893 0.0476127 0.59421
2 0.625358 0.221007 0.0433125 0.0479987 0.588981
2 0.965891 0.281484 0.0416241 0.0632275 0.54982
2 0.657682 0.148063 0.0283456 0.0390773 0.539526
2 0.821052 0.640173 0.10526 0.187998 0.532766
2 0.625311 0.22132 0.0434515 0.0480812 0.517011
2 0.62476 0.221529 0.0428095 0.0479375 0.510214
2 0.624831 0.22121 0.0430782 0.0482072 0.505668
2 0.169651 0.552782 0.145864 0.147929 0.498091
2 0.787172 0.112618 0.0222937 0.0243367 0.456962
2 0.696945 0.148815 0.0276741 0.0296707 0.449209
2 0.965149 0.281655 0.0402561 0.0629661 0.448726
2 0.85114 0.136602 0.0210579 0.0253679 0.447785
2 0.893328 0.130685 0.0233704 0.024366 0.445265
2 0.965895 0.281905 0.0420156 0.0607912 0.445156
2 0.170064 0.552561 0.145878 0.147943 0.44513
2 0.821193 0.641092 0.104507 0.185894 0.432976
2 0.965039 0.281878 0.0409885 0.061945 0.430378
2 0.733812 0.434126 0.0867922 0.150873 0.429659
2 0.395983 0.449189 0.126499 0.119516 0.426807
2 0.851016 0.135537 0.0207912 0.0271002 0.424235
2 0.625894 0.220829 0.0426603 0.0473885 0.424134
2 0.696657 0.149299 0.0273746 0.028832 0.423003
2 0.169567 0.552621 0.147182 0.14803 0.420393
2 0.733418 0.433964 0.0868988 0.150366 0.417439
2 0.395467 0.449649 0.126288 0.11833 0.4169
2 0.965317 0.281892 0.0410938 0.0623314 0.412487
2 0.169546 0.552721 0.146023 0.147734 0.402055
2 0.657464 0.148001 0.027916 0.0390935 0.399359
2 0.169898 0.552551 0.146171 0.148988 0.394351
2 0.169373 0.552523 0.147651 0.147882 0.391244
2 0.965372 0.281592 0.0423855 0.0612116 0.391082
2 0.752954 0.112636 0.0225144 0.0254383 0.385641
2 0.39598 0.448864 0.127635 0.121403 0.380843
2 0.733436 0.433852 0.086911 0.150331 0.378584
2 0.787272 0.113066 0.0221724 0.0248251 0.376037
2 0.395737 0.449726 0.126277 0.119622 0.371797
2 0.733342 0.434617 0.0871557 0.151281 0.369723
2 0.0814577 0.0956721 0.0778663 0.0332504 0.365885
2 0.732795 0.162353 0.0407502 0.0367583 0.361869
2 0.657731 0.147734 0.0270685 0.038141 0.360247
2 0.752874 0.112522 0.0233465 0.0255108 0.354116
2 0.787172 0.112133 0.0230198 0.0258096 0.352266
2 0.821315 0.641159 0.104475 0.188556 0.351368
2 0.395103 0.450712 0.125601 0.119598 0.349263
2 0.733646 0.433862 0.0868919 0.151005 0.347245
2 0.733559 0.434003 0.0863387 0.150208 0.34626
2 0.965269 0.282025 0.041777 0.0610138 0.340637
2 0.454271 0.665214 0.13699 0.180324 0.338467
2 0.169866 0.552501 0.147934 0.148508 0.33809
2 0.454238 0.665411 0.137327 0.180901 0.338061
2 0.7868 0.112454 0.0237093 0.0249052 0.327666
2 0.820733 0.640171 0.105142 0.18732 0.320377
2 0.395708 0.448713 0.12548 0.11824 0.320062
2 0.65694 0.148053 0.0272409 0.0386844 0.320056
2 0.082923 0.0938078 0.0744642 0.0298849 0.317451
2 0.0777581 0.0962111 0.0846079 0.0342666 0.317416
7 0.750782 0.0844349 0.0344814 0.0367339 0.315353
2 0.733523 0.434102 0.0867083 0.150468 0.308
2 0.395246 0.449484 0.126312 0.121941 0.306116
2 0.454523 0.666172 0.137772 0.177252 0.303404
2 0.733791 0.164044 0.0371282 0.0345352 0.297792
2 0.454377 0.664847 0.137295 0.180057 0.296924
2 0.454285 0.665347 0.137656 0.180324 0.294801
2 0.965678 0.281102 0.0423365 0.0602015 0.290106
2 0.396051 0.448111 0.126762 0.118144 0.286927
7 0.750782 0.0847521 0.0342765 0.0370684 0.283611
2 0.169744 0.551814 0.146421 0.148758 0.282536
2 0.697727 0.148796 0.0260612 0.0288127 0.281585
2 0.752146 0.112794 0.0234557 0.0260785 0.281109
2 0.894299 0.127046 0.0235376 0.0328618 0.275308
2 0.730127 0.157446 0.0379603 0.0306484 0.272887
2 0.75162 0.11239 0.0246574 0.0248203 0.270218
2 0.733928 0.434095 0.0866644 0.150753 0.268058
2 0.899172 0.26546 0.0420708 0.0692184 0.26698
2 0.731343 0.159967 0.0404463 0.0352313 0.264168
2 0.657734 0.147851 0.0278618 0.0376553 0.257524
2 0.89926 0.265217 0.0430325 0.0697645 0.255764
2 0.454724 0.666615 0.137279 0.176667 0.249723
2 0.898093 0.267621 0.0418167 0.0668932 0.249041
2 0.894324 0.124426 0.0252121 0.034829 0.24506
2 0.898892 0.26549 0.0424877 0.0700311 0.244254
2 0.733238 0.165109 0.0359127 0.03384 0.239128
2 0.454768 0.666391 0.13658 0.177376 0.232332
2 0.454439 0.665284 0.138051 0.180454 0.229187
2 0.75312 0.112187 0.0287287 0.0265858 0.226102
2 0.656327 0.147858 0.0289432 0.0394459 0.226062
2 0.787536 0.113503 0.025919 0.0264831 0.225979
2 0.69574 0.148827 0.0285294 0.0332923 0.218711
2 0.73364 0.433954 0.0868964 0.15089 0.217356
2 0.732474 0.16299 0.0419362 0.0337174 0.21616
2 0.965771 0.282134 0.0429234 0.0624866 0.213905
2 0.394215 0.4505 0.124845 0.122428 0.211665
2 0.89956 0.265089 0.0426628 0.0703221 0.206291
2 0.0795001 0.0943531 0.0825941 0.0326649 0.205947
2 0.899203 0.265321 0.0422001 0.0693811 0.205218
2 0.898768 0.265088 0.0420723 0.0700739 0.204303
2 0.657592 0.148063 0.0276294 0.0374947 0.20195
2 0.395726 0.44792 0.126692 0.121367 0.19909
2 0.454558 0.664403 0.138123 0.180816 0.198518
2 0.16979 0.552661 0.147979 0.148233 0.198205
2 0.728821 0.152496 0.0359745 0.0340294 0.191794
2 0.696496 0.149277 0.0279644 0.0292468 0.189183
2 0.169797 0.551841 0.145982 0.149008 0.186298
5 0.733856 0.43406 0.0873474 0.151296 0.186167
2 0.0777447 0.0958947 0.0794788 0.0337214 0.1855
2 0.895035 0.124544 0.0273201 0.0368076 0.177556
7 0.898957 0.26561 0.0426785 0.0703323 0.177117
2 0.695225 0.147798 0.0304407 0.0340053 0.177032
2 0.820653 0.640725 0.105187 0.187672 0.176449
2 0.895373 0.122632 0.0277107 0.0369906 0.16892
7 0.75037 0.0839442 0.0344923 0.0362813 0.16691
2 0.657969 0.147561 0.0277962 0.0385074 0.161676
2 0.898625 0.27073 0.0417637 0.0601973 0.159627
2 0.899836 0.265091 0.0421001 0.0699007 0.156025
2 0.729612 0.152636 0.0391912 0.0326411 0.155344
5 0.563131 0.472716 0.353478 0.566334 0.154942
2 0.0756634 0.0976162 0.0908179 0.0381864 0.1531
2 0.454329 0.665254 0.136976 0.18067 0.152953
7 0.751162 0.0832851 0.034915 0.0349424 0.151874
2 0.0725713 0.098828 0.0972354 0.0408477 0.148623
5 0.562496 0.492021 0.352731 0.529026 0.143429
7 0.751029 0.0833697 0.0345184 0.0350136 0.142014
2 0.851359 0.13217 0.0235294 0.0330314 0.1387
2 0.657019 0.147869 0.0297569 0.0393152 0.137569
2 0.082632 0.0920012 0.0739504 0.0279406 0.137118
2 0.0764907 0.0946139 0.08739 0.0336942 0.134902
2 0.892704 0.131009 0.0227858 0.0272192 0.133164
2 0.657899 0.147295 0.0281818 0.0384194 0.130387
5 0.970791 0.125546 0.0351837 0.0656472 0.129615
5 0.970271 0.128552 0.037188 0.0711353 0.129325
5 0.971516 0.113738 0.0318012 0.0396744 0.123245
7 0.0600852 0.077402 0.119597 0.0908159 0.122125
5 0.596963 0.409759 0.422449 0.696791 0.121721
7 0.751045 0.0835228 0.0344587 0.0350814 0.12037
2 0.731587 0.154803 0.0439951 0.0356379 0.119683
2 0.8944 0.1246 0.0242102 0.03845 0.115214
2 0.729324 0.170222 0.0247274 0.0287857 0.114007
2 0.694794 0.149881 0.031776 0.0317536 0.113702
5 0.970062 0.126318 0.0350437 0.056039 0.113297
2 0.899764 0.265431 0.040867 0.0705567 0.107936
2 0.0723766 0.0977556 0.0930154 0.0385471 0.107095
2 0.0794592 0.0975325 0.082791 0.0404576 0.106802
2 0.809683 0.116402 0.028397 0.0175193 0.106671
2 0.73179 0.16268 0.0391436 0.0322787 0.10647
2 0.851942 0.13516 0.0260632 0.0268776 0.105747
5 0.968773 0.127528 0.0358307 0.0627358 0.100821
7 0.0602124 0.0782034 0.120224 0.0917471 0.0980287
2 0.332631 0.0540163 0.0401104 0.0227693 0.0975505
2 0.916553 0.0862341 0.0162106 0.0243896 0.0947831
0 0.534455 0.0246427 0.0220266 0.0194335 0.0944067
5 0.750993 0.0831657 0.0327156 0.0322952 0.0912505
2 0.786441 0.0893145 0.0263037 0.0217335 0.0905785
2 0.00986794 0.10155 0.0196778 0.0339182 0.0900297
2 0.396388 0.447214 0.127562 0.119177 0.0876634
2 0.454502 0.661727 0.13828 0.190966 0.0872797
5 0.969106 0.129656 0.0390427 0.0677896 0.081305
2 0.692412 0.148325 0.0364334 0.0328603 0.0811698
2 0.332805 0.0534856 0.0403912 0.0226266 0.0768131
7 0.0608139 0.0800433 0.121366 0.0946434 0.0740915
2 0.078835 0.0982322 0.082135 0.0410282 0.0726612
2 0.965156 0.281992 0.0397594 0.0637003 0.0714489
7 0.0595792 0.0780817 0.118777 0.0900465 0.0695745
2 0.625052 0.221386 0.0436728 0.0475523 0.0693209
9 0.915425 0.0879965 0.0148153 0.0210206 0.068742
2 0.332504 0.0546093 0.041326 0.0230849 0.0679876
7 0.0595115 0.0827302 0.119023 0.10421 0.0670709
2 0.394388 0.448371 0.122531 0.117618 0.0666109
5 0.971881 0.112186 0.0324059 0.0399906 0.0642513
5 0.542402 0.509583 0.311 0.495717 0.0642179
7 0.0402717 0.0778429 0.0804155 0.0890047 0.0622754
7 0.750871 0.0871469 0.0334928 0.0434033 0.059129
5 0.96762 0.137457 0.0362396 0.0588125 0.0585691
2 0.893635 0.124404 0.0270817 0.0369761 0.0584414
2 0.0816505 0.0978879 0.0782452 0.0374784 0.0581131
2 0.787348 0.0861933 0.0286876 0.0241627 0.0576927
5 0.97084 0.114319 0.0323681 0.041061 0.057021
2 0.00974541 0.101506 0.0194381 0.0323738 0.0562773
5 0.970243 0.114025 0.0362801 0.0434345 0.0556887
2 0.971635 0.104054 0.0308487 0.0246872 0.0556363
2 0.786053 0.089679 0.0263354 0.0210743 0.0547962
5 0.546803 0.527986 0.321811 0.457249 0.0517686
2 0.894916 0.118277 0.0261032 0.0302871 0.0512266
2 0.170122 0.552274 0.146023 0.147907 0.0506907
2 0.787161 0.0908887 0.0262459 0.0253924 0.0500023
5 0.968698 0.14141 0.0355627 0.045569 0.045831
7 0.752161 0.084612 0.0370071 0.0369016 0.0452069
0 0.534422 0.025157 0.0228571 0.018376 0.0446866
2 0.384542 0.445922 0.100898 0.106304 0.0439414
0 0.534805 0.0247491 0.0230457 0.0199434 0.043249
2 0.0604819 0.103919 0.120489 0.0514984 0.0430057
6 0.202704 0.0754731 0.40381 0.132272 0.042535
7 0.0602753 0.0792706 0.119851 0.0934588 0.042486
2 0.734311 0.166572 0.0381919 0.0351808 0.0424618
5 0.550933 0.524805 0.330052 0.462041 0.040952
2 0.822881 0.0883803 0.0180889 0.0217837 0.0409154
5 0.989434 0.085914 0.0205082 0.171361 0.0406165
5 0.35713 0.0321479 0.0991627 0.0642958 0.0401803
6 0.202739 0.0763024 0.403942 0.127637 0.0400014
6 0.206561 0.0728088 0.409254 0.138553 0.0399351
6 0.202963 0.0738569 0.401419 0.13565 0.0389167
2 0.851141 0.132243 0.0227684 0.0327754 0.0381953
7 0.899306 0.265457 0.0420696 0.0690866 0.0370675
2 0.0607946 0.0874438 0.121443 0.0919682 0.036463
5 0.989711 0.0930178 0.020026 0.184309 0.0360986
0 0.0354934 0.0956272 0.0244194 0.0357463 0.0353872
2 0.0702696 0.096945 0.0939802 0.0382161 0.0350666
5 0.968849 0.14157 0.038693 0.0534899 0.0350122
2 0.657017 0.147555 0.0304293 0.0394811 0.0346235
7 0.040388 0.0727535 0.0807759 0.0774631 0.0333592
2 0.820963 0.640488 0.105025 0.188291 0.0326701
2 0.810419 0.121696 0.0296577 0.0233887 0.0325387
5 0.969422 0.135309 0.0356926 0.0666954 0.0323976
7 0.0397674 0.075599 0.0792572 0.0856782 0.03212
5 0.356839 0.0324976 0.0990459 0.0634195 0.0315959
2 0.822676 0.0900533 0.0169067 0.0202559 0.0312376
2 0.0653816 0.102851 0.110834 0.0508905 0.0311494
5 0.970839 0.112388 0.034589 0.0415556 0.0310589
0 0.0341121 0.0968159 0.0234398 0.0351371 0.0308994
2 0.893079 0.129269 0.0250332 0.0297395 0.0307964
5 0.989918 0.0976309 0.0195602 0.193535 0.0307437
2 0.77074 0.111209 0.0588146 0.027423 0.0304487
5 0.357013 0.0325394 0.0997264 0.0640579 0.0301763
5 0.967798 0.148113 0.0344513 0.043194 0.0298638
7 0.0393391 0.0757017 0.0784454 0.0865185 0.029678
5 0.357763 0.0318578 0.0978002 0.0636807 0.0295205
5 0.971509 0.112762 0.0337051 0.0402601 0.0294269
2 0.824779 0.0894462 0.0229305 0.0214221 0.0290371
7 0.0601585 0.0833831 0.120125 0.096639 0.0277677
2 0.832339 0.0860136 0.0242744 0.0224161 0.0277429
7 0.0594434 0.0812705 0.118376 0.107661 0.0275968
2 0.169337 0.552697 0.145699 0.148296 0.0275465
2 0.0606685 0.106482 0.120342 0.0532781 0.0275458
7 0.0402583 0.0738107 0.0805165 0.0760955 0.027123
2 0.895679 0.116962 0.0283028 0.0282421 0.0269448
2 0.723993 0.154015 0.0329285 0.0283741 0.0268928
2 0.0702667 0.0957968 0.0863318 0.0350976 0.0262991
6 0.20505 0.0717216 0.403666 0.140844 0.0260307
0 0.534756 0.0254831 0.0236437 0.0191458 0.0254843
2 0.832154 0.0681417 0.0187992 0.0220616 0.0254768
2 0.965327 0.282963 0.0401754 0.0652914 0.0254231
2 0.809762 0.116375 0.0280024 0.0180069 0.025191
5 0.35742 0.0328292 0.0992337 0.0656584 0.0251036
7 0.0602021 0.0827843 0.120404 0.107923 0.0244274
2 0.0867426 0.0969565 0.0697609 0.0361468 0.0242418
6 0.200019 0.0790197 0.398416 0.119402 0.0240513
7 0.0600061 0.0764067 0.120012 0.0896013 0.0235074
2 0.949984 0.0656973 0.0165119 0.0211649 0.0229828
0 0.00923251 0.0941319 0.018423 0.0461115 0.0229367
2 0.458927 0.659808 0.146952 0.193833 0.0229362
7 0.965529 0.282571 0.0418716 0.0624008 0.0229177
2 0.941252 0.0766837 0.0121132 0.0172116 0.0228121
2 0.0701918 0.102286 0.101813 0.0486915 0.0224099
2 0.271423 0.063305 0.0263692 0.0147314 0.022091
2 0.00978978 0.105655 0.0195627 0.0414408 0.0214489
2 0.623878 0.222134 0.0412497 0.0470117 0.0213912
7 0.0395712 0.073917 0.0791425 0.0772642 0.0213831
2 0.455075 0.660815 0.140685 0.190009 0.0205261
2 0.898392 0.275838 0.040617 0.0493908 0.0204854
6 0.215954 0.0750223 0.428188 0.136277 0.0200664
2 0.154708 0.0863109 0.0580888 0.0172558 0.0198126
2 0.85791 0.0572431 0.012923 0.0157042 0.0196272
5 0.967173 0.146732 0.0344196 0.0470844 0.0196203
2 0.62428 0.221772 0.0423429 0.0478688 0.0195871
2 0.838324 0.0778492 0.0167738 0.0199582 0.0194364
2 0.14811 0.0849662 0.038082 0.016761 0.0190423
2 0.391198 0.454322 0.122453 0.125469 0.0189922
2 0.737548 0.16422 0.0420675 0.0355466 0.0189177
5 0.535463 0.556931 0.298284 0.398463 0.0187957
2 0.967878 0.154818 0.0333408 0.033637 0.0187698
7 0.748674 0.0844598 0.0381466 0.0386004 0.0187302
2 0.805596 0.111967 0.0331497 0.0241908 0.0186845
0 0.890436 0.0895796 0.0138168 0.022629 0.0185815
6 0.209175 0.0704982 0.413687 0.139004 0.0184775
5 0.357741 0.0333195 0.0977059 0.0643929 0.0179641
5 0.500383 0.624153 0.230004 0.264441 0.0179545
2 0.272444 0.0632179 0.0297844 0.01553 0.0179117
6 0.19953 0.0782634 0.397771 0.120428 0.0177461
2 0.787286 0.0946002 0.0292622 0.0298739 0.0176809
5 0.625304 0.411539 0.487892 0.733264 0.0173447
2 0.156049 0.0852914 0.0566676 0.0143447 0.0170003
2 0.896484 0.129232 0.0287375 0.0337213 0.0168348
5 0.541364 0.553819 0.311695 0.405381 0.0168081
2 0.900409 0.257863 0.0403107 0.0564076 0.0164481
7 0.0515793 0.0749027 0.10199 0.089453 0.0162691
2 0.669071 0.0148216 0.0210018 0.0187607 0.0161804
2 0.947169 0.0650266 0.0205004 0.032057 0.0160705
5 0.605155 0.398449 0.44504 0.737709 0.0159212
2 0.0600827 0.104461 0.120165 0.0535118 0.015698
2 0.797579 0.0735606 0.0134214 0.0130098 0.0154965
