2 0.241777 0.634236 0.246819 0.193834 0.898391
2 0.241827 0.633901 0.246733 0.192833 0.878857
2 0.241538 0.634119 0.246992 0.193798 0.876758
2 0.241458 0.634224 0.247011 0.193726 0.876306
2 0.304199 0.898545 0.340426 0.202453 0.875397
2 0.30831 0.899014 0.332353 0.20096 0.87101
2 0.554591 0.713219 0.233711 0.253945 0.869827
2 0.241464 0.634037 0.247057 0.19243 0.867091
2 0.2417 0.634584 0.246763 0.192812 0.866088
2 0.241518 0.633899 0.247983 0.19352 0.860336
2 0.241965 0.634528 0.246988 0.193712 0.85976
2 0.305907 0.899026 0.336479 0.200869 0.859758
2 0.241554 0.633936 0.246671 0.193216 0.857907
2 0.305443 0.899532 0.335706 0.199783 0.855718
2 0.553446 0.71328 0.234419 0.253907 0.853556
2 0.304765 0.898736 0.338896 0.202165 0.849774
2 0.161705 0.856886 0.32341 0.278627 0.842775
2 0.553894 0.71433 0.23315 0.253496 0.837395
2 0.553966 0.714384 0.232696 0.254874 0.832692
2 0.303473 0.898999 0.341216 0.201205 0.826855
2 0.553924 0.713848 0.232621 0.253412 0.826343
2 0.303909 0.89897 0.340687 0.201256 0.824788
2 0.446472 0.622504 0.223133 0.214047 0.822317
2 0.302262 0.898198 0.343849 0.203388 0.820524
2 0.554535 0.713015 0.232871 0.253122 0.811888
2 0.300628 0.898189 0.344672 0.202843 0.811103
2 0.553526 0.713208 0.233485 0.252252 0.80951
2 0.162776 0.856098 0.325552 0.279433 0.808251
2 0.16255 0.856744 0.323646 0.277559 0.799347
2 0.555175 0.713067 0.231573 0.251994 0.798458
2 0.161383 0.856957 0.322766 0.27797 0.798334
2 0.162768 0.856204 0.325374 0.280875 0.783605
2 0.16239 0.856374 0.324695 0.279549 0.773862
2 0.162659 0.856334 0.325018 0.278505 0.773775
2 0.161341 0.857162 0.322322 0.277763 0.770902
2 0.444747 0.622634 0.222543 0.214795 0.733273
0 0.620858 0.385714 0.0341221 0.144066 0.733075
2 0.554783 0.714845 0.2329 0.252358 0.731043
2 0.447178 0.621554 0.222795 0.215307 0.726913
2 0.446771 0.621938 0.225216 0.215829 0.7235
2 0.446426 0.621611 0.224069 0.211422 0.71455
2 0.163924 0.856041 0.327703 0.28004 0.708396
0 0.621077 0.38597 0.0334927 0.144382 0.70051
0 0.620846 0.385755 0.0349777 0.143845 0.700505
0 0.620667 0.386006 0.0350016 0.144744 0.677116
0 0.6213 0.386552 0.0322868 0.144981 0.66866
0 0.695974 0.355702 0.0434925 0.139554 0.648659
0 0.697102 0.353949 0.0432549 0.14113 0.635751
0 0.696553 0.355199 0.043435 0.13919 0.625873
2 0.445758 0.622857 0.223466 0.210286 0.596779
2 0.44673 0.621352 0.22493 0.217005 0.581507
0 0.697937 0.353953 0.0427124 0.142458 0.577619
2 0.446697 0.624317 0.225721 0.210319 0.568679
2 0.778178 0.742536 0.230266 0.28137 0.564472
2 0.929627 0.146408 0.0675423 0.0725951 0.562379
2 0.929604 0.146391 0.0652226 0.0719137 0.562219
2 0.92882 0.146883 0.0663273 0.0723854 0.557934
2 0.444962 0.62376 0.221652 0.210176 0.557751
2 0.554882 0.714053 0.233261 0.253548 0.543896
2 0.928498 0.147056 0.0663624 0.0724986 0.541284
0 0.697355 0.354529 0.0436683 0.138867 0.530786
2 0.928585 0.147119 0.0674084 0.0737769 0.518623
2 0.92911 0.1468 0.0665173 0.0721337 0.518416
2 0.929521 0.146772 0.0680424 0.072597 0.517924
0 0.698875 0.353804 0.0422955 0.140969 0.511998
2 0.445678 0.625378 0.223329 0.206523 0.508439
2 0.929616 0.146393 0.0660254 0.0726206 0.492721
2 0.778152 0.742159 0.230315 0.280662 0.48267
2 0.445447 0.622465 0.222781 0.215238 0.48067
2 0.778325 0.74232 0.229224 0.280345 0.47614
2 0.161506 0.857044 0.322311 0.279561 0.473095
0 0.700069 0.353985 0.04053 0.142914 0.46799
0 0.698751 0.354106 0.0407568 0.143051 0.465127
2 0.777912 0.739235 0.230387 0.287054 0.438278
0 0.0536313 0.331158 0.0263504 0.0922876 0.430638
2 0.930053 0.14587 0.0661537 0.0719903 0.420985
0 0.693528 0.358893 0.0392702 0.132391 0.408845
2 0.929939 0.145892 0.0637253 0.0721908 0.392705
0 0.0129045 0.321819 0.0256741 0.0801512 0.39057
0 0.62063 0.385816 0.0356381 0.141943 0.389571
0 0.0537912 0.331656 0.0252687 0.0911137 0.385081
0 0.0130008 0.321578 0.0258792 0.0792295 0.385041
2 0.778074 0.73978 0.228826 0.283722 0.382835
0 0.696364 0.357306 0.0427622 0.13262 0.368088
2 0.777568 0.738294 0.22942 0.285853 0.361536
0 0.05398 0.330596 0.0251023 0.0903271 0.335363
0 0.620395 0.383093 0.0296183 0.144562 0.329409
0 0.012287 0.321545 0.0244345 0.0812524 0.321604
0 0.0116856 0.321161 0.0233712 0.0788506 0.302522
0 0.358178 0.184313 0.0213024 0.0668079 0.301847
2 0.779195 0.739436 0.228646 0.280397 0.300392
2 0.929834 0.146494 0.0657684 0.0726534 0.300227
0 0.0545934 0.330937 0.0269401 0.0930075 0.298321
0 0.0134758 0.321062 0.0269515 0.0816783 0.297836
0 0.0133126 0.321226 0.0266252 0.0819364 0.295783
0 0.0128754 0.320537 0.0256342 0.0802759 0.292759
0 0.054848 0.330165 0.0268154 0.0919506 0.291847
0 0.35825 0.184365 0.0211476 0.0660814 0.28071
0 0.701225 0.352753 0.0375046 0.140755 0.278426
2 0.779074 0.74246 0.230618 0.276509 0.263698
0 0.621832 0.385559 0.0363871 0.144938 0.262502
0 0.0529291 0.334403 0.0243906 0.086684 0.261797
0 0.357366 0.174773 0.0226808 0.0841119 0.261146
0 0.704157 0.351244 0.0346233 0.13399 0.251141
0 0.278501 0.170624 0.0186738 0.0745864 0.246035
0 0.309218 0.170111 0.0177164 0.0694337 0.242974
0 0.357654 0.184256 0.0233034 0.0682833 0.238715
0 0.357967 0.184792 0.0213434 0.0666983 0.237623
0 0.0142491 0.321009 0.0283581 0.082244 0.23173
0 0.277943 0.169598 0.0175139 0.0753689 0.230775
0 0.354568 0.165033 0.0246007 0.0945875 0.229286
0 0.054519 0.327716 0.0263023 0.0843424 0.226009
0 0.112447 0.202795 0.0165304 0.0467019 0.219756
2 0.778013 0.741864 0.23017 0.280944 0.21865
0 0.0543217 0.331424 0.0274767 0.0937533 0.21648
2 0.56199 0.165067 0.0866629 0.0499615 0.212562
0 0.0136244 0.321889 0.0272488 0.0798472 0.212352
0 0.0908151 0.293806 0.030237 0.102071 0.206028
0 0.0113813 0.320553 0.0227626 0.0805534 0.20546
0 0.704606 0.353494 0.0342603 0.124097 0.203947
0 0.0137023 0.321886 0.0268099 0.0796973 0.203635
0 0.278364 0.171648 0.0188221 0.0738208 0.203232
5 0.622956 0.142324 0.0330649 0.0388734 0.202981
0 0.112048 0.203083 0.0177968 0.0483381 0.201482
0 0.0920925 0.294693 0.0283987 0.100758 0.200941
0 0.11212 0.203508 0.0168835 0.0479315 0.199624
0 0.052945 0.325119 0.0244878 0.0793426 0.198818
0 0.307703 0.169631 0.0161061 0.0694016 0.195237
0 0.308283 0.16998 0.018156 0.0699168 0.19422
0 0.112232 0.202768 0.0168777 0.0466483 0.192901
2 0.77794 0.741734 0.228507 0.28057 0.190697
0 0.0913752 0.293892 0.0290637 0.101368 0.18983
0 0.690643 0.361272 0.036187 0.128156 0.188505
5 0.622566 0.144251 0.032049 0.0368322 0.186928
0 0.620443 0.370633 0.0274809 0.114888 0.181439
0 0.0913924 0.293849 0.0290688 0.100939 0.179797
0 0.356333 0.170748 0.0243387 0.0935157 0.171808
0 0.708599 0.35586 0.0264545 0.12415 0.17131
2 0.928396 0.148263 0.0651283 0.0711586 0.170428
0 0.277726 0.168893 0.0165659 0.0744566 0.170395
0 0.690272 0.358252 0.0387918 0.130918 0.164924
0 0.742962 0.175178 0.0171255 0.0587653 0.157976
0 0.619675 0.385906 0.0355139 0.144768 0.155883
2 0.907439 0.0788363 0.0356991 0.0220516 0.155617
0 0.357931 0.184954 0.0235254 0.0690584 0.153933
0 0.0929378 0.296622 0.0269853 0.0973798 0.149567
0 0.111884 0.20296 0.0175364 0.0487632 0.149528
0 0.0928039 0.303509 0.0249148 0.0853264 0.146274
0 0.0907379 0.292537 0.0275316 0.097518 0.145644
5 0.711496 0.155289 0.0677688 0.0701356 0.144577
0 0.742781 0.183479 0.0170571 0.0426593 0.144527
2 0.547498 0.166334 0.0553734 0.0444035 0.143051
0 0.309911 0.172548 0.0177704 0.0648491 0.143017
5 0.715341 0.153196 0.0772765 0.0688938 0.141083
0 0.743591 0.168608 0.0181562 0.0709984 0.13963
0 0.305813 0.168957 0.0143115 0.0678305 0.139303
5 0.623747 0.14145 0.0337779 0.040484 0.137192
0 0.352266 0.149314 0.0251346 0.0641581 0.136322
0 0.0105975 0.319566 0.0211949 0.0751666 0.134539
0 0.112088 0.202333 0.017656 0.0466153 0.134215
0 0.0529137 0.328757 0.0250131 0.0874703 0.133889
2 0.546432 0.169109 0.0540968 0.0399855 0.13322
0 0.16871 0.208654 0.0245803 0.0800757 0.126235
0 0.112371 0.201912 0.0168337 0.0468087 0.125893
2 0.777475 0.738563 0.229525 0.28996 0.125576
2 0.165142 0.280534 0.0447335 0.0627037 0.125264
0 0.698475 0.355085 0.0412747 0.132661 0.124888
0 0.354055 0.163826 0.0279608 0.0981147 0.124817
5 0.666567 0.148277 0.0594686 0.068748 0.122803
5 0.714475 0.153871 0.0773888 0.0696527 0.121745
2 0.547062 0.167428 0.0549244 0.0447539 0.119963
0 0.168029 0.206291 0.0256544 0.0724817 0.116718
2 0.546152 0.1697 0.0541618 0.0383308 0.114944
2 0.909931 0.078888 0.039706 0.0245146 0.114739
0 0.307958 0.170833 0.0188327 0.0707592 0.111309
0 0.112403 0.202733 0.0182816 0.0478848 0.111011
5 0.623456 0.141319 0.0330826 0.0413264 0.109331
5 0.665893 0.148151 0.0573124 0.0687025 0.108526
0 0.685696 0.202155 0.0189189 0.0378675 0.107659
0 0.703292 0.343873 0.0338157 0.121567 0.107284
5 0.714766 0.154947 0.0723259 0.0700805 0.105137
0 0.359587 0.185012 0.0235094 0.0683123 0.105028
0 0.309312 0.170641 0.0175174 0.0684195 0.102384
0 0.0940337 0.306119 0.0234503 0.0807087 0.101575
0 0.0157172 0.326801 0.0262841 0.0711504 0.100466
2 0.563285 0.164368 0.0885697 0.050717 0.100317
2 0.558434 0.165654 0.0796435 0.0499472 0.100259
2 0.546908 0.166908 0.0541859 0.0422262 0.0991152
0 0.111483 0.201821 0.0197527 0.0503589 0.098867
0 0.0904277 0.292551 0.0292073 0.099565 0.0980149
0 0.686007 0.192017 0.0222229 0.0568519 0.0972695
0 0.0961423 0.20057 0.0159119 0.052057 0.0965233
0 0.359073 0.184206 0.0232401 0.0681047 0.0961279
0 0.358879 0.183864 0.0236029 0.0670382 0.0955804
5 0.661669 0.148053 0.0498256 0.0684526 0.0935125
0 0.26042 0.180069 0.0156529 0.0619064 0.0928782
0 0.091177 0.295953 0.0273068 0.0996217 0.0920488
5 0.709859 0.155253 0.0664806 0.068723 0.091889
0 0.354571 0.149608 0.0189351 0.0612746 0.091731
0 0.260211 0.175962 0.0164564 0.0549252 0.0913043
2 0.165263 0.281264 0.0462128 0.0656749 0.0906607
0 0.0970465 0.201348 0.0161886 0.0534433 0.0904377
0 0.26071 0.183198 0.0170447 0.064336 0.0902053
0 0.278479 0.172441 0.0184019 0.0742522 0.0899033
0 0.262245 0.177128 0.0154793 0.0609486 0.0867088
5 0.711676 0.15554 0.0714768 0.0717001 0.0852158
0 0.167932 0.20468 0.0249179 0.0686276 0.0841511
2 0.546509 0.168161 0.0545163 0.0429323 0.0831396
0 0.709469 0.352485 0.0273832 0.107664 0.0828988
0 0.259878 0.173016 0.016312 0.0505651 0.0826904
0 0.112504 0.20116 0.0178633 0.0475548 0.0808742
0 0.168389 0.203242 0.0223448 0.0620699 0.0799534
2 0.82816 0.172402 0.0517416 0.0301694 0.0798488
9 0.452525 0.0701784 0.0127779 0.0221064 0.0794096
0 0.0917931 0.296181 0.0269488 0.0975598 0.0783895
0 0.137425 0.270381 0.0339834 0.0982568 0.0782381
5 0.62258 0.143091 0.0343876 0.0392416 0.0780904
0 0.136119 0.27792 0.0309034 0.0901635 0.0767169
2 0.776473 0.74204 0.226134 0.281046 0.0755428
2 0.937317 0.0956981 0.0327703 0.0302219 0.074889
2 0.164489 0.28417 0.0510064 0.0651662 0.074631
2 0.875043 0.132127 0.035548 0.053739 0.0732701
0 0.168548 0.20455 0.0234713 0.0665745 0.0721896
0 0.0520938 0.329996 0.0254266 0.0898309 0.0713346
2 0.876028 0.142214 0.0296839 0.0357132 0.0707952
2 0.539631 0.167357 0.0409777 0.0436699 0.0699426
0 0.483417 0.580385 0.0749744 0.0702213 0.0694128
2 0.551145 0.164666 0.0590359 0.0461527 0.0689785
2 0.565762 0.162175 0.0875015 0.0504196 0.0679409
2 0.155866 0.285253 0.0239234 0.04107 0.0673964
2 0.306535 0.89822 0.334554 0.201734 0.0662896
0 0.0160055 0.319825 0.0220698 0.0739954 0.0656039
0 0.261726 0.179941 0.0156099 0.0650415 0.0653653
5 0.660208 0.148438 0.0470939 0.0675663 0.0653135
0 0.354253 0.168176 0.0258801 0.0977564 0.0637476
5 0.622239 0.144637 0.0327128 0.0356992 0.063738
5 0.661823 0.147138 0.0465012 0.0696549 0.0634493
0 0.0910226 0.289603 0.0274822 0.0900132 0.0633418
0 0.685466 0.197697 0.0206887 0.0456032 0.0632818
2 0.241212 0.634871 0.249079 0.197762 0.063084
2 0.831639 0.161756 0.0626511 0.0536077 0.0628854
2 0.869753 0.126755 0.0454844 0.0653127 0.062132
2 0.928138 0.145756 0.0590206 0.0713563 0.061859
0 0.136335 0.272415 0.0339789 0.101321 0.0617715
5 0.660681 0.147849 0.0487418 0.0691768 0.061692
2 0.832241 0.153703 0.0648209 0.0562859 0.0610745
2 0.872009 0.13196 0.0434692 0.0511106 0.0607111
2 0.830765 0.153908 0.0646177 0.0588463 0.0606008
2 0.441963 0.622144 0.21562 0.211661 0.0600905
5 0.716315 0.154743 0.078575 0.0716326 0.059227
2 0.872388 0.144751 0.0353586 0.0359922 0.0590904
2 0.775259 0.737701 0.223314 0.275869 0.0588421
2 0.830754 0.158141 0.0630014 0.0532176 0.0586926
0 0.138537 0.271731 0.0349938 0.101243 0.0583682
0 0.711163 0.354832 0.0254135 0.0976103 0.057656
0 0.266372 0.175232 0.0138825 0.0681261 0.057325
2 0.137491 0.274694 0.104893 0.0939352 0.0567496
5 0.778219 0.455273 0.235549 0.862097 0.0564274
2 0.553228 0.690607 0.23421 0.302827 0.0557986
0 0.00763938 0.322279 0.0152788 0.0821626 0.0557845
5 0.665225 0.148444 0.0577121 0.0681201 0.0554119
2 0.545363 0.168721 0.0531309 0.042311 0.0540622
2 0.562676 0.165645 0.08783 0.0503501 0.0540276
0 0.23418 0.198118 0.0177249 0.0430933 0.0537797
2 0.975465 0.136025 0.0256191 0.0439626 0.052783
2 0.867727 0.136133 0.046162 0.047904 0.0524613
0 0.220123 0.204163 0.0146109 0.0500919 0.0524426
0 0.26773 0.173942 0.0128072 0.0666605 0.0517706
0 0.354984 0.181537 0.0279453 0.0735844 0.0514556
0 0.26508 0.178916 0.0168677 0.0677008 0.0511092
0 0.0575383 0.331293 0.0322999 0.0934459 0.0510505
0 0.280343 0.170983 0.0213367 0.0742861 0.0509821
2 0.156736 0.288337 0.0267817 0.0461563 0.0501653
0 0.483969 0.578436 0.0704109 0.0624822 0.0497124
5 0.775884 0.452447 0.245576 0.904894 0.0497105
2 0.906205 0.0789636 0.0369625 0.0209395 0.0491498
0 0.280766 0.171804 0.0212135 0.0752664 0.0491247
2 0.165648 0.2806 0.045251 0.063692 0.0490584
2 0.831894 0.168787 0.0575741 0.0357214 0.0485054
2 0.936002 0.0963116 0.0371571 0.0294971 0.048441
0 0.358706 0.18359 0.024464 0.0665939 0.0484179
0 0.259903 0.188729 0.0175585 0.0569873 0.048367
0 0.350076 0.148683 0.0216752 0.0602009 0.0483292
0 0.746328 0.1648 0.0168501 0.0752426 0.0482244
0 0.232811 0.205549 0.0214069 0.0541067 0.0482067
2 0.777305 0.731517 0.230548 0.303318 0.0478779
5 0.670267 0.147941 0.0649506 0.0688592 0.0478465
0 0.137138 0.272223 0.0345968 0.0996504 0.0477645
0 0.214508 0.208864 0.0228193 0.0515032 0.047732
0 0.167683 0.202485 0.0253086 0.0651796 0.0474535
2 0.831656 0.155944 0.0636751 0.0678266 0.0474326
2 0.934351 0.0974198 0.0382467 0.0318731 0.0466721
0 0.135324 0.296623 0.0267642 0.0515929 0.0465908
0 0.218432 0.206571 0.0173882 0.0506423 0.0461544
5 0.228017 0.154972 0.0603703 0.0839807 0.0461431
2 0.501441 0.676305 0.334842 0.325004 0.0457259
0 0.0843575 0.254521 0.01492 0.019666 0.0449374
0 0.701097 0.351119 0.0354025 0.139069 0.0445598
0 0.139788 0.284866 0.0304818 0.0742946 0.0444038
0 0.487646 0.576396 0.0611058 0.0601952 0.0440201
