2 0.513746 0.294134 0.0658199 0.0659877 0.792532
2 0.269527 0.486121 0.13972 0.134537 0.769995
2 0.269632 0.486101 0.139179 0.134502 0.753105
2 0.269363 0.485972 0.1391 0.134225 0.752075
2 0.269069 0.486112 0.138518 0.133137 0.733274
2 0.513496 0.293846 0.0646324 0.0675235 0.73136
2 0.269306 0.486246 0.139508 0.133597 0.730892
2 0.26967 0.486368 0.13932 0.134324 0.725601
2 0.513718 0.294217 0.0643589 0.0669538 0.724213
2 0.268818 0.485956 0.139158 0.13374 0.714604
2 0.268586 0.485948 0.138789 0.133438 0.676354
2 0.5133 0.294329 0.0650067 0.0674727 0.661859
2 0.270102 0.486146 0.139848 0.134552 0.660249
2 0.268696 0.486246 0.139215 0.134042 0.648515
2 0.540909 0.325089 0.0702768 0.0758536 0.643506
2 0.413389 0.31197 0.0740431 0.0843505 0.630246
2 0.726052 0.151208 0.0261727 0.0323219 0.629438
2 0.413201 0.31239 0.0741539 0.0845428 0.628899
2 0.514306 0.293702 0.0655174 0.0677534 0.626728
2 0.541396 0.326402 0.072268 0.0785891 0.624985
2 0.513759 0.29386 0.065274 0.0666896 0.622734
2 0.541797 0.326003 0.0716358 0.0780815 0.612826
2 0.830641 0.250067 0.0406136 0.0579524 0.61278
2 0.831121 0.250666 0.0401329 0.0574154 0.609065
2 0.413479 0.311974 0.074379 0.0850318 0.607018
2 0.413161 0.31236 0.0746788 0.0846456 0.603628
2 0.412868 0.312434 0.0756257 0.0837646 0.603191
2 0.413174 0.312534 0.0737339 0.0841796 0.594714
2 0.514612 0.294691 0.0635919 0.0678504 0.585618
2 0.540588 0.327469 0.07411 0.0815729 0.567244
2 0.413068 0.312422 0.0745115 0.0854911 0.566562
2 0.540779 0.325346 0.0696571 0.0761847 0.559172
2 0.541745 0.325602 0.0717871 0.0775551 0.530658
2 0.413169 0.312674 0.074982 0.08581 0.523854
2 0.9269 0.195615 0.0342945 0.0470504 0.523638
2 0.831639 0.250215 0.0407055 0.0579991 0.517264
2 0.726141 0.151032 0.0256904 0.0321676 0.508281
2 0.51418 0.294206 0.0645147 0.0660515 0.507462
2 0.528728 0.220903 0.0454012 0.0490263 0.503363
2 0.830925 0.250372 0.0409187 0.0567892 0.500327
2 0.541025 0.325109 0.0702675 0.0750837 0.498349
2 0.258132 0.379524 0.0937188 0.0854808 0.495874
2 0.926824 0.195409 0.033263 0.0474512 0.495852
2 0.528589 0.221449 0.0458106 0.0490483 0.493991
2 0.725766 0.150535 0.02764 0.033517 0.490663
2 0.725894 0.150775 0.0281206 0.0331453 0.489332
2 0.258141 0.37995 0.0940592 0.0866311 0.487365
2 0.83047 0.250497 0.0402328 0.0565909 0.485433
2 0.528582 0.221454 0.0444268 0.0488699 0.480948
2 0.830604 0.25123 0.0394405 0.0559919 0.472962
2 0.927276 0.196146 0.0344307 0.0469227 0.469117
2 0.257772 0.379875 0.0936897 0.0862362 0.469086
2 0.830524 0.250034 0.0410423 0.0563156 0.469015
2 0.830579 0.250605 0.0407528 0.0558171 0.466622
2 0.258028 0.379919 0.0932911 0.086372 0.465556
2 0.926846 0.196352 0.0350563 0.0464345 0.46302
2 0.513775 0.293658 0.065459 0.0671458 0.462556
2 0.257967 0.379584 0.0936587 0.0855271 0.457947
2 0.831039 0.249845 0.040612 0.0568524 0.455962
2 0.926834 0.195636 0.0337688 0.0465298 0.451624
2 0.528595 0.221449 0.0450073 0.0488379 0.450793
2 0.257974 0.379975 0.0918972 0.0859636 0.448622
2 0.685977 0.14959 0.0320381 0.0433993 0.444225
2 0.257936 0.379659 0.0943107 0.0860683 0.444032
2 0.413129 0.313264 0.0742853 0.085706 0.442385
2 0.540631 0.325163 0.0701311 0.0761954 0.418569
2 0.927224 0.196079 0.0342375 0.0460539 0.411374
2 0.412641 0.31254 0.0744483 0.0828557 0.405267
2 0.528034 0.221665 0.0448813 0.0488425 0.401372
2 0.528401 0.220802 0.0454729 0.0491999 0.400538
2 0.686423 0.149078 0.0338415 0.0442388 0.392131
2 0.528512 0.221625 0.04502 0.0490937 0.377899
5 0.972639 0.518773 0.0536736 0.20103 0.373838
2 0.528843 0.221191 0.046188 0.0488772 0.36951
2 0.926976 0.196057 0.0335938 0.0457028 0.363074
2 0.257754 0.379971 0.0939409 0.0866257 0.331458
2 0.528748 0.22119 0.0450512 0.0480623 0.307723
2 0.513235 0.293639 0.0640411 0.0659658 0.303488
2 0.830815 0.249141 0.0397198 0.0565951 0.302737
5 0.972548 0.518734 0.0539166 0.201874 0.300725
2 0.256859 0.380012 0.0944842 0.0865354 0.292394
2 0.906595 0.0996153 0.0232487 0.0322972 0.286971
2 0.726125 0.151404 0.0292036 0.0342551 0.277255
2 0.926237 0.195061 0.0327461 0.0471762 0.276846
2 0.543757 0.327281 0.0739105 0.0808511 0.271859
2 0.682984 0.150581 0.0243624 0.0401794 0.26334
2 0.0870978 0.0930694 0.0699633 0.0292978 0.263056
2 0.257114 0.379882 0.0898214 0.0868319 0.259421
2 0.4129 0.311669 0.0757203 0.0837842 0.255824
2 0.761388 0.127752 0.0248678 0.0261475 0.254079
2 0.540936 0.326546 0.0698142 0.0755092 0.24874
5 0.972895 0.518466 0.0537022 0.201315 0.242203
2 0.926198 0.195771 0.0332138 0.0469561 0.236562
2 0.906089 0.0984846 0.0245855 0.0334612 0.222033
2 0.0876351 0.0922444 0.0696722 0.0281073 0.219018
2 0.528293 0.221406 0.0449989 0.0480161 0.211707
2 0.0849019 0.0940133 0.0729613 0.0313583 0.207867
2 0.761235 0.127994 0.0250488 0.0250789 0.205851
5 0.972757 0.5185 0.0539719 0.201983 0.202131
2 0.814322 0.105075 0.0184223 0.0217794 0.201296
2 0.333707 0.0535922 0.0400972 0.0228209 0.200172
2 0.68431 0.149877 0.026926 0.0412265 0.197886
2 0.534233 0.326195 0.0573576 0.0754375 0.197479
2 0.0859307 0.0927896 0.0727337 0.03088 0.195842
2 0.760839 0.126035 0.0254438 0.0281379 0.190799
2 0.333961 0.0529968 0.0401312 0.022571 0.190128
2 0.682575 0.15248 0.0232428 0.036841 0.18152
2 0.761258 0.126773 0.0260962 0.027601 0.179656
2 0.0809925 0.0949207 0.0766029 0.0330668 0.178826
0 0.535062 0.0234161 0.020435 0.0221036 0.176967
2 0.412566 0.31334 0.0739156 0.0825324 0.172361
2 0.783257 0.114706 0.0233281 0.0197814 0.169866
7 0.971811 0.517941 0.0553925 0.201007 0.168004
5 0.97231 0.517988 0.0549892 0.202287 0.163899
0 0.535049 0.0229327 0.0195164 0.0232142 0.162147
2 0.0862961 0.0911349 0.0715106 0.0287765 0.156814
5 0.97247 0.519072 0.0540901 0.201627 0.155127
2 0.257951 0.379602 0.0908577 0.0835082 0.150297
2 0.333729 0.0543347 0.0412781 0.0231698 0.149363
7 0.971795 0.518686 0.0558666 0.201579 0.146763
5 0.972146 0.517582 0.054686 0.200733 0.137615
2 0.726308 0.152432 0.0255733 0.0346204 0.133146
2 0.760109 0.126949 0.031847 0.0289219 0.131159
2 0.528613 0.220975 0.0455597 0.0484742 0.128524
2 0.724319 0.151052 0.0307557 0.0357056 0.12488
2 0.79059 0.117389 0.0323754 0.0241109 0.1196
2 0.0842079 0.0933629 0.0746113 0.0311916 0.119194
5 0.972339 0.517793 0.0547703 0.200154 0.118103
2 0.789444 0.123482 0.026841 0.0269166 0.114839
2 0.68644 0.149062 0.0312947 0.0427306 0.113541
2 0.726528 0.152707 0.0254564 0.0344751 0.107855
2 0.0784789 0.100782 0.0870948 0.047372 0.100529
2 0.9267 0.197532 0.032819 0.045004 0.0968258
2 0.90719 0.0988992 0.0261347 0.0343344 0.0936875
5 0.972889 0.518662 0.053783 0.202789 0.0929348
7 0.0588794 0.0781828 0.117175 0.097128 0.0927347
2 0.904387 0.0982036 0.0285727 0.03579 0.0924483
2 0.831011 0.25206 0.0395582 0.0557502 0.091523
2 0.0692166 0.100231 0.106768 0.045083 0.0889032
2 0.68781 0.150056 0.0337515 0.0417513 0.0872513
2 0.729915 0.147263 0.0249331 0.0306842 0.0861304
2 0.0653369 0.100881 0.110929 0.0471088 0.0859585
2 0.701101 0.130124 0.0207436 0.0254711 0.0857242
2 0.272796 0.064392 0.02776 0.0150501 0.0846726
2 0.541555 0.322038 0.0692757 0.0705287 0.0832965
2 0.928748 0.195592 0.037077 0.0480285 0.0824331
2 0.903305 0.096673 0.0276211 0.0365003 0.077129
2 0.344575 0.0496809 0.0663697 0.0333946 0.0763423
7 0.0407194 0.0719884 0.0814388 0.0820765 0.0756845
0 0.5356 0.0232686 0.0209091 0.0227847 0.0748729
7 0.46272 0.0217319 0.0889459 0.0434638 0.0739727
0 0.535617 0.0237225 0.0222579 0.0217071 0.0716638
2 0.701193 0.128228 0.0204657 0.0248888 0.0701482
2 0.0104389 0.10204 0.0207653 0.0292369 0.0673916
7 0.462781 0.0217317 0.0886509 0.0434635 0.0657773
2 0.6862 0.149665 0.029498 0.0430794 0.0636865
2 0.813593 0.106146 0.0213943 0.0246151 0.0626922
2 0.0755432 0.0973801 0.0937268 0.0384441 0.0614597
2 0.905612 0.0990359 0.025423 0.0335366 0.0590467
2 0.273614 0.0647011 0.0274744 0.015018 0.0581744
2 0.795151 0.112704 0.0286514 0.0215882 0.0580263
7 0.0424151 0.0770796 0.0844587 0.0931663 0.0568094
7 0.0613816 0.0784189 0.122443 0.0974891 0.0565928
2 0.831691 0.249358 0.0402187 0.0573859 0.0549789
2 0.830345 0.0818732 0.0149122 0.0141044 0.0533331
2 0.906623 0.0988452 0.026965 0.0336519 0.0526774
7 0.689773 0.146855 0.0404021 0.0486698 0.0525869
2 0.53037 0.327457 0.0485724 0.0736745 0.0519623
2 0.763192 0.13201 0.0359211 0.0326248 0.0518538
2 0.539157 0.326043 0.0679581 0.0762388 0.0511958
6 0.0599317 0.0806876 0.119852 0.105628 0.0483368
2 0.0893129 0.0935773 0.0662696 0.0306277 0.0465778
2 0.0838938 0.096863 0.0778142 0.0369499 0.0452127
7 0.0406253 0.0686756 0.0812506 0.0748051 0.0448787
2 0.90416 0.0932148 0.0291496 0.0403704 0.0443497
7 0.04136 0.0765001 0.0825698 0.092241 0.0434581
2 0.527746 0.222144 0.0450154 0.0504088 0.0433384
7 0.0549455 0.0767628 0.109728 0.0941768 0.0431703
2 0.830419 0.253116 0.04025 0.052273 0.042313
7 0.0409723 0.0736116 0.0817099 0.0794765 0.0421438
2 0.749907 0.152955 0.0210588 0.0195478 0.0420441
7 0.720466 0.124468 0.0551769 0.0354121 0.0418039
0 0.534851 0.0213776 0.0210322 0.0301809 0.0417919
2 0.541209 0.315627 0.0687429 0.0566444 0.0404378
2 0.0613344 0.105234 0.121237 0.0553746 0.0401947
7 0.0610842 0.0898115 0.121658 0.0799435 0.0401925
6 0.0612802 0.0868077 0.122432 0.0943559 0.0399827
5 0.360171 0.0321931 0.0987268 0.064104 0.0394781
5 0.46242 0.0215999 0.0894726 0.0431997 0.0386378
2 0.699555 0.131108 0.0216703 0.0254397 0.0381042
2 0.813624 0.102824 0.0221897 0.0265722 0.0371515
5 0.359323 0.0321842 0.0954123 0.0637239 0.0370762
2 0.54181 0.326824 0.0721459 0.0797554 0.0369439
7 0.0608811 0.0800255 0.121608 0.101024 0.036252
5 0.408555 0.0330411 0.194003 0.0660823 0.0361516
2 0.0680908 0.0984943 0.101451 0.0439603 0.03513
2 0.0100697 0.101243 0.0200257 0.0283989 0.0350654
2 0.273409 0.0631609 0.0277553 0.0167217 0.0350428
2 0.739844 0.121086 0.0197252 0.0358202 0.0349762
2 0.530379 0.327604 0.0502018 0.0694767 0.0334524
5 0.461047 0.0220511 0.0912677 0.0441023 0.0331588
2 0.701057 0.128054 0.0202206 0.0240521 0.0316555
2 0.737908 0.121813 0.0196242 0.0373685 0.0315572
2 0.412683 0.3115 0.0751457 0.0826952 0.0314566
2 0.269422 0.486178 0.138624 0.134285 0.0311834
2 0.0659102 0.101593 0.111183 0.0489021 0.0311522
2 0.737736 0.123451 0.0195919 0.0353175 0.0310922
2 0.47857 0.0258332 0.0555939 0.0343086 0.0307209
2 0.487041 0.0334268 0.0362362 0.0182962 0.0297516
2 0.158912 0.086207 0.0642112 0.0158596 0.028744
2 0.489725 0.033405 0.0314606 0.0170001 0.0286892
2 0.160989 0.0851309 0.0557742 0.0136674 0.0282581
2 0.78475 0.124509 0.0247086 0.0317622 0.028231
5 0.359144 0.0340842 0.0943347 0.0629876 0.027959
0 0.533566 0.0256685 0.0262853 0.0285583 0.0279225
5 0.358206 0.0328639 0.0947422 0.0626117 0.0277404
2 0.786928 0.116018 0.0287731 0.0212283 0.0276714
6 0.0601338 0.0817467 0.120268 0.109697 0.0272886
2 0.845241 0.0728901 0.0324856 0.0247233 0.0259552
2 0.815825 0.107406 0.0238491 0.0231225 0.0257565
7 0.781865 0.112341 0.0210796 0.023984 0.0254622
0 0.0346918 0.0973106 0.0223681 0.0338295 0.0249301
5 0.460674 0.0230693 0.0918349 0.0461386 0.0248226
5 0.905201 0.0984502 0.0268167 0.0341802 0.0248038
2 0.272937 0.0631936 0.0283572 0.0166585 0.0247414
7 0.737737 0.12316 0.0191548 0.0346151 0.0246853
2 0.144379 0.0833627 0.027324 0.0165789 0.0242986
7 0.770098 0.106463 0.0561107 0.0623962 0.0238184
2 0.92665 0.197652 0.0322197 0.0449925 0.0233575
2 0.758939 0.123962 0.0341408 0.0336346 0.0233381
2 0.0701643 0.0959366 0.0921663 0.0373856 0.0231442
2 0.529465 0.22073 0.0453747 0.0474589 0.0231181
2 0.744927 0.160636 0.0237505 0.0268585 0.0227824
5 0.410161 0.0331399 0.196586 0.0662799 0.0225745
2 0.341164 0.0524876 0.0565035 0.0245669 0.0221673
7 0.0404725 0.0750288 0.0808854 0.0904126 0.0220254
7 0.971448 0.52034 0.0561987 0.203533 0.0212904
2 0.0637256 0.10288 0.115929 0.0518728 0.0212072
2 0.462628 0.0217584 0.0903486 0.0435168 0.0207837
7 0.738932 0.120113 0.0198638 0.0384943 0.0204891
2 0.529314 0.330571 0.0465656 0.0659791 0.0202777
2 0.680368 0.152169 0.0253243 0.0381807 0.0200932
2 0.0605754 0.104709 0.121151 0.0556002 0.0198889
7 0.75562 0.119684 0.0451227 0.0435996 0.0194754
6 0.25258 0.0776105 0.503247 0.127305 0.0187806
7 0.0401591 0.0704662 0.0801268 0.0746883 0.0187281
2 0.256937 0.379193 0.0905628 0.0839171 0.018649
6 0.226538 0.0772275 0.450898 0.130531 0.0186401
5 0.378996 0.0322137 0.135327 0.0636707 0.0184811
7 0.0409473 0.0750526 0.0816046 0.0897555 0.0180364
2 0.25647 0.0666744 0.0171735 0.0134358 0.0177061
2 0.1751 0.0825438 0.0289738 0.011375 0.0176639
7 0.461722 0.0213482 0.0904521 0.0425204 0.0170606
0 0.0373617 0.0963213 0.0254314 0.0344393 0.0168684
6 0.268122 0.0758622 0.531428 0.138843 0.0167352
2 0.0611885 0.106474 0.121763 0.0546719 0.0165247
7 0.718643 0.122164 0.046554 0.0342695 0.0164079
0 0.529991 0.0243078 0.033256 0.0241319 0.0160945
2 0.3341 0.0527221 0.0426812 0.0239441 0.0160486
6 0.20125 0.0804759 0.401197 0.118552 0.0159467
2 0.0727906 0.0938115 0.0891772 0.0330007 0.0159148
7 0.0384777 0.0743525 0.0767807 0.0795404 0.0157147
6 0.219559 0.0746681 0.434004 0.132361 0.0156656
5 0.40927 0.0336427 0.200687 0.0672853 0.0155579
6 0.287742 0.0766869 0.569612 0.147011 0.0154749
2 0.246779 0.0691409 0.020328 0.0129233 0.0152383
0 0.528944 0.0252835 0.0364628 0.0228757 0.0148497
7 0.0416717 0.0745986 0.0819812 0.0922619 0.0147566
2 0.0956017 0.0895447 0.056231 0.0257386 0.0144081
7 0.0609804 0.0783569 0.121961 0.0980603 0.0143581
7 0.784707 0.0981226 0.0299564 0.0479211 0.0143547
2 0.797853 0.123259 0.0443544 0.0380121 0.0141408
0 0.04422 0.096038 0.0413225 0.0351226 0.0139256
0 0.460631 0.0293194 0.0201495 0.027971 0.0139201
2 0.269628 0.486293 0.138991 0.134564 0.0138784
2 0.0116369 0.101554 0.0230076 0.0334651 0.0133418
7 0.463612 0.0217051 0.0862851 0.0426505 0.013167
7 0.767008 0.112848 0.0531775 0.0552266 0.0131349
79 0.892832 0.969762 0.0186329 0.059432 0.012947
2 0.544107 0.304733 0.0609705 0.0351076 0.0129401
2 0.528251 0.343671 0.0429712 0.0423195 0.0127623
2 0.928917 0.195803 0.0371552 0.0480467 0.012674
2 0.156291 0.0918005 0.0733913 0.0246779 0.0126594
2 0.857711 0.0709383 0.0153757 0.0213886 0.012568
2 0.0119863 0.100444 0.0234254 0.0309865 0.0125076
2 0.345345 0.054053 0.0708509 0.0315309 0.0123975
5 0.789887 0.097981 0.027921 0.0493545 0.012221
2 0.92859 0.196733 0.0377735 0.0457979 0.0121255
2 0.902949 0.0933662 0.0284744 0.0415568 0.0121252
2 0.462614 0.0216896 0.0893293 0.0433792 0.0118845
2 0.836434 0.0745141 0.0272129 0.0258945 0.0118482
2 0.461698 0.0220204 0.0881027 0.0436116 0.0118344
0 0.0433147 0.0966934 0.0395911 0.0360681 0.0118276
2 0.760642 0.13305 0.0312525 0.0340751 0.0117661
2 0.541628 0.328022 0.0722908 0.0819387 0.0114986
6 0.28487 0.0775773 0.56533 0.136412 0.0112954
2 0.681489 0.149213 0.0294327 0.0428635 0.0112188
79 0.892801 0.969484 0.019043 0.0590776 0.0110894
2 0.767224 0.131393 0.0376885 0.030066 0.0110794
2 0.815915 0.108307 0.0208582 0.027727 0.0110727
