2 0.787494 0.469824 0.14659 0.198743 0.861503
2 0.787485 0.470237 0.14664 0.198934 0.836243
2 0.78743 0.470429 0.147055 0.199645 0.774797
2 0.787375 0.47072 0.146161 0.198731 0.742267
2 0.109282 0.256977 0.0924622 0.137933 0.740516
2 0.109566 0.256963 0.092333 0.138528 0.738234
2 0.787596 0.470582 0.146277 0.199783 0.737735
2 0.10916 0.257016 0.0923614 0.137953 0.719706
2 0.109268 0.257681 0.0924884 0.137064 0.7135
2 0.109439 0.257351 0.092366 0.137917 0.705316
2 0.720665 0.185303 0.0828221 0.0907867 0.703784
2 0.109035 0.257373 0.0917274 0.137543 0.703647
2 0.720472 0.185738 0.08305 0.0909887 0.694779
2 0.720585 0.185672 0.0831503 0.0907685 0.691253
2 0.958022 0.637334 0.0833996 0.255993 0.687922
2 0.958223 0.63284 0.0830326 0.246741 0.683404
2 0.1092 0.257424 0.0915772 0.13673 0.680347
2 0.109396 0.257098 0.0913534 0.137625 0.670119
5 0.243989 0.095745 0.115513 0.172719 0.665024
2 0.958433 0.632431 0.0825478 0.244672 0.66369
2 0.720869 0.185703 0.0837935 0.0912401 0.654873
5 0.243881 0.0941583 0.115654 0.173076 0.649784
2 0.720709 0.185836 0.0832394 0.090286 0.648343
2 0.720428 0.18568 0.0831732 0.0907984 0.643899
2 0.720554 0.185697 0.0832568 0.0905227 0.638714
2 0.109509 0.257352 0.0911336 0.137585 0.632559
5 0.244325 0.0967478 0.116876 0.171364 0.625647
2 0.109556 0.256734 0.0916192 0.137215 0.617761
2 0.958362 0.63174 0.0828186 0.241972 0.599822
2 0.958497 0.631303 0.0819948 0.241152 0.599232
2 0.788231 0.470879 0.147023 0.19939 0.598638
2 0.0238295 0.196646 0.0473788 0.0495322 0.594002
2 0.787632 0.47057 0.147972 0.197001 0.593814
2 0.0240485 0.197119 0.0478682 0.0501256 0.587679
5 0.245387 0.0948761 0.119016 0.173257 0.587537
5 0.243425 0.0968654 0.114778 0.169811 0.586296
2 0.523327 0.638645 0.120964 0.265817 0.58615
2 0.72088 0.185873 0.0837692 0.0917991 0.585361
2 0.957144 0.633014 0.0844444 0.247164 0.583214
2 0.0240058 0.197469 0.0477383 0.0506091 0.569625
5 0.244614 0.0954999 0.117435 0.173811 0.568206
2 0.523426 0.638448 0.120737 0.26581 0.562722
2 0.0238606 0.197714 0.0476806 0.0514751 0.54461
2 0.958625 0.629783 0.0818121 0.241482 0.539214
2 0.798992 0.291124 0.109802 0.133458 0.535127
2 0.958406 0.630668 0.0827257 0.242957 0.52384
2 0.78788 0.471313 0.147459 0.197346 0.52157
2 0.777668 0.0612341 0.0706491 0.0580268 0.521111
2 0.787258 0.472343 0.147649 0.196784 0.508584
2 0.798954 0.289742 0.110079 0.135492 0.508221
2 0.0239696 0.197832 0.0477529 0.0504499 0.499943
2 0.777429 0.0608952 0.0697479 0.0578443 0.496369
0 0.881725 0.177124 0.0257647 0.0906305 0.495331
2 0.522983 0.63917 0.120962 0.267026 0.495057
2 0.77766 0.0609804 0.0695315 0.0582234 0.484001
2 0.799062 0.289352 0.110362 0.135708 0.481954
5 0.489023 0.368365 0.0818699 0.157939 0.478297
5 0.251669 0.0924508 0.130851 0.182199 0.476877
5 0.246076 0.0945591 0.119726 0.176458 0.47593
0 0.881855 0.176951 0.0253593 0.0897117 0.473396
2 0.777652 0.0602984 0.0699805 0.0579376 0.470301
5 0.488918 0.368313 0.0812848 0.158639 0.46957
5 0.488861 0.367401 0.0810764 0.161777 0.466211
2 0.798784 0.289572 0.109749 0.136095 0.462433
2 0.0240246 0.195149 0.0477054 0.0539187 0.459591
2 0.78694 0.470712 0.149048 0.197206 0.447412
2 0.777572 0.0605892 0.0697828 0.0592108 0.446114
2 0.958961 0.28308 0.0810629 0.138163 0.443551
2 0.777459 0.0611094 0.0712967 0.0587289 0.442812
5 0.253513 0.092529 0.134313 0.182216 0.437559
2 0.777054 0.0609482 0.0703809 0.0588434 0.43689
7 0.610531 0.0507764 0.0665292 0.0992157 0.436725
2 0.487946 0.367002 0.0811594 0.160586 0.436406
5 0.488836 0.36734 0.0816813 0.161047 0.435966
2 0.52351 0.639366 0.121967 0.268738 0.422312
2 0.958763 0.283401 0.0813686 0.139091 0.420308
5 0.243448 0.0975166 0.11468 0.170317 0.417912
2 0.798618 0.289449 0.110759 0.135815 0.417072
2 0.777634 0.0613108 0.0704386 0.0588223 0.409758
2 0.777733 0.0609962 0.0708815 0.0583639 0.408518
2 0.0242982 0.198328 0.0466518 0.0488471 0.405062
0 0.881962 0.176287 0.0260937 0.0903143 0.399936
0 0.835663 0.163925 0.0202499 0.0923803 0.394188
2 0.755456 0.802329 0.240873 0.393979 0.394036
2 0.0242454 0.195659 0.0484754 0.056534 0.39328
5 0.489064 0.368408 0.0811003 0.160374 0.389741
0 0.835918 0.162607 0.0207169 0.0906104 0.388141
2 0.523225 0.640252 0.122042 0.268157 0.387589
2 0.958949 0.283634 0.0811508 0.137234 0.383288
7 0.610279 0.0507465 0.0662373 0.0995034 0.380429
2 0.958832 0.283211 0.0813114 0.139463 0.37769
2 0.756158 0.802486 0.240314 0.392987 0.376908
2 0.704588 0.114313 0.0563095 0.0748837 0.374653
2 0.755455 0.802598 0.240228 0.393748 0.372846
5 0.489065 0.369532 0.0811634 0.15757 0.37277
2 0.799474 0.290666 0.110644 0.133348 0.369671
67 0.523731 0.641412 0.122944 0.270953 0.369364
7 0.610718 0.0513259 0.0666705 0.100621 0.368929
0 0.881788 0.177165 0.0256454 0.0905301 0.368605
2 0.488395 0.367288 0.0807552 0.16088 0.368469
2 0.0238008 0.197471 0.0475227 0.0524002 0.358605
2 0.787588 0.472943 0.146904 0.195032 0.358524
2 0.756132 0.802642 0.240132 0.392931 0.358242
2 0.703396 0.115026 0.058012 0.0752579 0.354164
0 0.88174 0.17412 0.0251194 0.0839334 0.353487
2 0.566219 0.144068 0.0574816 0.086867 0.352849
2 0.958922 0.28362 0.0817089 0.138015 0.346927
2 0.798373 0.28994 0.111106 0.135269 0.3447
2 0.79825 0.289798 0.109962 0.136293 0.344295
7 0.610757 0.0509439 0.0658978 0.0994605 0.342508
0 0.88158 0.178399 0.0258471 0.0883408 0.341158
2 0.958962 0.282711 0.0812695 0.141105 0.340799
67 0.524074 0.639986 0.122308 0.269796 0.336857
2 0.95859 0.28332 0.0823349 0.13913 0.336097
2 0.799109 0.290654 0.110729 0.13382 0.335349
7 0.610433 0.0516429 0.0663452 0.101067 0.330601
7 0.610023 0.0507884 0.0665045 0.0992511 0.329478
2 0.704219 0.11529 0.0562381 0.0754848 0.327134
2 0.756942 0.802537 0.241172 0.39421 0.31857
2 0.703913 0.116178 0.0574167 0.0760227 0.318142
2 0.75705 0.802579 0.240379 0.394156 0.31697
5 0.241428 0.0990663 0.110734 0.164104 0.316097
2 0.0246367 0.198501 0.0464646 0.0474042 0.306058
0 0.882067 0.17575 0.0256426 0.0900056 0.305563
2 0.566451 0.14475 0.0567595 0.0873328 0.303261
2 0.959122 0.285475 0.0806959 0.134471 0.302267
2 0.56657 0.144594 0.0565598 0.0879333 0.298289
2 0.566778 0.144847 0.0566144 0.0880301 0.293025
7 0.610358 0.0506102 0.0666247 0.0993667 0.291846
2 0.487881 0.366716 0.081562 0.159815 0.290375
2 0.566444 0.144525 0.056496 0.0873485 0.287191
2 0.704424 0.116291 0.0559162 0.0755683 0.272512
5 0.242253 0.0989107 0.112558 0.164595 0.268702
0 0.835961 0.16329 0.0201378 0.0927503 0.259895
0 0.836148 0.162201 0.020509 0.0934032 0.259064
2 0.488392 0.366357 0.0815593 0.161901 0.257813
0 0.881792 0.176876 0.0257595 0.0927397 0.25264
2 0.959231 0.285865 0.0810139 0.134271 0.251284
2 0.70529 0.116093 0.0525331 0.0743692 0.247349
7 0.610625 0.0503913 0.0676032 0.100783 0.243697
2 0.566376 0.143598 0.057313 0.0858449 0.241031
2 0.566685 0.145171 0.056658 0.0871794 0.240568
2 0.958652 0.62877 0.0817007 0.23712 0.239582
0 0.835696 0.162531 0.0205267 0.0939957 0.235882
0 0.836066 0.162603 0.0206589 0.0916416 0.233482
0 0.835368 0.163553 0.0190376 0.0953869 0.232035
2 0.488428 0.367718 0.0811443 0.160321 0.231907
2 0.397165 0.0820097 0.0385777 0.0650497 0.230525
2 0.755059 0.802232 0.240533 0.394249 0.227548
7 0.610146 0.0500234 0.0666487 0.0989101 0.224927
2 0.959269 0.286232 0.0803097 0.133294 0.223198
0 0.834787 0.165899 0.0178637 0.0895478 0.205887
2 0.777419 0.0612459 0.0697394 0.0575336 0.202215
2 0.703741 0.116357 0.0570922 0.0759717 0.198078
2 0.755384 0.802068 0.241223 0.394846 0.196824
2 0.958603 0.28233 0.0822752 0.140251 0.192741
0 0.882447 0.176947 0.0268486 0.0904387 0.192035
0 0.836085 0.157466 0.020092 0.0818656 0.188103
0 0.881948 0.169779 0.0252209 0.0757322 0.187274
0 0.958496 0.174981 0.019072 0.0810676 0.186376
5 0.301678 0.292251 0.150645 0.295408 0.181997
2 0.566589 0.145205 0.0568939 0.0846359 0.181961
0 0.880793 0.176896 0.027286 0.091582 0.180933
2 0.799318 0.291628 0.111049 0.132683 0.174719
2 0.958923 0.630318 0.081189 0.23893 0.17111
2 0.566413 0.145431 0.0572355 0.0834825 0.170613
67 0.524169 0.636014 0.121206 0.272629 0.164667
2 0.75468 0.802422 0.23856 0.393565 0.164476
5 0.30676 0.291234 0.152625 0.298984 0.162502
0 0.958864 0.173563 0.020491 0.0787485 0.160743
2 0.720709 0.186693 0.0843054 0.0890583 0.159971
0 0.882345 0.176699 0.0267624 0.0904873 0.158437
2 0.0238663 0.19742 0.0469498 0.049634 0.147125
5 0.301001 0.299526 0.151613 0.281396 0.14708
0 0.958972 0.173902 0.0210434 0.0797718 0.146811
2 0.456758 0.01887 0.0421148 0.0372589 0.143386
2 0.754552 0.803166 0.239175 0.392634 0.140971
2 0.703463 0.115326 0.0573257 0.0760412 0.140069
0 0.957286 0.17621 0.0178078 0.0832789 0.139499
2 0.215372 0.271264 0.0455337 0.0623446 0.136571
67 0.523938 0.635913 0.121261 0.274118 0.1359
7 0.609857 0.0502714 0.0674662 0.0992486 0.131897
2 0.456237 0.0185145 0.0413994 0.0365847 0.131565
2 0.705383 0.116609 0.0549265 0.0734343 0.13031
2 0.70522 0.116369 0.0532497 0.0752206 0.128207
2 0.455522 0.0190958 0.0422902 0.0376859 0.125893
2 0.109044 0.258414 0.091281 0.138224 0.125829
2 0.39689 0.081473 0.0392409 0.0650155 0.123979
0 0.836335 0.155731 0.0203423 0.0804935 0.123283
2 0.704102 0.115665 0.0585029 0.0757708 0.122365
2 0.777141 0.0610128 0.0706125 0.058698 0.117105
2 0.215185 0.271133 0.0451061 0.0623663 0.114152
2 0.456291 0.019727 0.0427334 0.0387256 0.111378
2 0.703066 0.114415 0.0575686 0.0755102 0.110876
9 0.132109 0.0246773 0.010651 0.0268769 0.109903
0 0.835939 0.149343 0.020599 0.0688694 0.109775
9 0.131793 0.028356 0.0106401 0.0240084 0.108963
5 0.305323 0.298139 0.146775 0.286618 0.104758
2 0.705118 0.11473 0.0564135 0.0749799 0.104346
2 0.568728 0.0170809 0.0299082 0.0341618 0.103998
2 0.457992 0.0180702 0.0433037 0.0361405 0.103683
7 0.610857 0.0499382 0.0673599 0.0989369 0.103606
2 0.523735 0.638957 0.121281 0.269196 0.103119
2 0.396454 0.0810037 0.0372189 0.065055 0.102435
2 0.777841 0.0604726 0.0694323 0.0589843 0.101661
0 0.835785 0.165958 0.0195015 0.0895534 0.101144
2 0.455897 0.0189166 0.0423265 0.0374311 0.100554
2 0.720498 0.187203 0.0836526 0.0871908 0.0960245
2 0.456542 0.017936 0.041993 0.035872 0.0945492
5 0.307366 0.273762 0.158231 0.332461 0.0934019
2 0.215562 0.270603 0.0468719 0.0621447 0.0924932
5 0.308059 0.261975 0.163587 0.359097 0.0923977
2 0.217008 0.269241 0.0505926 0.065505 0.0893676
2 0.396814 0.0807793 0.0373225 0.0655986 0.0877864
2 0.219323 0.248392 0.0553748 0.106893 0.086361
2 0.215444 0.272862 0.0451421 0.0595119 0.0852538
0 0.958945 0.166231 0.0196106 0.063031 0.085135
2 0.571011 0.0192422 0.0261879 0.0376853 0.0843917
0 0.836592 0.148262 0.0202145 0.0682592 0.0837867
2 0.457461 0.0182322 0.0449523 0.0364644 0.0836523
3 0.46869 0.0945227 0.0437336 0.0610389 0.0822122
5 0.298654 0.283964 0.163498 0.311549 0.0821837
2 0.21491 0.272758 0.0469567 0.0600428 0.080258
2 0.215565 0.270142 0.0465216 0.0630456 0.0798597
2 0.396853 0.0811832 0.0387717 0.0677546 0.0792721
2 0.720499 0.18598 0.083144 0.0863299 0.0789545
5 0.309289 0.279696 0.16194 0.324491 0.0779789
0 0.958849 0.174092 0.0181971 0.0779137 0.077842
0 0.396618 0.0810687 0.0373617 0.0658527 0.0766077
5 0.246381 0.0956126 0.121663 0.178324 0.0751222
2 0.569578 0.0188857 0.0296326 0.0373234 0.0746147
9 0.126264 0.0141861 0.0192782 0.0283721 0.073825
2 0.987085 0.226873 0.0250555 0.0278514 0.0722524
0 0.880745 0.175659 0.0273315 0.0907652 0.0715088
0 0.880595 0.178462 0.0267841 0.0868825 0.0710713
3 0.467234 0.104841 0.037059 0.0427574 0.0685714
2 0.521123 0.00565884 0.0270597 0.0113177 0.06802
2 0.217045 0.270021 0.0499314 0.0621493 0.0678054
0 0.39665 0.0808712 0.0376499 0.0658381 0.0674701
2 0.456043 0.0182744 0.0436827 0.0365488 0.0668413
2 0.455091 0.0198779 0.0435255 0.0394236 0.0665555
2 0.567363 0.0131554 0.0298819 0.0263108 0.0662357
2 0.56685 0.152089 0.0557564 0.0713622 0.0637737
2 0.223476 0.242416 0.0622402 0.116808 0.0636902
2 0.986586 0.228852 0.0257778 0.0310664 0.063223
2 0.467263 0.0847969 0.0502625 0.0773953 0.0629484
2 0.154187 0.156609 0.0572927 0.0712989 0.0623206
2 0.720746 0.18497 0.0839086 0.0886834 0.0614549
2 0.956756 0.641421 0.0849808 0.262695 0.061067
0 0.464852 0.0817023 0.0488926 0.0765715 0.0597595
2 0.222862 0.245707 0.0619365 0.109235 0.0594313
3 0.467363 0.086835 0.0456252 0.072298 0.0585078
2 0.0239543 0.198452 0.0475886 0.0504051 0.0581919
2 0.221716 0.242603 0.0602548 0.117354 0.0577174
5 0.295262 0.315077 0.130958 0.228965 0.0560305
2 0.224804 0.24214 0.065112 0.116724 0.0556372
2 0.568297 0.0189457 0.0290583 0.0378915 0.0545809
0 0.466645 0.0766308 0.0441551 0.0641724 0.0545612
2 0.156073 0.155982 0.0616763 0.0764093 0.054183
5 0.296104 0.252795 0.136845 0.182352 0.0535291
7 0.280873 0.250405 0.161895 0.174863 0.0533072
0 0.958474 0.174212 0.0202316 0.0819808 0.0531084
2 0.39632 0.0817944 0.0344867 0.064132 0.0530271
3 0.467188 0.1017 0.0412137 0.0465399 0.0530115
2 0.15575 0.155681 0.0609348 0.0765655 0.0528938
2 0.224295 0.24133 0.0656916 0.117965 0.0528259
2 0.322898 0.0453685 0.0362535 0.0386982 0.0524537
2 0.219729 0.265704 0.0552096 0.0709415 0.0520663
2 0.956746 0.751689 0.0858658 0.48495 0.05184
5 0.297137 0.3214 0.13391 0.230733 0.0514404
0 0.882333 0.173084 0.0263622 0.0832698 0.05131
3 0.467117 0.08797 0.0454976 0.0707709 0.0499953
67 0.378543 0.420945 0.0343226 0.0639758 0.0499354
0 0.882619 0.178152 0.024934 0.0883984 0.0498585
7 0.56674 0.144757 0.0575067 0.087766 0.0484604
2 0.22471 0.242043 0.062007 0.117527 0.0475906
2 0.321611 0.0476056 0.0357527 0.0432436 0.0474718
0 0.959149 0.170043 0.0183495 0.0700815 0.0472468
2 0.276652 0.234045 0.167564 0.138746 0.0468055
2 0.360534 0.0083562 0.0229773 0.0167124 0.0466979
2 0.737166 0.0131141 0.0333302 0.0262283 0.0465834
2 0.230897 0.213738 0.0487665 0.0561121 0.045716
2 0.466469 0.0838496 0.0501812 0.0796335 0.0456829
2 0.229917 0.215751 0.0491699 0.0576161 0.0456352
0 0.462559 0.0746807 0.0510124 0.0686929 0.0449992
5 0.610123 0.0496325 0.0681101 0.0990563 0.044821
2 0.3231 0.0420583 0.0359758 0.0333125 0.0447626
0 0.834348 0.188973 0.0148649 0.0446726 0.0447063
2 0.806945 0.258807 0.0717751 0.0549165 0.0441518
2 0.395834 0.081342 0.0385407 0.0636213 0.0438322
2 0.704212 0.116714 0.057025 0.0753797 0.0435886
2 0.364407 0.00887145 0.0278521 0.0176727 0.0433983
67 0.378283 0.421595 0.0357915 0.0652743 0.0433303
2 0.466701 0.0849654 0.0502448 0.0797624 0.0428358
0 0.396722 0.0770649 0.0361438 0.0573366 0.0428026
0 0.467297 0.0838028 0.0443354 0.0750624 0.0426357
5 0.294561 0.321735 0.128456 0.228941 0.0422374
2 0.32347 0.0443471 0.0357205 0.0372727 0.0421494
7 0.61048 0.0513779 0.0668685 0.100531 0.0417363
7 0.293698 0.256008 0.134379 0.177678 0.0410924
