2 0.192696 0.422295 0.115528 0.0993561 0.783074
2 0.192793 0.422779 0.115546 0.100208 0.771713
2 0.192297 0.422448 0.11636 0.0990452 0.767811
2 0.192557 0.422118 0.115773 0.0993152 0.749015
2 0.192643 0.421921 0.115892 0.0990614 0.732699
2 0.192854 0.422362 0.115569 0.099997 0.715907
2 0.192998 0.422077 0.115646 0.0991162 0.712893
2 0.193128 0.42233 0.115747 0.099362 0.704281
2 0.192654 0.421949 0.115637 0.0990746 0.682052
2 0.518348 0.8395 0.193775 0.275764 0.665899
2 0.860502 0.188812 0.0305861 0.0417394 0.617986
2 0.518659 0.839363 0.193751 0.278753 0.608905
2 0.518726 0.839449 0.193901 0.275872 0.583753
2 0.518589 0.839552 0.194079 0.275703 0.570987
2 0.966171 0.220992 0.035113 0.0570179 0.570856
2 0.692255 0.176678 0.0294036 0.0342347 0.564457
2 0.966278 0.220705 0.0349937 0.0561326 0.557997
2 0.69226 0.176507 0.0299232 0.0336885 0.551353
2 0.692131 0.176884 0.0296225 0.0338853 0.547911
2 0.967013 0.220112 0.0352097 0.0553872 0.547039
2 0.518528 0.839278 0.193522 0.275703 0.530787
2 0.68063 0.21967 0.0381411 0.0410195 0.524647
2 0.680984 0.218136 0.0385836 0.0398109 0.517107
2 0.667059 0.149317 0.0282902 0.0349601 0.513806
2 0.518273 0.839363 0.193022 0.274847 0.50992
2 0.518581 0.839004 0.193985 0.274578 0.505197
2 0.966227 0.221197 0.0349461 0.0564549 0.502876
2 0.822236 0.188728 0.0273376 0.0275958 0.495497
2 0.056796 0.55292 0.113395 0.162633 0.489846
2 0.966919 0.222049 0.0324711 0.0555525 0.486285
2 0.056886 0.545813 0.113003 0.146913 0.485743
2 0.692517 0.1768 0.0302361 0.0342093 0.485035
2 0.68168 0.218658 0.0387575 0.0421662 0.483065
2 0.0567247 0.549985 0.113107 0.156468 0.480641
2 0.8024 0.323124 0.0507761 0.0720803 0.477984
2 0.860432 0.189728 0.0309036 0.04133 0.47637
2 0.680863 0.218489 0.0372866 0.0401802 0.473963
2 0.860324 0.188859 0.0307808 0.0406055 0.455333
2 0.86074 0.188462 0.0327774 0.0409449 0.444812
2 0.666872 0.149564 0.0277892 0.0353201 0.438205
2 0.0568196 0.55316 0.113488 0.163302 0.43717
2 0.692561 0.176962 0.0318401 0.0340506 0.432021
2 0.919298 0.205569 0.0280701 0.0395818 0.429317
2 0.682203 0.218068 0.0400452 0.0413622 0.420186
2 0.518963 0.83926 0.193428 0.277468 0.420171
2 0.860621 0.188016 0.031337 0.0422531 0.409318
2 0.9665 0.222399 0.0324911 0.0554897 0.409122
2 0.919856 0.203073 0.0288353 0.0429017 0.408426
2 0.0564324 0.549098 0.112865 0.153253 0.406974
2 0.886083 0.368002 0.056715 0.0818131 0.406618
2 0.0567073 0.546936 0.113224 0.150066 0.405005
2 0.683253 0.217919 0.0371091 0.040922 0.404605
2 0.727731 0.290301 0.0581623 0.0767472 0.402675
2 0.680111 0.220189 0.0374546 0.0412987 0.402103
2 0.727482 0.290531 0.0577133 0.076918 0.401645
2 0.518168 0.839532 0.193406 0.274733 0.396014
2 0.692912 0.176904 0.0316027 0.0336709 0.395446
2 0.966065 0.221197 0.0338886 0.0566095 0.393564
2 0.802293 0.323835 0.0507988 0.0696025 0.393152
2 0.82251 0.186965 0.0276867 0.0307448 0.392145
7 0.886924 0.367654 0.0562513 0.0819625 0.3885
2 0.0567731 0.552447 0.11332 0.161882 0.38802
2 0.0565311 0.554413 0.112983 0.164761 0.380148
2 0.519028 0.840791 0.194483 0.278642 0.377289
2 0.860582 0.189726 0.0312576 0.0398258 0.376908
2 0.860465 0.187904 0.0314571 0.0411876 0.372003
2 0.727679 0.289838 0.0579889 0.0763224 0.370615
2 0.727342 0.290632 0.0574598 0.07661 0.369197
2 0.802154 0.321848 0.0518742 0.0753799 0.369002
2 0.0566372 0.551393 0.113101 0.158259 0.366892
5 0.928433 0.129841 0.0382492 0.0700957 0.363751
2 0.680678 0.217983 0.0380602 0.0400988 0.360819
2 0.72805 0.289352 0.0590996 0.077749 0.36021
2 0.727693 0.289798 0.0581759 0.0763187 0.359788
2 0.886199 0.367638 0.0565512 0.0810328 0.357252
2 0.727732 0.289331 0.0588884 0.0771623 0.35525
5 0.92877 0.129746 0.0375143 0.0737189 0.350844
7 0.886972 0.368121 0.0563313 0.0819461 0.346452
5 0.927915 0.129092 0.0401741 0.0718777 0.345229
5 0.928422 0.128482 0.0384453 0.0742614 0.3436
2 0.680728 0.218257 0.0371506 0.0393787 0.341543
2 0.192485 0.422656 0.113828 0.100469 0.340916
2 0.96615 0.219598 0.0346218 0.0561828 0.337496
7 0.974369 0.52624 0.0501677 0.13395 0.33204
2 0.681618 0.219366 0.0390996 0.0414974 0.3304
2 0.823012 0.18646 0.0282494 0.0313499 0.325397
2 0.886211 0.367697 0.0555264 0.0812478 0.322153
2 0.802199 0.321458 0.0507803 0.0766995 0.320332
2 0.802059 0.322056 0.0506694 0.0752183 0.318826
7 0.974471 0.526264 0.0505264 0.134085 0.316422
2 0.666466 0.151481 0.0274511 0.0337175 0.315263
2 0.412897 0.372408 0.0915054 0.0896256 0.308962
2 0.0847762 0.0964983 0.0747106 0.035908 0.30559
2 0.919923 0.203513 0.0291107 0.0426096 0.30446
7 0.413243 0.372106 0.0911593 0.090082 0.301117
2 0.919932 0.203937 0.0279659 0.040764 0.300838
7 0.886748 0.367281 0.0564907 0.0824388 0.297867
2 0.802094 0.320435 0.0515284 0.0774384 0.296389
2 0.518691 0.840108 0.193605 0.273607 0.295817
2 0.802343 0.320504 0.0509274 0.0779087 0.292188
2 0.822576 0.186457 0.0276695 0.0321869 0.29197
2 0.41355 0.369575 0.0911752 0.0847534 0.290056
7 0.886986 0.367489 0.0563297 0.0828185 0.283434
2 0.965909 0.221566 0.0321232 0.0563345 0.28184
2 0.412357 0.373122 0.0921102 0.0901382 0.278737
2 0.966287 0.161861 0.0242153 0.0342259 0.277339
2 0.849513 0.139807 0.0214497 0.0295079 0.277168
5 0.928496 0.130039 0.0378609 0.0722766 0.268929
2 0.727296 0.292 0.0568899 0.0734582 0.265414
2 0.412727 0.371197 0.0908251 0.0896011 0.264167
2 0.85003 0.139223 0.0222025 0.0291469 0.263747
7 0.413413 0.371056 0.0908413 0.0888063 0.259281
5 0.890689 0.125178 0.0329632 0.0577564 0.258066
2 0.412793 0.372718 0.0911299 0.0900549 0.256107
2 0.919224 0.202921 0.0314085 0.044101 0.250473
2 0.919918 0.204099 0.0283466 0.0414249 0.249872
2 0.413733 0.370074 0.0931351 0.083217 0.248587
2 0.726767 0.291498 0.0572436 0.0735958 0.24824
2 0.850241 0.138926 0.0226246 0.0299157 0.244312
7 0.974541 0.526093 0.0498005 0.133463 0.240895
2 0.0802946 0.09683 0.0822081 0.0364477 0.240226
2 0.666902 0.150755 0.0273777 0.0345425 0.237466
2 0.680988 0.21968 0.0399158 0.0437148 0.229218
2 0.801917 0.325294 0.0499779 0.06926 0.220471
7 0.974595 0.525891 0.0502911 0.133542 0.220332
2 0.802189 0.322923 0.0507858 0.0718561 0.218799
2 0.727526 0.29044 0.0587378 0.0766292 0.216337
2 0.666731 0.151331 0.0271105 0.0344028 0.199949
2 0.0564247 0.546793 0.112528 0.15029 0.198138
2 0.849657 0.139367 0.0213564 0.0295751 0.195795
2 0.966161 0.162102 0.0238377 0.0357933 0.194829
5 0.412839 0.372329 0.0913954 0.0883439 0.194806
2 0.66692 0.150591 0.028509 0.0354417 0.194641
7 0.887568 0.367714 0.0568073 0.0830006 0.192601
5 0.891015 0.125021 0.032505 0.0576241 0.190392
2 0.974238 0.526633 0.0504337 0.134456 0.188892
2 0.860872 0.186916 0.0317074 0.0415193 0.187635
2 0.0860505 0.0956321 0.0717607 0.0349471 0.185969
5 0.928635 0.127708 0.0379639 0.0728781 0.185828
5 0.928194 0.129089 0.039019 0.0730832 0.184933
2 0.974779 0.526778 0.0499264 0.134729 0.184699
5 0.974671 0.526366 0.0501564 0.133717 0.184605
2 0.886287 0.368073 0.055106 0.0813846 0.180049
2 0.919906 0.205838 0.0273937 0.0388068 0.179954
7 0.974414 0.526093 0.0499899 0.133712 0.179123
2 0.822124 0.186307 0.0265606 0.032179 0.17879
2 0.966763 0.221321 0.0351227 0.0561365 0.177451
2 0.919241 0.204769 0.0296467 0.0409122 0.163397
5 0.890553 0.125715 0.0340767 0.0580414 0.163019
2 0.791946 0.110502 0.0274668 0.0234082 0.162535
2 0.413276 0.372471 0.0909998 0.0893169 0.161647
2 0.860669 0.18711 0.032193 0.0429364 0.158631
2 0.0746691 0.0988785 0.0955319 0.0419212 0.154665
2 0.333112 0.0563918 0.0425405 0.0201048 0.152028
2 0.782454 0.109702 0.0214158 0.0228813 0.149396
2 0.727008 0.290614 0.0577257 0.0773771 0.149098
2 0.823009 0.181632 0.0297798 0.0405035 0.144328
2 0.668422 0.151383 0.0306595 0.0346269 0.142534
2 0.727003 0.294172 0.0569647 0.0684199 0.142353
5 0.890422 0.126152 0.0318893 0.0574961 0.141408
2 0.0570772 0.559636 0.114154 0.180304 0.140941
5 0.8903 0.125992 0.0326836 0.0564214 0.140774
5 0.973928 0.530336 0.0517921 0.140372 0.140296
5 0.891565 0.124438 0.0347475 0.0610606 0.139883
2 0.919257 0.203453 0.0300652 0.0423165 0.138903
2 0.919931 0.205293 0.0277004 0.039308 0.137936
2 0.0820754 0.0975979 0.0807297 0.0391001 0.135984
5 0.929028 0.129806 0.0390406 0.0717421 0.124537
2 0.33305 0.0564188 0.0450648 0.0207265 0.119343
2 0.413527 0.370979 0.0916555 0.0817313 0.115339
2 0.965838 0.162255 0.0244499 0.0353403 0.113938
2 0.966088 0.221623 0.0329863 0.0557468 0.112587
5 0.929107 0.128707 0.0387411 0.0689173 0.109011
5 0.927924 0.133313 0.034613 0.0702124 0.108818
2 0.740904 0.140598 0.0217546 0.0267112 0.10802
2 0.794195 0.112358 0.0215042 0.0204323 0.10599
2 0.965888 0.162001 0.025016 0.0354614 0.103348
5 0.929321 0.127895 0.0370661 0.0721348 0.100555
2 0.91963 0.20328 0.0283424 0.0434484 0.100042
2 0.802431 0.324521 0.0512761 0.0701438 0.0961204
5 0.890013 0.126382 0.032196 0.0566652 0.0952695
5 0.89025 0.125873 0.033593 0.057482 0.0951084
2 0.743235 0.137983 0.023735 0.0238281 0.0944729
2 0.748699 0.16441 0.0282664 0.0234829 0.0944097
2 0.754573 0.106959 0.0192551 0.0240481 0.09391
2 0.802457 0.317538 0.0514252 0.0836866 0.0933587
2 0.0707996 0.0994283 0.101399 0.044025 0.0930762
2 0.333356 0.0559905 0.0428451 0.0205799 0.0916578
2 0.748609 0.165016 0.0279566 0.0232502 0.0901241
2 0.0109648 0.100995 0.0218774 0.0317473 0.0884607
2 0.414203 0.372043 0.093593 0.0803271 0.0864062
2 0.668334 0.150771 0.0304596 0.0347236 0.0856526
2 0.832995 0.0976708 0.0206673 0.0201387 0.0829877
2 0.768387 0.147743 0.0223747 0.0286099 0.0797005
2 0.886132 0.367833 0.0581059 0.0822532 0.078245
2 0.0814418 0.0951872 0.0809199 0.0355245 0.0777313
7 0.0608196 0.0765844 0.121216 0.0960891 0.077358
5 0.890457 0.125657 0.0331867 0.0570601 0.0761363
2 0.768513 0.145073 0.0377045 0.0323869 0.0759014
2 0.689465 0.176551 0.0315638 0.0318709 0.0752953
2 0.773218 0.143682 0.0273375 0.0270053 0.0723202
2 0.415152 0.0419905 0.0288158 0.0226009 0.0720576
2 0.0797582 0.0959864 0.0806173 0.0351102 0.0717475
7 0.887081 0.367963 0.0561684 0.0829794 0.069746
5 0.891647 0.12443 0.0335423 0.0606912 0.0695996
7 0.0608614 0.0774754 0.121419 0.0959693 0.0686653
2 0.858253 0.187781 0.0363424 0.0416069 0.0681049
7 0.061087 0.077429 0.121985 0.0972901 0.0671513
2 0.0863951 0.0980089 0.0724033 0.0388994 0.0632889
7 0.0607254 0.0741065 0.119896 0.0982893 0.0621126
2 0.273389 0.0660964 0.0274555 0.0151784 0.058832
2 0.822731 0.181659 0.0293705 0.0387424 0.0577842
2 0.789119 0.108934 0.0292172 0.02418 0.0574487
2 0.749068 0.161321 0.0278596 0.0231789 0.0566105
2 0.746936 0.115865 0.0221697 0.0256624 0.0556535
2 0.084764 0.0906261 0.0719774 0.0285913 0.0554228
2 0.858258 0.189688 0.0365065 0.0406156 0.0553656
2 0.0104742 0.100593 0.0209386 0.0308914 0.0553442
2 0.74943 0.111626 0.0255757 0.0257531 0.053952
2 0.745963 0.159161 0.0255627 0.0231709 0.0527913
2 0.785959 0.11077 0.0251953 0.022556 0.0514406
2 0.273736 0.0658173 0.0265711 0.014824 0.0509828
7 0.0600288 0.0799696 0.120058 0.104397 0.0508754
7 0.0612767 0.0756252 0.121333 0.0995683 0.0496317
79 0.889457 0.974313 0.018063 0.0498529 0.0493996
2 0.691549 0.176103 0.0312424 0.0335401 0.0487576
2 0.0764426 0.0976836 0.0905194 0.0444146 0.0472908
2 0.740882 0.144162 0.0222628 0.0345718 0.0471307
2 0.667074 0.149137 0.0284252 0.0392907 0.0465977
0 0.068149 0.0524452 0.028852 0.065105 0.0463001
2 0.666503 0.152396 0.0280268 0.034868 0.0450455
0 0.533415 0.0284991 0.0169266 0.0217654 0.0446859
0 0.0509676 0.0678013 0.0591507 0.0884905 0.0441423
2 0.743012 0.144547 0.0230164 0.0343587 0.0434927
0 0.0640884 0.0623506 0.0339978 0.0822902 0.0415388
2 0.413409 0.0423555 0.0352324 0.0237589 0.039763
2 0.4213 0.399762 0.105812 0.0518527 0.0386074
2 0.965474 0.160601 0.0234428 0.0339489 0.038032
2 0.80338 0.093346 0.0164818 0.0182669 0.0376339
0 0.0641195 0.059975 0.0317611 0.0711095 0.0374633
0 0.0668806 0.0525682 0.0265365 0.060588 0.0368162
2 0.974558 0.522923 0.0502485 0.131256 0.0360518
6 0.0601532 0.0787876 0.119659 0.106325 0.0354847
2 0.966673 0.160736 0.0247791 0.0356489 0.0354716
7 0.0580523 0.0772765 0.115938 0.0938717 0.0350933
0 0.0675655 0.0523821 0.0292189 0.0622294 0.0348083
2 0.833493 0.0997074 0.0156063 0.0201584 0.0347503
2 0.0767683 0.0945367 0.0890253 0.035123 0.0344794
7 0.405966 0.0295682 0.103921 0.0591364 0.032184
2 0.972077 0.162102 0.038479 0.0368985 0.0319379
2 0.061098 0.0830593 0.122026 0.0950086 0.0318146
0 0.0357051 0.0945159 0.0235623 0.0379444 0.0305858
2 0.96656 0.2218 0.0342363 0.0572663 0.0304642
2 0.837902 0.0971326 0.0249863 0.0235975 0.0299772
0 0.0652262 0.0532271 0.0262242 0.0555809 0.029721
5 0.929148 0.13046 0.038797 0.0729591 0.0289677
79 0.889572 0.974262 0.0180859 0.0505478 0.0288673
2 0.459241 0.405159 0.0477528 0.0473211 0.0287702
7 0.0605774 0.0805109 0.121155 0.109098 0.0285689
2 0.820775 0.187764 0.0318851 0.0299552 0.0284671
2 0.192877 0.423235 0.117339 0.0974569 0.0283797
2 0.457459 0.404193 0.0522331 0.0490489 0.0282291
0 0.533308 0.0319077 0.021648 0.0252019 0.0278877
0 0.533408 0.0279432 0.0177213 0.0240221 0.0272811
5 0.974486 0.527578 0.0505764 0.137785 0.0269795
2 0.742145 0.153941 0.0215977 0.0358958 0.026557
2 0.0110129 0.105837 0.0219686 0.0410433 0.0262472
7 0.405664 0.028939 0.102138 0.0571372 0.0262179
5 0.929014 0.125519 0.0375797 0.0702559 0.0260707
2 0.459172 0.405482 0.0466244 0.0466499 0.0260213
2 0.768785 0.142466 0.0379662 0.0310362 0.0258718
2 0.740779 0.149022 0.0221996 0.0388459 0.0258163
2 0.80219 0.325384 0.0502882 0.0682296 0.0257945
7 0.042317 0.0717669 0.0841974 0.080313 0.0255098
2 0.727397 0.289486 0.0583729 0.0777874 0.0254792
2 0.748706 0.111882 0.0246304 0.0284678 0.0248616
2 0.799145 0.102767 0.0221807 0.0318544 0.0247686
79 0.889551 0.974451 0.0180477 0.0499943 0.0246935
2 0.967445 0.220379 0.0349211 0.0522791 0.0242398
2 0.0655106 0.101279 0.113002 0.0495297 0.0240887
2 0.825094 0.185487 0.0330986 0.0370665 0.0237644
79 0.888417 0.974347 0.0212376 0.0496244 0.023717
2 0.858113 0.18661 0.0377062 0.0413086 0.023631
2 0.755574 0.10926 0.0221242 0.0251626 0.023617
2 0.430914 0.404151 0.0924251 0.0481808 0.0222585
7 0.0408858 0.0728828 0.0817716 0.0768 0.0221288
2 0.726729 0.290275 0.0572993 0.0741213 0.02148
5 0.927568 0.130964 0.0392185 0.0745034 0.0214309
2 0.435472 0.402778 0.1009 0.0523912 0.0213509
2 0.0889356 0.095917 0.0655067 0.0358308 0.0212387
0 0.0696796 0.051856 0.0305946 0.0642742 0.02114
2 0.459057 0.404572 0.0484026 0.0474031 0.0211191
2 0.920115 0.201586 0.0300735 0.0443546 0.0207271
2 0.441925 0.0418966 0.0208998 0.0172484 0.0206007
2 0.767544 0.142934 0.0401699 0.0326253 0.0204823
2 0.766736 0.145469 0.0402727 0.0335127 0.0202316
2 0.0114497 0.102025 0.0228167 0.037214 0.0202158
2 0.060815 0.0861279 0.121375 0.0879312 0.019929
2 0.886603 0.367365 0.0575806 0.0823281 0.0198927
2 0.0755317 0.100585 0.0935182 0.0464665 0.0196833
