2 0.485389 0.230291 0.0908253 0.0544186 0.847593
0 0.0855944 0.568835 0.0334634 0.127299 0.818692
2 0.484563 0.23029 0.0902143 0.0534693 0.797731
2 0.484709 0.230316 0.0895089 0.0532987 0.789927
0 0.0852006 0.5691 0.033587 0.12739 0.7479
2 0.484584 0.230118 0.0892609 0.0526625 0.732265
0 0.0847673 0.566731 0.0321798 0.130497 0.711902
2 0.485043 0.229965 0.0894307 0.053076 0.698424
2 0.683213 0.259771 0.108813 0.0662152 0.697482
0 0.0846566 0.566802 0.0319872 0.130307 0.695979
0 0.0851943 0.566777 0.0324787 0.130775 0.686727
2 0.484673 0.230533 0.0901588 0.053321 0.684251
0 0.0856799 0.566271 0.0337024 0.13065 0.682369
2 0.683025 0.260186 0.108858 0.0660208 0.673861
2 0.179644 0.268763 0.0941157 0.0560852 0.671558
2 0.483833 0.230204 0.0889301 0.0526258 0.670522
2 0.682392 0.26075 0.107813 0.0663758 0.668984
2 0.849254 0.2528 0.0936003 0.0527468 0.662875
2 0.682754 0.260711 0.108316 0.0666204 0.661529
2 0.484064 0.230099 0.0892228 0.0531087 0.657098
0 0.084992 0.56948 0.0338321 0.125062 0.654662
0 0.138317 0.594361 0.0298838 0.0783868 0.653598
2 0.682994 0.260237 0.108471 0.0660097 0.649513
2 0.484225 0.229782 0.0900908 0.052988 0.647848
0 0.138216 0.59412 0.0305824 0.079727 0.646966
2 0.84927 0.253103 0.0934088 0.0531329 0.640722
0 0.138304 0.594196 0.0299208 0.078625 0.636328
2 0.178631 0.273795 0.0941212 0.0459828 0.634429
2 0.849126 0.252855 0.0939375 0.0532364 0.625616
0 0.0844987 0.567248 0.0326901 0.13207 0.620885
2 0.849346 0.253096 0.0938835 0.0533357 0.615725
0 0.138353 0.594084 0.0306148 0.0788826 0.605116
0 0.0850354 0.571092 0.0342029 0.122237 0.604781
2 0.17891 0.273377 0.0934386 0.0458343 0.604348
2 0.682626 0.260437 0.108471 0.0664345 0.593144
2 0.178821 0.26998 0.0939169 0.052105 0.580542
2 0.326175 0.231789 0.0829053 0.0625601 0.565274
2 0.179223 0.267369 0.0933765 0.0565537 0.548931
2 0.848995 0.253742 0.0936272 0.0542983 0.546558
2 0.019105 0.26244 0.0382099 0.0500579 0.543324
2 0.325757 0.23142 0.0821456 0.0619861 0.540793
2 0.848904 0.253166 0.091571 0.0516 0.524562
2 0.0725577 0.267098 0.079613 0.0493879 0.515458
2 0.179262 0.272854 0.0926629 0.0468944 0.51486
2 0.682789 0.261989 0.109026 0.0691549 0.5137
0 0.138242 0.593767 0.0319516 0.0784023 0.512441
2 0.849516 0.253695 0.0948349 0.0553892 0.509967
2 0.325808 0.231854 0.0824117 0.0616903 0.507143
2 0.326214 0.231685 0.0821274 0.062025 0.503631
2 0.325971 0.231936 0.0818882 0.0620049 0.501814
2 0.179184 0.273973 0.0934852 0.044871 0.498966
2 0.0713323 0.267598 0.0818979 0.0506245 0.496911
2 0.849162 0.253284 0.0924065 0.0526423 0.495764
2 0.849742 0.253593 0.0950642 0.0545807 0.495335
2 0.849463 0.25195 0.09221 0.0486634 0.490448
2 0.485527 0.229595 0.0877928 0.0527337 0.480457
2 0.326498 0.231479 0.0823875 0.0615262 0.479756
2 0.848881 0.253109 0.0908079 0.0502495 0.464854
0 0.138287 0.594239 0.032167 0.079977 0.460905
0 0.13846 0.595388 0.0296762 0.078755 0.460008
2 0.0744517 0.266842 0.0779077 0.0477283 0.457772
2 0.0191525 0.262979 0.038305 0.049945 0.451792
2 0.841484 0.154113 0.0550785 0.0254314 0.447486
2 0.179 0.270306 0.0932038 0.0512826 0.447007
2 0.0730515 0.26654 0.0785125 0.0471144 0.445554
2 0.325531 0.231987 0.0820449 0.0622396 0.444811
2 0.682486 0.26238 0.108343 0.0699658 0.442011
0 0.165168 0.571514 0.028814 0.105384 0.437299
2 0.849257 0.253534 0.0929661 0.0519169 0.434757
0 0.13836 0.59544 0.0306458 0.0788582 0.42951
2 0.0199706 0.261972 0.0396749 0.0487261 0.424325
2 0.0745187 0.266322 0.0765334 0.0472594 0.423333
2 0.0196252 0.262033 0.0391461 0.0508596 0.419898
2 0.841182 0.15432 0.0539265 0.0263415 0.413962
0 0.137882 0.592812 0.0293754 0.0773102 0.40645
2 0.326291 0.231621 0.0819668 0.0622744 0.40268
0 0.165377 0.571498 0.0295489 0.103818 0.394644
2 0.0725627 0.26621 0.0798846 0.0484489 0.393999
0 0.0852518 0.567469 0.0325718 0.128685 0.393983
2 0.0728525 0.266741 0.0779414 0.0486819 0.380712
0 0.138039 0.5934 0.0315646 0.0801207 0.37136
0 0.167826 0.585399 0.0229688 0.0733972 0.368327
2 0.0195168 0.263006 0.0388861 0.0486772 0.357663
2 0.682814 0.259642 0.108192 0.0653144 0.356984
2 0.0201325 0.262184 0.0402649 0.0496303 0.350425
0 0.167517 0.584427 0.0234986 0.0762042 0.346227
2 0.841054 0.153625 0.0548393 0.0270561 0.342311
2 0.326726 0.230617 0.0824349 0.0605292 0.335012
2 0.0696255 0.268568 0.0775067 0.0513752 0.333722
0 0.165987 0.570891 0.0286421 0.104607 0.332817
2 0.456301 0.297524 0.109855 0.0761613 0.323148
2 0.840518 0.153346 0.0539371 0.0245195 0.314242
2 0.0200345 0.26144 0.0399523 0.0520412 0.305149
2 0.839755 0.15259 0.0533272 0.0256151 0.303457
2 0.0761443 0.266109 0.0758577 0.046672 0.295979
2 0.992054 0.225856 0.0152233 0.0699232 0.275299
2 0.484598 0.230041 0.0875589 0.052371 0.272126
2 0.682589 0.264204 0.10931 0.0738516 0.265806
0 0.137929 0.593154 0.0293561 0.0782688 0.260115
2 0.456346 0.298992 0.109747 0.0776269 0.255646
2 0.0194656 0.263095 0.0389313 0.0485599 0.253983
0 0.166086 0.573757 0.0271198 0.0994486 0.244541
0 0.165272 0.570723 0.0299782 0.103616 0.239778
2 0.480533 0.230326 0.0830729 0.0537969 0.23417
2 0.455997 0.298769 0.109762 0.0785277 0.230667
2 0.841657 0.153421 0.0552277 0.0278526 0.229973
2 0.456192 0.297102 0.110058 0.0761278 0.229449
0 0.77774 0.197359 0.0149611 0.0492272 0.227625
0 0.165587 0.570314 0.0289202 0.104218 0.22379
0 0.164555 0.570532 0.0271671 0.104719 0.223564
2 0.991922 0.231901 0.0154579 0.0578302 0.223398
0 0.778616 0.195205 0.0136105 0.0479835 0.217361
2 0.456708 0.297612 0.111738 0.0762413 0.216945
2 0.456067 0.298727 0.110603 0.0803339 0.216223
2 0.455617 0.298511 0.109177 0.0791155 0.214104
2 0.680876 0.259951 0.102579 0.0644646 0.209756
0 0.165471 0.57561 0.028536 0.095018 0.202862
2 0.0190328 0.261365 0.0380146 0.0531598 0.202586
0 0.755831 0.204456 0.0164685 0.0458642 0.202049
2 0.841002 0.154328 0.0543575 0.0273783 0.200037
2 0.179986 0.277184 0.0939238 0.0400221 0.199716
2 0.45621 0.299066 0.10998 0.0787661 0.195901
2 0.0724353 0.270328 0.0777882 0.0482825 0.194385
0 0.755611 0.206322 0.016871 0.0464105 0.185011
0 0.755951 0.203229 0.0171637 0.0454699 0.182334
0 0.0849151 0.569991 0.0336514 0.122639 0.177917
0 0.166082 0.573127 0.0293478 0.101523 0.173717
2 0.848278 0.252176 0.0941044 0.048705 0.166716
2 0.0500656 0.305573 0.100131 0.0472806 0.165217
2 0.992212 0.210813 0.0148399 0.0993148 0.164817
0 0.88853 0.173745 0.01924 0.0469744 0.159436
2 0.180949 0.274489 0.0964742 0.0448859 0.159263
2 0.068422 0.274222 0.0759739 0.0404068 0.157979
2 0.0502042 0.308241 0.100408 0.052958 0.155687
2 0.484885 0.230333 0.090749 0.0542585 0.150712
0 0.886152 0.173273 0.0218647 0.0482727 0.149172
0 0.776775 0.197367 0.0156096 0.0485903 0.145597
2 0.050999 0.307773 0.101998 0.052871 0.139417
2 0.843124 0.152364 0.0577824 0.0315204 0.138642
2 0.226474 0.24679 0.041553 0.040885 0.137066
0 0.886992 0.175837 0.0213036 0.0474887 0.136162
2 0.0180783 0.26618 0.0361566 0.0422258 0.13175
2 0.991556 0.225429 0.0163351 0.0728989 0.131358
2 0.0482591 0.302706 0.0965182 0.0414039 0.124227
2 0.0169759 0.267265 0.0338794 0.0401903 0.123718
0 0.16485 0.567765 0.0285959 0.0982957 0.119329
2 0.0197599 0.259332 0.0395198 0.0539745 0.118955
2 0.0712793 0.267106 0.0742396 0.050485 0.118712
0 0.772168 0.205528 0.0159786 0.0357193 0.11856
0 0.137393 0.589001 0.0274942 0.0706522 0.117897
2 0.9918 0.237071 0.0156258 0.0493384 0.11125
0 0.772803 0.204953 0.0155697 0.0349997 0.108845
2 0.227812 0.250408 0.0396145 0.0371215 0.10838
2 0.0669314 0.2724 0.0725125 0.0398707 0.107181
7 0.269868 0.696698 0.537216 0.214636 0.105244
2 0.216737 0.249668 0.0582703 0.0485688 0.105011
0 0.887125 0.174578 0.0183775 0.0457604 0.102858
2 0.920139 0.139328 0.0269135 0.0162873 0.102512
0 0.886396 0.168104 0.0223869 0.0482254 0.100908
2 0.0722369 0.268513 0.0798157 0.0464538 0.0996733
0 0.88881 0.176541 0.0182364 0.0423394 0.0994911
0 0.769676 0.203555 0.0118814 0.0374425 0.0992233
2 0.217735 0.248307 0.0589674 0.0496273 0.0953075
2 0.0507812 0.308664 0.101562 0.0525932 0.0948388
0 0.401402 0.21834 0.0142849 0.0398701 0.0946563
0 0.759399 0.206235 0.0185383 0.0424887 0.0941857
2 0.224867 0.250561 0.0440214 0.0364523 0.0931656
0 0.992299 0.208645 0.0146343 0.10404 0.0908833
0 0.161616 0.539955 0.0204548 0.0417299 0.0908701
7 0.270251 0.695117 0.538804 0.203507 0.0908548
0 0.163723 0.563202 0.0253164 0.0891319 0.0902863
0 0.400884 0.217944 0.0145948 0.039614 0.0882598
2 0.226172 0.248581 0.0412401 0.0413559 0.0881784
0 0.889263 0.17685 0.0188412 0.0440215 0.0844011
0 0.746146 0.199352 0.0124561 0.0347268 0.0836845
2 0.850303 0.250543 0.0898468 0.0458682 0.0831105
2 0.0473827 0.295343 0.0764797 0.026219 0.082726
2 0.0506556 0.301567 0.0999626 0.0401706 0.0795379
0 0.886983 0.175925 0.0191078 0.0513378 0.0762142
2 0.9064 0.141642 0.0547752 0.0214654 0.0746019
0 0.162276 0.542943 0.0224757 0.0476086 0.073598
0 0.162653 0.540395 0.0225904 0.0438705 0.0735211
2 0.0420707 0.296367 0.0734231 0.0286209 0.0733176
2 0.460081 0.28951 0.100954 0.0539834 0.072451
0 0.168551 0.598316 0.0259572 0.0941753 0.0722366
2 0.680314 0.257999 0.100608 0.0594481 0.0719395
2 0.841615 0.153194 0.0545666 0.0290415 0.071354
7 0.269713 0.695835 0.539427 0.213543 0.0713462
2 0.214096 0.249699 0.046483 0.049955 0.0709858
2 0.231978 0.249983 0.0329289 0.0328883 0.0643261
2 0.0429859 0.296784 0.0704566 0.0283531 0.0632431
2 0.0878829 0.267262 0.0541425 0.0412197 0.0629213
9 0.0935149 0.12497 0.0144321 0.0243496 0.0619876
2 0.0660051 0.27812 0.0722973 0.0377247 0.0604255
0 0.744076 0.206651 0.0164206 0.0399455 0.0603414
0 0.992848 0.197572 0.0136261 0.0743819 0.0587171
2 0.0566823 0.280797 0.0634856 0.0392655 0.0581366
2 0.903295 0.148645 0.0590103 0.0350213 0.0578185
0 0.0317625 0.144983 0.0114293 0.0322646 0.0575683
0 0.0850847 0.567206 0.0309466 0.123832 0.0563133
2 0.922016 0.138623 0.0253021 0.0172521 0.0556571
0 0.760577 0.202792 0.0179224 0.043821 0.055515
2 0.0474031 0.307259 0.0947562 0.0512514 0.0554622
7 0.270122 0.696989 0.539144 0.209326 0.0546607
2 0.991619 0.206352 0.0161865 0.110403 0.0539896
0 0.29633 0.247671 0.0215014 0.0322559 0.0537276
0 0.402924 0.218731 0.0140679 0.0391353 0.0519037
2 0.214763 0.2499 0.0577393 0.0515208 0.0516608
0 0.755705 0.200926 0.0162781 0.045334 0.0505852
0 0.399091 0.217674 0.0149694 0.0386431 0.0500287
2 0.84129 0.150908 0.0546452 0.0326822 0.0497191
2 0.179201 0.27287 0.0933424 0.0453437 0.0482084
2 0.683615 0.258673 0.106927 0.058945 0.0469583
2 0.818683 0.266627 0.0331173 0.0299481 0.0468308
0 0.744739 0.208559 0.0186317 0.0397153 0.0467786
2 0.902225 0.151914 0.0595139 0.0403268 0.0465834
0 0.963754 0.180399 0.0140156 0.0429958 0.0456424
2 0.0620565 0.280729 0.0769795 0.0442195 0.0451159
2 0.920217 0.139913 0.0306931 0.0200643 0.0449966
2 0.456283 0.291879 0.107229 0.0613376 0.0442859
0 0.991915 0.187877 0.0154552 0.0582872 0.0441027
0 0.209854 0.23689 0.0215235 0.0378927 0.0437388
0 0.165813 0.585258 0.0247839 0.0741465 0.0436074
2 0.207476 0.256381 0.0378019 0.0422647 0.0427711
0 0.398975 0.216091 0.016001 0.0368423 0.0414485
2 0.457686 0.298877 0.105786 0.0724467 0.0412581
2 0.0943158 0.264264 0.0429569 0.0423662 0.0408574
2 0.0444213 0.303108 0.0888426 0.0427753 0.0403323
2 0.234039 0.247719 0.0296952 0.0332974 0.0399521
5 0.437408 0.197769 0.155342 0.0616051 0.0398911
2 0.0501179 0.311649 0.0997538 0.0604865 0.0394107
5 0.439099 0.200041 0.14785 0.0641238 0.0393498
2 0.325284 0.233285 0.0835949 0.0630826 0.0393028
2 0.0502547 0.305663 0.0997908 0.0483691 0.0391298
2 0.227654 0.255935 0.0356166 0.0362725 0.0385443
2 0.903839 0.153755 0.0588064 0.0454481 0.0373543
0 0.169615 0.585929 0.0274012 0.0739725 0.0364692
2 0.0509035 0.308115 0.101807 0.0588607 0.0353421
0 0.743397 0.129667 0.0128025 0.0368266 0.0348656
0 0.99223 0.180201 0.01481 0.0571992 0.0347428
2 0.455776 0.302207 0.109874 0.0861241 0.034076
7 0.270167 0.697034 0.539999 0.212661 0.0334845
0 0.0860975 0.230601 0.0159092 0.0269114 0.0328869
2 0.0505696 0.308873 0.100329 0.0548576 0.0327773
2 0.209147 0.258956 0.0429959 0.0422304 0.0322402
2 0.903995 0.149038 0.0559942 0.0310806 0.0320004
0 0.224061 0.248199 0.0453339 0.0512548 0.0319444
0 0.778607 0.201089 0.0161923 0.0431355 0.0311647
0 0.790618 0.211092 0.0199955 0.0205229 0.031068
0 0.0317346 0.1455 0.0107605 0.0303487 0.0306985
1 0.791935 0.211862 0.0202088 0.0195364 0.0306657
0 0.783498 0.196331 0.0185735 0.0483089 0.0306554
0 0.886827 0.161705 0.0281422 0.0473968 0.0300585
2 0.462211 0.294733 0.0958928 0.0627369 0.029999
0 0.774805 0.198241 0.0230479 0.0500317 0.0295156
2 0.857962 0.251329 0.0747726 0.0461886 0.0293173
2 0.0662503 0.281288 0.058798 0.0335573 0.0290589
0 0.991433 0.204881 0.0164694 0.102344 0.0290099
0 0.179936 0.248917 0.0313393 0.0339337 0.0286814
2 0.463327 0.287264 0.0929981 0.049206 0.0285059
0 0.964576 0.175896 0.0166304 0.0503488 0.0282757
0 0.755355 0.210009 0.0175013 0.0478127 0.0281275
7 0.269954 0.695425 0.539907 0.21523 0.0280866
0 0.0159636 0.218367 0.0142259 0.0364689 0.0278474
5 0.43771 0.198551 0.157379 0.0617487 0.0275855
0 0.296124 0.249035 0.0201387 0.0295434 0.0270113
2 0.847622 0.25352 0.0892307 0.0537392 0.0268651
2 0.922919 0.137264 0.0251659 0.0201791 0.0262442
5 0.43395 0.198271 0.161048 0.0628532 0.0257957
0 0.0153896 0.218758 0.0178133 0.0369484 0.0257766
2 0.0738447 0.269834 0.076218 0.0447665 0.0254366
2 0.819218 0.268064 0.0338154 0.0314752 0.0253772
0 0.0314401 0.143605 0.0126567 0.0334647 0.0252861
0 0.993648 0.165978 0.012009 0.0629703 0.0247883
0 0.78516 0.204633 0.0212386 0.0342839 0.0246586
0 0.256197 0.211024 0.00944271 0.0244976 0.0242365
2 0.818584 0.267924 0.0337692 0.0311019 0.023859
0 0.848575 0.178948 0.0129585 0.0292096 0.0234214
1 0.737211 0.208618 0.0280571 0.034927 0.0232859
0 0.104424 0.181554 0.0129066 0.0272275 0.0232458
0 0.161269 0.538404 0.0188843 0.041834 0.0231155
9 0.795407 0.0241022 0.0324032 0.0390485 0.0227267
0 0.962277 0.17698 0.015801 0.0470331 0.0220656
2 0.203366 0.254889 0.0492936 0.0552383 0.0218576
0 0.296971 0.242616 0.0240809 0.0401985 0.0215368
7 0.269704 0.696767 0.539076 0.200101 0.0213616
9 0.0935516 0.125747 0.0167138 0.0262384 0.0211353
2 0.843996 0.153441 0.0547228 0.0308994 0.0211055
0 0.162393 0.539596 0.0206484 0.0449198 0.020719
2 0.90488 0.153372 0.05933 0.0452947 0.0204648
2 0.227379 0.246224 0.036378 0.0458701 0.0203394
0 0.785503 0.19842 0.0251019 0.0456836 0.0201618
2 0.484513 0.230652 0.0908119 0.0535497 0.0200512
1 0.736841 0.209294 0.029055 0.0345652 0.0199655
0 0.88656 0.162629 0.0282482 0.051459 0.0198242
2 0.454525 0.299637 0.107818 0.075366 0.019443
0 0.256372 0.214178 0.00977869 0.0288983 0.0193684
0 0.196429 0.235805 0.0158295 0.021418 0.0192467
9 0.564498 0.129658 0.0154057 0.0233404 0.0190741
0 0.399637 0.218118 0.0162182 0.0407978 0.0188843
