2 0.637042 0.252546 0.0495165 0.0572566 0.791285
2 0.0695903 0.625293 0.138381 0.175172 0.758171
2 0.069402 0.624643 0.138532 0.174535 0.746073
2 0.0694733 0.625137 0.1385 0.174973 0.738756
2 0.0691521 0.625458 0.138304 0.174141 0.732253
2 0.0692325 0.625158 0.138063 0.174854 0.724971
2 0.0694498 0.62522 0.1389 0.174767 0.719044
2 0.661573 0.196389 0.0365746 0.0419581 0.717481
2 0.637082 0.252734 0.0501688 0.0566947 0.717158
2 0.684513 0.154081 0.0297171 0.0308601 0.69049
2 0.637082 0.253081 0.0490776 0.05579 0.67552
2 0.661764 0.196496 0.0371002 0.0415827 0.674878
2 0.797792 0.216692 0.0385851 0.0467121 0.668609
2 0.684013 0.154865 0.0288769 0.0280188 0.668027
2 0.636859 0.252638 0.0494095 0.054582 0.656289
2 0.661724 0.19613 0.0374269 0.0419149 0.648194
2 0.660907 0.196068 0.0364496 0.0398399 0.643541
2 0.0699089 0.625426 0.13951 0.175684 0.638174
2 0.854462 0.216007 0.0306675 0.0282143 0.628977
2 0.661643 0.196571 0.036739 0.0412105 0.622619
2 0.669069 0.584913 0.119784 0.164657 0.621199
2 0.669765 0.58511 0.1196 0.16605 0.618748
2 0.661675 0.196619 0.0368816 0.0391598 0.61382
2 0.669994 0.585363 0.119367 0.165557 0.613794
2 0.0693981 0.624983 0.138486 0.175097 0.602658
2 0.68455 0.153752 0.0282246 0.0303284 0.602182
2 0.669754 0.585004 0.119812 0.164813 0.601087
2 0.684384 0.154217 0.0287521 0.0300586 0.597443
2 0.797058 0.216506 0.0375059 0.0476939 0.591214
2 0.669353 0.585443 0.119866 0.165185 0.581711
2 0.796575 0.216954 0.0375754 0.0477358 0.58165
2 0.835181 0.16843 0.0264767 0.0308485 0.581631
2 0.797399 0.21592 0.0389501 0.0480891 0.576558
2 0.729132 0.120458 0.0207868 0.0284093 0.575121
2 0.637703 0.252389 0.0494636 0.05655 0.57493
2 0.797013 0.21716 0.0369522 0.0473534 0.557731
2 0.79766 0.216203 0.037565 0.0470338 0.556353
2 0.637572 0.252268 0.0488375 0.0565244 0.556035
2 0.797255 0.215895 0.0384174 0.0472868 0.553158
2 0.0693158 0.624284 0.138448 0.176183 0.546408
2 0.669903 0.585472 0.119238 0.165248 0.544245
2 0.602081 0.185082 0.036528 0.0388574 0.54206
2 0.661414 0.196864 0.0365458 0.0417526 0.540731
2 0.83541 0.168264 0.0272917 0.0318753 0.53852
2 0.83514 0.169813 0.0268047 0.0307007 0.535631
2 0.797186 0.216552 0.0372478 0.0473413 0.527596
2 0.728597 0.120839 0.0206354 0.0276013 0.526374
2 0.661248 0.197235 0.0362991 0.0414868 0.525639
2 0.684649 0.154113 0.0294666 0.0307331 0.515449
2 0.855055 0.211537 0.0299057 0.0364697 0.501749
2 0.854941 0.209801 0.0305965 0.0399511 0.498303
2 0.602321 0.184709 0.0357922 0.0394486 0.493645
2 0.637109 0.251685 0.0502237 0.0561033 0.492104
2 0.602643 0.184515 0.0355673 0.0397536 0.48669
2 0.669527 0.584993 0.119673 0.164957 0.482989
2 0.66961 0.585463 0.119791 0.165002 0.480722
2 0.854398 0.215626 0.0305378 0.0291702 0.479303
2 0.602055 0.184825 0.0355724 0.039634 0.46156
2 0.855086 0.210242 0.0306301 0.0383864 0.458905
2 0.602163 0.185499 0.0365472 0.0392368 0.446818
2 0.83482 0.167106 0.0269629 0.0326388 0.434029
2 0.72958 0.176 0.0295588 0.0384965 0.432563
2 0.661479 0.196433 0.0382594 0.0420212 0.429194
2 0.669318 0.584578 0.119826 0.164363 0.421715
2 0.8349 0.169257 0.0274612 0.0319218 0.419613
2 0.835113 0.167768 0.0271488 0.032383 0.418691
2 0.730319 0.174733 0.0317295 0.0379863 0.418541
2 0.855154 0.205674 0.0309942 0.0479371 0.415273
2 0.730355 0.174604 0.0305904 0.0374027 0.404711
2 0.601901 0.184962 0.0369178 0.0385382 0.394387
2 0.602986 0.184873 0.0364252 0.040236 0.393011
2 0.453871 0.284688 0.0604491 0.08187 0.382837
2 0.729536 0.174475 0.0299189 0.0398225 0.380146
2 0.729311 0.175641 0.0286316 0.0382091 0.376998
2 0.637163 0.253343 0.0495768 0.055659 0.374241
2 0.729723 0.17497 0.031069 0.0387887 0.358555
2 0.454366 0.285529 0.0597839 0.078602 0.354781
2 0.636604 0.25261 0.049605 0.0558834 0.352338
2 0.601357 0.185653 0.0372889 0.0397857 0.352292
2 0.450746 0.284383 0.0661274 0.08243 0.351261
2 0.797489 0.217 0.0383235 0.045947 0.336077
2 0.870421 0.327117 0.0512417 0.0942762 0.335271
2 0.797107 0.216762 0.0374714 0.0467157 0.335073
2 0.766643 0.11597 0.0207253 0.0236888 0.326657
2 0.637097 0.252449 0.0506802 0.0560982 0.314249
2 0.870722 0.326551 0.050951 0.0943662 0.309785
2 0.0696095 0.625342 0.138974 0.175179 0.309109
2 0.782126 0.131375 0.0272211 0.0369283 0.306146
2 0.855352 0.206161 0.0321501 0.048104 0.306004
2 0.684171 0.15448 0.0291798 0.0316865 0.30063
2 0.60271 0.184919 0.0370071 0.040054 0.300123
2 0.661248 0.19659 0.0378293 0.0425804 0.300041
2 0.878629 0.113576 0.0169422 0.0191184 0.298476
2 0.870939 0.326651 0.0518475 0.0946184 0.298276
2 0.728023 0.121669 0.0222203 0.0283587 0.29809
2 0.450855 0.284268 0.0662933 0.0817516 0.297513
2 0.731114 0.174456 0.0328564 0.0398915 0.293956
2 0.871033 0.326447 0.0511892 0.0944418 0.293829
7 0.870439 0.327594 0.0523174 0.0944062 0.281691
2 0.76462 0.114466 0.0209334 0.0260496 0.279878
2 0.0770333 0.096753 0.0860236 0.0329797 0.278053
7 0.870102 0.32739 0.0513058 0.0940937 0.275879
2 0.855847 0.205392 0.0326942 0.0487549 0.275012
2 0.0828402 0.095854 0.0749885 0.03155 0.272733
2 0.781965 0.130531 0.0269299 0.0381169 0.272207
7 0.870828 0.327338 0.0506603 0.0931259 0.271475
2 0.453713 0.284687 0.0603043 0.0822442 0.270462
2 0.796831 0.21833 0.0379137 0.0450582 0.263022
7 0.97094 0.348969 0.0488836 0.0751812 0.260842
7 0.870411 0.327771 0.0498831 0.093611 0.260628
2 0.854804 0.206304 0.0310013 0.0450367 0.256513
2 0.444699 0.283301 0.0773497 0.0808887 0.254482
2 0.601959 0.184527 0.0365125 0.0396797 0.252837
2 0.731241 0.174896 0.0324623 0.0392634 0.246047
2 0.637397 0.253044 0.0497341 0.0557421 0.242019
2 0.83537 0.168621 0.0243229 0.0324056 0.240908
2 0.332254 0.056438 0.0425059 0.020465 0.239038
2 0.763483 0.115937 0.0188006 0.0240215 0.238256
2 0.728006 0.120864 0.0225238 0.0291738 0.237221
2 0.878875 0.112837 0.0171535 0.0201556 0.23411
2 0.446932 0.283935 0.073586 0.0819719 0.232042
2 0.683862 0.154521 0.0302588 0.0310961 0.231209
2 0.445221 0.283891 0.0764159 0.0812841 0.230672
7 0.970814 0.348811 0.0490376 0.0757042 0.229982
2 0.729585 0.120452 0.023698 0.0288892 0.219703
2 0.763883 0.116384 0.0184696 0.0239122 0.218367
2 0.682853 0.154064 0.0327162 0.0307765 0.205577
2 0.44301 0.278587 0.0778063 0.0688425 0.188613
2 0.87051 0.325872 0.0514292 0.0956602 0.177676
2 0.332835 0.0565688 0.0439791 0.0210321 0.175451
7 0.969308 0.348518 0.0496643 0.0741405 0.173507
2 0.728391 0.177358 0.0294045 0.0402829 0.172024
2 0.72637 0.18266 0.0245344 0.0306958 0.170697
2 0.832827 0.0789677 0.0284634 0.0217916 0.170406
7 0.972379 0.349084 0.0542892 0.0772976 0.170175
2 0.855452 0.205804 0.030286 0.0461494 0.169509
2 0.764357 0.114644 0.0213268 0.0258491 0.168653
2 0.0845154 0.095118 0.0714829 0.0304288 0.165339
2 0.637646 0.252213 0.0480881 0.0549917 0.164843
2 0.729703 0.119749 0.0213392 0.0297102 0.160125
2 0.870044 0.327021 0.0509109 0.0943084 0.157552
2 0.870335 0.32584 0.0509571 0.0951246 0.154581
2 0.454335 0.288242 0.0580204 0.0736324 0.152114
7 0.972177 0.348838 0.0546047 0.0771069 0.147579
2 0.332467 0.056051 0.0432621 0.0217449 0.14491
2 0.0713723 0.0996013 0.0990204 0.0394329 0.143822
5 0.969827 0.34815 0.0485233 0.0745497 0.142159
7 0.870211 0.32811 0.0510506 0.0920556 0.129301
2 0.271607 0.0668818 0.0281643 0.0149818 0.129109
2 0.730272 0.173493 0.0323007 0.0383015 0.128193
7 0.970051 0.34805 0.0477978 0.0750523 0.127644
2 0.730636 0.173602 0.0334164 0.037887 0.126076
2 0.854935 0.214226 0.03277 0.0326734 0.125039
2 0.0688522 0.101612 0.104479 0.0458644 0.11555
2 0.0785201 0.0978649 0.0844039 0.0354484 0.102579
2 0.782831 0.131558 0.0299494 0.0348109 0.102459
2 0.603835 0.184921 0.035545 0.0402702 0.101993
2 0.443255 0.279543 0.0783449 0.0726058 0.0999142
2 0.6372 0.251775 0.0490987 0.0556174 0.0986738
2 0.454007 0.286526 0.0590408 0.0775555 0.0983308
2 0.938854 0.114785 0.0212875 0.0348835 0.0981813
2 0.938539 0.117259 0.0197371 0.0312619 0.0965667
2 0.965256 0.132586 0.0219414 0.0287729 0.0955397
2 0.782658 0.131753 0.0284538 0.0348742 0.0952739
2 0.454439 0.291482 0.0572515 0.066781 0.0948274
2 0.782362 0.131915 0.0268129 0.0333038 0.0943799
2 0.800123 0.0986346 0.0183681 0.0215146 0.0942914
7 0.971098 0.347696 0.0488638 0.0745358 0.0937935
9 0.965239 0.132692 0.0198641 0.0279707 0.0936436
2 0.060511 0.106064 0.120413 0.0535681 0.0930447
2 0.938721 0.115205 0.0211697 0.0340753 0.0929173
2 0.0789343 0.0947117 0.0835179 0.031155 0.090761
2 0.79956 0.0996718 0.0183249 0.021357 0.0900018
2 0.083213 0.0924799 0.0719028 0.0271794 0.0883562
2 0.939006 0.118016 0.0209421 0.0297673 0.0881898
2 0.965677 0.132237 0.0190125 0.0281592 0.0872735
2 0.939435 0.11298 0.0217386 0.0385104 0.0828708
2 0.965193 0.132419 0.0221977 0.0300125 0.0825826
7 0.969579 0.348532 0.0485662 0.0738852 0.0820552
7 0.970726 0.348105 0.0489052 0.0745081 0.0793767
2 0.0750467 0.0971375 0.08442 0.0340936 0.0756926
2 0.452712 0.284356 0.0607744 0.0824498 0.0748858
2 0.060384 0.106806 0.120272 0.0534101 0.0709973
2 0.271668 0.0668697 0.0273732 0.0147561 0.0684924
2 0.0653569 0.101332 0.107333 0.0431681 0.066995
2 0.684617 0.151601 0.030467 0.0347356 0.0667095
2 0.939876 0.109538 0.0224899 0.0449017 0.0650724
2 0.834595 0.0779586 0.0322479 0.0239598 0.0640707
2 0.084976 0.0978458 0.0719879 0.0351517 0.0634722
2 0.445239 0.280289 0.0768057 0.0766931 0.0623529
2 0.781126 0.13209 0.0238864 0.035297 0.0620671
2 0.010422 0.102199 0.0207869 0.0306168 0.0596165
2 0.0606372 0.102872 0.118424 0.0484369 0.0564896
2 0.79773 0.0990453 0.0231969 0.0245369 0.0561021
2 0.871192 0.327065 0.0504498 0.0935103 0.0554281
2 0.441822 0.276662 0.0753442 0.0561 0.0532552
7 0.0593981 0.0785146 0.118433 0.0949756 0.0531896
2 0.798835 0.101426 0.0189674 0.0208808 0.0522015
7 0.962569 0.348754 0.0642975 0.0766937 0.0488509
79 0.890145 0.972951 0.019693 0.0527313 0.0482243
0 0.381854 0.0346503 0.0189105 0.0393563 0.0473724
7 0.0597587 0.0785849 0.118928 0.0975328 0.0463407
2 0.834217 0.0787534 0.0304749 0.0238192 0.0461671
2 0.828821 0.0792822 0.0233868 0.0213317 0.0454517
7 0.939307 0.112373 0.0226089 0.0397056 0.0428317
2 0.431375 0.278193 0.0531674 0.0507882 0.0419861
7 0.0605567 0.0784266 0.120874 0.0964909 0.0419711
2 0.0600839 0.106846 0.119971 0.0531674 0.0418423
2 0.160526 0.0859448 0.0499373 0.0137033 0.0406205
6 0.0589752 0.0816143 0.11795 0.105937 0.0403732
2 0.965911 0.132653 0.020281 0.0285628 0.0399048
2 0.636792 0.251686 0.0491807 0.056517 0.0375851
0 0.534253 0.0249382 0.0193396 0.0243721 0.0373032
7 0.0604671 0.0801851 0.120666 0.099175 0.0364903
2 0.797972 0.211234 0.0372392 0.0413071 0.0353505
2 0.010263 0.102214 0.0204772 0.0309117 0.034653
2 0.877118 0.113979 0.0220947 0.0211806 0.0341855
2 0.661456 0.196258 0.0389572 0.0401189 0.0335085
79 0.89017 0.972992 0.0205071 0.0533798 0.0329691
7 0.0444843 0.0781795 0.0887963 0.0919698 0.032143
2 0.0891897 0.0975148 0.06542 0.0361014 0.0317817
2 0.682973 0.154214 0.0319136 0.0317015 0.0316031
2 0.727874 0.120137 0.0219412 0.0304929 0.031432
2 0.965611 0.131198 0.0198627 0.030428 0.0313991
0 0.389095 0.0344913 0.0193819 0.037653 0.0312812
2 0.0631194 0.104495 0.114429 0.0512216 0.0301729
0 0.0638598 0.0556828 0.0261141 0.0524518 0.030166
5 0.940217 0.0981078 0.0207275 0.0287028 0.0292578
0 0.380938 0.0349842 0.0215434 0.040642 0.0289122
0 0.0656796 0.0557115 0.0279784 0.0570122 0.0288577
79 0.890371 0.973426 0.0191313 0.0521038 0.0282866
79 0.888757 0.972584 0.0232288 0.0530487 0.0282075
2 0.164233 0.0851811 0.0433332 0.0134541 0.0280196
5 0.940703 0.107106 0.0245316 0.050078 0.0277697
2 0.854545 0.21777 0.0304365 0.0284952 0.0275456
2 0.156222 0.0872099 0.0626574 0.0171167 0.0273225
6 0.0591161 0.0806307 0.117768 0.108663 0.0272924
2 0.0601457 0.102409 0.119435 0.0545554 0.0266349
0 0.0616155 0.0713244 0.0374533 0.0819401 0.0258091
0 0.0643445 0.0545741 0.0255556 0.0517797 0.0247354
2 0.059758 0.106132 0.119516 0.0546662 0.0245785
2 0.4223 0.285954 0.0343591 0.036727 0.0233584
6 0.0596188 0.0816779 0.119238 0.109962 0.0231631
2 0.578974 0.0340148 0.0415709 0.016257 0.0228757
0 0.0661878 0.0571028 0.0276455 0.0555341 0.0225768
2 0.0741985 0.0953492 0.0912819 0.0323007 0.022274
0 0.0374707 0.0958469 0.0266394 0.0349659 0.0222329
0 0.534401 0.0256542 0.0187767 0.0213492 0.0220188
7 0.939721 0.108137 0.0228691 0.0475792 0.0207864
2 0.599556 0.184461 0.0423536 0.0394923 0.0207062
2 0.330435 0.0585169 0.0480114 0.021205 0.0206776
2 0.20582 0.0811299 0.0222572 0.00692349 0.0205583
2 0.266051 0.0685018 0.0375988 0.0165437 0.0203119
2 0.442002 0.274748 0.0775199 0.0591058 0.0195756
7 0.402374 0.028633 0.110356 0.0572659 0.0190724
2 0.775251 0.114903 0.0402632 0.0298972 0.0189539
0 0.0112127 0.103152 0.0222215 0.0342328 0.0188876
2 0.966964 0.0960085 0.0157965 0.0188726 0.0187219
0 0.0662014 0.0558206 0.0295763 0.0597442 0.0185858
0 0.395727 0.0419244 0.0151831 0.0243754 0.018101
7 0.962453 0.34858 0.0642845 0.0764658 0.0179962
0 0.534748 0.0244857 0.0213171 0.0258388 0.0177934
7 0.392354 0.0298429 0.128862 0.0596858 0.017529
2 0.331082 0.0581819 0.0564047 0.0265546 0.0174718
2 0.330442 0.0581443 0.049806 0.0246142 0.0174066
0 0.0349792 0.097007 0.0268358 0.0358859 0.0173709
2 0.921467 0.0682845 0.0204283 0.0222203 0.0170181
2 0.0598641 0.106726 0.119486 0.0513624 0.0169607
79 0.888757 0.973484 0.022681 0.0521606 0.0168413
2 0.669107 0.584745 0.118952 0.163498 0.016753
2 0.88244 0.111911 0.0197006 0.0204701 0.0162052
2 0.59173 0.031754 0.017385 0.011041 0.0161421
0 0.00943572 0.093584 0.0188202 0.0479614 0.0159812
7 0.0426237 0.070781 0.0846012 0.0759803 0.015483
2 0.797288 0.215592 0.0383631 0.0465952 0.0153292
0 0.0427071 0.0936005 0.0359919 0.0388987 0.0151554
2 0.164435 0.0890167 0.0876712 0.0254208 0.0149522
2 0.0682844 0.102679 0.105167 0.0463848 0.0148486
2 0.155405 0.0869471 0.0596092 0.0181511 0.0147856
7 0.0394868 0.0740804 0.0787306 0.0851215 0.0146672
2 0.782074 0.127843 0.0276958 0.0396056 0.0145096
2 0.434841 0.275693 0.0630085 0.0546746 0.0143893
2 0.0665057 0.0992606 0.103847 0.040772 0.0143417
0 0.382457 0.0343825 0.0262562 0.0428005 0.0140891
2 0.441659 0.040375 0.0207576 0.0180836 0.0134858
79 0.889952 0.973301 0.0195969 0.0526762 0.0134106
0 0.0455431 0.0959817 0.0428318 0.0351232 0.0131367
2 0.245938 0.069746 0.0166512 0.0140516 0.0131021
2 0.329581 0.0587632 0.0566154 0.025962 0.0130521
7 0.388089 0.0291757 0.136071 0.0583481 0.0129108
7 0.403573 0.0281326 0.106003 0.0561312 0.0127774
2 0.430275 0.279575 0.0510868 0.0494579 0.0127308
2 0.580753 0.0331064 0.0388662 0.0129006 0.0126831
0 0.358121 0.0347661 0.0186998 0.0452761 0.0125774
0 0.0114029 0.101606 0.0223594 0.0316871 0.0125516
2 0.156083 0.0910003 0.0735056 0.0235908 0.0124282
7 0.383924 0.0304381 0.145852 0.0608762 0.0124133
2 0.1782 0.0848228 0.0774236 0.0145831 0.0123384
2 0.598528 0.184239 0.0433644 0.040567 0.0121934
6 0.232263 0.0767981 0.462307 0.130192 0.012052
