2 0.873057 0.393286 0.117536 0.10864 0.77228
2 0.742199 0.407512 0.10721 0.10162 0.770956
2 0.87283 0.393193 0.116727 0.108066 0.763746
2 0.872933 0.394027 0.117354 0.108684 0.758887
2 0.872833 0.393281 0.116771 0.107963 0.755741
2 0.872672 0.39395 0.116484 0.108507 0.74134
2 0.742436 0.407024 0.107929 0.101152 0.739012
2 0.742359 0.407463 0.10812 0.101057 0.739
2 0.377636 0.348789 0.0705266 0.0715014 0.733028
2 0.742257 0.407568 0.106596 0.101612 0.719938
2 0.742423 0.407588 0.107828 0.100929 0.709773
2 0.377849 0.348632 0.070313 0.0723014 0.70891
2 0.377547 0.348537 0.0707315 0.0718171 0.704093
2 0.872856 0.393048 0.117454 0.108949 0.70029
2 0.377473 0.34868 0.0696189 0.0703761 0.699764
2 0.872895 0.393599 0.117219 0.109649 0.698207
2 0.742812 0.407255 0.107203 0.101045 0.697601
2 0.377571 0.348768 0.0697033 0.0719427 0.684675
2 0.872993 0.392931 0.117728 0.109755 0.679138
2 0.742329 0.407604 0.106985 0.100831 0.670688
2 0.872873 0.393756 0.117861 0.109651 0.669384
2 0.392644 0.45115 0.0644148 0.0990459 0.666531
2 0.39268 0.451615 0.0645275 0.0995891 0.662694
2 0.742402 0.407507 0.107389 0.101464 0.661513
2 0.962809 0.488634 0.0732647 0.137025 0.65814
2 0.392546 0.4514 0.0644379 0.0992301 0.653695
2 0.392501 0.451416 0.0643677 0.099857 0.643789
2 0.962733 0.488252 0.0735003 0.137685 0.643773
2 0.524914 0.291845 0.0649502 0.0662976 0.642012
2 0.525545 0.291284 0.0652885 0.0659497 0.641164
2 0.963125 0.488578 0.0726662 0.13761 0.635709
2 0.469112 0.218745 0.0369086 0.0458543 0.626884
2 0.377601 0.348565 0.0696908 0.0705236 0.626063
2 0.963055 0.488785 0.0726913 0.13784 0.620169
2 0.742185 0.407721 0.107018 0.100865 0.61837
2 0.648508 0.322662 0.0805583 0.0851511 0.614128
2 0.648223 0.322561 0.0797319 0.0832225 0.610297
2 0.982554 0.21514 0.0341606 0.0413275 0.608998
2 0.392923 0.451479 0.0636992 0.0999247 0.606788
2 0.377651 0.348534 0.0706275 0.0694016 0.598704
2 0.27487 0.553724 0.0723371 0.134816 0.595191
2 0.872478 0.394425 0.116548 0.106498 0.594292
2 0.392831 0.450959 0.0643849 0.0999133 0.591499
2 0.524768 0.291358 0.0634094 0.0677207 0.578342
2 0.982736 0.215915 0.0337696 0.0403953 0.57395
2 0.966253 0.183826 0.0607132 0.0455849 0.568839
2 0.741938 0.407531 0.106428 0.101618 0.568817
2 0.962813 0.488137 0.0732882 0.137503 0.565798
2 0.648237 0.322772 0.0800015 0.0833413 0.565263
2 0.963009 0.488319 0.0734581 0.138268 0.557916
2 0.339854 0.280944 0.0406747 0.0599854 0.55134
2 0.59721 0.253822 0.0573833 0.0642445 0.550074
0 0.576002 0.377768 0.0301107 0.064126 0.547439
0 0.0410025 0.360818 0.0215328 0.0626044 0.54541
2 0.525034 0.291826 0.064857 0.0658111 0.541144
2 0.648362 0.322011 0.0797544 0.0835118 0.539521
2 0.962822 0.488453 0.0738602 0.137717 0.536296
2 0.274906 0.553804 0.0721768 0.13469 0.532244
3 0.152024 0.422047 0.0529056 0.0512454 0.532134
2 0.742469 0.408092 0.106537 0.0990873 0.528693
0 0.0413605 0.358091 0.0202085 0.0572182 0.522267
2 0.962744 0.488515 0.0739826 0.136938 0.521847
2 0.982621 0.215372 0.033991 0.0415154 0.516808
2 0.275027 0.553233 0.0721897 0.134199 0.515912
2 0.37772 0.349343 0.0696052 0.0696339 0.514136
2 0.377707 0.348556 0.0689206 0.0706564 0.513681
2 0.648826 0.322435 0.0800915 0.0828923 0.505653
0 0.576353 0.377613 0.0285915 0.0636511 0.504963
2 0.967122 0.184094 0.0578302 0.044913 0.501837
2 0.275106 0.553826 0.0730327 0.13442 0.501221
2 0.648609 0.322166 0.0797251 0.0830324 0.498142
2 0.274884 0.553731 0.0728189 0.134524 0.49509
2 0.966442 0.183769 0.0610317 0.0438204 0.486044
2 0.525394 0.291094 0.0653526 0.0646547 0.483103
2 0.391692 0.451381 0.0635448 0.0987074 0.479929
2 0.966452 0.183841 0.0586563 0.0449003 0.479794
0 0.040662 0.361889 0.0239301 0.0661768 0.475954
2 0.468712 0.219443 0.0372688 0.0469576 0.474024
2 0.982777 0.215818 0.0335636 0.0390165 0.473024
2 0.648346 0.322287 0.0802707 0.0849838 0.468114
2 0.339998 0.281234 0.0414569 0.0602835 0.466403
2 0.274972 0.553277 0.0720511 0.134334 0.464739
2 0.339578 0.280976 0.040819 0.0598904 0.464113
2 0.525374 0.291444 0.0646423 0.0667108 0.451394
2 0.967027 0.183915 0.0581703 0.0447696 0.446483
2 0.98284 0.217014 0.0336863 0.0446723 0.446144
2 0.597428 0.253446 0.0576229 0.0645194 0.442868
2 0.597354 0.253382 0.0575249 0.0645009 0.44286
2 0.982627 0.216503 0.03367 0.0383353 0.442556
0 0.576836 0.376392 0.0277414 0.0616533 0.441819
0 0.0406034 0.361893 0.0224633 0.066639 0.441314
2 0.339527 0.281468 0.0404472 0.0599745 0.434508
2 0.966968 0.183963 0.0605484 0.0450532 0.432518
2 0.597343 0.254139 0.0561662 0.0633137 0.430592
2 0.339739 0.281067 0.0417221 0.0602469 0.430233
2 0.597264 0.254272 0.0577242 0.0646487 0.42669
0 0.576414 0.377966 0.0288446 0.0638783 0.422751
2 0.469536 0.219543 0.0363411 0.0449382 0.421479
3 0.153422 0.420922 0.0548184 0.0531905 0.418478
0 0.575091 0.378872 0.0311556 0.0653899 0.418178
2 0.468061 0.21993 0.0363062 0.0460468 0.413518
3 0.151889 0.421132 0.0516391 0.0529087 0.412979
2 0.340152 0.28116 0.0397073 0.060632 0.407881
0 0.778572 0.562938 0.0398121 0.0888613 0.406387
2 0.962888 0.48843 0.0737604 0.137799 0.405999
2 0.524713 0.291517 0.0645487 0.0657421 0.402691
2 0.273611 0.283393 0.0411288 0.0562396 0.400496
2 0.391865 0.45125 0.065136 0.0997919 0.397522
2 0.52513 0.291428 0.0646627 0.0659665 0.397042
2 0.468377 0.219193 0.0369484 0.0470899 0.394673
2 0.962946 0.488194 0.0729591 0.138028 0.392772
0 0.0407998 0.361093 0.0228649 0.0660876 0.386034
2 0.597673 0.253841 0.056123 0.0638917 0.382273
2 0.275025 0.553178 0.0722207 0.134522 0.374794
2 0.468435 0.219728 0.0368948 0.0463361 0.374358
0 0.0408096 0.35638 0.0211335 0.054143 0.374023
2 0.563724 0.282758 0.0474966 0.0418825 0.370833
3 0.154574 0.420261 0.0530174 0.0557974 0.366482
2 0.524911 0.291459 0.0656446 0.0650091 0.365611
0 0.576359 0.375798 0.0286501 0.0610504 0.363046
2 0.275088 0.553222 0.072676 0.134145 0.361591
3 0.153994 0.418754 0.053546 0.0568253 0.357339
2 0.273667 0.283567 0.0407302 0.0565902 0.3548
2 0.339941 0.280163 0.0417706 0.0607063 0.34916
2 0.345689 0.196756 0.0328599 0.0400388 0.348438
2 0.648246 0.32257 0.0786108 0.0808629 0.347663
2 0.597535 0.253903 0.0565308 0.063011 0.347318
0 0.645306 0.431707 0.0366401 0.0771192 0.34153
2 0.59748 0.25341 0.0564775 0.0633501 0.340102
0 0.162794 0.386066 0.0265248 0.0469598 0.340068
2 0.273587 0.283817 0.0404326 0.0558921 0.339575
2 0.468889 0.218722 0.0386442 0.0470236 0.336135
2 0.982536 0.215887 0.0343803 0.0424547 0.334711
0 0.0394965 0.359226 0.0233867 0.0618011 0.334384
0 0.645143 0.431389 0.036656 0.0772861 0.333732
0 0.0398714 0.361745 0.0252852 0.067756 0.332815
0 0.777387 0.563711 0.0378916 0.0886767 0.327445
3 0.153161 0.42189 0.0524014 0.0524712 0.326829
2 0.468395 0.220011 0.0377447 0.0465663 0.326558
2 0.55833 0.280834 0.0575239 0.0452728 0.326222
0 0.163334 0.387548 0.0258982 0.0443303 0.324754
2 0.967298 0.184594 0.0591854 0.0435167 0.323693
2 0.561267 0.283464 0.0502594 0.0401968 0.320804
2 0.339259 0.280531 0.0416127 0.0602481 0.317523
2 0.558522 0.2733 0.0588432 0.0586636 0.316649
2 0.34559 0.196332 0.0338042 0.040034 0.316335
2 0.648029 0.322122 0.0799263 0.0802315 0.315653
2 0.965096 0.183363 0.0600052 0.0441197 0.315115
2 0.339866 0.281081 0.0423379 0.0608151 0.302507
2 0.273632 0.283714 0.0411665 0.056622 0.299426
2 0.275015 0.553264 0.0722049 0.134358 0.297656
0 0.64522 0.425029 0.0363981 0.0637776 0.296387
2 0.391937 0.451794 0.0654295 0.0999685 0.295947
2 0.468748 0.219402 0.0380983 0.046385 0.293828
3 0.153739 0.421474 0.0547071 0.0532997 0.287589
3 0.78031 0.59433 0.0452243 0.0665991 0.284608
0 0.780287 0.56492 0.0301701 0.0916271 0.27867
3 0.14917 0.424282 0.0452509 0.048155 0.267457
0 0.645336 0.420442 0.0363579 0.055129 0.266781
2 0.661963 0.144088 0.0310098 0.0300251 0.262369
7 0.761651 0.149503 0.0646361 0.0595496 0.26233
0 0.782349 0.564535 0.0325478 0.0920703 0.262167
3 0.775613 0.589613 0.0548042 0.0771631 0.260905
0 0.439454 0.334157 0.0215715 0.0741759 0.260037
0 0.645549 0.42471 0.036627 0.0628396 0.259574
3 0.775572 0.592335 0.0548079 0.0717209 0.258524
2 0.978489 0.315628 0.0423904 0.0973683 0.258255
2 0.978347 0.322512 0.0425377 0.0871698 0.257763
2 0.34522 0.196219 0.0336006 0.0398238 0.255596
3 0.147837 0.424745 0.042244 0.0467968 0.254721
3 0.783881 0.600468 0.0380825 0.0564405 0.253996
0 0.162988 0.388122 0.0275514 0.0493821 0.25276
0 0.16438 0.391095 0.0251165 0.041486 0.251814
0 0.0403193 0.357595 0.0237082 0.0573088 0.248269
2 0.563671 0.283685 0.0468493 0.0390939 0.247513
0 0.402521 0.306564 0.017428 0.0487692 0.246192
2 0.518445 0.214574 0.0341341 0.0475693 0.243612
2 0.518718 0.214527 0.0347239 0.0479251 0.243391
3 0.774992 0.588935 0.0547702 0.072365 0.242109
3 0.774686 0.589776 0.0555149 0.0736995 0.241556
7 0.760839 0.151456 0.063086 0.0559366 0.239863
7 0.760476 0.154648 0.061956 0.0489555 0.238682
3 0.775295 0.592338 0.0565331 0.075268 0.238493
7 0.289167 0.398339 0.053305 0.0823266 0.237527
3 0.153265 0.420667 0.0529982 0.0547261 0.235803
0 0.438054 0.328785 0.0235071 0.0835884 0.235694
2 0.392987 0.451703 0.0649513 0.0989812 0.235513
2 0.558163 0.273329 0.0581146 0.0583796 0.234072
2 0.519556 0.21568 0.0331763 0.0483262 0.232656
3 0.77881 0.59604 0.0483343 0.0652113 0.23043
2 0.978519 0.331915 0.0420963 0.0751503 0.229811
3 0.778683 0.592478 0.0492505 0.068518 0.229106
2 0.597549 0.254639 0.0565046 0.0635144 0.22909
3 0.571425 0.395393 0.0273315 0.0395228 0.226134
3 0.15431 0.41997 0.0529381 0.0537859 0.225591
7 0.761081 0.148111 0.0639212 0.0616629 0.225206
2 0.345534 0.196399 0.0318658 0.040314 0.223804
2 0.977856 0.321495 0.0436497 0.0881901 0.222841
2 0.345025 0.195543 0.0345623 0.0420194 0.22244
2 0.518618 0.21496 0.03417 0.0483958 0.221284
0 0.775348 0.563161 0.0442353 0.0876694 0.220506
0 0.576631 0.378189 0.0305395 0.0648765 0.219144
2 0.965107 0.183004 0.0615479 0.0442536 0.218247
2 0.28899 0.398198 0.0533224 0.0825608 0.217598
2 0.760444 0.155627 0.0615988 0.047311 0.216346
2 0.978107 0.312817 0.0426899 0.11555 0.213874
0 0.0395164 0.36286 0.0236448 0.0667439 0.212409
2 0.662393 0.144486 0.0308824 0.0292185 0.211365
0 0.402721 0.307392 0.0188328 0.0496105 0.20727
2 0.649108 0.323166 0.0802891 0.0839005 0.20673
0 0.645382 0.43215 0.0362353 0.0802215 0.205274
0 0.439208 0.336429 0.0211472 0.0707613 0.203843
0 0.263621 0.209126 0.0196708 0.0372561 0.201352
0 0.437593 0.323989 0.0212154 0.0796112 0.198685
9 0.621775 0.0532529 0.0137203 0.0186468 0.198304
2 0.557388 0.272102 0.0573446 0.0562943 0.198121
0 0.645231 0.432207 0.0362276 0.0796704 0.197689
7 0.760968 0.152129 0.0631572 0.0551357 0.197047
2 0.34569 0.196217 0.0340534 0.0402089 0.197008
0 0.16127 0.384477 0.023773 0.0429779 0.19692
2 0.978273 0.328861 0.0419815 0.0708428 0.196629
2 0.289113 0.398475 0.053381 0.0824322 0.193951
2 0.662942 0.143993 0.0324259 0.030143 0.193879
0 0.645383 0.42039 0.0368215 0.0547135 0.193511
2 0.55866 0.2752 0.0565378 0.0574183 0.192968
0 0.306245 0.198568 0.0127909 0.0362847 0.19155
11 0.212096 0.994722 0.0740346 0.0096508 0.190615
7 0.760932 0.155609 0.0641068 0.0474894 0.190204
0 0.437808 0.326154 0.0246307 0.0861016 0.19003
0 0.782378 0.583057 0.04001 0.0742791 0.189946
0 0.440585 0.333966 0.0220811 0.0753815 0.189809
2 0.64856 0.322719 0.0788553 0.0804181 0.187673
2 0.978896 0.329788 0.041642 0.0864929 0.187057
0 0.646043 0.43202 0.0365755 0.0780784 0.185485
3 0.574417 0.394469 0.031283 0.0422103 0.185247
2 0.648007 0.321945 0.0783524 0.0807128 0.182809
2 0.445875 0.184857 0.0331957 0.0386785 0.18119
9 0.907139 0.0825636 0.0119436 0.028766 0.180846
2 0.597322 0.254317 0.0573833 0.0629636 0.179862
2 0.39793 0.158163 0.026298 0.0306285 0.176853
0 0.437245 0.322879 0.0231001 0.0818506 0.175403
2 0.446489 0.185381 0.0289232 0.0366975 0.175317
0 0.576789 0.379731 0.0317186 0.0664848 0.173868
3 0.775911 0.59242 0.0558389 0.0736902 0.172817
2 0.662764 0.142617 0.0326355 0.0321708 0.170625
2 0.517742 0.215085 0.0353954 0.0466301 0.169907
2 0.468847 0.219126 0.038393 0.0463265 0.169704
2 0.978462 0.310227 0.0425169 0.121779 0.169064
2 0.518129 0.215375 0.0352524 0.0468614 0.168052
2 0.962837 0.488619 0.0733315 0.137708 0.168
2 0.662653 0.142489 0.0321004 0.0321474 0.167635
2 0.978232 0.305581 0.0424274 0.128105 0.167196
2 0.289213 0.398433 0.0532484 0.0827874 0.166805
2 0.559864 0.277772 0.0560017 0.0483773 0.166054
0 0.782302 0.56395 0.0287717 0.0898884 0.165577
2 0.563076 0.283405 0.0486778 0.0395157 0.16504
0 0.434372 0.311617 0.0191346 0.062347 0.164595
2 0.760824 0.155527 0.061018 0.0475072 0.164432
2 0.558437 0.27393 0.0596658 0.0609937 0.162811
2 0.519034 0.215656 0.0325087 0.0465797 0.162745
0 0.645819 0.433287 0.0368881 0.0813967 0.161219
0 0.436318 0.318313 0.0227839 0.0738109 0.160475
2 0.661706 0.145452 0.0293316 0.029627 0.160287
0 0.0406884 0.362731 0.0223551 0.0658842 0.159906
3 0.775147 0.592409 0.0554318 0.0703064 0.159434
2 0.97866 0.333518 0.0421162 0.0673959 0.158292
0 0.774129 0.560323 0.0434883 0.0823894 0.158171
0 0.40255 0.307368 0.0192291 0.0518051 0.156368
2 0.518405 0.214905 0.0336651 0.047416 0.156071
2 0.519117 0.216392 0.032523 0.046241 0.154973
2 0.524212 0.291207 0.0635658 0.0673767 0.154931
0 0.656956 0.507273 0.0322245 0.0731302 0.152834
0 0.163889 0.387831 0.0297793 0.049602 0.152258
0 0.306292 0.197653 0.0130432 0.0357176 0.152248
2 0.963576 0.182537 0.0598587 0.0408676 0.152042
2 0.55757 0.271774 0.0561366 0.0573844 0.150736
3 0.658399 0.52604 0.0362768 0.0526617 0.150731
0 0.401582 0.307696 0.0211465 0.0519175 0.150366
2 0.98327 0.21963 0.0334595 0.0300246 0.149686
0 0.438892 0.333389 0.0222937 0.0763589 0.149461
5 0.584208 0.0954107 0.037708 0.0574253 0.148604
2 0.978273 0.316511 0.0426752 0.0815556 0.146397
2 0.288833 0.398222 0.0531215 0.0825919 0.14613
0 0.163276 0.386605 0.0267495 0.0462214 0.145628
11 0.211757 0.994855 0.0733266 0.00951653 0.144018
0 0.433355 0.300137 0.0159399 0.0404887 0.143702
3 0.766686 0.584703 0.0384655 0.0559081 0.143194
3 0.145708 0.425595 0.0359973 0.0461482 0.140714
2 0.978583 0.304995 0.0423128 0.130508 0.139952
2 0.982376 0.217344 0.0346191 0.0459827 0.139123
2 0.398051 0.156343 0.0273423 0.0333787 0.138464
2 0.273931 0.283809 0.0405803 0.0558486 0.135146
2 0.983212 0.218785 0.0335754 0.0325207 0.134635
7 0.273507 0.283338 0.0412114 0.0559707 0.132055
3 0.658234 0.525461 0.0306257 0.0416992 0.132013
0 0.263932 0.210697 0.0183613 0.0358633 0.130085
7 0.761035 0.154403 0.0615105 0.0492388 0.12941
2 0.97894 0.304414 0.0416393 0.130361 0.128147
2 0.273739 0.283707 0.0410018 0.0559422 0.127419
0 0.46682 0.30986 0.0183746 0.046812 0.127046
