2 0.308554 0.898694 0.331626 0.201956 0.898226
2 0.162216 0.85345 0.320869 0.272844 0.894651
2 0.161487 0.853761 0.319283 0.273999 0.892534
2 0.305127 0.898486 0.338282 0.202639 0.890898
2 0.306777 0.898732 0.334292 0.201423 0.887783
2 0.161734 0.855471 0.323469 0.277635 0.887039
2 0.306368 0.898972 0.333578 0.200689 0.884446
2 0.554687 0.713005 0.233026 0.24646 0.883893
2 0.553881 0.713471 0.234038 0.246762 0.873352
2 0.30523 0.898589 0.337688 0.202451 0.871266
2 0.446459 0.622126 0.225278 0.210784 0.854271
2 0.30312 0.897959 0.34185 0.203897 0.85231
2 0.162181 0.855284 0.324361 0.274498 0.849134
2 0.555576 0.713453 0.23078 0.244175 0.848382
2 0.304536 0.898677 0.338756 0.201781 0.847856
2 0.554338 0.714315 0.233163 0.246767 0.847531
2 0.304501 0.898656 0.339155 0.201877 0.84624
2 0.553881 0.713192 0.233183 0.24579 0.841182
2 0.445309 0.621252 0.224295 0.214614 0.837813
2 0.554578 0.714233 0.233369 0.247811 0.837603
2 0.446432 0.621572 0.224015 0.214534 0.837069
2 0.301885 0.898051 0.341635 0.20305 0.829257
2 0.554191 0.713926 0.232681 0.247127 0.828349
2 0.155582 0.688851 0.284449 0.194243 0.820914
2 0.445703 0.621855 0.225898 0.211285 0.819947
2 0.161698 0.855467 0.323396 0.274637 0.817363
2 0.446731 0.620842 0.225615 0.212903 0.803202
2 0.155882 0.690345 0.282668 0.197101 0.799966
2 0.161837 0.855168 0.323674 0.274866 0.798701
2 0.445415 0.62172 0.225659 0.215841 0.795027
2 0.162754 0.855028 0.325508 0.274079 0.792191
2 0.447028 0.621066 0.225898 0.216846 0.789526
2 0.554819 0.712811 0.23292 0.247573 0.788
2 0.154963 0.689145 0.283894 0.194293 0.787061
2 0.154775 0.691262 0.284377 0.199137 0.779479
2 0.162622 0.855019 0.325245 0.275014 0.766993
2 0.155503 0.690831 0.284781 0.200747 0.763729
2 0.163106 0.854787 0.325929 0.277602 0.761167
2 0.155743 0.69027 0.283151 0.197563 0.759881
2 0.155697 0.688948 0.284509 0.197096 0.754094
2 0.18755 0.219828 0.114858 0.0687512 0.747673
2 0.44696 0.61971 0.225521 0.219434 0.742463
2 0.187296 0.219722 0.114446 0.0691059 0.740438
1 0.669771 0.399567 0.0746017 0.0714602 0.73741
2 0.555132 0.714089 0.233041 0.245741 0.725658
2 0.155059 0.689069 0.284024 0.194163 0.711878
2 0.187288 0.220186 0.11495 0.0684087 0.708684
2 0.163946 0.85488 0.327771 0.275705 0.706498
1 0.670048 0.402192 0.0738401 0.0678349 0.696294
2 0.187226 0.220092 0.114393 0.0682796 0.680825
2 0.187386 0.219936 0.114299 0.0688738 0.67945
2 0.154468 0.690631 0.284263 0.198128 0.677999
2 0.186787 0.219594 0.114537 0.0683608 0.646475
2 0.187041 0.21916 0.114866 0.0700347 0.645796
0 0.3586 0.184173 0.0189957 0.0622547 0.645596
2 0.156058 0.688487 0.290733 0.195038 0.640245
0 0.111745 0.371581 0.0374672 0.118028 0.619125
0 0.111551 0.371713 0.0376839 0.118199 0.614931
0 0.358532 0.184831 0.0188812 0.0617591 0.609701
2 0.30778 0.898638 0.33011 0.200637 0.60685
0 0.111764 0.371196 0.0384098 0.117885 0.597084
0 0.358822 0.183605 0.0192086 0.061468 0.554138
0 0.111708 0.37134 0.037849 0.11825 0.552019
2 0.187275 0.219793 0.114266 0.0664994 0.547414
1 0.669828 0.396488 0.0745372 0.075995 0.521885
0 0.35856 0.185143 0.0192772 0.0597827 0.515545
0 0.112425 0.371152 0.0387474 0.11477 0.511062
0 0.111706 0.371128 0.0385224 0.116794 0.500416
0 0.358597 0.184415 0.0192651 0.0608386 0.474335
0 0.111905 0.372089 0.0379094 0.114428 0.473414
0 0.111853 0.37257 0.038869 0.114017 0.472316
0 0.668301 0.357794 0.0370363 0.100239 0.466184
1 0.669963 0.398478 0.0746399 0.0723282 0.46431
0 0.669476 0.357245 0.0368965 0.0981238 0.46354
0 0.6677 0.359423 0.0326292 0.0983195 0.455783
0 0.66835 0.359171 0.0344278 0.102055 0.452777
0 0.668422 0.359325 0.0337103 0.101774 0.443453
2 0.55564 0.715081 0.234395 0.248613 0.414486
0 0.666916 0.358696 0.0306036 0.100404 0.403362
1 0.670006 0.399627 0.0747107 0.0729003 0.393819
0 0.358821 0.185158 0.0201677 0.0623068 0.38685
0 0.358889 0.184167 0.0184473 0.0611391 0.385127
0 0.391211 0.169334 0.0228914 0.0630837 0.37677
1 0.669621 0.397722 0.0744871 0.0741002 0.372432
0 0.583484 0.181863 0.025355 0.0659849 0.36941
2 0.485891 0.444162 0.18434 0.170699 0.360689
2 0.485356 0.444919 0.183786 0.170842 0.357307
0 0.582656 0.181995 0.0253119 0.063053 0.353419
0 0.584558 0.183102 0.0253143 0.0656256 0.338074
0 0.391363 0.168817 0.023499 0.0629046 0.335495
0 0.581269 0.181126 0.0208889 0.0625421 0.33512
0 0.391483 0.169163 0.0236757 0.0624972 0.332091
1 0.669606 0.397633 0.0746561 0.0735763 0.332075
0 0.66955 0.361709 0.0355471 0.106402 0.327244
5 0.716561 0.152872 0.0734989 0.0699886 0.325175
0 0.670297 0.35805 0.0378654 0.0994993 0.319063
2 0.933467 0.142088 0.0633314 0.0673193 0.317425
1 0.67046 0.402451 0.0740901 0.0635265 0.316788
0 0.391352 0.168115 0.0230505 0.0633939 0.314658
0 0.318577 0.159156 0.0145166 0.0555845 0.311207
0 0.561387 0.343764 0.0342531 0.130306 0.311032
0 0.560542 0.323962 0.0312853 0.096236 0.309988
2 0.932319 0.142811 0.0623716 0.067481 0.304112
5 0.714762 0.152636 0.0754891 0.0688206 0.301847
1 0.669975 0.402528 0.0739296 0.066696 0.299063
2 0.187051 0.220944 0.113633 0.0666842 0.297761
1 0.669605 0.396912 0.0756241 0.0759984 0.297302
0 0.561718 0.339036 0.0313937 0.12726 0.29587
0 0.391167 0.168368 0.0220222 0.0631291 0.29193
0 0.388831 0.168259 0.0247827 0.0641125 0.288045
0 0.586396 0.181069 0.0271749 0.0665072 0.285007
0 0.0221309 0.320937 0.0331839 0.0914037 0.283946
5 0.714586 0.153993 0.0748046 0.0685587 0.282457
2 0.933258 0.143239 0.0645878 0.0693933 0.279095
5 0.716111 0.152731 0.0724045 0.0699555 0.276875
5 0.716635 0.152337 0.073019 0.0699836 0.265125
2 0.48436 0.443172 0.18347 0.169464 0.264815
2 0.187353 0.21924 0.114265 0.0677296 0.260714
0 0.560953 0.328087 0.0314888 0.103919 0.259405
0 0.315194 0.15965 0.0194982 0.0581021 0.257397
0 0.585305 0.181472 0.0265975 0.0678911 0.255167
2 0.483853 0.442966 0.183589 0.170683 0.254704
0 0.317287 0.159788 0.0157047 0.0556862 0.251239
7 0.485156 0.442483 0.183547 0.168872 0.249238
2 0.931937 0.143316 0.0638134 0.07016 0.243411
0 0.666864 0.361004 0.0314674 0.105323 0.243124
0 0.0253844 0.321717 0.0267219 0.0891392 0.242443
0 0.484342 0.425355 0.0300398 0.0421633 0.240741
0 0.0216322 0.321211 0.0320282 0.0892868 0.239273
0 0.560262 0.344351 0.0390285 0.126271 0.239189
2 0.48491 0.442516 0.183775 0.169949 0.238199
0 0.554409 0.343145 0.0504265 0.130316 0.237905
5 0.778595 0.456982 0.235351 0.850657 0.237161
0 0.389573 0.168822 0.0262893 0.0642142 0.237133
0 0.560487 0.337491 0.0329289 0.124106 0.23622
0 0.484352 0.426502 0.0309006 0.0426953 0.235335
2 0.93268 0.143388 0.0625479 0.0686132 0.232485
2 0.933001 0.142398 0.0649467 0.068713 0.231295
0 0.909446 0.310124 0.043115 0.140563 0.226759
0 0.389699 0.168559 0.0264587 0.0644309 0.224354
5 0.716457 0.152486 0.0727776 0.0698434 0.222774
0 0.555479 0.343174 0.049169 0.131054 0.222737
0 0.561582 0.344096 0.0362439 0.126366 0.218232
2 0.77767 0.740458 0.230977 0.272068 0.21475
0 0.594355 0.168229 0.0151667 0.0411907 0.214069
0 0.584303 0.18281 0.0237911 0.0674994 0.212906
0 0.556107 0.342404 0.047341 0.131034 0.212648
0 0.0220815 0.322355 0.0318722 0.0892127 0.212439
2 0.777999 0.739678 0.230711 0.274759 0.212018
0 0.275786 0.180741 0.0193155 0.0654117 0.207871
2 0.777622 0.740677 0.231969 0.271619 0.206669
2 0.777989 0.739508 0.231502 0.274194 0.204705
0 0.558848 0.341928 0.0420557 0.131608 0.203992
0 0.557376 0.345595 0.0422933 0.128344 0.203587
2 0.484945 0.4456 0.185271 0.170341 0.202516
0 0.318149 0.158498 0.014274 0.0548435 0.201702
2 0.187057 0.218195 0.115697 0.0700386 0.199323
0 0.485201 0.425506 0.028271 0.0424767 0.196939
0 0.0393127 0.313743 0.018852 0.0669767 0.18982
5 0.780294 0.4523 0.235016 0.904241 0.189112
2 0.93298 0.14216 0.0631657 0.0679262 0.18797
2 0.929172 0.14267 0.0548853 0.06727 0.184869
1 0.670323 0.403328 0.0727901 0.0615172 0.180133
0 0.484537 0.425908 0.0295708 0.0431114 0.179056
5 0.777475 0.459363 0.236362 0.847126 0.178836
0 0.0402308 0.315272 0.020879 0.0707816 0.177437
2 0.71547 0.153622 0.0732171 0.068802 0.174384
5 0.715948 0.152061 0.0727455 0.066045 0.173467
0 0.0305198 0.319995 0.025019 0.0863377 0.170614
2 0.71608 0.153609 0.0728273 0.0692173 0.170563
0 0.0259031 0.325551 0.0247441 0.0815782 0.169959
0 0.553076 0.34404 0.0529043 0.127209 0.169574
0 0.0392276 0.31357 0.0186825 0.0642018 0.169108
2 0.185846 0.220612 0.11309 0.0646489 0.168762
0 0.021195 0.319879 0.0300433 0.0868634 0.168618
0 0.359238 0.184131 0.0210001 0.0635273 0.168225
2 0.933687 0.141646 0.0636635 0.0683296 0.164551
2 0.778058 0.740515 0.229788 0.268168 0.160628
2 0.777378 0.740391 0.229994 0.273999 0.159341
2 0.484717 0.445378 0.185212 0.169688 0.158251
0 0.554049 0.344142 0.051438 0.129913 0.156463
2 0.92877 0.142022 0.0545174 0.0678589 0.154218
0 0.390926 0.167355 0.0217147 0.061123 0.15088
5 0.780601 0.459739 0.234063 0.901666 0.148371
2 0.446392 0.625238 0.222692 0.202606 0.147999
0 0.483966 0.426455 0.032136 0.0427286 0.146108
2 0.546047 0.167713 0.0546454 0.0409847 0.145996
0 0.358503 0.181684 0.0205578 0.0599569 0.145697
5 0.716067 0.153015 0.0722351 0.0703995 0.144515
0 0.578142 0.178047 0.021348 0.0611557 0.141895
0 0.483992 0.4256 0.0317923 0.0429291 0.140818
0 0.553389 0.345262 0.0526688 0.127962 0.138013
2 0.206667 0.207514 0.0734109 0.0434304 0.136989
0 0.666129 0.376367 0.0260008 0.0665716 0.13603
0 0.359456 0.184344 0.0212347 0.0631531 0.135763
0 0.274882 0.17182 0.016974 0.0482978 0.132162
0 0.391745 0.168898 0.0196898 0.0620205 0.130217
0 0.275113 0.178749 0.0175539 0.0617706 0.129437
0 0.212363 0.231104 0.0187295 0.0396636 0.128406
0 0.584611 0.185081 0.0247041 0.0611395 0.125838
0 0.648537 0.195281 0.0164839 0.0357019 0.123498
0 0.0366757 0.317336 0.0215561 0.082239 0.121639
0 0.359814 0.185404 0.0216029 0.0609526 0.121043
2 0.548583 0.167453 0.0511686 0.0413257 0.120559
7 0.779449 0.467786 0.238504 0.826689 0.119221
1 0.652901 0.404402 0.0391617 0.0566025 0.117855
0 0.583163 0.187204 0.0222775 0.0566084 0.117415
0 0.315764 0.159985 0.0166678 0.0570824 0.117104
2 0.928001 0.143702 0.0533554 0.0679586 0.116792
2 0.560104 0.166604 0.0831756 0.0434726 0.116699
7 0.777731 0.471768 0.235787 0.805469 0.115025
2 0.201007 0.20916 0.0843026 0.047168 0.114095
0 0.212113 0.231 0.0185536 0.0396629 0.113817
0 0.388555 0.168348 0.0222395 0.0624082 0.113078
2 0.542108 0.167701 0.0486065 0.0413445 0.110191
0 0.274746 0.170008 0.0169579 0.0487663 0.109848
1 0.670483 0.405051 0.0740307 0.0620075 0.108223
0 0.85688 0.352266 0.0218857 0.119418 0.107536
2 0.548334 0.166946 0.060334 0.0429912 0.106621
0 0.561314 0.314808 0.0293338 0.0786939 0.104425
0 0.212478 0.232061 0.0178963 0.0379808 0.104323
0 0.277994 0.182024 0.0228174 0.0668432 0.103546
2 0.927701 0.144147 0.0525833 0.0694391 0.10253
0 0.00756875 0.296858 0.0151069 0.105726 0.102452
7 0.485118 0.401687 0.185389 0.255518 0.101382
0 0.68972 0.394814 0.0302617 0.0760134 0.101019
0 0.551217 0.335017 0.0492429 0.100195 0.100487
2 0.185642 0.217875 0.11405 0.0635448 0.100197
0 0.0445349 0.318798 0.023075 0.0705426 0.0992132
7 0.486202 0.441059 0.181274 0.168867 0.0989778
0 0.00780947 0.294411 0.0155068 0.102494 0.0987201
0 0.037624 0.31299 0.0224653 0.0731158 0.0976161
0 0.688128 0.389008 0.0321526 0.066342 0.0965184
2 0.207339 0.203849 0.0689984 0.0376205 0.0946536
7 0.484842 0.412498 0.18445 0.235067 0.0945181
7 0.486061 0.402488 0.185169 0.252941 0.0936545
2 0.906878 0.0781242 0.0331078 0.0212363 0.0907871
0 0.106662 0.368962 0.0275083 0.111325 0.0897862
0 0.389141 0.167625 0.0246967 0.0627265 0.0890024
0 0.213349 0.232632 0.0170574 0.0355802 0.0883767
0 0.275154 0.174079 0.0169402 0.0537652 0.0879353
2 0.183261 0.224687 0.1029 0.0609249 0.0869216
2 0.779261 0.738219 0.232311 0.264757 0.0868526
0 0.64837 0.196567 0.016665 0.0325323 0.0855868
0 0.54636 0.329072 0.0376196 0.084664 0.0846725
0 0.310582 0.161319 0.0154101 0.0552633 0.0838937
2 0.484926 0.44267 0.181844 0.169942 0.0838222
5 0.622531 0.141554 0.0318924 0.0403746 0.0831947
2 0.544159 0.168199 0.0523623 0.0409267 0.0831784
0 0.907961 0.301918 0.0621698 0.175449 0.0826261
0 0.275688 0.176311 0.0190537 0.0554802 0.0825244
5 0.786026 0.435052 0.226399 0.843472 0.0821992
2 0.777522 0.736097 0.231943 0.276068 0.0819859
2 0.207547 0.205451 0.0708039 0.0399418 0.081224
5 0.784235 0.44791 0.22496 0.814644 0.0809183
0 0.594915 0.16046 0.0197114 0.0387254 0.0807626
2 0.54743 0.167561 0.0557898 0.0418894 0.0807104
0 0.359333 0.181551 0.0208559 0.0614047 0.0803695
0 0.686933 0.375011 0.0230978 0.0403573 0.0799907
0 0.663527 0.382033 0.0280666 0.0571254 0.079379
7 0.777268 0.479179 0.235279 0.791744 0.079016
0 0.907727 0.311108 0.0417122 0.134728 0.0787119
2 0.62212 0.14505 0.0307251 0.0347816 0.0784493
0 0.111915 0.371754 0.0378082 0.115718 0.0779446
2 0.206372 0.201753 0.066456 0.0322318 0.0764784
0 0.0139611 0.321582 0.0272596 0.0873227 0.0764569
0 0.311313 0.163451 0.0161643 0.0511719 0.076072
0 0.0381081 0.317159 0.0206932 0.0802171 0.0757324
2 0.18697 0.220114 0.115891 0.0702634 0.0756204
0 0.00786016 0.293992 0.0156814 0.102552 0.0755942
9 0.449959 0.0705225 0.0140494 0.0231759 0.0755915
0 0.909779 0.29604 0.0639883 0.187825 0.075519
0 0.675621 0.357186 0.0510796 0.0976352 0.0752194
5 0.716492 0.151634 0.0717739 0.0656378 0.0731615
2 0.447839 0.626227 0.225432 0.204493 0.0724807
2 0.777886 0.735949 0.230169 0.266942 0.0717209
0 0.0244357 0.336094 0.0256409 0.0632191 0.0716252
9 0.450979 0.0724886 0.0139632 0.025677 0.0714421
0 0.0181797 0.321697 0.0344287 0.0902073 0.0714217
1 0.112383 0.384922 0.0362671 0.0884434 0.0713308
0 0.00719369 0.285709 0.0143243 0.084188 0.0706546
2 0.933221 0.140516 0.0621468 0.0712447 0.0696532
2 0.184757 0.221977 0.110534 0.0647194 0.0694723
7 0.778318 0.489392 0.236707 0.773399 0.0690101
2 0.623604 0.140045 0.0313408 0.0434615 0.0687302
0 0.561813 0.314784 0.028871 0.0751187 0.068056
0 0.688076 0.372832 0.0222696 0.0318693 0.0679504
0 0.55996 0.338883 0.0351259 0.127934 0.0678872
0 0.0200354 0.316643 0.0244279 0.0801209 0.0678174
0 0.673341 0.358386 0.0431377 0.0937974 0.0674473
2 0.186518 0.210793 0.11348 0.0492783 0.0672611
1 0.651237 0.405031 0.0353036 0.0558271 0.0650197
0 0.648666 0.180815 0.0179089 0.06367 0.0648366
2 0.779827 0.735419 0.227109 0.263082 0.0618507
0 0.856737 0.351249 0.0213596 0.120077 0.0616403
2 0.62327 0.139335 0.0311985 0.0449065 0.0606511
2 0.621624 0.14719 0.0318058 0.0303983 0.060477
0 0.544985 0.329906 0.0335159 0.081702 0.0594271
2 0.933443 0.14299 0.0635303 0.0692665 0.0589637
0 0.544008 0.329174 0.0325852 0.083275 0.0575292
