2 0.498495 0.54908 0.0904009 0.0798109 0.820751
2 0.498541 0.548913 0.0907499 0.079447 0.814048
2 0.498242 0.549129 0.0909117 0.0798054 0.810594
2 0.498716 0.549175 0.0902893 0.0796934 0.793759
2 0.498384 0.549002 0.0905968 0.0795568 0.79294
2 0.498401 0.548926 0.0909693 0.0800392 0.786822
2 0.948528 0.71603 0.102092 0.106029 0.767352
2 0.948308 0.715847 0.10263 0.106122 0.759523
2 0.948667 0.715969 0.101932 0.106226 0.750093
2 0.948113 0.715909 0.102533 0.106771 0.735829
2 0.948453 0.715805 0.102405 0.106184 0.718747
2 0.948044 0.715801 0.102431 0.106487 0.718648
2 0.498197 0.549737 0.0902269 0.0798679 0.709688
2 0.9481 0.7161 0.102345 0.105848 0.704641
2 0.740971 0.957541 0.172309 0.083839 0.702718
2 0.74111 0.956923 0.174744 0.0854816 0.70084
2 0.740678 0.957612 0.173559 0.0842066 0.699598
2 0.498376 0.54909 0.0909254 0.0804743 0.69524
2 0.948989 0.715984 0.101533 0.106156 0.67606
2 0.949038 0.716151 0.10148 0.106307 0.672064
2 0.979108 0.520941 0.0412041 0.0702131 0.659448
2 0.7417 0.957468 0.171511 0.0845907 0.650929
2 0.978824 0.521137 0.041811 0.0699663 0.647721
2 0.741285 0.957033 0.173427 0.0847748 0.644385
2 0.741388 0.957029 0.171845 0.0851192 0.641003
2 0.498669 0.549578 0.0902617 0.076109 0.627459
2 0.73996 0.957818 0.174482 0.0832394 0.62517
2 0.741205 0.956791 0.172722 0.0852104 0.624644
2 0.251509 0.500831 0.101985 0.0728807 0.61304
2 0.740441 0.956864 0.173413 0.0856144 0.608057
2 0.979086 0.521012 0.0412533 0.0695897 0.60686
2 0.740793 0.956926 0.171707 0.0855795 0.602763
2 0.251617 0.500767 0.10268 0.0719543 0.58189
2 0.251375 0.500698 0.102975 0.0719631 0.557725
2 0.979075 0.521376 0.0410885 0.0689375 0.551853
2 0.25149 0.500594 0.102918 0.0722247 0.551197
2 0.979203 0.521626 0.0408447 0.0697389 0.537625
2 0.498791 0.549725 0.0910713 0.0804647 0.531775
2 0.498366 0.548111 0.090539 0.0828939 0.527163
2 0.251495 0.500417 0.102897 0.0720545 0.522611
2 0.251607 0.500532 0.102809 0.0719027 0.519439
0 0.0373766 0.520364 0.022134 0.0730249 0.518522
2 0.25138 0.500459 0.102715 0.0720713 0.511595
0 0.0365118 0.519598 0.0210193 0.0737291 0.511479
0 0.0371148 0.519353 0.0206638 0.0743385 0.509198
2 0.979066 0.521548 0.0410629 0.0697495 0.50098
0 0.0371792 0.518951 0.0216904 0.0746271 0.499385
2 0.251332 0.500488 0.102848 0.071995 0.489081
0 0.037226 0.52055 0.0210665 0.0734911 0.477011
2 0.0704363 0.961905 0.138829 0.0753983 0.46981
2 0.979618 0.521402 0.0400089 0.0691158 0.469216
2 0.498936 0.550005 0.0899789 0.076569 0.46704
2 0.0710179 0.962563 0.140089 0.0737356 0.462313
2 0.0708656 0.962547 0.140079 0.0742702 0.461788
0 0.0364798 0.520171 0.0211348 0.0731711 0.45075
0 0.720792 0.469396 0.0188216 0.0697535 0.440188
2 0.0710076 0.962581 0.140279 0.0742577 0.437754
0 0.0367863 0.519504 0.0209835 0.074464 0.424349
2 0.251452 0.49951 0.107346 0.0729898 0.401783
0 0.720697 0.469056 0.0184259 0.0670373 0.399641
2 0.978858 0.521925 0.0419361 0.0686723 0.396236
0 0.0370267 0.519359 0.0217517 0.0747057 0.386841
2 0.0705386 0.962623 0.139499 0.073707 0.378491
0 0.720154 0.468416 0.0167638 0.0661988 0.368934
2 0.0697867 0.962129 0.139078 0.0752144 0.354306
2 0.979029 0.522467 0.0417336 0.06812 0.328395
0 0.721357 0.469637 0.0201439 0.0706143 0.327821
2 0.0700373 0.96271 0.139443 0.0735155 0.3266
0 0.0368806 0.519799 0.0198738 0.0745129 0.313715
0 0.689064 0.461703 0.0154535 0.0482544 0.311727
2 0.277965 0.890742 0.192989 0.154929 0.301471
2 0.278103 0.892771 0.193858 0.15851 0.300156
0 0.0376059 0.519 0.0208247 0.0738667 0.29593
2 0.0702533 0.9626 0.139331 0.0741528 0.288494
0 0.752047 0.456116 0.0155672 0.0539771 0.272939
2 0.0704028 0.962379 0.139197 0.0739998 0.268419
2 0.277454 0.892603 0.192745 0.158691 0.259222
2 0.277957 0.893266 0.192866 0.159737 0.254379
2 0.251792 0.499753 0.105865 0.0724316 0.251745
0 0.752793 0.456558 0.0165123 0.0541705 0.242796
0 0.689008 0.461034 0.0152067 0.0475144 0.241736
0 0.689409 0.463515 0.0170113 0.0506514 0.239387
0 0.732926 0.468073 0.0155237 0.0670029 0.212345
0 0.720113 0.466872 0.0166118 0.0643002 0.208304
2 0.277538 0.889653 0.193391 0.153899 0.204622
0 0.732981 0.469614 0.0162681 0.0700267 0.199349
0 0.733185 0.46472 0.015222 0.0619276 0.187694
11 0.155321 0.427132 0.0129224 0.0278945 0.187684
0 0.751873 0.455688 0.0132814 0.0532005 0.186534
0 0.688318 0.460928 0.0174953 0.0475772 0.181929
0 0.0375578 0.519151 0.0222013 0.0738381 0.178897
0 0.767162 0.453724 0.0163498 0.046515 0.178545
2 0.130238 0.509058 0.0673556 0.0474167 0.177508
2 0.130155 0.510789 0.0626331 0.0443056 0.17588
0 0.765391 0.454529 0.0194095 0.0498834 0.172834
9 0.155548 0.427639 0.0122655 0.028109 0.172344
6 0.277121 0.894816 0.194554 0.163501 0.163636
6 0.277465 0.894096 0.191198 0.159032 0.158922
0 0.0361684 0.5253 0.0197587 0.0632934 0.157895
0 0.766873 0.449388 0.0139135 0.0373645 0.155793
0 0.0213643 0.520664 0.0172826 0.0701417 0.152699
2 0.129836 0.510396 0.0636354 0.0440933 0.151884
2 0.12888 0.510068 0.0649867 0.045604 0.151358
0 0.721036 0.468691 0.0224784 0.0699848 0.150504
0 0.689035 0.459682 0.0147172 0.0458893 0.143823
0 0.68803 0.460343 0.0164476 0.0468344 0.141731
0 0.730112 0.457956 0.0143993 0.0482477 0.134591
2 0.277914 0.893305 0.193243 0.16068 0.13346
0 0.0218234 0.520687 0.0168285 0.0663689 0.132508
5 0.54931 0.440161 0.104222 0.107943 0.12893
0 0.720959 0.467313 0.021397 0.0657908 0.12846
2 0.129145 0.509856 0.0645313 0.0455292 0.122454
9 0.339919 0.417685 0.0093523 0.022999 0.121414
0 0.748951 0.457671 0.0146119 0.0525909 0.118847
2 0.499037 0.549225 0.090757 0.0781807 0.117686
0 0.688702 0.46042 0.01534 0.0469646 0.116445
2 0.276765 0.892497 0.194167 0.159479 0.115837
0 0.749017 0.456768 0.0137215 0.0502359 0.11537
2 0.380867 0.476585 0.0160463 0.0297354 0.111969
2 0.126886 0.508398 0.0718617 0.0490494 0.111322
0 0.747506 0.458975 0.0136159 0.0516862 0.106395
6 0.277842 0.900882 0.192946 0.177353 0.0985328
2 0.133435 0.509306 0.0533658 0.0441319 0.0923075
0 0.0205494 0.520548 0.0200515 0.0727222 0.091872
2 0.135754 0.510454 0.0551964 0.0440573 0.0916394
2 0.135458 0.511576 0.0546186 0.043117 0.0891678
0 0.733277 0.463857 0.0145951 0.0581933 0.0888472
0 0.688088 0.460144 0.0172018 0.0476742 0.0884312
0 0.0216575 0.519067 0.0156004 0.0629358 0.0822684
0 0.73295 0.471882 0.0155463 0.0738707 0.0807693
2 0.276513 0.888248 0.194506 0.151343 0.0770465
2 0.498447 0.547896 0.0914927 0.0832615 0.0768925
2 0.979437 0.522443 0.0404846 0.0690779 0.0762275
2 0.12766 0.507975 0.0625471 0.04653 0.074488
2 0.86385 0.668189 0.0180386 0.016637 0.0714551
2 0.277094 0.893341 0.191383 0.157524 0.0705401
0 0.751651 0.457487 0.0175762 0.0550782 0.0693397
5 0.549034 0.44071 0.103672 0.109796 0.0692983
2 0.979392 0.521294 0.040501 0.0695084 0.0679238
0 0.688519 0.462675 0.0192518 0.0515579 0.0678633
2 0.948357 0.715845 0.102333 0.105623 0.0640715
2 0.381344 0.477469 0.0156766 0.0314357 0.0631203
2 0.0703895 0.961974 0.139023 0.075124 0.0582253
0 0.731173 0.46936 0.0191824 0.0690478 0.058206
6 0.276139 0.896846 0.19652 0.16664 0.0573439
2 0.583901 0.825805 0.0273527 0.0195988 0.0563197
2 0.635473 0.796378 0.023572 0.0203281 0.0559414
2 0.729322 0.747438 0.0310442 0.0282582 0.0558231
5 0.548957 0.440472 0.104622 0.107882 0.0553047
0 0.763903 0.450585 0.0167189 0.0449482 0.0552873
0 0.0354405 0.534923 0.018817 0.0460831 0.0525636
2 0.862616 0.668148 0.0209408 0.0177387 0.0525587
5 0.5492 0.437992 0.102027 0.101391 0.0522493
2 0.466651 0.899595 0.0290747 0.0229202 0.0512653
2 0.635464 0.795992 0.0235188 0.0205791 0.0498991
6 0.541867 0.773983 0.885055 0.451161 0.0485875
2 0.131159 0.512497 0.0622138 0.0438 0.0481944
2 0.7291 0.747977 0.0350326 0.030415 0.0478532
0 0.763059 0.455249 0.0185188 0.0527847 0.0458154
0 0.0228823 0.519863 0.0234619 0.0768856 0.0451205
5 0.548842 0.441353 0.105167 0.110257 0.0442463
2 0.136674 0.509733 0.0674589 0.0447206 0.0433419
5 0.549623 0.436911 0.100588 0.0993777 0.0428182
0 0.730911 0.477347 0.0189125 0.0796978 0.0423886
6 0.571716 0.781182 0.811544 0.436816 0.0410693
2 0.741538 0.957292 0.173661 0.0842291 0.0409316
0 0.00483691 0.518509 0.0095918 0.0725781 0.0392013
2 0.585249 0.826452 0.0240099 0.0193756 0.0391587
2 0.729796 0.748414 0.0336578 0.0301643 0.038886
6 0.544598 0.775186 0.861616 0.449482 0.0387257
5 0.549685 0.437949 0.102987 0.101251 0.0384686
2 0.136852 0.513164 0.050226 0.0418369 0.0383931
2 0.0704461 0.962677 0.139629 0.0737225 0.0383596
0 0.549517 0.482539 0.0294394 0.0980423 0.0379238
0 0.55235 0.483153 0.0230857 0.0940086 0.0377471
5 0.552686 0.439906 0.0968845 0.102189 0.0373043
2 0.105796 0.506209 0.087746 0.0490071 0.0363274
0 0.723006 0.475199 0.0217567 0.0725405 0.036292
2 0.466833 0.899237 0.0294087 0.0231922 0.0362871
2 0.069816 0.963098 0.138383 0.0727463 0.0357482
2 0.0705493 0.962352 0.140342 0.0748131 0.0357253
5 0.548538 0.43645 0.100438 0.099641 0.0352421
6 0.277918 0.892114 0.191268 0.165429 0.0351801
5 0.548623 0.437327 0.0990925 0.102174 0.0339479
2 0.117669 0.506639 0.0949738 0.0511942 0.033302
2 0.465917 0.899398 0.0304476 0.024004 0.0308878
2 0.97857 0.52071 0.0417761 0.070583 0.0306269
0 0.00741199 0.515931 0.0147523 0.076893 0.0293822
9 0.395617 0.399799 0.0122787 0.0327446 0.0287428
0 0.00852454 0.516812 0.0170491 0.076292 0.0284656
2 0.384559 0.478753 0.0250755 0.036536 0.0283804
2 0.94799 0.716316 0.102317 0.107511 0.028322
5 0.55062 0.440392 0.100823 0.108641 0.0280907
0 0.575475 0.476591 0.0164588 0.0374252 0.0275374
2 0.680669 0.768214 0.0214893 0.0191534 0.0274696
0 0.032652 0.518163 0.0325718 0.075437 0.0266769
2 0.726533 0.746647 0.0276571 0.0265518 0.0263589
0 0.741318 0.465741 0.0122069 0.0482144 0.0261829
2 0.0902726 0.501852 0.0518991 0.0396963 0.0257526
2 0.385085 0.479485 0.0243904 0.0354637 0.0254423
9 0.394757 0.401434 0.0123182 0.0305816 0.0253006
9 0.155944 0.429357 0.0126244 0.0328099 0.0249254
6 0.566001 0.783827 0.787718 0.432083 0.0247481
2 0.0900512 0.503623 0.0493409 0.0387239 0.0247161
2 0.978822 0.531542 0.041898 0.0516863 0.0241253
0 0.00454855 0.517127 0.00896357 0.0749266 0.0240368
0 0.0125136 0.518058 0.0201135 0.0739471 0.0239899
2 0.831008 0.684278 0.0191593 0.0175972 0.0239273
2 0.088458 0.501202 0.0588448 0.0416658 0.023882
0 0.553778 0.4879 0.0192787 0.0835083 0.0236327
9 0.388437 0.435793 0.0103473 0.0197313 0.0236035
2 0.382128 0.480845 0.0205132 0.0360368 0.0234866
2 0.948762 0.716868 0.101931 0.106181 0.0232388
0 0.382766 0.480265 0.0166591 0.0349581 0.023137
2 0.635054 0.796891 0.0253386 0.0213507 0.0231246
2 0.157151 0.513686 0.0151811 0.0333797 0.0229264
2 0.733249 0.749766 0.0314342 0.0390837 0.0228843
2 0.829743 0.687206 0.019442 0.0198949 0.0226794
6 0.188681 0.90421 0.371935 0.183413 0.0226499
2 0.530439 0.859665 0.0212018 0.019047 0.0223934
5 0.572444 0.442971 0.0531513 0.101535 0.0221741
2 0.3542 0.985937 0.143114 0.0276543 0.0219001
0 0.557959 0.482434 0.0130091 0.0774698 0.0214574
5 0.548979 0.438486 0.0975996 0.105493 0.0207459
2 0.761155 0.723765 0.0238327 0.0197938 0.0200893
6 0.189938 0.905531 0.37712 0.188937 0.019974
6 0.190194 0.905479 0.378759 0.187407 0.0199372
2 0.139703 0.509425 0.0462352 0.0444513 0.0197501
0 0.579301 0.477531 0.0106197 0.0357967 0.0196514
2 0.11635 0.506705 0.0725502 0.0387075 0.0191711
5 0.547898 0.437102 0.0974426 0.103805 0.0190622
0 0.0131014 0.516257 0.0244245 0.076536 0.0190419
0 0.319537 0.494167 0.0171179 0.0284471 0.0189834
0 0.559889 0.471636 0.0110456 0.0507837 0.0189823
0 0.688685 0.459192 0.0165754 0.0510269 0.0189046
2 0.378652 0.47992 0.024665 0.0382019 0.0187706
2 0.798882 0.701409 0.0219486 0.0195419 0.0181186
2 0.0935611 0.508626 0.0418613 0.0312902 0.0177544
6 0.545109 0.757838 0.9003 0.483053 0.0175277
2 0.76202 0.723248 0.0220081 0.0205122 0.0174456
0 0.753672 0.448258 0.0107315 0.0409758 0.0173484
0 0.00640633 0.515633 0.0128127 0.0732048 0.0170674
2 0.504087 0.526598 0.048422 0.0407242 0.0169963
2 0.0875251 0.502827 0.0584317 0.0411495 0.0169403
2 0.761767 0.724593 0.0224226 0.0192108 0.0169038
6 0.544542 0.77405 0.881615 0.451899 0.0167571
2 0.635198 0.796996 0.0249588 0.0215361 0.0165761
2 0.732048 0.747614 0.035532 0.0332621 0.0164991
2 0.105695 0.506493 0.118122 0.0514091 0.016387
2 0.730952 0.748475 0.0341667 0.0328136 0.0161457
2 0.386179 0.480212 0.0238583 0.0346939 0.016118
2 0.507845 0.523805 0.0498125 0.0348781 0.0159244
2 0.737336 0.746726 0.0418409 0.0422588 0.0158146
2 0.10425 0.503849 0.0289943 0.0396807 0.0156266
2 0.0187652 0.510415 0.0374488 0.0827297 0.015572
2 0.0858297 0.505615 0.0607448 0.0382726 0.0155496
0 0.549531 0.482333 0.0312193 0.0973677 0.0153915
0 0.733885 0.464298 0.019162 0.0634738 0.0151183
2 0.278265 0.87091 0.190607 0.11455 0.0149751
6 0.555685 0.770247 0.868489 0.459507 0.0146682
2 0.79719 0.702229 0.0246168 0.0190054 0.014524
2 0.167206 0.51252 0.032481 0.0305683 0.0144213
9 0.156328 0.427619 0.0156218 0.03141 0.0142608
2 0.156441 0.514596 0.015129 0.0355377 0.0139209
2 0.353231 0.976016 0.145187 0.0474247 0.013908
2 0.504096 0.520072 0.0428852 0.0283911 0.0138735
9 0.509931 0.401876 0.0124472 0.0217079 0.0135932
0 0.76639 0.445422 0.0162272 0.039345 0.0134478
2 0.741091 0.956989 0.173453 0.0848223 0.0132284
9 0.793049 0.301078 0.0131102 0.0194579 0.0131518
13 0.595751 0.628849 0.066563 0.055174 0.0130214
0 0.0366807 0.535455 0.0196901 0.0446809 0.0130055
13 0.594777 0.629076 0.0657444 0.0597809 0.012992
2 0.360471 0.986283 0.15047 0.0269756 0.012806
0 0.445772 0.482538 0.00997925 0.0125971 0.0125109
13 0.595825 0.628259 0.0661145 0.0543539 0.0124331
0 0.986347 0.419797 0.0164766 0.0483789 0.0122676
9 0.393311 0.430172 0.0130866 0.0222692 0.0121141
6 0.190152 0.902982 0.377178 0.184845 0.0121116
6 0.190073 0.905403 0.376968 0.188331 0.0119866
2 0.329908 0.492133 0.037391 0.0329405 0.0119316
5 0.555662 0.442004 0.0862673 0.109583 0.0116216
2 0.465797 0.898901 0.0307362 0.0240692 0.0115466
0 0.35071 0.490816 0.0214457 0.0272692 0.0115383
2 0.979345 0.519655 0.040715 0.072354 0.011417
2 0.973399 0.538881 0.0286446 0.0395611 0.0112429
2 0.583607 0.825148 0.0271208 0.0209211 0.0112308
2 0.529763 0.860194 0.0240549 0.0202749 0.0111789
2 0.06836 0.501158 0.0293019 0.0346774 0.0111708
0 0.352083 0.489757 0.0190899 0.0284947 0.0111006
2 0.400582 0.943806 0.0247599 0.0214443 0.0110547
2 0.356515 0.977764 0.145919 0.043824 0.0110542
13 0.593144 0.624383 0.0585689 0.0524281 0.0109301
0 0.721776 0.470669 0.0268961 0.0749646 0.0109046
2 0.759155 0.724437 0.0275471 0.0202656 0.0108788
2 0.320663 0.488188 0.0184271 0.0204768 0.0108103
2 0.732137 0.743517 0.0359339 0.0336114 0.0107026
9 0.510207 0.401477 0.0144581 0.0231271 0.0106427
2 0.74853 0.738766 0.0520645 0.048951 0.0105069
2 0.991271 0.701543 0.0167652 0.0602852 0.0104399
