2 0.328842 0.195947 0.0833283 0.0614597 0.851993
2 0.391615 0.213457 0.0893792 0.0545664 0.84618
2 0.490943 0.196152 0.0867727 0.0512086 0.845578
2 0.491348 0.196046 0.0859958 0.0506354 0.828865
2 0.490772 0.196675 0.0870613 0.0512886 0.827161
2 0.798669 0.372498 0.166956 0.103084 0.824425
2 0.491068 0.196558 0.0871018 0.050706 0.817946
2 0.49018 0.19597 0.0863844 0.0506347 0.815669
2 0.798396 0.37278 0.166868 0.10284 0.81387
2 0.392269 0.213193 0.088378 0.0538521 0.811164
2 0.798468 0.372671 0.167076 0.10282 0.803513
2 0.392139 0.213355 0.0883091 0.0541057 0.795859
2 0.491123 0.1968 0.0873198 0.0513608 0.792876
0 0.14474 0.530962 0.0364685 0.127351 0.780215
2 0.798014 0.372552 0.165672 0.102367 0.774329
2 0.491081 0.19598 0.0874353 0.0503311 0.774301
2 0.198471 0.227425 0.0958993 0.0609754 0.76856
2 0.798759 0.37283 0.166325 0.103101 0.76631
2 0.391654 0.21348 0.0892158 0.0540439 0.756284
2 0.392399 0.213378 0.0886351 0.0546463 0.75539
2 0.798747 0.372114 0.167297 0.10319 0.749767
2 0.491014 0.196678 0.0868605 0.0508694 0.741738
2 0.798412 0.372758 0.16656 0.102378 0.735226
2 0.198668 0.227087 0.0956569 0.06175 0.734916
2 0.32799 0.195674 0.0850885 0.0613578 0.730886
2 0.198697 0.227533 0.0961575 0.0599417 0.72798
2 0.198523 0.227537 0.0956899 0.0596442 0.72507
2 0.199039 0.227969 0.0957943 0.0602599 0.72422
2 0.19856 0.227559 0.0966143 0.0590493 0.720397
2 0.328837 0.196117 0.0839849 0.0639793 0.719063
2 0.391022 0.213218 0.0901588 0.0542345 0.716502
0 0.144135 0.529959 0.0353563 0.129725 0.714213
2 0.391636 0.213095 0.0891317 0.0530232 0.710026
0 0.144567 0.530664 0.0355764 0.13013 0.709496
2 0.79874 0.373329 0.165978 0.102782 0.698959
2 0.328766 0.195876 0.082965 0.0627315 0.698068
2 0.19628 0.227378 0.0990805 0.0592437 0.697521
2 0.797721 0.372967 0.165526 0.102416 0.69695
2 0.328336 0.196101 0.0832889 0.0620739 0.695274
0 0.144811 0.530151 0.0358767 0.130044 0.677763
2 0.328335 0.196687 0.0829419 0.0624942 0.674763
2 0.490166 0.195989 0.0858271 0.0500638 0.67321
0 0.143888 0.529541 0.0353018 0.129422 0.656804
2 0.328479 0.195531 0.0834354 0.0625916 0.648902
0 0.0808708 0.541486 0.0390759 0.115258 0.630433
2 0.197812 0.226649 0.0959159 0.0614906 0.623938
0 0.174808 0.536222 0.0369339 0.108774 0.615548
2 0.797607 0.222431 0.089805 0.0719944 0.613981
2 0.196573 0.229229 0.0983569 0.0561272 0.609745
0 0.144971 0.530269 0.0355849 0.128963 0.60114
2 0.0224925 0.225318 0.044985 0.0485386 0.597689
2 0.581745 0.223381 0.0958643 0.0583979 0.579655
2 0.797372 0.222531 0.0922125 0.0691186 0.573311
2 0.797392 0.222126 0.0916079 0.0696883 0.566757
2 0.580673 0.223378 0.092926 0.0592337 0.563454
2 0.849142 0.123765 0.0576115 0.028109 0.556947
0 0.0771194 0.540541 0.0432902 0.11824 0.549985
0 0.144849 0.532252 0.0376248 0.126373 0.541128
2 0.199039 0.225872 0.0958244 0.0649664 0.538646
0 0.0801402 0.543191 0.039756 0.108178 0.537594
0 0.0763018 0.541215 0.0421942 0.117918 0.536136
2 0.79732 0.222645 0.0907475 0.0703483 0.528533
0 0.174971 0.534636 0.0344095 0.106123 0.517794
2 0.797257 0.222792 0.091753 0.069479 0.514483
0 0.174762 0.538317 0.0345013 0.10829 0.511834
2 0.0229579 0.22437 0.0458147 0.0485032 0.504324
2 0.0224995 0.225277 0.0449989 0.0479795 0.500239
2 0.0230773 0.225076 0.0461252 0.0476038 0.498035
0 0.175748 0.536219 0.0357043 0.102155 0.494233
0 0.175988 0.536852 0.0348884 0.103186 0.492375
2 0.6107 0.237663 0.116296 0.0469996 0.489187
2 0.797174 0.222652 0.0919643 0.0695631 0.488602
0 0.144621 0.531945 0.0352149 0.133751 0.488119
2 0.589624 0.223842 0.113359 0.0591861 0.484209
2 0.0759792 0.227186 0.086763 0.0540122 0.484195
2 0.0227055 0.225327 0.0454109 0.0488508 0.481018
2 0.579986 0.222626 0.0921198 0.0585549 0.480926
0 0.175923 0.537448 0.0354237 0.103063 0.479379
0 0.0776735 0.540292 0.0445306 0.118536 0.47901
2 0.849411 0.123592 0.0580084 0.028254 0.474136
0 0.174692 0.536864 0.035738 0.104679 0.47107
2 0.580005 0.222817 0.0939308 0.0574977 0.469438
0 0.0757154 0.540822 0.0437121 0.118539 0.468162
2 0.0762611 0.227628 0.0823702 0.0531341 0.460805
2 0.328692 0.195689 0.0837464 0.0612241 0.450332
2 0.0752708 0.227071 0.0882301 0.0540787 0.441403
2 0.610351 0.239185 0.115833 0.0521243 0.432882
2 0.0228382 0.224462 0.045529 0.0498189 0.427552
2 0.848806 0.122161 0.0576427 0.0313886 0.426253
2 0.0227107 0.225482 0.0452949 0.048529 0.425226
0 0.0756485 0.541339 0.0433331 0.119509 0.419512
2 0.392092 0.213625 0.0885868 0.0541781 0.418228
2 0.07595 0.226838 0.0870202 0.0545716 0.414676
0 0.175393 0.538066 0.0345045 0.106017 0.414572
0 0.0751108 0.540813 0.0442189 0.119508 0.410249
2 0.583679 0.223415 0.0987999 0.0591902 0.409234
2 0.884112 0.224055 0.0870785 0.063766 0.406665
2 0.0224211 0.225353 0.0447391 0.0482562 0.40591
2 0.884941 0.223763 0.0876328 0.0634982 0.405887
2 0.328484 0.195724 0.0819455 0.062355 0.405789
2 0.84938 0.122341 0.0584171 0.0295484 0.399032
2 0.580857 0.221932 0.0926868 0.0553373 0.392705
2 0.799331 0.222685 0.0956553 0.0700136 0.389773
2 0.579803 0.222041 0.0911467 0.0556699 0.385235
2 0.884315 0.223709 0.0871809 0.0632305 0.384814
2 0.0765515 0.227544 0.0811481 0.0532212 0.381969
2 0.883055 0.224402 0.0887228 0.0645589 0.380301
0 0.143786 0.531828 0.0369257 0.127979 0.379929
2 0.0224086 0.225653 0.0447375 0.0470334 0.378085
2 0.0752082 0.226652 0.08783 0.0546028 0.372497
2 0.605624 0.235579 0.129036 0.0493099 0.372323
0 0.143991 0.532056 0.0349152 0.127486 0.371796
2 0.602126 0.227688 0.134645 0.0671917 0.369866
0 0.174621 0.537003 0.034553 0.10598 0.369788
2 0.849572 0.123851 0.0574081 0.0261582 0.364115
2 0.0789127 0.227266 0.0817284 0.0532685 0.362496
2 0.0773144 0.227396 0.0827694 0.0535047 0.355123
0 0.229418 0.184689 0.0187927 0.0367055 0.349065
2 0.60875 0.237178 0.123648 0.0485173 0.3465
0 0.174213 0.534286 0.0365107 0.10666 0.346314
2 0.849633 0.122578 0.0573528 0.030317 0.344955
0 0.145265 0.531804 0.0355786 0.126352 0.340706
2 0.797861 0.223169 0.0916914 0.0694738 0.338974
2 0.798924 0.373165 0.166254 0.102014 0.328578
2 0.589908 0.222583 0.112177 0.0583598 0.328271
2 0.884634 0.224679 0.0881027 0.0640673 0.326599
2 0.883703 0.223377 0.0881824 0.0640753 0.322389
2 0.076358 0.227565 0.0839078 0.0538538 0.316232
2 0.0226289 0.22658 0.0451482 0.0460592 0.31549
2 0.602175 0.227502 0.136083 0.0689293 0.314792
2 0.0766319 0.227162 0.0846959 0.0539216 0.312864
2 0.610532 0.235635 0.116438 0.0434008 0.30903
0 0.766518 0.166165 0.0226566 0.0467209 0.308555
2 0.798178 0.223219 0.0933056 0.0690319 0.305958
0 0.078651 0.542537 0.0443404 0.11786 0.303715
2 0.799012 0.222163 0.0947609 0.069095 0.293516
2 0.391965 0.213446 0.0880475 0.0533018 0.278556
2 0.601104 0.224878 0.133882 0.0627828 0.277996
2 0.6019 0.224891 0.136001 0.0618496 0.277044
2 0.850049 0.124684 0.0561687 0.0261721 0.275536
0 0.175332 0.536197 0.0349525 0.104049 0.272976
2 0.610203 0.23805 0.122894 0.0496089 0.269661
2 0.0768391 0.227084 0.080568 0.0538984 0.268033
2 0.849399 0.121656 0.058963 0.032053 0.253166
0 0.0826884 0.544153 0.0360782 0.107358 0.252762
0 0.767473 0.166653 0.0223163 0.0459975 0.251947
0 0.0749478 0.540709 0.0429898 0.117089 0.249861
2 0.849798 0.122672 0.0566395 0.0308989 0.249088
2 0.491629 0.196318 0.0879236 0.0515334 0.242333
0 0.229608 0.185375 0.0203133 0.0394658 0.239605
0 0.229615 0.184217 0.0187713 0.0362332 0.229866
0 0.084315 0.542611 0.0326166 0.107594 0.227202
2 0.848996 0.121365 0.0601906 0.0341415 0.22574
0 0.766492 0.166909 0.0255511 0.0475932 0.223783
0 0.0825834 0.544232 0.0350503 0.1042 0.203078
2 0.616806 0.234123 0.108163 0.0392932 0.201249
2 0.491494 0.195973 0.0870798 0.0510144 0.195707
2 0.198194 0.22726 0.0951716 0.0587437 0.191088
2 0.0696091 0.22657 0.0771409 0.0530643 0.187907
0 0.0822337 0.545382 0.033431 0.113831 0.172561
0 0.670759 0.147608 0.0131166 0.0458481 0.166992
2 0.392178 0.213448 0.0878245 0.0539461 0.164355
2 0.609261 0.236167 0.118817 0.0469749 0.163196
2 0.602272 0.228814 0.135556 0.0630638 0.15544
0 0.254102 0.176769 0.013482 0.0358288 0.148165
2 0.882627 0.225217 0.0867025 0.0585895 0.147708
2 0.887115 0.224125 0.0825216 0.0596066 0.146904
0 0.76632 0.165025 0.0213424 0.0472596 0.130604
0 0.751843 0.166712 0.0149611 0.0446645 0.130247
0 0.254647 0.177761 0.0140197 0.0367344 0.12991
0 0.0640013 0.547448 0.0247523 0.101904 0.126672
2 0.884402 0.224441 0.086705 0.0599836 0.12582
2 0.328147 0.196485 0.0841848 0.0648596 0.121922
0 0.752307 0.169629 0.014903 0.0486489 0.119761
2 0.849415 0.120232 0.0588884 0.0353057 0.119364
2 0.848562 0.120216 0.0578506 0.0358359 0.115588
2 0.0222439 0.223604 0.0444877 0.0514326 0.113492
0 0.760261 0.170121 0.0265635 0.0520262 0.113281
2 0.615024 0.234186 0.112533 0.0405835 0.112193
0 0.070199 0.544735 0.0325367 0.109359 0.110145
2 0.589094 0.223674 0.114475 0.0589297 0.107834
2 0.491627 0.19612 0.0879034 0.0498847 0.105784
0 0.228391 0.186169 0.0230288 0.0398048 0.105659
2 0.609836 0.240564 0.121999 0.0542624 0.103483
0 0.183297 0.207189 0.0164332 0.034797 0.103427
2 0.88829 0.222945 0.0784735 0.0594109 0.102471
0 0.228199 0.189857 0.0232005 0.0472705 0.0999058
0 0.671366 0.146881 0.0136492 0.0460967 0.0956104
0 0.252766 0.187797 0.0159632 0.055662 0.0947147
0 0.0647929 0.548752 0.0254379 0.0986985 0.0944923
0 0.766813 0.167498 0.0279068 0.0512511 0.0942857
0 0.232037 0.192735 0.0260421 0.0535571 0.0941596
0 0.62729 0.165148 0.015053 0.0418275 0.0914857
0 0.067654 0.545603 0.0277379 0.105687 0.0911128
2 0.0228611 0.227129 0.0457222 0.0461907 0.0869058
2 0.915728 0.127961 0.0717396 0.0499229 0.085588
2 0.849181 0.123465 0.0602234 0.0337615 0.0846604
2 0.797094 0.225008 0.0903364 0.0695637 0.0846202
0 0.669956 0.1482 0.0131839 0.0457919 0.080058
2 0.888194 0.223851 0.0788586 0.0572198 0.0796209
0 0.739699 0.164606 0.0180338 0.0376324 0.0792924
26 0.1765 0.5216 0.0304254 0.0611855 0.078419
0 0.627733 0.169322 0.0129454 0.0358627 0.0761701
0 0.741854 0.165614 0.0216614 0.035384 0.0761377
26 0.17762 0.521566 0.0283746 0.0607456 0.075531
0 0.231224 0.187519 0.0242128 0.0429414 0.0708561
0 0.767699 0.16974 0.0329693 0.0546337 0.0703
2 0.91634 0.127394 0.0748039 0.0516447 0.0697791
2 0.849274 0.123832 0.0592869 0.0317221 0.0693262
0 0.62733 0.17075 0.015004 0.0391027 0.0692524
0 0.165187 0.207865 0.0174355 0.0395507 0.06726
2 0.580122 0.220565 0.09187 0.0513187 0.0659256
2 0.198006 0.22703 0.0962883 0.06008 0.0644845
0 0.737371 0.166402 0.015287 0.035988 0.0638099
0 0.228264 0.184671 0.0225796 0.0366188 0.0623233
13 0.273653 0.65402 0.54639 0.206621 0.062215
2 0.915532 0.128994 0.0751055 0.0472728 0.0617832
13 0.273909 0.64886 0.546883 0.223178 0.0615969
2 0.0219167 0.227139 0.0436947 0.0445439 0.0614301
0 0.18341 0.206389 0.0131803 0.0368384 0.0604306
0 0.246192 0.191565 0.0221386 0.0577681 0.0588721
2 0.797615 0.224289 0.0919092 0.0680391 0.0576625
0 0.0940426 0.191569 0.0198449 0.0245312 0.0565785
2 0.915169 0.129535 0.0743317 0.0492542 0.0565662
2 0.891072 0.222693 0.0719299 0.0587554 0.056552
2 0.915627 0.128589 0.0742546 0.049514 0.0556432
2 0.91383 0.129865 0.0715839 0.047681 0.0553736
0 0.758833 0.171832 0.023163 0.051866 0.0553695
0 0.0637196 0.547955 0.0239342 0.100204 0.053577
0 0.737461 0.165637 0.0151224 0.0359694 0.0535641
2 0.0769638 0.226464 0.0880164 0.0541496 0.053434
2 0.914764 0.128053 0.0701286 0.0483249 0.0495662
2 0.610431 0.241626 0.120849 0.0571885 0.0492926
2 0.916941 0.127026 0.0756714 0.0540011 0.0492768
2 0.929604 0.10833 0.0243948 0.0176937 0.0490159
13 0.274152 0.645399 0.548304 0.228315 0.04837
0 0.745073 0.170963 0.0248538 0.0461797 0.0481352
2 0.104097 0.217928 0.0334488 0.0495655 0.0467972
9 0.130048 0.121314 0.0104587 0.0313495 0.0462878
2 0.0236074 0.224819 0.0468727 0.0518403 0.0447136
0 0.165686 0.208373 0.0235588 0.0407387 0.0443288
0 0.259593 0.173314 0.0134069 0.0314226 0.0423365
13 0.274049 0.660808 0.54696 0.194044 0.0414002
0 0.624116 0.166322 0.0185051 0.0469644 0.0404578
2 0.849076 0.119842 0.0565807 0.0351294 0.0396977
0 0.266181 0.176842 0.0091085 0.0333669 0.0392415
0 0.766168 0.170615 0.0303187 0.0544029 0.0389707
2 0.916917 0.128245 0.0764355 0.0525137 0.0384312
0 0.0719279 0.545322 0.0353552 0.114998 0.0381927
0 0.737751 0.169013 0.0175104 0.0397839 0.0379541
0 0.249992 0.190891 0.0185105 0.0585489 0.0376703
2 0.391323 0.2117 0.0890436 0.0543026 0.0366253
0 0.0637223 0.546035 0.0223386 0.102683 0.0344238
2 0.89125 0.22503 0.0716526 0.0545923 0.0343903
0 0.164391 0.209016 0.0198338 0.0413381 0.0343229
2 0.914378 0.121674 0.0664211 0.039574 0.0332423
0 0.249477 0.18955 0.0163393 0.0549191 0.0325122
0 0.16527 0.216573 0.0260803 0.0569545 0.0306776
2 0.60803 0.237263 0.124935 0.0601914 0.0305067
2 0.91748 0.110857 0.0545275 0.0207383 0.0301696
2 0.102153 0.215749 0.0368847 0.0545649 0.0300171
2 0.619322 0.233898 0.101776 0.0379003 0.0298989
0 0.102566 0.211445 0.0371076 0.0578439 0.028952
0 0.26816 0.177622 0.00944576 0.0319924 0.0282688
9 0.130303 0.12376 0.0114531 0.0341607 0.0280404
2 0.105398 0.215583 0.0316819 0.0525028 0.0280384
0 0.257931 0.178894 0.0149281 0.0342354 0.027906
0 0.165342 0.20779 0.016706 0.0399936 0.0277438
0 0.243843 0.200047 0.0242169 0.0425179 0.0276223
2 0.884002 0.224254 0.0853863 0.0582796 0.0271641
0 0.624042 0.168812 0.0185473 0.0460455 0.0271619
9 0.141909 0.120912 0.0103898 0.0320208 0.0271534
2 0.432646 0.200031 0.0457987 0.0308005 0.0268731
0 0.770969 0.168013 0.0255651 0.0456231 0.0268193
0 0.739597 0.163952 0.0180386 0.0406583 0.0268092
0 0.770418 0.16685 0.026133 0.0455712 0.0263508
0 0.909949 0.310736 0.0166744 0.0358793 0.0263341
2 0.795766 0.222034 0.0875434 0.0668566 0.026286
2 0.89417 0.131338 0.0328201 0.0441363 0.0262429
0 0.0881908 0.548702 0.0238574 0.0955314 0.0259074
0 0.174283 0.525976 0.0335368 0.0802101 0.0255296
2 0.914539 0.130301 0.0740524 0.0482886 0.0255072
9 0.224141 0.0410376 0.0137318 0.0254778 0.0253853
26 0.17394 0.520239 0.0337318 0.0689484 0.0248881
2 0.838158 0.222856 0.17465 0.0733012 0.0244717
2 0.616384 0.233495 0.107388 0.0389882 0.0244541
13 0.27211 0.649803 0.543091 0.205513 0.0236515
2 0.916063 0.127921 0.0740734 0.0510277 0.0229481
2 0.866565 0.113909 0.0233479 0.0226968 0.0229472
9 0.0805002 0.144454 0.00963357 0.0258052 0.0225411
0 0.0941035 0.187492 0.0226391 0.0336514 0.0224061
2 0.911432 0.131332 0.0671726 0.0455569 0.0222226
0 0.910311 0.307835 0.015271 0.0308702 0.0216343
13 0.272948 0.660401 0.545895 0.204826 0.0205189
2 0.917143 0.111593 0.0577745 0.0199103 0.0203781
2 0.915683 0.127008 0.074452 0.0469795 0.0201795
2 0.0226296 0.224283 0.0452593 0.0513929 0.0200991
2 0.895179 0.128875 0.0307888 0.0423313 0.0200669
2 0.611419 0.24895 0.123798 0.0718102 0.0199935
2 0.797224 0.372525 0.165092 0.102583 0.0199413
