2 0.810076 0.116503 0.114477 0.0704947 0.803781
2 0.810115 0.116419 0.114325 0.069091 0.79686
2 0.810558 0.116498 0.114472 0.0691527 0.784789
2 0.81031 0.11645 0.114507 0.0700729 0.771094
2 0.809766 0.116418 0.113771 0.0689002 0.746607
2 0.809573 0.116357 0.113262 0.0694542 0.734736
2 0.810738 0.116572 0.114681 0.0701062 0.73185
2 0.597897 0.106319 0.092145 0.0612328 0.718184
2 0.81016 0.116339 0.114028 0.0685478 0.708684
2 0.598266 0.106208 0.0921654 0.0602662 0.70695
2 0.59787 0.106252 0.0922509 0.0610474 0.706022
2 0.598131 0.106952 0.0918123 0.0623873 0.70471
2 0.597907 0.106625 0.0916235 0.0614195 0.702098
2 0.598031 0.106576 0.0922564 0.0611959 0.673762
2 0.598557 0.106274 0.0908897 0.0604342 0.672936
2 0.796337 0.522011 0.15407 0.236212 0.66578
2 0.796595 0.521589 0.153831 0.234927 0.653071
2 0.657919 0.500883 0.114727 0.210564 0.61678
2 0.657664 0.501136 0.114316 0.210699 0.610012
2 0.657785 0.500595 0.115008 0.209044 0.594343
2 0.796373 0.522879 0.154556 0.234811 0.594332
2 0.795618 0.517219 0.154799 0.226821 0.59304
2 0.658067 0.500138 0.114376 0.209295 0.578628
2 0.657808 0.500491 0.114626 0.210403 0.557553
2 0.797095 0.520898 0.153763 0.234629 0.54841
2 0.796561 0.521002 0.153787 0.23534 0.540886
2 0.79659 0.522541 0.154634 0.236279 0.534674
2 0.6582 0.500363 0.114005 0.209294 0.532455
2 0.657844 0.49873 0.114773 0.208313 0.517795
0 0.755411 0.15453 0.0236624 0.0639102 0.51447
0 0.846581 0.0658167 0.0193441 0.0451978 0.512909
2 0.597758 0.106294 0.0926785 0.0607803 0.496343
0 0.756202 0.154683 0.0231052 0.0658074 0.485691
0 0.755552 0.154185 0.0236578 0.0661681 0.474168
0 0.845483 0.0653558 0.0188793 0.0427653 0.470834
2 0.796117 0.518977 0.153936 0.230844 0.469013
2 0.658327 0.500254 0.113628 0.208473 0.465825
2 0.796143 0.517355 0.153697 0.227291 0.451161
2 0.657681 0.499187 0.114282 0.207852 0.444772
0 0.84574 0.0661786 0.0178156 0.0434238 0.426439
2 0.633755 0.062423 0.0572947 0.0501931 0.419928
2 0.597939 0.106003 0.092338 0.0599481 0.405084
0 0.982229 0.123931 0.0190319 0.0493494 0.359528
2 0.634582 0.0594989 0.0574206 0.056865 0.344912
2 0.97934 0.0637961 0.0405727 0.045386 0.338529
2 0.978744 0.0657599 0.0421204 0.0442889 0.334702
0 0.884876 0.0883353 0.0177526 0.0640361 0.330219
2 0.810086 0.116197 0.115424 0.0672243 0.327185
0 0.884955 0.0883515 0.0199738 0.0646097 0.320784
0 0.753481 0.155736 0.0279525 0.0677021 0.315888
2 0.97846 0.06333 0.0424393 0.0460816 0.314289
2 0.634011 0.062944 0.0577268 0.048357 0.307797
0 0.885499 0.0877278 0.0184048 0.0647309 0.306699
2 0.658128 0.497894 0.114143 0.206533 0.298464
0 0.983446 0.1259 0.0220272 0.0523487 0.28892
2 0.634765 0.0598671 0.0600616 0.0571828 0.287125
0 0.885655 0.0884174 0.020052 0.0646367 0.285822
2 0.979493 0.0639741 0.0402164 0.0454683 0.274558
0 0.218578 0.0961341 0.0188506 0.0431128 0.273134
2 0.639403 0.0640365 0.0468234 0.0446091 0.26621
0 0.758341 0.155126 0.0310585 0.0700033 0.264804
0 0.885834 0.0883989 0.020018 0.0661477 0.264041
2 0.979488 0.063201 0.040342 0.0466407 0.260485
0 0.982239 0.12343 0.0194813 0.048701 0.25878
2 0.6222 0.013018 0.0308742 0.026036 0.255038
2 0.809963 0.117106 0.11473 0.069263 0.251576
2 0.634613 0.0607953 0.0579779 0.0544695 0.247531
0 0.752455 0.156504 0.0280748 0.0666819 0.244196
2 0.622528 0.013291 0.0306957 0.0262375 0.241868
0 0.219165 0.0983676 0.0168792 0.0394638 0.2378
2 0.555258 0.0174083 0.0587757 0.032064 0.237015
2 0.983157 0.0650233 0.0329222 0.0428956 0.236926
0 0.0988993 0.188235 0.024304 0.0721213 0.229431
2 0.978725 0.0637539 0.04255 0.0449107 0.229335
0 0.753641 0.157186 0.0296019 0.0665963 0.228716
2 0.981785 0.0655302 0.0356985 0.0423151 0.227721
0 0.759926 0.155185 0.0353031 0.0705919 0.225973
0 0.270977 0.208671 0.0218297 0.0764162 0.22505
2 0.622178 0.0136138 0.0311361 0.0271075 0.224831
0 0.756326 0.156168 0.0274325 0.067628 0.224113
2 0.634462 0.0600893 0.0580288 0.054 0.220971
2 0.978282 0.0634513 0.0434355 0.0447385 0.217344
0 0.7561 0.151617 0.0229008 0.0612278 0.21337
0 0.753772 0.154819 0.0268347 0.0655933 0.205226
2 0.642114 0.0646655 0.0415409 0.0439133 0.204916
2 0.634554 0.0614033 0.0572822 0.0523171 0.204081
0 0.0984189 0.185863 0.02213 0.0742158 0.202901
2 0.622135 0.0133745 0.031687 0.0267489 0.199453
0 0.885712 0.0878393 0.021047 0.0673111 0.198581
2 0.809407 0.117241 0.114335 0.0691627 0.191481
2 0.977306 0.0653379 0.0449564 0.0448812 0.191418
0 0.116581 0.187547 0.0211524 0.041458 0.179937
5 0.322525 0.0686487 0.0823775 0.0579951 0.179327
0 0.986744 0.129449 0.0257488 0.0597941 0.174341
0 0.846375 0.0635922 0.0236704 0.041896 0.16848
0 0.984953 0.131683 0.0273497 0.0618391 0.163888
0 0.847962 0.0664603 0.0223145 0.0465973 0.162428
0 0.983808 0.130724 0.0318098 0.0648057 0.161415
0 0.271746 0.207938 0.0239899 0.0739244 0.159358
2 0.638642 0.0656177 0.0490267 0.0465762 0.159304
0 0.885885 0.0879682 0.0200594 0.0655064 0.158848
7 0.322395 0.0718346 0.081737 0.0653516 0.155177
2 0.796335 0.509676 0.15296 0.211245 0.154275
0 0.116039 0.188804 0.0217133 0.0460465 0.15401
0 0.0970628 0.177819 0.0183862 0.0576962 0.151214
0 0.88585 0.0885732 0.0206999 0.0649521 0.151003
0 0.273057 0.209506 0.0278801 0.0784202 0.15034
0 0.0999253 0.197118 0.0282344 0.0592738 0.149403
2 0.622251 0.0134978 0.0352295 0.0269955 0.149214
0 0.115878 0.185097 0.021039 0.0439298 0.142973
0 0.116211 0.186394 0.0205532 0.042943 0.14188
0 0.986714 0.126941 0.0258301 0.0572924 0.140828
2 0.554948 0.018397 0.0634953 0.0340959 0.140315
0 0.847851 0.0657791 0.0235435 0.0441908 0.137505
0 0.0960775 0.166214 0.0167085 0.0349557 0.134645
0 0.847633 0.0658185 0.0229992 0.0444826 0.132482
0 0.986027 0.136085 0.0272638 0.0699512 0.132201
0 0.0978063 0.197309 0.0231952 0.0565003 0.130635
0 0.0990392 0.208862 0.0300936 0.0608481 0.127642
1 0.0983041 0.25183 0.0330889 0.0500151 0.126718
5 0.321996 0.0701691 0.0833428 0.0631487 0.126576
0 0.758227 0.153755 0.0283008 0.0671971 0.126226
7 0.322304 0.0717587 0.0843984 0.0669546 0.125392
0 0.273615 0.209604 0.029183 0.0787352 0.125185
0 0.986421 0.131683 0.0264128 0.0635535 0.124508
5 0.322337 0.0701747 0.0837389 0.0622106 0.120368
7 0.323536 0.0724258 0.0844474 0.0679932 0.119043
0 0.21261 0.093856 0.0327032 0.0472162 0.118649
1 0.0982338 0.247281 0.0353391 0.0593196 0.11611
7 0.323983 0.0748004 0.0819251 0.0677135 0.11567
0 0.88584 0.0884487 0.0198708 0.0651116 0.112269
2 0.635087 0.0591352 0.0609835 0.0616384 0.112185
1 0.100032 0.242835 0.0379204 0.067997 0.111125
0 0.885683 0.0883436 0.0203739 0.0662186 0.110816
0 0.109272 0.180316 0.0360924 0.0602533 0.109904
0 0.755858 0.0408238 0.014559 0.0549463 0.107745
0 0.846767 0.0638446 0.022365 0.0445436 0.106215
0 0.269797 0.209025 0.0211979 0.0754805 0.103748
1 0.0978101 0.248648 0.0310167 0.053583 0.102281
2 0.5984 0.106621 0.0922649 0.0612246 0.101963
1 0.0987356 0.248882 0.0338755 0.0552711 0.10165
0 0.104387 0.19405 0.0322238 0.0598345 0.100506
1 0.0990167 0.251443 0.034126 0.0514479 0.0973108
2 0.623521 0.0139661 0.0382887 0.0279322 0.0966456
1 0.0993685 0.247919 0.0366687 0.0601768 0.0948526
7 0.322326 0.0738784 0.0831271 0.0684433 0.0939203
0 0.100089 0.205126 0.0290991 0.0469512 0.0937523
0 0.132782 0.0975181 0.0144821 0.0382936 0.0932231
0 0.306339 0.0972042 0.0169786 0.031961 0.0928514
1 0.097593 0.247492 0.031027 0.0527708 0.090531
5 0.322294 0.0685591 0.0825402 0.0584186 0.0903759
5 0.322204 0.06632 0.0810948 0.0544324 0.0871395
0 0.983327 0.134728 0.0328468 0.074334 0.0859402
0 0.755331 0.0378195 0.0147207 0.0586658 0.0850431
5 0.320239 0.0658877 0.0804442 0.0500928 0.0848839
0 0.755747 0.0416008 0.015089 0.0541935 0.0815767
2 0.979039 0.0613163 0.0409893 0.0483555 0.0807404
2 0.254515 0.055572 0.0186504 0.0184165 0.0805068
2 0.555902 0.0168912 0.0569077 0.0337825 0.0801145
7 0.706418 0.0201703 0.083111 0.0403407 0.0782367
2 0.635652 0.0595576 0.0551939 0.0532362 0.077001
0 0.107312 0.182894 0.0399427 0.0652716 0.0756856
2 0.621581 0.013338 0.0343035 0.0266759 0.0753379
1 0.0985417 0.247114 0.0344095 0.0573256 0.0751
0 0.110737 0.18247 0.0320311 0.0630485 0.072361
0 0.984427 0.140345 0.0305042 0.0788821 0.0714752
0 0.756279 0.157579 0.0366344 0.0715075 0.0714392
0 0.108657 0.186244 0.0354652 0.068364 0.0710896
7 0.694433 0.0204654 0.0577887 0.0409307 0.0705973
0 0.133208 0.0988707 0.0159437 0.0412083 0.0705895
2 0.561265 0.0183014 0.0469425 0.0299399 0.0695044
1 0.0984248 0.244637 0.034032 0.0627183 0.068336
2 0.977529 0.0611434 0.0443029 0.0487026 0.0682999
2 0.555089 0.0170244 0.0640891 0.0340487 0.066804
7 0.321383 0.0699181 0.0837582 0.0626122 0.0664688
0 0.101929 0.186703 0.0341121 0.0745611 0.0657537
0 0.759722 0.161113 0.041567 0.0600786 0.0642936
0 0.233013 0.0178137 0.0133289 0.0169183 0.064212
2 0.557799 0.0164942 0.0543889 0.0329884 0.0639316
0 0.00622541 0.271612 0.0123578 0.0486546 0.0636891
0 0.103305 0.18449 0.0363504 0.0720919 0.063594
0 0.306051 0.0984433 0.0146812 0.0317406 0.0633326
0 0.0990569 0.171009 0.0233988 0.0436637 0.0606858
2 0.553255 0.0185587 0.0626074 0.0371174 0.0596642
0 0.0612633 0.106381 0.013906 0.0374767 0.0580282
2 0.634437 0.0647963 0.058065 0.0471776 0.0575322
0 0.983214 0.138157 0.0325722 0.0743282 0.0572567
9 0.382708 0.427476 0.0333729 0.0562796 0.0569672
0 0.0980804 0.242545 0.0334223 0.0599795 0.0567862
2 0.638285 0.0590991 0.0486762 0.0547604 0.0560896
2 0.597725 0.105849 0.0911648 0.0590201 0.0558493
2 0.535057 0.0211259 0.0262856 0.0313783 0.0547352
0 0.792321 0.031125 0.0137398 0.0288947 0.0544179
0 0.750591 0.170239 0.0270031 0.0442432 0.0543423
7 0.690994 0.0200301 0.0503457 0.0400601 0.0541492
0 0.0607513 0.106002 0.0164551 0.0366359 0.0537629
0 0.0601265 0.106079 0.0167853 0.0353418 0.0533659
0 0.00561356 0.268815 0.011202 0.0476775 0.0532568
0 0.00615964 0.273534 0.0122047 0.0485723 0.052242
2 0.64363 0.0566357 0.0399401 0.0520478 0.0500217
2 0.634864 0.0610703 0.0594741 0.0581738 0.0500183
0 0.732324 0.0193378 0.0159973 0.0369142 0.0477927
7 0.690554 0.0204624 0.048143 0.0403759 0.0473927
0 0.793365 0.0316943 0.0140116 0.0293442 0.046571
9 0.382717 0.427604 0.032907 0.0562879 0.0456788
0 0.0993149 0.195251 0.0312959 0.0674538 0.0450874
0 0.0665167 0.0668098 0.0161337 0.0326759 0.0444982
2 0.250057 0.0607096 0.0245783 0.0303102 0.0443601
2 0.643216 0.0669019 0.0406127 0.0461694 0.0441149
0 0.568583 0.0446192 0.0227578 0.0631237 0.0438172
9 0.382272 0.428077 0.0330343 0.0557453 0.0435457
0 0.980757 0.128329 0.0288759 0.0588527 0.0434334
0 0.268696 0.196444 0.0162379 0.051677 0.04313
2 0.211942 0.0951203 0.0352446 0.0467015 0.0422003
0 0.215088 0.0964683 0.0260837 0.0442443 0.0420476
0 0.0613393 0.105522 0.0188995 0.0384926 0.0417056
0 0.219213 0.100644 0.0172823 0.0388791 0.0406358
0 0.757579 0.0389836 0.015218 0.0593192 0.0389354
2 0.621522 0.0224525 0.0354126 0.0448297 0.0388005
2 0.63334 0.0593622 0.054316 0.0597835 0.0366391
0 0.133807 0.0958132 0.0173179 0.0375856 0.0365589
67 0.382756 0.427371 0.0327918 0.0571934 0.0359254
0 0.0989985 0.237276 0.0341231 0.0761435 0.0357692
0 0.756196 0.0327897 0.0171736 0.0597996 0.0356883
0 0.886405 0.087719 0.0208181 0.0654794 0.0355847
0 0.0665599 0.0678032 0.0152322 0.0320172 0.0354439
0 0.568203 0.0470027 0.0205443 0.065294 0.034291
0 0.73417 0.0225444 0.0170647 0.0321489 0.0338133
0 0.848826 0.0638446 0.0238331 0.0456584 0.0319074
9 0.134881 0.0264114 0.0143123 0.018688 0.0317364
2 0.682466 0.200095 0.0548111 0.0252177 0.0315949
5 0.315621 0.0651535 0.0725326 0.0507905 0.0314372
2 0.536683 0.0216539 0.0215841 0.0299753 0.0313438
0 0.00571514 0.26138 0.0112476 0.0454335 0.0313278
0 0.271634 0.221582 0.021254 0.0517416 0.0312328
0 0.981891 0.141878 0.0357349 0.0875432 0.0308163
0 0.274774 0.210452 0.0324366 0.0801143 0.030805
2 0.444906 0.028144 0.0268766 0.0543014 0.0307939
2 0.558875 0.016811 0.0525429 0.0324663 0.0303653
0 0.57134 0.0302474 0.0246941 0.0448262 0.0302333
9 0.140828 0.0276115 0.0167516 0.0207922 0.029894
2 0.210731 0.0915358 0.0357601 0.045146 0.0297099
0 0.754457 0.0246611 0.0159494 0.0485096 0.0296611
2 0.810359 0.116806 0.116924 0.0695974 0.0296076
67 0.382378 0.427584 0.0329462 0.0557241 0.0290326
5 0.690403 0.0210349 0.046804 0.0420699 0.0289986
0 0.754412 0.0107812 0.0119594 0.0215624 0.028716
0 0.136001 0.09861 0.0171171 0.0389762 0.028573
0 0.00560925 0.276422 0.0111187 0.0482223 0.0283286
5 0.32113 0.0685656 0.0869835 0.0601191 0.027966
2 0.23414 0.0700127 0.0262505 0.0297823 0.0276883
9 0.135593 0.0232074 0.016573 0.0191725 0.02757
0 0.93455 0.0624217 0.0158958 0.031879 0.0275417
2 0.555602 0.0183043 0.068775 0.0362986 0.0274149
7 0.689642 0.0197449 0.0479506 0.0384673 0.0270196
2 0.689899 0.0221273 0.0465763 0.0424337 0.026898
0 0.0602984 0.105356 0.0189252 0.0360087 0.0268065
0 0.282684 0.206804 0.016056 0.0374347 0.0265226
2 0.979126 0.0656158 0.0417471 0.0411203 0.0259363
0 0.104632 0.191831 0.0401826 0.0718424 0.0258572
0 0.0615862 0.106089 0.0185046 0.0380965 0.0255223
0 0.0141968 0.103299 0.0149995 0.0404648 0.0253952
0 0.561252 0.0401867 0.0219436 0.0575662 0.0249847
0 0.0953682 0.242441 0.0317747 0.0604515 0.0248555
0 0.75319 0.151606 0.0252201 0.0618551 0.0246637
0 0.278611 0.215846 0.0320381 0.0621682 0.0246346
0 0.742202 0.0272748 0.0124146 0.0273775 0.0242992
0 0.106791 0.178669 0.0383107 0.0564434 0.0236377
0 0.23564 0.0150722 0.0133323 0.0248287 0.0235304
2 0.332301 0.101237 0.0279575 0.0202514 0.0234901
0 0.0639499 0.104306 0.0161345 0.040173 0.0233062
0 0.789286 0.0299743 0.0107393 0.0289267 0.0232007
0 0.282696 0.201186 0.0142324 0.0261362 0.0230406
0 0.619713 0.02738 0.0350981 0.0526656 0.0229128
0 0.0952954 0.245372 0.0316133 0.0590306 0.0228622
2 0.4444 0.039755 0.0241537 0.031571 0.0219181
0 0.739524 0.0205045 0.022909 0.0401496 0.0219178
0 0.566641 0.0529031 0.0190348 0.0563142 0.0217975
0 0.98006 0.125374 0.0256174 0.0536649 0.0217931
0 0.737086 0.0131399 0.0207115 0.0262798 0.02176
0 0.568367 0.0409283 0.0311891 0.0737909 0.0211537
0 0.934519 0.065165 0.01681 0.0270015 0.020514
2 0.598107 0.105756 0.091033 0.0605346 0.0204013
0 0.938382 0.0546697 0.0189123 0.0466208 0.0203792
2 0.569376 0.0181842 0.0298389 0.026758 0.0202728
2 0.68259 0.198569 0.0556065 0.0298076 0.0195908
67 0.382531 0.427141 0.032291 0.0567655 0.0195787
2 0.239321 0.0684922 0.0334373 0.0339862 0.0194677
0 0.135802 0.0961329 0.0185172 0.0393175 0.0191823
5 0.318585 0.0579675 0.0741846 0.0371957 0.0190617
0 0.0286767 0.12968 0.0195323 0.07478 0.0188746
0 0.941343 0.0468064 0.0150848 0.0318045 0.0188516
0 0.816749 0.493154 0.0339631 0.0337738 0.0188244
2 0.558083 0.0226117 0.0520472 0.0378387 0.0185281
0 0.0276682 0.155128 0.0146821 0.03781 0.0184986
2 0.445054 0.0262285 0.0283963 0.052457 0.0184908
2 0.741185 0.00943962 0.0218237 0.0188792 0.0183592
28 0.204384 0.669561 0.0877687 0.0823157 0.0182785
2 0.682167 0.199865 0.0554407 0.0256569 0.0182663
0 0.80188 0.489835 0.0310017 0.0360325 0.0181527
