5 0.0980969 0.657092 0.09491 0.158446 0.866751
5 0.0981494 0.656815 0.0954736 0.15829 0.857501
5 0.0987127 0.657099 0.094823 0.158443 0.842734
2 0.939906 0.421955 0.0931349 0.0890793 0.831986
5 0.097844 0.656583 0.0950799 0.156914 0.831691
5 0.098017 0.656998 0.0944731 0.158432 0.823777
2 0.939816 0.421962 0.0937145 0.0889679 0.822174
5 0.0985305 0.656809 0.094915 0.157779 0.816657
5 0.0985251 0.657084 0.0946272 0.158338 0.801045
2 0.939811 0.42222 0.0934792 0.0891551 0.797134
2 0.939867 0.422027 0.0928513 0.0892695 0.784959
2 0.940285 0.421805 0.0934851 0.0889744 0.778586
2 0.940156 0.421738 0.0941813 0.0887846 0.772796
2 0.939855 0.421913 0.0942432 0.0897421 0.770066
2 0.939659 0.421857 0.0938408 0.0899324 0.764542
5 0.0994597 0.657241 0.0957006 0.158484 0.763056
5 0.607479 0.12282 0.0381512 0.0736614 0.733623
2 0.565128 0.266789 0.0506043 0.0638467 0.701167
5 0.0974434 0.657171 0.0939224 0.158979 0.681838
2 0.691316 0.362764 0.0641697 0.0730136 0.678743
2 0.565279 0.266113 0.0511398 0.0662806 0.662688
2 0.565061 0.266102 0.0510239 0.0666601 0.661925
5 0.0991054 0.656836 0.0949539 0.15723 0.661663
2 0.940241 0.421897 0.0949547 0.0899796 0.660471
2 0.565899 0.266295 0.0522556 0.0634083 0.616346
5 0.66939 0.19982 0.0840252 0.107993 0.593726
2 0.82675 0.307898 0.0590672 0.065824 0.589214
2 0.939357 0.422329 0.0941879 0.0904794 0.586457
5 0.668965 0.199608 0.0837683 0.107819 0.580376
2 0.565481 0.266588 0.0515472 0.0640081 0.579313
2 0.880813 0.221374 0.0589195 0.0457126 0.579146
2 0.52925 0.186165 0.031386 0.044374 0.565854
2 0.565388 0.266407 0.0511236 0.0656235 0.564651
2 0.5653 0.266754 0.0509026 0.0642138 0.535835
5 0.669155 0.199822 0.084191 0.108208 0.532642
2 0.260396 0.184555 0.0300457 0.0310064 0.532065
2 0.692159 0.362992 0.0663574 0.0726733 0.531505
2 0.565527 0.266325 0.0508833 0.0653437 0.527613
2 0.826693 0.308927 0.0583874 0.0659785 0.526991
2 0.691824 0.36158 0.0634039 0.0748982 0.518857
5 0.669182 0.199816 0.0837516 0.107026 0.513001
2 0.826854 0.308569 0.0582359 0.0661535 0.507501
2 0.69128 0.363344 0.0647835 0.0707747 0.506671
2 0.691608 0.361999 0.0630695 0.074174 0.505882
2 0.826065 0.306956 0.0571503 0.0678937 0.50502
2 0.565102 0.264989 0.0504951 0.0692929 0.498936
5 0.668971 0.199481 0.0845137 0.108831 0.49865
0 0.179929 0.28193 0.0163675 0.056267 0.495171
2 0.260501 0.185364 0.0300808 0.0303347 0.49231
5 0.608266 0.124806 0.0383495 0.0735428 0.487538
5 0.606765 0.122886 0.0379714 0.0737998 0.485428
2 0.529307 0.185725 0.0313059 0.0444204 0.484738
2 0.826463 0.30744 0.0572224 0.0671838 0.484625
2 0.826899 0.3083 0.0572228 0.0674778 0.482742
2 0.691512 0.361335 0.0629009 0.0744456 0.480971
2 0.691354 0.360343 0.0634805 0.0769796 0.480127
5 0.607861 0.12262 0.0380144 0.0733472 0.471999
2 0.826876 0.308964 0.0584664 0.0647853 0.471564
2 0.529164 0.187111 0.0313715 0.0439538 0.470554
2 0.987951 0.525855 0.0236404 0.0788988 0.463405
2 0.91408 0.286929 0.0544329 0.064274 0.457597
2 0.826461 0.307543 0.0572481 0.0676218 0.456331
2 0.26026 0.183926 0.0304953 0.0324969 0.455765
0 0.180623 0.280739 0.0178289 0.0591799 0.453917
2 0.26665 0.276355 0.0489785 0.0549874 0.451145
2 0.260385 0.186038 0.0309094 0.0294894 0.442917
2 0.988393 0.52628 0.0224564 0.0784439 0.442792
2 0.880238 0.2216 0.0597443 0.0472243 0.437707
2 0.987695 0.526596 0.0241344 0.0791342 0.43723
2 0.913984 0.286517 0.0551575 0.0667004 0.430477
2 0.820906 0.178872 0.0540724 0.0404549 0.421856
2 0.820945 0.179007 0.0533836 0.0391579 0.419366
2 0.820219 0.179479 0.0514002 0.0393156 0.419302
5 0.669181 0.199387 0.0844551 0.107915 0.417421
2 0.537687 0.116989 0.0208007 0.0262468 0.416131
2 0.529465 0.186439 0.0314832 0.0443 0.415654
2 0.564762 0.266663 0.0521467 0.0652805 0.411166
2 0.691057 0.360394 0.0631868 0.0765861 0.404878
0 0.0453008 0.322568 0.0140427 0.0535332 0.400551
2 0.913935 0.287039 0.0541641 0.0636451 0.387749
5 0.669604 0.198752 0.0838993 0.110055 0.383858
2 0.529337 0.186056 0.0302391 0.0430111 0.382343
2 0.987961 0.525168 0.0231659 0.0763919 0.381561
2 0.988372 0.525419 0.0225391 0.0762262 0.373779
2 0.820976 0.179064 0.0535709 0.0393204 0.372779
2 0.266884 0.276449 0.0498173 0.0550382 0.368212
2 0.261338 0.185678 0.031406 0.0311261 0.363148
0 0.962347 0.25051 0.0153355 0.0495235 0.361581
2 0.691079 0.363915 0.0633701 0.0692559 0.360418
2 0.98816 0.525995 0.0228828 0.0775808 0.357397
2 0.988362 0.526533 0.0225922 0.0758951 0.35649
2 0.511556 0.129786 0.0253592 0.0265337 0.356438
2 0.422978 0.113439 0.0195263 0.0304464 0.354833
2 0.987572 0.524532 0.0240404 0.0828574 0.351807
0 0.961645 0.251042 0.0137669 0.047831 0.34849
5 0.668218 0.197952 0.0858233 0.113031 0.348315
2 0.913952 0.286984 0.0554176 0.0649465 0.342397
2 0.914348 0.287566 0.0562361 0.0623116 0.339136
2 0.52927 0.187233 0.0316154 0.0445652 0.338935
2 0.880102 0.222202 0.0602089 0.0478403 0.333447
2 0.826772 0.309679 0.0571787 0.0655485 0.333445
2 0.940175 0.421789 0.094891 0.0862652 0.333069
0 0.962123 0.249739 0.0146406 0.0479492 0.332034
2 0.511532 0.129605 0.0247438 0.026511 0.325172
2 0.529728 0.18637 0.03209 0.0446579 0.31877
2 0.914464 0.28771 0.0554401 0.0637164 0.318657
0 0.961764 0.24962 0.0141973 0.0470503 0.31556
2 0.820946 0.178844 0.0538697 0.0404061 0.312399
0 0.962297 0.249437 0.0149755 0.0475862 0.309493
2 0.880543 0.221237 0.0594547 0.0448347 0.307461
2 0.822096 0.179015 0.0546545 0.0397564 0.304167
0 0.962412 0.250024 0.0153294 0.0488764 0.303427
2 0.266575 0.27667 0.0498058 0.0551255 0.303055
0 0.0449204 0.3237 0.0136403 0.0524272 0.302061
2 0.821004 0.179451 0.0541735 0.0391171 0.301579
0 0.179509 0.286898 0.0141438 0.0482235 0.30109
2 0.940607 0.422969 0.0931244 0.0872002 0.301017
2 0.880097 0.221005 0.0577065 0.0453967 0.298296
2 0.914435 0.286947 0.0546021 0.0648145 0.297046
2 0.91395 0.286515 0.0549856 0.0654543 0.296121
2 0.987944 0.526502 0.0234985 0.0783623 0.293507
2 0.529203 0.187761 0.0312046 0.0449352 0.290934
2 0.422972 0.113793 0.020212 0.0309521 0.289306
2 0.87919 0.220004 0.0588661 0.0444458 0.286891
2 0.826444 0.308568 0.0578014 0.0656262 0.281201
2 0.913924 0.289233 0.0553177 0.060301 0.281168
0 0.181474 0.279042 0.0201036 0.0608737 0.28038
2 0.422807 0.112887 0.0213509 0.0317049 0.279077
0 0.354995 0.218583 0.0137823 0.0489029 0.273477
5 0.234018 0.341141 0.0423031 0.0948827 0.271598
2 0.663276 0.111329 0.0228733 0.0311432 0.270916
2 0.620943 0.173161 0.0284245 0.0408643 0.26835
2 0.565261 0.265453 0.0515835 0.0686048 0.263122
5 0.608454 0.125899 0.0379758 0.0715199 0.256045
2 0.265228 0.278087 0.0463812 0.0552619 0.254149
0 0.141827 0.22863 0.0112828 0.0361538 0.252543
2 0.98832 0.52607 0.022648 0.0759241 0.250563
2 0.266471 0.277018 0.0486806 0.0558433 0.250401
5 0.669231 0.19799 0.0851224 0.111228 0.249734
2 0.422876 0.112806 0.0208839 0.0304323 0.24966
0 0.962485 0.248529 0.0154667 0.0456937 0.249653
2 0.820976 0.179364 0.0547382 0.0404203 0.249604
7 0.233967 0.341288 0.0423128 0.0958865 0.245796
2 0.266844 0.277052 0.0498295 0.0568649 0.24546
5 0.233864 0.340907 0.0422108 0.0942188 0.243997
2 0.914324 0.291742 0.0533262 0.0559358 0.243488
0 0.962377 0.248363 0.0152309 0.0460099 0.242235
2 0.692139 0.36438 0.0655828 0.0699233 0.238598
2 0.823077 0.179281 0.0568838 0.0401719 0.234404
5 0.607455 0.123011 0.0382389 0.0739154 0.228765
2 0.529077 0.187734 0.0307589 0.0456209 0.228107
2 0.878573 0.22346 0.0589523 0.0510225 0.227848
2 0.820254 0.179315 0.0522568 0.0392639 0.225875
2 0.984351 0.747314 0.0307854 0.115234 0.222252
2 0.52948 0.187289 0.032383 0.0456302 0.221725
2 0.621303 0.171572 0.0286567 0.042789 0.220528
0 0.961743 0.252324 0.0151787 0.0506688 0.220176
7 0.233684 0.34095 0.0415411 0.0944147 0.211484
7 0.234266 0.340949 0.0409862 0.0938032 0.204396
5 0.607694 0.124777 0.0391148 0.0734421 0.202916
2 0.267046 0.275945 0.0498754 0.0546274 0.199373
2 0.880099 0.221436 0.0608257 0.0467472 0.199179
2 0.266421 0.277151 0.0483918 0.0561356 0.19912
5 0.607627 0.124124 0.0388186 0.0735892 0.197582
0 0.35525 0.215488 0.0123501 0.0442557 0.192713
2 0.824389 0.176816 0.0604928 0.0419244 0.19221
2 0.266621 0.277009 0.0498136 0.0563401 0.189446
0 0.140739 0.227228 0.0132014 0.0365029 0.188405
0 0.0448372 0.321092 0.0147966 0.0511045 0.182483
0 0.987017 0.283408 0.0228783 0.048032 0.181425
2 0.537519 0.117229 0.0209381 0.0257568 0.180319
5 0.669418 0.198466 0.0836375 0.110019 0.17873
0 0.0805301 0.219658 0.011575 0.0290361 0.177608
2 0.98416 0.749895 0.0312294 0.11852 0.172094
2 0.529203 0.185713 0.0305084 0.0435893 0.171388
0 0.182387 0.277835 0.0164192 0.0630135 0.170982
0 0.354453 0.220663 0.0136938 0.0484067 0.166863
0 0.183553 0.275658 0.0164223 0.0628755 0.164165
2 0.86794 0.250444 0.0502155 0.0500874 0.164074
0 0.987033 0.279917 0.0236259 0.0534212 0.159508
2 0.879502 0.221306 0.0574055 0.0464187 0.153601
2 0.867139 0.255276 0.0513283 0.0417862 0.153569
2 0.260752 0.180859 0.0318766 0.037424 0.151773
2 0.988025 0.527376 0.0234266 0.0825153 0.14896
2 0.91452 0.294105 0.0526161 0.0507831 0.148779
2 0.266735 0.276178 0.0500779 0.0553413 0.148082
2 0.599723 0.940036 0.110516 0.119283 0.14722
0 0.987229 0.278275 0.0243111 0.057059 0.141897
2 0.822364 0.178452 0.0551522 0.0429125 0.141406
2 0.867979 0.251731 0.0494225 0.0479871 0.137866
2 0.988263 0.527576 0.0226597 0.0746326 0.137339
0 0.0455374 0.247772 0.0128213 0.044845 0.134959
2 0.987833 0.279285 0.0237308 0.0576674 0.134261
2 0.537389 0.115752 0.0213022 0.0288869 0.133704
0 0.0809055 0.221859 0.0130471 0.032818 0.133579
0 0.0455722 0.248032 0.0127791 0.0445267 0.131983
2 0.55569 0.0810042 0.025943 0.0298986 0.130959
2 0.511041 0.131242 0.025901 0.0285203 0.124183
2 0.88069 0.220676 0.0574324 0.0441238 0.120706
2 0.259391 0.185046 0.0334756 0.0286611 0.120471
2 0.554372 0.0805895 0.0286692 0.0305709 0.119585
0 0.141606 0.229709 0.0128693 0.036891 0.118135
2 0.983838 0.741789 0.0315325 0.102939 0.117873
5 0.219566 0.165468 0.0234096 0.0317026 0.114252
2 0.0113912 0.382198 0.0217883 0.0479186 0.113103
2 0.983519 0.749944 0.0325108 0.12007 0.113043
2 0.98758 0.528131 0.0242859 0.0742161 0.112266
2 0.983727 0.744889 0.0317223 0.109068 0.111114
0 0.178124 0.280608 0.0224249 0.0581563 0.11074
2 0.91406 0.287783 0.0555737 0.0622535 0.109556
0 0.00543155 0.342658 0.010574 0.0557856 0.108135
2 0.600154 0.939857 0.110642 0.119596 0.106985
2 0.59998 0.939921 0.110513 0.119127 0.106769
2 0.867863 0.25809 0.0484116 0.0325592 0.105985
0 0.987805 0.273226 0.023745 0.0695872 0.105974
5 0.554511 0.080612 0.0276579 0.0285229 0.105439
0 0.18414 0.276128 0.0177533 0.0618661 0.104983
0 0.0801571 0.218935 0.0118357 0.0299407 0.103859
5 0.607294 0.122996 0.0387442 0.0735923 0.103564
2 0.259687 0.186392 0.0341846 0.0292738 0.103151
2 0.621472 0.172106 0.0297007 0.0444635 0.101659
0 0.0448808 0.32956 0.0129314 0.0443463 0.100126
67 0.600209 0.940044 0.110946 0.119267 0.0997655
2 0.881814 0.220986 0.0587708 0.0434535 0.0967764
0 0.178303 0.280442 0.0236798 0.0587421 0.0944093
2 0.86816 0.249681 0.0494705 0.0519073 0.0927338
5 0.220619 0.164772 0.0255555 0.0320659 0.0922752
12 0.379156 0.864014 0.173695 0.27085 0.0915266
2 0.98423 0.738212 0.0306747 0.0957844 0.0909576
2 0.820129 0.179796 0.0513199 0.0398454 0.0907761
0 0.962815 0.251043 0.0165726 0.0499887 0.0902898
2 0.867518 0.258109 0.0498928 0.0355551 0.0890602
0 0.987346 0.279741 0.0242397 0.056135 0.0886573
0 0.769291 0.149905 0.00936728 0.0194655 0.0877303
2 0.827237 0.310951 0.0579864 0.063775 0.0872495
67 0.600383 0.940111 0.111078 0.119063 0.0864276
0 0.00629947 0.341447 0.0125051 0.0568235 0.084706
2 0.62097 0.172629 0.028979 0.0435055 0.0837857
61 0.37467 0.97144 0.131818 0.0564573 0.0820945
67 0.599863 0.939996 0.111192 0.119007 0.0814805
0 0.00673329 0.333825 0.0132411 0.0434244 0.081286
0 0.901462 0.176946 0.0130625 0.0189368 0.0776139
61 0.374905 0.971763 0.130353 0.0558331 0.0771788
2 0.344059 0.295239 0.0193709 0.0268896 0.0764499
2 0.871822 0.242457 0.0508659 0.064352 0.0764087
5 0.300661 0.0615875 0.0316379 0.0437251 0.076372
12 0.600072 0.939879 0.110594 0.119215 0.0760871
5 0.607387 0.121113 0.0347884 0.0728102 0.0760155
2 0.537142 0.114726 0.021302 0.0295273 0.0729785
2 0.512863 0.128908 0.0282531 0.0270814 0.0712605
2 0.512962 0.128142 0.0281078 0.0295757 0.0698988
2 0.866803 0.259197 0.0510986 0.0341065 0.0696456
2 0.345513 0.293702 0.0225944 0.0290397 0.0692791
2 0.825762 0.176426 0.0612153 0.0438082 0.0687466
2 0.510747 0.131387 0.0267328 0.028499 0.0677322
0 0.987411 0.275335 0.0243422 0.0654894 0.0668218
67 0.600279 0.939897 0.111315 0.119564 0.0662867
0 0.00501837 0.350314 0.009663 0.0433866 0.0661425
0 0.769833 0.144362 0.0106255 0.030007 0.0654795
5 0.234287 0.33968 0.0415558 0.0923612 0.0647785
12 0.378055 0.863321 0.17536 0.272729 0.0639701
2 0.88324 0.221302 0.0546257 0.0426945 0.0639613
0 0.119446 0.215363 0.00937164 0.0245035 0.0632697
2 0.66356 0.111631 0.022665 0.0311235 0.0631738
0 0.0465957 0.246128 0.0146261 0.0477184 0.0629788
0 0.987627 0.283969 0.0231461 0.0489215 0.0621277
12 0.59977 0.94 0.110951 0.119329 0.0614925
2 0.556425 0.0813367 0.026561 0.0299557 0.0611614
2 0.984146 0.741453 0.0309769 0.102089 0.060604
0 0.987241 0.273944 0.0245371 0.0656157 0.0603007
5 0.299663 0.061604 0.0303032 0.0443418 0.0601201
12 0.378716 0.863145 0.1741 0.273302 0.0593524
2 0.878297 0.232887 0.0627254 0.0692531 0.0586652
0 0.0460449 0.249385 0.0133791 0.0428471 0.0585921
0 0.986832 0.283758 0.0242973 0.0531645 0.0578556
2 0.512098 0.128592 0.0280833 0.0248994 0.0576572
2 0.984053 0.744096 0.031193 0.10764 0.0575468
5 0.222632 0.164729 0.0307897 0.0331919 0.057449
2 0.665788 0.112823 0.0216131 0.028768 0.0572133
5 0.223077 0.164627 0.0321275 0.0329742 0.0568224
2 0.876852 0.224772 0.0558701 0.054578 0.0563896
2 0.994112 0.245357 0.0111343 0.0282876 0.0548441
2 0.23367 0.347382 0.0411595 0.0821191 0.054647
2 0.990037 0.524107 0.0192305 0.0772604 0.0541452
2 0.0377665 0.617556 0.0301236 0.01719 0.0541086
2 0.877275 0.236258 0.0605017 0.0768555 0.0534805
0 0.140471 0.2292 0.0152624 0.0350003 0.0524505
2 0.867608 0.257369 0.0483665 0.0370221 0.0522496
9 0.556085 0.0817919 0.0257508 0.0298869 0.0519918
0 0.117829 0.2123 0.0116605 0.0300066 0.051965
2 0.872248 0.242676 0.0618164 0.065158 0.0511826
0 0.291389 0.165454 0.0122381 0.0293011 0.0507074
2 0.69166 0.361701 0.0637024 0.0740059 0.0506477
0 0.177462 0.281048 0.0212268 0.0581886 0.0501998
12 0.600911 0.939582 0.112868 0.119901 0.0495942
2 0.00750268 0.386718 0.0149634 0.0399538 0.0494902
61 0.375272 0.970663 0.13262 0.0579515 0.0493632
2 0.538747 0.116155 0.0241816 0.0270898 0.0493625
2 0.870128 0.249433 0.0477577 0.0514396 0.0492119
0 0.253944 0.153315 0.0169237 0.0215061 0.0490712
